've 14199 
** 14161 
****** 14034 14050 14150 14182 14197 14200 14202 
-a- 14122 
-after-record-v 14068 
-anti- 14072 
-ap 14027 
-files 14148 
-files-for 14135 
-march 14153 
-ntt 14111 
-offering 14147 
-powered 14086 
-repo 14165 
-s 14168 
-sees 14143 
-to-a 14156 
-to-ex 14173 
-to-sell 14094 
-unit 14056 14090 
..16.60 14044 
..17.00 14044 
..17.10 14044 
..17.23 14044 
..17.50 14044 
..18.00 14044 
..2/04/87 14044 
..3/12/87 14044 
..4/06/87 14044 
..w.t.s 14044 
.1/12/87 14044 
.17.50 14044 
.17.85 14044 
.17.89 14044 
.18.35 14044 
.2/23/87 14044 
.3/12/87 14044 
.4/01/87 14044 
.effective 14044 
.lt 14044 
/author 14030 14199 
0.02 14124 
0.03 14179 
0.05 14019 14058 14116 14124 14132 14179 
0.07 14045 14124 
0.08 14058 14116 
0.10 14005 14019 14025 14058 14116 14124 14179 
0.12 14019 14058 
0.13 14074 
0.15 14019 14029 14051 14058 14083 14132 14179 14196 
0.16 14020 14029 14074 
0.17 14019 14020 
0.18 14179 
0.20 14005 14058 14132 
0.25 14019 14117 14179 14196 
0.27 14037 
0.28 14019 
0.29 14024 
0.30 14005 14051 14058 
0.30-cent 14107 
0.33 14058 
0.34 14020 
0.35 14020 14083 14179 
0.35-cent 14107 
0.37 14116 14124 
0.38 14019 14116 
0.40 14019 14074 14083 14117 
0.43 14058 14116 14124 
0.46 14107 
0.48 14124 
0.4889 14060 
0.4893 14060 
0.49 14101 
0.50 14010 14018 14029 14058 14067 14083 14089 14115 14116 14119 14124 
0.50/1.00 14115 
0.50/1.50 14188 
0.52 14020 
0.53 14116 14124 14179 
0.55 14051 
0.57 14045 
0.60 14025 14132 14179 
0.61 14107 
0.65 14190 
0.65/0.70 14144 
0.70 14190 
0.77 14020 
0.78 14020 
0.90 14174 
0.92 14101 
0.93 14174 
0006 14152 
0007 14024 
0008 14150 
0009 14194 
0011 14034 
0012 14142 
0013 14050 14204 
0014 14182 14197 14200 
0016 14041 14076 
0017 14061 14161 
0018 14202 
0022 14129 
0023 14004 14155 14168 
0024 14002 14047 14113 14205 14206 
0025 14007 14035 14057 14059 14069 14091 14166 
0026 14003 14040 14064 14066 14085 14105 14112 
0027 14022 14026 14093 14097 14203 
0028 14103 14169 
0030 14033 14146 
0032 14013 14079 14198 
0033 14114 
0034 14167 
0035 14036 14127 14160 
0036 14023 14133 14185 
0037 14118 14153 14176 
0038 14054 
0039 14095 14101 14110 14120 14187 14209 
0040 14021 14094 14125 
0044 14018 14104 14164 
0046 14089 
0047 14180 14188 
0049 14060 14115 14191 
0050 14006 14072 14108 
0051 14154 
0052 14025 14096 14116 14179 
0053 14019 14032 14058 14065 14124 
0054 14067 14134 14158 14165 
0055 14181 
0058 14008 14099 
0059 14171 
0060 14020 14046 14078 14121 14192 
0061 14011 14014 14159 
0062 14170 14172 
0063 14017 14128 14137 
0064 14048 14053 
0065 14130 14138 
0068 14122 14139 
0069 14027 
0071 14028 14196 
0072 14119 14149 14156 
0073 14174 
0074 14015 14136 14178 
0076 14055 
0077 14070 
0079 14052 
0080 14012 14144 
0081 14039 14141 14147 14151 
0085 14090 
0086 14117 14132 
0087 14081 14092 
0089 14175 
0090 14009 14131 
0091 14077 14084 14211 
0093 14157 
0095 14071 14088 14183 
0096 14063 14086 
0097 14148 14163 14207 
0098 14010 14195 14208 
0099 14199 
0100 14080 
0102 14037 14062 14098 
0103 14043 14107 14135 
0104 14044 14074 14126 14140 14201 
0105 14016 
0106 14005 14029 14123 14162 14173 
0107 14111 
0108 14049 14056 14087 14100 14189 
0109 14102 14184 14186 14193 
0110 14073 14075 
0111 14038 14068 14082 
0113 14143 
0114 14177 14190 14210 
0118 14109 
0119 14083 14106 
0120 14001 
0122 14031 
0124 14030 
0127 14045 
0128 14051 14145 
0130 14042 
03.50 14136 
04-07 14001 14002 14003 14004 14005 14006 14007 14008 14009 14010 14011 14012 14013 14014 14015 14016 14017 14018 14019 14020 14021 14022 14023 14024 14025 14026 14027 14028 14029 14030 14031 14032 14033 14034 14035 14036 14037 14038 14039 14040 14041 14042 14043 14044 14045 14046 14047 14048 14049 14050 14051 14052 14053 14054 14055 14056 14057 14058 14059 14060 14061 14062 14063 14064 14065 14066 14067 14068 14069 14070 14071 14072 14073 14074 14075 14076 14077 14078 14079 14080 14081 14082 14083 14084 14085 14086 14087 14088 14089 14090 14091 14092 14093 14094 14095 14096 14097 14098 14099 14100 14101 14102 14103 14104 14105 14106 14107 14108 14109 14110 14111 14112 14113 14114 14115 14116 14117 14118 14119 14120 14121 14122 14123 14124 14125 14126 14127 14128 14129 14130 14131 14132 14133 14134 14135 14136 14137 14138 14139 14140 14141 14142 14143 14144 14145 14146 14147 14148 14149 14150 14151 14152 14153 14154 14155 14156 14157 14158 14159 14160 14161 14162 14163 14164 14165 14166 14167 14168 14169 14170 14171 14172 14173 14174 14175 14176 14177 14178 14179 14180 14181 14182 14183 14184 14185 14186 14187 14188 14189 14190 14191 14192 14193 14194 14195 14196 14197 14198 14199 14200 14201 14202 14203 14204 14205 14206 14207 14208 14209 14210 14211 
04.00 14136 
07 14027 14083 14110 14128 14176 14209 
0945 14013 14017 
1,000 14013 14017 14098 14118 
1,062,000 14091 
1,134,000 14153 
1,152,200 14009 
1,349,000 14153 
1,633,453 14135 
1,650,000 14028 
1,933,453 14135 
1-1/2 14015 14177 
1-1/4 14042 
1-1/8 14080 
1-2 14052 14163 14171 
1-3 14022 14033 14040 14052 14119 14160 14163 14167 14169 14171 14188 
1-3/4 14184 
1-3/8 14098 
1-kg 14013 14017 
1.0 14051 14070 
1.00 14033 14040 14052 14074 14107 14115 14119 14144 14160 14163 14169 14171 14187 14188 14190 
1.00-1.50 14052 
1.00/1.50 14160 14167 14171 14187 
1.00/2.00 14033 14188 
1.12 14020 
1.15 14068 14088 
1.19 14152 
1.2 14088 14207 
1.2490/2510 14043 
1.25 14119 
1.2550/70 14043 
1.27 14101 
1.3 14109 14180 
1.40 14025 
1.50 14010 14052 14160 14167 14171 14187 
1.5120/30 14026 
1.5128/38 14063 
1.5140/50 14063 
1.5185/95 14063 
1.58 14101 
1.6 14207 
1.60 14083 14109 
1.6177/82 14026 
1.63 14068 
1.64 14088 
1.725 14174 
1.75 14022 
1.80-85 14043 
1.82 14043 
1.8200/15 14043 
1.8235/45 14026 
1.8260/70 14043 
1.8265/75 14043 
1.8270 14043 
1.9 14070 
1.925 14174 
1/2 14006 14009 14011 14014 14016 14046 14049 14075 14078 14082 14121 14123 14159 14162 14192 14193 
1/20/87 14044 
1/32 14009 
1/4 14006 14009 14011 14014 14016 14046 14049 14075 14078 14082 14102 14121 14123 14157 14159 14162 14184 14192 14193 
1/8 14006 14009 14080 
10,000 14098 
10,800 14163 
10-1/2 14109 
10.00 14036 14186 
10.25 14207 
10.2807 14060 
10.2872 14060 
10.45 14109 
10.50 14130 14139 
10.7 14207 
100,000 14061 14126 
100.00 14186 
1000 14008 14010 14015 14020 14025 
10012 14079 
101-1/2 14208 
101-3/4 14208 
101.20 14032 
102-1/8 14208 
102.00 14029 
102.20 14029 
102.45 14032 
102.50 14029 
10200 14003 14112 
1025-1150 14010 
103.40 14032 
10390 14003 
104.00 14186 
104.15 14029 
104.6787 14060 
104.7981 14060 
10400 14112 
105.05 14032 
1050-1325 14187 
1052 14029 
10580 14003 
106.35 14032 
10600 14112 
107.50 14032 
108.75 14032 
1081 14181 
10890 14112 
109.40 14032 
10900 14003 
11-30 14112 
11.00 14036 14065 
11.2 14109 
11.91 14109 
110.00b/115.00a 14186 
1100 14002 14006 14009 14083 14101 14115 
1100-1300 14115 
1100-1400 14018 14089 
111.40 14032 
111.5 14185 
111.7 14185 
111.9 14185 
11100 14003 14112 
112.5 14185 
112.50 14027 
1124 14181 
11256 14137 
113.0 14185 
1130 14113 14127 14152 
11300 14003 14112 
114,000 14145 
114.50 14027 
114.65 14032 
1140 14174 
1148/1150 14209 
115.0 14185 
115.5 14185 
115.9 14185 
116.0 14185 
1165/1168 14209 
118.50 14027 14189 
119.0 14185 
119.5 14185 
1190 14174 
1190/1209 14110 
1199 14170 
11:00 14003 14011 
11:01 14014 14016 14019 14021 14023 14024 
11:02:35.07 14001 
11:02:40.82 14002 
11:03:03.68 14003 
11:03:30.55 14004 
11:04:03.63 14005 
11:04:12.58 14006 
11:04:23.94 14007 
11:04:29.67 14008 
11:04:47.19 14009 
11:05:05.48 14010 
11:05:17.86 14011 
11:05:28.64 14012 
11:05:35.43 14013 
11:05:44.09 14014 
11:05:53.61 14015 
11:06:07.52 14016 
11:06:13.18 14017 
11:06:16.90 14018 
11:06:31.29 14019 
11:06:39.38 14020 
11:06:45.97 14021 
11:06:50.37 14022 
11:06:58.55 14023 
11:07:09.81 14024 
11:07:18.11 14025 
11:07:22.81 14026 
11:07:28.63 14027 
11:07:45.56 14028 
11:08:01.92 14029 
11:08:12.19 14030 
11:08:21.35 14031 
11:08:49.00 14032 
11:09:35.39 14033 
11:09:39.16 14034 
11:09:46.42 14035 
11:09:52.58 14036 
11:10 14046 14049 
11:10:01.59 14037 
11:10:11.23 14038 
11:10:21.78 14039 
11:10:24.80 14040 
11:10:27.07 14041 
11:11:03.67 14042 
11:11:10.86 14043 
11:11:20.04 14044 
11:12:10.97 14045 
11:12:32.96 14046 
11:12:47.66 14047 
11:12:56.28 14048 
11:13:07.76 14049 
11:13:21.62 14050 
11:13:32.95 14051 
11:13:39.69 14052 
11:14:21.32 14053 
11:14:26.83 14054 
11:14:36.23 14055 
11:14:55.96 14056 
11:15 14058 
11:15:52.09 14057 
11:17:29.61 14058 
11:18:01.28 14059 
11:18:17.62 14060 
11:18:33.41 14061 
11:18:44.72 14062 
11:18:57.30 14063 
11:19:14.60 14064 
11:19:21.24 14065 
11:19:24.46 14066 
11:19:32.58 14067 
11:19:42.99 14068 
11:20 14075 14078 14082 
11:20:07.42 14069 
11:20:16.05 14070 
11:20:25.56 14071 
11:20:35.15 14072 
11:21:23.72 14073 
11:21:43.64 14074 
11:22:07.10 14075 
11:22:21.38 14076 
11:22:43.79 14077 
11:22:49.89 14078 
11:22:54.90 14079 
11:23:03.31 14080 
11:24:04.76 14081 
11:24:14.88 14082 
11:24:26.16 14083 
11:24:35.29 14084 
11:24:43.66 14085 
11:24:52.01 14086 
11:25 14097 
11:25:13.55 14087 
11:25:28.75 14088 
11:25:33.92 14089 
11:26:00.73 14090 
11:26:03.54 14091 
11:26:10.82 14092 
11:26:15.17 14093 
11:26:20.18 14094 
11:26:26.25 14095 
11:26:32.68 14096 
11:26:38.09 14097 
11:26:46.45 14098 
11:26:54.21 14099 
11:27:05.91 14100 
11:27:09.78 14101 
11:27:32.98 14102 
11:27:36.66 14103 
11:27:41.85 14104 
11:29:00.04 14105 
11:30 14112 14114 14116 14118 
11:30:19.28 14106 
11:31 14121 14123 14124 14125 14129 
11:31:22.60 14107 
11:31:33.90 14108 
11:31:45.07 14109 
11:32:02.91 14110 
11:32:20.53 14111 
11:32:24.86 14112 
11:33:05.82 14113 
11:33:28.53 14114 
11:33:32.86 14115 
11:33:38.35 14116 
11:34:06.35 14117 
11:34:12.86 14118 
11:34:19.38 14119 
11:34:25.14 14120 
11:34:35.32 14121 
11:34:50.89 14122 
11:35:11.79 14123 
11:35:33.77 14124 
11:35:50.04 14125 
11:36:02.32 14126 
11:36:07.75 14127 
11:36:13.16 14128 
11:36:25.49 14129 
11:36:42.57 14130 
11:36:51.22 14131 
11:37:10.88 14132 
11:37:15.91 14133 
11:37:21.03 14134 
11:37:31.71 14135 
11:37:44.45 14136 
11:37:52.13 14137 
11:38:21.08 14138 
11:38:34.64 14139 
11:38:45.21 14140 
11:39:05.68 14141 
11:39:07.93 14142 
11:39:23.24 14143 
11:39:44.07 14144 
11:40 14159 14162 
11:40:18.58 14145 
11:40:28.57 14146 
11:40:36.69 14147 
11:41:14.30 14148 
11:41:21.34 14149 
11:41:25.97 14150 
11:41:33.80 14151 
11:41:41.30 14152 
11:41:48.26 14153 
11:41:53.70 14154 
11:41:56.92 14155 
11:42:11.28 14156 
11:42:24.14 14157 
11:42:28.78 14158 
11:42:35.24 14159 
11:42:38.88 14160 
11:42:51.07 14161 
11:43:00.30 14162 
11:43:06.84 14163 
11:43:12.23 14164 
11:43:16.57 14165 
11:43:20.13 14166 
11:43:23.41 14167 
11:43:27.21 14168 
11:43:33.97 14169 
11:43:42.22 14170 
11:44:02.68 14171 
11:44:12.51 14172 
11:44:20.56 14173 
11:44:26.03 14174 
11:44:52.35 14175 
11:44:57.75 14176 
11:45 14179 
11:45:06.93 14177 
11:46:24.49 14178 
11:47:15.23 14179 
11:47:36.63 14180 
11:47:56.34 14181 
11:48:03.35 14182 
11:48:24.77 14183 
11:49:27.89 14184 
11:49:32.99 14185 
11:50 14192 14193 
11:50:14.31 14186 
11:50:25.79 14187 
11:50:54.37 14188 
11:51:14.11 14189 
11:52:11.97 14190 
11:52:17.54 14191 
11:52:25.66 14192 
11:52:35.69 14193 
11:52:45.84 14194 
11:52:53.69 14195 
11:53:02.89 14196 
11:54:16.91 14197 
11:54:20.44 14198 
11:54:31.63 14199 
11:54:56.33 14200 
11:55 14203 14205 
11:55:41.99 14201 
11:55:51.88 14202 
11:56:33.62 14203 
11:56:37.56 14204 
11:56:53.67 14205 
11:57:49.53 14206 
11:58:46.40 14207 
11:59:40.25 14208 
11:59:52.08 14209 
12,500 14140 
12-3/4 14008 
12-7/8 14147 
12-megawatt 14141 
12.2 14147 
12.3 14069 
12.50 14130 14139 
120.0 14185 
120.10/50 14043 
120.55/70 14043 
1200 14110 
1200/1205 14209 
121.5 14185 
1215 14174 
122.2 14185 
122.80 14032 
12208 14104 
1225 14018 
1230 14067 14174 
1230/1240 14209 
1230/1255 14176 
12322 14104 
12323 14104 
12324 14104 
1236 14191 
12407 14104 
12408 14104 
12419 14104 
125.50 14032 
1250/1260 14110 
1250/1270 14110 
1255 14110 
1255/1270 14209 
1260 14176 
1263 14110 
1266 14110 
127,000 14070 
127.50 14189 
129.50 14027 
129/129.50 14027 
1290 14176 
1290/1310 14209 
1299/1301 14026 
12:00:03.50 14210 
12:00:11.67 14211 
13,943 14013 14017 
13.30 14174 
13.50 14174 
13.6 14091 
130.25 14027 
130.50 14027 
13000 14036 
131.00 14158 
131.75 14027 
1310 14176 
132.50 14027 
1334 14137 
1338/1345 14176 
1350 14176 
1365 14176 
14.00 14130 14139 
14.50 14130 14139 
14.50/14.75n 14130 
14001 14001 
14002 14002 
14003 14003 
14004 14004 
14005 14005 
14006 14006 
14007 14007 
14008 14008 
14009 14009 
14010 14010 
14011 14011 
14012 14012 
14013 14013 
14014 14014 
14015 14015 
14016 14016 
14017 14017 
14018 14018 
14019 14019 
14020 14020 
14021 14021 
14022 14022 
14023 14023 
14024 14024 
14025 14025 
14026 14026 
14027 14027 
14028 14028 
14029 14029 
14030 14030 
14031 14031 
14032 14032 
14033 14033 
14034 14034 
14035 14035 
14036 14036 
14037 14037 
14038 14038 
14039 14039 
14040 14040 
14041 14041 
14042 14042 
14043 14043 
14044 14044 
14045 14045 
14046 14046 
14047 14047 
14048 14048 
14049 14049 
14050 14050 
14051 14051 
14052 14052 
14053 14053 
14054 14054 
14055 14055 
14056 14056 
14057 14057 
14058 14058 
14059 14059 
14060 14060 
14061 14061 
14062 14062 
14063 14063 
14064 14064 
14065 14065 
14066 14066 
14067 14067 
14068 14068 
14069 14069 
14070 14070 
14071 14071 
14072 14072 
14073 14073 
14074 14074 
14075 14075 
14076 14076 
14077 14077 
14078 14078 
14079 14079 
14080 14080 
14081 14081 
14082 14082 
14083 14083 
14084 14084 
14085 14085 
14086 14086 
14087 14087 
14088 14088 
14089 14089 
14090 14090 
14091 14091 
14092 14092 
14093 14093 
14094 14094 
14095 14095 
14096 14096 
14097 14097 
14098 14098 
14099 14099 
14100 14100 
14101 14101 
14102 14102 
14103 14103 
14104 14104 
14105 14105 
14106 14106 
14107 14107 
14108 14108 
14109 14109 
14110 14110 
14111 14111 
14112 14112 
14113 14113 
14114 14114 
14115 14115 
14116 14116 
14117 14117 
14118 14118 
14119 14119 
14120 14120 
14121 14121 
14122 14122 
14123 14123 
14124 14124 
14125 14125 
14126 14126 
14127 14127 
14128 14128 
14129 14129 
14130 14130 
14131 14131 
14132 14132 
14133 14133 
14134 14134 
14135 14135 
14136 14136 
14137 14137 
14138 14138 
14139 14139 
1414 14170 
14140 14140 
14141 14141 
14142 14142 
14143 14143 
14144 14144 
14145 14145 
14146 14146 
14147 14147 
14148 14148 
14149 14149 
1415 14137 
14150 14150 
14151 14151 
14152 14152 
14153 14153 
14154 14154 
14155 14155 
14156 14156 
14157 14157 
14158 14158 
14159 14159 
14160 14160 
14161 14161 
14162 14162 
14163 14163 
14164 14164 
14165 14165 
14166 14166 
14167 14167 
14168 14168 
14169 14169 
14170 14170 
14171 14171 
14172 14172 
14173 14173 
14174 14174 
14175 14175 
14176 14176 
14177 14177 
14178 14178 
14179 14179 
14180 14180 
14181 14181 
14182 14182 
14183 14183 
14184 14184 
14185 14185 
14186 14186 
14187 14187 
14188 14188 
14189 14189 
14190 14190 
14191 14191 
14192 14192 
14193 14193 
14194 14194 
14195 14195 
14196 14196 
14197 14197 
14198 14198 
14199 14199 
14200 14200 
14201 14201 
14202 14202 
14203 14203 
14204 14204 
14205 14205 
14206 14206 
14207 14207 
14208 14208 
14209 14209 
14210 14210 
14211 14211 
1425 14174 
1445 14174 
145.20/30 14026 
1455 14016 14049 
1456 14016 14082 14123 
1457 14016 14049 14075 14082 14162 
1458 14049 14075 14082 14123 
1459 14193 
146.30 14158 
146.95 14158 
1460 14075 14082 14123 14162 14193 
1462 14193 
147.0 14191 
15-day 14107 
15-year 14141 
150,000 14145 
150.8 14191 
151.0 14191 
152.0 14191 
154.6 14191 
154.8 14191 
155.6 14191 
155.8 14191 
1554 14016 14082 14123 
1555 14075 14193 
1556 14049 14162 
1565 14191 
15784 14054 
1588 14082 14123 
15885 14054 
1589 14016 
159.4 14191 
159.8 14191 
1590 14162 14193 
1591 14049 
1598 14075 
15985 14054 
16-1/2 14008 
16.50n 14130 
16.60 14001 
16.75n 14130 
16.8139 14060 
16.8281 14060 
160.0 14191 
1600 14026 
1602 14007 
1605 14016 14123 
1606 14162 14193 
1607 14035 14075 14082 
1608 14049 
16085 14054 
161.0 14191 
161.6 14191 
1610 14047 14048 
16100 14054 
1612 14053 14054 
1614 14057 
1616 14059 
1617 14064 14066 
1620 14016 14079 
1622 14085 14123 
1623 14049 
1624 14075 14082 14162 14193 
1625 14104 
1627 14105 
163.0 14191 
1632 14120 
1635 14016 14049 14123 
1638 14193 
164.2 14191 
1640 14191 
1642 14075 14082 14162 
167.0 14191 
167.2 14092 
167.6 14191 
1680 14174 
169.0 14191 
17,300 14163 
17,979 14133 
17.32 14128 
17.40 14027 
17.50 14044 
1700 14036 
171.0 14191 
171.45 14101 
1720 14174 
173.0 14191 
174.0 14191 
1753 14001 
1757 14001 
177-195 14084 
18,400 14163 
18.00 14144 14190 
18.11 14044 
18.85 14107 
185.50 14189 
187,900 14006 
19,100 14163 
19.40 14107 
19.66 14088 
190,600 14006 
1922 14030 
1928 14129 
19409 14170 
196,873 14093 
196-271 14084 
1961 14129 
1970s 14100 
1974 14143 
1983 14030 
1984 14129 
1985 14088 14100 14143 
19851 14137 
1986 14027 14068 14088 14100 14109 14135 14165 14182 14184 
1987 14068 14071 14088 14106 14149 14180 14184 
1987-91 14088 
1988 14030 14173 14189 
1989-1990 14100 
1990.50 14158 
1992 14031 14098 14143 14208 
1993 14149 
1994 14208 
1995 14208 
1st 14180 
1stld 14030 
2,000 14004 14086 14106 14140 
2,058,500 14009 
2,163,900 14009 
2,400 14004 
2,451,000 14145 
2,460,000 14180 
2,470,000 14145 
2,500,000 14147 
2,649,003 14093 
2-1/2 14015 
2-1/4 14015 
2-1/8 14208 
2-3 14010 14067 14115 
2-4 14018 14067 14089 14115 14187 
2-5/8 14184 
2.00 14025 14033 14052 14119 14188 
2.05 14174 
2.0578/88 14026 
2.15 14174 
2.2 14109 
2.25 14051 
2.3 14109 
2.4469/4501 14063 
2.45 14174 
2.4547/4578 14063 
2.5 14088 
2.50 14174 
2.54 14174 
2.55 14174 
2.6 14141 
2.69 14109 
2.74 14157 
2.8 14068 
2.83 14109 
2.95 14043 
2.950/954 14043 
2.951/955 14043 
2.954/958 14043 
2/10/87 14044 
20.00 14144 14190 
200,000 14126 
200-210 14052 
200-220 14119 
200.9 14092 
2003 14181 
2010 14129 
202.50 14189 
208.40 14101 
208.67 14152 
21.00 14144 14190 
210-240 14163 
210-250 14052 14171 
210-260 14167 
21214 14134 
215,821 14093 
215-260 14160 
2162 14205 
2170 14205 
2179 14001 
2185 14205 
2188 14001 
22,700 14010 
220-250 14022 
220-260 14033 14040 14119 14188 
220.00 14186 
2226 14036 
223,800 14006 
22433 14181 
230,200 14006 
230-240 14169 
230.00 14186 
2300 14174 
23085 14134 
2335 14122 
23370 14134 
2345 14122 
2350 14174 
2355 14105 14122 
2360 14105 14122 
23991 14134 
24.00 14190 
24.90/94 14063 
24.98/25.02 14063 
240-260 14163 
2415 14102 
244,500 14068 
244.00 14158 
2489 14170 
25-27 14201 
25-year 14071 
25.25 14189 
25/40 14174 
250-260 14171 
2500 14136 
25230 14137 
2557 14134 
26.75 14189 
263,000 14145 
27.50 14189 
272-295 14084 
272.9 14092 
278,000 14145 
28,000 14068 
2838/2843 14128 
2888/2898 14128 
2900 14136 
2918/2928 14128 
296-341 14084 
2968/2978 14128 
2984 14001 
2985 14002 
2986 14003 
2987 14004 
2988 14005 
2989 14006 
2990 14007 
2991 14008 
2992 14009 
2993 14010 
2994 14011 
2995 14012 
2996 14013 
2997 14014 
2998 14015 
2998/3008 14128 
2999 14016 
2nd 14007 14035 14064 14066 14085 14105 14120 14136 
3,000 14146 
3,112,571 14093 
3,234 14170 
3-1/2 14008 14015 
3-1/4 14008 
3-kg 14013 14017 
3.00/5.00 14186 
3.05 14174 
3.10 14174 14177 
3.70 14109 
3.80 14174 
3/09/87 14044 
3/12/87 14044 
3/4 14009 14011 14014 14016 14046 14049 14075 14078 14082 14121 14123 14159 14162 14192 14193 
3/8 14009 14102 
30,000 14126 
30-176 14084 
30-april 14131 
30.04/07 14043 
300,000 14126 14135 
300-500 14052 
300-600 14167 
3000 14017 14136 
3001 14018 
3002 14019 
3003 14020 
3004 14021 
3005 14022 
3006 14023 
3007 14024 
3008 14025 
3009 14026 
301.0 14007 
301.00 14122 
301.5 14007 
301.50 14136 
3010 14027 
3011 14028 
3012 14029 
3013 14030 
3014 14031 
3015 14032 
3016 14033 
3017 14034 
3018 14035 
3019 14036 
302.0 14007 
302.00 14122 
3020 14037 
3021 14038 
3022 14039 
3023 14040 
3024 14041 
3025 14042 
3026 14043 
3027 14044 
3028 14045 
3029 14046 
303.22 14101 
3030 14047 
3031 14048 
3032 14049 
3033 14050 
3034 14051 
3035 14052 
3036 14053 
3037 14054 
3038 14055 
3039 14056 
3040 14057 
3041 14058 
3042 14059 
3043 14060 
3044 14061 
3045 14062 
3046 14063 
3047 14064 
3048 14065 
3048/3058 14128 
3049 14066 
3050 14067 
3051 14068 
3052 14069 
3053 14070 
3054 14071 
3055 14072 
3056 14073 
3057 14074 
3058 14075 
3059 14076 
3060 14077 
3061 14078 
3062 14079 
3063 14080 
3064 14081 
3065 14082 
3066 14083 
3067 14084 
3068 14085 
3069 14086 
3070 14087 
3071 14088 
3072 14089 
3073 14090 
3074 14091 
3075 14092 
3076 14093 
3077 14094 
3078 14095 
3079 14096 
308.0 14007 
308.00 14122 14136 
308.7313 14060 
308.9186 14060 
3080 14097 
3081 14098 
3082 14099 
3083 14100 
3084 14101 
3085 14102 
3086 14103 
3087 14104 
3088 14105 
3089 14106 
309.00 14122 
3090 14107 
3091 14108 
3092 14109 
3093 14110 
3094 14111 
3095 14112 
3096 14113 
3097 14114 
3098 14115 
3099 14116 
3100 14117 
3101 14118 
3102 14119 
3103 14120 
3104 14121 
3105 14122 
3106 14123 
3107 14124 
3108 14125 
3109 14126 
3110 14127 
3111 14128 
3112 14129 
3113 14130 
3114 14131 
3115 14132 
3116 14133 
3117 14134 
3118 14135 
3119 14136 
3120 14137 
3121 14138 
3122 14139 
3123 14140 
3124 14141 
3125 14142 
3126 14143 
3127 14144 
3128 14145 
3129 14146 
3130 14147 
3131 14148 
3132 14149 
3133 14150 
3134 14151 
3135 14152 
3136 14153 
3137 14154 
3138 14155 
3139 14156 
3140 14157 
3141 14158 
3142 14159 
3143 14160 
3144 14161 
3145 14162 
3146 14163 
3147 14164 
3148 14165 
3149 14166 
3150 14167 
3151 14168 
3152 14169 
3153 14170 
3154 14171 
3155 14172 
3156 14173 
3157 14174 
3158 14175 
3159 14176 
3160 14177 
3161 14178 
3162 14179 
3163 14180 
3164 14181 
3165 14182 
3166 14183 
3167 14184 
3168 14185 
3169 14186 
3170 14187 
3171 14188 
3172 14189 
3173 14190 
3174 14191 
3175 14192 
3176 14193 
3177 14194 
3178 14195 
3179 14196 
3180 14197 
3181 14198 
3182 14199 
3183 14200 
3184 14201 
3185 14202 
3186 14203 
3187 14204 
3188 14205 
3189 14206 
3190 14207 
3191 14208 
3192 14209 
3193 14210 
3194 14211 
32-bit 14070 
3250 14136 
332.69/71 14175 
332.70 14175 
332.70/72 14175 
332.72/75 14175 
3371 14191 
33737 14137 
339.5 14092 
34.875-35.250 14201 
342-346 14084 
343.81 14101 
3435 14181 
346.50 14183 
347-360 14084 
348.3170 14060 
348.4840 14060 
35-point 14029 
357.50 14183 
364,200 14006 
365,000 14103 
37,900 14010 
37.76/81 14026 
3701 14134 
38-1/2 14061 
3951 14134 
3d 14151 
3months 14136 14142 
4,200 14081 
4,210 14081 
4,230 14081 
4,391 14133 
4,969,500 14009 
4-1/2 14208 
4-3/4 14008 
4-5/8 14208 
4.00 14144 14190 
4.20 14174 
4.3730 14060 
4.3774 14060 
4.79 14109 
4.80 14174 
4.8611 14060 
4.8645 14060 
4/7 14172 
40.18 14172 
40.25 14172 
400,000 14073 
4029 14170 
409,500 14068 
41.00-45.00 14171 
411.0 14120 14122 
413.0 14120 14122 
418.50 14076 
418.50/419.00 14038 
419.8216 14060 
4199 14023 
42.00-43.00 14052 
42.1 14088 
420,000 14145 
420.0 14120 14122 
420.00/420.50 14076 
420.2314 14060 
421.0 14120 
421.50/422.00 14038 
421.80/422.20 14038 
422.0 14120 14122 
4237 14023 
424.75/425.25 14076 
4288 14023 
43.00-46.00 14052 
43.63 14172 
4327 14023 
435,000 14145 
437.49 14024 
4370 14023 
44-pct 14144 
44.48 14172 
4415 14023 
4420 14181 
450.0 14092 
4500 14036 
456.0 14035 
456.00 14122 
457.0 14035 
457.00 14122 
458.00 14122 
46.00 14052 14171 
46.00-46.50 14167 
46.50-47.00 14160 14188 
46.95 14083 
4618 14137 
4650 14136 
4664 14181 
47.05 14179 
47.25 14019 
47.30 14058 
47.40 14116 14124 
47.50-48.00 14119 
48-pct 14144 
48.25-49.00 14163 
48.4 14153 
48.50-49.50 14052 
48.50-49.75 14171 
48.75 14019 
48.80 14058 
48.90 14116 
48.95 14124 
4885 14057 
49.00 14179 
49.00-50.25 14163 
49.17 14172 
49.25 14107 
49.25-50.00 14163 
49.34 14172 
49.35. 14083 
49.50-50.25 14171 
49.50-50.50 14052 
49.5438 14060 
49.5788 14060 
5,000 14013 14017 
5,652 14165 
5-1/2 14207 
5-3/8 14207 
5-5/16 14207 
5-7/16 14207 
5.00 14084 14144 14190 
5.20 14174 
5.83 14084 
5.85 14084 
5.90 14084 
5.91 14084 
5.93 14084 
5.95 14174 
5/8 14009 14102 
50,090 14172 
50.00-50.75 14171 
50.00-51.00 14119 
50.00-51.25 14163 
50.10 14019 
50.12 14058 
50.20 14116 
50.25 14124 
50.35 14179 
50.50 14052 
50.50-51.00 14119 
500-650 14119 14160 14171 14188 
51,900 14209 
51.00 14171 
51.00-51.50 14040 14119 14160 14167 
51.00-52.50 14188 
51.25 14163 
51.50 14119 14169 
51.50-52.00 14033 
51.75 14119 
51.75-52.00 14022 
51.85 14083 
52,000 14070 
52,735 14172 
52.45 14083 
52.50 14188 
52249 14134 
53-1/2 14098 
53.55 14107 
534.0 14092 
55,000 14099 
55.15 14117 
55.80 14117 
5507 14057 
5510 14097 
5515 14203 
5520 14097 
5525 14097 14203 
555.00 14158 
56.00 14019 14198 
56.05 14117 
56.1 14092 
56.10 14058 14116 14124 
56.20 14179 
56.30 14117 
56.89 14207 
5608 14203 
5610 14097 
5615 14097 14203 
563/567 14038 
57.00 14198 
57.50 14198 
57.8 14092 
5789 14170 
57pct 14174 
58-1/2 14102 14184 
58.50 14198 
585,000 14091 
58767 14134 
59.2 14092 
6,438,000 14069 
6,500 14163 
6-1/8 14178 
6-3/4 14015 
6-7/8 14080 
6.00 14144 14190 
6.0565/90 14175 
6.0620 14175 
6.0640/70 14175 
6.0650/0700 14026 
6.0710/30 14175 
6.15 14174 
6.2 14201 
6.3540 14060 
6.3560 14060 
6.52 14037 
6.52/54 14038 
6.55 14037 14088 
6.60 14037 
6.63 14109 
6.64/66 14038 
6.72 14037 
6.80 14038 
6.87 14164 
6.91 14164 
6.93 14037 
60,000 14073 
60.00 14198 
60.75 14019 14058 
60.85 14124 
60.87 14116 14179 
6041 14059 
605,000 14145 
608,000 14145 
6091300 14101 
61.00 14198 
61.3 14092 
61.4 14153 
61.50 14198 
61.50-63.00 14067 
61.65 14019 
61.70 14116 14124 
61.75 14058 
61.95 14179 
612,000 14103 
6150 14021 14125 
62,700 14068 
62.00 14198 
62.50 14198 
6245 14127 
6250 14136 
6265 14127 
6270 14127 
6290 14127 
63.00-65.00 14187 
6340 14127 
64.00-65.50 14067 
64.00-66.00 14018 
64.50-65.00 14089 
64.50-66.30 14187 
64.7 14100 
64.70 14019 
64.77 14058 
64.90 14116 
64.92 14019 14124 
64.95 14179 
64.97 14058 
65,000 14149 
65,275 14172 
65-1/8 14102 
65.00-66.00 14115 
65.07 14179 
65.10 14116 
65.12 14124 
65.50 14183 
65.75-66.00 14089 
66.00 14067 
66.00-67.00 14018 
66.15 14019 
66.25 14058 
66.40 14116 
66.42 14124 
66.50 14019 14058 14116 14124 14179 
66.50-67.50 14089 
66.50-68.00 14010 14115 
66.50. 14018 
66.55 14179 
66.75. 14115 
6619 14170 
6627 14059 
6670 14114 
67.00-68.00 14010 
6700 14118 
6710 14114 
6720 14118 
6730 14114 
6750 14118 
6790 14114 
68.00-68.50 14089 
68.05 14019 
68.12 14058 
68.17 14116 
68.20 14124 
68.25 14010 14179 
6840 14118 
6875 14114 
6878 14047 
69.00 14019 14058 
69.00-70.00 14010 
69.05 14116 14124 
69.15 14179 
69.50-70.00 14010 
69.57 14019 
69.60 14058 
69.65 14179 
69.77 14116 14124 
6900 14118 
6918 14047 
6923 14047 
6928 14047 
6962 14047 
6964 14047 
6995 14114 
7,099 14017 
7,242 14172 
7,549 14172 
7,769 14137 
7-1/2 14157 
7-3/8 14208 
7-apr-1987 14001 14002 14003 14004 14005 14006 14007 14008 14009 14010 14011 14012 14013 14014 14015 14016 14017 14018 14019 14020 14021 14022 14023 14024 14025 14026 14027 14028 14029 14030 14031 14032 14033 14034 14035 14036 14037 14038 14039 14040 14041 14042 14043 14044 14045 14046 14047 14048 14049 14050 14051 14052 14053 14054 14055 14056 14057 14058 14059 14060 14061 14062 14063 14064 14065 14066 14067 14068 14069 14070 14071 14072 14073 14074 14075 14076 14077 14078 14079 14080 14081 14082 14083 14084 14085 14086 14087 14088 14089 14090 14091 14092 14093 14094 14095 14096 14097 14098 14099 14100 14101 14102 14103 14104 14105 14106 14107 14108 14109 14110 14111 14112 14113 14114 14115 14116 14117 14118 14119 14120 14121 14122 14123 14124 14125 14126 14127 14128 14129 14130 14131 14132 14133 14134 14135 14136 14137 14138 14139 14140 14141 14142 14143 14144 14145 14146 14147 14148 14149 14150 14151 14152 14153 14154 14155 14156 14157 14158 14159 14160 14161 14162 14163 14164 14165 14166 14167 14168 14169 14170 14171 14172 14173 14174 14175 14176 14177 14178 14179 14180 14181 14182 14183 14184 14185 14186 14187 14188 14189 14190 14191 14192 14193 14194 14195 14196 14197 14198 14199 14200 14201 14202 14203 14204 14205 14206 14207 14208 14209 14210 14211 
7.2 14201 
7.20 14109 
7.26 14109 
7.30 14184 
7.53 14109 
7.80 14174 
7/32 14009 
7/8 14006 
70,000 14126 
70-85 14010 
7000 14070 14114 14118 
7040 14065 
7100 14118 
7130 14114 
7190 14114 
72,000 14161 
72,180 14133 
72.3 14041 
72.4 14041 
7200 14118 
73,684 14133 
7300 14118 
732,200 14009 
735.00 14158 
75/76 14174 
755,700 14009 
77.50 14136 
778.8 14092 
78.00 14136 
78.50 14136 
7850 14136 
79.00 14136 
8,000 14133 
8,086,000 14103 
8,100 14010 
8,800 14163 
8,997 14172 
8-1/4 14008 14208 
8.00 14174 14190 
8.1 14207 
8.14 14109 
8.21 14184 
8.6 14109 14131 
80,000 14161 
8000 14036 
803.00 14122 
803.5 14085 
803.50 14122 
804.0 14085 
805.50 14136 
82.83/93 14063 
83,000 14145 
83-1/2 14102 14184 
83.11/21 14063 
85,000 14161 
85-90 14143 
858.00 14122 
8581 14181 
86.50-87.25 14131 
860.00 14122 
861.00 14122 14136 
861.50 14122 
868.50 14122 
87,000 14145 
870.00 14122 
878.00 14142 
879.0 14066 
879.00 14122 14142 
879.5 14066 
879.50 14122 
880.00 14136 
89,000 14145 
9,000 14070 
9,100 14163 
9,262,000 14091 
9-10 14184 
9.625 14073 
9.6800/7050 14128 
9.6910/7160 14128 
9.7250/7450 14128 
9.75 14135 
9.7500/7700 14128 
9.7810/8000 14128 
9.8050/8200 14128 
90.6 14143 
900-1075 14067 
9027 14053 
9030 14053 
9051 14053 
9055 14053 
9056 14053 
9061 14053 
9070 14053 
9071 14053 
9076 14053 
9078 14053 
9079 14053 
9083 14053 
9089 14053 
909.5 14066 
909.50 14122 14136 
9096 14053 
9097 14053 
9098 14053 
91,143 14137 
91-1/8 14102 14184 
91-day 14164 
910.0 14066 
910.00 14122 
9104 14053 
9131 14134 
917,500 14009 
918,100 14009 
92.4016 14060 
92.4643 14060 
9218 14048 
9219 14048 
9224 14048 
9238 14048 
9240 14048 
9245 14048 
9260 14048 
9262 14048 
9267 14048 
9283 14048 
9284 14048 
9285 14048 
9288 14048 
929,900 14009 
93.1262 14060 
93.1965 14060 
9300 14048 
9304 14048 
9305 14048 
9308 14048 
9317 14048 
9318 14048 
9319 14048 
9322 14048 
9325 14048 
9326 14048 
9328 14048 
9330 14048 
9333 14048 
9334 14048 
9336 14048 
939,700 14009 
950-100 14010 
950-1125 14018 
952.1 14092 
95638000 14101 
9623 14079 
97,700 14068 
9700 14079 
9718 14079 
9725 14079 
9731 14079 
975-1100 14115 
975-1150 14089 
975-1200 14187 
975-1250 14067 
98.307 14164 
98.5 14174 
9802 14079 
99,000 14145 
99.0 14174 
99.5 14174 
99.6 14174 
99.7 14174 
99.85 14032 
99.9 14174 
99.95pct 14174 
99.97 14174 
99.99 14174 
998,000 14103 
`` 14012 14030 14031 14038 14055 14063 14088 14100 14107 14142 14143 14173 14184 14199 14210 
a.i.d 14197 
a310 14031 
a310-300 14031 
a340 14031 
aagreemnt 14071 
ab 14039 
abd 14061 
abidjan 14088 
abms 14145 
abroad 14109 
accdg 14174 
access 14056 14087 
accord 14107 14199 
account 14080 14109 14178 14207 
accounted 14100 14143 
accumulate 14184 
accumulative 14110 14176 14209 
achieved 14038 
acq 14028 14099 14131 14154 14156 14177 14201 
acquire 14090 14099 14156 14195 
acquiring 14156 
acquisition 14131 14135 14154 14156 14201 
acquisitions 14201 
active 14010 14018 14022 14033 14040 14045 14051 14067 14089 14115 14119 14169 14184 14187 14188 14189 14190 
actively 14102 14189 
actives 14006 14009 
activities 14100 14111 
activity 14080 14107 
actual 14004 14161 14163 
actuals 14163 
acuqisition 14154 
ad-hoc 14088 
adb 14088 
adb-africa 14088 
added 14005 14027 14042 14045 14068 14074 14086 14143 14199 14207 14210 
adding 14088 14107 14143 14173 
additional 14126 14131 14135 14148 14177 
adf 14088 
adjusted 14084 14109 
adjustments 14043 
administration 14165 14210 
adminsitration 14199 
adopted 14088 
advance 14030 14102 
advanced 14005 
advances 14006 14009 14102 14207 
advancing 14063 
advantage 14030 
advisors 14028 
aerospace 14031 14077 
affairs 14080 
affect 14029 
affiliate 14090 
afloat 14189 
africa 14088 
african 14088 
aft 14007 14035 14064 14066 14085 14105 14120 14142 
afternoon 14051 14062 14076 14081 14155 14183 14189 14196 14206 
ag 14098 14131 
aggressive 14178 
ago 14004 14134 14138 14143 14161 14163 14172 14199 
agree 14177 
agreed 14028 14126 14177 
agreement 14090 14111 
agreements 14178 
agriculture 14088 14126 14210 
ahead 14043 14175 
aidc 14098 
aide 14200 14202 
aims 14100 
ainp.pa 14031 
air 14006 14009 14077 14153 14173 14201 
airbus 14031 
aircraft 14031 14077 
airforce 14140 
airline 14031 
airline's 14031 
airlines 14077 14092 
airport 14173 
airways 14077 
ala. 14156 14180 
alabama 14156 
alberta 14177 
alex 14148 
alfa 14086 
alges 14165 
alias 14151 
allegheny 14131 14141 
alleging 14199 
alliance 14030 
allowances 14165 
alter 14068 
aluminium 14085 14122 14136 14174 14208 
aluminum 14021 14036 14125 14145 
alza 14006 
am-britain 14030 
am-gulf-flags 14211 
amarillo 14010 
america 14061 14096 14210 
american 14028 14145 14189 14199 
amex 14101 
amex-b 14101 
amex-consolidated 14006 
amid 14067 14140 14171 14188 
amoco 14044 
amount 14098 
amp 14009 14138 
ample 14083 
amsterdam 14207 
analyst 14184 14199 
analysts 14037 14184 14199 14207 
and/or 14042 
announce 14184 
announcement 14184 
announcements 14184 
announcing 14100 
annual 14088 14141 14143 
anthony 14030 
anti-wrinkle 14072 
anticipates 14080 
anticipation 14184 
antimony 14174 
apl 14189 
appeared 14190 
application 14195 
applications 14126 
applied 14126 
approval 14028 14071 14126 
approved 14126 14165 
approximately 14071 14195 
apr 14007 14027 14032 14035 14047 14048 14053 14054 14057 14059 14060 14064 14066 14079 14085 14104 14105 14108 14110 14120 14122 14128 14136 14142 14155 14158 14174 14176 14185 14191 14194 14198 14204 14206 14209 
apr/jun 14108 
apr/june 14027 
apr/may 14027 
apr/may/june 14027 
apr/oct 14027 
apr7 14019 14021 14023 14058 14114 14116 14118 14124 14125 14127 14179 
apr8 14023 14118 
apri 14071 
april 14001 14004 14005 14008 14010 14012 14013 14015 14017 14018 14020 14022 14025 14026 14028 14029 14030 14031 14033 14036 14037 14038 14039 14040 14041 14042 14043 14045 14051 14052 14055 14056 14062 14063 14065 14067 14068 14069 14070 14072 14073 14074 14076 14077 14080 14081 14083 14084 14086 14087 14088 14089 14090 14091 14092 14093 14094 14095 14096 14098 14099 14100 14102 14103 14106 14107 14109 14111 14115 14117 14119 14126 14130 14131 14132 14133 14134 14135 14138 14139 14140 14141 14143 14144 14145 14146 14147 14148 14149 14151 14153 14154 14156 14157 14160 14163 14164 14165 14166 14167 14168 14169 14170 14171 14173 14175 14177 14178 14180 14181 14183 14184 14186 14187 14188 14189 14190 14195 14196 14199 14201 14207 14208 14210 14211 
arco 14044 
area 14010 14056 14087 14088 14195 
argentine 14183 14189 
argue 14199 
arm 14088 
arne 14100 
arrange 14178 
arrangement 14071 
arrival 14146 
asked 14012 14030 14130 14144 14186 14211 
asks 14211 
assets 14109 14156 14195 
assigned 14072 
assistant 14107 
associates 14151 
association 14100 
assumption 14126 
assurance 14030 14126 
attempt 14199 
attempting 14199 
attend 14184 
attract 14068 
attractiveness 14068 
attributed 14045 
auction 14164 
aug 14185 14191 14209 
aug/oct 14183 
aug/sep 14015 14020 
aug7 14016 14019 14023 14049 14058 14075 14082 14116 14118 14123 14124 14162 14179 14193 
aug8 14023 14118 
august 14005 14027 14149 
augusta 14086 
aus 14060 
australia 14098 
australian 14098 
author 14030 14199 
authorities 14109 14207 
automakers 14102 14184 
autoroutes 14208 
average 14005 14102 14141 14164 14172 
aviazione 14086 
avio 14086 
awaited 14157 
awaiting 14043 
aware 14080 
axe 14039 
ayp 14141 
ba 14077 14110 14128 14176 14209 
ba.n 14140 
babacar 14088 
back 14001 14042 14077 14190 14199 
back-bencher 14030 
back-benchers 14030 
backs 14199 
bacon 14051 
bad 14100 
bae 14031 
bae146 14077 
bael.l 14031 
baker 14043 
balance 14109 
balanced 14207 
banca 14208 
bancgroup 14156 14180 
bank 14041 14084 14088 14098 14100 14109 14148 14149 14156 14180 14207 
bank-owned 14100 
banking 14012 14055 14100 14156 14180 
banks 14055 14100 14109 14207 
banque 14208 
barely 14136 14176 
barge 14133 
barley 14027 14032 14132 
barley/wheat 14032 
barrel 14107 
barrels 14083 
barrow 14033 14040 14052 14089 14119 14160 14163 14167 14169 14188 
barrows 14022 14171 
barrows/gilts 14172 
based 14108 
basic 14099 
basis 14037 14043 14045 14062 14077 14144 14190 
bayonne 14027 
bc-****** 14182 
bc-******fed-sets-two-da 14150 
bc-******honeywell-bull 14050 
bc-******senior-treasury 14200 
bc-******senior-u.s.-aid 14202 
bc-******volcker-says-re 14034 
bc-******white-house-say 14197 
bc-/-fed-sets-two-day-sy 14178 
bc-abms-aluminum-stocks 14145 
bc-african-development-b 14088 
bc-aidc-issues-australia 14098 
bc-alias-research-in-cap 14151 
bc-american-sports-advis 14028 
bc-amex-consolidated-110 14006 
bc-bank-of-england-sterl 14041 
bc-boeing-proposes-westl 14140 
bc-british-telecom 14111 
bc-brokerage-firm-ups-st 14131 
bc-browning-ferris- 14195 
bc-calton- 14147 
bc-cbr-s'prods-opg-reprt 14074 
bc-cbt-11-01-edt 14016 
bc-cbt-11-10-edt 14049 
bc-cbt-11-20-edt 14075 14082 
bc-cbt-11-31-edt 14123 
bc-cbt-11-40-edt 14162 
bc-cbt-11-50-edt 14193 
bc-cbt-corn-spreads 14008 
bc-cbt-metals-registns 14013 
bc-cbt-registrations 14017 
bc-cbt-s'bean-opg-report 14062 
bc-cbt-silver-11-30-edt 14118 
bc-cbt-soybean-spreads 14015 
bc-cbt-soymeal-spreads 14025 
bc-cbt-soyoil-report 14020 
bc-cbt-wheat-opg-report 14042 
bc-chili's- 14148 
bc-cme-11-01 14019 
bc-cme-11-15 14058 
bc-cme-11-30 14116 
bc-cme-11-31 14124 
bc-cme-11-45 14179 
bc-colonial- 14156 
bc-colonial-bancgroup-in 14180 
bc-corroon-and-black- 14154 
bc-delta-air- 14173 
bc-digital-transmission 14073 
bc-dollar-closes-little 14043 
bc-dollar-remains-in-nar 14063 
bc-dollar-steady-in-late 14175 
bc-dutch-money-market-de 14207 
bc-ec-sources-say-u.k.-w 14126 
bc-emery-air- 14153 
bc-environmental-power- 14141 
bc-environmental-power-c 14103 
bc-european-soy/feed-aft 14189 
bc-federal-resources- 14095 
bc-feeder-cattle-report 14005 
bc-fhlbb-changes-short-t 14084 
bc-flash-omaha-hogs-up-1 14040 
bc-flash-sioux-falls-hog 14022 
bc-flash-st-paul-hogs-up 14033 
bc-general-electric 14086 
bc-german-long-term-capi 14109 
bc-gold-and-silver-close 14038 
bc-goldsil-and-golden-ru 14177 
bc-gotthard-bank-sells-w 14149 
bc-highwood-has-no 14080 
bc-hogs-for-sltr-7-mkts 14172 
bc-honeywell-bull-unveil 14070 
bc-hospital-corp-of-amer 14061 
bc-ill-cash-s'prod-basis 14144 
bc-indiana-direct-hogs-u 14171 
bc-international-bond-hi 14208 
bc-investors-raise-stake 14201 
bc-iowa-s-minn-hog-rcpts 14161 
bc-japan-cuts-chip-suppl 14199 
bc-johannesburg-gold-sha 14001 
bc-joliet-hogs-up-1.00-d 14169 
bc-kansas-city-carlots-a 14138 
bc-kansas-city-elevator 14134 
bc-kansas-city-hogs-up-1 14167 
bc-kansas-city-shipments 14133 
bc-kansas-city-wheat-mar 14157 
bc-lard-tallow 14130 
bc-lard-tallow-report 14139 
bc-liffe 14068 
bc-live-hog-report 14045 
bc-lme-aluminium-aft-2nd 14085 
bc-lme-copper-aft-2nd-ri 14064 14066 
bc-lme-copper-kerbs-aft 14142 
bc-lme-lead-aft-2nd-ring 14007 
bc-lme-metal-pm-2nd-ring 14136 
bc-lme-nickel-aft-2nd-ri 14105 
bc-lme-silver-aft-2nd-ri 14120 
bc-lme-unofficial-prices 14122 
bc-lme-zinc-aft-2nd-ring 14035 
bc-lomdon-liffe-sterling 14053 
bc-london-cocoa-gradings 14204 
bc-london-cocoa-shipment 14108 
bc-london-coffee-grading 14206 
bc-london-dollar-fluctua 14026 
bc-london-ec-barley/whea 14032 
bc-london-gold-closing 14076 
bc-london-liffe-d.mark-c 14057 
bc-london-liffe-eurodoll 14048 
bc-london-liffe-gilts-cl 14104 
bc-london-liffe-s.franc 14059 
bc-london-liffe-sterling 14054 
bc-london-liffe-u.s.-t-b 14079 
bc-london-liffe-yen-clos 14047 
bc-london-metal-spots-cl 14158 
bc-london-oils/seeds-clo 14183 
bc-london-rubber-physica 14198 
bc-london-soybeanmeal-cl 14185 
bc-london-soymeal-future 14196 
bc-london-strategic-meta 14174 
bc-london-sugar-no.6-fob 14191 
bc-london-sugar-non-tran 14155 
bc-london-sugar-traded-o 14194 
bc-lone-star- 14143 
bc-lowe's- 14094 
bc-malta-tenders-for-whi 14146 
bc-melridge- 14090 
bc-midway-airlines- 14092 
bc-midwest-grain-futures 14011 14014 14046 14078 14121 14159 14192 
bc-milton-roy-co- 14168 
bc-miss-direct-hogs 14052 
bc-nasdaq-comp-11-01 14024 
bc-new-bedford-instituti 14069 
bc-ny-cocoa-11-31 14129 
bc-ny-cocoa-vol-oi 14181 
bc-ny-coffee 14112 
bc-ny-coffee-11-00 14003 
bc-ny-coffee-opg-report 14029 
bc-ny-coffee-opg-summary 14170 
bc-ny-comex-aluminum-11- 14021 14125 
bc-ny-comex-copper-1130 14127 
bc-ny-comex-gold-11-01 14023 
bc-ny-comex-silver-11-30 14114 
bc-ny-comms-est-vols 14065 
bc-ny-cotton-11-25 14097 
bc-ny-cotton-11-55 14203 
bc-ny-cotton-opg-report 14117 
bc-ny-metals-est-vols 14036 
bc-ny-sugar-11-1100 14002 
bc-ny-sugar-11-1130 14113 
bc-ny-sugar-14-11-55 14205 
bc-ny-sugar-mids-report 14037 
bc-ny-sugar-vol-oi 14137 
bc-nyse-consolidated-110 14009 
bc-nyse-index-at-1130 14152 
bc-ocean-bio-chem-inc- 14093 
bc-ohio-direct-hogs 14163 
bc-omaha-cattle-up-0.50 14089 
bc-ontario-treasury-bill 14164 
bc-oxford-energy-co- 14071 
bc-paris-cocoa-butter-17 14128 
bc-peoria-actual-rcpts 14004 
bc-photronics-corp- 14091 
bc-polydex- 14072 
bc-pork-belly-futures-st 14051 
bc-portuguese-airline-co 14031 
bc-presidential-air- 14077 
bc-prs-paris-cocoa-clsg 14176 
bc-prs-paris-sugar-closi 14209 
bc-prs-paris/le-havre-co 14110 
bc-prsfrench-grains 14027 
bc-qt8912 14102 
bc-reuter-unit-completes 14087 
bc-reuters- 14056 
bc-senate-farm-leader-ur 14210 
bc-sioux-city-cattle-up 14115 
bc-sioux-city-hogs-stead 14119 
bc-sioux-falls-cattle-up 14018 
bc-soyprods-cash-mkt 14190 
bc-spot-tin-slightly-low 14081 
bc-st-joseph-hogs-up-1.0 14160 
bc-st-louis-cattle-stead 14067 
bc-st-paul-cattle-up-1.0 14187 
bc-st-paul-hogs-up-1.00/ 14188 
bc-stockholm-exchanges-c 14060 
bc-stone- 14135 
bc-super-rite-foods-inc 14166 
bc-sweden's-ericsson-win 14039 
bc-swedish-finance-firms 14100 
bc-swedish-industry-sees 14106 
bc-tele-communications- 14099 
bc-texas-panhandle/w-okl 14010 
bc-u.k.-grain-futures-cl 14132 
bc-u.s.-corn-product-pri 14186 
bc-u.s.-energy-futures 14107 
bc-u.s.-posted-prices-re 14044 
bc-u.s.-spot-products 14083 
bc-university- 14165 
bc-volcker-pushes-spendi 14012 
bc-volcker-sees-tight-po 14055 
bc-walker-telecommunicat 14096 
bc-wall-street-indices-1 14101 
bc-wall-street-stocks/au 14184 
beans 14016 14049 14075 14082 14123 14162 14193 
beaumont-dark 14030 
bedford 14069 
began 14100 14147 14173 
begin 14199 
beginning 14111 14190 
belgium 14126 
bell 14039 
bellies 14019 14058 14116 14124 14179 
bellsouth 14009 
belly 14051 
beneath 14043 
benefit 14199 
benefitting 14063 
bengt 14100 
beryllium 14080 
bfc 14026 
bfi 14195 
bfr 14060 
bid 14045 14110 14176 14186 
bid/ask 14128 
bifocal 14165 
big 14030 
biggest 14030 14100 
bill 14012 14164 
billion 14070 14088 14100 14109 14207 14208 
bills 14164 
bio-chem 14093 
bismuth 14174 
black 14154 
blah 14034 14050 14150 14161 14182 14197 14200 14202 
bleachable 14130 14139 
bleak 14088 
board 14012 14055 14084 14088 14184 
boeing 14077 14140 
bond 14068 14208 
bonds 14068 14109 
bonus 14157 14182 
bookrunners 14208 
boost 14068 
bop 14109 
bordeaux 14027 
boston 14061 14098 14103 14131 14141 14151 14154 14183 
bottom 14117 
bought 14045 14074 14109 14131 14157 14201 
bound 14100 
bran 14138 
branch 14154 
brass 14158 
brazil 14029 
brazilian 14062 14189 
breach 14037 
breakfast-time 14030 
brent 14107 
brierley 14208 
britain 14140 14211 
british 14030 14031 14077 14111 14126 
broad 14188 
broken 14174 
brokerage 14131 
brokers 14062 14074 14083 14117 14157 14199 
brown 14135 14148 
browning-ferris 14195 
brussels 14126 
bt 14195 
bty.l 14111 
budget 14012 14055 14109 
build 14071 14140 
bulb 14090 
bulk 14186 
bull 14050 14070 14184 
bullion 14001 
bullish 14042 14184 
bundesbank 14109 
buoyed 14043 
bureau 14145 
burning 14071 14195 
bushel 14042 14062 
bushels 14133 14134 
business 14028 14111 14155 14189 
butter 14128 
buy 14073 14083 14131 14135 14146 14149 14184 14201 
buyer 14007 14035 14064 14066 14074 14085 14105 14120 
buyers 14062 
buying 14010 14037 14042 14051 14063 14074 14117 14183 14196 
buyside 14061 
bypass 14001 14002 14003 14004 14005 14006 14007 14008 14009 14010 14011 14013 14014 14015 14016 14017 14018 14019 14020 14021 14022 14023 14024 14025 14026 14027 14029 14032 14033 14035 14036 14037 14038 14040 14041 14042 14043 14044 14045 14046 14047 14048 14049 14051 14052 14053 14054 14057 14058 14059 14060 14061 14062 14063 14064 14065 14066 14067 14074 14075 14076 14078 14079 14081 14082 14083 14084 14085 14089 14097 14101 14102 14104 14105 14107 14108 14110 14112 14113 14114 14115 14116 14117 14118 14119 14120 14121 14122 14123 14124 14125 14127 14128 14129 14130 14132 14133 14134 14136 14137 14138 14139 14142 14144 14145 14152 14155 14157 14158 14159 14160 14161 14162 14163 14167 14169 14170 14171 14172 14174 14175 14176 14179 14181 14183 14185 14186 14187 14188 14189 14190 14191 14192 14193 14194 14196 14198 14203 14204 14205 14206 14208 14209 
byr 14027 14191 
byr/119 14027 
byr/127.50 14027 
byrs 14158 
c. 14072 
cable 14099 
cadmium 14174 
caesars 14009 
cairo 14088 
caisse 14208 
calgary 14177 
call 14030 14110 14176 14183 14207 14209 
calls 14030 14065 
calton 14147 
canada 14072 14080 14111 14151 14164 14177 
canadian 14111 
capacity 14106 14143 14199 
capital 14073 14088 14098 14100 14109 14147 14148 14151 14208 
care 14070 
carfle 14028 
carlots 14138 
carolina 14141 14190 
carrier 14031 14173 
carries 14136 
carry 14096 
carryover 14051 
cars 14139 
carve 14100 
case 14043 
cash 14007 14029 14035 14045 14051 14064 14066 14083 14085 14105 14120 14122 14136 14139 14144 14190 
casting 14145 
cathodes 14174 
cattle 14004 14005 14010 14018 14067 14089 14115 14187 
caution 14175 
cautious 14001 
cautiously 14132 
cb 14154 
cbl 14154 
cbt 14008 14013 14015 14016 14017 14020 14025 14042 14049 14062 14074 14075 14082 14118 14123 14162 14193 
cdt 14008 14013 14015 14017 14020 14025 
cecos 14195 
cedar 14186 
ceiling 14043 
cement 14143 
cent 14005 14029 14037 14045 14051 14062 14074 14083 14107 14117 14157 14190 
center 14056 14094 
centimes 14063 
central 14017 14100 14190 14207 
centrale 14208 
centre 14087 
centrifugal 14130 14139 
centrist 14030 
cents 14001 14029 14037 14038 14042 14062 14117 14139 14144 14157 
cereals 14126 
certificates 14017 
chairman 14012 14043 14055 14063 14072 14095 14100 14184 14210 
chalons/modane 14027 
champion 14135 
champion's 14135 
champlin 14044 
chance 14100 
change 14021 14080 14125 14134 14137 14170 14181 14184 
changeable 14068 
changed 14043 14107 14189 14207 
chart 14042 
charter 14077 
chemical 14195 
chemicals 14149 
cheshire 14154 
chevron 14044 
chicago 14005 14042 14045 14051 14062 14074 14092 14130 14135 14139 14157 14183 14186 14189 14190 14196 
chief 14068 14095 14197 
chili 14148 
china 14211 
chinooks 14140 
chip 14199 
chips 14199 
chli 14148 
choice 14010 14018 14055 14067 14089 14115 14130 14139 14187 
chorus 14030 
chrome 14174 
chrysler 14102 14184 
cif 14108 14130 14174 14186 14189 
circulated 14184 
citgo 14044 
citruspulp 14189 
city 14011 14014 14046 14052 14078 14115 14119 14121 14133 14134 14138 14154 14157 14159 14167 14192 
civil 14086 
class 14073 
clbga 14156 14180 
climate 14100 
climbed 14184 
climbing 14080 
close 14001 14038 14041 14042 14047 14048 14053 14054 14057 14059 14079 14104 14132 14183 14196 
closed 14001 14038 14043 14132 14143 14149 14184 14196 
closes 14043 
closing 14028 14032 14041 14043 14063 14076 14107 14108 14158 14185 14198 14209 
clsg 14060 14110 14176 
club 14088 14202 
cme 14019 14058 14116 14124 14179 
cn 14147 
co-developed 14086 
co-lead 14098 
co-managers 14098 
coast 14183 
coastal 14044 
cobalt 14174 
cocoa 14065 14108 14128 14129 14176 14181 14204 
coconut 14183 
coffee 14003 14029 14065 14110 14112 14170 14206 
coils 14158 
coincide 14030 
coincinding 14077 
colin 14030 
collaboration 14111 
colonial 14156 14180 
columbus 14163 
combined 14038 
combining 14109 
comex 14021 14023 14114 14125 14127 
coming 14068 14183 14184 
commanding 14030 
comment 14184 
commented 14038 
commenting 14068 
comments 14030 14043 14063 14080 
commercial 14045 14056 14087 14100 14207 
commerzbank 14098 
commission 14051 14088 14117 14126 14131 14141 14147 14148 14201 
commitment 14031 14210 
commitments 14077 
committee 14012 14030 14043 14055 14088 14126 14210 
commodity 14065 
common 14073 14135 14147 
community 14109 
comp 14024 
compagnie 14070 
company 14039 14044 14056 14069 14070 14071 14072 14077 14080 14086 14087 14090 14111 14135 14141 14143 14148 14149 14177 14184 
compared 14063 14088 
comparison 14144 14186 
compete 14100 
complete 14154 
completed 14056 14087 14141 14154 14173 
completely 14068 
completes 14056 14087 
completion 14077 
components 14199 
composite 14056 14087 14101 
comprehensive 14210 
comprising 14088 
computer 14070 14151 14199 
computers 14050 14056 14070 14087 14199 
con 14060 
concentrated 14189 
concern 14030 
conference 14100 
confined 14063 
confirmed 14010 14031 14042 14109 
confirms 14031 
congress 14012 14055 
conn 14071 14154 
conn. 14143 14153 14165 
connected 14173 
connecticut 14071 
connection 14135 
conoco 14044 
conroy 14090 
consensus 14202 
conservative 14030 
conservatives 14030 14043 
consideration 14126 
consistently 14107 
consists 14073 
consolidation 14143 
consortium 14031 
constant 14109 
construction 14071 14173 14195 
constructive 14055 
consumers 14189 
consumption 14143 14145 
contact 14165 
container 14135 
continental 14074 
contingent 14141 14195 
continue 14143 14190 
continued 14005 14037 14038 14045 14132 14190 14199 
continues 14030 14107 
contract 14031 14037 14039 14042 14071 14096 14141 
contractors 14154 
contracts 14068 14141 
contributing 14210 
control 14070 14071 14126 
conversion 14128 
convertible 14148 
cooling 14190 
cooperation 14080 14111 
copper 14036 14064 14066 14122 14127 14136 14142 14158 
corn 14008 14016 14027 14049 14062 14075 14082 14123 14133 14134 14138 14162 14186 14193 
cornglutenfeed 14189 
corp. 14201 
corporate 14147 14148 
corroon 14154 
cos 14006 14094 
cost 14071 14172 14173 14195 
costs 14184 14199 
cotton 14065 14097 14117 14203 
counter-productive 14043 14063 
counterproductive 14012 
countries 14055 14088 14210 14211 
country 14096 14163 14199 
county 14030 14195 
coupon 14098 14208 
courier 14201 
cover 14189 
covered 14149 
covering 14132 14148 
cp 14006 14009 
cpl 14141 
cq 14003 14004 14011 14023 14040 14075 14113 14114 14116 14127 14137 14161 14170 14181 14203 14205 
craft 14031 
cream 14072 
create 14199 
credit 14068 14098 14100 14208 
creditors 14088 
creil 14027 
crisis 14100 
crop 14042 14062 14132 
cross 14132 
crowns 14100 
crownx 14151 
crude 14083 14107 14144 14211 
crush 14190 
crushers 14190 
ct7-6 14086 
cts/gal 14083 
cumulative 14027 
currencies 14063 
currency 14081 14207 
current 14030 14068 14109 14173 
customer 14178 
cut 14184 14199 
cuts 14012 14199 
cutting 14190 
cwt 14052 14119 14163 14171 14188 
d-rams 14199 
d-vt. 14210 
d-wisc 14055 
d.mark 14057 
daily 14173 
dainippon 14149 
daiwa 14208 
dal 14173 
dallas 14173 
dallas/fort 14173 
dam 14141 
damaging 14055 
dame 14141 
damper 14117 
danville 14190 
data 14043 
date..w.t.i 14044 
dates 14031 
day 14043 14175 
day's 14038 
days 14084 
deal 14012 14140 
dealer 14038 14063 
dealers 14001 14038 14043 14063 14081 14139 14175 14178 14190 
dealings 14042 14051 14062 14196 
debentures 14148 
debt 14056 14087 14088 14148 14207 
debtor 14055 
debts 14088 
dec 14048 14053 14054 14079 14104 14108 14128 14170 14176 14181 14185 14191 14209 
dec/jan 14020 14025 
dec/jul 14008 
dec/mar8 14008 
dec7 14003 14011 14014 14016 14021 14023 14046 14049 14075 14078 14082 14097 14112 14114 14118 14121 14123 14125 14127 14129 14159 14162 14192 14193 14203 
dec8 14021 14023 14125 14127 
decatur 14144 14186 14190 
december 14117 14145 
decided 14030 14055 14126 14131 
decision 14030 14126 
declared 14147 
decline 14005 14037 14043 14210 
declined 14092 14145 
declines 14006 14009 14102 
declining 14109 
deficit 14012 14043 14055 14109 
del 14208 
delays 14062 
deleted 14044 
deliverable 14042 
deliveries 14077 14183 14199 
delivery 14031 14117 14177 14190 
delmarva 14009 
delta 14173 
demand 14005 14038 14045 14051 14080 14106 14143 14163 14171 14183 14188 14190 
demonstating 14199 
dennis 14100 
denominations 14098 
department 14029 14071 14164 
depend 14030 
depending 14031 14126 
depends 14038 
deposits 14080 
depressed 14196 
deputy 14197 
deregulated 14100 
deregulation 14100 
des 14070 14208 
designed 14056 14068 14087 14111 
detachable 14073 
details 14031 14039 
determined 14073 
detroit 14184 
develop 14090 14210 
developed 14045 
developing 14080 
development 14073 14088 14098 14151 
develops 14151 
dfl 14026 14060 
diamond.sh..3/12/87 14044 
difference 14008 14015 14020 14025 14068 
differentials 14108 
dig 14006 
digital 14039 14073 
dioxide 14174 
dipped 14063 
direct 14052 14109 14161 14163 14171 14178 
direction 14157 
disappear 14100 
disappointing 14043 14062 
disclose 14184 
discount 14045 14083 14084 
discounted 14207 
discussed 14100 
dislcosed 14156 
dismissed 14030 
distribute 14111 
distribution 14111 
div 14166 14168 
dividend 14182 14184 
dkr 14060 
dlr 14010 14018 14022 14040 14052 14056 14067 14070 14074 14087 14089 14107 14111 14115 14119 14148 14151 14160 14163 14167 14169 14171 14187 14188 14208 
dlrs/bbl 14044 
dlvd 14027 14158 
dmk 14026 14060 
dn 14134 
doldrums 14190 
dollar 14026 14043 14063 14098 14175 14189 14196 
domestic 14088 14106 14109 14143 
dominated 14107 
donaldson 14199 
double 14199 
dow 14038 14102 
downing 14030 
downtime 14190 
downtown 14056 14087 
dps 14070 
drafting 14012 
dramatic 14207 
draw 14037 
dresdner 14182 
dressing 14115 
drew 14199 
dried 14199 
drkn 14094 
drop 14062 14109 
dropped 14037 
drug 14165 
dry 14158 14199 
dtinu 14073 
due 14030 14042 14043 14088 14100 14109 14180 14183 14208 
dump 14199 
dunkirk 14027 
durakon 14094 
dutch 14183 14207 
e.f. 14074 14201 
eaf 14153 14201 
earlier 14043 14073 14080 14153 
early 14029 14030 14037 14042 14043 14045 14051 14062 14063 14074 14100 14102 14117 14119 14139 14175 14183 14196 
earn 14069 14091 14093 14103 14166 14168 14180 14182 
earned 14184 
earnings 14184 
eary 14045 
ease 14051 
eased 14001 14051 14063 14145 
easier 14043 14136 14196 
east 14052 14183 14186 
eastern 14017 14144 14190 
ec 14032 14126 
eca 14088 
eca-adb 14088 
economic 14088 14106 14210 
economies 14088 
economists 14178 
ecu 14208 
edged 14199 
edible 14130 14139 
edt 14011 14014 14016 14019 14046 14049 14058 14075 14078 14082 14116 14118 14121 14123 14124 14159 14162 14179 14192 14193 
edward 14028 
effect 14100 14199 
effective 14147 
effectively 14208 
effort 14086 
egypt 14157 
eh 14086 
eh-101 14140 
elaborate 14080 
elastin 14072 
election 14030 14043 14063 
elections 14030 
electric 14086 14208 
electrical 14141 
electronic 14080 14199 
elevator 14134 
eleven 14110 
elliot 14199 
emerge 14190 
emerged 14190 
emery 14153 14201 
emphasis 14189 
ems 14043 
end 14043 14068 14088 14107 14184 
end-1986 14100 
end-user 14081 
ended 14001 14038 14043 14063 14077 
energy 14071 14107 14141 14195 
engine 14031 
engineering 14106 
engines 14086 
england 14041 14086 
enquiry 14081 
enrgy 14071 
ensure 14100 
enter 14043 
entered 14090 14151 14178 
enterprises 14028 
entire 14100 
entitle 14177 
entitles 14149 
environmental 14103 14141 
envisaged 14126 
eproms 14199 
eq 14006 14009 14101 14152 
equal 14100 14146 
equipment 14039 14073 14199 
equity 14056 14087 14090 14208 
equivalent 14100 
eric.st 14039 
ericsson 14039 
eroded 14038 
est 14029 14083 
estate 14090 
estimated 14036 14065 14071 14080 14088 14161 14163 14195 
estimates 14163 14184 
eure 14027 
eurobond 14098 14208 
eurodollar 14048 
europe 14174 14208 
european 14081 14109 14126 14140 14189 
evidence 14199 
ex-european 14174 
ex-mill 14183 
ex-tank 14183 
exchange 14039 14043 14061 14068 14080 14111 14131 14147 14148 14154 14201 
exclusive 14094 
executive 14068 14095 
executives 14184 
exercisable 14149 
exercise 14135 14149 
existing 14031 14173 
exited 14199 
expand 14173 
expansion 14068 14090 
expectations 14043 14045 14051 14063 14184 
expected 14029 14042 14071 14077 14106 14141 14178 14184 14199 14207 
expects 14106 14143 
expellers 14189 
expenditures 14148 
explosive 14100 
export 14042 14062 14117 14157 14190 
exported 14109 
exporters 14042 
exports 14106 14109 
extend 14088 14151 
external 14088 
extremely 14043 
exxon 14044 
f-cattle 14019 14058 14116 14124 14179 
f1137 14001 
f1138 14002 
f1140 14003 
f1143 14004 
f1145 14005 
f1146 14006 
f1147 14007 
f1148 14008 
f1150 14009 
f1151 14010 
f1152 14011 
f1153 14012 
f1154 14013 
f1155 14014 
f1156 14015 
f1157 14016 
f1158 14017 
f1159 14018 
f1161 14019 
f1162 14020 
f1163 14021 
f1164 14022 
f1165 14023 
f1167 14024 
f1168 14025 
f1169 14026 
f1170 14027 
f1172 14028 
f1173 14029 
f1174 14030 
f1175 14031 
f1177 14032 
f1178 14033 
f1179 14034 
f1180 14035 
f1181 14036 
f1182 14037 
f1183 14038 
f1184 14039 
f1185 14040 
f1186 14041 
f1188 14042 
f1189 14043 
f1190 14044 
f1193 14045 
f1194 14046 
f1196 14047 
f1197 14048 
f1198 14049 
f1200 14050 
f1201 14051 
f1202 14052 
f1205 14053 
f1206 14054 
f1207 14055 
f1209 14056 
f1211 14057 
f1215 14058 
f1216 14059 
f1217 14060 
f1219 14061 
f1220 14062 
f1221 14063 
f1223 14064 
f1224 14065 
f1225 14066 
f1226 14067 
f1227 14068 
f1230 14069 
f1231 14070 
f1232 14071 
f1234 14072 
f1235 14073 
f1236 14074 
f1237 14075 
f1239 14076 
f1241 14077 
f1242 14078 
f1243 14079 
f1244 14080 
f1246 14081 
f1247 14082 
f1248 14083 
f1249 14084 
f1251 14085 
f1252 14086 
f1254 14087 
f1255 14088 
f1256 14089 
f1259 14090 
f1260 14091 
f1261 14092 
f1262 14093 
f1263 14094 
f1264 14095 
f1265 14096 
f1266 14097 
f1267 14098 
f1268 14099 
f1269 14100 
f1270 14101 
f1272 14102 
f1273 14103 
f1274 14104 
f1277 14105 
f1281 14106 
f1282 14107 
f1283 14108 
f1284 14109 
f1285 14110 
f1286 14111 
f1287 14112 
f1289 14113 
f1292 14114 
f1293 14115 
f1294 14116 
f1297 14117 
f1298 14118 
f1299 14119 
f1300 14120 
f1301 14121 
f1303 14122 
f1304 14123 
f1306 14124 
f1308 14125 
f1309 14126 
f1310 14127 
f1311 14128 
f1313 14129 
f1315 14130 
f1316 14131 
f1318 14132 
f1319 14133 
f1320 14134 
f1321 14135 
f1322 14136 
f1323 14137 
f1326 14138 
f1328 14139 
f1329 14140 
f1331 14141 
f1332 14142 
f1334 14143 
f1337 14144 
f1340 14145 
f1341 14146 
f1342 14147 
f1343 14148 
f1344 14149 
f1345 14150 
f1346 14151 
f1347 14152 
f1348 14153 
f1349 14154 
f1350 14155 
f1351 14156 
f1352 14157 
f1353 14158 
f1354 14159 
f1355 14160 
f1357 14161 
f1358 14162 
f1359 14163 
f1360 14164 
f1361 14165 
f1362 14166 
f1363 14167 
f1364 14168 
f1365 14169 
f1366 14170 
f1367 14171 
f1368 14172 
f1369 14173 
f1370 14174 
f1371 14175 
f1372 14176 
f1373 14177 
f1375 14178 
f1377 14179 
f1378 14180 
f1379 14181 
f1380 14182 
f1381 14183 
f1383 14184 
f1384 14185 
f1385 14186 
f1386 14187 
f1388 14188 
f1390 14189 
f1391 14190 
f1392 14191 
f1393 14192 
f1394 14193 
f1396 14194 
f1397 14195 
f1398 14196 
f1399 14197 
f1400 14198 
f1401 14199 
f1403 14200 
f1404 14201 
f1405 14202 
f1407 14203 
f1408 14204 
f1409 14205 
f1411 14206 
f1413 14207 
f1415 14208 
f1416 14209 
f1417 14210 
f1418 14211 
faced 14100 
facilitate 14070 
facilities 14096 14173 
facility 14071 
fact 14100 
factor 14092 14199 
factories 14070 
factors 14081 
faded 14183 
failed 14042 14199 
failing 14043 
fairly 14045 
fall 14109 
falling 14045 
falloff 14068 
falls 14018 14022 14092 14141 
family 14070 
fancy 14139 
farm 14210 
farmer 14045 
fas 14130 
fast-improving 14030 
faulted 14210 
favor 14055 
fd 14095 
fdrc 14095 
featured 14062 14107 
feb 14091 14185 
feb8 14019 14021 14023 14058 14116 14118 14124 14125 14179 
feb9 14023 
february 14043 14109 14135 
fed 14043 14063 14150 14178 
federal 14012 14055 14084 14095 14141 14178 
feed 14027 14126 14186 
feeder 14005 
feedlot 14010 
feedlots 14010 
feeds 14074 14189 
fees 14098 
fell 14068 14102 14106 14109 
felt 14030 
ferro 14174 
ff 14027 
ffr 14026 14060 
fhlbb 14084 
fiat 14086 14140 
fiat.mi 14140 
fiber 14096 
fields 14001 
fieldwork 14045 
figure 14062 14109 
figures 14043 14106 
filed 14135 14148 
files 14135 14148 
filled 14143 
final 14071 
finance 14063 14100 
financial 14001 14039 14056 14068 14087 14100 14109 
financials 14001 
financing 14071 14088 
find 14068 
finish 14001 14043 
finished 14063 14106 14145 
firm 14001 14030 14031 14042 14045 14056 14067 14087 14102 14131 14157 14183 14196 
firmed 14043 
firmer 14001 14029 14042 14062 14083 14132 14157 14196 
firming 14043 
firms 14050 14100 14106 14111 14151 14201 
five-year 14088 
fix 14076 14175 
fixed 14071 14208 
fla. 14093 14156 14168 
flag 14031 14211 
flags 14211 
flash 14022 14033 14040 
flask 14174 
flat 14143 
fleet 14030 
flights 14173 
float 14043 
floating 14208 
flour 14138 14157 
flower 14090 
fluctuations 14026 
fob 14027 14130 14158 14186 14189 14191 
follow-through 14042 
food 14165 
foods 14166 
footing 14100 
forcing 14199 
ford 14009 14102 14184 
forecasting 14106 
foreign 14109 14143 14211 
foreigners 14109 
forest 14106 
form 14199 
formed 14070 
formulas 14071 
forsee 14029 
forstall 14199 
fort 14093 
forward 14088 14107 
four-engined 14031 
fox 14030 
fq 14006 14009 14024 14101 14152 
fractionally 14207 
franc 14043 14063 
france 14070 14088 
franchise 14090 
franchises 14090 
francs 14063 14128 14149 14175 
frankfurt 14043 14109 
free 14081 
freehold 14147 
freight 14153 14201 
french 14043 14063 14128 
fresh 14038 14081 14157 14183 
fricke 14184 
friday 14001 
fromartz 14199 
ft- 14068 
ft-se 14068 
full 14106 
fully 14067 
fund 14088 14148 14201 
fundamentals 14005 14107 
funds 14109 14178 
future 14080 14140 
futures 14005 14011 14014 14029 14036 14037 14042 14045 14046 14051 14062 14065 14068 14074 14078 14083 14102 14107 14117 14121 14132 14157 14159 14183 14192 14196 
g-5 14043 
gain 14005 14030 
gained 14092 14102 14163 14184 
gaining 14083 
gains 14038 14042 14043 14045 14051 14062 14117 14132 14183 14196 
gallium 14174 
gallon 14083 14107 
gandalf 14111 
gap 14143 
garden 14154 
gasoline 14083 14107 
gates 14173 
gave 14030 14106 
gca 14009 
gdp 14088 
ge 14086 
gen 14009 
general 14005 14063 14086 14147 14148 14184 
generally 14175 14189 
generated 14141 
genuinely 14199 
german 14109 
germanium 14174 
germany 14109 
ghana 14108 
ghent 14189 
gilt 14033 14040 14068 14089 14119 14160 14163 14167 14169 14171 14188 
gilts 14022 14052 14068 14104 
give 14055 14088 14100 
giving 14030 14126 
gluten 14186 
gm 14102 14184 
goal 14012 
gold 14001 14013 14017 14023 14036 14038 14076 14207 
golden 14177 
goldman 14148 14184 
goldsil 14177 
good 14010 14030 14163 14171 
goods 14106 14199 
gotthard 14149 
government 14030 14088 14106 14126 14164 14178 
government-appointed 14100 
governor 14100 
governors 14088 
gq 14008 14014 14015 14016 14019 14020 14025 14046 14049 14058 14078 14082 14097 14121 14123 14124 14159 14162 14179 14192 14193 14203 
grade 14081 14136 14142 
gradings 14204 14206 
gradings/tenders 14204 14206 
grain 14011 14014 14046 14074 14078 14121 14126 14132 14133 14134 14138 14159 14192 
grains 14027 
granted 14072 14073 14100 
graphics 14151 
grease 14130 14139 
great 14068 14130 
greater 14055 
greatly 14080 
greenwich 14143 
grew 14109 
grey 14100 14199 
greylock 14151 
grootvlei 14001 
gross 14088 
ground 14063 
group 14086 14154 
grow 14068 
growth 14068 14088 14100 
guesses 14051 
guilders 14183 14207 
gulf 14062 14083 14186 14211 
half 14071 14109 14136 
halted 14199 
ham 14045 
hambros 14098 
hand 14199 
handicapping 14028 
hands 14189 
hannesson 14095 
happy 14055 
harbor 14083 
hard 14157 14189 
harris 14030 
harrisburg 14166 
harvest 14062 
hauppauge 14091 14096 
havre 14110 
hazardous 14195 
head 14010 14119 
headquartered 14154 
hearing 14210 
hearings 14195 
heating 14107 
heavyweight 14001 
hecla 14080 
heifers 14010 14018 14067 14089 14115 14187 
held 14043 14088 14145 14184 14190 
helicopter 14086 14140 
hg 14035 14066 14122 
high 14001 14043 14047 14048 14050 14051 14053 14054 14057 14059 14079 14081 14104 14107 14115 14136 14189 14191 14199 
high-performance 14070 
higher 14001 14005 14010 14029 14038 14045 14051 14052 14062 14067 14068 14074 14102 14106 14119 14132 14145 14157 14184 
highlights 14208 
highs 14005 14038 14042 14045 14107 14183 
highwood 14080 
hit 14001 14055 14100 
hitting 14001 
hiwdf 14080 
hog 14045 14051 14130 14139 
hogs 14004 14019 14022 14033 14040 14045 14052 14058 14116 14119 14124 14160 14161 14163 14167 14169 14171 14172 14179 14188 
hold 14042 14043 14062 14107 
holder 14135 14149 
holdings 14056 14087 14201 14207 
home 14030 14084 14094 
hon 14070 
honeywell 14050 14070 
hope 14210 
hopeful 14088 
hopes 14031 14157 
horowitz 14028 
horsepower 14086 
hospital 14061 
hospitals 14070 
hour 14070 
hours 14141 
house 14051 14062 14074 14117 14197 
houses 14037 
housing 14207 
houston 14195 
hrs 14008 14015 14020 14025 14029 
hurt 14034 14102 
hurting 14055 
hutton 14074 14201 
hydroelectric 14141 
hype 14030 
ia-so 14161 
idaho 14039 14080 
identity 14100 
idle 14183 
ill 14186 
illinois 14144 14190 
imf 14043 
immediately 14080 
important 14012 14199 
imported 14109 14143 
imports 14109 14145 
imposed 14100 
in-house 14056 14087 
inability 14037 
incentive 14055 14184 
inching 14199 
incinerator 14195 
includes 14056 14070 14087 14100 14180 
including 14132 14145 14207 14211 
income 14109 14201 
increase 14068 14088 14100 14190 
increased 14080 14088 14092 14109 14111 14131 14190 14201 
increases 14088 14106 
index 14001 14038 14041 14101 14152 
indiana 14171 14190 
indianapolis 14171 
indication 14068 
indications 14029 14051 14128 
indices 14101 
indium 14174 
individual 14100 
industrial 14102 14195 
industrials 14001 14101 
industrie 14031 
industries 14086 14094 14143 14195 
industry 14098 14106 14143 14199 
inedible 14130 14139 
inevitable 14100 
inflow 14109 
influenced 14107 
influencing 14132 14196 
influential 14030 
information 14056 14087 14111 
ingot 14145 
ingots 14174 
ingots/sticks 14174 
ingredient 14072 
initial 14042 14074 
initiatives 14151 
injection 14178 
ink 14149 
inquiry 14010 14100 
install 14195 
installation 14056 14087 
installed 14056 14087 
instances 14119 
institute 14106 
institution 14069 14088 
institutions 14068 
int 14170 
integrated 14070 14145 
intends 14028 14195 
intent 14099 14156 
interest 14010 14029 14030 14055 14063 14083 14090 14132 14181 
interest-april 14137 
interim 14043 
international 14029 14031 14068 14131 14135 14173 14195 14199 14208 
internationalization 14143 
interstate 14096 14156 
intervention 14126 
intially 14196 
introduced 14070 
introduces 14050 
introduction 14068 
inventories 14083 14106 
inventory 14070 
investment 14034 14055 14056 14087 14109 14151 14201 
investments 14208 
investors 14038 14109 14184 14201 
involve 14140 
involved 14196 
iowa 14017 14186 
iran 14211 
iraq 14211 
iridium 14174 
irregular 14209 
issue 14098 14148 14177 14182 
issued 14071 14135 14208 
issues 14098 
issuing 14098 14208 
italy 14086 
ivory-coast 14088 
james 14043 14184 
jan 14032 14110 14137 
jan/dec 14189 
jan/jne 14189 
jan/mar8 14015 
jan8 14002 14016 14021 14049 14075 14082 14113 14114 14123 14125 14127 14162 14193 14205 
jan9 14021 14125 14127 
january 14031 14109 
japan 14070 14199 
japanese 14199 
jefferson 14052 14195 
jenkins 14068 
jenrette 14199 
jets 14077 
jly 14137 14170 14181 
jne 14189 
job 14140 
johannesburg 14001 
john 14095 14107 
joining 14151 
joint 14043 14086 14099 14151 14208 
jointly 14088 
joliet 14169 
jones 14038 14102 
jordan 14157 
joseph 14160 
jul 14032 14108 14110 14128 14176 
jul/aug 14015 14020 14025 
jul/aug/sep 14027 
jul/dec 14020 14025 
jul/may 14008 
jul/nov 14015 
jul/sep 14008 14108 
jul7 14002 14003 14011 14014 14016 14019 14021 14046 14049 14058 14075 14078 14082 14097 14112 14113 14114 14116 14121 14123 14124 14125 14127 14129 14159 14162 14179 14192 14193 14203 14205 
jul8 14002 14003 14021 14097 14112 14113 14125 14127 14129 14203 14205 
july 14029 14042 14062 14074 14157 14195 
july/december 14157 
jump 14109 
jun 14047 14048 14053 14054 14057 14059 14079 14104 14185 14198 
jun/aug 14108 
jun7 14019 14021 14023 14058 14114 14116 14118 14124 14125 14127 14179 
jun8 14023 14118 
june 14030 14045 14088 14126 14146 14168 
june/short 14045 
kagaku 14208 
kansai 14208 
kansas 14011 14014 14046 14078 14121 14133 14134 14138 14157 14159 14167 14192 
keeping 14117 
kellogg 14131 
kentucky 14195 
kerbs 14142 
kernel 14183 
key 14030 14199 
kilo 14174 14198 
kilos 14027 14158 14189 
kilowatt 14141 
kittanning 14141 
knight-ridder 14099 
kogyo 14208 
kotts 14095 
kri 14099 
krugerrand 14076 
kurlack 14199 
kuwait 14211 
kuwaiti 14211 
l-cattle 14019 14058 14116 14124 14179 
l.m 14039 
la 14027 
lab 14006 
labour 14030 
lack 14042 14183 
ladenburg 14199 
lake 14080 14141 
lakes 14130 
landslide 14030 
lanthanide 14080 
lanthanides 14080 
lapeer 14094 
lard 14130 14139 
large 14043 14050 14070 14120 14136 
large-scale 14088 
largely 14109 
largest 14106 
late 14010 14102 14173 14175 14196 
latest 14005 14045 
lauderdale 14093 
launch 14031 
lavoro 14208 
law 14156 
lb 14010 14037 14052 14074 14117 14130 14139 14144 14174 14190 
lbo 14201 
lbs 14018 14022 14033 14040 14051 14067 14089 14115 14119 14160 14167 14169 14171 14174 14187 14188 
lce 14143 
lead 14005 14007 14030 14098 14122 14126 14136 14158 14199 14208 
leader 14210 
leading 14030 
leahy 14210 
learn 14068 
lease 14077 
leased 14077 
leases 14077 
leasing 14100 
leave 14126 
led 14102 14109 14151 
leeds 14131 
legislation 14012 14030 
lending 14088 14100 
lens 14165 
lenses 14165 
lent 14043 14157 
leone 14206 
letter 14099 14156 
levels 14183 14190 14207 
levine 14199 
liberty 14156 
license 14100 14141 
liffe 14047 14048 14053 14054 14057 14059 14068 14079 14104 
lifted 14051 
light 14042 14051 14062 14071 14132 14141 14157 14196 
lighter 14132 
limited 14043 14045 14067 
line 14070 
liner 14094 
lines 14173 
link 14096 
linseed 14189 
liquidate 14028 
listed 14098 
lit 14026 14060 
live 14045 14199 
livestock 14004 
lme 14007 14035 14064 14066 14085 14105 14120 14122 14136 14142 
load 14018 14092 14115 
loads 14089 
loan 14084 14180 
loans 14055 14088 14100 14207 
local 14030 14051 14062 14071 14074 14107 14207 
locals 14051 
located 14071 
lock 14141 
loir 14027 
lomdon 14053 
london 14026 14030 14031 14032 14047 14048 14054 14056 14057 14059 14068 14076 14079 14081 14098 14104 14108 14111 14132 14140 14146 14155 14158 14174 14183 14185 14191 14194 14196 14198 14204 14206 14208 
london/s.counties 14158 
lone 14143 
long 14045 14068 14109 14199 
long-range 14031 
long-term 14077 14109 
losing 14210 
loss 14103 
losses 14063 14100 14140 14180 
lost 14063 
lot 14038 
lots 14067 14068 14132 14196 
louis 14067 
louisiana 14044 
low 14042 14047 14048 14053 14054 14057 14059 14079 14094 14104 14191 
lowe 14094 
lower 14005 14051 14081 
lq 14004 14022 14033 14040 14161 14172 
lufkin 14199 
lugano 14149 
lumps 14174 
luxembourg 14098 
lynch 14056 14087 14098 14147 14199 
lynn 14086 
lyonnais 14208 
machine 14140 
machines 14070 14199 
made 14077 14088 14126 14140 14207 
main 14088 14100 
mainstay 14199 
maintained 14183 
maintains 14184 
major 14088 14100 14135 14184 
majority 14030 
make 14055 14100 14184 
maker 14140 
makers 14199 
malta 14146 
man 14030 
man-hours 14140 
management 14126 14151 14201 
manager 14098 14208 
managers 14098 
manganese 14174 
manhattan 14056 14087 
manufacturers 14199 
manufactures 14199 
manufacturing 14106 
mar 14032 14048 14053 14054 14104 14110 14128 14176 14191 14209 
mar/may 14108 
mar/may8 14015 
mar8 14002 14003 14011 14014 14016 14021 14046 14049 14075 14078 14082 14097 14112 14113 14114 14121 14123 14125 14127 14129 14159 14162 14192 14193 14203 14205 
marathon 14044 
marcus 14030 
margaret 14030 
margin 14102 
marginal 14030 
marginally 14029 14157 14183 
margins 14190 
mark 14043 14063 14109 14175 
mark-ups 14183 
market 14029 14037 14043 14045 14051 14081 14100 14117 14126 14157 14178 14184 14189 14190 14196 14199 14207 14208 
marketing 14073 14151 14165 
markets 14051 14056 14068 14074 14083 14087 14098 14100 14147 14172 14183 14208 
marks 14043 14109 14182 14189 
marne 14027 
mass. 14069 14086 
material 14080 14106 
matter 14195 
matures 14098 
maturity 14084 
maximum 14030 
may/aug 14020 14189 
may/dec 14008 14020 
may/jne 14189 
may/jul 14015 14020 14025 14108 14183 
may/nov 14015 
may/sep 14189 
may7 14002 14003 14011 14014 14016 14019 14021 14023 14046 14049 14058 14075 14078 14082 14097 14112 14113 14114 14116 14118 14121 14123 14124 14125 14127 14129 14159 14162 14179 14192 14193 14203 14205 
may8 14002 14003 14021 14097 14112 14113 14114 14125 14127 14129 14203 14205 
mcdonald 14184 
mch 14137 14170 14181 14189 
mch/apl 14189 
mcintyre 14030 
mcpherson 14197 
mdwy 14092 
meal 14016 14017 14025 14049 14075 14082 14123 14144 14162 14186 14190 14193 14196 
meals 14189 
meantime 14043 
meat 14005 14051 
media 14030 
medium 14031 14050 14070 
meet 14199 
meeting 14029 14043 14126 14184 
meetings 14063 14088 14175 14184 
megawatt 14141 
melridge 14090 
member 14012 
members 14030 
memory 14070 14199 
mer 14056 14087 
mercury 14174 
merge 14177 
merged 14177 
mergers 14100 
merrill 14056 14087 14098 14147 14199 
met 14183 
metal 14038 14081 14136 14145 14158 14174 
metals 14013 14036 14174 
metz 14027 
mexico 14044 
mezza 14111 
miami 14077 14099 
mich. 14094 
michael 14068 
michigan 14096 
mid-south 14017 
midday 14157 
midmorning 14029 
midsession 14052 14157 
midway 14092 
midwest 14011 14014 14046 14078 14121 14159 14190 14192 
mike 14028 
miles 14092 
mill 14145 
milton 14168 
min 14174 
mind 14184 
minerals 14080 
minimum 14117 
mining 14001 14080 
minings 14001 
minister 14030 
ministers 14063 
ministry 14126 14199 
minn 14161 
minneapolis 14011 14014 14046 14070 14078 14121 14159 14192 
minutes 14102 
missouri 14017 14052 
miti 14199 
miti's 14199 
mixed 14001 14005 14051 14107 14183 14196 
mobil 14044 
mobile 14180 
models 14070 14086 
moderate 14163 
moderately 14089 14169 
modular 14070 
mollify 14199 
molybdenum 14174 
monday 14010 14052 14083 14184 
monetary 14034 14055 14175 
money 14207 
money-fx 14034 14055 14150 14178 14207 
montgomery 14156 14180 
month 14030 14068 14109 
monthly 14027 14068 14126 
months 14007 14008 14015 14020 14025 14035 14042 14064 14066 14068 14073 14077 14085 14105 14109 14120 14122 14126 
mori 14030 
morning 14043 14062 14083 14102 14107 14117 14155 14189 
moscow 14030 
motor 14009 14184 
motors 14009 14184 
mountain 14039 
mounted 14030 
mounts 14030 
move 14156 14183 14199 
moved 14043 14132 
movement 14045 
movements 14183 
moving 14083 14184 
mq 14021 14023 14036 14114 14118 14125 14127 
mrc 14168 
mth 14047 14048 14053 14054 14057 14059 14079 14104 14155 14191 
muller 14073 
multi-mission 14086 
municipal 14056 14087 
murphy 14044 
muscle 14199 
mutual 14096 14201 
mystery 14184 
n'diaye 14088 
n't 14012 14055 14083 14184 
n.c. 14141 
n.e.ports 14174 
n.j. 14099 14147 
n.y 14029 14117 
n.y. 14028 14036 14065 14091 14096 14099 14137 14154 14170 14181 
named 14095 14148 
names 14095 
narrow 14043 14063 14107 
narrowed 14109 
narrowing 14109 
nasdaq 14024 
national 14030 14106 14210 
nations 14202 
naval 14086 
nazionale 14208 
nbbs 14069 
nc 14144 14186 
nearby 14189 
nearer 14126 
nec 14070 
negative 14051 
neglected 14210 
net 14069 14073 14091 14093 14103 14109 14145 14147 14148 14174 14180 
netherlands 14207 
news 14029 14056 14087 14100 14117 14184 
niches 14100 
nickel 14105 14122 14136 14174 
nigeria 14088 
night's 14175 
nikko 14208 
nil 14110 14136 14155 14176 14185 14191 14209 
nine-gate 14173 
niobium 14080 
nippon 14111 14208 
nkr 14060 
no.1 14198 
no.2 14198 
no.3 14198 
no.6 14191 
nominal 14027 14108 14130 14144 14186 14190 
noml 14174 
nomura 14208 
non-african 14088 
non-gold 14207 
non-integrated 14145 
non-transferable 14155 
noon 14041 
north 14107 
northeast 14017 
northern 14017 
northwest 14080 
notably 14005 
note 14069 14084 14180 14208 
noted 14038 14051 14126 
notes 14084 14109 
nov 14032 14110 
nov/jan 14015 14183 
nov7 14016 14049 14075 14082 14123 14162 14193 14205 
november 14100 14145 
ntt 14111 
number 14106 14141 14172 
nv 14208 
ny 14002 14003 14021 14023 14083 14097 14112 14113 14114 14125 14127 14129 14203 14205 
nyh 14083 
nyse 14101 14152 
nyse-a 14101 
nyse-consolidated 14009 
o'connell 14107 
oats 14016 14049 14075 14082 14123 14134 14162 14193 
obci 14093 
obtain 14090 
obtaining 14141 
ocean 14093 
oct 14137 14185 14191 14209 
oct/dec 14025 14108 14189 
oct/jan 14025 
oct7 14002 14016 14023 14049 14075 14082 14097 14113 14118 14123 14162 14193 14203 
oct8 14023 14097 14203 
october 14005 14030 
oen 14071 
offer 14131 
offered 14190 
offering 14073 14135 14147 
offers 14056 14073 14087 14183 14190 14201 
officer 14095 
offices 14056 14087 14154 
official 14030 14110 14176 14209 
officials 14030 14043 
ogren 14100 
ohio 14163 
ohm/centimetre 14174 
oil 14016 14020 14049 14075 14082 14083 14102 14107 14123 14144 14162 14183 14190 14193 14211 
oils 14074 14183 
oils/seeds 14183 
oilseeds 14183 
okla 14010 
oklaho 14009 
older 14039 
om 14143 
omaha 14040 14089 
one-for-18 14182 
one-half 14177 
ongoing 14151 
ontario 14164 
onwards 14027 
ooos 14134 
opec 14107 
open 14042 14043 14062 14137 14170 14181 
opened 14037 14042 14062 
opening 14038 14043 14063 14142 
operated 14096 
operates 14148 
operating 14039 14095 14100 14106 
operation 14070 
operations 14090 14190 
operators 14029 14175 
opinion 14030 14143 
opposition 14030 
optic 14096 
optical 14165 
optimistic 14199 
opting 14175 
option 14073 14194 
options 14031 14065 14068 14155 
orange 14065 
order 14031 14039 14071 
ore 14174 
ore. 14090 
organisation 14088 
organization 14029 
origin 14183 
originally 14135 
originals 14206 
orion 14098 
ounce 14038 14118 14174 
out-of-state 14156 
outcome 14030 
outflow 14109 
outflows 14109 
outlets 14094 
output 14071 14141 
outstanding 14017 14100 14148 
over-allotment 14073 
overseas 14074 14208 
owned 14028 14087 14090 
oxford 14071 
oxide 14174 
oz 14013 14017 
pa. 14141 14166 
pace 14038 
paced 14045 
package 14067 
packages 14070 
packers 14045 
pact 14200 
pai 14077 
paid 14027 
paine 14051 
pair 14077 
pakistan 14183 
palladium 14036 
pallice 14027 
palm 14183 14189 
panhandle 14010 
panhandle/w 14010 
pantent 14072 
paper 14207 
papers 14135 
par 14208 
pared 14183 
parent 14100 
paribas 14208 
paris 14088 14128 14175 14176 14200 14202 14208 14209 
paris/le 14110 
parliament 14030 
part 14068 
participants 14107 
parts 14146 
party 14030 
passenger 14031 14092 14173 
past 14030 14043 
patent 14072 
patented 14072 
patents 14165 
patient 14070 
patrick 14210 
paul 14012 14033 14043 14055 14063 14095 14187 14188 
pay 14166 14168 
paying 14208 
payment 14098 14177 
payments 14109 
payout 14166 
pc 14201 
pcc 14201 
peaked 14038 
peck 14199 
pellets 14186 14189 
pence 14198 
pensacola 14156 
pentoxide 14174 
peoria 14004 
perform 14070 
performance 14050 
period 14068 14092 14111 14149 14207 
periods 14088 
permeable 14072 
permian 14044 
permit 14195 
permits 14071 
persian 14211 
personnel 14111 
peter 14197 
petersburg 14168 
pharmaceuticals 14072 
philadelphia 14154 
philip 14184 
phillips 14044 
phot 14091 
photronics 14091 
physicals 14132 14198 
pickup 14094 
picture 14042 
piks 14028 
pit 14062 14074 14157 
pits 14005 14051 
place 14028 
plan 14111 14126 14210 
planes 14077 
planned 14106 14126 
planning 14042 14154 
plans 14184 
plant 14071 14163 14195 14199 
plants 14143 
platinum 14036 14038 
platinums 14001 
players 14083 
plc 14031 14056 14087 14111 14140 
pleased 14055 
pm 14136 
points 14030 14043 14102 14184 
policy 14034 14055 14184 
poll 14030 
polls 14030 
polxf 14072 
polydex 14072 
poor 14117 
poorest 14202 
popularity 14030 14068 
population 14210 
pork 14045 14051 
portion 14135 
portland 14090 
portugal 14031 
portuguese 14031 
positions 14043 14056 14087 14189 
positive 14184 
possibility 14030 14140 
possibly 14051 
posted 14005 14044 14204 14206 
posting 14005 
postings 14044 
postipankki 14208 
postive 14184 
pound 14043 14063 
pounds 14153 
power 14031 14071 14103 14141 14208 
powered 14086 
powers 14126 
powr 14103 14141 
pr.set 14047 14048 14053 14054 14057 14059 14079 14104 
predicted 14068 14088 14100 
preferred 14131 
premium 14155 
prepared 14088 
preparing 14190 
present 14077 
presidedntial 14077 
president 14028 14088 14095 14107 14184 
presidential 14077 
press 14030 
pressure 14030 
pressured 14199 
pressures 14199 
prevent 14126 
previous 14041 14109 
price 14001 14005 14080 14081 14149 14155 14164 14183 14199 
priced 14098 14208 
prices 14001 14005 14027 14033 14038 14040 14044 14045 14051 14070 14071 14083 14089 14107 14108 14109 14119 14122 14126 14160 14163 14167 14169 14186 14188 14199 
pricing/production 14107 
primarily 14148 
primary 14145 
prime 14030 
prior 14029 14166 14168 
priorities 14012 
problems 14140 
proceed 14055 
proceeds 14073 14147 14148 
process 14130 14139 14145 
processors 14190 
produce 14074 14141 14199 
produced 14063 
producer 14029 14080 
producers 14145 
product 14083 14088 14144 14186 14190 
production 14070 14106 14145 14199 
products 14045 14083 14107 14145 14165 14189 
prodution 14199 
professional 14062 14074 
professor 14028 
profit 14102 14103 
profit-taking 14005 14038 14045 
program 14030 14088 
programs 14102 14184 
progress 14088 
progressing 14109 
project 14071 14140 14141 14195 
promissory 14109 
promote 14111 
prompt 14190 
prompted 14005 14030 14045 14051 
property 14080 
proposal 14088 
proposals 14088 14100 
propose 14182 
proposed 14140 14199 
proposes 14140 
proposition 14088 
prospects 14088 
protect 14211 
protein 14144 14189 14190 
prototype 14086 
provided 14039 
providing 14195 
proximity 14184 
proxmire 14055 
prs 14110 14176 14209 
prsfrench 14027 
publc 14071 
public 14069 14071 14090 14109 14147 
publication 14028 
publicity 14080 
pull 14140 
purchase 14071 14073 
purchased 14172 
purchases 14109 
purolator 14201 
purposes 14147 14148 
push 14038 14043 
pushed 14043 14100 
pushes 14012 
put 14055 
puts 14065 
qtly 14168 
qtr 14180 
qtrly 14166 
qualified 14201 
quantities 14042 14126 
quarter 14068 14106 14184 
quarterly 14001 14168 
question 14055 
questioned 14199 
quiet 14001 14043 14063 14081 14107 14136 14175 14189 
quietly 14183 14196 
quote 14008 14015 14020 14025 
quoted 14139 14175 14190 
quotes 14194 
rail 14139 14144 14190 
raise 14088 14201 
raleigh 14141 
rallied 14062 14189 
rally 14038 14042 
ramapo 14099 
ran 14005 14045 14051 14107 
rand 14001 
range 14029 14031 14043 14063 14070 14081 14107 14117 14143 14175 
ranged 14051 
ranges 14029 
ranging 14088 
rapeseed 14183 
rapids 14186 
rate 14043 14084 14128 14208 
rates 14055 14084 
raw 14106 
rbd 14183 
rbh 14045 
rcpts 14161 
rdm 14174 
rdr 14077 
reaction 14001 14037 
read 14199 
reagan 14199 14210 
real 14090 
reality 14143 
reap 14030 
reason 14083 14107 
reasons 14043 
rebound 14102 
receipt 14071 
receipts 14004 14133 14138 14163 
receive 14135 14177 
received 14071 14088 14109 
receiving 14195 
recent 14030 14043 14068 14080 14088 14117 
recently 14199 
recommendation 14184 
recommended 14088 
record 14068 14109 14166 14168 
recorded 14068 14109 
records 14068 
recovery 14088 
red 14158 
redemption 14098 
reduce 14012 14106 14199 
reducing 14012 
reefs 14001 
refco 14045 14107 
reflected 14045 14068 
region 14027 
regional 14156 
registration 14135 14147 14148 
registrations 14013 14017 
regulatory 14141 
reinforces 14030 
rejection 14183 
related 14102 14195 
relative 14042 14068 
release 14126 
released 14088 
releases 14126 
relief 14202 
reluctant 14043 
remain 14088 14143 
remainder 14148 
remained 14038 14043 14063 14081 14117 14189 
remains 14063 14095 
remarks 14043 14063 
renewed 14210 
repackaging 14208 
repayment 14088 
repayments 14207 
replacement 14039 
replacing 14095 
replied 14030 
report 14044 14051 14088 14106 14143 
reported 14005 14010 14081 14183 
reports 14029 14165 
representing 14030 
represents 14088 
repurchase 14178 
repurchases 14150 14178 
request 14199 
requested 14199 
require 14195 
required 14071 
requirements 14081 
rescheduling 14088 
rescued 14140 
research 14073 14106 14151 
reserve 14012 14055 14178 
reserves 14055 14080 14178 14207 
reserving 14055 
residence 14030 
resistance 14037 14107 
resources 14080 14088 14095 14177 
responded 14012 
response 14055 14131 
restaurants 14148 
restrain 14055 
restrictions 14100 
restrictive 14034 14055 
restructuring 14100 
result 14135 14207 
results 14001 14157 
retail 14094 
retaliation 14199 
retire 14148 
retreat 14001 
retreated 14005 
return 14207 
returned 14077 
returns 14165 
revenue 14092 
review 14126 
reviewed 14200 
reviews 14195 
revitalize 14210 
revs 14103 
rhodium 14174 
rich 14056 14087 
ring 14007 14035 14064 14066 14085 14105 14120 14136 
rise 14080 14100 14106 14153 14199 14207 
rises 14164 14199 14207 
rising 14043 14126 14183 
rite 14166 
river 14141 
roaster 14029 
rob 14030 
rods 14158 
roger 14184 
rolled 14086 
romeo 14086 
room 14043 14068 
rose 14018 14022 14033 14040 14068 14083 14088 14089 14092 14100 14102 14115 14145 14160 14167 14169 14171 14184 14187 14188 14207 
rotterdam 14081 14183 14189 
rouen 14027 
round 14102 
roundup 14010 
roy 14168 
royal 14098 
rss 14198 
rtrsy 14056 14087 
rubber 14198 
rule 14177 
ruling 14030 14043 
rumors 14042 14184 
run 14039 14077 14199 
runs 14051 
rural 14210 
rush 14100 
ruthenium 14174 
ryder 14077 
s.franc 14059 
sachs 14148 14184 
saiud 14077 
sale 14165 
sale/leaseback 14077 
sales 14010 14032 14042 14073 14081 14091 14093 14109 14110 14117 14119 14157 14176 14191 14199 14209 
sam 14199 
satellite 14173 
saturday 14037 
saul 14051 
savings 14069 
scattered 14062 14074 
sch 14060 
scheduled 14211 
scope 14068 
scrambled 14184 
scrap 14145 14158 
se 14068 
sea 14107 
search 14117 
season 14005 
seasonal 14045 
seasonally 14109 
seat 14030 14092 
seats 14030 
second-quarter 14081 
secondary 14135 
secretary 14043 14197 
section 14183 
sector 14068 14100 14102 
securities 14061 14109 14131 14147 14148 14178 14201 14208 
seek 14195 
seeks 14195 
sees 14055 14068 14106 14143 
selected 14096 
selenium 14174 
sell 14028 14037 14077 14094 14102 14107 14141 14199 
seller 14007 14035 14064 14066 14085 14105 14120 
sellers 14051 14062 14074 14083 14108 
selling 14029 14038 14045 14117 14149 14196 
sells 14099 14149 
semiconductor 14199 
sen 14055 
sen. 14210 
senate 14012 14043 14055 14210 
senior 14030 14184 14200 14202 
sentiment 14132 14196 
sep 14032 14047 14048 14053 14054 14057 14059 14079 14104 14108 14110 14128 14137 14170 14176 14181 
sep/dec 14008 
sep/may 14008 
sep/nov 14015 
sep7 14002 14003 14011 14014 14016 14021 14046 14049 14075 14078 14082 14112 14113 14114 14121 14123 14125 14127 14129 14159 14162 14192 14193 14205 
sep8 14003 14021 14112 14125 14127 14129 14205 
separate 14111 
separately 14073 
september 14029 14074 
services 14056 14087 14109 14195 
session 14029 14043 14080 
set 14005 14038 14042 14043 14068 14088 14199 
sets 14150 14166 14168 14178 
sfr 14026 14060 
shaft 14086 
share 14001 14080 14100 14147 14149 14177 14180 14182 14184 14201 
shareholder 14028 14177 
shareholders 14031 
shares 14001 14073 14080 14102 14109 14131 14135 14147 14149 14154 14177 14184 14201 
sharp 14109 14199 14208 
sharply 14043 14063 14109 14184 
sheets 14158 
shell 14044 
ship 14042 14211 
shipments 14108 14133 14138 14145 14153 14211 
shokubai 14208 
shops 14090 
short 14109 14132 14145 14189 
short-term 14077 14084 14109 14140 
shortage 14199 
shorts 14138 
show 14030 
showa 14208 
showed 14030 14106 14132 14183 14207 
showing 14001 
shr 14091 14093 14103 14180 
side 14051 
sides 14037 
sierra 14206 
sign 14081 14111 
signal 14096 
signed 14099 14111 14141 14156 
significant 14042 14081 14199 
significantly 14106 
silicon 14174 
silver 14013 14017 14036 14038 14114 14118 14120 14122 14136 
sioux 14018 14022 14115 14119 
sir 14030 
site 14195 
situation 14068 14102 14126 
sixth 14030 
sizeable 14043 14063 
skin 14072 
slack 14199 
slated 14037 
slaughter 14018 14067 14115 14172 14187 
slight 14102 14199 
slightly 14001 14029 14043 14062 14063 14081 14106 14109 14175 
slipped 14045 14063 
slipping 14005 
slow 14068 
slr 14027 14191 
slump 14030 
slumped 14109 
slumps 14109 
small 14120 14136 14183 
small-lot 14062 14074 
smaller 14132 
smelters 14145 
smith 14184 
snap 14030 
snowstorm 14190 
soft 14027 14165 
soft-loan 14088 
software 14070 14151 
sold 14005 14010 14045 14077 14094 14109 14165 14183 
solve 14140 
sons 14148 
sorghum 14133 14134 14138 
sound 14210 
sources 14010 14126 14189 14208 
south 14189 14190 
southeastern 14094 
southwest 14195 
soviet 14211 
sows 14052 14119 14160 14167 14169 14171 14172 14188 
soy 14190 
soy/feed 14189 
soybean 14015 14017 14020 14025 14062 14144 14190 
soybeanmeal 14185 
soybeans 14074 
soybns 14133 14134 14138 
soymeal 14074 14189 14190 14196 
soyoil 14017 14074 14183 14190 
soyproduct 14074 
spa 14140 
speaking 14030 
spear 14131 
spec 14174 
special 14102 
specialised 14100 
specifically 14070 
speculation 14030 14140 
speculative 14038 14042 14196 
spending 14012 14055 
spillover 14051 
split 14184 
spokesman 14164 14173 14184 
spokeswoman 14178 
sponge 14174 
sports 14028 
spot 14037 14081 14083 14108 14130 14139 14144 14186 14190 14198 
spots 14158 
spread 14045 14157 
spreads 14008 14015 14020 14025 
squeeze 14107 
squeezed 14100 
squeezing 14055 
srfi 14166 
srw 14042 
st 14033 14067 14160 14187 14188 
st. 14168 
stability 14068 
stable 14207 
staged 14102 
stake 14131 14201 
staley 14157 
standard 14136 
star 14094 14143 
start 14005 14045 14051 14071 14195 
started 14100 
state 14029 14039 14071 14126 
stated 14158 14174 
statement 14031 14088 14109 14111 14135 14140 14147 14148 
statements 14043 
states 14088 14148 14211 
statistics 14145 
std 14064 14122 
steadied 14196 
steady 14030 14042 14045 14062 14067 14068 14074 14107 14109 14110 14117 14119 14132 14136 14139 14157 14175 14176 14189 14190 
steady/up 14052 14067 14119 14171 
steeply 14100 
steer 14005 
steers 14010 14067 14089 14115 14187 
stees 14018 
step 14088 
stepped 14189 
sterling 14041 14043 14054 14063 14071 14128 14196 
sterling-dp 14053 
stg 14026 14060 14081 14108 14128 14132 14158 14183 14196 
sto 14135 
stock 14038 14068 14073 14080 14131 14135 14184 
stockholm 14039 14060 14100 14106 
stocks 14042 14102 14134 14145 14184 
stocks/automakers 14184 
stone 14051 14135 
stood 14102 14157 14207 
stops 14037 
storage 14051 14090 
store 14195 
stores 14126 
stotler 14005 14045 
strategic 14174 
strategy 14210 
street 14030 14101 14102 14184 
strength 14045 14062 14074 14083 
stretching 14199 
strike 14155 
strong 14005 14038 14042 14102 
stronger 14083 
structure 14081 
subject 14028 14071 
submitted 14195 
subordinated 14148 
subscribers 14099 
subsidiarey 14090 
subsidiary 14056 14096 14165 14180 14195 
substantial 14088 14190 
subtle 14199 
successful 14030 14199 14200 
sugar 14002 14037 14065 14113 14137 14146 14155 14191 14194 14205 14209 
suggest 14080 
suisse 14098 
sun 14044 
sunflowerseed 14183 
sunmeal 14189 
sunter 14131 
super 14166 
superconductors 14080 
supplements 14027 
supplied 14039 
supply 14067 14107 14143 14199 
support 14005 14037 14038 14043 14045 14051 14070 14107 14151 14157 14183 
supported 14042 14062 
supportive 14043 
surge 14030 
surpassed 14068 
surplus 14109 
survey 14106 
survival 14100 
sustaining 14207 
sweden 14039 14100 14106 
swedish 14100 14106 
swiss 14043 14063 14149 
switching 14038 
switzerland 14149 
sword 14199 
sympathy 14074 
system 14039 14056 14077 14087 14096 14111 14135 14141 14150 14178 
systems 14070 14099 
t-bond 14068 
t-bonds 14068 14079 
t700 14086 
ta 14151 
taking 14038 14102 14109 14190 
tallow 14130 14139 
tankers 14211 
tantalite 14174 
tantalum 14080 
tap 14031 
tapioca 14189 
tariffs 14199 14207 
tax 14055 
tcoma 14099 
technical 14043 
technically 14117 
technologies 14111 14140 
tele-communications 14099 
telecom 14111 
telecommunications 14096 14111 
teledial 14096 
telefon 14039 
telegraph 14111 
telephone 14111 
television 14056 14087 14099 
temporary 14178 14211 
ten 14143 
tended 14183 
tender 14131 14157 14183 
tendering 14146 
tenders 14037 14126 14146 
tending 14081 
tennessee 14190 
term 14109 14177 
terminal 14108 14173 
terminals 14070 
terms 14071 14088 14099 14100 14109 14156 14199 
territories 14080 
testimony 14043 
texaco 14009 14102 
texaco* 14044 
texas 14006 14010 
texas-new 14044 
thai 14189 
thalmann 14199 
thatcher 14030 
thin 14029 14083 14107 
thinking 14184 
thinks 14200 
thomas 14072 14199 
thomson 14045 
thor 14080 
thought 14030 
three-for-two 14184 
three-year 14111 
thursday 14184 
tight 14055 14100 
tightening 14042 
time 14036 14065 14068 14126 14178 14199 
timed 14030 
times 14030 14199 
tin 14081 
tire 14071 
titanium 14174 
tkr 14099 
todate 14204 14206 
today 14030 14043 14107 14134 14138 14143 14146 14147 14149 14163 14183 14207 
tokai 14208 
told 14055 14068 14100 14131 14201 14210 
toledo 14042 
tomorrow 14037 
ton 14027 14074 14143 14144 14186 
tone 14074 
tonnay/charentes 14027 
tonne 14081 14108 14132 14158 14174 14183 14189 14196 
tonnes 14126 14136 14146 
tons 14143 14145 
top 14052 14119 14163 14171 14188 
tories 14030 
toronto 14072 14080 14151 14164 
tory 14030 
total 14068 14071 14088 14098 14100 14110 14136 14137 14145 14156 14170 14173 14176 14181 14191 14204 14206 14209 
totaled 14143 
totalled 14132 
town 14051 
township 14147 
tq 14002 14003 14065 14112 14113 14129 14137 14170 14181 
trade 14005 14012 14018 14022 14033 14037 14040 14043 14045 14051 14067 14074 14089 14107 14109 14115 14117 14119 14132 14146 14169 14183 14187 14188 14190 14196 14199 
tradeable 14073 
traded 14074 14080 14102 14107 14139 14157 14183 14189 14194 14207 
trader 14184 
traders 14005 14029 14037 14042 14043 14045 14051 14062 14074 14081 14083 14107 14132 14146 14157 14184 14196 
trades 14132 
trading 14001 14010 14029 14037 14043 14045 14056 14063 14068 14080 14083 14087 14102 14107 14117 14132 14139 14157 14175 14178 14184 
traditional 14030 
traffic 14096 
transaction 14028 
transactions 14070 14109 14132 14207 
transfer 14109 
transmission 14073 
treasury 14043 14164 14197 14200 14207 
treat 14195 
triggered 14037 
trimming 14051 
trip 14030 
troubled 14211 
troy 14174 
truck 14133 
truck-delivered 14190 
truckbed 14094 
trust 14088 
ttl 14134 
tumble 14037 
tumbled 14037 
tunnel 14173 
turn 14005 14190 
turned 14051 
turnover 14068 14110 14132 14176 14196 14209 
tv-am 14030 
two-day 14150 14178 
two-year 14111 
type 14155 14206 
type= 14002 14003 14004 14006 14007 14009 14013 14016 14017 14019 14021 14023 14024 14026 14027 14032 14034 14035 14036 14041 14044 14047 14048 14049 14050 14053 14054 14058 14060 14061 14064 14065 14066 14075 14076 14079 14082 14083 14085 14097 14101 14104 14105 14108 14110 14112 14113 14114 14116 14118 14120 14122 14123 14124 14125 14127 14128 14129 14130 14134 14137 14138 14142 14144 14150 14152 14155 14158 14161 14162 14170 14172 14174 14176 14179 14181 14182 14185 14186 14191 14193 14194 14197 14198 14200 14202 14203 14205 14209 
u.k 14068 14132 14140 14208 
u.k. 14043 14063 14068 14126 14183 
u.k./n.e 14108 
u.n. 14088 
u.s 14042 14043 14072 14083 14094 14107 14111 14145 14199 14200 14211 
u.s. 14029 14039 14043 14044 14052 14068 14079 14107 14130 14143 14145 14163 14186 14199 14202 14210 
ua 14186 
ual 14102 
uk 14030 14031 14068 14098 14111 14126 14140 14146 14158 
unavailable 14186 
unc 14013 14017 14130 14144 14186 
unch 14003 14016 14021 14046 14049 14061 14075 14078 14082 14112 14116 14121 14123 14125 14134 14137 14162 14170 14179 14181 14192 14193 14205 
unchanged 14042 14043 14106 14130 14139 14144 14190 
unclear 14038 
underground 14173 
underlying 14038 14107 
undermine 14100 
underpinned 14074 
underwriter 14073 
underwriters 14135 14148 
underwritten 14147 
undisclosed 14090 14099 
unexpected 14074 
unfavorable 14190 
unfavorably 14199 
union 14044 14211 
unit 14056 14073 14087 14090 14131 14140 14174 14195 14201 14208 
united 14009 14140 14211 
units 14073 
university 14165 
unleaded 14107 
unofficial 14122 14128 
unproc 14002 14003 14004 14006 14007 14009 14013 14016 14017 14019 14021 14023 14024 14026 14027 14032 14035 14036 14041 14044 14047 14048 14049 14053 14054 14058 14060 14061 14064 14065 14066 14075 14076 14079 14082 14083 14085 14097 14101 14104 14105 14108 14110 14112 14113 14114 14116 14118 14120 14122 14123 14124 14125 14127 14128 14129 14130 14134 14137 14138 14142 14144 14152 14155 14158 14162 14170 14172 14174 14176 14179 14181 14185 14186 14191 14193 14194 14198 14203 14205 14209 
unquoted 14194 14198 
unrestricted 14190 
unsettled 14037 
untrd 14002 14003 14016 14021 14023 14049 14075 14082 14097 14112 14113 14118 14123 14125 14127 14129 14162 14193 14203 14205 
unveiled 14070 14086 
unveils 14070 
ups 14131 
upt 14165 
urged 14030 
urges 14210 
urging 14030 
usda 14004 14010 14018 14022 14033 14040 14052 14067 14089 14115 14119 14160 14163 14167 14169 14171 14187 14188 
usg 14083 
usher 14072 
usx 14009 
utility 14071 14086 
utiliy 14071 
utx.n 14140 
v2o5 14174 
vaal 14001 
values 14032 14042 14074 14132 14190 14196 
vanadium 14174 
variety 14068 
vegetable 14074 
venture 14099 14151 
versus 14001 14068 14145 
vertol 14140 
vice 14107 
vice-chairman 14030 
victory 14030 
view 14030 14199 
virtual 14070 
virtually 14043 14199 
voicestation 14111 
vol 14137 14170 14181 
vol/open 14137 14170 14181 
volatile 14068 
volatility 14068 
volcker 14012 14034 14043 14055 14063 
volume 14068 14101 14102 14109 14132 14155 
volumes 14065 14068 14100 
volumes- 14036 
volumes/paids 14136 
vote 14030 
waiting 14063 
wake 14030 
walker 14096 
wall 14101 14102 14184 
wang 14006 
wanted 14126 14210 
warehouse 14081 14174 
warrant 14073 14149 14177 14208 
warrants 14073 14135 14149 14177 
warren 14028 
warwick 14099 
washington 14012 14043 14055 14063 14077 14084 14131 14175 14199 14201 14210 14211 
waste 14195 
wastes 14195 
watching 14029 
ways 14199 
weak 14117 
weaker 14001 
webber 14051 
week 14004 14010 14042 14043 14126 14157 14161 14163 14164 14172 14175 14184 14207 
weekend 14190 
weekly 14062 14126 14207 
weeks 14199 
weigh 14081 
weighed 14051 
weighing 14201 
weight 14153 14172 
welcomed 14088 
west 14039 14044 14052 14109 
west-germany 14109 
western 14006 14088 
westland 14086 14140 
westland's 14140 
westport 14165 
wheat 14011 14014 14016 14027 14032 14042 14046 14049 14075 14078 14082 14121 14123 14126 14132 14133 14134 14138 14157 14159 14162 14192 14193 
wheat- 14027 
white 14130 14139 14146 14158 14197 
wholly 14087 
wholly-owned 14056 
wickes 14006 
widened 14109 
widespread 14080 14126 
widest 14068 
wildwood 14099 
william 14055 
wilton 14153 
win 14043 
wins 14039 
wire 14158 
wolframore 14174 
won 14039 
work 14140 
worked 14037 
working 14073 
workload 14140 
world 14037 14056 14087 14088 
worldwide 14151 
worth 14109 14164 14173 
write-offs 14088 14180 14199 
writeoff 14055 
wst 14039 
wtel 14096 
yamaichi 14208 
year-ago 14068 14092 
years 14039 14100 14143 14177 14195 
yen 14026 14043 14047 14060 14068 14149 14208 
yeovil 14086 
yesterday 14037 14038 14042 14043 14062 14063 14081 14083 14107 14110 14163 14175 14176 14184 14209 
yesterday's 14080 
yield 14164 
yielded 14164 
york 14029 14037 14038 14056 14071 14073 14083 14087 14095 14102 14107 14117 14130 14131 14145 14148 14154 14178 14184 14199 14201 
yq 14044 
yr 14134 14138 
yttrium 14080 
zaire 14206 
zinc 14035 14122 14136 
zurich 14038 14063 
