'll 9523 9591 9630 
're 9581 9591 9602 9630 
've 9604 
***** 9597 
****** 9493 9494 9495 9499 9511 9534 9565 9574 9575 9586 9595 9598 9600 9614 9620 9626 9632 9635 
-3rd-q 9576 
-4th 9562 9605 
-affiliate-se 9568 
-buys 9619 
-changes 9563 
-comp 9608 
-debt 9623 
-direct 9504 
-g 9564 
-gets-appr 9546 
-gets-fda 9542 
-london 9516 9529 
-names-new 9548 
-o 9540 9569 
-plan 9496 
-reserves 9583 
-s 9570 
-says-di 9526 
-says-kodak 9633 
-se 9477 9561 
-sells-additi 9557 
-sells-posit 9487 
-sets 9507 9588 
-sets-3 9599 
-surrounded 9581 
-to 9481 9505 9522 
-to-buy 9553 
-to-op 9552 
-to-unveil 9483 
-unit 9484 
-unit-links 9622 
/author 9479 9490 9521 9581 
0.1 9634 
0.25 9567 
0.4 9634 
0.8 9506 
0008 9511 
0009 9595 9598 
0011 9494 9534 9597 
0012 9495 9575 9586 9620 9635 
0013 9565 9600 
0014 9493 9614 9626 9632 
0015 9499 9574 
0023 9477 9547 
0024 9580 9587 9588 9613 
0025 9612 
0026 9503 9531 9578 
0027 9530 9571 
0030 9573 
0033 9577 
0034 9548 
0039 9572 
0041 9514 9558 
0042 9551 9576 
0044 9556 
0048 9497 9570 9606 
0050 9475 9605 
0051 9619 
0052 9478 9481 
0053 9504 9510 9566 9579 
0054 9519 9542 
0055 9474 
0056 9599 
0057 9507 
0058 9489 9562 
0060 9482 9546 9611 
0061 9486 
0065 9540 9564 
0068 9502 9518 9609 
0069 9487 
0070 9608 
0071 9553 
0072 9526 
0074 9491 
0075 9513 9563 
0076 9492 9610 
0078 9589 
0079 9544 9624 9625 
0080 9529 
0081 9516 
0082 9568 9603 
0083 9476 9498 9506 9535 9545 9583 
0086 9524 9538 
0087 9557 9604 
0088 9582 
0089 9549 9615 9622 
0090 9490 9508 
0091 9581 9607 
0095 9515 9616 
0096 9521 9618 9628 
0097 9555 9636 
0098 9536 9627 
0099 9488 9509 9525 9602 
0100 9543 
0101 9561 
0102 9517 9560 9591 
0103 9484 9528 9552 9569 9630 
0104 9501 9590 
0105 9527 9537 9594 9634 
0106 9512 
0107 9480 9483 
0108 9601 
0109 9485 9596 9633 
0110 9520 
0111 9496 
0112 9505 9539 9629 
0113 9541 
0114 9592 9631 
0115 9500 
0116 9479 9623 
0117 9522 
0121 9532 9593 
0125 9554 9567 
0132 9584 
0133 9550 
0136 9617 9621 
0138 9585 
0139 9559 
0144 9523 
0145 9533 
03-25 9474 9475 9476 9477 9478 9479 9480 9481 9482 9483 9484 9485 9486 9487 9488 9489 9490 9491 9492 9493 9494 9495 9496 9497 9498 9499 9500 9501 9502 9503 9504 9505 9506 9507 9508 9509 9510 9511 9512 9513 9514 9515 9516 9517 9518 9519 9520 9521 9522 9523 9524 9525 9526 9527 9528 9529 9530 9531 9532 9533 9534 9535 9536 9537 9538 9539 9540 9541 9542 9543 9544 9545 9546 9547 9548 9549 9550 9551 9552 9553 9554 9555 9556 9557 9558 9559 9560 9561 9562 9563 9564 9565 9566 9567 9568 9569 9570 9571 9572 9573 9574 9575 9576 9577 9578 9579 9580 9581 9582 9583 9584 9585 9586 9587 9588 9589 9590 9591 9592 9593 9594 9595 9596 9597 9598 9599 9600 9601 9602 9603 9604 9605 9606 9607 9608 9609 9610 9611 9612 9613 9614 9615 9616 9617 9618 9619 9620 9621 9622 9623 9624 9625 9626 9627 9628 9629 9630 9631 9632 9633 9634 9635 9636 
1,000 9480 9540 
1,000-dlr 9480 
1,014.50 9540 
1,047,000 9502 
1,069,000 9475 
1,076 9607 
1,089,300 9593 
1,100,000 9618 
1,140,000 9475 
1,152,000 9502 
1,246,992 9525 
1,310,000 9625 
1,356,321 9562 
1,491,000 9502 
1,497,251 9525 
1,569,662 9566 
1,940,000 9475 
1,952,000 9502 
1-1/4 9490 
1.02 9590 
1.07 9502 
1.1 9512 9636 
1.19 9576 
1.2 9634 9636 
1.20 9549 
1.20-1.40 9560 
1.23 9521 
1.25 9549 
1.29 9605 
1.30 9521 
1.36 9605 
1.38 9590 9634 
1.4 9634 9636 
1.41 9634 
1.42 9634 
1.43 9634 
1.45 9521 
1.46 9519 9583 
1.5 9492 
1.55 9583 
1.6 9589 9611 
1.7 9590 9636 
1.795 9589 
1.8 9634 
1.8250 9516 9529 
1.9 9552 9581 
1.92 9519 
1.97 9590 
1/8 9487 
10,000 9527 
10-1/2 9480 
10.0 9550 
10.1 9521 
10.2 9599 
10.26 9590 
10.3 9521 
10.30 9490 
10.4 9610 
10.8 9521 
10.9 9562 
1000 9480 
104.3 9573 
105,000 9491 
11-5/8 9480 
11-7/8 9480 
11.5 9483 9576 
11.50 9596 
11.6 9615 
11.74 9634 
11.80 9544 
11.90 9634 
112.2 9558 
114.9 9556 
12,788,000 9480 
12-1/2 9503 
12-year 9513 
12.04 9634 
12.2 9562 
12.25 9634 
12.3 9537 
12.4 9521 
12.50 9553 
12.6 9521 
12.8 9521 
13,000 9491 9502 
13,433,000 9475 
13,608,000 9475 
13-1/2 9480 
13.3 9636 
13.6 9488 
13.7 9519 
13.8 9521 9625 
132.0 9625 
133.2 9625 
138.1 9478 
139.2 9478 9485 
13:45:33.88 9475 
13:45:40.75 9476 
13:45:52.97 9477 
13:46:09.17 9478 
13:46:29.95 9479 
13:47:39.57 9480 
13:49:32.35 9481 
13:49:40.19 9482 
13:51:41.66 9483 
13:52:46.65 9484 
13:53:08.36 9485 
13:53:17.08 9486 
13:54:13.08 9487 
13:55:38.61 9488 
13:55:43.43 9489 
13:56:21.35 9490 
13:58:04.56 9491 
13:59:44.18 9492 
14.2 9610 9625 
14.4 9610 
140,000 9484 
149.50 9516 9529 
14994 9475 
14995 9476 
14996 9477 
14997 9478 
14998 9479 
14999 9480 
14:02:25.60 9493 
14:02:51.81 9494 
14:03:52.91 9495 
14:04:33.72 9496 
14:04:50.47 9497 
14:08:08.50 9498 
14:10:26.49 9499 
14:10:48.03 9500 
14:11:30.49 9501 
14:17:50.12 9502 
14:18:46.42 9503 
14:19:23.19 9504 
14:23:00.30 9505 
14:23:46.30 9506 
14:24:28.23 9507 
14:25:15.11 9508 
14:25:31.25 9509 
14:25:48.89 9510 
14:26:44.54 9511 
14:28:16.02 9512 
14:31:07.56 9513 
14:31:28.95 9514 
14:32:58.44 9515 
14:33:06.59 9516 
14:33:59.14 9517 
14:36:52.39 9518 
14:38:03.77 9519 
14:44:20.14 9520 
14:44:56.22 9521 
14:45:36.02 9522 
14:46:16.04 9523 
14:46:41.85 9524 
14:49:57.23 9525 
14:53:35.73 9526 
14:56:28.28 9527 
14:58:07.52 9528 
14:58:14.01 9529 
14:58:26.29 9530 
14:58:34.85 9531 
15.2 9521 9605 
15.3 9596 
150,000 9593 
150,865 9525 
15001 9481 
15002 9482 
15003 9483 
15004 9484 
15005 9485 
15006 9486 
15008 9487 
15009 9488 
15010 9489 
15011 9490 
15012 9491 
15013 9492 
15014 9493 
15015 9494 
15016 9495 
15017 9496 
15018 9497 
15019 9498 
15020 9499 
15021 9500 
15022 9501 
15023 9502 
15024 9503 
15025 9504 
15026 9505 
15027 9506 
15028 9507 
15029 9508 
15030 9509 
15031 9510 
15032 9511 
15033 9512 
15034 9513 
15035 9514 
15036 9515 
15037 9516 
15038 9517 
15039 9519 
15040 9520 
15041 9521 
15042 9522 
15043 9523 
15044 9524 
15045 9525 
15046 9526 
15047 9527 
15048 9528 
15049 9529 
15050 9530 
15051 9531 
15052 9532 
15053 9533 
15054 9534 
15055 9518 
15056 9535 
15057 9536 
15058 9537 
15059 9538 
15060 9539 
15061 9540 
15062 9541 
15063 9542 
15064 9543 
15065 9544 
15066 9545 
15067 9546 
15068 9547 
15069 9548 
15070 9549 
15071 9550 
15072 9551 
15073 9552 
15074 9553 
15075 9554 
15076 9555 
15077 9556 
15078 9557 
15079 9558 
15080 9559 
15081 9560 
15082 9561 
15083 9562 
15084 9563 
15085 9564 
15086 9565 
15087 9566 
15088 9567 
15089 9568 
15090 9569 
15091 9570 
15092 9571 
15093 9572 
15094 9573 
15095 9574 
15096 9575 
15097 9576 
15098 9577 
15099 9578 
15100 9579 
15101 9580 
15102 9581 
15103 9582 
15104 9583 
15105 9584 
15106 9585 
15107 9586 
15108 9587 
15109 9588 
15110 9589 
15111 9590 
15112 9591 
15113 9592 
15114 9593 
15115 9594 
15116 9595 
15117 9596 
15118 9597 
15119 9598 
15120 9599 
15121 9600 
15122 9601 
15123 9602 
15124 9603 
15125 9604 
15126 9605 
15127 9606 
15128 9608 
15129 9609 
15130 9610 
15131 9607 
15132 9611 
15133 9612 
15134 9613 
15135 9614 
15136 9615 
15137 9616 
15138 9617 
15139 9618 
15140 9619 
15141 9620 
15142 9621 
15143 9622 
15144 9623 
15145 9624 
15146 9625 
15147 9626 
15148 9627 
15149 9628 
15150 9629 
15151 9630 
15152 9631 
15153 9632 
15154 9633 
15155 9634 
15156 9635 
15157 9636 
15:00:17.00 9532 
15:05:39.26 9533 
15:06:16.59 9534 
15:12:38.17 9535 
15:16:28.97 9536 
15:17:12.79 9537 
15:18:16.26 9538 
15:18:47.40 9539 
15:19:27.94 9540 
15:19:37.50 9541 
15:19:44.93 9542 
15:19:52.92 9543 
15:20:26.35 9544 
15:20:44.56 9545 
15:20:50.50 9546 
15:20:56.52 9547 
15:21:22.67 9548 
15:22:52.51 9549 
15:23:15.04 9550 
15:24:27.71 9551 
15:25:11.70 9552 
15:28:05.02 9553 
15:30:34.97 9554 
15:34:47.63 9555 
15:39:12.89 9556 
15:41:19.13 9557 
15:46:55.55 9558 
15:48:42.37 9559 
15:49:14.37 9560 
15:50:07.04 9561 
15:50:54.58 9562 
15:51:49.14 9563 
15:51:54.65 9564 
15:53:09.20 9565 
15:53:14.03 9566 
15:54:43.11 9567 
15:57:21.90 9568 
15:57:45.50 9569 
15:59:15.34 9570 
16,524,000 9556 
16.04 9634 
16.15 9634 
16.16 9634 
16.20 9616 
16.3 9634 
16.32 9634 
16.35 9616 
16.7 9521 
160.2 9556 
16:01:27.44 9571 
16:02:39.39 9572 
16:03:28.59 9573 
16:03:35.93 9574 
16:08:01.84 9575 
16:08:20.45 9576 
16:09:20.58 9577 
16:09:36.16 9578 
16:10:03.42 9579 
16:10:24.88 9580 
16:13:38.55 9581 
16:14:06.69 9582 
16:18:45.80 9583 
16:22:57.99 9584 
16:27:16.06 9585 
16:27:27.50 9586 
16:29:02.79 9587 
16:29:05.66 9588 
16:29:32.47 9589 
16:31:20.79 9590 
16:33:17.94 9591 
16:34:09.06 9592 
16:35:07.90 9593 
16:35:58.19 9594 
16:36:45.83 9595 
16:36:57.89 9596 
16:37:24.01 9597 
16:38:46.99 9598 
16:39:17.72 9599 
16:40:39.53 9600 
16:43:59.13 9601 
16:44:10.02 9602 
16:45:12.23 9603 
16:46:17.80 9604 
16:48:08.89 9605 
16:50:53.27 9606 
16:51:57.93 9607 
16:54:47.68 9608 
16:59:14.09 9609 
17.3 9562 
17.6 9605 
178.2 9487 
17:02:21.55 9610 
17:05:21.34 9611 
17:05:35.21 9612 
17:08:43.52 9613 
17:10:12.87 9614 
17:10:22.52 9615 
17:11:10.75 9616 
17:11:51.77 9617 
17:12:39.13 9618 
17:13:39.17 9619 
17:15:33.02 9620 
17:16:27.33 9621 
17:16:49.59 9622 
17:17:37.73 9623 
17:18:18.55 9624 
17:19:21.62 9625 
17:20:20.87 9626 
17:21:09.22 9627 
17:22:23.14 9628 
17:25:22.05 9629 
17:28:31.42 9630 
17:28:44.01 9631 
17:30:52.02 9632 
17:32:04.15 9633 
17:33:23.27 9634 
17:37:31.96 9635 
17:38:22.11 9636 
18,600,000 9605 
18.5 9582 
18.8 9537 
19.8 9521 
1970s 9512 
1978 9512 9536 
1980 9512 
1981 9523 9537 
1983 9512 
1984 9591 9592 9630 
1985 9491 9500 9558 9563 9581 9583 9590 9592 
1985/86 9521 
1986 9478 9485 9488 9500 9502 9504 9507 9518 9525 9538 9549 9552 9554 9563 9572 9583 9590 9596 9603 9616 9623 9634 9636 
1986's 9489 
1986/87 9521 
1987 9485 9488 9489 9516 9518 9529 9531 9540 9541 9549 9550 9552 9557 9560 9569 9581 9589 9590 9592 9603 9606 9607 9618 
1988 9489 9490 9500 9518 9535 9541 9543 9564 9592 9603 
1989 9489 9516 9529 9536 9541 9579 9585 9592 
199.4 9576 
1990 9480 9541 9581 
1991 9480 9616 
1994 9541 9624 
1996 9540 
1997 9569 
1998 9480 9601 
1st 9488 
2,200,000 9618 
2,252,246 9566 9611 
2,295,000 9596 
2,315,000 9486 
2,351,000 9486 
2,355,000 9486 
2,492,000 9486 
2,566,000 9606 
2,601,000 9502 
2,650,000 9606 
2,655 9552 
2,800,000 9569 
2-1/2 9581 
2-5/8 9490 
2-mips 9528 
2.0 9521 9552 
2.00 9519 
2.1 9556 9634 
2.1- 9607 
2.12 9549 
2.2 9521 9614 
2.24 9610 
2.3 9521 9633 
2.32 9556 
2.34 9475 
2.37 9475 
2.4 9517 9554 
2.50 9543 9618 
2.54 9583 
2.6 9521 
2.69 9583 
2.70 9543 
2.875 9569 
2.91 9583 
2.95 9634 
20-year 9627 
20.2 9521 
2000 9569 
2002 9480 
2008 9481 
2012 9616 
2017 9488 
204,000 9486 
207,000 9562 
207.5 9555 
21.1 9521 
21.2 9610 
21.7 9526 
211.9 9478 
214,000 9572 
216,000 9615 
217,884 9566 9611 
22.7 9521 
221.8 9610 
228,000 9610 
23,300,000 9605 
24,000 9583 
24,311 9525 
24.4 9576 
241,000 9615 
25-mar-1987 9475 9476 9477 9478 9479 9480 9481 9482 9483 9484 9485 9486 9487 9488 9489 9490 9491 9492 9493 9494 9495 9496 9497 9498 9499 9500 9501 9502 9503 9504 9505 9506 9507 9508 9509 9510 9511 9512 9513 9514 9515 9516 9517 9518 9519 9520 9521 9522 9523 9524 9525 9526 9527 9528 9529 9530 9531 9532 9533 9534 9535 9536 9537 9538 9539 9540 9541 9542 9543 9544 9545 9546 9547 9548 9549 9550 9551 9552 9553 9554 9555 9556 9557 9558 9559 9560 9561 9562 9563 9564 9565 9566 9567 9568 9569 9570 9571 9572 9573 9574 9575 9576 9577 9578 9579 9580 9581 9582 9583 9584 9585 9586 9587 9588 9589 9590 9591 9592 9593 9594 9595 9596 9597 9598 9599 9600 9601 9602 9603 9604 9605 9606 9607 9608 9609 9610 9611 9612 9613 9614 9615 9616 9617 9618 9619 9620 9621 9622 9623 9624 9625 9626 9627 9628 9629 9630 9631 9632 9633 9634 9635 9636 
25.2 9519 
25.5 9519 9552 
255,568 9566 9611 
258.7 9576 
26,947 9525 
26.61 9496 
27.03 9496 
27.32 9496 
28,000 9491 
28-1/4 9487 
28.1 9634 
29-1/2 9588 
29.8 9537 
29.9 9521 9555 
2nd 9525 9566 9611 
3,012,000 9475 
3,300,000 9605 
3,433,000 9625 
3,479 9607 
3,500,000 9488 
3,883,000 9625 
3,900,000 9605 
3,908,000 9625 
3-for-2 9599 
3.00 9583 
3.09 9634 
3.14 9521 
3.18 9549 
3.2 9521 9552 9614 9636 
3.20 9543 
3.258 9634 
3.260 9634 
3.30 9634 
3.31 9634 
3.34 9521 
3.44 9634 
3.5 9521 9537 9557 
3.50 9581 
3.58 9521 
3.69 9615 
3.7 9521 
3.78 9521 
3.8 9521 9636 
3.85 9521 
3.96 9634 
3/4 9487 
30,000 9486 9491 
300,000 9484 9514 
32-bit 9528 
34.1 9521 
34.3 9556 
35,000 9528 9557 
35,936,000 9556 
35.4 9478 9485 
351.0 9605 
36.3 9521 
37.1 9625 
372,000 9502 
39,827 9525 
39.0 9625 
39.4 9556 
394.0 9605 
3rd 9576 9625 
4,139,000 9480 
4,253,000 9610 
4,255,000 9576 
4,683,591 9562 
4,862,499 9562 
4,895,720 9566 
4,945,000 9475 
4-1/2 9555 
4-year 9574 
4.1 9521 
4.2 9521 
4.26 9526 
4.30 9610 
4.4 9487 
4.56 9617 
4.6 9556 
4.77 9617 
4.8 9557 
4.81 9556 
4.9 9611 
40,000 9479 
40,870 9525 
406.6 9478 9485 
41.5 9521 9556 
41.8 9556 
43.4 9590 
43.7 9590 
435,000 9557 
44-3/8 9487 
44.5 9519 
44.8 9519 
440,000 9618 
45,000 9491 
45.0 9519 
45.5 9576 
46.51 9506 
469,200 9562 9563 
47-1/2 9530 
47.50 9516 9529 
474,000 9489 
480,000 9512 
492,000 9606 
4th 9475 9486 9502 9511 9519 9556 9562 9605 9606 9610 
4x 9528 
5,037,819 9562 
5,465,433 9562 
5,557,000 9480 
5,628,000 9556 
5,988,000 9558 
5-6 9532 
5.02 9617 
5.05 9556 
5.5 9562 
5.6 9521 
5.7 9554 
5.83 9556 
50,000 9479 9527 
50-mln-dlr 9579 
500,000 9474 9572 
51,541,000 9556 
51.4 9610 
517,538 9566 9611 
52.875 9569 
53,040 9566 9611 
53.7 9610 
545.7 9478 9485 
558,800 9562 9563 
57-1/2 9490 
575.9 9519 
577,000 9489 
584,855 9525 
6,416,000 9558 
6,572,000 9480 
6,705,000 9475 
6.20 9490 
6.4 9521 9636 
6.40 9506 
6.59 9634 
6.6 9514 
6.60 9634 
6.7 9636 
6.72 9634 
6.726 9544 
6.75 9485 
6.79 9574 
6.8 9599 
6.80 9634 
600,000 9557 
610.9 9519 
62,000 9486 
62-1/2 9581 
632,000 9592 
639.7 9576 
64.9 9519 9552 
640,000 9592 
647,000 9558 
651,000 9572 
660,000 9583 
670,000 9592 
677,000 9606 
68.3 9537 
684.4 9616 
7,200 9607 
7,719,000 9625 
7,975,000 9625 
7-3/4 9624 
7.1 9521 
7.2 9521 
7.24 9556 
7.3 9521 9596 
7.5 9521 9614 
7.7 9521 9634 
7.8 9521 9634 
7.85 9540 
7.90 9590 
7.93 9590 
7/8 9490 
700,000 9479 9492 
71,000 9491 
714,000 9583 
727,432 9525 
750,000 9593 
753,000 9480 
755,605 9566 9611 
763,546 9553 
8,926,000 9610 
8.0 9521 
8.16 9583 
8.35 9634 
8.4 9521 9539 9562 
8.41 9634 
8.50 9596 
8.6 9553 
8.7 9560 
8.87 9583 
800,000 9618 
818,723 9562 
824.3 9576 
83,100 9525 
83.2 9589 
852,000 9526 
87-3/4 9490 
9,214,000 9486 
9,920,000 9610 
9,950,000 9486 
9-5/8 9480 
9.06 9634 
9.1 9583 
9.11 9634 
9.7 9539 
9.9 9521 
90,400 9525 9528 
90.25 9526 
91,000 9483 
91,045 9562 
919,000 9502 
92.8 9543 
94.4 9610 
944-mln 9554 
9475 9475 
9476 9476 
9477 9477 
9478 9478 
9479 9479 
9480 9480 
9481 9481 
9482 9482 
9483 9483 
9484 9484 
9485 9485 
9486 9486 
9487 9487 
9488 9488 
9489 9489 
9490 9490 
9491 9491 
9492 9492 
9493 9493 
9494 9494 
9495 9495 
9496 9496 
9497 9497 
9498 9498 
9499 9499 
95,000 9486 
9500 9500 
9501 9501 
9502 9502 
9503 9503 
9504 9504 
9505 9505 
9506 9506 
9507 9507 
9508 9508 
9509 9509 
9510 9510 
9511 9511 
9512 9512 
9513 9513 
9514 9514 
9515 9515 
9516 9516 
9517 9517 
9518 9518 
9519 9519 
9520 9520 
9521 9521 
9522 9522 
9523 9523 
9524 9524 
9525 9525 
9526 9526 
9527 9527 
9528 9528 
9529 9529 
9530 9530 
9531 9531 
9532 9532 
9533 9533 
9534 9534 
9535 9535 
9536 9536 
9537 9537 
9538 9538 
9539 9539 
9540 9540 
9541 9541 
9542 9542 
9543 9543 
9544 9544 
9545 9545 
9546 9546 
9547 9547 
9548 9548 
9549 9549 
9550 9550 
9551 9551 
9552 9552 
9553 9553 
9554 9554 
9555 9555 
9556 9556 
9557 9557 
9558 9558 
9559 9559 
9560 9560 
9561 9561 
9562 9562 
9563 9563 
9564 9564 
9565 9565 
9566 9566 
9567 9567 
9568 9568 
9569 9569 
9570 9570 
9571 9571 
9572 9572 
9573 9573 
9574 9574 
9575 9575 
9576 9576 
9577 9577 
9578 9578 
9579 9579 
9580 9580 
9581 9581 
9582 9582 
9583 9583 
9584 9584 
9585 9585 
9586 9586 
9587 9587 
9588 9588 
9589 9589 
9590 9590 
9591 9591 
9592 9592 
9593 9593 
9594 9594 
9595 9595 
9596 9596 
9597 9597 
9598 9598 
9599 9599 
9600 9600 
9601 9601 
9602 9602 
9603 9603 
9604 9604 
9605 9605 
9606 9606 
9607 9607 
9608 9608 
9609 9609 
9610 9610 
9611 9611 
9612 9612 
9613 9613 
9614 9614 
9615 9615 
9616 9616 
9617 9617 
9618 9618 
9619 9619 
9620 9620 
9621 9621 
9622 9622 
9623 9623 
9624 9624 
9625 9625 
9626 9626 
9627 9627 
9628 9628 
9629 9629 
9630 9630 
9631 9631 
9632 9632 
9633 9633 
9634 9634 
9635 9635 
9636 9636 
986,000 9502 
99.8 9558 
996.2 9590 
=2 9491 
`` 9479 9487 9490 9495 9498 9500 9512 9516 9523 9524 9529 9532 9533 9535 9536 9537 9541 9549 9552 9554 9559 9581 9582 9583 9591 9602 9603 9604 9617 9621 9627 9628 9630 9636 
a-1 9623 9636 
a-1-plus 9636 
a-111-1plus 9636 
a-2 9623 9624 
a-minus 9623 9636 
a-plus 9624 9636 
aa 9636 
aa-minus 9636 
aa-plus 9636 
abandoned 9482 
aberford 9485 
ability 9524 9533 9601 
abkr 9596 
abortion 9567 
abroad 9515 
absorbed 9524 9533 
abuse 9537 
acc 9631 
acceptable 9590 
accepted 9500 9568 9591 9630 
access 9629 
accord 9559 
accordance 9551 
accords 9479 9592 
account 9480 9560 9618 9636 
accounting 9549 
accrued 9480 9485 9496 9540 9616 
accuray 9488 
acid 9633 
acivities 9560 
acq 9487 9497 9499 9509 9510 9526 9538 9539 9544 9557 9561 9565 9570 9582 9597 9607 9608 9619 9626 9635 
acquire 9487 9544 9583 9593 
acquired 9497 9607 9619 9633 
acquiring 9582 
acquisition 9485 9488 9536 9538 9544 9560 9582 9608 9633 9635 9636 
acquisitions 9543 9581 9582 9590 9608 
acreage 9621 
act 9500 9517 9523 9536 9607 
acted 9582 9636 
action 9500 9537 9541 9549 9604 9628 9629 9636 
actions 9518 9550 
activated 9500 
active 9524 9533 
activities 9560 9582 
activity 9490 9552 
acts 9512 
actual 9615 
ad 9582 
added 9500 9523 9527 9532 9559 9569 9591 9602 9621 9630 
adding 9560 9603 
addition 9512 9518 9590 9618 9627 
additional 9513 9518 9550 9557 9596 
additions 9528 
adelman 9490 
adequate 9518 
adjusted 9615 
adjustment 9549 9569 
adjustments 9479 
administratian 9500 
administration 9490 9498 9500 9515 9537 9541 9542 9546 9554 9579 9585 9592 9617 9621 9633 9634 
adopted 9532 9582 
adoption 9517 
adopts 9620 
advance 9509 
advanced 9567 9568 
advancing 9521 
adverse 9518 
advisory 9591 9630 
advocate 9602 
advocated 9582 
advsiors 9607 
aerospace 9597 9607 
affairs 9498 9509 9533 9603 
affect 9633 
affected 9485 9521 9636 
affecting 9636 
affiliate 9484 9518 9568 
affiliates 9518 
affirmed 9636 
affordable 9490 
africa 9561 9592 
african 9527 
ag 9570 
agencies 9476 9607 
agency 9541 9573 9601 9634 9636 
aggregate 9636 
aggressive 9490 9623 
agip 9631 
agip-carbone 9631 
ago 9490 9554 9581 9633 9634 
agreed 9485 9500 9501 9522 9535 9539 9553 9559 9633 
agreement 9518 9520 9526 9532 9535 9538 9539 9544 9553 9559 9564 9604 9628 9633 
agreements 9592 9628 
agricultural 9523 9532 9546 
agriculture 9523 9550 9567 9617 9621 
ah 9570 
ahead 9524 9533 9591 9630 
aid 9591 9630 
aide 9617 9629 
aides 9617 
aids 9608 
aids-related 9633 
aiki 9486 9491 
aim 9474 
aimed 9628 
aimt 9474 
air 9536 9541 9570 9581 
aircraft 9607 
aires 9521 
airline 9536 9581 
airlines 9487 9508 9536 9581 
airport 9508 9536 
ais.a 9558 
alabama 9567 
alberta 9478 9485 9544 
alex 9560 
algae 9507 
all-day 9517 
alleged 9487 
allegis 9581 9622 
allis-chalmers 9570 
allowed 9582 9617 9629 
allowing 9476 
alot 9617 
alto 9580 
alvite 9527 
am-airlines 9536 
am-brazil-steel 9592 
am-ecuador 9584 
am-fraud 9512 
am-trade-canada 9532 
amalgamation 9544 
america 9582 9591 9628 9630 
american 9554 9561 9591 9617 9636 
ammunition 9560 
amortizing 9549 
amount 9480 9481 9497 9540 9570 9581 9619 
amounts 9480 
ampal-american 9558 
amstutz 9617 
ana 9607 
analysis 9536 
analyst 9487 9490 9581 
analysts 9490 9505 9509 9543 9581 
anchor 9596 
anchor's 9596 
andewelt 9536 
andreotti 9482 
angeles 9481 
anger 9554 
angl 9561 
anglo 9561 
animal 9546 
announced 9517 9518 9541 9544 9555 9581 9608 9633 
announcement 9500 9526 
announces 9539 9627 
annual 9489 9537 9560 9563 9583 9590 9591 9615 9618 9630 
answer 9500 9535 
anticipates 9543 
antitrust 9536 
antiviral 9633 
antonio 9625 
apollo 9622 
apparel 9520 
apparent 9615 
apparently 9607 
appealed 9505 
appeals 9583 
appearance 9603 
appliances 9561 
application 9496 
applications 9496 
apply 9500 
applying 9569 
appoint 9518 
appointed 9526 
appointees 9526 
appreciated 9636 
approach 9524 9533 
approval 9496 9509 9518 9532 9538 9539 9542 9544 9546 9582 9629 9630 
approvals 9579 9585 
approve 9517 9536 9544 9591 
approved 9509 9536 9542 9544 9546 9554 9555 9579 9585 9618 9629 9636 
approves 9635 
approximately 9488 9636 
april 9477 9481 9488 9503 9504 9517 9530 9531 9532 9538 9540 9543 9544 9547 9548 9551 9577 9578 9580 9587 9599 9613 9618 9628 
arbitrage 9582 
arc 9631 
arco 9631 
arco-agip 9631 
arden 9486 9491 
area 9521 9582 
areas 9517 9521 
argentina 9521 9636 
argentine 9521 
argument 9532 
arinc 9622 
ark. 9518 
arranging 9512 
arsenals 9560 
asbestos 9609 
asher 9539 
asked 9582 
assessed 9500 
assessment 9521 
asset 9478 9485 
assets 9518 9519 9552 9581 9583 9596 9636 
assistant 9536 
assn 9565 
associates 9474 
association 9479 9520 9582 9604 9606 9615 9617 9627 9628 
assume 9609 
assumptions 9485 
asta 9484 
asta-group-inc 9484 
astronics 9607 
atkins 9512 
atlantic 9502 9517 9631 
attain 9549 
attempt 9483 9559 
attempts 9482 9490 
attendants 9508 
attention 9636 
attorney 9536 
attracting 9490 
aubrey 9629 
auditor 9583 
auergesellschaft 9561 
aug 9531 
august 9616 
austerity 9584 
australia 9592 9636 
author 9479 9490 9521 9581 
authorities 9584 
authority 9536 9617 
authorized 9514 9550 9618 
auto 9532 9541 
auto-agency-gran 9541 
autoboard 9528 
automakers 9541 
automated 9593 
automatic 9541 
autombiles 9541 
availability 9476 
availiable 9542 
average 9574 9634 
averaged 9583 9634 
avg 9486 9519 9562 9625 
aviation 9487 
avionic 9607 
avoid 9582 9602 
avoided 9512 
award 9604 
awarded 9573 9574 
aware 9582 
back 9496 9505 9535 9536 9553 9581 9591 9616 9628 9630 
backdated 9500 
backed 9582 
backs 9565 9582 
bacterial 9567 
bad 9537 9602 
bag 9541 
bags 9541 
baker 9493 9494 9495 9498 9501 9515 9524 9533 9534 9535 9603 9628 
balance 9492 9518 9569 9602 9636 
baldrige 9600 9603 
baltimore 9545 
bamberger 9557 
ban 9518 9532 9582 9629 
bancshares 9635 9636 
bank 9479 9485 9488 9518 9538 9544 9555 9564 9568 9591 9596 9601 9606 9629 9630 9635 9636 
banker 9591 9630 
bankers 9591 9630 9636 
banking 9518 9582 9629 
bankruptcy 9583 
banks 9479 9518 9584 9591 9630 9636 
bankworkers 9479 
bar 9620 9629 
barely 9536 
barrels 9527 9583 9634 
barris 9553 
base 9485 9568 
baseball 9520 
based 9500 9512 9528 9549 9607 9636 
basic 9515 9617 
basis 9518 9582 9624 
basketball 9520 
battle 9581 
bbb-plus 9636 
bbb-rated 9636 
bbls 9614 
bc- 9476 9478 9484 
bc-******baker-says-u.s. 9534 
bc-******baldrige-sees-u 9600 
bc-******cyclops-corp-re 9499 
bc-******detroit-edison 9575 
bc-******fed-approves-ch 9635 
bc-******lomac-to-pay-17 9586 
bc-******s/p-downgrades 9595 9632 
bc-******treasury's-bake 9493 9494 9495 
bc-******u.s.-4-year-not 9574 
bc-******u.s.-house-pane 9620 
bc-******u.s.-securities 9565 
bc-******u.s.-shoe-inc-4 9511 
bc-*****lear-siegler-hol 9597 
bc-/baker-says-u.s.-want 9535 
bc-/lyng-says-agricultur 9523 
bc-/newmont-gold-sees-it 9489 
bc-/s/p-downgrades-six-u 9636 
bc-/u.s.-legislation-cou 9629 
bc-aim-telephones- 9474 
bc-alabama-upgraded-in-b 9567 
bc-allis-chalmers- 9570 
bc-ampal-american-israel 9558 
bc-anchor-savings-bank-o 9596 
bc-andreotti-drops-coali 9482 
bc-arden-international- 9486 9491 
bc-argentine-soybean-198 9521 
bc-baldrige-sees-u.s.-tr 9603 
bc-baltimore-gas-and-ele 9545 
bc-barris- 9553 
bc-belgium-plans-to-outl 9509 
bc-beta-phase- 9522 
bc-bolivian-debt-buyback 9591 9630 
bc-brazilian-labour-unre 9479 
bc-canada-considering-mo 9554 
bc-casino-commission-del 9517 
bc-chemfix-technologies 9566 9611 
bc-cocoa-chairman-to-see 9559 
bc-collins-foods- 9481 
bc-combustion-engineerin 9488 
bc-computervision- 9528 
bc-coopervision-inc- 9580 
bc-correction 9516 9529 
bc-crystal-oil-co- 9610 
bc-cyanotech- 9507 
bc-cyclops- 9526 
bc-dana-corp- 9623 
bc-detroit-edison- 9594 
bc-ecuador-negotiating-w 9527 
bc-edelman-group-in-plan 9539 
bc-eg-and-g-inc- 9477 
bc-el-paso-electric- 9616 
bc-encor-plans-125-mln-d 9485 
bc-epsilon-data- 9564 
bc-federal-co- 9588 
bc-federal-mogul-corp- 9612 
bc-federal-paper- 9569 
bc-ferc-decision-could-c 9549 
bc-fiduciary-trust-co-in 9618 
bc-first-federal-delawar 9538 
bc-florida-employers-ins 9572 
bc-fnma-announces-10-and 9627 
bc-gateway-sporting-buys 9497 
bc-helm- 9557 9568 
bc-hershey-oil-corp- 9475 
bc-husky-sets-meeting 9544 
bc-icn- 9633 
bc-indiana-federal- 9606 
bc-int'l-minerals- 9579 
bc-int'l-minerals-projec 9585 
bc-iowa-resources-inc- 9613 
bc-john-labatt-sees-good 9543 
bc-kansas-city-southern 9626 
bc-kansas-power-and-ligh 9609 
bc-la-quinta-motor-inns 9625 
bc-lear-siegler-holding 9607 
bc-little-support-for-ma 9621 
bc-lower-u.s.-soybean-lo 9617 
bc-medar- 9563 
bc-medar-inc- 9562 
bc-merck- 9542 9546 
bc-mexico-signs-100-mln 9555 
bc-micro-display- 9492 
bc-middle-south- 9505 
bc-mine-safety- 9561 
bc-minnesota-power- 9624 
bc-modulaire- 9619 
bc-monarch-capital- 9506 9571 
bc-nike-inc- 9576 
bc-nordson- 9599 
bc-normal-work-resumes-a 9604 
bc-northern-states-power 9530 
bc-nutmeg-industries- 9520 
bc-o'brien-energy- 9513 
bc-oak-industries- 9480 
bc-owens-corning-fibergl 9510 
bc-pan-atlantic-re-inc- 9502 
bc-pdvsa-chooses-arco-ag 9631 
bc-philip-morris'- 9540 
bc-puerto-rican-cement-c 9551 
bc-pulitzer-publishing-c 9587 
bc-quaker-chemical- 9514 
bc-quaker-chemical-corp 9503 
bc-raytheon- 9504 
bc-recent-u.s.-oil-deman 9634 
bc-redkin-laboratories-i 9578 
bc-rubbermaid- 9608 
bc-s/p-may-upgrade-waino 9601 
bc-sas-to-upgrade-cabin 9508 
bc-shell-oil-gets-104.3 9573 
bc-snc-group-expects-hig 9560 
bc-southwestern-bell- 9590 
bc-summit-tax-exempt-bon 9531 
bc-talking-point/tobacco 9490 
bc-team- 9483 
bc-texaco- 9583 
bc-transcanada-pipe-sets 9589 
bc-treasury's-baker-outl 9515 
bc-treasury's-baker-says 9501 9524 9533 
bc-treasury's-baker-sees 9498 
bc-twa- 9487 
bc-u.s 9541 
bc-u.s.-budget-director 9602 
bc-u.s.-chipmakers-urge 9628 
bc-u.s.-government-expan 9537 
bc-u.s.-home-resales-up 9615 
bc-u.s.-offers-more-cred 9550 
bc-u.s.-securities-group 9582 
bc-u.s.-shoe- 9552 
bc-u.s.-shoe-corp- 9519 
bc-ual- 9581 9622 
bc-uk-to-retain-powers-a 9500 
bc-utah-power- 9496 
bc-varity 9598 
bc-varity-corp- 9605 
bc-vertex-industries-inc 9525 
bc-washington-gas-light 9547 
bc-wesco-financial-corp 9556 
bc-wkly-distillate 9614 
bc-worthern-banking- 9518 
bc-xylogics-in-initial-p 9593 
bc-zenith- 9548 
bc-zenith-national-insur 9577 
bear 9487 9628 
bearing 9520 
bearings 9607 
bears 9524 
beaverton 9576 
bedford 9528 
beef 9582 
began 9479 9492 
begin 9521 9554 9627 
beginning 9603 
belgian 9509 
belgium 9509 
believed 9487 9536 
believes 9490 9523 9581 9621 
bell 9485 9590 
belle 9594 
belts 9541 
beneficial 9521 9532 
benefit 9525 
benefitted 9521 
bentsen 9532 
beta 9507 9522 
beverage 9543 
beverly 9553 
bge 9545 
biased 9581 
bid 9482 9487 
big 9554 
biggest 9560 9581 
bilateral 9532 9559 
bill 9509 9515 9617 9620 9621 9629 
billion 9512 9517 9519 9523 9535 9537 9543 9552 9554 9575 9583 9590 9594 9596 9603 9605 9636 
billion-dlr-leveraged 9607 
billions 9581 
bills 9515 
bio-synthetic 9579 9585 
biomedical 9633 
biotechnology 9579 
bkb 9636 
blah 9493 9494 9495 9499 9511 9534 9565 9574 9575 9586 9595 9597 9598 9600 9614 9620 9626 9632 9635 
bleak 9479 
block 9487 
board 9499 9504 9506 9514 9518 9526 9528 9544 9549 9569 9579 9582 9585 9599 9604 9629 
boart 9561 
boart-msa 9561 
boise 9619 
bolivia 9591 9630 
bolivian 9591 9630 
bomb 9584 
bond 9476 9531 9594 
bonds 9476 9496 9575 9594 9616 9623 9624 
boost 9524 9581 9585 
border 9554 
borrowers 9596 9636 
boston 9569 9636 
bought 9487 9581 
bourse 9509 
bpd 9527 9634 
bra 9559 
brainerd 9504 
brasilia 9479 9592 
brazil 9479 9552 9592 9636 
brazil's 9479 9592 
brazilian 9479 9592 
breakneck 9536 
breakup 9581 
breeding 9567 
brewer 9543 
brewing 9543 
brian 9532 
briarcliff 9484 
bring 9498 9549 9563 9623 
bringing 9552 
britain 9500 
british 9572 
broad 9479 9582 
broadly 9535 
brokerages 9582 
brooms 9608 
brother 9512 
brothers 9593 
brought 9512 
brrs 9553 
brucellosis 9567 
brush 9608 
brushes 9608 
brussels 9509 
bt 9636 
budget 9501 9535 9537 9579 9582 9585 9590 9602 9622 
buenos 9521 
buffer 9559 
build 9579 9585 
build-up 9509 9627 
burden 9628 
burdens 9636 
bureau 9523 9621 
bureaus 9537 
burlington 9564 
burned 9584 
bus 9584 
bushel 9617 
business 9500 9508 9518 9543 9562 9581 9582 9583 9607 9629 
businesses 9488 9581 
buy 9474 9487 9496 9509 9539 9553 9591 9593 9616 9630 
buyback 9591 9630 
buydown 9617 
buyers 9487 9490 9627 
buying 9554 9582 
buyout 9607 
buys 9490 9497 9619 
c-rated 9601 
cabin 9508 
cabinet 9509 9554 
cabot 9504 
cadds 9528 
caddstation 9528 
calculating 9581 
calendar 9582 
calgary 9478 9485 9544 
calif. 9475 9480 9522 9553 9556 9577 9578 9580 9607 9633 
california 9500 
callable 9485 
called 9506 9523 9532 9544 9559 9582 9584 
calling 9590 9621 
calls 9506 9621 
campaign 9591 9596 9630 
canada 9478 9485 9532 9543 9544 9554 9560 9589 9605 9636 
canadian 9532 9543 9544 9554 9560 9608 
cancelled 9505 
candidates 9479 
candy 9508 
canoga 9578 
capability 9552 
capacity 9528 
capital 9485 9506 9518 9552 9571 9590 9593 9601 9618 9623 9636 
car 9622 
caracas 9631 
carboex 9631 
carbon 9554 
carbozulia 9631 
card 9484 
cards 9537 
careful 9500 
carl 9487 
carotene 9507 
carriers 9536 
carry 9535 
carryforwards 9491 9525 
cars 9541 9581 
case 9583 
cases 9627 
cash 9479 9480 9483 9490 9497 9544 9590 9619 
casino 9517 
catalogs 9519 
cattle 9567 
caught 9581 
caused 9479 9521 
cautious 9485 
cayman 9572 
cbs 9476 9512 
ccc 9550 9601 
cci 9513 9636 
cellular 9590 
cement 9551 
cent 9536 9554 
center 9636 
centers 9636 
central 9521 9584 9591 9630 
certificate 9617 
certificates 9617 
cf 9481 
cfix 9566 9611 
cg 9549 
chacin 9631 
chairman 9487 9504 9505 9518 9532 9536 9559 9581 9609 
championed 9602 
chance 9549 9591 9630 
change 9476 9537 9549 9563 9567 
changed 9562 9563 9618 
chapter 9583 
charge 9605 
charge-offs 9518 9636 
charged 9484 9512 
charges 9512 9519 9583 
charles 9512 9553 9629 
chartered 9596 
chase 9632 9636 
cheap 9490 
chemfix 9566 9611 
chemical 9503 9514 9579 9585 9632 9635 9636 
chicago 9622 
chief 9548 9609 
children 9520 
chipmakers 9628 
chl 9636 
chose 9631 
christian 9482 
cincinnati 9519 9552 
circuit 9528 
cit 9636 
cited 9535 9552 9601 9636 
citibank 9516 9529 
citicorp 9513 9581 9636 
citing 9636 
city 9517 9584 9626 
claim 9479 
claimed 9554 
claims 9609 
clarification 9559 
clashes 9584 
class 9508 9567 
classification 9518 9567 
clean 9586 
cleaned 9604 
cleaning 9608 
clear 9516 9529 9532 9591 9630 
cleveland 9607 
clients 9512 
clifton 9525 
climbing 9560 
close 9479 9505 9523 9526 9552 
closed 9479 9584 
closely 9535 
closing 9519 
cmb 9636 
co-managing 9593 
co. 9629 
coal 9631 
coalition 9479 9482 
coarse 9521 
coca 9591 9630 
cocaine 9591 9630 
cochran 9617 
cocoa 9559 
cocoas 9559 
code 9583 
collect 9591 9630 
collection 9537 
collins 9481 
colloredo-mansfield 9504 
colors 9520 
columbia 9549 
combination 9623 
combined 9526 9581 
combustion 9488 
commence 9480 9596 
comment 9487 9535 
commenting 9583 
comments 9617 
commerce 9544 9603 9635 9636 
commercial 9507 9568 9591 9619 9623 9630 9636 
commercially 9568 
commission 9487 9496 9517 9526 9539 9545 9549 9582 
commissioners 9517 
commissions 9496 
commitment 9536 
commitments 9628 
committed 9501 9636 
committee 9498 9515 9524 9532 9533 9535 9536 9544 9591 9603 9617 9629 9630 
committees 9629 
commodity 9550 
common 9474 9480 9485 9488 9505 9506 9514 9526 9544 9553 9569 9582 9593 9596 9601 9618 9633 
commons 9532 
communications 9622 
community 9524 9533 
company 9474 9476 9480 9481 9484 9485 9487 9488 9489 9490 9492 9497 9504 9505 9506 9507 9508 9509 9520 9522 9525 9526 9528 9538 9539 9542 9544 9549 9551 9552 9553 9561 9563 9569 9570 9579 9581 9582 9583 9585 9589 9590 9593 9594 9596 9601 9606 9609 9611 9618 9622 9633 9636 
company's 9543 
comparable 9624 
compared 9490 9563 9590 
compelled 9509 
competition 9536 9552 9581 
competitive 9536 9617 
competitiveness 9617 
complete 9622 
completed 9517 9550 9596 9608 9616 9636 
completes 9608 
completion 9544 9579 9585 
compliance 9518 9628 
complied 9584 
components 9607 
compounds 9633 
comprehensive 9532 
comprised 9607 
compromise 9559 
computer 9492 9568 
computer-based 9488 
computers 9593 
computervision 9528 
conceded 9498 
concern 9490 9517 9582 
concerned 9532 9536 9559 
concerns 9554 
conciliation 9604 
conciliator 9604 
conclusions 9517 
concrete 9483 
condition 9517 9526 
conditions 9535 9545 9601 
condominium 9484 
conducted 9621 
confidence 9633 
confident 9490 9498 9559 9591 9630 
confidential 9539 
confidentiality 9582 
confirmed 9633 
conflict 9515 
conglomerate 9607 
congress 9515 9537 9582 9617 9621 
congressional 9479 9537 9617 
conn. 9488 9607 
connection 9596 
conservative 9485 
conshohocken 9503 9514 
considered 9521 9549 9617 9629 
considers 9500 9515 9536 
consistent 9524 9533 9535 
consistently 9500 
consists 9484 9631 
consolidated 9583 
consolidation 9488 
consortium 9631 
conspired 9512 
construction 9488 9560 
consultations 9559 
consumer 9490 9559 
consumers 9559 
contention 9554 
continental 9581 
continue 9483 9501 9536 9537 9552 9582 9603 9604 9628 
continued 9521 9524 9533 9535 9633 9636 
continues 9521 9617 
continuing 9633 
contract 9549 9568 9573 9583 
contracts 9497 9549 
contrary 9500 
contributed 9581 
contributor 9560 
control 9476 9487 9488 9517 9523 9536 9570 9607 
controlled 9544 
controllers 9593 
controlling 9510 9561 9631 
controversial 9621 
conversion 9596 
convert 9506 9564 
convertible 9480 9485 9506 9569 
convinced 9617 
cook 9604 
cooperate 9534 9535 
cooperation 9494 9501 
coopervision 9522 9580 
cor 9610 
cordoba 9521 
core 9488 
corn 9521 
corner 9603 
corporate 9488 9545 9582 9590 9593 
corporation 9518 9550 
correcting 9535 
correction 9516 9529 
corrects 9516 9529 
cos 9490 9540 
cosmetics 9508 
cossiga 9482 
cost 9549 9555 9579 9585 
costa 9633 
costly 9617 
costs 9488 9549 
council 9559 9628 
counter-balance 9636 
counterbalance 9560 
countries 9501 9532 9554 9636 
country 9509 9527 9554 9560 9584 9591 9615 9630 
couple 9581 
coupon 9624 
court 9505 9583 
cover 9521 9550 9555 
coverage 9550 
covered 9521 
covering 9513 
covia 9622 
cowen 9593 
crackdown 9537 
credit 9476 9484 9502 9537 9550 9564 9623 
creditor 9591 9630 
credits 9500 9550 9590 
crest 9488 
criminal 9512 
crisis-laden 9479 
critical 9515 
criticised 9602 
criticisms 9515 
criticized 9617 
crop 9521 
crops 9521 9591 9630 
crossed 9487 
crude 9527 9583 9614 9634 
crystal 9610 
csp 9488 
ct 9486 9491 9566 9605 9611 
cts/shr 9558 
cubic 9583 
cultural 9532 
cumulative 9569 9589 
curbed 9591 9630 
currencies 9535 
currency 9516 9529 9591 9630 
current 9479 9501 9518 9519 9521 9525 9550 9556 9582 9605 9617 9625 
curtailed 9583 
customer 9590 
customers 9562 9563 9581 
cut 9498 9535 9539 9549 9591 9623 9628 9630 9636 
cuts 9523 9621 
cvi/beta 9522 
cvn 9528 
cyan 9507 
cyanotech 9507 
cycle 9562 9563 
cyclical 9560 
cyclops 9499 9526 
cyl 9526 
d. 9504 
daily 9634 
daiwa 9629 
damage 9521 
damaged 9521 
dana 9595 9623 
daniel 9617 
data 9537 9564 9593 9600 9633 
daugherty 9581 
dave 9617 
david 9479 9617 
day 9527 9583 9584 9604 9634 
days 9479 9521 9539 9582 9604 9634 
dayton 9536 
dcn 9623 
de 9479 9592 9631 
deadbeats 9537 
deadline 9592 
deal 9485 9532 9539 9544 9582 9591 9630 
dealers 9485 9620 9629 
deals 9509 9560 
dean 9490 9581 
debate 9617 
debenture 9485 
debentures 9480 9481 9485 9488 9540 9569 9601 9623 
debt 9474 9480 9485 9488 9518 9524 9533 9537 9545 9590 9591 9594 9595 9601 9616 9623 9630 9636 
debt-to-equity 9590 
debtor 9495 9524 9533 9636 
debtors 9591 9630 
debts 9537 
dec 9486 9518 9562 
december 9481 9491 9500 9562 9563 9607 9623 
decide 9517 9617 
decided 9500 
decision 9517 9541 9549 9633 
decisions 9583 
declaration 9509 
declared 9599 
declares 9587 9613 
decline 9552 9554 9561 9583 9600 9603 
declined 9583 
declining 9569 
deductions 9512 
deep 9591 9630 
deeply 9532 
default 9537 
defeat 9581 
defendants 9512 
defense 9560 9573 9581 9607 
defensive 9582 
defer 9500 
deferred 9478 9485 
deficit 9493 9498 9501 9523 9591 9600 9602 9603 9630 
define 9582 
definite 9539 
definition 9582 
defraud 9512 
degree 9590 
del. 9538 9549 
delaware 9538 
delay 9541 
delays 9488 9517 
delegates 9559 
delegations 9559 
deliver 9628 
demand 9479 9615 9634 
democrat 9482 9532 9536 9621 9629 
denis 9559 
dental 9497 
dentists 9497 
denver 9581 
departing 9508 
department 9479 9536 9550 9567 9607 9617 9634 
departments 9519 9536 
depending 9524 9533 
depositors 9596 
deposits 9631 
depress 9559 
depressed 9490 9601 
deputy 9527 9536 9537 
deregulation 9536 
des 9613 
design 9520 9528 9619 
designate 9629 
designation 9629 
designed 9627 
designs 9607 
details 9527 9537 9579 9585 
detect 9621 
determination 9524 9533 
determine 9554 
determining 9544 
detroit 9575 9594 
develop 9568 
developed 9483 9507 9579 9585 9636 
developers 9476 
development 9479 9513 9555 9591 9607 9630 9633 
devices 9582 
devote 9508 
dick 9581 
diego 9480 
differences 9536 9559 
differentials 9559 
difficult 9509 
difficulties 9524 9533 
difficulty 9536 
digesting 9581 
dilution 9590 
diplomat 9479 
dipped 9590 
dire 9591 9630 
direct 9492 9596 9622 
director 9504 9537 9602 
directors 9526 9544 9582 
disappointing 9636 
disclosed 9537 9561 9579 9585 9608 
disclosure 9582 
discontinued 9491 9610 
discount 9484 9591 9630 
discounted 9490 
discovered 9521 
discretion 9515 
discuss 9592 9628 
discussions 9633 
disease 9542 9546 9567 
disk 9568 
disorders 9633 
display 9492 
dispute 9604 
disputes 9479 
distance 9590 
distillate 9614 9634 
distribution 9483 
div 9477 9503 9530 9531 9547 9551 9587 9612 9613 
diversification 9581 
diversified 9607 
diversion 9621 
diverted 9554 
divest 9597 9607 
divestitures 9607 
dividend 9505 9506 9518 9549 9551 9577 9578 9580 9589 9599 9612 9613 
dividends 9490 9496 9500 
division 9517 9546 
divisions 9552 
divs 9605 
dixons 9499 9526 
dlr 9478 9485 9513 9523 9526 9555 9560 9573 9617 
dmp 9478 9485 
dog 9546 
dogs 9542 9546 
dole 9541 
dollar 9501 9516 9517 9529 9535 9591 9603 9630 
dollar/mark 9516 9529 
dome 9478 9485 
domestic 9501 9535 9552 9554 9591 9592 9630 9634 
domestics 9519 
dominated 9490 
domm 9581 
donald 9581 
dot 9536 
double 9554 
double-digit 9616 
doubt 9621 
doubted 9602 
downfall 9581 
downgrade 9636 
downgraded 9623 9636 
downgrades 9595 9632 9636 
downsizings 9488 
draft 9500 9559 
draw 9517 
drew 9490 
dries 9521 
drive 9591 9607 9630 
driver 9541 
driver's 9541 
drop 9583 9603 
dropped 9526 9552 9583 9603 
dropping 9603 
drops 9482 
drug 9542 9546 9579 9585 9633 
drug-eradication 9591 9630 
dte 9594 
due 9480 9481 9488 9517 9521 9536 9540 9561 9569 9590 9601 9624 
dumping 9628 
dynamics 9607 
eager 9626 
ealier 9603 
earlier 9483 9485 9487 9490 9526 9539 9552 9563 9583 9623 9634 
early 9482 9485 9512 9594 9604 
earmarked 9550 
earn 9475 9477 9478 9484 9486 9488 9490 9491 9502 9503 9505 9511 9519 9525 9530 9531 9543 9547 9549 9551 9556 9558 9560 9562 9563 9566 9572 9576 9577 9578 9580 9587 9588 9590 9598 9599 9605 9606 9610 9611 9612 9613 9618 9625 
earned 9485 9490 9549 9552 9560 9590 
earning 9549 
earnings 9488 9490 9491 9543 9549 9552 9560 9581 9590 9636 
earthquake-related 9584 
earthquake-stricken 9527 
easily 9636 
eastern 9536 9583 
eastman 9633 
easy 9524 
economic 9494 9501 9509 9532 9535 9561 9591 9602 9628 9630 9636 
economies 9535 
economy 9479 9535 
ecuador 9527 9584 
edelman 9539 
edge 9500 
edison 9575 9594 
education 9479 9537 
edward 9582 9617 9627 
edwin 9505 
effect 9479 9498 9500 9523 9536 9544 9633 9636 
effective 9504 9545 9548 9617 9618 
effects 9536 
efficiency 9537 
efficient 9552 
efforts 9537 
egg 9477 
eia 9614 9634 
ek 9633 
el 9616 
elections 9479 9482 
electric 9513 9544 9545 9616 
electrical 9483 
electronics 9548 9607 
electrostatic 9570 
elex 9570 
eliminate 9488 
elinquent 9537 
elizabeth 9541 
elp 9616 
elpa 9616 
elyria 9607 
emphasize 9636 
employees 9525 9582 
employers 9572 9604 
employs 9607 
empty 9521 
enable 9509 
encino 9577 
encor 9478 9485 
encor-energy-corp-in 9478 
encouraging 9498 
end 9479 9492 9500 9537 9552 9562 9563 9583 
end-december 9500 
ended 9491 9518 9526 9537 9543 9552 9562 9566 9581 9604 9634 
ending 9484 9543 9604 9628 
ends 9559 9581 
energy 9478 9485 9488 9507 9513 9527 9549 9607 9634 
enforcement 9517 9582 
engage 9582 
engaged 9607 
engineering 9488 9560 9579 9585 9593 
enhanced 9508 
eni 9631 
enormous 9581 
entered 9518 
entire 9569 9616 
entities 9512 
entre 9521 
environment 9536 9601 
epsi 9564 
epsilon 9564 
equipment 9483 9522 9593 9599 9607 
equipped 9541 
equity 9583 9594 9627 9636 
eradication 9567 9591 9630 
ernest 9512 
established 9554 9592 9622 
establishing 9581 
estate 9581 9602 9636 
estimate 9521 
estimated 9634 
estimates 9521 9583 
europe 9492 
european 9492 9608 
eventual 9500 9603 
evidence 9581 
exasperating 9554 
exceed 9552 9592 
exceeding 9492 9582 
excellent 9552 
exchange 9480 9487 9493 9498 9506 9516 9526 9529 9534 9535 9539 9545 9569 9571 9582 
excise 9490 
excited 9617 
exclude 9491 9525 
excluded 9549 
excludes 9502 9525 9610 
excluding 9634 
exclusively 9538 
executed 9564 
execution 9581 
executive 9581 9609 
executives 9526 
exempt 9531 9582 
exercise 9557 
exhcange 9480 
existed 9535 
existing 9509 9522 9528 
expanded 9536 9543 9631 
expanding 9537 9582 
expands 9537 
expansion 9543 9593 9602 9608 
expect 9591 9630 
expected 9488 9498 9517 9521 9559 9579 9585 9607 9628 
expects 9483 9484 9488 9489 9490 9549 9552 9560 9590 
expenditures 9523 9590 
expense 9636 
expenses 9512 
experience 9498 
experienced 9636 
expired 9526 
explained 9549 9618 
exploit 9631 
explore 9633 
export 9527 9591 9592 9630 
exported 9554 
exports 9523 9524 9527 9550 9554 9592 9628 
exposure 9636 
exposures 9636 
express 9536 
expressed 9582 
extended 9526 9538 9584 
external 9490 9535 
externals 9490 
extract 9507 
extraordinary 9558 9560 9572 
eye 9522 9580 
eyeglass 9522 
f1924 9474 
f1927 9475 
f1928 9476 
f1930 9477 
f1931 9478 
f1932 9479 
f1935 9480 
f1942 9481 
f1943 9482 
f1949 9483 
f1955 9484 
f1956 9485 
f1957 9486 
f1959 9487 
f1961 9488 
f1962 9489 
f1964 9490 
f1973 9491 
f1976 9492 
f1983 9493 
f1985 9494 
f1993 9495 
f1999 9496 
f2001 9497 
f2008 9498 
f2009 9499 
f2010 9500 
f2011 9501 
f2025 9502 
f2028 9503 
f2029 9504 
f2033 9505 
f2034 9506 
f2036 9507 
f2037 9508 
f2039 9509 
f2041 9510 
f2044 9511 
f2046 9512 
f2053 9513 
f2055 9514 
f2060 9515 
f2061 9516 
f2065 9517 
f2072 9518 
f2077 9519 
f2086 9520 
f2089 9521 
f2092 9522 
f2095 9523 
f2098 9524 
f2115 9525 
f2122 9526 
f2126 9527 
f2130 9528 
f2131 9529 
f2133 9530 
f2134 9531 
f2137 9532 
f2157 9533 
f2158 9534 
f2177 9535 
f2186 9536 
f2190 9537 
f2197 9538 
f2200 9539 
f2205 9540 
f2206 9541 
f2207 9542 
f2208 9543 
f2211 9544 
f2213 9545 
f2214 9546 
f2215 9547 
f2218 9548 
f2220 9549 
f2221 9550 
f2222 9551 
f2223 9552 
f2228 9553 
f2232 9554 
f2248 9555 
f2258 9556 
f2263 9557 
f2276 9558 
f2282 9559 
f2285 9560 
f2287 9561 
f2290 9562 
f2294 9563 
f2295 9564 
f2297 9565 
f2298 9566 
f2301 9567 
f2302 9568 
f2304 9569 
f2307 9570 
f2313 9571 
f2319 9572 
f2321 9573 
f2322 9574 
f2328 9575 
f2330 9576 
f2335 9577 
f2336 9578 
f2337 9579 
f2339 9580 
f2348 9581 
f2350 9582 
f2360 9583 
f2365 9584 
f2374 9585 
f2376 9586 
f2387 9587 
f2388 9588 
f2389 9589 
f2391 9590 
f2392 9591 
f2394 9592 
f2397 9593 
f2398 9594 
f2402 9595 
f2403 9596 
f2406 9597 
f2409 9598 
f2411 9599 
f2412 9600 
f2419 9601 
f2420 9602 
f2421 9603 
f2423 9604 
f2429 9605 
f2440 9606 
f2444 9607 
f2456 9608 
f2468 9609 
f2473 9610 
f2480 9611 
f2481 9612 
f2490 9613 
f2492 9614 
f2493 9615 
f2496 9616 
f2498 9617 
f2501 9618 
f2505 9619 
f2512 9620 
f2513 9621 
f2514 9622 
f2518 9623 
f2520 9624 
f2521 9625 
f2524 9626 
f2527 9627 
f2532 9628 
f2543 9629 
f2546 9630 
f2547 9631 
f2549 9632 
f2551 9633 
f2554 9634 
f2572 9635 
f2574 9636 
face 9484 9554 9583 9636 
facilities 9488 9513 9579 9585 9593 
facility 9609 
fact 9602 
factor 9581 
factors 9488 9490 
failed 9549 
fails 9499 
failure 9523 
fair 9532 9544 9554 
fairfield 9474 
fairly 9581 
fairness 9582 
false 9512 
fare 9581 
farm 9523 9621 
farm-state 9617 
farmers 9591 9617 9630 
farmington 9562 9563 
faster 9627 
fbo 9569 
fda 9542 
fe 9521 
fear 9490 9521 
fears 9559 9582 
feb 9480 9566 9576 9600 9611 9625 
february 9479 9520 9535 9557 9603 9606 9615 
fed 9629 9635 
federal 9479 9500 9501 9512 9518 9523 9537 9538 9541 9549 9569 9582 9583 9588 9606 9627 9629 9636 
federal-mogul 9612 
federally 9596 
federation 9604 
feds 9518 
fee 9500 
feed 9550 9579 9581 9585 
feedlots 9567 
feeling 9490 
feels 9536 
feet 9583 
fell 9634 
felt 9517 9536 9560 
fend 9582 
ferc 9549 
ferdinand 9504 
fernando 9527 
ferris 9581 
ferry 9604 
fertility 9567 
fff 9588 
fiberglas 9510 
fictious 9512 
fiduciary 9618 
field 9633 
fields 9521 
figure 9521 9523 
figures 9556 9603 
file 9582 9583 
filed 9488 9496 9545 9594 
files 9545 9575 
filing 9487 9539 9545 9549 
filings 9487 
fill 9609 
films 9532 
final 9500 9535 9538 9563 9583 9596 
finalizing 9527 
finance 9488 9500 9501 9509 9532 9555 9591 9593 9630 9636 
financed 9591 9623 9630 
financial 9479 9484 9500 9517 9536 9538 9543 9548 9549 9556 9563 9590 9607 9636 
financially 9517 
financing 9488 9524 9533 9594 9627 
find 9521 9554 
fined 9509 
firm 9568 9582 9607 
firms 9500 9537 9582 9629 
fiscal 9523 9537 9543 9550 9552 9562 9563 9591 9607 9630 
five-for-one 9618 
five-party 9482 
five-year 9592 
fixed 9559 9627 
fla 9513 
fla. 9476 9520 
flae 9572 
fleischer 9479 
flexibility 9627 
flight 9607 
flights 9508 
floods 9521 
florida 9572 
flow 9483 9490 9590 9593 
flowing 9554 
flying 9536 
fmo 9612 
fnma 9627 
foam 9510 
food 9542 9543 9546 9579 9585 9633 
foods 9481 
footwear 9552 
forbes 9504 
force 9509 
ford 9541 
forecast 9492 9521 9543 
forecasts 9521 
foreign 9509 9535 9554 9555 9591 9629 9630 
foreign-based 9628 
foreign-owned 9500 
forfeit 9509 
form 9482 9604 9631 9633 
formal 9518 9554 
formed 9631 
formulated 9559 
forstmann 9607 
fortunately 9621 
fortunes 9591 9630 
forward 9501 
foster 9535 
found 9512 
founder 9553 
four-year 9564 
fourth 9543 9603 
frame 9522 
frames 9522 
francesco 9482 
francisco 9619 
francs 9509 
frankly 9602 
fraud 9512 9537 
fraudulent 9512 
free 9490 9532 
french 9510 
friday 9526 9559 
friendly 9539 9582 
front 9479 9541 
fuel 9573 9634 
fueled 9581 
full 9479 9486 9521 9577 9606 9611 9628 
full-page 9492 
fully 9560 9596 
functions 9582 
fund 9531 
funding 9633 
funds 9479 9544 9569 9594 
future 9518 9549 
g. 9629 
gain 9502 9519 9525 9549 9556 9560 9579 9585 9590 9625 
gaining 9591 
gains 9491 9502 9509 9512 9535 9630 
gaming 9517 
gap 9603 
gary 9490 
gas 9485 9545 9547 9549 9583 9614 9634 
gasification 9513 
gasoline 9584 9614 9634 
gateway 9497 
gear 9528 
general 9488 9512 9515 9521 9536 9569 9584 9593 9594 
generate 9483 9560 
generated 9512 
generating 9513 9616 
generation 9488 
genius 9492 
georgetown 9572 
gephardt 9621 
german 9561 
germany 9535 9591 9630 
getty 9583 
ghana 9559 
giggletree 9519 
giulio 9482 
give 9508 9617 9630 
giving 9539 9602 
glenview 9548 
goal 9549 
goernments 9591 
gold 9489 
good 9521 9543 9549 9581 
goods 9497 
gouinlock 9485 
governmenmt 9512 
government 9479 9482 9500 9509 9512 9532 9537 9550 9554 9560 9582 9584 9592 9628 9629 
governmental 9498 9533 9603 
governments 9630 
governor 9591 9630 
grace 9555 
gradual 9479 9524 9533 
graham 9548 
grain 9521 
gramm-rudman 9523 
grand 9512 9572 9607 
granted 9541 9553 9593 
grants 9541 
graves 9617 
greenmail 9582 
grew 9490 
grind 9479 
grindstone 9581 
gross 9591 9630 9634 
ground 9584 9591 9630 
grounds 9500 9549 
group 9484 9487 9499 9517 9522 9526 9538 9539 9559 9560 9582 9607 9615 9628 9636 
groups 9617 
grow 9524 9533 9591 9630 
growers 9521 
growing 9554 
growth 9490 9501 9524 9535 9543 9602 
growth-oriented 9524 9533 
grunebaum 9512 
guanare 9631 
guarantee 9550 
guaranteed 9636 
guarantees 9476 9550 
guard 9582 
guess 9554 
guilty 9512 
gustavo 9555 
guys 9581 
guzman 9631 
hack 9512 
haggard 9617 
half 9479 9554 9560 
halt 9479 9584 9602 
halted 9591 9630 
handed 9512 
handgun 9607 
handled 9487 
hanover 9636 
happen 9487 9604 
happened 9479 
happening 9617 
harbour 9604 
hard 9490 
harder 9581 
hardware 9568 
harmful 9523 
harrah 9517 
harvest 9521 
harvested 9521 
harvesting 9521 
head 9479 
health 9546 
hearing 9536 9617 
heart 9546 
heartgard-30 9542 9546 
heartworm 9542 9546 
heavy 9521 9581 
hectares 9521 
held 9487 9539 9590 9592 9604 
helm 9557 9568 
helped 9479 
helping 9560 
hemisphere 9583 
herd 9567 
hershey 9475 
hertz 9581 
hia 9517 
hialeah 9476 
high 9479 9521 9574 9636 
high-cost 9583 
higher 9479 9496 9521 9549 9560 9582 9591 9623 9630 9636 
highest 9636 
highly 9537 
highway 9541 
hikes 9490 9547 
hills 9553 9562 9563 
hilton 9581 9622 
hindered 9535 
hit 9521 9581 
hoc 9582 
hockey 9520 
hog 9585 
hogs 9579 9585 
hold 9544 9591 9630 
holder 9516 9529 
holders 9480 9618 
holding 9487 9597 9602 9607 9636 
holdings 9544 9636 
holds 9479 9526 
holiday 9517 
holmes 9504 
home 9615 9627 
homes 9615 9619 
hong 9544 9552 
hong-kong 9544 9552 
hongkong 9544 
honored 9628 
hope 9532 9554 
hospital 9584 
hostile 9582 
hotel 9517 9622 
hotels 9581 9622 
hourly 9508 
house 9532 9537 9602 9620 9628 9629 
housing 9615 
houston 9483 9485 9573 
howard 9536 9548 
hso 9475 
hub 9536 9581 
hubs 9536 
hurt 9581 
husky 9544 
hutchison 9544 
hyo 9544 
hyperinflation 9630 
hyperinfltion 9591 
iadb 9555 9630 
ibs 9592 
icahn 9487 
icco 9559 
icn 9633 
idaho 9496 
idea 9581 9602 9617 
identification 9567 
identified 9554 
identity 9532 
ifsl 9606 
igl 9579 
ill. 9548 9579 9585 
illegal 9582 9591 9630 
illegally 9554 
imbalances 9501 9535 
immune 9479 
impact 9549 9560 9583 9590 9591 9603 9629 9630 
impede 9582 
imperial 9544 
implement 9524 9533 
implementation 9617 
implied 9601 
import 9515 9552 9554 9592 
important 9532 
imported 9554 
importing 9554 
imports 9532 9554 9603 9634 
impose 9500 9628 
imposed 9490 9628 
imposition 9490 
impossible 9521 
imprisoned 9509 
improve 9508 9521 9552 9579 9585 
improved 9485 
improvement 9488 9518 9552 9636 
improvements 9581 
improves 9579 9585 
improving 9636 
inability 9628 
inadequate 9521 
inc. 9512 9594 
include 9479 9483 9528 9556 9607 9631 
included 9485 9559 
includes 9478 9509 9519 9526 9558 9572 9605 9625 
including 9488 9512 9518 9543 9560 9579 9584 9585 9590 
inclusion 9583 
income 9483 9518 9537 9558 9590 9617 
increase 9509 9524 9533 9535 9536 9537 9550 9552 9554 9590 9592 9599 9602 9617 9618 
increased 9523 9591 9630 
increases 9489 
increasing 9592 9617 9636 
incurred 9485 9488 
ind. 9606 
indentified 9554 
independent 9518 9523 
independently 9532 
indiana 9606 
indicating 9617 
indications 9490 
indicted 9512 
indictment 9512 
indies 9572 
indirectly 9544 
individual 9515 9582 
individually 9559 
individuals 9512 9537 
industrial 9535 9599 9604 9607 9623 9629 
industries 9480 9520 9525 9536 9553 9619 9626 9628 
industry 9479 9483 9532 9536 9543 9554 9565 9581 9582 9601 9604 9628 
ineffective 9602 
inexpensive 9490 
infection 9567 
infectious 9567 
inflation 9479 9535 9591 9627 9630 
influence 9521 
inform 9518 
information 9539 9582 9584 9606 9634 
informed 9509 
initial 9498 9552 9557 9590 9593 
initially 9526 9528 9581 
initiated 9553 
initiating 9500 
initiative 9524 9533 
innovative 9497 
inns 9625 
inquiry 9479 
inside 9500 
insider 9509 9565 9582 
installation 9541 
installed 9541 
installment 9484 
insterest 9544 
institute 9592 9633 
institution 9484 
institutions 9487 
instructions 9528 
instrument 9607 
instruments 9602 
insulation 9510 
insurance 9476 9572 9577 
int'l 9579 9585 
integrating 9488 
intend 9487 
intended 9535 
intends 9569 9591 9630 
intense 9521 9554 
intent 9538 9631 
inter- 9591 
inter-american 9555 9630 
interest 9480 9484 9485 9496 9510 9512 9540 9544 9555 9561 9581 9615 9616 9621 9627 9631 
interests 9509 9544 9628 
interfered 9583 
intermediate 9627 
internal 9537 
international 9481 9486 9491 9500 9524 9533 9535 9559 9561 9579 9581 9585 9607 9618 9622 
internationally 9500 
interrupted 9521 
interstate 9567 
intra-scandinavian 9508 
introduce 9483 
introduced 9528 
inventory 9519 9522 
invest 9633 
investigate 9554 
investment 9485 9502 9544 9581 9582 9590 
investments 9555 
investor 9490 9539 9582 
investors 9490 9570 9624 
involved 9536 9581 
ior 9613 
iowa 9613 
ireland 9608 
iron 9559 
iron-steel 9554 9592 
irving 9632 9636 
israel 9558 
issuance 9596 
issue 9485 9500 9545 9592 9604 9616 9618 9624 
issued 9474 9490 9496 9582 9618 
issues 9500 9532 9569 9604 9636 
italy 9482 9631 
italy's 9631 
item 9516 9529 9572 
iturri 9591 9630 
ivermectin 9546 
j. 9627 
j.p. 9636 
james 9498 9501 9515 9524 9533 9535 9602 9603 9628 
james-baker 9493 9494 9495 9498 9501 9515 9524 9533 9534 9535 
james-miller 9602 
jan 9518 9519 9525 9605 
janeiro 9479 9592 
janney 9487 9581 
january 9488 9513 9521 9540 9543 9552 9615 
january-february 9479 
japan 9535 9592 9628 9629 
japanese 9535 9620 9628 9629 
javier 9591 9630 
jeapordise 9602 
jennings 9604 
jeopardize 9532 
jersey 9517 
jet 9573 
jim 9602 
johannesburg 9561 
john 9543 
joint 9522 9631 9633 
joseph 9537 
jpm 9636 
jr 9561 
juan 9631 
judged 9536 
judgement 9583 
june 9538 9588 9596 9612 
junior 9479 
jurisdiction 9532 
jury 9512 
justice 9536 
kan 9609 
kan. 9609 
kanon 9559 
kansas 9609 9626 
key 9552 
kidder 9490 
kids 9519 
kind 9532 9554 
kitchens 9486 
kits 9528 
kodak 9633 
kong 9552 
kong-based 9544 
korea 9554 9592 
kurt 9581 
l.n 9561 
la 9521 9625 
labatt 9543 
labels 9490 
laboratories 9578 
labour 9479 
lack 9636 
laf 9510 
lafarege 9510 
laid 9500 
lamont 9500 
land 9621 
lanston 9629 
lara 9584 
large 9509 9512 9532 9552 9581 9617 9636 
largest 9532 9560 9583 9591 9630 9636 
larkville 9486 9491 
laser 9568 
latacunga 9584 
late 9500 9512 9521 9582 9604 
latin 9636 
launched 9479 
launches 9516 9529 
laurence 9512 
law 9500 9523 9537 9551 9568 9582 9590 
lawmakers 9554 
lawrence 9490 
laws 9487 9536 9549 
lead 9559 
leader 9532 9617 
leaders 9479 
leading 9476 9535 9543 
league 9520 
leaks 9483 
lean 9579 9585 
lear 9597 9607 
lear-siegler 9607 
lease 9513 9518 
leasebacks 9616 
leased 9519 
leasing 9476 
leave 9517 9590 
leaving 9526 9609 
led 9539 9555 9591 9630 
left 9537 9581 
legal 9591 9630 
legislation 9490 9500 9582 9621 9629 
lend 9527 
lending 9524 9527 9533 
length 9604 
lesser 9636 
letter 9538 9590 9628 9631 
letting 9537 
level 9488 9554 9581 9590 9617 9621 
levelled 9603 
levels 9501 9523 9535 9552 9615 9623 9636 
leverage 9623 
leveraged 9517 9623 
lewins 9581 
lexington 9504 
li 9544 
liabilities 9549 
liability 9490 9582 
liberal 9479 
liberty 9484 
library 9619 
licences 9554 
licensed 9483 9542 9546 
licensee 9517 9608 
licensing 9520 
lifo 9519 
light 9496 9505 9547 9609 9624 
limit 9500 9549 9582 
limited 9554 9582 9583 9592 
limits 9515 9554 
line 9483 9528 9559 
linens 9519 
lines 9536 9590 
link 9622 
links 9622 
liquidation 9569 
liquids 9583 
list 9569 
listed 9517 9590 
litigation 9490 
lived 9628 
livestock 9585 
lloyd 9532 
load 9535 
loan 9484 9518 9527 9555 9564 9606 9617 
loans 9484 9537 9555 9591 9630 9636 
lobbyists 9617 
local 9591 9630 
locations 9497 
lockup 9582 
logistics 9573 
logos 9520 
lomac 9586 
london 9500 9516 9529 9559 
long 9487 9581 9582 9590 
long-term 9524 9533 9633 9636 
longer-term 9627 
looked 9479 
looming 9479 
los 9481 
lose 9536 
loss 9475 9478 9485 9491 9502 9512 9518 9525 9562 9563 9566 9572 9583 9590 9598 9605 9610 9611 9625 
losses 9483 9488 9491 9512 9518 9591 9610 9630 
lost 9563 
lot 9490 9581 
louis 9487 9518 9581 9587 9590 
low 9591 9630 
lower 9485 9488 9521 9567 9583 9590 9615 9617 9627 9636 
lowered 9617 9623 9636 
lqm 9625 
lummus 9488 
lunch 9523 9621 
lupberger 9505 
lyng 9523 9617 9621 
made 9500 9535 9546 9549 9563 9582 9596 9622 9633 
madigan 9617 
madison 9540 
magnate 9581 
mail 9519 9596 
mailed 9540 9589 
main 9521 
maintain 9617 
maintained 9549 
maintenance 9518 9607 
maize 9521 
major 9484 9509 9520 9536 9560 9562 9563 9629 9633 9636 
majority 9499 9591 9630 
make 9480 9509 9517 9520 9537 9539 9543 9552 9581 9617 
maker 9488 9599 9608 
makes 9516 9529 9532 9554 9593 
making 9549 9593 9603 
malaysian 9559 
malcolm 9603 
manage 9593 
managemement 9476 
management 9476 9518 9537 9549 9564 9581 9602 9607 9623 
managements 9636 
manager 9624 
mandated 9617 
mandatory 9515 9621 
manhattan 9636 
manner 9535 
manor 9484 
manuel 9521 
manufacture 9520 
manufacturer 9560 
manufacturers 9559 9628 9632 9636 
manufactures 9607 
manufacturing 9522 9560 9593 9608 9619 
marckesano 9487 9581 
marco 9584 
marina 9517 
mark 9581 
market 9487 9490 9492 9535 9536 9543 9545 9554 9559 9579 9582 9585 9591 9592 9608 9630 
market-sensitive 9582 
marketing 9492 9532 9617 9621 
marketplace 9582 
markets 9515 9522 9607 9628 9629 
marks 9516 9529 9535 
marlborough 9604 
mass. 9477 9504 9506 9528 9564 
massive 9524 9533 
materials 9522 
matter 9633 
matters 9518 9535 
matthew 9536 
mayer 9540 
mcleod 9485 
mdsi 9492 
mdxr 9562 9563 
meal 9508 
meals 9508 
means 9532 
meantime 9500 
measure 9532 
measured 9634 
measurement 9488 
measures 9515 9535 
mechanisms 9607 
medar 9562 9563 
median 9636 
medicine 9542 
medium-term 9623 
meet 9523 9532 9541 9559 9629 
meeting 9501 9517 9544 9560 9591 9592 9594 9618 9628 9630 
meets 9604 
mel 9636 
mellon 9632 9636 
member 9582 
members 9526 9539 
memory 9522 
memphis 9588 
men 9512 9520 
menlo 9522 
mention 9581 
merchandising 9552 
merck 9542 9546 
merger 9487 9536 9544 9582 
mergers 9536 9582 
mesa 9633 
method 9483 9500 9507 
methods 9532 
metromedia 9590 
metzenbaum 9536 
mexican 9555 
mexico 9555 9592 9636 
mhc 9636 
miami 9555 9591 9630 
mich. 9562 9563 9607 9612 
micro 9492 
microchip 9528 
microsystems 9528 
mid-april 9521 
mid-february 9521 
mid-january 9492 
mid-year 9590 
middle 9505 
mightily 9602 
military 9584 9607 
milk 9567 
miller 9602 
million 9528 
mills 9488 9520 
milwaukee 9570 
mine 9561 
minerals 9579 9585 
minimum 9617 
mining 9489 
minister 9509 9527 9532 9555 9584 
ministers 9501 
ministry 9479 9509 9584 
minn. 9486 9530 
minneapolis 9492 9530 
minnesota 9624 
minority 9617 
mips 9528 
mississippi 9505 
missouri 9621 
mixed 9550 
mm 9521 
mnes 9561 
mo 9490 9540 
mo. 9590 
model 9541 9591 9630 
moderately 9552 
moderating 9636 
modification 9607 
modified 9559 
modulaire 9619 
modx 9619 
moines 9613 
mon 9506 9571 
monarch 9506 9571 
monday 9517 9604 
monetary 9535 
money 9495 9524 9533 9581 9591 9602 9630 9636 
money-fx 9498 9534 9535 
monica 9607 
monitor 9492 9554 
monitoring 9554 
montgomery 9487 9581 
month 9487 9501 9532 9535 9594 9607 9629 9631 
monthly 9479 9603 
months 9492 9527 9543 9554 9567 9591 9592 9609 9611 9629 9630 
montreal 9543 9560 
montvale 9569 
moody 9624 
moratorium 9636 
morgan 9569 9594 9607 9636 
morning 9559 9604 
morris 9490 9540 
morse 9539 
mortgage 9496 9594 9615 9616 9624 9627 
mortgages 9627 
motion 9583 
motor 9541 9625 
move 9617 
moved 9567 
movement 9567 
moves 9526 
mpl 9624 
mrk 9542 9546 
mrs 9539 
msa 9561 
msu 9505 
mths 9525 9562 9566 9576 9625 
mulroney 9532 
mutual 9596 
mutually 9532 
n't 9487 9495 9523 9524 9581 9602 9604 9617 9621 
n. 9550 
n.a 9564 
n.j 9517 
n.j. 9474 9525 9542 9546 9569 
n.v. 9636 
n.y. 9484 9502 
nabisco 9490 
named 9512 9526 9548 
names 9520 9548 
nasdaq 9596 
nat-gas 9583 
nation's 9479 
national 9479 9520 9541 9568 9577 9615 9621 9627 
nations 9495 9500 9524 9533 9535 9592 9636 
natural 9549 9579 9583 9585 
navigation 9607 
nba 9520 
ndsn 9599 
near-term 9490 
need-to-know 9582 
needed 9517 9537 
negative 9590 
negatively 9581 
negotiate 9538 
negotiated 9539 
negotiates 9527 
negotiating 9487 9515 9527 
negotiation 9532 
negotiations 9482 9532 9592 9604 
net 9475 9478 9483 9485 9486 9488 9502 9512 9519 9525 9549 9556 9557 9558 9562 9566 9572 9576 9581 9590 9594 9605 9606 9610 9611 9625 
new-zealand 9604 
newly 9483 9526 9579 9585 
newly-signed 9564 
newmont 9489 
news 9535 
nigeria 9527 
nike 9576 
nogales 9591 9630 
nominal 9516 9529 
nomura 9629 
non-banking 9518 
non-callable 9624 
non-canadians 9532 
non-flat 9592 
non-member 9559 
non-performing 9636 
nonbinding 9538 
nonconvertible 9506 
nonperforming 9636 
nonsubsidiary 9583 
nordson 9599 
normal 9479 9604 
norman 9500 
north 9550 
northbrook 9579 9585 
northern 9521 9530 
northwest 9581 
nose 9581 
note 9478 9486 9491 9502 9519 9525 9551 9556 9558 9562 9572 9574 9577 9605 9606 9610 9611 9625 
noted 9505 9567 9636 
noteholders 9540 
notes 9474 9480 9623 
notice 9476 9540 9545 9589 
noting 9636 
nova 9544 
nsp 9530 
nu 9520 
nuclear 9607 9616 
nucleic 9633 
number 9488 9526 9552 9599 9618 
nutm 9520 
nutmeg 9520 
nwa 9581 
nyse 9571 
o'brien 9513 9582 
o'conner 9617 
oak 9480 
object 9536 
obligations 9594 
obligatory 9509 
obs 9513 
obtain 9554 
obtained 9476 9579 9585 9591 9630 
occurred 9541 
ocf 9510 
oecd 9500 
oeperations 9518 
off-set 9512 
offence 9509 
offenders 9509 
offer 9480 9485 9490 9526 9539 9582 9591 9627 9630 
offered 9593 9594 9596 
offering 9480 9485 9488 9528 9557 9569 9593 9594 9596 9601 9624 
offers 9550 9569 9582 
office 9537 9602 
officer 9548 9609 
offices 9479 9552 
official 9521 9536 9554 9617 
officially 9479 9617 
officials 9537 9554 9555 9592 
offset 9488 9549 
ohio 9510 9536 9552 9599 9607 9608 
oil 9475 9479 9483 9485 9527 9544 9550 9573 9583 9601 9610 9634 
oils 9550 
oilseed 9521 9617 
older 9549 
omb 9537 
one-time 9549 
ongoing 9623 9633 
ontario 9554 9607 
open 9515 9552 9582 9584 9629 
opening 9628 
oper 9486 9502 9525 9610 
operate 9561 9601 9633 
operating 9512 9513 9636 
operations 9479 9488 9491 9543 9552 9560 9607 9610 
opportunity 9591 9630 
oppose 9501 
opposed 9500 9621 9629 
opposition 9490 9617 9621 
optical 9522 9568 
optimistic 9536 9543 9603 
option 9544 9557 9564 
options 9617 
order 9505 9519 9563 9618 
ordered 9505 
orders 9492 9552 
ordinary 9541 
ore. 9576 
organization 9559 
organizer 9512 
origin 9559 
originally 9512 9549 9604 
orleans 9566 9611 
oscar 9540 
ottawa 9532 9554 
ounces 9489 
outgoing 9609 
outlaw 9509 
outlays 9552 
outlets 9552 
outlines 9515 
output 9583 9634 
outstanding 9480 9481 9496 9514 9526 9540 9559 9569 9589 9599 9636 
over-allotment 9593 
overallotment 9557 
overfunded 9636 
overhang 9559 
overhanging 9487 
overseas 9488 9552 9636 
owens-corning 9510 
owes 9591 9630 
owned 9484 9489 9522 9561 9615 9622 9629 
ownership 9557 9616 
owns 9544 9581 
oxford 9538 
pa. 9503 9514 9526 
pace 9536 
pacific 9581 9626 9632 9636 
package 9559 
pact 9520 9522 
pacts 9520 
paging 9590 
paid 9487 9488 9500 9544 9581 9599 9621 9636 
painewebber 9569 9624 
painstaking 9592 
palo 9580 9616 
pampa 9521 
pan 9502 9581 
panacea 9524 9533 
panel 9620 
pannzoil 9583 
paper 9488 9569 9623 9636 
par 9485 9616 9618 9624 
paragraph 9516 9529 
parent 9500 9636 
paris 9501 9535 
park 9522 9578 
parliament 9500 
parliamentary 9500 9509 
part 9501 9513 9607 9608 9629 
partially 9584 
participate 9513 
participated 9582 
particulary 9636 
partly 9543 
partner 9479 
partners 9512 9532 
partnership 9631 9633 
parts 9521 9581 
party 9479 
pasadena 9475 9556 
paso 9616 
pass 9602 9622 
passed 9512 
passenger 9541 
passengers 9508 
passing 9500 
passive 9541 
past 9498 9521 9559 9583 9623 
patti 9581 
paulo 9479 
paves 9487 
pay 9477 9479 9485 9500 9503 9512 9530 9531 9537 9538 9547 9551 9577 9578 9580 9586 9587 9591 9612 9613 9630 
payable 9588 9589 
payment 9505 9551 
payments 9480 9537 9549 9582 9591 9630 9636 
payout 9531 9547 9551 9588 
pct-owned 9478 9485 9568 
pdvsa 9631 
peabody 9490 
peak 9543 
peerless 9607 
pegged 9479 
pemberton 9485 
penalties 9512 
pending 9476 9490 9536 9583 9636 
pennsylvania 9602 
pennzoil 9583 
pension 9636 
perception 9602 
perform 9581 
performance 9636 
period 9491 9518 9524 9533 9552 9553 9634 
periods 9519 9525 
peripherals 9593 
permission 9591 9630 
permits 9554 
persistent 9628 
persons 9584 
persuade 9591 9630 
peter 9543 
petitioned 9505 
petricioli 9555 
petroleos 9631 
petroleum 9478 9485 9634 
pfd 9571 
pfl 9479 
pharmaceutical 9633 
phase 9513 9522 9562 9563 
philadelphia 9513 9602 
philip 9490 9540 
philosophy 9581 
phony 9512 
phrases 9532 
picks 9631 
piedmont 9487 9536 
pill 9582 
piloted 9607 
pinto 9627 
pipe 9589 
pipeline 9527 9549 
pipelines 9589 
piper 9607 
pittsburgh 9526 9561 
placement 9476 
plains 9502 
plan 9517 9518 9525 9539 9543 9591 9630 
planned 9485 9505 9509 9549 9552 9590 9607 9633 
plans 9485 9496 9509 9518 9537 9552 9579 9581 9582 9585 9597 9607 9616 9623 9633 9636 
plc 9526 
pltzc 9587 
pnre 9502 
pods 9521 
point 9583 
point/tobacco 9490 
pointed 9601 9617 9636 
points 9559 9624 
poison 9582 
polarization 9636 
police 9584 
policy 9518 9628 
political 9479 9482 9532 9602 
politically 9617 
politician 9482 
pollution 9570 
polymers 9557 
poor 9581 9601 9623 9636 
poor's 9624 
porcelain 9483 
porcine 9579 9585 
portfolio 9484 9636 
portfolios 9602 
ports 9604 
porxpan 9510 
posing 9479 
position 9487 9518 9535 9543 9609 9617 
positions 9609 9636 
positive 9479 9483 9490 9590 
positively 9591 9630 
possibly 9512 9603 9617 
postmaster 9512 
potential 9490 9581 9636 
poultry 9550 
powell 9479 
power 9488 9496 9505 9530 9607 9609 9624 
powerhouse 9490 
powers 9500 
pr 9571 
precipitators 9570 
precisely 9536 
precluded 9549 
precluding 9596 
predator 9582 
predicted 9603 
prediction 9603 
predicts 9581 
preempt 9582 
prefabricated 9619 
preference 9569 
preferential 9569 
preferred 9496 9505 9506 9569 9589 9605 9636 
preoducts 9560 
presence 9552 
presented 9532 
preserving 9536 
president 9482 9504 9512 9532 9537 9543 9560 9561 9581 9582 9602 9617 9627 9629 9631 
president-finance 9548 
presidential 9515 
press 9479 9501 9584 
pressed 9526 
pressure 9500 9554 
pressures 9501 
preston 9512 
prevent 9546 
prevention 9542 
previous 9521 9555 9583 
previously 9517 9518 9541 9544 9550 9608 9615 9633 
price 9485 9490 9510 9581 9589 9591 9630 
price-slashing 9581 
priced 9516 9528 9529 
prices 9485 9559 9583 9617 
pricing 9624 
primarily 9636 
primary 9620 9629 
prime 9532 
principal 9474 9480 9481 9549 
principle 9520 9559 
principles 9500 9515 
prinicpal 9540 
printed 9528 
prior 9477 9503 9526 9530 9531 9547 9551 9577 9578 9580 9582 9587 9588 9612 9613 
private 9521 9537 9570 9633 
privately-held 9522 
privately-owned 9619 
prn 9551 
probe 9487 
problem 9554 9581 
problems 9479 9524 9533 9552 9559 9592 9636 
procedure 9545 
proceeded 9536 
proceeds 9485 9488 9557 9569 9593 9594 9616 
process 9494 9501 
processing 9528 9568 
produced 9532 
producer 9507 
producers 9521 9549 9554 9559 9617 
produces 9507 9570 
producing 9510 9521 
product 9554 9579 9585 9591 9630 
production 9521 9552 9579 9583 9585 9634 
productive 9552 
productively 9524 9533 
productivity 9552 
products 9483 9490 9515 9528 9543 9546 9560 9592 9607 9627 9634 
profit 9478 9484 9490 9562 9566 9605 9611 9625 
profitability 9636 
profits 9500 9561 9618 
program 9527 9555 9567 
programme 9584 
programs 9532 9627 9636 
progress 9500 9518 9522 9524 9533 9633 9636 
project 9484 9513 9553 9579 9585 9594 9633 
projecting 9590 
projects 9479 9488 
prominent 9512 
promote 9559 
promoters 9512 
promotion 9520 9555 
properties 9520 
property 9619 
proposal 9532 9591 9602 9617 9630 
propose 9617 
proposed 9487 9515 9532 9535 9538 9554 9579 9585 9594 9601 9621 9629 
proposes 9532 
prospects 9501 9583 
protect 9532 9582 9617 
protecting 9532 
protection 9515 9582 9583 
protectionist 9501 9532 
protections 9524 9533 
protein 9579 9585 
proved 9498 
proven 9583 
provide 9518 9539 9549 9568 
provided 9512 
providing 9591 9630 
province 9521 
provinces 9521 
proving 9479 
provision 9629 
provisions 9509 9583 
pst 9579 9585 
pty 9561 
public 9485 9496 9525 9557 9582 9591 9593 9594 9596 9606 9630 
publicized 9537 
published 9500 
publishing 9587 
puerto 9551 
pulitzer 9587 
pulp 9488 
pumps 9607 
purchase 9484 9485 9516 9522 9529 9549 9559 9626 9627 
purchased 9484 9526 9549 
purchases 9559 9582 
purchasing 9627 
purpose 9536 9594 
purposes 9488 9567 9593 
pursuant 9557 9583 
pursue 9500 
pushovers 9581 
put 9517 9521 9581 9602 
putting 9482 
pzl 9583 
qchm 9503 9514 
qtly 9477 9503 9530 9547 9551 9577 9578 9580 9587 9588 9612 9613 
qtr 9475 9486 9488 9502 9511 9519 9525 9530 9556 9562 9566 9576 9577 9578 9580 9605 9606 9610 9611 9625 
qtrly 9531 
quaker 9503 9514 
qualified 9583 
qualify 9567 
quality 9559 9636 
quarantined 9567 
quarter 9483 9488 9491 9496 9502 9543 9552 9563 9603 
quarterly 9477 9503 9518 9530 9589 
question 9532 9535 
quick 9498 
quince 9474 
quincy 9513 
quinta 9625 
quito 9527 9584 
quota 9621 
quotas 9515 
quoted 9509 
r-ill 9617 
r-miss 9617 
r/d 9633 
rahway 9542 9546 
railroad 9626 
rain 9521 
rainfall 9521 
rains 9521 
raise 9601 9618 
raising 9624 
range 9581 9590 
ranges 9535 
ranking 9617 
rapids 9607 
rate 9493 9498 9505 9506 9516 9529 9549 9555 9567 9579 9585 9590 9615 9617 9627 
rated 9476 9624 
rates 9496 9505 9534 9535 9549 9604 9615 9627 
rating 9476 9537 9567 9601 9636 
ratings 9636 
ratio 9590 
raw 9522 9554 
raytheon 9504 
rbd 9608 
rdkn 9578 
reach 9559 
reached 9521 9526 9591 9592 9630 
read 9516 9529 
reads 9535 
reagan 9490 9500 9512 9515 9532 9537 9554 9592 9621 
real 9581 9602 9636 
realities 9559 
realizable 9636 
realize 9484 
realized 9502 
realtors 9615 
reasons 9552 
reassessing 9636 
recapitalization 9517 
receivable 9476 
receivables 9484 9537 
receive 9522 9544 
received 9526 9557 9568 9629 
receiving 9526 
recent 9485 9536 9554 9634 
recently 9490 9633 
reciprocal 9629 
recognized 9535 
recommend 9549 
recommendation 9490 
recommendations 9517 
recommended 9544 
recommending 9505 
reconstituted 9526 
reconstruct 9482 
record 9477 9503 9521 9530 9531 9547 9551 9577 9578 9580 9587 9588 9589 9599 9612 9613 9618 
recorded 9549 
recovered 9523 
recovery 9478 9485 9507 9549 9591 9630 
recreational 9607 
redeem 9481 9496 9540 9569 9589 9616 
redeemable 9569 9589 
redeemed 9506 
redemption 9506 9540 9589 
redkin 9578 
reduce 9483 9488 9493 9501 9521 9536 9549 9550 9592 9602 
reduced 9521 9557 9567 9583 9590 9591 9630 9636 
reduces 9507 9567 9579 9585 
reduction 9523 9602 
reductions 9488 9501 9621 
reference 9607 
referendum 9621 
referred 9535 
refinance 9488 9496 
refinery 9634 
reflect 9485 9518 9581 9603 
reflected 9484 9615 9636 
reform 9549 
reforms 9499 9524 9533 
refreshments 9508 
refund 9594 
refunding 9594 9624 
refusal 9553 
refused 9535 
regional 9590 
registered 9545 
registers 9594 
registration 9545 9575 9594 
regular 9490 9517 9518 9588 9589 9612 
regulation 9582 
regulatory 9549 9596 
rehearing 9505 9583 
reinsurance 9476 
related 9519 9549 
release 9488 
releasing 9537 
relegate 9508 
relevant 9629 
relieving 9567 
remain 9485 9582 
remainder 9488 9518 
remained 9521 9559 9584 
remaining 9559 9604 
remains 9536 9636 
remotely 9607 
rent 9622 
rental 9581 
reopen 9526 
reorder 9552 
reorganization 9583 9605 
rep. 9617 9629 
repair 9483 
repairs 9527 
repaying 9527 
replace 9526 9594 
replaced 9526 
report 9489 9490 9518 9537 9582 9583 9590 9634 
reported 9483 9485 9487 9512 9552 9584 9633 
reporters 9537 9559 9591 9604 9617 9630 
reporting 9563 
reports 9518 9535 9581 9592 
representative 9621 
representing 9583 9617 
repuchase 9623 
repurchase 9514 9591 9630 
repurchases 9623 
request 9541 9550 
require 9509 9537 9554 9628 
required 9512 9517 9541 9554 9559 9582 9628 
requirement 9541 9582 
requirements 9507 9541 9567 9596 
requires 9544 
resale 9485 
resales 9615 
research 9633 
reservation 9581 9622 
reservations 9622 
reserve 9518 9583 9629 9636 
reserves 9518 9583 9636 
residential 9619 
residual 9513 9634 
resign 9526 
resigned 9504 9526 
resigns 9504 
resist 9500 9515 
resolution 9500 9532 
resolve 9500 9559 
resources 9485 9509 9557 9568 9613 9636 
respect 9518 9535 
responding 9591 9630 
response 9500 9583 
rest 9593 
restated 9558 
restraint 9541 
restraints 9541 9565 9582 9592 
restricted 9544 
restricting 9582 
restriction 9490 9532 
restrictions 9559 9567 9582 
restricts 9532 
restructuring 9488 9582 9607 
result 9541 9549 9581 9590 9599 9601 9621 9623 9633 
resulting 9488 9518 
results 9485 9488 9518 9552 9563 9636 
resume 9571 
resumed 9604 
resumes 9604 
resumption 9505 9521 
retail 9552 
retailer 9552 
retain 9500 9607 
retained 9568 
retaining 9518 
retains 9513 
retaliation 9515 
retire 9485 9601 
retired 9504 
retirement 9525 
retractable 9589 
retrieval 9568 
return 9479 
returned 9479 9604 
rev 9611 
revenue 9537 9543 9623 
revenues 9543 9560 9590 9607 
review 9500 9517 9636 
revised 9518 
revisions 9583 
revolving 9564 
revs 9475 9478 9486 9525 9556 9558 9566 9576 9605 9610 9625 
ribavirin 9633 
rican 9551 
richard 9523 9581 9617 9621 
richfield 9631 
rico 9551 
rid 9532 
rigged 9512 
rights 9513 9619 9629 
rigorous 9582 
rio 9479 9592 
rios 9521 
rise 9479 9489 9560 9590 9615 
risen 9554 
rising 9489 9543 9554 9636 
risks 9490 
river 9594 
rjr 9490 
rleated 9549 
rock 9518 
rod 9607 
roger 9536 
rollback 9505 
rolling 9505 
rome 9482 
romek 9607 
rose 9487 9490 9543 9552 9581 9583 9615 9634 
ross 9604 
roughly 9526 
routes 9508 9536 9581 
rtn 9504 
rubbermaid 9608 
rule 9541 
rules 9509 9559 
ruling 9505 9541 9583 
run 9581 
runs 9634 
ruputured 9527 
s.a. 9631 
s/p 9595 9601 9623 9632 9636 
sa 9510 
safety 9541 9561 
sailings 9604 
salaried 9525 
salary 9479 
sale 9487 9505 9508 9519 9538 9539 9561 9569 9594 9625 9633 
sales 9483 9489 9519 9543 9550 9552 9560 9562 9615 9616 
salomon 9593 
sam 9604 
san 9480 9619 9625 
sanctions 9628 
santa 9521 9607 
santos 9527 
sao 9479 
sas 9508 
satisfied 9628 
save 9537 
saved 9537 
savings 9538 9596 9606 9627 
sb 9590 
sbc 9590 
scandinavia 9508 
scandinavian 9508 
scene 9479 
schaefer 9490 
schedule 9527 
scheduled 9532 9594 9628 
scheme 9512 9591 9630 
school 9602 
schools 9584 
schumer 9629 
science 9479 
sciences 9607 
scocozza 9536 
seal 9483 9582 
seamen 9479 
search 9552 
season 9521 
seasonally 9615 
seat 9541 
sec 9487 9545 
secondary 9591 9630 
secretary 9498 9500 9501 9515 9523 9524 9533 9535 9536 9541 9603 9604 9617 9621 9628 
secrets 9582 
sector 9555 
sector-specific 9515 
sectors 9479 
secure 9518 
securities 9487 9512 9526 9539 9545 9556 9565 9582 9602 9623 9624 9629 9636 
security 9479 9505 9523 9556 9632 9636 
seek 9487 9583 9633 
seeking 9591 9630 
seeks 9559 
sees 9488 9489 9498 9543 9590 9600 9603 
segment 9488 
seidman 9490 
sell 9483 9496 9520 9522 9545 9561 9607 9633 
sellers 9487 
selling 9581 9593 
sells 9474 9487 9510 9557 9561 9568 9570 9624 
semi-annually 9485 
semiconductor 9628 
semiconductors 9628 
sen 9617 
senate 9498 9515 9524 9532 9533 9535 9536 9603 9617 9629 
senator 9532 9617 
senior 9480 9554 9581 9591 9601 9617 9623 9627 9630 9636 
sense 9554 
sensitive 9582 
sentuc 9510 
separate 9509 9582 
separately 9518 9589 
sept. 9537 
september 9480 9484 9500 9525 9550 9564 
series 9496 9589 
serve 9629 
server 9528 
service 9483 9484 9508 9520 9524 9533 9536 9537 9622 9624 9636 
services 9497 9581 9607 9622 
session 9559 
set 9579 9581 9585 9592 
sets 9477 9480 9503 9507 9520 9531 9540 9544 9551 9588 9589 9599 9612 
settlement 9586 
seven-year 9474 9624 
severe 9552 
shape 9522 
shape-memory 9522 
share 9485 9490 9491 9496 9506 9522 9523 9526 9535 9538 9543 9544 9549 9553 9554 9556 9560 9569 9581 9589 9590 9592 9593 9596 9606 9618 9633 
shareholder 9474 9538 9582 
shareholders 9506 9544 9582 9589 9590 9593 9599 9618 
shares 9474 9480 9485 9487 9488 9497 9506 9509 9514 9526 9553 9557 9569 9581 9582 9589 9593 9596 9599 9618 9623 9633 
shark 9581 
sharply 9490 9617 
shawmut 9564 
sheets 9518 9636 
shelf 9545 9575 9594 
shell 9573 
shelter 9512 
shelters 9512 
shifted 9536 
ship 9479 9604 
shipments 9527 9554 9592 
shipped 9492 
shipping 9604 
shoe 9511 9519 9539 9552 
shops 9508 9584 
short 9545 9561 9581 
short-circuit 9490 
short-term 9488 9636 
shouls 9582 
show 9552 
showed 9501 
shr 9475 9478 9486 9502 9511 9519 9525 9556 9558 9562 9566 9572 9576 9577 9578 9580 9598 9605 9610 9611 9625 
shrs 9486 9519 9562 9625 
shut 9479 
shut-in 9583 
sia 9582 
side 9541 
siegler 9597 9607 
sign 9631 
signatories 9535 
signed 9513 9520 9538 9555 9629 
significant 9484 9489 9536 9601 
significantly 9515 9623 
signs 9498 9555 
similar 9496 9520 
simple 9524 
simplify 9508 
simply 9602 
single 9581 
site 9586 
sites 9579 9585 
situation 9636 
slaughter 9567 
slightly 9487 9590 
slumping 9561 
small 9559 9560 
smaller 9560 
smith 9607 
smoking 9490 
smt 9528 
snc 9560 
so-called 9582 
soared 9537 
social 9479 9532 
software 9528 9568 
sold 9474 9487 9488 9510 9512 9546 9557 9561 9570 9593 9619 
soldiers 9584 
sole 9624 
solution 9524 9591 9630 
solve 9524 9533 
somatotropin 9579 9585 
sooner 9541 
sorghum 9521 
sources 9482 9487 9500 9509 9521 
south 9505 9554 9561 9592 
south-africa 9561 
south-korea 9554 
southern 9521 9626 
southfield 9612 
southwestern 9590 
sovereignty 9532 
sown 9521 
soybean 9521 9617 
soybeans 9521 9617 
spain 9592 9631 
spc 9636 
speaker 9602 
speaking 9591 9630 
special 9536 9544 9636 
specific 9543 9579 9585 9617 
specifically 9549 
speculation 9581 
speed 9622 
spell 9521 
spending 9485 9523 9591 9602 9630 
spent 9579 9590 
spinning 9581 
split 9599 9618 
spoke 9581 
spokesman 9479 9487 9509 
spokeswoman 9517 9592 
sponsor 9629 
sporting 9497 
sportswear 9520 
spr 9634 
spreading 9479 
spreads 9479 
spring 9552 9579 9585 
springfield 9506 
st. 9518 9587 9590 
stability 9535 
stabilize 9534 9535 
stable 9517 
staff 9488 
stages 9538 
stake 9509 9526 9539 9544 9633 
stakes 9509 
stamford 9488 9607 
standard 9541 9601 9623 9624 9636 
standards 9536 9549 
standstill 9521 
stanley 9569 9594 9607 
starcraft 9607 
start 9552 9584 9603 9629 
started 9513 
starting 9508 9521 9569 9600 
state 9521 9567 9582 9631 
stated 9549 
statement 9532 9582 9583 9590 9633 
statements 9518 9535 
states 9500 9501 9530 9532 9535 9536 9583 9591 9592 9628 9630 
station 9616 
statistical 9479 
status 9633 9634 
staunch 9490 9617 
stay 9505 
steadily 9521 
stearns 9487 
steel 9554 9592 
steel-exporting 9592 
stemmed 9543 
stephen 9479 
steps 9515 9537 9582 
steve 9581 
stiff 9581 
stimulate 9535 
stimulating 9535 
stimulative 9535 
stock 9479 9480 9487 9490 9496 9497 9499 9505 9506 9526 9553 9559 9569 9571 9581 9582 9593 9596 9599 9601 9618 9623 9633 9636 
stocker 9581 
stocks 9490 9614 
stood 9537 
stop 9521 9574 
stoppages 9479 
storage 9568 
stores 9519 9552 
strait 9604 
straits 9591 9630 
strapped 9479 
strategic 9518 
strategies 9636 
strategy 9543 9581 
street 9487 9581 9582 9607 
strenghten 9552 
strength 9636 
strengthening 9501 9601 
strike 9479 9581 9584 
strikes 9479 
strong 9498 9536 9543 9581 9621 
struck 9604 
structure 9517 9601 9623 9636 
structures 9619 
student 9537 
students 9602 
studies 9633 
studying 9537 
stupid 9581 
sua 9531 
subcommittee 9536 
subject 9476 9496 9518 9538 9569 
submit 9518 
submitted 9633 
subordinated 9474 9480 9481 9485 9488 9569 9601 9636 
subscribed 9596 
subscription 9596 
subsidiaries 9583 9607 
subsidiary 9476 9505 9510 9549 9561 9597 9607 9631 
substantial 9526 9627 
substantially 9488 
substantive 9630 9636 
subtantive 9591 
succeed 9504 
successful 9523 9532 
successor 9609 
suffice 9541 
sufficient 9549 
sufficiently 9549 
suicide 9602 
suits 9490 
sum 9516 9529 9581 
summit 9531 
sun 9528 
sunflower 9521 
sunflowerseed 9521 
sunseed 9521 
sunshine 9521 
sunw 9528 
superfund-2 9586 
supervision 9582 
supplied 9634 
supply 9559 9591 9592 9630 
support 9479 9524 9533 9535 9549 9559 9617 9621 
supported 9621 
supporter 9617 
supporting 9617 
supports 9532 
supreme 9505 
surcharge 9515 
surplus 9501 
surrounded 9581 
suspected 9479 
suspend 9584 
suspended 9527 
swiss 9570 
switch 9536 
switched 9550 
switzerland 9570 
symbol 9596 
symbols 9520 
system 9528 9549 9554 9568 9581 9622 
systems 9488 9492 9508 9513 9532 9541 9568 9590 9607 
t.k 9544 
table 9532 
tabulation 9596 
tactics 9582 
taiwan 9554 
takeover 9487 9581 9582 
takeovers 9565 9582 
takes 9518 9622 
taking 9541 
talking 9490 9581 
talks 9538 9604 
tampa 9520 
target 9487 9523 9579 9582 9585 
targets 9543 
tax 9490 9491 9500 9502 9512 9525 9531 9535 9549 9551 9590 9602 
tax-free 9508 
taxation 9500 
taxes 9478 9485 9490 9500 9512 9537 
taxpayers 9537 
taylor 9560 
tcb 9636 
teachers 9479 
team 9483 
teams 9520 
technical 9559 
technically 9487 
technologies 9566 9611 
technology 9488 9522 9528 9568 
telephone 9590 
telephones 9474 
teletrak 9568 
temperatures 9521 
temporarily 9527 
temporary 9590 
ten 9509 9582 
tender 9526 9582 
tendered 9526 
tendering 9480 
tenn. 9588 
term 9544 9564 9627 
termed 9636 
terminated 9553 
termination 9525 
terms 9527 9538 9539 9561 9608 9628 
test 9629 
testimony 9498 9517 9524 9533 
testing 9567 9593 
texaco 9583 
texas 9532 9536 9581 9583 9625 9635 9636 
thad 9617 
things 9602 
threatened 9602 
three-day 9592 
three-year 9520 9543 
threshold 9591 9630 
throwing 9495 9524 9533 
thursday 9559 9628 
tikes 9608 
time 9485 9487 9508 9514 9517 9535 9536 9537 9539 9554 9569 9579 9581 9585 9617 9618 9622 
timetables 9508 
tisch 9512 
tmi 9483 
tobacco 9490 
tobaccos 9490 
today 9479 9512 9517 9526 9541 9549 9555 9571 9581 9592 9633 
told 9479 9482 9498 9500 9505 9515 9523 9524 9527 9533 9535 9537 9543 9559 9581 9584 9602 9603 9604 9617 9621 
toledo 9510 
tonnes 9521 9592 9604 
tooling 9522 
topeka 9609 
toronto 9589 9605 
total 9521 9537 9543 9552 9555 9557 9560 9564 9582 9583 9589 9590 9596 9615 
totaled 9583 9615 
totaling 9555 
totally 9617 
tough 9581 9592 
tourism 9555 
toy 9608 
trade 9487 9493 9498 9515 9521 9532 9554 9582 9592 9600 9603 9628 9629 
traded 9596 
trader 9490 
traders 9490 9554 
trades 9591 
trading 9487 9509 9512 9532 9565 9571 9582 9596 9602 9629 9630 
trailer 9607 
trans 9487 9581 
trans-shipment 9554 
trans-shipped 9554 
transaction 9488 9544 
transactions 9512 9602 
transcanada 9589 
transfer 9536 
transferred 9618 
transformer 9483 
transformers 9483 
transmission 9483 9549 
transport 9584 9607 
transportation 9536 9541 
transworld 9581 
traveler 9622 
treasury 9493 9494 9495 9498 9500 9501 9515 9524 9533 9535 9603 9624 9628 
treat 9536 
treating 9633 
treatment 9536 
tremor 9527 
trillion 9583 
trimmed 9591 9630 
trp 9589 
truck 9584 9607 
trump 9581 
trust 9618 9636 
tuesday 9604 
turn 9537 
turnaround 9603 
turned 9603 
tw 9581 
twa 9487 9581 
two-thirds 9544 
tx 9583 
type= 9491 9493 9494 9495 9499 9511 9516 9529 9534 9565 9574 9575 9586 9595 9597 9598 9600 9614 9620 9626 9632 9635 
u.k. 9500 
u.k.-based 9526 
u.s 9488 9500 9511 9512 9519 9523 9532 9534 9535 9537 9541 9543 9550 9552 9554 9565 9574 9582 9602 9615 9617 9620 9621 9628 9629 9634 
u.s. 9490 9500 9523 9524 9532 9536 9537 9542 9543 9544 9546 9550 9552 9554 9567 9582 9583 9592 9600 9602 9603 9605 9617 9628 9629 9634 9636 
u.s.-air-piedmont 9536 
u.s.-japan 9628 
ual 9581 9622 
ubo 9490 
uk 9500 9516 9529 9559 9572 
ultimately 9523 9554 9581 
unable 9482 
unacceptable 9617 
unclear 9509 
underlying 9535 9636 
underscored 9636 
undersecretary 9617 
understand 9490 9582 
understanding 9500 9581 
undervalued 9581 9636 
underwriters 9557 9593 
underwriting 9569 
underwritten 9594 9596 
undesireable 9581 
undisclosed 9497 9510 9570 9619 
undivided 9618 
unfriendly 9582 
unilateral 9636 
union 9479 9604 
unionists 9584 
unique 9636 
unit 9484 9505 9510 9517 9520 9540 9561 9570 9607 9616 9622 9623 9636 
unitary 9500 
united 9500 9501 9532 9535 9536 9581 9583 9591 9592 9628 9630 
units 9552 9601 9607 9615 
universal 9522 9591 9630 
universities 9479 
university 9479 9602 
unkonwn 9583 
unpaid 9621 
unproc 9491 9516 9529 
unresolved 9604 
unrest 9479 
unsatisfactory 9500 
unsecured 9545 
unveil 9483 
unveils 9528 
unwillingness 9628 
unwinding 9581 
updated 9543 
upgrade 9508 9528 9601 
upgraded 9567 
upward 9583 
urge 9628 
urged 9532 9554 9628 
usage 9537 
usair 9487 
usda 9567 9617 
usr 9519 9552 
utah 9496 
utilities 9496 9505 
utility 9483 9496 9545 
utilized 9594 
utilizes 9568 
utp 9496 
uttered 9536 
vacant 9609 
valparaiso 9606 
values 9581 
valves 9607 
variable 9555 
variety 9582 
varity 9598 9605 
vary 9524 9533 
vat 9605 
veg 9550 
veg-oil 9550 
vegetable 9550 
vehicles 9607 
venezuela 9527 9631 9636 
venezuelan 9631 
venture 9522 9631 9633 
ventures 9522 
verde 9616 
version 9528 
vertex 9525 
veteran 9482 
veterinarians 9542 9546 
veterinary 9542 
veto 9602 
vetx 9525 
viability 9532 
vice 9548 9581 9627 
victor 9544 
view 9500 9633 
viking 9608 
villanueva 9521 
violating 9628 
violations 9487 9582 
virginia 9523 9621 
visits 9532 
vista 9476 
vista-management-inc 9476 
voiced 9621 
volume 9487 9581 9603 
volumes 9590 
vote 9517 9544 
votes 9530 
voting 9509 9582 
vulnerability 9581 9636 
wage 9604 
wainoco 9601 
waivers 9591 9630 
wall 9487 9581 9582 9607 9609 
wanted 9479 
war 9537 
warned 9602 
warning 9490 
warns 9602 
warrant 9516 9529 9545 
warrants 9474 9516 9529 9601 
wars 9581 
wash. 9507 
washington 9498 9501 9515 9523 9524 9532 9533 9535 9536 9537 9539 9541 9547 9550 9567 9573 9582 9603 9615 9617 9621 9627 9628 9629 9634 
waste 9488 9537 
water 9500 
waterfront 9604 
waterside 9604 
wave 9536 
ways 9532 9552 9617 
weak 9636 
weak-hearted 9490 
weaker 9636 
weapons 9607 
week 9488 9490 9508 9517 9520 9521 9526 9532 9559 9581 9604 9617 
week's 9521 
weekly 9517 9634 
weeks 9482 9581 9634 
weight 9579 9585 
weir 9485 
well-known 9512 
wellesley 9477 
wellington 9604 
wesco 9556 
wesson 9607 
west 9572 9591 9630 
west-germany 9535 
western 9479 9521 9631 
westin 9581 
westlake 9599 
wgl 9547 
whampoa 9544 
wharton 9602 
wheat 9550 
whimper 9536 
white 9502 9537 9628 
wholly- 9561 
widdrington 9543 
wide 9581 
william 9512 9609 
willoughby 9485 
wilmington 9538 9549 
wilson 9604 
win 9532 
window 9630 
wis. 9540 
wisc. 9570 
withdraw 9500 9532 
withdrawn 9526 
withdrew 9487 
withheld 9551 
witnesses 9584 
witter 9490 9581 
wo 9495 9524 
wol 9601 
women 9520 9552 
won 9583 
wood 9513 
woodinville 9507 
wooster 9608 
wor 9518 
word 9568 
work 9479 9495 9522 9532 9536 9581 9604 
worked 9536 
workers 9479 9584 9604 
workforce 9479 
working 9494 9501 9536 9559 9591 9593 9630 
works 9501 
workstation 9528 
workstations 9528 
world 9487 9535 9581 
worldwide 9500 9522 9583 9591 9630 
worsen 9524 9533 
worth 9554 9581 
worthern 9518 
wounded 9584 
wright 9537 9602 
writedown 9478 9485 
writedowns 9519 
written 9492 9500 9518 9541 9591 9630 
wrong 9581 
wrongdoing 9582 
wsc 9556 
wyoming 9496 
xylogics 9593 
year-ago 9488 9552 9634 
year-earlier 9543 
year-end 9636 
year-to-date 9634 
yearend 9590 
years 9485 9541 9545 9554 9555 9579 9581 9585 9623 9624 9633 
yemen 9550 
yemen-arab-republic 9550 
yen 9516 9529 
yesterday 9479 9526 9582 9604 
yield 9521 9574 9624 
yields 9567 
yonkers 9484 
york 9484 9487 9489 9490 9496 9497 9505 9508 9512 9517 9531 9539 9545 9551 9557 9558 9568 9569 9571 9581 9583 9593 9596 9601 9607 9610 9616 9618 9623 9624 9629 9636 
young 9485 
yr 9605 
yr-ago 9605 
ze 9548 
zealand 9604 
zenith 9548 9577 
znat 9577 
zulia 9631 
zurich 9570 
