'flight 14890 
're 14890 
*** 14945 
****** 14899 14943 14958 14965 14986 14989 14991 
-britain-to-exc 14879 
-cl 14997 
-ends-ch 14977 
-expects 14975 
-expects-im 14993 
-exten 14979 
-f 14946 
-gets- 14947 
-gets-m 14948 
-in-merge 14949 
-japan-clash 14944 
-p 14984 
-sees 14967 
-sets 14934 
-st 14955 
-unit-choo 14961 
/author 14869 14874 14890 14891 14944 
0.36 14940 
0.46 14940 
0.71 14890 
0.9 14942 
0008 14958 14965 
0009 14945 
0012 14991 
0013 14899 14943 14989 
0014 14986 
0024 14934 14962 
0025 14968 
0026 14985 
0029 14995 
0035 14886 
0039 14992 
0042 14954 14981 
0043 14970 14974 
0044 14971 
0045 14947 14961 14979 
0046 14918 
0047 14996 
0049 14984 
0051 14963 
0052 14969 14998 
0054 14973 
0055 14910 
0056 14960 
0060 14898 
0063 14946 
0066 14911 14967 
0067 15000 
0068 14972 
0069 14866 
0070 14983 
0074 14949 
0075 14990 
0076 14876 14902 
0077 14871 
0078 14919 14988 
0080 14887 
0082 14938 
0083 14884 
0084 14903 
0085 14892 14948 
0086 14924 
0089 14920 
0090 14932 14994 
0091 14896 14953 
0092 14900 
0093 14897 14955 
0094 14913 
0095 14966 14997 
0096 14872 14941 14964 
0097 14987 
0098 14895 14929 14931 
0099 14917 
0100 14891 14915 14927 
0101 14977 
0102 14905 14908 14980 
0103 14916 14950 
0104 14869 14874 14878 14982 
0105 14865 14901 14907 14975 
0106 14868 14925 14930 14976 14993 
0107 14944 14952 14978 
0108 14870 14879 14926 14933 
0109 14881 14882 14912 14937 14951 
0110 14875 14888 14890 
0111 14877 14883 14885 14894 14922 14936 14942 
0112 14909 14921 
0113 14873 14889 14893 14923 
0114 14880 14904 14928 14935 14940 14999 
0118 14906 
0119 14956 
0120 14867 
0125 14914 
0129 14957 
0138 14959 
0149 14939 
04-08 14865 14866 14867 14868 14869 14870 14871 14872 14873 14874 14875 14876 14877 14878 14879 14880 14881 14882 14883 14884 14885 14886 14887 14888 14889 14890 14891 14892 14893 14894 14895 14896 14897 14898 14899 14900 14901 14902 14903 14904 14905 14906 14907 14908 14909 14910 14911 14912 14913 14914 14915 14916 14917 14918 14919 14920 14921 14922 14923 14924 14925 14926 14927 14928 14929 14930 14931 14932 14933 14934 14935 14936 14937 14938 14939 14940 14941 14942 14943 14944 14945 14946 14947 14948 14949 14950 14951 14952 14953 14954 14955 14956 14957 14958 14959 14960 14961 14962 14963 14964 14965 14966 14967 14968 14969 14970 14971 14972 14973 14974 14975 14976 14977 14978 14979 14980 14981 14982 14983 14984 14985 14986 14987 14988 14989 14990 14991 14992 14993 14994 14995 14996 14997 14998 14999 15000 
05:17:41.72 14865 
05:22:58.00 14866 
05:34:49.60 14867 
05:45:11.17 14868 
05:50:11.63 14869 
05:53:30.02 14870 
05:54:40.02 14871 
05:59:42.64 14872 
06:02:39.54 14873 
06:08:50.43 14874 
06:09:57.32 14875 
06:10:25.20 14876 
06:12:46.17 14877 
06:15:33.28 14878 
06:16:27.16 14879 
06:18:37.01 14880 
06:23:32.74 14881 
06:25:24.20 14882 
06:27:04.12 14883 
06:27:57.95 14884 
06:30:51.46 14885 
06:39:46.92 14886 
06:40:04.20 14887 
06:41:06.32 14888 
06:43:56.65 14889 
06:44:11.87 14890 
06:44:25.79 14891 
06:50:05.68 14892 
06:52:12.26 14893 
06:53:41.27 14894 
06:54:25.93 14895 
07:01:24.78 14896 
07:02:06.47 14897 
07:03:10.79 14898 
07:03:13.29 14899 
07:05:55.21 14900 
07:06:35.27 14901 
07:06:42.81 14902 
07:06:51.04 14903 
07:07:47.39 14904 
07:08:52.05 14905 
07:10:38.80 14906 
07:10:48.46 14907 
07:10:59.51 14908 
07:11:17.34 14909 
07:12:26.87 14910 
07:13:30.28 14911 
07:16:32.29 14912 
07:18:02.86 14913 
07:18:50.84 14914 
07:19:41.15 14915 
07:22:20.23 14916 
07:23:37.18 14917 
07:25:36.50 14918 
07:27:55.76 14919 
07:28:48.05 14920 
07:30:57.45 14921 
07:31:06.12 14922 
07:33:56.20 14923 
07:37:44.82 14924 
07:39:33.55 14925 
07:39:54.45 14926 
07:55:13.72 14927 
07:55:59.02 14928 
07:56:30.30 14929 
08:08:28.27 14930 
08:14:52.55 14931 
08:17:38.91 14932 
08:17:52.33 14933 
08:18:26.72 14934 
08:22:13.74 14935 
08:23:06.19 14936 
08:27:09.46 14937 
08:29:32.99 14938 
08:31:33.07 14939 
08:32:17.89 14940 
08:33:47.51 14941 
08:35:21.11 14942 
08:36:23.95 14943 
08:37:38.98 14944 
08:44:02.07 14945 
08:46:06.75 14946 
08:46:14.20 14947 
08:46:20.98 14948 
08:46:29.25 14949 
08:47:18.17 14950 
08:48:10.60 14951 
08:48:57.64 14952 
08:58:26.75 14953 
08:59:55.04 14954 
09:00:32.83 14955 
09:02:07.08 14956 
09:05:42.63 14957 
09:08:15.32 14958 
09:09:18.73 14959 
09:09:38.48 14960 
09:10:38.28 14961 
09:11:17.50 14962 
09:13:16.01 14963 
09:19:05.97 14964 
09:19:31.47 14965 
09:19:39.62 14966 
09:20:11.40 14967 
09:20:21.35 14968 
09:20:38.65 14969 
09:20:51.77 14970 
09:21:09.93 14971 
09:24:18.61 14972 
09:26:15.61 14973 
09:28:20.75 14974 
09:29:12.30 14975 
09:34:58.43 14976 
09:40:25.66 14977 
09:43:29.66 14978 
09:43:37.22 14979 
09:43:49.26 14980 
09:43:53.51 14981 
09:44:13.42 14982 
09:44:27.84 14983 
09:44:45.81 14984 
09:45:03.92 14985 
09:51:13.52 14986 
09:52:12.98 14987 
09:53:50.78 14988 
09:56:13.36 14989 
1,000 14868 14874 14894 14901 14927 14999 
1,068 14938 
1,073,163 14970 
1,100,000 14981 
1,149,000 14963 
1,300,000 14933 
1,358,000 14960 
1,427,000 14983 
1,490 14926 
1,551,000 14963 
1,588,985 14970 
1,600,000 14933 14955 
1,653,000 14971 
1,700 14926 
1,750 14988 
1,758.3 14890 
1,764 14882 
1,784,000 14971 
1-1/2 14868 14897 14901 
1-1/4 14871 14884 14898 14902 14927 
1-7/8 14927 
1.0 14891 
1.05 14960 14983 
1.09 14965 14993 
1.15 14970 15000 
1.16 14949 
1.2 14941 
1.33 14891 14921 
1.34 15000 
1.4 14893 14921 
1.5 14891 14894 14929 
1.55 14928 
1.6 14966 
1.67 14928 
1.7 14891 
1.72 14928 
1.76 14928 
1.77 14928 
1.8 14891 14942 
1.9 14867 14942 
1/2 14868 14901 
1/4 14889 
1/8 14889 
10,000 14868 14901 14927 
10,800 14896 
10-1/2 14999 
10-month 14890 
10-year 14866 14890 
10.0 14872 
10.2 14983 
10.9 14921 
100,000 14883 14892 14923 14956 14988 
100.2 14866 
101-3/4 14927 
101-5/8 14884 
102,350 14885 14923 14988 
102-1/2 14871 14902 
107.2 15000 
109.3 14993 
10:00:39.63 14990 
10:02:44.11 14991 
10:03:35.80 14992 
10:04:57.32 14993 
10:05:16.62 14994 
10:05:28.11 14995 
10:05:48.86 14996 
10:06:05.83 14997 
10:06:35.73 14998 
10:07:02.37 14999 
10:07:26.62 15000 
11.0 14872 
113,432 14969 
114,000 14933 
118,350 14986 14988 
12.2 14921 
13-member 14891 
13.2 14872 
14,937 14882 
14.1 14910 
14.9 14907 
145.25 14913 
145.30 14913 
145.33 14913 
145.60/70 14913 
146.30 14920 
14865 14865 
14866 14866 
14867 14867 
14868 14868 
14869 14869 
14870 14870 
14871 14871 
14872 14872 
14873 14873 
14874 14874 
14875 14875 
14876 14876 
14877 14877 
14878 14878 
14879 14879 
14880 14880 
14881 14881 
14882 14882 
14883 14883 
14884 14884 
14885 14885 
14886 14886 
14887 14887 
14888 14888 
14889 14889 
14890 14890 
14891 14891 
14892 14892 
14893 14893 
14894 14894 
14895 14895 
14896 14896 
14897 14897 
14898 14898 
14899 14899 
14900 14900 
14901 14901 
14902 14902 
14903 14903 
14904 14904 
14905 14905 
14906 14906 
14907 14907 
14908 14908 
14909 14909 
14910 14910 
14911 14911 
14912 14912 
14913 14913 
14914 14914 
14915 14915 
14916 14916 
14917 14917 
14918 14918 
14919 14919 
14920 14920 
14921 14921 
14922 14922 
14923 14923 
14924 14924 
14925 14925 
14926 14926 
14927 14927 
14928 14928 
14929 14929 
14930 14930 
14931 14931 
14932 14932 
14933 14933 
14934 14934 
14935 14935 
14936 14936 
14937 14937 
14938 14938 
14939 14939 
14940 14940 
14941 14941 
14942 14942 
14943 14943 
14944 14944 
14945 14945 
14946 14946 
14947 14947 
14948 14948 
14949 14949 
14950 14950 
14951 14951 
14952 14952 
14953 14953 
14954 14954 
14955 14955 
14956 14956 
14957 14957 
14958 14958 
14959 14959 
14960 14960 
14961 14961 
14962 14962 
14963 14963 
14964 14964 
14965 14965 
14966 14966 
14967 14967 
14968 14968 
14969 14969 
14970 14970 
14971 14971 
14972 14972 
14973 14973 
14974 14974 
14975 14975 
14976 14976 
14977 14977 
14978 14978 
14979 14979 
14980 14980 
14981 14981 
14982 14982 
14983 14983 
14984 14984 
14985 14985 
14986 14986 
14987 14987 
14988 14988 
14989 14989 
14990 14990 
14991 14991 
14992 14992 
14993 14993 
14994 14994 
14995 14995 
14996 14996 
14997 14997 
14998 14998 
14999 14999 
15.02 14900 
15.5 14872 
15.7 14891 
15.75 14932 
150,000 14933 
15000 15000 
153,454 14954 
153.9 14949 
156.28 14900 
16,000 14882 14981 
16.1 14962 14967 
16.51 14876 
165-185 14975 
17.09 14900 
17.7 14930 
174,739 14954 
18,500 14988 
18.24 14875 
18.9 14872 
180.1 14963 
188.8 14962 14967 
1971 14878 14937 
1974 14956 
1979 14950 
1982 14891 
1983 14903 14942 
1985 14866 14872 14873 14875 14880 14882 14891 14904 14921 14926 14930 14938 14942 
1985/86 14900 14903 
1986 14867 14869 14872 14873 14875 14876 14880 14882 14890 14891 14892 14909 14916 14921 14926 14928 14930 14933 14938 14940 14941 14942 14949 14969 14972 14974 14975 14993 14999 
1986/87 14891 14900 14918 14988 
1987 14873 14883 14892 14894 14896 14898 14900 14903 14911 14916 14922 14928 14961 14967 14975 14984 14993 
1987/88 14874 14891 
1988 14931 14936 14944 14966 
1989 14966 
1990 14874 
1991 14896 
1992 14878 14897 14898 14927 14961 
1993 14884 
1995 14999 
1996 14870 14909 
1997 14871 14902 
1st 14933 14954 14958 14962 14965 14968 14969 14970 14985 14995 14998 
2,050,000 14963 
2,100,000 14981 
2,139,034 15000 
2,194,970 14988 
2,255,742 14985 
2,476,000 14960 
2,530,273 14954 
2,558,924 14954 
2,800,000 14981 
2,833,000 14963 
2-1/4 14920 
2-1/8 14897 14920 
2.00 14891 
2.18 14900 
2.2 14874 14974 
2.2-to-1 14921 
2.4 14974 
2.5-to-1 14921 
2.53 14920 
2.80 14900 
20,000 14870 14988 
20.20 14876 
20.3 14993 
20.6 14962 14967 15000 
200.6 14963 
2000 14870 
2002 14868 14901 
2007 14990 
204,000 14968 
21.7 14892 
215,000 14981 
217,572 14954 
23.0 14971 
231,000 14981 
238.0 14962 14967 
24.1 14930 
24.7 14872 
25-year 14999 
25.7 14892 
26.2 14960 
26.3 14971 
26.5 14921 
264.82 14869 
269,745 14910 
27.1 14960 
27.2 14910 
276,446 14985 
299,838 14954 
2nd 14954 14970 14994 
3,008 14882 
3,045,000 14983 
3,060,000 14983 
3,081.0 14890 
3,320,000 14983 
3,350 14953 
3,432,000 14983 
3,498,000 14983 
3,500,000 14955 
3,616,183 15000 
3,849,224 14995 
3.10 14900 
3.2 14941 
3.50 14993 
3.65 14891 
3.75 14979 
3/16 14889 
3/4 14871 14897 14902 
30,000 14878 14886 
30.7 14872 
30.8 15000 
301,000 14991 
32.4 14872 
34,500 14988 
34.2 14993 
362,883 14969 
37,000 14865 
37,800 14988 
38.1 14888 14921 
38.6 14891 
383.48 14869 
3848 14865 
3849 14866 
3850 14867 
3851 14868 
3852 14869 
3853 14870 
3854 14871 
3855 14872 
3858 14875 
3859 14876 
3860 14877 
3862 14879 
3864 14881 
3865 14882 
3867 14884 
3868 14885 
3869 14886 
3870 14887 
3871 14888 
3873 14890 
3875 14892 
3879 14896 
3880 14897 
3881 14898 
3882 14899 
3883 14900 
3884 14901 
3885 14902 
3886 14903 
3888 14905 
3889 14906 
3893 14910 
3894 14911 
3896 14913 
3898 14915 
390.24 14869 
3902 14919 
3903 14920 
3904 14921 
3906 14923 
3907 14924 
3908 14925 
3909 14926 
3910 14927 
3912 14929 
3913 14930 
3915 14932 
3916 14933 
3917 14934 
3919 14936 
392,000 14983 
3921 14938 
3922 14939 
3923 14940 
3924 14941 
3925 14942 
3926 14943 
3927 14944 
3928 14945 
3929 14946 
3930 14947 
3931 14948 
3932 14949 
3933 14950 
3934 14951 
3935 14952 
3936 14953 
3937 14954 
3938 14955 
3939 14956 
3940 14957 
3941 14958 
3943 14960 
3944 14961 
3945 14962 
3946 14963 
3947 14964 
3948 14965 
3949 14966 
3950 14967 
3951 14968 
3952 14969 
3953 14970 
3954 14971 
3955 14972 
3956 14973 
3957 14974 
3959 14976 
3960 14977 
3961 14978 
3962 14979 
3963 14980 
3964 14981 
3965 14982 
3966 14983 
3968 14985 
3969 14986 
397.24 14869 
3970 14987 
3972 14989 
3973 14990 
3974 14991 
3975 14992 
3977 14994 
3978 14995 
3979 14996 
3980 14997 
3981 14998 
3983 15000 
3rd 14960 14971 14981 
4,000-strong 14959 
4,156,171 15000 
4,495,021 14954 
4,559,646 15000 
4,800,000 14948 
4,842 14882 
4,865,249 14954 
4,957,000 14960 
4-1/2 14889 
4-5/8 14884 
4.0 14891 
4.4 14891 
4.44 14903 
4.5 14872 14892 
4.65 14880 
4.79 14921 
40.8 14983 
405.13 14869 
42.9 14872 
4371 14873 
4372 14874 
4373 14878 
4374 14880 
4376 14883 
4378 14889 
4380 14891 
4382 14893 
4383 14894 
4384 14895 
4386 14904 
4388 14907 
4389 14908 
4390 14909 
4392 14912 
4393 14914 
4394 14916 
4395 14917 
4396 14918 
4398 14922 
4399 14928 
4400 14931 
4401 14935 
4402 14937 
4411 14959 
4412 14975 
4415 14984 
4417 14988 
4419 14993 
4421 14999 
46.40 14923 
46.40/46.50 14988 
46.496 14986 14988 
46.50 14923 
46.864 14885 14923 14988 
468p 14872 
47,000 14928 
47.8 14963 
48.0 14872 
481p 14872 
49.55 14916 
49.9 14926 
490,000 14873 
491p 14872 
494,000 14968 
494,155 14968 
4th 14963 14983 
4thh 15000 
5,000 14874 14882 14893 14896 14897 
5,280,854 15000 
5,281,387 15000 
5,800 14988 
5,935,117 15000 
5-1/2 14868 14901 
5-1/4 14868 14901 
5-3/4 14866 
5.66 14918 
5.72 14869 
5/8 14884 14927 
50,000 14867 14892 14928 
500,000 14892 
500-nautical-mile 14961 
504,000 14928 
504,266 14910 
505,000 14928 
51.8 14963 
52.2 14983 
544,000 14928 
55.0 14872 
556,000 14928 
56,250 14969 
577-member 14905 
594,000 14971 
596,000 14971 
598,000 14983 
6,569,000 14998 
6,852,000 14960 
6-1/2-year-old 14891 
6.8 14949 
60,000 14885 14923 14988 
61.9 14998 
620,000 14981 
628,020 14970 
642,484 14969 
68.9 14869 
69.65 14888 
69.7 14938 
7,316,000 14960 
7,474,000 14983 
7,754,000 14960 
7,764,000 14960 
7,929,000 14998 
7,929,138 14995 
7.8 14949 
706,130 14985 
71.6 15000 
76.55 14865 
767-300er 14966 
775,868 14985 
78.7 14998 
78.8 14960 
782,000 14983 
785,000 14885 14923 
790,874 14970 
7j7 14961 
8,100,000 14981 
8,129,000 14960 
8,164,000 14971 
8,600,000 14948 
8,693,000 14971 
8-1/2 14934 
8-apr-1987 14865 14866 14867 14868 14869 14870 14871 14872 14873 14874 14875 14876 14877 14878 14879 14880 14881 14882 14883 14884 14885 14886 14887 14888 14889 14890 14891 14892 14893 14894 14895 14896 14897 14898 14899 14900 14901 14902 14903 14904 14905 14906 14907 14908 14909 14910 14911 14912 14913 14914 14915 14916 14917 14918 14919 14920 14921 14922 14923 14924 14925 14926 14927 14928 14929 14930 14931 14932 14933 14934 14935 14936 14937 14938 14939 14940 14941 14942 14943 14944 14945 14946 14947 14948 14949 14950 14951 14952 14953 14954 14955 14956 14957 14958 14959 14960 14961 14962 14963 14964 14965 14966 14967 14968 14969 14970 14971 14972 14973 14974 14975 14976 14977 14978 14979 14980 14981 14982 14983 14984 14985 14986 14987 14988 14989 14990 14991 14992 14993 14994 14995 14996 14997 14998 14999 15000 
8.1 14891 
8.3 14975 
8.8 14918 
800,000 14892 
82,512 14995 
82.6 14960 
849,299 14995 
854,182 15000 
88,946 14969 
896,655 14968 
9-11/16 14919 
9-13/16 14964 
9-3/4 14919 14964 
9-5/8 14999 
9-7/8 14964 
9.1 14929 
9.5 14984 
9.9 14949 
90,000 14969 
90-day 14984 
948,000 14891 
`` 14869 14874 14878 14880 14881 14888 14890 14891 14893 14894 14899 14904 14908 14911 14912 14914 14916 14921 14931 14936 14937 14938 14939 14944 14950 14956 14975 14982 14984 14987 14993 
a.soriano 14921 
a/s 14873 14884 
a320 14878 
a340 14878 
abandoning 14874 
abe 14951 
abidin 14870 
ability 14891 14997 
aborted 14921 
above-target 14931 
abroad 14891 14935 
absb 14998 
absence 14928 
absent 14905 
abuses 14982 
accelerated 14987 
accelerating 14931 
accept 14931 
accepted 14885 14908 14938 
access 14873 14944 
accidental 14914 
accompanying 14872 
accord 14916 14931 14987 
accordance 14938 
account 14880 14890 14891 
accountancy 14938 
accountants 14938 
accounting 14891 14938 
accounts 14891 
accruing 14984 
accumulated 14935 
accusations 14914 
accused 14938 
achieve 14874 14935 
achieved 14880 14942 
achievement 14891 
acknowledge 14874 
acknowledged 14890 
acq 14865 14888 14900 14907 14909 14921 14932 14941 14943 14949 14978 14982 
acquire 14980 
acquired 14893 14941 14972 14982 
acquiring 14893 14907 14982 
acquisition 14865 14943 14949 
act 14952 14956 14959 14982 
acted 14984 
action 14881 14908 14912 14938 14952 14957 
actions 14881 14895 14912 
active 14869 14874 14956 
actively 14875 
activities 14956 
activity 14875 14891 14916 
adamant 14908 
added 14867 14869 14872 14874 14877 14878 14885 14890 14893 14911 14913 14917 14921 14936 14941 14950 14975 14987 14988 14993 
adding 14890 14916 14921 14940 
addition 14892 14964 14982 
additional 14977 
adequate 14994 
adhered 14874 
adhering 14874 
adhesion 14946 
adjustable 14990 
adjustment 14942 14990 
administrative 14938 14980 
advance 14908 
advanced 14893 14942 14961 14977 
advantage 14874 14890 14961 
adversarial 14921 
advertisement 14932 
advice 14950 
advised 14900 14950 
adviser 14917 
aero 14878 14961 
aero-engine 14937 
affairs 14874 14881 14887 14891 14911 14912 14931 14944 14953 
affect 14878 
affected 14931 14952 14959 
afraid 14874 
africa 14908 14916 14936 
africa's 14916 
african 14916 
afternoon 14964 
ag 14925 14956 
agency 14895 14939 
agenda 14887 14959 
agents 14924 
aggregate 14942 
ago 14882 14883 14891 14921 14933 14957 14987 
agree 14888 
agreed 14925 14931 14959 14966 
agreement 14877 14921 14931 14951 14959 14978 14987 14997 
agreements 14978 
agriculture 14942 
ahead 14878 14893 14987 
aid 14936 14940 
aim 14931 14982 
aimed 14883 14904 14909 
airbus 14878 
aircraft 14945 14966 
airline 14966 
airliner 14961 
airlines 14878 14945 14966 
airplane 14961 
al-khalifa 14891 
al-rashid 14891 
al-sabah 14891 
alan 14888 
alberta 14966 
ald 14946 
alex 14998 
ali 14891 
alld.l 14893 
allegations 14938 14956 
allen 14888 
alliance 14982 
allied 14946 
allied-lyons 14893 
allocation 14937 
allowances 14994 
allowed 14866 14873 14880 14914 
alter 14874 
alternative 14878 
alto 14947 
amal 14915 
ambb 14917 
amended 14921 
amendments 14982 
american 14892 14904 14931 
amertek 14995 
amicable 14921 
amount 14883 14913 14992 14999 
ample 14869 14880 
amsterdam 14883 14959 
analyst 14869 
analysts 14869 14872 14873 14878 14890 14975 
andres 14921 
angeles 14921 14972 
anheuser-busch 14888 
announced 14880 14883 14909 14911 14921 14937 14953 14997 
announcement 14883 14911 
annual 14874 14900 14921 14925 14942 14955 14987 
anode 14947 
ans 14980 
answer 14956 
answering 14949 
anticipate 14894 
anticipates 14894 
appeal 14936 
appealed 14936 
appeals 14936 
appeared 14874 
applied 14906 
appoint 14959 
appointed 14872 
appreciating 14890 
appreciation 14869 14903 14931 14942 
approach 14982 
approval 14874 
approvals 14978 
approved 14873 14921 14932 
approximately 14984 
april 14865 14866 14867 14868 14869 14870 14871 14872 14873 14874 14875 14876 14877 14878 14879 14880 14881 14882 14883 14884 14885 14886 14887 14888 14889 14890 14891 14892 14893 14894 14895 14896 14897 14898 14900 14901 14902 14903 14904 14905 14906 14907 14908 14909 14910 14911 14912 14913 14914 14915 14916 14917 14918 14919 14920 14921 14922 14923 14924 14925 14926 14927 14928 14929 14930 14931 14932 14933 14934 14935 14936 14937 14938 14939 14940 14941 14942 14944 14946 14947 14948 14949 14950 14951 14952 14953 14954 14955 14956 14957 14959 14960 14961 14962 14963 14964 14966 14967 14968 14969 14970 14971 14972 14973 14974 14975 14976 14977 14978 14979 14980 14981 14982 14983 14984 14985 14987 14988 14989 14990 14992 14993 14994 14995 14996 14997 14998 14999 15000 
aquino 14921 
aquire 14982 
aquired 14941 
arab 14917 
arafat 14915 
arbitragers 14982 
arbitration 14921 14957 
architectural 14949 
area 14881 14912 14922 
areas 14881 14912 14936 14956 
argument 14944 
ariadne 14888 
ark. 14973 
armacost 14881 14912 
arnaldo 14976 
arrangement 14879 
arrangements 14894 14937 
arrest 14956 
arrival 14886 
asahi 14904 
asean 14942 
ash 14900 
asia 14924 14935 14942 
asian 14935 14942 
asic 14948 
asix 14948 
asix-systems 14948 
asked 14881 14892 14909 14912 14921 14944 14950 
assembly 14905 
asset 14917 
assets 14941 14980 
assist 14879 
assistance 14919 14936 14940 14964 
associate 14921 
associates 14947 
association 14883 14906 14910 14916 14922 14942 14970 14982 
assumes 14874 14984 
assuming 14921 14928 14984 
assumption 14921 
assurance 14916 14949 
astin 14911 
atekf 14995 
atmosphere 14914 
attacks 14939 
attempt 14921 14952 14953 
attempts 14982 
attendant 14869 
attention 14881 14890 14912 14956 
attentive 14950 
attitude 14931 
attracting 14890 
attraction 14890 
attributable 14895 
attributed 14882 
auburn 14968 
audit 14938 
auditing 14938 
augurs 14993 
august 14938 
australia 14865 14872 14888 14890 14900 14907 14922 14952 14957 
australian 14888 14890 14900 14922 14952 14957 
austwhim 14865 
author 14869 14874 14890 14891 14944 
authorisations 14988 
authorised 14988 
authorities 14890 14950 14956 
automobile 14910 
autumn 14867 
auxt 14932 
auxton 14932 
availability 14878 
average 14891 14928 14940 
averaged 14882 
avg 14960 14968 14983 15000 
avoid 14906 14942 
avoiding 14881 14912 
awaiting 14952 
award 14885 14923 
awards 14988 
ba 14961 14966 
ba.n 14878 
bache 14991 
back 14872 14877 14921 14939 
back-up 14883 
backed 14877 
background 14936 
backing 14874 
bad 14891 
badly 14890 
baghdad 14939 
bahrain 14939 
bailey 14980 
balance 14874 14928 14937 14942 14956 
balanced 14935 
bale 14890 
baltimore 14998 
ban 14944 14957 
band 14919 14964 
bangkok 14882 14942 
bank 14866 14869 14871 14873 14874 14880 14888 14889 14890 14891 14895 14897 14898 14902 14906 14913 14917 14919 14920 14921 14927 14935 14948 14950 14956 14964 14968 14969 14984 14987 14997 
banker 14950 
bankers 14873 14891 14906 14941 14984 
banking 14873 14956 14980 14982 14984 
bankruptcy 14938 
banks 14873 14880 14889 14891 14906 14950 14956 14984 
banque 14889 
barbara 14971 
barely 14942 
bargain 14987 
barred 14911 
barrel 14873 14891 
barrels 14891 
barrie 14952 
barriers 14881 14912 
barring 14921 
barwon 14888 
based 14904 14938 14990 
baseline 14961 
basic 14908 
basically 14916 14938 
basis 14890 14910 14932 14937 14951 14956 14987 
basra 14939 
batignolles 14996 
battles 14874 14915 
bc- 14948 14972 
bc-******conrac-corp-sai 14943 
bc-******ford-extends-in 14989 
bc-******mead-corp-1st-q 14965 
bc-******rubbermaid-inc 14958 
bc-***canadian-airlines 14945 
bc-/bankers-trust- 14984 
bc-/stoltenberg-sees-mov 14987 
bc-alex-brown-inc- 14998 
bc-allied-signal- 14946 
bc-amertek-inc 14995 
bc-anheuser-busch-joins 14888 
bc-asean-shows-mixed-per 14942 
bc-australian-foreign-sh 14957 
bc-australian-unions-lau 14952 
bc-bache-canada 14991 
bc-bank-of-japan-has-no 14895 
bc-bank-of-japan-interve 14913 
bc-battles-flare-near-so 14915 
bc-bell-group-confirms-s 14907 
bc-boeing- 14961 
bc-botswana-appeals-for 14936 
bc-bowater-industries-pr 14872 
bc-britain 14944 
bc-california-biotech- 14933 
bc-california-moves-agai 14938 
bc-canadian-airlines-to 14966 
bc-cayuga-savings-bank- 14968 
bc-china-construction-ba 14889 
bc-christian-democrat-mi 14976 
bc-cincinnati-bell- 14932 
bc-citibank-norway-unit 14873 
bc-colorocs- 14979 
bc-compaq- 14975 
bc-computer-research-inc 14954 
bc-comstock-group- 14996 
bc-conrac- 14949 
bc-coupon-cut-on-keihans 14920 
bc-cra-sold-forrest-gold 14865 
bc-cxr-telcom-corp- 14981 
bc-dansk-naturgas-issues 14884 
bc-dutch-propose-strict 14883 
bc-ec-mainly-for-tin-ext 14877 
bc-ec-sugar-tender-hard 14885 
bc-economic-spotlight 14890 14891 
bc-elders-plans-to-float 14893 
bc-electro-rent-corp- 14960 
bc-endotronics-seeks-to 14994 
bc-equitable-resources- 14999 
bc-federal-realty-issues 14868 14901 
bc-first-mercantile-curr 14985 
bc-freeport-to-start-sul 14894 
bc-french-february-car-o 14910 
bc-french-government-win 14905 
bc-french-traders-foreca 14923 
bc-geodynamics-corp- 14971 
bc-german-industrial-emp 14867 
bc-great-lakes-chemical 14973 
bc-helen-of-troy-corp- 14983 
bc-higher-1986-profit-fo 14930 
bc-hokuriku-electric-iss 14897 
bc-home-savings-and-loan 14970 
bc-hong-kong-provides-ne 14929 
bc-i.u.-international- 14978 
bc-iae-calls-off-superfa 14878 
bc-independent-chairman 14959 
bc-indonesian-inflation 14918 
bc-iran-mounts-fresh-att 14939 
bc-isuzu-plans-no-interi 14903 
bc-italy's-la-fondiaria 14926 
bc-japan 14879 
bc-japan's-ldp-urges-mor 14951 
bc-japan-division-of-lab 14935 
bc-japan-given-little-ho 14881 14912 
bc-japan-to-hold-formal 14887 
bc-japanese-economic-pac 14874 
bc-japanese-official-tak 14904 
bc-jardine-matheson-repl 14911 
bc-jardine-matheson-said 14899 
bc-johnstown-savings-ban 14969 
bc-m/a-com- 14977 
bc-mafina-bond-with-warr 14992 
bc-mafina-issues-200-mln 14896 
bc-malaysia-may-not-meet 14892 
bc-malaysia-sets-100-mln 14866 
bc-malaysia-shelves-huge 14870 
bc-malaysian-fund-to-be 14917 
bc-mason-best-forms-ener 14980 
bc-mead- 14993 
bc-monier-says-britain 14900 
bc-moscow-indignant-at-r 14914 
bc-national-bank-mortgag 14927 
bc-nickel-prices-unlikel 14928 
bc-nippon-steel-denies-c 14909 
bc-nmr-centers- 14955 
bc-no-special-checks-at 14956 
bc-noranda-to-sell-150-m 14990 
bc-north-yemen-calls-sug 14886 
bc-norway-to-tighten-rul 14906 
bc-oecd-urges-germany-to 14940 
bc-pall-corp- 14934 
bc-philadelphia-sees-cur 14924 
bc-poehl-warns-against-f 14931 
bc-proxmire-outlines-ins 14982 
bc-quebec-issues-30-bill 14871 14902 
bc-qvc-network- 14997 
bc-rain-boosts-central-q 14922 
bc-rubbermaid- 14967 
bc-rubbermaid-inc- 14962 
bc-saitama-bank-issues-1 14898 
bc-san-miguel-deal-hit-b 14921 
bc-seoul-stock-market-co 14869 
bc-south-africa-mines-bo 14908 
bc-south-african-outlook 14916 
bc-south-korea-studies-r 14880 
bc-swedish-unemployment 14974 
bc-tanzania-raises-price 14953 
bc-thai-zinc-exports-fal 14882 
bc-thyssen-unit-to-coope 14925 
bc-top-french-banker-see 14950 
bc-town-and-country-jewe 15000 
bc-u.k.-govt-to-inject-2 14937 
bc-u.k.-intervention-boa 14988 
bc-u.k.-money-market-giv 14919 14964 
bc-uk-intervention-bd-sa 14986 
bc-unilever-seeks-buyer 14941 
bc-varian- 14947 
bc-vieille-montagne-repo 14876 
bc-vieille-montagne-says 14875 
bc-wtc-international-inc 14963 
bd 14986 
beach 14955 
beans 14951 
beat 14939 
beef 14951 
beer 14953 
began 14869 14882 14922 14957 14959 
begin 14889 14937 14966 
beginning 14922 14931 
beirut 14915 
belgian 14896 
belgium 14875 14876 14877 14988 
believed 14885 14890 14923 
bell 14907 14932 
belonging 14893 
benchmark 14891 
benefit 14869 14890 14911 14941 
benefited 14867 14942 
benefiting 14942 
benefits 14872 14952 
benefitted 14993 
berlin 14867 14956 
bettino 14976 
beverage 14888 
bhd 14917 
bid 14888 14900 14906 14921 14932 14941 14949 
bidders 14888 
big 14874 14891 14942 
biggest 14891 
bill 14900 14982 
billion 14869 14870 14871 14874 14876 14880 14884 14890 14891 14893 14894 14902 14903 14906 14921 14926 14929 14930 14931 14940 14941 14950 14966 14984 
bills 14919 14964 
biotech 14933 
biotechnology 14933 
bjoern 14873 
blah 14899 14943 14945 14958 14965 14986 14989 14991 
blame 14904 
blla.s 14907 
block 14888 14921 
blocks 14893 
blow 14878 
blue 14869 14921 
board 14878 14921 14932 14938 14982 14988 
boards 14978 
bob 14890 
bodes 14993 
boeing 14878 14945 14961 14966 
bond 14866 14868 14871 14884 14888 14890 14895 14896 14897 14901 14902 14920 14927 14992 
bonds 14869 14874 14890 14895 14927 14999 
bonus 14899 14911 
boom 14869 14891 
booming 14890 
boost 14872 14874 14880 14881 14891 14912 14921 14924 
boosted 14922 
boosting 14907 
boosts 14922 
borrow 14950 
borrowers 14906 
borrowing 14889 
borrowings 14889 14942 
boston 14999 
botswana 14936 
bottoming 14891 
bought 14893 14913 14964 
boulder 14946 
bourse 14883 
bousquet 14938 
bowater 14872 
bpd 14891 
branch 14867 14888 
branches 14956 
brand 14972 
brands 14941 
brazil 14984 
breach 14921 14956 
breaches 14956 
breakdown 14874 
brewer 14888 
brewery 14888 14921 
brewing 14888 
brian 14890 
briefcase 14904 
brigades 14939 
brightened 14916 
brighter 14916 
bringing 14929 
brings 14906 14964 
brisbane 14922 
britain 14877 14879 14890 14900 14944 14982 
british 14944 
broadcasting 14938 
broadened 14916 
broke 14888 14915 14952 
broken 14956 
broker 14888 
brokers 14890 14907 
brothers 14868 14901 14928 
brought 14880 14910 14931 
brown 14998 
brunei 14870 14942 
brunswick 14956 
brussels 14875 14876 14877 
bt 14984 
bud.n 14888 
budget 14874 14891 14953 14987 
budgets 14874 
buffeted 14942 
build 14894 14973 
building 14869 14870 14900 14955 
buildup 14892 
bulk 14972 
bullish 14869 14890 
bundaberg 14922 
bundesbank 14931 14956 14987 
bunker 14977 
buoyant 14928 
buoyed 14869 
bureau 14879 14974 
burke 14977 
burlington 14977 
burnell 14993 
business 14883 14891 14916 14938 14944 14952 14972 14977 14982 
businesses 14872 14941 14993 
businessmen 14953 
buttrose 14890 
buy 14888 14896 14909 14921 14937 14979 
buyer 14913 14941 
buyers 14882 14921 14994 
buying 14886 14888 14890 14921 
buys 14991 
bv 14896 14992 
bwtr.l 14872 
c. 14977 
cabinet 14891 14905 14918 14976 
cable 14870 14944 
calendar 14892 14909 14933 
calgary 14966 
calif. 14933 14947 14948 14955 14960 14963 14971 14981 
california 14933 14938 
call 14905 14982 
called 14886 14906 14908 14914 14917 14944 14957 14959 
calls 14874 14878 14883 14886 14953 
camps 14915 
canada 14890 14925 14927 14966 14985 14987 14990 14991 14995 
canadian 14925 14927 14945 14966 
canal 14939 
cancelled 14878 
cancer 14994 
cane 14922 
canion 14975 
capability 14950 
capacity 14870 14891 14894 14909 14930 
capital 14866 14867 14869 14880 14890 14894 14907 14911 14917 14921 14925 14937 14955 14982 14990 14993 14999 
capitalization 14948 
captured 14878 
car 14910 14916 
care 14994 
careful 14931 
carefully 14890 
cargo 14952 14957 14959 
carolina 14948 
carried 14956 
carriers 14939 
carries 14896 
carrying 14956 14957 
cases 14956 
cash 14890 14891 14928 14938 14952 14984 
casting 14925 
cathode 14928 
cattle 14936 
caused 14891 14903 14930 14936 
cautioned 14916 
cautious 14891 
cax 14949 
cayb 14968 
cayuga 14968 
cbio 14933 
cci 14948 
cci.n 14873 
ceiling 14869 14874 
ceilings 14906 
cell 14994 
censure 14938 
center 14955 14977 
centers 14955 
central 14894 14895 14906 14913 14919 14922 14950 14956 14974 14984 
centre-right 14905 
cents 14911 
cercast 14925 
certifies 14938 
cfm-56-s3 14878 
chairman 14874 14900 14907 14911 14921 14937 14950 14951 14959 14980 14982 14993 
chamber 14908 
chance 14881 14912 14982 
change 14874 14931 14950 
changed 14933 14972 
changing 14942 
channing 14891 
channon 14937 
chapter 14938 14994 
charged 14921 14938 
charges 14876 14904 14906 
chartered 14907 
chase 14873 
cheap 14890 
cheaply 14909 
check 14874 14956 
checks 14956 
cheif 14977 
chelmsford 14977 
chelsea 15000 
chemical 14930 14941 14946 14973 
chemicals 14973 
cheques 14891 
chesebrough 14941 
chesebrough-pond's 14941 
chief 14872 14874 14890 14921 14950 14956 14975 14977 14980 14993 
china 14882 14889 14909 14950 
chinese 14909 14950 
chip 14904 14921 
chips 14869 
chirac 14905 
chooses 14961 
chosen 14914 
christian 14976 
cigarettes 14953 
ciif 14921 
cincinnati 14932 
circle 14931 
circumvent 14956 
circumvented 14956 
cite 14869 
citibank 14873 
citicorp 14889 14948 
citizen 14921 
city 14939 
claim 14957 
clamped 14906 
clarifies 14997 
clash 14944 
clashed 14944 
clashes 14915 
class 14979 
clayton 14904 
climate 14894 
close 14869 14900 14913 14921 14937 
closed 14869 
closely 14883 
closer 14895 
closing 14869 14920 
closure 14875 14876 
clrx 14979 
cmb.n 14873 
co-leads 14927 
co-president 14977 
coalition 14905 14976 
coast 14922 14972 
coated 14993 
coconut 14921 
code-a-phone 14949 
cojuangco 14921 
collapsed 14976 
collateral 14891 
colleagues 14931 
collusion 14953 
colo. 14946 
colorocs 14979 
combat 14891 14936 
combination 14993 
combined 14865 14871 14884 14897 14902 14927 
coming 14874 14921 14936 14982 
comment 14895 14907 14921 14930 14938 14944 
commenting 14956 
commercial 14873 14906 14933 14942 14984 
commercialize 14933 
commerical 14961 
commission 14879 14885 14888 14909 14921 14942 14957 14982 14999 
commissioner 14911 14959 
commitment 14889 
committee 14880 14911 14940 14982 
commodity 14942 
common 14877 14979 14990 14999 
communicate 14877 
communications 14949 
communique 14987 
communist 14950 
communists 14905 
community 14874 14877 14885 14923 14936 14942 14988 
company 14872 14876 14882 14883 14888 14894 14896 14903 14907 14909 14911 14913 14916 14921 14925 14926 14930 14932 14933 14937 14938 14948 14949 14956 14961 14966 14967 14969 14970 14972 14975 14977 14978 14980 14982 14993 14994 14997 14999 
company's 14907 14980 
compaq 14975 
compared 14869 14875 14891 14918 14920 14923 14926 14928 14974 
compares 14919 
comparisons 14967 
compensation 14952 14957 
competitiveness 14942 
competitors 14935 
compiled 14922 
complaint 14921 14938 14951 
complete 14874 14921 
completed 14946 
completion 14955 
compliance 14879 
complicated 14959 
component 14977 
components 14977 
composite 14869 
comprehensive 14891 
comprise 14927 
comprising 14919 
compromise 14952 
computer 14932 14954 14975 
computer-related 14949 
computerized 14947 
computers 14975 
comstock 14996 
concept 14961 
concern 14931 14987 
concerned 14890 14895 
concession 14868 14871 14884 14897 14901 14902 
concessions 14944 
concluded 14878 
concrete 14900 14956 
condition 14922 
conditioned 14932 
conditions 14875 14914 14942 14993 
conduct 14895 
conducted 14938 
conference 14880 14881 14912 14944 
confidence 14890 14891 14905 14916 14950 
confident 14869 
confirmed 14907 
confirms 14907 
congress 14881 14912 14982 14987 
conn 14980 
conn. 14949 14996 
conoco 14980 
conrac 14943 14949 
consecutive 14936 
considerable 14944 
considerably 14916 
considered 14878 14880 14890 
consist 14999 
consolidated 14865 14926 
consolidates 14869 
consolidating 14869 
consortium 14865 14878 
consortium's 14878 
constituents 14911 
constraints 14931 
constructed 14944 
construction 14889 14955 
constructors 14910 
consultant 14917 
consultex 14894 
consulting 14946 
consumer 14891 14913 14916 14944 
consumption 14942 
contacted 14907 
containers 14957 
contempory 14931 
continue 14881 14911 14912 14933 14936 14967 
continued 14959 14961 14967 14975 14984 
continuing 14869 14921 14993 
continuous 14869 
contract 14947 
contracted 14921 14946 
contracting 14891 
contractionary 14891 
contractual 14894 
contravention 14921 
contribute 14935 14975 
control 14904 14937 14950 
controlled 14921 
controls 14888 14926 
controversy 14921 
conversion 14898 
convertible 14868 14869 14893 14898 14901 14990 14996 
convincing 14881 
cool 14869 
cooperate 14925 
cooperation 14881 14912 14940 
cooperative 14881 14912 
corazon 14921 
core 14954 
corner 14874 
corp. 14938 
corporate 14977 14982 
corporation 14917 
correct 14931 14982 
correction 14931 
corrective 14940 
corrupt 14953 
cos 14978 
cost 14889 14973 
council 14874 14877 14929 14951 14957 
counterparts 14880 
countries 14879 14890 14928 14931 14935 14942 14944 14987 
country 14880 14882 14891 14892 14894 14931 14936 14940 14944 14950 15000 
country's 14952 
coupon 14868 14897 14901 14920 14927 
courage 14893 
court 14883 14907 14921 14959 
cove 14934 
cover 14942 14956 14982 
covering 14999 
cpi 14891 14918 
cpq 14975 
cra 14865 
craa.s 14865 
cracks 14874 
crash 14891 14956 
craxi 14976 
created 14875 14880 14937 
credit 14891 14896 14898 14929 14950 14983 14992 14997 
creditors 14921 
credits 14889 
creek 14865 
crews 14957 
criminal 14883 
crisis 14891 
croesus 14865 
crop 14892 14922 
crops 14922 14936 
crowns 14873 14906 
crucial 14890 14891 
crude 14891 14909 
crush 14922 
csca 14910 
csn 14932 
cstk 14996 
ct 14981 
cumulative 14988 
curb 14890 14942 14982 
currencies 14942 
currency 14875 14885 14890 14913 14916 14924 14956 14985 14988 
current 14868 14869 14874 14880 14889 14890 14891 14892 14893 14895 14901 14903 14904 14924 14928 14982 14984 14988 
customs 14953 
cut 14891 14920 14951 14952 
cuts 14906 14931 14952 14987 
cutting 14909 14931 
cxr 14981 
cxrl 14981 
d-wis 14982 
dac 14940 
daily 14890 14904 
daiwa 14920 
dallas 14980 
damage 14892 14931 
damages 14982 
dams 14870 
danbury 14996 
danger 14931 
daniel 14887 
dansk 14884 
dar 14953 
data 14867 14904 
david 14872 14911 
day 14869 14891 14908 14939 
days 14922 14982 14984 
daytime 14924 
dayton 14993 
dd 14980 
de 14921 
deal 14893 14920 14921 14956 
dealer 14956 
dealers 14869 14872 14913 14956 14990 
dealing 14883 
dealings 14883 
debenture 14999 
debentures 14893 14990 14999 
debt 14874 14890 14891 14916 14921 14929 14942 14950 14984 
debt-ridden 14891 
debtors 14891 
debts 14929 14938 
december 14921 14922 14941 
decided 14870 14873 14878 14887 14895 14911 
decimated 14936 
decision 14877 14878 14904 14961 
decision-making 14880 
decisions 14890 14994 
declaration 14921 
declare 14982 
decline 14882 14931 14940 14942 
declined 14885 14895 14907 14923 14938 14941 14987 14988 
deep 14869 
deeply 14895 
default 14891 14997 
defensive 14939 14982 
deficit 14874 14880 14890 14891 14931 14953 14987 
deficits 14935 
definitive 14978 
del 14921 
delay 14904 14921 
delegation 14887 
delivered 14890 
deliveries 14928 
delivery 14966 
della 14938 
demand 14874 14891 14928 14931 14975 14993 
demanded 14944 
demands 14931 14942 14944 
democrat 14976 
democratic 14874 14951 
democrats 14976 
demonstrate 14881 14912 
denied 14909 
denies 14909 
denmark 14884 14988 
denominations 14868 14871 14884 14897 14901 14902 14927 
department 14882 
departments 14874 
depended 14883 
dependence 14881 14912 
depending 14891 14894 14933 14961 
depends 14890 14891 
depositors 14891 
depreciation 14875 14931 
depressed 14942 
depressing 14891 
deputies 14905 
deputy 14870 14880 14904 14914 14976 
derivative 14921 
desert 14936 
design 14961 
desirable 14879 
desire 14921 
deskpro 14975 
detail 14956 14961 
detailed 14951 
details 14878 14891 14949 14988 14996 
detect 14956 
determination 14880 
determine 14891 
determined 14883 
determining 14885 
develop 14917 
developed 14880 
developer 14948 
developing 14872 
development 14870 14880 14894 14911 14940 14946 14950 14961 14977 14994 
developments 14931 
device 14874 
devices 14948 14977 
diaz 14888 14921 
difficult 14874 14885 14906 14931 14944 
dike 14874 
dilemma 14931 
diluted 14932 14998 
diluting 14911 
dinar 14891 
dinars 14891 
diplomats 14914 
direct 14921 
direction 14890 
director 14869 14872 14887 14893 14907 14921 
directors 14921 14978 14997 
disappear 14890 
disciplinary 14938 
discipline 14874 
disclose 14865 14888 14982 
disclosed 14978 14996 
disclosure 14982 
discontinue 14994 
discord 14987 
discuss 14894 14918 14987 
discussed 14987 
discussions 14900 
display 14949 
dispose 14941 
disposed 14941 
disposition 14921 
dispute 14957 14959 
disregard 14921 
disrupted 14904 14957 
disruption 14957 
dissatisfied 14944 
distributing 14972 
div 14934 14998 
diversification 14891 
diversified 14900 
diversify 14890 
divert 14881 14912 
dividend 14869 14876 14903 14921 14930 14934 
dividends 14911 14921 14990 
division 14930 14935 14946 14977 
diw 14867 
dlr 14868 14869 14870 14888 14889 14890 14897 14901 14913 14920 14921 14927 14931 14932 14955 14983 14997 14999 
dollar 14875 14890 14895 14913 14920 14928 14931 14950 14987 
dollar/mark 14987 
dollars 14890 14913 14950 14952 
domestic 14869 14874 14880 14881 14889 14890 14891 14895 14906 14912 14931 14935 14942 
domestically 14869 
door 14950 
doorstep 14891 
dorado 14973 
doubled 14890 
doubling 14891 
doubt 14890 
doubtful 14891 
doubts 14878 
downstream 14891 
downturn 14867 14900 
downward 14942 
draft 14883 
drastic 14880 
draw 14959 
drinks 14893 14953 
drive 14874 
drop 14881 14892 14912 14930 
dropped 14906 14942 
drought 14892 14936 
dry 14922 
dsm 14930 
dsmn.as 14930 
du 14980 
due 14868 14871 14880 14884 14892 14895 14896 14897 14898 14900 14901 14902 14903 14927 14928 14929 14933 14959 14961 14975 
durham 14970 
dutch 14883 14930 14959 
duties 14921 
duty 14953 
e. 14980 
eager 14890 
earlier 14873 14888 14893 14900 14911 14919 14921 14923 14939 14988 14993 
earliest 14893 14944 
early 14866 14869 14878 14881 14891 14893 14912 14921 14922 14928 
earmarked 14893 
earn 14872 14873 14875 14876 14899 14903 14911 14926 14930 14933 14934 14954 14958 14960 14962 14963 14965 14967 14968 14969 14970 14971 14975 14981 14983 14984 14985 14993 14995 14998 15000 
earned 14933 
earning 14891 
earnings 14900 14921 14942 14967 14975 14993 
ease 14892 14928 
eased 14872 
easily 14890 
easing 14874 
east 14870 14872 14939 14942 
eastern 14924 
ec 14877 14885 14923 14986 14988 
eci 14948 
economic 14867 14873 14874 14875 14880 14888 14890 14891 14916 14918 14931 14935 14940 14942 14950 14951 14953 14987 
economies 14942 
economist 14874 14890 
economists 14869 14874 14891 
economy 14867 14870 14874 14881 14890 14891 14912 14916 14931 14942 14950 14987 
economy's 14869 
ecu 14950 14988 
ecus 14885 14923 14986 14988 
edge 14928 
edgy 14890 
edict 14891 
eduardo 14921 
effect 14867 14928 14953 
effective 14883 
effects 14869 14892 14936 
effort 14904 14946 
efforts 14881 14893 14912 
el 14960 14973 14983 
elaborate 14880 
elders 14888 14893 
election 14977 
electric 14897 14961 14978 
electrical 14913 
electricity 14870 
electro 14960 
electrolysis 14875 14876 
element 14890 
elements 14921 
elevator 14959 
eligible 14921 
eliminated 14977 
elrc 14960 
elxa.s 14888 14893 
embarrassing 14878 
embassy 14914 
embraced 14911 
emerged 14956 
emergency 14936 
emirate 14891 
emphasis 14874 
employ 14894 14973 
employed 14867 
employee 14993 
employees 14908 14937 
employer 14959 
employers 14959 
employment 14867 
enables 14891 
end 14890 14891 14922 14936 14937 14944 
end-1986 14950 
end-sep 14988 
ended 14900 14903 14933 
ending 14874 14890 14891 14903 14933 14953 14975 
endotronics 14994 
ends 14957 14977 
enemy 14939 
energy 14870 14894 14980 
enforced 14942 14982 
engine 14878 14961 
engines 14878 
england 14919 14964 
enjoyed 14931 
enquiries 14956 
ensure 14874 14937 
entails 14891 
enter 14892 14961 
entered 14943 14997 
enterprises 14932 
entire 14888 
entitles 14896 
entry 14890 
environment 14942 
eqt 14999 
equal 14925 14982 14999 
equally 14878 
equipment 14939 14949 14955 
equitable 14999 
equities 14873 14890 14938 
equity 14897 14920 14921 14948 14956 14992 
equivalent 14891 
erosion 14931 
erupted 14915 
es 14953 
escap 14942 
essential 14883 
establish 14994 
estate 14869 14890 14920 
estimate 14891 14919 
estimated 14891 14928 14940 14942 14964 14973 14984 
estimates 14922 14975 
ethylene 14889 
eurobond 14868 14871 14884 14901 14902 14920 14927 
europe 14869 14872 14891 14920 
european 14877 14885 14923 14931 14942 14987 14988 
evading 14953 
evening 14924 
events 14916 
evidence 14956 
exaggerated 14904 
exceed 14872 14975 
exceeded 14872 
exceeds 14869 14975 
excellent 14922 
exceptional 14876 
excess 14874 14904 14906 14956 14973 
excessive 14895 14904 14906 
exchange 14869 14873 14879 14883 14900 14911 14917 14920 14921 14924 14928 14931 14942 14944 14956 14982 14987 14991 14999 
excluded 14891 
excludes 14983 
execution 14978 
executive 14872 14893 14938 14975 14977 14980 14993 
exercise 14896 14920 14979 
exile 14921 
exist 14881 14912 
existed 14914 14916 
existing 14872 14911 14929 14937 
expand 14872 14893 14909 14944 
expanded 14911 14944 
expanding 14951 
expansion 14911 14942 
expansionary 14931 
expect 14869 14873 14892 14944 14987 
expectations 14872 14904 14975 
expected 14866 14869 14874 14880 14889 14891 14892 14903 14905 14921 14923 14933 14937 14941 14942 14951 14953 14959 14982 14984 
expects 14911 14926 14933 14967 14975 14993 14994 
expenditure 14874 14999 
expenditures 14894 14933 
expenses 14869 
expiration 14979 
expire 14932 
explanation 14904 
exploited 14883 
exploration 14942 
explosively 14869 
export 14870 14889 14891 14909 14923 14929 14931 14942 14950 14988 
exported 14882 
exporter 14882 
exporters 14942 
exporting 14882 14942 
exports 14869 14881 14882 14903 14912 14931 14935 14942 
expose 14917 
expressed 14921 14944 
expressing 14941 
extend 14915 
extended 14932 14966 14979 
extending 14982 
extends 14979 14989 
extension 14877 
extensive 14942 
external 14891 14931 14942 
extra 14931 14953 
extreme 14956 
extreme-right 14905 
extremely 14880 14885 14916 14931 
eyes 14890 
f. 14977 
f0317 14865 
f0324 14866 
f0342 14867 
f0356 14868 
f0365 14869 
f0377 14870 
f0378 14871 
f0380 14872 
f0385 14873 
f0394 14874 
f0397 14875 
f0399 14876 
f0406 14877 
f0412 14878 
f0413 14879 
f0417 14880 
f0422 14881 
f0425 14882 
f0433 14883 
f0435 14884 
f0437 14885 
f0446 14886 
f0447 14887 
f0450 14888 
f0451 14889 
f0453 14890 
f0454 14891 
f0467 14892 
f0472 14893 
f0479 14894 
f0482 14895 
f0490 14896 
f0494 14897 
f0497 14898 
f0498 14899 
f0505 14900 
f0508 14901 
f0509 14902 
f0510 14903 
f0514 14904 
f0520 14905 
f0523 14906 
f0524 14907 
f0525 14908 
f0527 14909 
f0531 14910 
f0532 14911 
f0537 14912 
f0539 14913 
f0541 14914 
f0544 14915 
f0549 14916 
f0551 14917 
f0557 14918 
f0563 14919 
f0564 14920 
f0568 14921 
f0569 14922 
f0575 14923 
f0589 14924 
f0593 14925 
f0595 14926 
f0619 14927 
f0620 14928 
f0623 14929 
f0656 14930 
f0675 14931 
f0683 14932 
f0684 14933 
f0689 14934 
f0705 14935 
f0708 14936 
f0714 14937 
f0721 14938 
f0728 14939 
f0729 14940 
f0736 14941 
f0744 14942 
f0752 14943 
f0765 14944 
f0782 14945 
f0786 14946 
f0787 14947 
f0788 14948 
f0789 14949 
f0792 14950 
f0798 14951 
f0799 14952 
f0824 14953 
f0829 14954 
f0833 14955 
f0838 14956 
f0851 14957 
f0855 14958 
f0856 14959 
f0857 14960 
f0858 14961 
f0859 14962 
f0863 14963 
f0874 14964 
f0878 14965 
f0879 14966 
f0881 14967 
f0882 14968 
f0883 14969 
f0884 14970 
f0886 14971 
f0890 14972 
f0891 14973 
f0894 14974 
f0896 14975 
f0926 14976 
f0940 14977 
f0949 14978 
f0950 14979 
f0951 14980 
f0952 14981 
f0953 14982 
f0955 14983 
f0956 14984 
f0957 14985 
f0974 14986 
f0976 14987 
f0981 14988 
f0986 14989 
f0999 14990 
f1007 14991 
f1015 14992 
f1019 14993 
f1020 14994 
f1021 14995 
f1023 14996 
f1024 14997 
f1027 14998 
f1031 14999 
f1034 15000 
face 14908 14931 14944 14999 
faced 14916 14931 
facilities 14935 
facility 14997 
factor 14885 14942 
factories 14889 14953 
factors 14869 14875 14880 14891 14931 14942 
facts 14921 
fails 14904 14914 
failure 14922 14982 
fairer 14982 
fairly 14893 
fall 14875 14882 14890 14891 14931 14942 14987 
fallen 14867 
falls 14890 
fan 14961 
farm 14951 
farmers 14921 
farmlands 14888 
fast 14895 
faster 14942 
favorable 14938 14967 
favored 14982 
favour 14877 14891 
favourable 14916 14931 14942 
favoured 14890 
feb 14954 14960 14963 14971 14983 15000 
february 14867 14869 14882 14910 14931 14933 14938 14984 14987 
federal 14868 14901 14952 14956 14982 
fee 14889 
fee-based 14873 
feel 14874 
fees 14927 
fell 14882 14900 14930 14942 
felt 14892 14914 
ferdinand 14921 
fertiliser 14892 
fertilisers 14894 
fertilizer 14930 
fiat 14878 
fiat.mi 14878 
fiber 14946 
fibers 14946 
fiduciary 14921 
field 14890 14977 
fighting 14915 
fights 14874 
figure 14923 14974 
figures 14881 14890 14912 14938 14950 
filed 14921 14938 14982 14999 
files 14999 
filipino 14888 
filipinos 14921 
final 14868 14897 14901 14959 
finally 14867 
finance 14869 14874 14879 14880 14883 14887 14889 14906 14953 14966 14987 14999 
financed 14982 
financial 14869 14878 14880 14887 14891 14895 14906 14921 14926 14929 14938 14941 14944 14953 14978 
financing 14874 14929 14948 14955 14982 14997 
find 14874 14890 14944 14952 
fine 14925 14956 
fines 14883 
firm 14888 14911 14925 14930 14938 14980 
firming 14987 
firms 14867 14869 14904 14909 14938 14944 
first-half 14900 
first-quarter 14984 
fiscal 14874 14891 14918 14933 
fish 14939 
fitted 14878 
fitting 14878 
five-nation 14878 
five-party 14976 
five-star 14890 
five-year 14920 14999 
fixed 14868 14869 14890 14901 
flare 14915 
flat 14869 
flevoland 14959 
flexibility 14911 
float 14893 
floated 14937 
floating 14869 
flood 14874 
floor 14944 
florence-based 14926 
flotation 14878 14893 
flow 14890 14938 
flows 14891 
fluctuate 14933 
fluctuations 14890 14942 14950 
fluorine-based 14973 
fly 14900 
fnv 14959 
focus 14873 14931 
focuses 14889 
fondiaria 14926 
food 14888 14921 14936 14941 
footholds 14939 
footwear 14941 
force 14883 
forced 14870 14936 14942 
forces 14904 14939 
ford 14989 
forecast 14874 14891 14923 14928 14953 
forecasting 14922 
foreign 14869 14873 14880 14888 14889 14890 14895 14900 14914 14916 14917 14921 14924 14936 14950 14956 14957 14987 
foreign-flag 14957 
foreigners 14880 
foreknowledge 14883 
foresaw 14988 
forestall 14904 
forfeit 14908 
forlani 14976 
form 14891 14982 
formal 14887 
formalise 14951 
formed 14966 14980 
forms 14980 
forrest 14865 
fortunes 14942 
forward 14874 14891 14931 
foster 14894 
foundering 14908 
four-for-one 14911 
fragile 14916 
franc 14866 14875 14896 14992 
france 14887 14905 14910 14923 14950 14988 
francis 14937 
francisco 14938 14984 
franco-u.s 14878 
francs 14875 14876 14896 14898 14950 14992 
frank 14944 
frankfurt 14956 
fraud 14956 
free 14880 
freeport 14894 
freeport-mcmoran 14894 
freeze 14942 
freight 14952 
fremont 14948 
french 14887 14905 14910 14923 14950 
frequently 14883 
fresh 14890 14939 
friction 14869 
friday 14904 14984 
front 14905 14939 
fronts 14939 
fruit 14951 
frustration 14944 
fsb 14969 
ftx.n 14894 
fuel 14961 
fuelled 14869 
fulfilled 14987 
full 14876 14880 14908 
full-year 14984 
fully 14930 14932 14955 
fund 14869 14890 14917 14921 14985 14987 
fundamental 14987 
fundamentals 14869 
funds 14870 14880 14889 14890 14893 14906 
future 14880 14911 14916 14944 14959 
ga. 14979 
gaborone 14936 
gain 14869 14874 14876 14969 
gained 14874 14939 
gains 14869 
gas 14891 14894 14980 
gaullist 14905 
gave 14891 14905 14949 
gdp 14891 14942 
gdps 14942 
gdy 14971 
gdyn 14971 
ge 14961 
general 14867 14887 14905 14911 14951 14959 14961 14982 
generally 14938 14982 14993 
generate 14955 
generated 14870 
generating 14891 14947 
geo-thermal 14894 
geodynamics 14971 
george 14914 
gerard 14959 
gerhard 14987 
german 14867 14925 14931 14940 14956 14987 
germany 14878 14925 14931 14940 14956 14987 14988 
giordano 14924 
give 14868 14874 14880 14885 14901 14908 14923 14988 
giving 14878 14890 14908 14911 14977 
glen 14934 
glk 14973 
glut 14891 14942 
gnp 14869 14891 14940 
go-ahead 14874 
goal 14874 
goals 14874 
gold 14865 14890 14894 
golden 14937 
goldman 14941 
good 14869 14888 14890 14891 14921 14922 14944 
goods 14867 14913 14935 14953 
gordon 14990 
government 14869 14870 14874 14880 14888 14890 14891 14895 14905 14906 14921 14929 14931 14936 14937 14944 14952 14953 14976 14977 
governmental 14978 
governments 14881 14912 14936 
governor 14890 14984 
govt 14937 
graan 14959 
grace 14889 
gradual 14869 
grain 14959 
great 14973 
greater 14931 14936 14942 14944 14956 14982 14987 
greatest 14872 
green 14982 
greener 14922 
grew 14869 14921 14942 
grip 14874 
gros 14984 
gross 14869 14891 14927 14931 14937 
groundnut 14951 
grounds 14959 
groundwork 14904 
group 14878 14893 14900 14907 14921 14925 14926 14941 14977 14982 14987 14990 14996 
groups 14906 14925 14982 
grow 14869 
grower 14892 
growers 14892 
grows 14879 
growth 14869 14874 14880 14891 14916 14922 14931 14935 14940 14942 14950 14987 
guarantee 14929 
guaranteed 14884 14891 14896 14897 14920 14927 14929 
guarantees 14929 
guerrillas 14915 
guiding 14895 
guilders 14883 14930 
gulf 14891 14939 
guss 14925 
gyohten 14887 
h. 14977 
h.k 14929 
hague 14883 
hale 14977 
half 14903 14954 14970 14976 
half-day 14869 
halt 14915 
hamley 14890 
hampered 14880 14942 
han 14959 
handed 14976 
handling 14944 14957 
hanson 14893 
happy 14890 14931 
hard 14885 14923 14956 
harder 14956 
harmoko 14918 
harold 14977 
harvest 14892 
hauppauge 14977 
hauser 14946 
hawaii 14978 
hawaiian 14978 
head 14869 14873 14888 14921 14944 
headed 14887 
headquartered 14980 
headquarters 14907 14939 
heads 14950 
health 14955 14994 
healthy 14922 
hearing 14938 14957 
hearings 14921 
heavily 14890 
heavy 14873 14880 14889 14895 14939 
hectares 14892 
heerlen 14930 
hefty 14890 14891 
held 14907 14921 14925 14938 14977 
hele 14983 
helen 14983 
helped 14873 
helping 14942 
hemisphere 14891 
hepatitis 14994 
herds 14936 
herstatt 14956 
hesse 14956 
higest 14988 
high 14872 14880 14890 14900 14916 14975 14984 
high-grade 14891 
high-level 14914 
higher 14869 14883 14895 14926 14928 14930 14975 
highest 14885 
hit 14869 14921 14952 
hnsn.l 14893 
hokuriku 14897 
hold 14865 14887 14891 14900 14921 14937 
holder 14896 14979 
holding 14869 14907 14980 
holdings 14888 14911 
holds 14900 14907 14925 
hole 14874 
holiday 14908 
holmes 14907 
home 14891 14931 14970 
hong 14888 14889 14911 14921 14924 14929 
hong-kong 14889 14911 14924 14929 
honored 14987 
hope 14881 14912 
hopeful 14911 14982 
hopes 14881 14904 14912 
hostile 14914 14982 
hotel 14890 
house 14913 14931 
houses 14869 14880 14893 
housing 14900 
houston 14975 
howard 14944 
hsld 14970 
hu 14950 
huge 14870 14944 
human 14936 
hundreds 14952 
hurdman 14938 
hurt 14890 14942 
hydroelectric 14870 
i.u 14978 
iae 14878 
ibj 14884 
icahn 14982 
iii 14921 14975 
illegal 14883 
illustrated 14890 
image 14955 
imaging 14955 
imbalance 14881 14912 14944 
immediately 14941 
immunotherapy 14994 
impact 14869 14931 
imperial 14893 
implements 14874 
importance 14931 14987 
important 14881 14891 14911 14912 
imported 14953 
importers 14942 14953 
importing 14972 
imports 14874 14881 14891 14912 14928 14935 14951 
impose 14881 14904 14912 
imposed 14957 
imposition 14904 
impressive 14869 
imprisonment 14883 
improved 14869 14916 14942 14946 14993 
improvement 14872 14942 14967 14993 
improves 14870 
improving 14914 
ina 14939 
inactive 14972 
inc. 14978 
incentive 14989 
inches 14922 
include 14887 14891 14893 14911 14948 14951 
included 14882 
includes 14969 14976 
including 14874 14931 14938 14950 14966 14978 14994 14997 
income 14875 14891 14984 
incoming 14967 
incorrect 14904 
increase 14867 14874 14909 14921 14935 14940 14975 14978 
increased 14869 14874 14880 14890 14933 14942 14944 14982 
increases 14928 14953 
increasing 14931 
increasingly 14890 14906 
incurred 14999 
ind. 14973 
indebtedness 14997 
independent 14959 
index 14869 14890 
indicating 14941 
indication 14920 
indicative 14890 
indignant 14914 
indignation 14914 
indirect 14869 
individual 14883 
individuals 14891 14938 14982 
indonesia 14870 14918 14942 
indonesian 14918 
indosuez 14889 
industrial 14867 14869 14874 14880 14889 14942 14949 14952 14953 14957 14987 
industrialized 14931 14935 
industrializing 14935 
industrie 14878 14925 
industries 14872 14949 14978 
industry 14867 14880 14882 14891 14892 14893 14897 14904 14909 14921 14937 14980 
inflation 14880 14891 14916 14918 14931 
inflicted 14939 
inflow 14890 
influx 14880 
info 14879 
informal 14891 
information 14879 14883 14918 14941 14949 
infrastructure 14889 
ingenuity 14944 
ingot 14882 
ingots 14882 
initial 14894 14922 14930 14975 
initially 14953 
iniziativa 14926 
inject 14937 
injection 14937 
injunction 14921 14959 
injured 14952 
injury 14952 
inquiries 14890 
inside 14883 
insider 14883 14982 
inspect 14956 
inspectors 14956 
instigate 14956 
institute 14867 14931 
institutional 14893 14921 
institutions 14895 14906 14917 14924 14944 
instruments 14890 14929 
insurance 14906 14978 
insure 14982 
insurer 14926 
insures 14982 
insuring 14982 
intact 14939 
integrity 14879 
intended 14872 14982 
intent 14996 
intention 14874 
intentions 14907 
interaction 14879 
interbank 14889 
interest 14869 14874 14880 14889 14890 14893 14895 14906 14916 14919 14931 14941 14942 14964 14984 14990 
interested 14888 14894 14949 
interests 14890 14893 
interim 14903 14959 
international 14868 14871 14874 14877 14878 14884 14887 14889 14894 14897 14901 14902 14904 14917 14927 14936 14942 14961 14963 14966 14978 14987 
interpreted 14921 
intervened 14869 14913 
intervenes 14913 
intervention 14880 14885 14923 14986 14988 
interview 14938 
introduce 14982 
introduced 14891 14952 14975 
introduction 14883 14908 
inventories 14904 
invest 14880 14890 14917 
invested 14890 
investigating 14938 14956 
investigatory 14879 
investment 14868 14869 14873 14874 14888 14890 14891 14894 14901 14917 14921 14933 14938 14941 14978 14990 
investments 14880 
investor 14868 14901 14982 
investors 14869 14879 14890 14893 14917 14921 14938 14948 14982 
involve 14894 
involved 14870 14878 14956 14978 
involvement 14956 14993 
inzi.mi 14926 
iran 14939 
iran-iraq 14891 
iranian 14939 
iranians 14939 
iraq 14939 
iraqi 14939 
irna 14939 
iron 14874 
irresponsible 14956 
issue 14866 14868 14869 14884 14896 14897 14899 14901 14908 14911 14921 14992 14999 
issued 14866 14900 14907 14921 14927 14929 14941 
issues 14868 14869 14871 14881 14884 14893 14896 14897 14898 14901 14902 14912 14927 
issuing 14868 14869 14871 14874 14884 14896 14897 14898 14901 14902 14911 14927 14938 
isum.t 14903 
isuzu 14903 
italia 14972 
italian 14926 
italy 14926 14976 
item 14889 
items 14942 14951 
ito 14874 
iu 14978 
iv 14949 
ixl 14888 14893 
jacksons 14888 
jacobs 14929 
jacques 14905 
jakarta 14918 
james 14977 
january 14883 14906 14928 14931 14950 14959 
japan 14869 14874 14879 14881 14882 14887 14889 14890 14895 14903 14904 14909 14912 14913 14924 14935 14942 14944 14951 14987 
japan's 14931 
japanese 14874 14878 14879 14881 14887 14890 14895 14904 14909 14912 14917 14924 14944 
jard.hk 14911 
jardine 14899 14911 
jean-maxime 14950 
jets 14966 
jewelry 15000 
jiji 14895 
jo 14869 
jobs 14867 14974 
johannesburg 14908 14916 
johnston 14890 
johnstown 14969 
joined 14888 
joins 14888 
joint 14883 14894 14911 
joint-venture 14925 
jointly 14917 
jose 14938 
journal 14888 
journalists 14987 
jsbk 14969 
judge 14938 
judgment 14959 
juices 14951 
july 14866 
jump 14982 
jumping 14872 
jumps 14890 
june 14886 14888 14891 14893 14900 14906 14921 14922 14944 14953 14972 
junior 14905 
justice 14883 
karl 14931 14987 
keihanshin 14920 
kelso 14893 
kembla 14957 
kerosene 14891 
keswick 14911 
key 14890 14942 
kilos 14885 14923 14988 
kim 14880 
kind 14890 14944 
km 14939 
kmg 14938 
knew 14938 
knowing 14982 
koido 14874 
kong 14888 14889 14911 14921 14924 14929 
korea 14869 14880 14882 
korea's 14880 
korean 14869 
koreans 14880 
kuala 14870 14892 14917 
kuroda 14904 
kuwait 14891 
kuwaiti 14891 
la 14926 
labour 14908 14935 14957 
lack 14904 
lafayette 14973 
laid 14904 
lak 14994 
lakes 14973 
lammers 14959 
land-locked 14936 
lapse 14906 
largely 14890 14942 
largest 14888 14900 14926 14938 14959 14980 
late 14882 
latest 14890 14939 14983 
latiolais 14894 
launch 14869 14878 14952 14961 
launched 14869 14917 14952 
launches 14878 
launching 14866 14889 14939 
law 14883 14911 14938 14956 
laws 14938 14952 14957 
lawsuits 14921 
laying 14904 
lb 14928 
ldp 14874 14951 
lead 14866 14868 14871 14874 14884 14889 14896 14897 14898 14900 14901 14902 14911 14920 14927 14984 14992 
leader 14915 
leading 14865 14892 14982 
lean 14873 
leases 14966 
leave 14890 
leaves 14904 
lebanon 14915 
lebegue 14887 
led 14875 14990 
leeway 14931 
left 14881 14891 14912 
legal 14959 
legislation 14881 14883 14912 14982 
legislative 14929 
lehman 14928 
lenders 14984 
lending 14906 
letter 14976 14996 
level 14875 14890 14931 14988 
levels 14916 14928 14940 14987 
leveque 14950 
lfdi.mi 14926 
li 14911 
liberal 14874 14951 
liberalisation 14873 14880 
liberalise 14944 
liberals 14976 
liberty 14916 
licences 14923 14988 
license 14938 
life 14916 14939 
lifeline 14891 
lift 14881 14912 14915 
lifted 14957 
light 14989 
limit 14883 14984 
limited 14941 14956 
limiting 14956 
limits 14931 
line 14868 14901 14906 14939 14947 
liquidity 14869 14880 14938 14964 
lire 14926 
listed 14869 14871 14883 14884 14888 14894 14902 14927 
listing 14897 14938 
listings 14911 
live 14931 
lived 14987 
lives 14921 
lloyds 14890 
loading 14959 
loan 14889 14906 14921 14969 14970 
loans 14869 14880 14906 14984 14999 
local 14869 14891 14909 14916 14917 14997 
locke 14900 
london 14868 14871 14872 14878 14884 14885 14886 14889 14893 14897 14901 14902 14907 14919 14920 14923 14927 14928 14937 14941 14944 14964 14988 
long 14890 14997 
long-term 14984 
longer 14916 14929 14956 
los 14921 14972 
lose 14869 14890 
loses 14873 
loss 14873 14875 14876 14903 14933 14939 14963 14969 14983 14995 
losses 14873 14922 14930 14939 
lost 14873 14933 14950 14953 14956 
louvre 14931 14987 
low 14869 14885 14891 14892 14900 14904 14928 14931 14942 14950 
lower 14869 14873 14874 14882 14953 
loyal 14915 
lp 14948 
lucky 14869 
lumpur 14870 14892 14917 
luxembourg 14871 14884 14897 14902 14927 
lynch 14917 
lyon 14872 
lyonnais 14950 
lzb 14956 
lzbs 14956 
m/a-com 14977 
mac 14977 
machines 14949 
mackay-burdekin 14922 
made 14873 14883 14888 14909 14914 14919 14937 14941 14944 
mafina 14896 14992 
mahn-je 14880 
mai 14977 
mail 14982 
main 14938 14959 
mainichi 14909 
maintain 14921 
maintenance 14959 
major 14874 14880 14882 14889 14891 14894 14913 14916 14921 14924 14931 14942 14987 14993 
majority 14905 14932 14976 14997 
make 14873 14883 14906 14914 14944 14952 14959 14976 
maker 14888 
makers 14909 
making 14900 
makoto 14904 
malaysia 14866 14870 14892 14917 14942 
malaysian 14892 14917 
malnutrition 14936 
manage 14917 14955 14999 
management 14868 14871 14884 14889 14897 14901 14902 14908 14917 14927 14938 
managements 14956 
manager 14866 14868 14871 14884 14896 14897 14898 14901 14902 14920 14927 14992 
managers 14889 14890 14938 14956 
managing 14872 
mandates 14889 
mandating 14889 
manhattan 14873 
manila 14888 14894 14921 
manufacture 14925 
manufactured 14935 14942 
manufacturer 14900 14937 
manufacturers 14982 
manufacturing 14867 14933 14935 15000 
marcos 14921 
margin 14982 
margins 14875 
mark 14874 14903 14931 14949 14956 14987 
marked 14867 14987 
markedly 14916 
market 14866 14869 14872 14878 14879 14880 14890 14891 14892 14893 14895 14904 14911 14917 14919 14928 14935 14942 14944 14961 14964 14987 14993 
marketer 14900 14949 
marketing 14977 
markets 14873 14879 14881 14890 14891 14912 14917 14931 14935 14942 14944 14993 
marks 14874 14925 14931 14956 14987 
marwick 14938 
masahiko 14874 
masayoshi 14874 
masire 14936 
mason 14980 
mass 14929 14977 
mass. 14977 15000 
massive 14890 
materials 14900 
matheson 14899 14911 
matter 14911 14950 
matters 14956 
mature 14929 
matures 14984 
maximum 14923 14988 
mcleod 14927 
mcmoran 14894 
mea 14993 
mead 14965 14993 
meaning 14935 
means 14966 
meant 14976 14982 
meantime 14883 
measured 14891 
measures 14869 14874 14880 14931 14940 14942 14953 14987 
mechanisms 14982 
mediator 14959 
medical 14955 
medium- 14984 
medium-sized 14913 
meet 14874 14878 14892 14931 14952 14982 
meeting 14877 14878 14887 14921 14944 14959 14987 
meetings 14959 14987 
megawatt 14870 
melbourne-based 14888 
member 14878 14905 14942 14976 
members 14877 14878 14944 14959 
membership 14944 
memorandum 14879 
men 14915 
mentioned 14891 
mer 14917 
mercantile 14985 
merchant 14873 14880 14917 14980 
mere 14935 
merge 14925 
merged 14938 
merger 14932 14949 14966 
mergers 14880 
meridian 14980 
merrill 14917 
message 14944 
met 14944 14950 
meta 14926 
metal 14928 
metals 14894 14925 
method 14921 
michael 14881 14904 14912 14944 
michio 14944 
microchip 14904 
microwave 14977 
mid-1986 14891 
middle 14942 14993 
miguel 14888 14921 
mij 14959 
milan 14926 
mildly 14891 
military 14915 14939 
militiamen 14915 
miller 14874 14944 
million 14883 
mills 14909 14922 
mine 14894 
mineral 14882 
miners 14908 
mines 14865 14908 
mineworkers 14908 
minimum 14896 
mining 14865 14908 
minister 14870 14880 14887 14891 14904 14905 14914 14918 14944 14976 14987 
ministers 14976 14987 
ministries 14883 
ministry 14874 14879 14880 14883 14887 14904 14906 14944 14953 
minneapolis 14994 
minority 14921 
misrepresentations 14938 
mission 14914 
mitchell 14938 
miti 14904 
mixed 14942 
mlns 14952 
mnra.s 14900 
models 14975 
moderate 14940 
moers 14925 
moisture 14922 
moisture-stressed 14922 
moment 14881 14909 14912 
monday 14869 
monetary 14911 14931 14987 
money 14873 14874 14890 14906 14917 14919 14931 14964 14982 
money-fx 14890 14913 14919 14931 14964 14987 
moni.mi 14926 
monica 14960 
monier 14900 
monitors 14883 
montagne 14875 14876 
montedison 14926 
month 14888 14889 14890 14906 14917 14937 14941 14974 14975 14982 
monthly 14908 14935 14956 
months 14867 14869 14874 14890 14910 14924 14933 14938 14959 14987 
morgan 14917 
morning 14919 
mortgage 14927 14999 
moscow 14914 
moslem 14915 
motives 14921 
motor 14903 
mountain 14933 14981 
mounted 14939 14944 
mounting 14874 
mounts 14939 
movement 14869 14957 
movements 14883 14952 
moves 14881 14912 14938 14987 
ms 14917 
mths 14960 14971 14981 
mtrc 14929 
mtu 14878 
much-needed 14891 
muelheim 14925 
multi-modality 14955 
n't 14890 
n.c. 14970 
n.j. 14955 
n.y. 14934 14968 14977 
named 14909 14921 14938 14944 14951 14977 
names 14908 
naphtha 14891 
nation 14869 
national 14869 14890 14905 14908 14927 14931 14982 
nationally 14972 
nations 14935 14942 
natural 14894 
naturgas 14884 
needed 14874 14880 14922 14953 
negative 14867 14869 14931 
negotiations 14908 14949 14984 
negros 14894 
neighbourhood 14921 
neighbouring 14935 
neighbours 14935 14942 
nendick 14911 
neptunia 14888 14921 
net 14873 14875 14876 14900 14921 14926 14930 14954 14960 14962 14963 14968 14969 14970 14971 14975 14981 14983 14984 14985 14995 14998 15000 
netherlands 14883 14930 14959 
network 14997 
newcastle 14957 
newly 14869 14935 
newport 14955 
news 14880 14895 14939 
newsletter 14892 
newspaper 14893 14904 14909 14932 14944 
nicholas 14924 
nickel 14928 
night 14872 14952 
nil 14876 14981 
nippon 14874 14909 
nitrogen 14894 
nl 14865 
nmr 14955 
nmrc 14955 
nominal 14891 
nominee 14921 
nomura 14897 
non-accrual 14984 
non-callable 14871 14884 14902 14927 
non-negotiable 14944 
non-oil 14942 
non-refundable 14999 
non-resident 14953 
non-socialist 14928 
non-traditional 14942 
noranda 14990 
norcross 14979 
north 14886 14922 14948 14972 
north-star-uranium-i 14972 
northern 14891 
norway 14873 14906 
norway's 14873 
norwegian 14873 14906 
nosedive 14891 
note 14896 14969 14970 14983 14998 15000 
noted 14872 14878 14931 14941 14987 
notes 14866 14898 14997 
notice 14900 14908 
notification 14908 
notify 14908 
notifying 14982 
noting 14987 
november 14892 14933 14955 
nstc.t 14909 
nsw 14952 14957 
number 14867 14937 14939 14941 
numbers 14880 
nv 14930 14941 
nza 14890 
objection 14921 
objections 14877 
objective 14874 14914 
obligations 14929 
obstacle 14931 
obtaining 14869 
obvious 14881 14912 
ocean 14955 
october 14903 14969 
oecd 14940 
oeprating 14966 
offence 14883 
offensive 14939 
offer 14869 14900 14932 14937 14982 
offered 14878 14888 14889 14908 14950 
offering 14893 14937 14999 
offers 14982 
office 14938 14956 14976 14980 
officer 14938 14975 14977 14980 14993 
offices 14924 
official 14881 14890 14891 14904 14909 14911 14912 14940 14950 14951 14956 
officially 14874 14891 
officials 14874 14879 14894 14904 14906 14907 14909 14931 14944 14952 14953 14956 
offset 14906 14928 14931 
offshore 14890 
ohio 14962 14967 14993 
oil 14873 14891 14892 14894 14931 14942 14972 14980 
oil-reliant 14891 
oilseed 14892 
olive 14972 
omni 14977 
one-half 14891 
one-quarter 14891 
one-sentence 14907 
one-third 14891 14893 14931 
ontario 14995 
opec 14891 
open 14880 14881 14912 14924 14935 14950 14956 14982 
opened 14913 
opening 14880 14913 14944 
oper 14965 14983 
operate 14873 
operating 14873 14933 14977 14980 14993 
operation 14977 
operational 14939 14955 
operations 14872 14891 14895 14908 14977 14993 
operators 14885 
opinion 14938 
opportunities 14872 
opportunity 14911 
optimism 14891 
optimistic 14894 
option 14868 14901 14908 
options 14924 14966 
order 14888 14908 14941 14956 14967 
ordered 14956 
ordering 14914 
orders 14867 
ordinaries 14890 
ordinary 14876 14893 14911 
organisation 14940 
orien 14948 
oriental 14894 
oriented 14869 
originally 14870 14878 
orleans-based 14894 
oslo 14873 14906 
otto 14931 14987 
ounces 14865 
outcome 14885 14923 
outflow 14890 
outlined 14950 
outlines 14982 
outlook 14916 14922 14993 
outlooks 14942 
output 14891 14892 14909 14910 14928 14953 
outright 14919 
outstanding 14881 14891 14912 14921 14949 14997 
over-heated 14880 
overcome 14944 
overdue 14984 
overnight 14906 14956 
overran 14939 
overseas 14874 14935 14937 
overshoot 14931 
overstressed 14892 
owed 14891 
owned 14888 14921 14929 14949 
owners 14921 
ownership 14921 
owns 14865 14949 
oxide 14894 
pa. 14969 14997 
pace 14880 14891 
pacific 14942 14966 
package 14874 14951 
pact 14904 
padaeng 14882 
paid 14903 14908 14930 14990 
paid-in 14869 
palestinian 14915 
pall 14934 
palm 14892 
palm-oil 14892 
palms 14892 
palo 14947 
pamplona 14894 
panel 14888 14921 
paper 14909 14993 
paperboard 14993 
par 14868 14897 14901 14920 
paragon 14948 
parent 14896 14903 14926 
paris 14905 14910 14923 14940 14987 14988 
paris' 14996 
parity 14987 
park 14869 14890 
parked 14956 
parking 14956 
parliament 14883 14931 
parliamentary 14905 14952 
part 14904 14921 14931 14957 14978 14999 
participants 14895 14948 
participation 14924 
parties 14943 14949 
partly 14880 14889 14922 
partner 14894 14905 
partners 14877 14931 14933 14938 14948 14976 14987 
parts 14953 14966 
party 14874 14905 14950 14951 14976 
paso 14983 
pass 14982 
passengers 14961 
past 14874 14880 14890 14906 14922 14942 
pathfinder 14878 14937 
paul 14937 
pause 14869 
pay 14865 14868 14901 14903 14908 14911 14927 14934 14957 14998 
paying 14868 14871 14884 14896 14897 14898 14901 14902 14956 14993 
payment 14866 14871 14884 14896 14897 14898 14902 14921 
payments 14933 14942 14952 14984 
pays 14871 14884 14897 14902 
pcgg 14888 
peak 14900 
peaks 14892 
peanuts 14951 
peat 14938 
peking 14950 
penalties 14938 
penalty 14906 
pending 14883 
penetrated 14944 
pension 14872 
pensioners 14937 
percentage 14872 14889 14890 14982 
performance 14869 14873 14942 
performances 14869 
performing 14938 
period 14889 14890 14896 14898 14975 14979 14982 
periods 14956 
permanent 14890 
permit 14881 14912 
personal 14975 
personally 14921 
personnel 14939 
persuade 14881 14912 
persuading 14904 14912 
perth 14907 
peso 14921 
pesos 14888 14921 
petb.br 14896 
peter 14890 
petition 14921 
petitioning 14921 
petrodollar 14891 
petrofina 14896 
petrovsky 14914 
phase 14946 
philadelphia 14924 14978 
philippine 14921 14942 
philippines 14882 14888 14894 14921 14942 
phosphate 14894 
photografting 14946 
pickens 14982 
piecemeal 14891 
piers 14929 
pills 14982 
pittsburgh 14954 
place 14874 14900 
placing 14923 
plaguing 14942 
plan 14889 14893 14908 14909 
planned 14870 14873 14931 14978 14982 
planning 14880 14888 14894 14909 14953 14977 
plans 14887 14893 14903 14909 14921 14941 14952 14966 14972 14994 
plant 14864 14875 14876 14973 
planted 14892 
planters 14921 
planting 14892 
plantings 14892 
plants 14889 14909 14925 
played 14890 14942 
players 14924 
plc 14872 14878 14893 14900 14907 14937 14941 
pledges 14987 
pll 14934 
plunge 14873 
plunged 14869 
poehl 14931 14987 
point 14889 14890 
pointed 14890 
poison 14914 14982 
policies 14874 14905 14950 
policy 14874 14890 14931 
political 14874 14881 14912 14916 14931 14950 14976 
politically 14950 
polled 14890 
polyolefin 14946 
pont 14980 
population 14880 14936 
populous 14952 
port 14915 14957 14959 
portable 14975 
portion 14921 
portrayed 14891 
ports 14957 
portugal 14877 
position 14874 14890 14959 14993 
positions 14956 
positive 14869 14942 
possibility 14878 
possibly 14891 14923 
post 14870 14944 14977 
post-1949 14950 
post-dated 14891 
postive 14944 
postone 14870 
postponement 14878 
potential 14895 14950 14984 
pound 14878 
pouring 14890 
power 14870 14904 14953 14977 
powers 14944 
pratt 14878 
pre-conditions 14916 
pre-notification 14982 
pre-notificaton 14982 
precious 14894 
predict 14874 14885 14923 
predicted 14916 14982 
preferential 14937 
preferred 14869 14996 
preliminary 14878 14978 
premature 14878 
premier 14952 
premium 14908 14920 
premiums 14926 
prepared 14877 14915 14951 
preparing 14987 
presence 14915 
presented 14883 
preside 14959 
president 14894 14906 14914 14921 14924 14931 14936 14944 14950 14975 14976 14977 14987 
president-components 14977 
president-corporate 14977 
president-systems 14977 
presidential 14888 14921 
press 14881 14895 14912 14944 14956 
pressed 14880 
pressure 14874 14892 14906 14913 
pressures 14869 14942 
pretax 14872 14969 
prevent 14891 14892 14921 14936 14982 
prevented 14957 
preventing 14883 
previous 14874 14892 14900 14906 14918 14926 14936 14974 
previously 14872 14907 14911 14922 14946 
previously-announced 14932 
price 14865 14873 14875 14883 14888 14920 14921 14932 14937 14942 14953 
priced 14866 14868 14871 14884 14897 14901 14902 14920 14927 
prices 14873 14890 14891 14892 14909 14928 14931 14942 14953 14993 
primary 14873 14935 14998 
prime 14880 14905 14976 
principle 14997 
principles 14911 
prior 14934 
priority 14880 
private 14874 14937 14982 
privately 14874 
privately-owned 14980 
problem 14891 14942 14987 
problems 14881 14912 14916 14938 14944 14953 
procedural 14959 
procedures 14959 
proceed 14961 
proceeds 14999 
process 14911 14914 
processed 14891 
processing 14894 
produce 14925 14935 14973 
produced 14942 
producer 14894 14949 
producers 14922 14928 
produces 14949 
producing 14865 
product 14869 14891 14931 
production 14891 14909 14910 14928 14933 14953 
productive 14890 14891 
products 14891 14904 14925 14933 14941 14942 14949 14951 14975 14993 14994 
profit 14872 14873 14875 14876 14903 14921 14926 14930 14963 14983 14985 14995 
profit-taking 14869 
profits 14872 14873 14883 14926 14949 
program 14875 14891 14909 14936 14961 14989 14999 
programme 14878 
programs 14993 
progressed 14900 
project 14865 14870 14878 14894 14973 
projected 14988 
projects 14889 
prominent 14938 
promised 14890 14987 
promote 14879 14935 
prone 14869 
proper 14938 
properly 14938 14982 
property 14890 14893 14942 
proposal 14911 14944 14951 
proposals 14904 14908 14959 
propose 14883 
proposed 14876 14878 14883 14894 14921 14951 14952 14959 
proposing 14982 
proprietary 14994 
prosecutors 14956 
prospect 14908 
prospective 14921 
prospects 14895 14931 14942 
prospectus 14878 14937 14941 
prosperity 14935 
protect 14879 
protection 14938 
protectionist 14881 14912 14942 
protest 14952 14957 14959 
protesting 14885 
proved 14956 
provide 14929 14936 14982 
provided 14874 14919 14964 14997 
providing 14955 
province 14871 14894 14902 14959 
provisions 14875 14876 14969 14982 
proxmire 14982 
prudence 14878 
pty 14865 
public 14874 14878 14893 14937 14938 14942 14956 14969 14970 14982 
publicans 14893 
pubs 14893 
pull 14891 
pulp 14951 14993 
punished 14956 
purchase 14886 14921 14945 14966 14978 14997 14999 
purchased 14921 
purchases 14919 
purchasing 14982 
purees 14951 
purpose 14949 
pursuing 14875 
pushed 14872 
put 14868 14890 14891 14901 
puts 14984 
putting 14913 14922 14982 
qtly 14934 
qtr 14933 14954 14958 14960 14962 14963 14965 14968 14969 14970 14971 14981 14983 14985 14994 14995 14998 15000 
qtrly 14998 
quality 14890 
quarter 14867 14882 14916 14928 14933 14942 14967 14975 14984 14993 14994 
quarterly 14906 14928 14934 
quarters 14933 
quebec 14871 14902 
queen 14959 
queensland 14922 
question 14881 14912 
questionable 14921 
quett 14936 
quick 14952 
quickly 14874 14933 
quota 14891 
quoted 14888 14894 14895 14909 14911 14921 
qvc 14997 
qvcn 14997 
racket 14941 
radio 14936 
rail 14952 
railway 14929 
rain 14922 
rainfall 14922 
rains 14922 
raise 14893 14917 14953 14982 
raised 14877 14889 14893 14917 14930 14948 14953 
raises 14908 14953 
ralph 14980 
ramon 14888 14921 
rand 14916 
range 14890 14938 14966 
rank 14891 
rapid 14869 14890 14931 
rashid 14891 
rate 14869 14880 14889 14890 14906 14918 14920 14928 14931 14990 
rates 14874 14890 14895 14906 14916 14931 14942 14967 14984 14987 
ratification 14952 
ratified 14891 14921 
ratio 14921 
rationalisation 14909 
rationalise 14891 
ravaging 14936 
ray 14911 
rb211 14878 
rbd 14962 14967 
rdld.l 14872 14900 
reach 14892 14921 
reached 14921 14961 14978 
reaching 14984 
reaction 14892 
reactivate 14891 
ready 14877 14878 
reagan 14914 
real 14869 14890 14891 14920 14940 14942 
realignment 14942 
realty 14868 14901 
reason 14891 
reasonable 14890 14909 14944 
reasons 14874 14891 
rebate 14885 14923 14986 14988 
rebates 14885 14988 
rebound 14869 14891 
receipt 14932 
receivables 14994 
receive 14941 14956 14997 
received 14890 14891 14947 14948 14984 14988 
recent 14867 14890 14891 14906 14940 14941 14952 14977 14982 
recently 14900 14909 14952 14966 14970 14975 
reception 14883 
recession-hit 14891 
recieve 14982 
recommend 14869 
recommendations 14891 
recommended 14900 
reconsider 14959 
record 14869 14890 14922 14934 14950 14998 
recorded 14880 
recording 14967 
recover 14869 14942 
recovered 14928 
recovery 14869 14890 14891 14916 
redemption 14866 14999 
redemptions 14895 
redirect 14890 
redland 14872 14900 
reduce 14881 14912 14928 14952 14982 
reduced 14942 14953 14984 
reducing 14987 
reduction 14892 
reductions 14928 
redundancies 14959 
redundancy 14959 
referral 14911 
referred 14867 
refined 14891 
refining 14875 14891 
reflect 14890 14972 
reflected 14890 
reform 14874 14880 14911 
reforming 14874 
refugee 14915 
refused 14908 
refute 14904 
regent 14890 
region 14922 14935 
regional 14956 
registering 14906 14942 
registration 14906 14999 
regret 14911 14914 
regular 14891 
regulates 14956 
regulation 14869 
regulations 14956 14984 
regulators 14938 14956 
reinertsen 14906 
reiterated 14987 
related 14921 14994 
relations 14904 14914 14935 
relationship 14874 
relied 14931 14938 
relief 14936 
relieved 14922 
rely 14936 
remain 14890 14891 14916 
remainder 14889 
remaining 14889 14917 14967 
remains 14937 14997 
remarkable 14931 
removal 14956 
remove 14881 14912 
removed 14880 
rene 14894 
rent 14960 
reorganise 14880 
reorganization 14977 
reorganize 14994 
repaid 14883 
repay 14869 14999 
repayment 14883 
repeatedly 14891 
replace 14911 14929 
replaces 14911 
replacing 14899 
replied 14881 14912 14944 
report 14867 14892 14895 14900 14906 14916 14921 14926 14928 14933 14935 14940 14942 
reported 14865 14872 14875 14900 14921 14922 14926 14931 14949 14967 14975 14993 
reporters 14870 14895 14914 14924 14944 14950 
reporting 14906 14922 
reports 14876 14909 14944 14956 
represent 14921 
representative 14904 
representatives 14877 
represented 14921 
represents 14920 14921 14940 
reprisals 14944 
republicans 14976 
republicbankcorp 14948 
repulsed 14939 
repurchase 14921 
repurchasing 14956 
request 14908 14909 14944 
requests 14874 
require 14906 14982 14984 
required 14874 14878 
requirement 14982 
requirements 14873 14879 14906 14982 
requirments 14982 
rescheduling 14891 14916 
rescinding 14883 
research 14933 14946 14954 
reserve 14873 14890 14906 14982 14994 
reserves 14891 14956 14994 
resign 14976 
resignation 14950 14976 
resolve 14921 
resolved 14921 
resort 14942 
resource 14894 
resourcefulness 14944 
resources 14865 14882 14999 
response 14874 14890 14906 14944 14961 
responsibility 14977 
rest 14869 14984 
restart 14959 
restitution 14885 
restore 14874 14922 
restricted 14942 
restructuring 14869 14873 14875 14880 14942 
rests 14942 
result 14881 14885 14891 14912 14938 14949 14956 14984 
resulted 14935 14942 
resulting 14891 
results 14872 14930 14933 
resume 14869 14984 
resumption 14942 14984 
retail 14916 
retain 14893 
retained 14921 
retaliation 14944 
retired 14980 
returned 14937 
returning 14928 
rev 14963 
revenue 14921 14953 
revenues 14891 14955 
reversal 14867 
reverse 14890 
reversed 14942 
review 14874 14914 14916 
revised 14919 
revival 14942 
revocation 14938 
revolving 14997 
revs 14954 14960 14971 14981 14985 14995 14998 
rich 14874 14944 
richard 14977 
ride 14891 
rightful 14921 
rights 14891 14911 14932 14994 
ringgit 14892 
rise 14867 14869 14872 14910 14916 14926 14928 
risen 14890 14895 14952 
rising 14889 14916 14931 
risk 14895 14940 
risks 14878 
risky 14931 
river 14955 
road 14893 
robert 14894 14907 
roberts 14993 
rod 14975 
role 14890 14942 14944 
rolling 14909 
rollover 14984 
rolls 14878 14937 
rolls-royce 14878 
rome 14976 
ronald 14911 
roof 14900 
rory 14891 
rosario 14921 
rose 14872 14890 14900 14930 
rotterdam 14959 
roughly 14953 
round 14948 
route 14931 
routine 14956 
routinely 14956 
royce 14937 
rpr 14905 
rpt 14948 
rubbermaid 14958 14962 14967 
rule 14906 14956 
rules 14879 14883 14906 14956 
ruling 14874 14905 14951 14959 
rumoured 14869 
run 14894 14966 
running 14933 
runs 14922 
rural 14936 
rust 14948 
sa 14875 14876 14896 14996 
saarlouis 14864 
sachs 14941 
safegaurd 14997 
safeguard 14997 
sagging 14874 
sait 14949 
saitama 14898 
salaam 14953 
sale 14874 14888 14890 14893 14921 14937 14941 14969 
sales 14875 14876 14894 14904 14909 14916 14921 14941 14949 14962 14967 14975 14977 14983 14988 14993 15000 
salomon 14868 14901 
san 14888 14921 14938 
sanctioned 14921 
sanctions 14881 14904 14912 
sanm.mn 14888 14921 
santa 14960 14971 
sapped 14891 
sarawak 14870 
satisfactory 14942 
satisfied 14944 
saturday 14886 
saturday's 14869 
save 14952 
savings 14880 14961 14968 14969 14970 
scaleup 14933 
scandal 14914 14956 
scandals 14982 
scanners 14947 
scattered 14922 
scheduled 14914 14921 14952 14955 
scheme 14891 14893 
scientifics 14997 
scottish 14893 
scrutiny 14895 
season 14922 14988 
seat 14961 14991 
seattle 14961 
sec 14921 14982 
second-hand 14873 
secretary 14881 14888 14911 14912 14914 14929 14937 
sections 14936 
sector 14867 14880 14890 14891 14937 14952 14959 
sectors 14891 14942 
secure 14914 14937 
securing 14879 
securities 14869 14873 14879 14907 14911 14921 14969 14982 14991 14999 
security 14881 14912 14914 14915 
seek 14904 14994 
seeking 14872 14909 14938 14941 
seeks 14941 14994 
sees 14908 14924 14928 14933 14950 14967 14987 
seized 14939 
sejerstad 14873 
selected 14961 14978 
self-imposed 14921 
sell 14869 14891 14892 14893 14909 14921 14978 14987 14990 14996 
selling 14868 14871 14884 14891 14897 14901 14902 14921 14927 14956 
sells 14892 14996 
semiconductor 14977 
senate 14982 
senior 14874 14894 14944 14976 14977 
sense 14904 
sentiment 14891 
seoul 14869 14880 
separate 14944 14957 
september 14891 14898 14941 
sequestered 14888 14921 
series 14891 14988 
service 14961 14978 
services 14867 14875 14876 14926 14955 14978 
session 14869 14887 14918 14919 14924 
set 14889 14898 14906 14920 14921 14992 
sets 14866 14883 14899 14934 14946 
setting 14890 
settle 14881 14912 
settled 14890 
settlement 14891 14921 14952 
settlements 14915 
severe 14922 14938 14939 14942 
sex-and-spy 14914 
sfe 14997 
sfr 14896 14898 14992 
shanghai 14889 
shape 14891 
share 14869 14883 14888 14890 14891 14896 14911 14920 14921 14932 14937 14949 14975 14979 14990 14993 14999 
shared 14931 
shareholder 14930 14980 
shareholders 14880 14891 14900 14911 14956 14982 14998 
shares 14869 14872 14874 14876 14883 14888 14893 14899 14900 14907 14911 14917 14921 14925 14932 14937 14949 14990 
sharp 14869 14875 14942 14952 14987 
sharply 14872 14892 14909 
shearson 14928 
sheet 14937 14956 
sheikh 14891 
shelve 14870 
shelves 14870 
shi'ite 14915 
shield 14890 
shift 14874 
shillings 14953 
shimbun 14904 14909 
shintaro 14951 
ship 14957 14959 
shipments 14928 
shipping 14952 14957 
ships 14957 
short 14956 
short-term 14890 14895 14916 14999 
shortage 14870 14919 14953 14964 
shortfall 14891 
shortly 14913 14982 
show 14873 14942 14950 
showed 14867 14872 
shown 14940 
shows 14942 
shr 14954 14958 14960 14962 14963 14965 14968 14969 14970 14971 14981 14983 14985 14995 14998 15000 
shrank 14891 
shrs 14960 14968 14983 15000 
shultz 14914 
side 14887 14931 14987 
sides 14888 14952 14956 14959 
sidon 14915 
siege 14915 
sign 14869 
signal 14946 
signed 14879 14889 14996 
significance 14891 
significant 14933 
significantly 14874 14926 14928 14993 
signs 14874 14891 14956 
similar 14879 14895 
simon 14911 
simultaneously 14874 
sin-bom 14869 
singapore 14870 14882 14942 
single 14926 
sir 14937 
situation 14874 14881 14904 14912 14918 
six-mln-dlr 14997 
six-page 14938 
sixth 14936 
size 14880 14950 14956 
slackens 14891 
slight 14987 
slightest 14869 
slightly 14928 
slim 14905 
sloshing 14890 
slow 14892 14903 14940 
slowing 14891 
slump 14869 14873 
small 14869 14874 14880 14889 14913 
smaller 14885 14941 
smc 14921 
smc's 14921 
smith 14904 
so-called 14931 
social 14942 14976 
socialist 14928 
socialists 14905 14976 
soest 14925 
soft 14880 14953 
sold 14865 14913 14972 14986 
sold-out 14993 
sole 14882 14930 
solution 14942 
soriano 14921 
sought 14890 14905 14906 
sound 14937 
sources 14891 14893 14895 14909 14915 14921 14952 14957 14976 
south 14869 14880 14882 14892 14915 14916 14936 14952 14957 
south-africa 14908 14916 
south-korea 14869 14880 14882 
southeast 14915 14942 
southern 14915 14922 14939 
soviet 14914 14928 
soviet-u.s 14914 
soy-oil 14892 
soybean 14892 
spa 14878 14926 
space 14944 
spain 14877 14988 
spare 14953 14966 
speaking 14936 14982 
special 14937 14949 14956 
specialist 14889 
specialty 14973 
specific 14908 
speculation 14893 14956 
speculative 14891 14895 14913 
speech 14931 
speed 14950 
spell 14922 
spelled 14891 
spending 14874 14891 14933 
spie 14996 
spiral 14942 
split 14921 
spokesman 14874 14877 14878 14882 14883 14888 14895 14903 14909 14921 14922 14941 14956 14959 
spokeswoman 14925 14938 
sponsor 14980 
sponsored 14917 
sports 14938 
spotlight 14890 14891 
spotted 14956 
spread 14952 
spree 14891 
spring 14873 14878 14982 
squeeze 14875 
stabilise 14904 
stabilising 14916 
stability 14890 14950 
stabilize 14931 
stabilizing 14987 
stable 14890 14950 
stage 14911 
stagnated 14867 
stagnating 14867 
stake 14907 14926 
stakes 14893 
stamford 14949 14980 
stance 14874 14877 
stand 14869 14877 14988 
standard 14907 
standards 14938 
standing 14911 
stanley 14917 
star 14972 
start 14874 14889 14894 14972 
started 14870 14891 14932 14949 14955 
starting 14949 
starts 14924 14932 14955 
state 14869 14881 14883 14891 14909 14912 14914 14930 14936 14937 14938 14952 14955 14956 14957 
state-owned 14878 14930 
statement 14865 14872 14875 14883 14890 14894 14907 14911 14914 14917 14921 14926 14953 14999 
statements 14914 
states 14869 14874 14877 14890 14917 14921 14931 14935 14952 14987 
statistics 14956 14974 
status 14984 
statutes 14879 
stauffer 14941 
stay-away 14908 
stch.l 14907 
steadier 14873 
steadily 14942 
steady 14891 14974 
steel 14909 
steelmaking 14909 
steeply 14952 
stemmed 14942 
step 14874 14940 
stepped 14915 
steps 14881 14891 14912 14928 14931 14940 14953 
sterling 14928 
stg 14872 14893 14919 14937 14964 
stick 14874 
stimulating 14874 14987 
stimulation 14931 14987 
stock 14869 14880 14883 14888 14890 14891 14892 14893 14900 14911 14917 14921 14924 14932 14944 14982 14996 14999 
stockholders 14921 
stockholders' 14921 
stockholm 14974 
stocks 14869 14882 14892 
stoltenberg 14987 
stood 14869 14974 
stop 14873 14874 14984 
stoppage 14908 
strategic 14891 14977 
strategy 14893 14978 
street 14890 
strength 14869 
strengthen 14987 
strengthening 14987 
strict 14883 
stricter 14906 
strike 14959 
strikes 14952 14959 
strong 14869 14967 14975 14993 
stronger 14890 14993 
structural 14916 
structured 14980 
stuart 14893 
stubborn 14890 
studies 14880 
study 14942 14961 
studying 14880 
sub-soil 14922 
subject 14893 14956 14978 14990 
submit 14874 14921 
subordinated 14990 
subsidiaries 14873 14924 
subsidiary 14873 14888 14893 14896 14917 14921 14980 14996 
subsidy 14988 
substantial 14885 14890 14923 14931 
subsystems 14977 
successful 14946 
successfully 14890 
sudden 14880 
suffering 14936 
sugar 14885 14886 14922 14923 14986 14988 
suggest 14883 
suisse 14896 14898 14992 
suit 14921 
suits 14982 
sulphur 14894 
sumitomo 14874 14920 
summer 14891 14922 
sums 14891 
sunday 14891 
superfan 14878 14961 
supervisory 14879 14956 
supplementary 14874 14936 
supplies 14936 
supply 14931 14947 
supply-demand 14904 
support 14905 14987 
supported 14913 
surface 14894 
surplus 14869 14880 14891 14951 
surpluses 14931 14935 
susbidiaries 14873 
suspend 14909 
suspended 14984 
suspending 14883 
suspension 14984 
suspicion 14921 14956 
sustained 14931 14942 
susumu 14874 
sweden 14974 
swedish 14974 
swiss 14866 14898 14992 
switch 14878 
switzerland 14866 14896 14898 14992 
sydney 14865 14890 14900 14922 14952 14957 
syndication 14889 
syria 14915 
system 14891 14919 
systems 14948 14977 
taiwan 14882 
takeover 14941 14982 
takeovers 14982 
takes 14881 14904 14912 
taketomi 14874 
takeuchi 14944 
taking 14874 14890 14891 14900 14904 14908 
talks 14887 14888 14900 14904 14908 14943 14949 14952 
tanks 14939 
tanzania 14953 
tanzanian 14953 
tapped 14866 
target 14874 14892 14953 
targeted 14892 
targeting 14890 
tariffs 14881 14904 14912 14951 
tax 14931 14953 14983 14987 
tcjc 15000 
team 14881 14904 14912 
technical 14938 
technologies 14878 14994 
technology 14894 14935 14961 14977 
telcom 14981 
telecommunications 14944 
telecoms 14870 
telegraph 14874 
telephone 14874 14938 14944 14949 14953 
telex 14953 
telling 14895 14921 
temporarily 14869 
tender 14885 14886 14923 14932 14982 14988 
tendering 14949 
tennis 14941 
tensions 14944 
term 14890 14916 14929 14984 
terms 14868 14880 14888 14891 14897 14898 14901 14916 14928 14931 14940 14978 
territory 14939 
test 14865 14866 14867 14868 14869 14870 14871 14872 14873 14874 14875 14876 14877 14878 14879 14880 14881 14882 14883 14884 14885 14886 14887 14888 14889 14890 14891 14892 14893 14894 14895 14896 14897 14898 14899 14900 14901 14902 14903 14904 14905 14906 14907 14908 14909 14910 14911 14912 14913 14914 14915 14916 14917 14918 14919 14920 14921 14922 14923 14924 14925 14926 14927 14928 14929 14930 14931 14932 14933 14934 14935 14936 14937 14938 14939 14940 14941 14942 14943 14944 14945 14946 14947 14948 14949 14950 14951 14952 14953 14954 14955 14956 14957 14958 14959 14960 14961 14962 14963 14964 14965 14966 14967 14968 14969 14970 14971 14972 14973 14974 14975 14976 14977 14978 14979 14980 14981 14982 14983 14984 14985 14986 14987 14988 14989 14990 14991 14992 14993 14994 14995 14996 14997 14998 14999 15000 
texas 14983 
texas-based 14980 
thai 14882 14942 
thailand 14882 14942 
thanked 14936 
theatre 14939 
then-current 14987 
things 14938 
thomas 14977 
threatened 14881 14912 
threatens 14891 
three-man 14904 
three-month 14961 
three-year 14916 14947 
threshold 14982 
thrust 14878 
thrusts 14939 
thyh.f 14925 
thyssen 14925 
tight 14874 
tighten 14906 
tightness 14928 
tile 14900 
time 14866 14869 14878 14891 14904 14914 14924 14931 14982 14987 
time-frame 14883 
timetable 14944 
timing 14878 14933 
tin 14877 
today 14877 14878 14881 14885 14890 14900 14904 14911 14912 14914 14920 14923 14939 14944 14952 14957 14964 14967 14987 14988 
today's 14988 
toiletry 14941 
tokyo 14871 14874 14879 14881 14887 14889 14895 14902 14903 14904 14909 14912 14913 14924 14935 14944 14951 
told 14870 14873 14880 14888 14892 14904 14906 14907 14909 14914 14921 14924 14929 14938 14944 14950 14987 
tolerated 14931 
tolerating 14931 
tomato 14951 
tombs 14937 
tomography 14947 
tomorrow 14904 14959 
toms 14955 
tonnage 14885 14923 14988 
tonne 14892 
tonnes 14882 14885 14886 14892 14909 14923 14928 14986 14988 
top 14880 14881 14912 14950 
toronto 14985 14990 14991 
torrance 14963 
tose 14991 
toshiba 14947 
total 14892 14905 14910 14911 14928 14929 14942 14948 14950 14956 14964 14973 14988 
totaled 14926 
totaling 14994 
totalled 14909 14910 
totalling 14964 
tough 14890 
tourism 14890 
town 15000 
towns 14925 
toyoo 14887 
trade 14869 14881 14885 14886 14904 14912 14924 14931 14935 14937 14944 14951 14952 
trade-oriented 14942 
trade-weighted 14890 14987 
traded 14924 
traders 14885 14886 14923 14972 14988 
trades 14957 
trading 14869 14873 14883 14891 14895 14900 14913 14924 14937 14944 14982 14987 
traditional 14890 
traditionally 14869 
training 14966 
transaction 14921 14949 14978 
transactions 14938 
transfer 14906 14935 
transport 14929 
treasury 14868 14873 14887 14901 14964 
treatment 14982 
trees 14892 
trend 14867 14872 14890 
triggered 14997 
trillion 14869 
trillions 14890 
trip 14961 
trond 14906 
troops 14939 
troy 14983 
trucks 14989 
trust 14868 14869 14893 14901 14921 14984 
tse 14944 
tubes 14947 
tuesday 14869 
tug 14957 
turned 14880 14881 14912 
turning 14874 14890 
turnover 14869 14925 14930 
two-for-five 14899 14911 
two-tiered 14982 
two-year 14942 
type 14890 
type= 14899 14943 14945 14958 14965 14986 14989 14991 
typical 14961 
u.k 14877 14893 14919 14937 14944 14964 14988 
u.k. 14872 14879 14937 
u.n 14942 
u.n. 14942 
u.s 14890 14892 14904 14917 14931 14944 14950 14951 
u.s. 14868 14875 14879 14881 14889 14890 14900 14901 14904 14912 14913 14914 14916 14931 14941 14951 14984 14996 
u.s.-based 14873 
u.s.. 14921 
ucpb 14921 
ucpb's 14921 
udf 14905 14961 
uk 14868 14871 14872 14877 14878 14879 14884 14885 14890 14893 14897 14900 14901 14902 14919 14920 14927 14928 14937 14941 14944 14964 14986 14988 
un.as 14941 
unable 14944 
unaudited 14921 
unavailable 14944 
unbleached 14993 
unchanged 14875 14892 14987 
unclear 14895 
uncollectible 14994 
underdeveloped 14880 
underestimated 14931 14987 
undergoing 14922 
underlying 14872 14931 
undersea 14870 
understand 14944 
undertook 14877 
undervalued 14890 
underwriters 14917 
underwriting 14868 14871 14884 14897 14901 14902 14927 
undeveloped 14865 
unducted 14961 
unemployment 14916 14974 
unfair 14883 
unfavourable 14875 14942 
unilever 14941 
union 14908 14914 14952 14959 
unions 14952 14959 
unit 14865 14873 14890 14925 14926 14946 14961 14999 
united 14869 14874 14878 14890 14917 14921 14931 14935 14942 14987 
units 14885 14978 14988 14999 
unlisted 14917 
unnamed 14921 
unnoticed 14987 
unobtainable 14890 
unsaturated 14942 
unspecified 14889 14937 
unsuccessful 14893 
unsworth 14952 
unveiled 14874 
upgrade 14878 
upgrading 14880 
upper 14931 
upset 14916 
upward 14869 14990 
uranium 14894 14972 
urged 14935 
urges 14940 14951 
ussr 14914 
utilities 14942 
utmost 14944 
utx.n 14878 
v2500 14878 
vaccine 14994 
var 14947 
varian 14947 
variant 14893 
veg-oil 14892 
vehicles 14890 
venture 14891 14894 14948 
ventures 14948 
versions 14878 
versus 14993 
vertical 14935 
vessels 14957 
vice 14887 14904 14977 
vice-chairman 14980 
vice-president 14894 
vicious 14931 
victoria 14957 
vieille 14875 14876 
view 14885 14933 14981 14988 
villages 14915 
violate 14921 
violated 14904 14982 
violating 14921 
virtual 14922 
virtually 14928 
visit 14914 14950 
visits 14951 
vista 14948 
vital 14891 
viviez 14876 
vladimir 14914 
vmnb.br 14875 14876 
volatile 14890 
volatility 14890 
volkswagen 14956 
volume 14869 14906 
voorburg 14896 
vote 14905 14911 
voted 14905 
votes 14905 
voting 14905 14911 14932 
vowg.f 14956 
vulnerability 14880 
vulnerable 14869 14880 14936 
vw 14956 
waf 14963 
wage 14942 
wait 14880 
wake 14956 
wales 14952 14957 
wall 14890 
wanted 14908 
war 14891 14939 
warburg 14907 
warned 14944 
warns 14931 
warrannts 14896 
warrant 14896 14897 14920 14979 14999 
warrants 14896 14979 14992 14999 
washington 14881 14904 14912 14914 14931 14951 14982 14987 
watch 14890 
water 14936 14953 
watered 14891 
ways 14987 
weak 14890 14916 
weaker 14931 
weakness 14987 
week 14869 14878 14885 14890 14914 14921 14923 14938 14957 14988 
week's 14904 
week-long 14952 
weekly 14923 
weeks 14890 14921 14941 14988 
weight 14890 
weir 14927 
welcomed 14931 
well-known 14941 
wells 14977 
west 14867 14878 14925 14931 14939 14940 14956 14972 14973 14977 14987 14988 
west-germany 14867 14925 14931 14940 14956 14987 14988 
westchester 14997 
western 14865 14957 14966 
wet 14922 
whim 14865 
white 14885 14886 14923 14986 14988 
whites 14988 
whitney 14878 
wholly-owned 14917 14941 
widened 14869 
wil 14961 
william 14982 
williams 14982 
willingness 14867 
wins 14905 
wiped 14921 14936 
wireless 14944 
withdraw 14911 
withdrawal 14932 14976 
withdrew 14915 
won 14869 14905 
woodstock 14995 
wooster 14962 14967 
work 14908 
work-practice 14959 
worked 14890 
workers 14867 14894 14908 14952 14957 14959 14973 
workers' 14952 
workforce 14959 14974 
working 14908 14955 14987 
works 14874 14909 
world 14892 14900 14917 14928 14935 14938 14942 14944 14987 
worsening 14942 
worth 14869 14947 
written 14959 
wtc 14963 
x-ray 14947 
yaobang 14950 
yasser 14915 
year's 14928 
year-on-year 14910 
years 14868 14873 14874 14880 14883 14889 14890 14891 14892 14901 14909 14929 14940 14942 14952 14999 
yemen 14886 
yemen-arab-republic 14886 
yen 14871 14874 14884 14890 14895 14902 14903 14913 14920 14942 14950 14987 
yesterday 14865 14874 14877 14893 14900 14907 14913 14914 14915 14921 14928 14939 14957 14997 
yeutter 14904 
yield 14868 14901 
yielding 14890 
yields 14895 
york 14888 14894 14913 14932 14938 14984 14999 
york-based 14938 
young 14927 
yun-jeung 14869 
zainal 14870 
zealand 14900 
zeebregts 14959 
zin 14870 
zinc 14875 14882 
zurich 14866 14896 14898 14992 
