're 7612 7706 
****** 7637 7638 7641 7653 7668 7688 7692 7718 7719 7720 7738 7743 7751 7764 7772 7773 
-1 7730 
-4 7734 
-australia-agre 7640 
-britain-disagr 7765 
-ca 7664 
-cla 7684 
-could-fac 7627 
-de 7748 
-debt-d 7756 
-declares 7687 
-fe 7714 
-file 7617 
-files-to-o 7703 
-gets-chin 7618 
-i 7744 
-in-court-s 7650 
-la 7699 
-le 7745 
-micropro 7634 
-noranda-g 7688 
-offers 7750 
-rome 7744 
-s 7666 7709 
-sel 7644 7708 
-sell 7615 
-sells 7717 
-set 7732 
-sets 7690 
-sets-h 7696 
-sue 7747 
-t 7648 
-to 7729 
-to-ac 7635 
-to-buy 7693 
-to-offe 7656 
-to-research-c 7740 
-to-sell-c 7697 
-to-st 7629 
-unit 7741 
-up-o 7722 
-votes 7707 7746 
-ye 7757 
.062 7775 
.19 7775 
.237 7775 
.99 7775 
/author 7628 7643 7742 
0.046 7629 7645 
0.077 7629 7645 
0.1 7687 
0.50 7705 
0009 7751 
0010 7638 7743 
0011 7637 7641 7718 7719 
0012 7764 
0013 7692 7720 7772 
0014 7653 7738 
0015 7773 
0016 7668 
0018 7688 
0022 7709 7732 
0023 7622 7682 7761 
0024 7746 
0025 7681 7702 
0026 7657 7776 
0029 7694 
0031 7690 7707 
0032 7766 7768 
0033 7726 
0034 7703 7725 7755 
0036 7744 
0038 7636 
0039 7678 
0041 7631 
0042 7616 
0043 7619 
0045 7728 
0046 7686 7754 
0047 7774 
0048 7714 
0049 7676 7698 7730 7757 
0050 7621 7656 7735 
0051 7647 
0052 7691 
0053 7675 
0055 7729 7734 
0059 7620 7752 
0060 7634 7664 7699 
0061 7769 
0062 7618 7716 
0063 7679 
0064 7670 
0066 7683 7723 7758 
0067 7624 7721 7745 
0068 7741 
0069 7739 
0071 7696 
0074 7713 7737 
0075 7711 7762 
0076 7750 
0077 7652 7697 
0078 7684 
0082 7666 7765 
0083 7617 7759 
0086 7615 7733 
0088 7677 7736 
0089 7654 7660 
0091 7646 
0092 7704 
0095 7627 7687 7742 
0096 7650 7680 7685 7706 7760 
0097 7673 7727 
0098 7648 7651 7671 
0099 7635 7695 7712 7722 7724 7740 7771 
0100 7655 7669 7747 7778 
0101 7629 7674 7748 
0103 7623 7693 7763 7775 
0104 7625 7642 
0105 7665 
0106 7612 7626 7640 7649 7756 
0107 7633 7659 7672 7753 
0108 7643 7731 7770 
0109 7614 
0110 7613 7628 7705 7717 
0111 7639 7689 
0112 7644 7749 
0113 7701 7767 7779 
0114 7708 
0115 7777 
0116 7630 7632 7662 
0118 7710 
0130 7700 
0132 7658 
0133 7663 
0138 7715 
0139 7661 
0141 7645 
0145 7667 
03-20 7612 7613 7614 7615 7616 7617 7618 7619 7620 7621 7622 7623 7624 7625 7626 7627 7628 7629 7630 7631 7632 7633 7634 7635 7636 7637 7638 7639 7640 7641 7642 7643 7644 7645 7646 7647 7648 7649 7650 7651 7652 7653 7654 7655 7656 7657 7658 7659 7660 7661 7662 7663 7664 7665 7666 7667 7668 7669 7670 7671 7672 7673 7674 7675 7676 7677 7678 7679 7680 7681 7682 7683 7684 7685 7686 7687 7688 7689 7690 7691 7692 7693 7694 7695 7696 7697 7698 7699 7700 7701 7702 7703 7704 7705 7706 7707 7708 7709 7710 7711 7712 7713 7714 7715 7716 7717 7718 7719 7720 7721 7722 7723 7724 7725 7726 7727 7728 7729 7730 7731 7732 7733 7734 7735 7736 7737 7738 7739 7740 7741 7742 7743 7744 7745 7746 7747 7748 7749 7750 7751 7752 7753 7754 7755 7756 7757 7758 7759 7760 7761 7762 7763 7764 7765 7766 7767 7768 7769 7770 7771 7772 7773 7774 7775 7776 7777 7778 7779 
08:19:03.93 7612 
08:20:33.81 7613 
08:23:55.06 7614 
08:24:44.24 7615 
08:25:15.35 7616 
08:25:22.38 7617 
08:25:34.89 7618 
08:25:38.69 7619 
08:25:43.31 7620 
08:25:47.52 7621 
08:25:50.10 7622 
08:26:22.50 7623 
08:26:27.64 7624 
08:27:30.34 7625 
08:28:03.24 7626 
08:29:01.94 7627 
08:35:00.33 7628 
08:35:38.58 7629 
08:37:18.68 7630 
08:39:27.88 7631 
08:41:46.23 7632 
08:45:18.86 7633 
08:50:15.03 7634 
08:55:18.22 7635 
08:55:22.37 7636 
09:02:25.77 7637 
09:04:12.33 7638 
09:07:52.66 7639 
09:08:12.97 7640 
09:10:21.93 7641 
09:16:58.78 7642 
09:20:17.13 7643 
09:20:28.18 7644 
09:22:03.31 7645 
09:22:35.25 7646 
09:23:01.72 7647 
09:23:15.21 7648 
09:23:41.19 7649 
09:25:13.86 7650 
09:32:06.89 7651 
09:32:30.79 7652 
09:32:41.84 7653 
09:34:18.67 7654 
09:34:27.38 7655 
09:34:53.34 7656 
09:34:58.87 7657 
09:37:30.02 7658 
09:43:00.54 7659 
09:43:24.70 7660 
09:43:55.60 7661 
09:48:19.91 7662 
09:48:58.00 7663 
09:51:33.25 7664 
09:52:43.93 7665 
09:53:08.42 7666 
09:53:38.89 7667 
09:54:53.20 7668 
09:56:01.08 7669 
1,000 7658 7711 
1,071,000 7621 
1,098,000 7621 7676 
1,100,000 7778 
1,103,000 7723 
1,104,000 7676 
1,205 7644 
1,293,000 7730 
1,298,377 7774 
1,300,000 7755 
1,332,218 7774 
1,357,000 7735 
1,400,000 7629 7645 
1,500,000 7634 7750 
1,579,000 7728 7736 
1,646,000 7676 
1,722,655 7701 
1,800 7630 
1,868,000 7730 
1-1/4 7711 
1-5/8 7722 
1.0 7740 
1.1 7722 7740 
1.11 7620 
1.17 7683 7685 
1.2 7731 
1.23 7662 7734 
1.25 7728 7736 
1.27 7739 
1.3 7627 
1.33 7734 
1.369 7722 
1.4 7742 
1.47 7774 
1.5 7659 7764 7769 7775 
1.5-2.0 7716 
1.50 7701 
1.6 7683 7772 
1.66 7752 
1.7 7683 7731 
1.75 7738 7750 7757 
1.79 7738 7757 
1.87 7628 
10,000 7711 7753 
10-day 7614 
10-year 7727 
10.22 7685 
10.5 7634 
10.63 7674 
10.9 7620 
10.91 7775 
101-3/8 7711 
102,691 7762 
103.2 7752 
104,700 7664 
10:03:51.02 7670 
10:04:05.89 7671 
10:04:42.35 7672 
10:04:52.75 7673 
10:05:02.65 7674 
10:05:13.93 7675 
10:05:19.68 7676 
10:05:29.62 7677 
10:05:33.45 7678 
10:05:44.50 7679 
10:05:52.83 7680 
10:06:04.37 7681 
10:06:07.62 7682 
10:11:22.72 7683 
10:12:56.62 7684 
10:17:10.75 7685 
10:18:37.65 7686 
10:18:56.36 7687 
10:20:09.76 7688 
10:20:33.60 7689 
10:21:01.80 7690 
10:21:26.51 7691 
10:21:54.27 7692 
10:23:53.51 7693 
10:24:59.89 7694 
10:25:12.72 7695 
10:25:57.02 7696 
10:26:31.83 7697 
10:27:23.94 7698 
10:29:16.50 7699 
10:29:43.12 7700 
10:31:43.22 7701 
10:32:50.13 7702 
10:35:10.40 7703 
10:36:45.36 7704 
10:37:16.59 7705 
10:39:51.96 7706 
10:40:06.55 7707 
10:43:50.62 7708 
10:44:04.11 7709 
10:44:12.18 7710 
10:45:41.94 7711 
10:47:03.58 7712 
10:48:38.51 7713 
10:54:00.83 7714 
10:54:10.60 7715 
10:56:20.08 7716 
10:57:22.97 7717 
10:58:03.56 7718 
11.2 7739 
11.25 7777 
11.7 7648 
111.6 7747 
11:00:34.37 7719 
11:02:23.15 7720 
11:04:33.14 7721 
11:04:52.26 7722 
11:05:41.01 7723 
11:06:28.75 7724 
11:06:46.69 7725 
11:07:50.87 7726 
11:08:15.29 7727 
11:08:22.02 7728 
11:08:28.66 7729 
11:08:51.42 7730 
11:09:01.72 7731 
11:09:23.84 7732 
11:09:30.32 7733 
11:11:11.41 7734 
11:11:32.22 7735 
11:13:18.00 7736 
11:17:12.05 7737 
11:17:15.10 7738 
11:18:03.60 7739 
11:18:50.77 7740 
11:21:08.85 7741 
11:21:57.17 7742 
11:22:52.46 7743 
11:23:32.79 7744 
11:23:49.51 7745 
11:23:54.77 7746 
11:26:42.38 7747 
11:29:07.60 7748 
11:31:40.74 7749 
11:32:45.19 7750 
11:32:52.06 7751 
11:33:00.71 7752 
11:35:34.40 7753 
11:36:37.25 7754 
11:37:12.33 7755 
11:37:49.26 7756 
11:37:54.99 7757 
11:38:52.20 7758 
11:38:59.77 7759 
11:39:43.64 7760 
11:40:34.51 7761 
11:41:06.87 7762 
11:42:14.10 7763 
11:42:19.26 7764 
11:43:08.70 7765 
11:43:53.84 7766 
11:44:01.78 7767 
11:44:05.95 7768 
11:45:00.26 7769 
11:45:29.02 7770 
11:45:37.42 7771 
11:47:13.17 7772 
11:48:36.12 7773 
11:49:24.34 7774 
11:49:52.71 7775 
11:50:09.21 7776 
11:50:26.19 7777 
11:51:16.38 7778 
11:53:33.01 7779 
11th 7659 
12,607,350 7703 
12-1/2 7614 
12-nation 7643 
12.2 7676 
12.25 7777 
12.5 7729 
12.75 7777 
12.80 7674 
12.9 7752 
120,571 7774 
122,000 7660 
124,000 7660 
126,000 7660 
126.8 7739 
128,141 7774 
129.8 7752 
13-1/2 7614 
13-3/4 7614 
13.0 7735 
13.625 7656 
13.82 7662 
13.9 7752 
13/16 7731 
13133 7612 
13134 7613 
13135 7614 
13136 7615 
13137 7616 
13138 7617 
13139 7618 
13140 7619 
13141 7620 
13142 7621 
13143 7622 
13144 7623 
13145 7624 
13146 7625 
13147 7626 
13148 7627 
13149 7628 
13150 7629 
13151 7630 
13152 7631 
13153 7632 
13154 7633 
13155 7634 
13156 7635 
13157 7636 
13158 7637 
13159 7638 
13160 7639 
13161 7640 
13162 7641 
13163 7642 
13164 7643 
13165 7644 
13166 7645 
13167 7646 
13168 7647 
13169 7648 
13170 7649 
13171 7650 
13172 7651 
13173 7652 
13174 7653 
13175 7654 
13176 7655 
13177 7656 
13178 7657 
13179 7658 
13180 7659 
13181 7660 
13182 7661 
13183 7662 
13184 7663 
13185 7664 
13186 7665 
13187 7666 
13188 7667 
13189 7668 
13190 7669 
13191 7670 
13192 7671 
13193 7672 
13194 7673 
13195 7674 
13196 7675 
13197 7676 
13198 7677 
13199 7678 
13200 7679 
13201 7680 
13202 7681 
13203 7682 
13204 7683 
13205 7684 
13206 7685 
13207 7686 
13208 7688 
13209 7687 
13210 7689 
13211 7690 
13212 7691 
13213 7692 
13214 7693 
13215 7694 
13216 7695 
13217 7696 
13218 7697 
13219 7698 
13220 7699 
13221 7700 
13222 7701 
13223 7702 
13224 7703 
13225 7704 
13226 7705 
13227 7706 
13228 7707 
13229 7708 
13230 7709 
13231 7710 
13232 7711 
13233 7712 
13234 7713 
13235 7714 
13236 7715 
13237 7716 
13238 7717 
13239 7718 
13240 7719 
13241 7720 
13242 7721 
13243 7722 
13244 7723 
13245 7724 
13246 7725 
13247 7726 
13248 7727 
13249 7728 
13250 7729 
13251 7730 
13252 7731 
13253 7732 
13254 7733 
13255 7734 
13256 7735 
13257 7736 
13258 7737 
13259 7738 
13260 7739 
13261 7740 
13262 7741 
13263 7742 
13264 7743 
13265 7744 
13266 7745 
13267 7746 
13268 7747 
13269 7748 
13270 7749 
13271 7750 
13272 7751 
13273 7752 
13274 7753 
13275 7754 
13276 7755 
13277 7756 
13278 7757 
13279 7758 
13280 7759 
13281 7760 
13282 7761 
13283 7762 
13284 7763 
13285 7764 
13286 7765 
13287 7766 
13288 7767 
13289 7768 
13290 7769 
13291 7770 
13292 7771 
13293 7772 
13294 7773 
13295 7774 
13296 7775 
13297 7776 
13298 7777 
13299 7778 
13300 7779 
136.9 7726 
14-1/2 7614 
14.248 7702 
14.30 7674 
14.5 7620 
14.7 7662 
140-well 7618 
141.7 7726 
147.71 7633 
15,757,350 7703 
15-3/4 7664 
15.6 7735 
15.63 7775 
15.8 7703 
151.3 7739 
151.53 7628 
16,000 7753 
16-1/2 7657 
16-5/8 7763 
16.72 7674 
169.5 7752 
17.3 7621 
17.50 7616 
17.6 7634 
17.8 7621 7758 
170.5 7640 
175,712 7619 
18.1 7635 
18.125 7635 
1800 7646 
183,000 7730 
184.4 7734 
19.1 7740 
19.2 7620 
19.3 7620 
1950s 7633 
1957 7643 
1960s 7753 
1970s 7742 
1979-81 7632 
1980 7623 
1980s 7633 7742 
1981 7706 
1982 7742 
1983 7731 
1984 7731 7745 
1985 7623 7722 7724 7742 7755 7762 
1985/86 7662 
1986 7619 7633 7640 7647 7661 7671 7673 7686 7689 7693 7700 7722 7731 7736 7738 7742 7752 7757 7762 7767 7770 
1986/87 7662 
1987 7628 7644 7651 7663 7677 7687 7700 7710 7731 7736 7745 7752 7759 7775 7778 
1987-88 7685 
1987/88 7630 
1988 7627 7651 7680 7706 7713 7722 7731 
1989 7617 7648 7651 7759 
1990 7617 7651 7724 7741 
1992 7711 
1993 7615 
1997 7666 7727 
1999 7756 
1st 7620 7634 7723 7730 7735 
1stld 7667 
2,164,000 7739 
2,171,011 7774 
2,600 7775 
2,750 7775 
2,853,000 7728 7736 
2,959,000 7723 
2,959,141 7774 
2-1/2 7681 
2.0 7740 
2.1 7629 7645 
2.2 7680 
2.27 7752 
2.4 7654 
2.5 7612 
2.8 7623 
2.9 7623 7678 
20,000 7660 
20-mar-1987 7612 7613 7614 7615 7616 7617 7618 7619 7620 7621 7622 7623 7624 7625 7626 7627 7628 7629 7630 7631 7632 7633 7634 7635 7636 7637 7638 7639 7640 7641 7642 7643 7644 7645 7646 7647 7648 7649 7650 7651 7652 7653 7654 7655 7656 7657 7658 7659 7660 7661 7662 7663 7664 7665 7666 7667 7668 7669 7670 7671 7672 7673 7674 7675 7676 7677 7678 7679 7680 7681 7682 7683 7684 7685 7686 7687 7688 7689 7690 7691 7692 7693 7694 7695 7696 7697 7698 7699 7700 7701 7702 7703 7704 7705 7706 7707 7708 7709 7710 7711 7712 7713 7714 7715 7716 7717 7718 7719 7720 7721 7722 7723 7724 7725 7726 7727 7728 7729 7730 7731 7732 7733 7734 7735 7736 7737 7738 7739 7740 7741 7742 7743 7744 7745 7746 7747 7748 7749 7750 7751 7752 7753 7754 7755 7756 7757 7758 7759 7760 7761 7762 7763 7764 7765 7766 7767 7768 7769 7770 7771 7772 7773 7774 7775 7776 7777 7778 7779 
20.1 7620 
20.54 7674 
20.6 7620 
20.8 7634 
200,000 7778 
2002 7705 7717 
2012 7655 7665 7697 7708 7750 
2017 7617 
2027 7615 
207,165 7762 
21,000 7778 
21.4 7620 
215,239 7619 
22.1 7752 
22.3 7629 7645 
22.5 7723 
22.79 7674 
22.8 7620 
226.4 7734 
23.5 7620 
230,188 7762 
25.08 7665 
25.2 7723 
25.5 7717 
250,000 7693 7711 
26.5 7714 
27.61 7717 
27.84 7708 
276,000 7739 
286,000 7647 
295,000 7660 
297,813 7762 
2nd 7620 7634 
3,056,000 7676 
3,093,000 7676 
3,160,000 7739 
3,203,000 7735 
3,299,686 7714 
3,300,000 7646 7755 
3,302,000 7629 7645 
3,400,000 7730 
3,475,000 7672 
3,686,000 7723 
3,824,000 7734 
3.3 7673 7752 
3.4 7744 
3.5 7628 7678 7752 
3.7 7775 
3.72 7722 
3.95 7726 
3/4 7763 
30,000 7660 7753 
300,000 7660 7778 
307,000 7660 
31.5 7752 
314,000 7660 
317.5 7673 
32,825 7753 
32.5 7639 
32.50 7639 
328,000 7739 
33.9 7714 
34,496 7762 
34.9 7752 
35,000-ton 7648 
374,000 7728 
38.05 7757 
38.1 7752 
38.37 7633 
38.9 7620 
381,000 7621 
385,146 7774 
3rd 7676 7739 7762 
4,313,000 7734 
4,409,000 7621 
4,419,000 7739 
4,419,923 7714 
4,531,000 7621 
4,617,034 7774 
4,658,000 7621 
4-1/2 7767 
4.10 7726 
4.2 7752 
4.30 7674 7726 
4.40 7722 
4.5 7655 
4.50 7726 
4.8 7623 7685 
4.912 7702 
41,000 7629 7645 
41.6 7668 7724 
42.23 7757 
429.9 7739 
43.7 7731 
43.8 7686 
431,093 7680 
44.25 7665 
45.2 7752 
457p 7753 
46.8 7728 
469,000 7676 
477.5 7739 
497p 7753 
499,500 7680 
4th 7621 7728 7734 7743 7752 7774 
5-1/2 7708 
5.08 7775 
5.09 7674 
5.12 7674 
5.15 7722 
5.2 7677 
5.4 7639 
5.5 7673 
5.6 7722 
5.7 7752 
5/8 7711 
50,000 7629 7645 7684 
50-day 7630 
500,000 7629 7634 7645 
51.2 7752 
528,000 7728 
53.6 7686 
55.2 7673 
55.3 7728 
55.68 7674 
56.0 7700 
563.1 7742 
57.6 7752 
588.5 7726 
59.1 7700 
59.5 7700 
6,720,440 7714 
6,740,000 7734 
6-1/16 7716 7769 
6-1/4 7717 
6.06 7716 
6.6 7767 
6.86 7741 
60.1 7752 
60.2 7752 
600,000 7634 
61.4 7686 
61.5 7700 7734 
626,000 7629 7645 
63.0 7700 
637.4 7726 
64.7 7700 
641,823 7762 
666,319 7762 
68.0 7700 
69,018 7762 
69.9 7686 
7,228,000 7734 
7,492,000 7734 
7,869,353 7635 
7-1/2 7725 7767 
7-1/4 7711 
7.12 7615 
7.5 7654 7710 
7.7 7719 7731 7767 
7/8 7664 
70,000 7660 
72.8 7734 
750,000 7616 7730 
757,300 7703 
76,400 7762 
76.7 7700 
7612 7612 
7613 7613 
7614 7614 
7615 7615 
7616 7616 
7617 7617 
7618 7618 
7619 7619 
7620 7620 
7621 7621 
7622 7622 
7623 7623 
7624 7624 
7625 7625 
7626 7626 
7627 7627 
7628 7628 
7629 7629 
7630 7630 
7631 7631 
7632 7632 
7633 7633 
7634 7634 
7635 7635 
7636 7636 
7637 7637 
7638 7638 
7639 7639 
7640 7640 
7641 7641 
7642 7642 
7643 7643 
7644 7644 
7645 7645 
7646 7646 
7647 7647 
7648 7648 
7649 7649 
7650 7650 
7651 7651 
7652 7652 
7653 7653 
7654 7654 
7655 7655 
7656 7656 
7657 7657 
7658 7658 
7659 7659 
7660 7660 
7661 7661 
7662 7662 
7663 7663 
7664 7664 
7665 7665 
7666 7666 
7667 7667 
7668 7668 
7669 7669 
7670 7670 
7671 7671 
7672 7672 
7673 7673 
7674 7674 
7675 7675 
7676 7676 
7677 7677 
7678 7678 
7679 7679 
7680 7680 
7681 7681 
7682 7682 
7683 7683 
7684 7684 
7685 7685 
7686 7686 
7687 7687 
7688 7688 
7689 7689 
7690 7690 
7691 7691 
7692 7692 
7693 7693 
7694 7694 
7695 7695 
7696 7696 
7697 7697 
7698 7698 
7699 7699 
77-3/8 7722 
77.98 7674 
7700 7700 
7701 7701 
7702 7702 
7703 7703 
7704 7704 
7705 7705 
7706 7706 
7707 7707 
7708 7708 
7709 7709 
7710 7710 
7711 7711 
7712 7712 
7713 7713 
7714 7714 
7715 7715 
7716 7716 
7717 7717 
7718 7718 
7719 7719 
7720 7720 
7721 7721 
7722 7722 
7723 7723 
7724 7724 
7725 7725 
7726 7726 
7727 7727 
7728 7728 
7729 7729 
7730 7730 
7731 7731 
7732 7732 
7733 7733 
7734 7734 
7735 7735 
7736 7736 
7737 7737 
7738 7738 
7739 7739 
7740 7740 
7741 7741 
7742 7742 
7743 7743 
7744 7744 
7745 7745 
7746 7746 
7747 7747 
7748 7748 
7749 7749 
7750 7750 
7751 7751 
7752 7752 
7753 7753 
7754 7754 
7755 7755 
7756 7756 
7757 7757 
7758 7758 
7759 7759 
7760 7760 
7761 7761 
7762 7762 
7763 7763 
7764 7764 
7765 7765 
7766 7766 
7767 7767 
7768 7768 
7769 7769 
7770 7770 
7771 7771 
7772 7772 
7773 7773 
7774 7774 
7775 7775 
7776 7776 
7777 7777 
7778 7778 
7779 7779 
79.31 7674 
79.42 7674 
79.92 7775 
8,000 7753 
8,257,000 7734 
8,504,918 7714 
8,800 7630 
8-5/8 7666 
8.5 7767 
8.6 7731 
8.62 7674 
8.66 7666 
8.7 7758 
8.8 7767 
8.99 7775 
80.00 7747 
800,000 7722 
821,000 7735 
83.2 7688 
87.5 7758 
895,000 7755 
897.1 7742 
9,200,000 7634 
9,437,270 7620 
9,562,000 7676 
9,592,000 7734 
9,782,818 7620 
9-13/16 7652 
9-7/8 7652 
9.1 7767 
9.1250 7638 
9.2 7685 
9.32 7674 
9.37 7685 
9.50 7750 
9.6 7775 
9.8 7767 
9.9 7742 
90,000 7660 
90.25 7747 
900,000 7634 
92.50 7747 
975,000 7723 
99,000 7629 7645 
99.20 7615 
99.80 7666 
99.9375 7741 
`` 7611 7612 7625 7626 7628 7632 7633 7643 7644 7651 7659 7662 7667 7669 7689 7695 7698 7706 7710 7712 7713 7721 7722 7733 7742 7747 7753 7758 7759 7763 7765 7771 7777 7779 
a-3 7666 
a-minus 7748 
aa 7770 
aaa-rated 7741 
abbey 7777 
ability 7712 7753 
abroad 7628 7765 7767 
accelerate 7710 
accept 7632 7643 
acceptable 7646 
accord 7669 7779 
account 7628 7630 7632 7662 7664 
accounting 7614 7689 7699 
accounts 7651 7710 
accruals 7752 
accrued 7639 
achieved 7651 
achievement 7633 
acid 7612 7668 7688 7724 
acq 7627 7635 7637 7641 7644 7650 7659 7670 7672 7678 7679 7693 7698 7704 7715 7729 7733 7737 7747 7749 7765 7773 
acquire 7635 7650 7693 7729 7737 
acquired 7687 7715 7753 7767 
acquires 7687 
acquiring 7687 7778 
acquisition 7627 7637 7646 7687 7729 
acquisitions 7697 
acreage 7700 
acres 7700 
acs 7701 
act 7613 7771 
action 7626 7628 7658 7664 7684 7749 7753 7756 
active 7710 
actively 7763 
activities 7651 7695 7733 
activity 7664 
adamantly 7758 
adapt 7633 
add 7716 
added 7612 7659 7679 7684 7721 7742 7775 
adding 7740 
addition 7651 7689 7710 7712 7757 7775 
additional 7650 7651 7655 7663 7699 7705 7706 7742 7778 
address 7612 7633 7695 
adds 7769 
adequate 7669 7748 7753 
adequately 7689 
adjusted 7767 
adjustments 7678 
administration 7611 7612 7651 7695 7753 7758 
administrative 7675 
admiral 7715 
adopting 7612 7628 
adoption 7626 
advanced 7753 
advanced-aids 7753 
advantage 7628 7644 
adventist 7672 
advise 7704 
advisers 7753 
advisory 7731 
advocated 7721 
affecting 7770 
affects 7772 
affiliate 7703 7704 
affiliates 7747 
affiliation 7635 7704 
afflicted 7753 
african 7674 
afsl 7725 
afternoon 7652 7659 
afterward 7687 
ag 7686 
agencies 7635 7650 
agency 7748 7753 7773 
agenda 7625 
agent 7651 7753 
aggregate 7767 
aggregating 7752 
ago 7660 7723 7730 7735 7763 7778 
agree 7640 
agreed 7628 7650 7656 7669 7672 7705 7724 7731 7737 7747 
agreement 7625 7628 7635 7639 7643 7650 7655 7667 7669 7678 7689 7693 7704 7705 7719 7724 7727 7731 7759 7765 7771 7779 
agreements 7614 7643 7669 7716 7731 7760 7764 7769 
agriculture 7625 7632 
ahead 7643 7763 7777 
aid 7724 
aids 7720 7753 
aids-related 7753 
aim 7710 7779 
aimed 7626 
air 7671 7714 7773 
airlines 7650 
akron 7644 
akzo 7771 
akzo-dupont 7771 
akzo.as 7771 
al-sim 7624 
ala. 7734 
alaska 7765 
albany 7627 7655 
alberta 7639 7684 
all-new 7629 7645 
alleged 7771 
alleghany 7747 
alleviate 7612 
alliance 7663 7777 
allocate 7760 
allocation 7733 7760 
allowed 7627 7710 7712 7770 
allowing 7627 
alloy 7648 
alternatives 7704 
am-britain 7777 
amauligak 7684 
amax 7703 
ambassador 7667 
amended 7627 
america 7778 
american 7625 7628 7659 7670 7700 7703 7712 7725 7763 7771 
americans 7753 
amo 7659 
amount 7630 7644 7649 7689 7705 7710 7742 7758 7778 
amounted 7628 
amounts 7767 
amx 7703 
analysis 7760 
analyst 7722 7742 7753 7763 7777 
analysts 7659 7700 7742 7777 
anemia 7753 
angeles 7618 
annapolis 7671 
announce 7630 
announced 7612 7626 7628 7693 7715 7777 7778 
announcement 7667 7671 
announcements 7650 
announces 7687 
annual 7628 7644 7680 7689 7722 7767 
anticancer 7753 
anticipated 7752 
anytime 7639 
apparent 7775 
appeal 7651 
appeared 7612 
application 7644 7765 
applications 7614 
applied 7727 7779 
applies 7731 
apply 7701 
apprised 7659 
appropriations 7651 7706 
approval 7635 7643 7656 7678 7693 7712 7737 7753 
approvals 7654 
approve 7632 7753 
approved 7611 7635 7694 7695 7707 7753 
approves 7720 
approving 7753 
approximately 7731 7770 
april 7613 7622 7628 7630 7631 7636 7649 7650 7654 7677 7681 7682 7683 7690 7694 7702 7707 7709 7711 7725 7731 7746 7761 7766 7770 7775 7776 7779 
arakawa 7712 
aramid 7771 
arc 7753 
archibold 7742 
area 7624 7715 
arkansas 7679 
arm 7753 
arrange 7693 7765 7769 
arranged 7646 
arrangements 7698 7778 
asa 7700 
asamera 7656 
ash 7740 
asked 7612 7630 7643 7669 7695 7706 7721 
asm 7656 
assayed 7775 
assays 7775 
assembled 7731 
asserts 7684 
asset 7619 7631 
assets 7627 7673 7725 7733 7742 
assigned 7756 
assistance 7614 7652 7742 
assistant 7753 
assisting 7642 
association 7625 7636 7700 7712 7713 7715 7725 7760 
assume 7664 7778 
assumption 7747 
assures 7689 
atari 7697 
atc 7697 
attack 7624 7628 
attacked 7624 7628 
attacks 7661 
attempt 7614 7765 
attempting 7747 
attempts 7765 
attend 7630 
attleboro 7664 
attractive 7644 
attractiveness 7760 
aud 7759 
audio/video 7747 
audit-trails 7613 
august 7662 7673 
austin 7699 
australia 7640 7646 7662 
australia's 7662 
australian 7640 7646 7662 
author 7628 7643 7742 
authorities 7663 7767 
authority 7767 7771 
authorized 7749 
auto 7671 7741 
automaker 7659 
automated 7759 
automatic 7759 
automatically 7613 
automobile 7671 7712 7741 
ava 7747 
average 7629 7645 7663 7712 7722 7775 
averaged 7716 
averaging 7629 7645 
avg 7620 7726 7734 7752 
aviation 7650 7714 
avoid 7628 7677 
aware 7687 
axp 7703 
azidothymidine 7753 
azt 7720 7753 
b-3 7717 
b-minus 7756 
ba-1 7665 
baa-3 7708 
bache 7742 
back 7644 7662 7712 
backer 7695 
backing 7765 
backlog 7651 
backs 7695 
bad 7753 
baker 7651 7669 7692 7695 7706 7718 7721 
balance 7640 7762 
balance-of-payments 7633 
balanced 7767 
baldrige 7765 
baltic 7642 
baltimore 7715 7762 
ban 7771 
bancorp 7627 7704 
bancorporation 7742 
band 7652 
bank 7614 7627 7644 7652 7655 7669 7674 7678 7683 7692 7693 7695 7704 7710 7712 7715 7731 7733 7742 7760 7767 7779 
bankeast 7678 
banker 7710 
bankers 7710 7731 
banking 7627 7695 7705 7715 7742 7761 7769 
bankinng 7695 
bankrupt 7672 
bankruptcy 7672 7693 
banks 7627 7651 7666 7669 7683 7695 7704 7710 7719 7731 7733 7760 7767 7777 
banned 7771 
banque 7779 
barclays 7753 
barite 7684 
barred 7695 
barrel 7731 
barrier 7771 
bars 7695 
base 7623 7733 7748 7775 
based 7627 7632 7673 7679 7712 
basic 7633 7658 
basis 7623 7633 7666 7705 
bathing 7722 
battle 7642 
bbb-minus 7665 
bbb-plus 7708 7748 
bc- 7634 
bc-******chicago-pacific 7653 
bc-******fda-approves-bu 7720 
bc-******fed-says-it-set 7764 
bc-******mexico 7719 
bc-******ohio-edison-sel 7641 
bc-******reagan-says-he 7751 
bc-******sunshine-mining 7743 
bc-******treasury's-bake 7692 
bc-******twa-in-legal-st 7637 
bc-******u.s.-agency-to 7773 
bc-******u.s.-treasury 7718 
bc-/-fed-adds-reserves-v 7769 
bc-/-fed-expected-to-set 7716 
bc-/mexico-signs-7.7-bil 7731 
bc-/reagan-to-veto-87.5 7758 
bc-/twa- 7650 
bc-/u.s.-grain-analysts 7700 
bc-/u.s.-treasury's-bake 7721 
bc-acs-systems-completes 7701 
bc-amax- 7703 
bc-american-federal-colo 7725 
bc-american-motors- 7659 
bc-asamera- 7656 
bc-atari- 7697 
bc-audio/video- 7747 
bc-automated-data- 7759 
bc-balance-computer-corp 7762 
bc-bank-of-finland-to-tr 7710 
bc-bank-of-spain-suspend 7614 
bc-bc 7685 
bc-belding-heminway- 7754 
bc-biosearch-medical-pro 7621 
bc-bonn-expresses-suppor 7625 
bc-bpi-systems- 7699 
bc-c.o.m.b.- 7635 
bc-cannorthwest 7639 
bc-carteret-savings 7715 
bc-cbt-sees-liffe-link-o 7713 
bc-chicago-pacific- 7689 
bc-cineplex-odeon-office 7616 
bc-cogeco 7737 
bc-colorado-venture-capi 7619 
bc-comex-considering-new 7760 
bc-compuscan-inc- 7676 
bc-comstock-group- 7691 
bc-cooper-canada-said-it 7698 
bc-corrected 7688 
bc-correction 7744 
bc-cri-insured-mortgage 7657 
bc-data-general- 7748 
bc-denmark-issues-200-ml 7711 
bc-discovery 7649 
bc-dixon 7749 
bc-duff/phelps-lowers-de 7770 
bc-dutch-january-industr 7623 
bc-ec-and-comecon-ends-t 7643 
bc-ec-says-u.s.-broke-tr 7771 
bc-electronic-mail 7778 
bc-entex-energy-developm 7768 
bc-enviropact- 7729 
bc-erc-international- 7675 
bc-fda-okays-burroughs-w 7753 
bc-fedders- 7750 
bc-final-test-inc- 7774 
bc-first-federal- 7678 
bc-fleet- 7627 
bc-france's-bue-signs-so 7779 
bc-freeport-mcmoran-oil 7702 
bc-ge- 7740 
bc-geodome- 7629 
bc-geodome-sets-idaho-go 7645 
bc-german-money-supply-g 7767 
bc-graco-inc- 7746 
bc-guardian-trustco-inc 7728 
bc-guardian-trustco-sees 7736 
bc-guilford-mills- 7665 
bc-gulf-canada- 7684 
bc-harley-davidson- 7727 
bc-hechinger- 7708 
bc-high-winds-keep-vesse 7642 
bc-home-savings-durham- 7636 
bc-houston-metals'-mine 7775 
bc-hyponex- 7756 
bc-icn-pharmaceutical-in 7723 
bc-illinois-regional- 7704 
bc-illinois-tool-works- 7679 
bc-india 7640 
bc-intn'l-pagurian-has 7673 
bc-israeli-jets-raid-sou 7624 
bc-italy-sets-rules-for 7733 
bc-japan 7765 
bc-japan-economic-packag 7630 
bc-japan-says-oecd-study 7632 
bc-japan-under-attack-ov 7628 
bc-keating-sees-lower-au 7662 
bc-lce-and-ipe-to-introd 7613 
bc-louisiana-pacific- 7672 
bc-m.d.c.-asset-investor 7631 
bc-majestic-electronics 7677 
bc-marine-midland- 7666 
bc-mcdonald's- 7722 
bc-metallgesellschaft-ag 7686 
bc-michigan-national-cor 7776 
bc-micron-technology-inc 7620 
bc-moore-financial-group 7622 
bc-morgan-guaranty-sells 7705 
bc-most-home-intensive-p 7680 
bc-national-patent-devel 7681 
bc-nestle-1986-net-1.79 7738 
bc-nestle-sa- 7757 
bc-noranda-getting-41.6 7668 
bc-noranda-wins-aid-to-p 7724 
bc-ohio-edison- 7644 
bc-on-line- 7717 
bc-pacificorp- 7615 
bc-parisian-inc- 7734 
bc-parkway-co- 7732 
bc-piedmont-air- 7714 
bc-pubco- 7687 
bc-qintex-says-princevil 7646 
bc-rayrock 7654 
bc-reagan-says-u.s.-stil 7612 
bc-recommendation-reiter 7763 
bc-rent-a-center- 7694 
bc-russ-togs-inc- 7709 
bc-s.-african-m-3-money 7674 
bc-scat-hovercraft-inc- 7755 
bc-senate-wants-japan-se 7626 
bc-sheldahl- 7707 
bc-slaughter-guesstimate 7660 
bc-sonex-research- 7671 
bc-southeast-banking-cor 7761 
bc-spi-pharmaceuticals-i 7735 
bc-standard-chtrd-downgr 7772 
bc-standard-oil- 7745 
bc-stanley-interiors- 7647 7655 
bc-sunshine-mining-co- 7752 
bc-swank-inc- 7664 
bc-talking-point/first-c 7742 
bc-tech-data- 7690 
bc-texas-industries-inc 7739 
bc-texas-utilities-co- 7726 
bc-thompson-medical-co-i 7682 
bc-top-discount-rate-at 7638 
bc-treasury's-baker-oppo 7695 
bc-treasury's-baker-says 7706 
bc-treasury's-baker-sees 7651 
bc-treasury's-baker-supp 7669 
bc-trico- 7618 
bc-u.k.-money-market-get 7652 
bc-u.s.-farm-credit-bank 7683 
bc-u.s.-futures-leader-s 7712 
bc-universal-resources- 7670 
bc-usacafes- 7696 
bc-vertex- 7693 
bc-virateck-inc- 7730 
bc-volcker-says-u.s.-tra 7633 
bc-westcorp- 7741 
bc-winthrop-insured-mort 7766 
bc-wyerhaeuser- 7617 
bc-wyman-gordon- 7648 
beach 7680 
bear 7665 7750 
beaufort 7684 
began 7658 7769 
begin 7712 7779 
beginning 7628 7713 
beirut 7624 
belding 7754 
belgium 7771 
belgrade 7661 
believes 7646 
benefit 7632 
benefits 7644 7689 
benh 7678 
bentsen 7626 
berlin 7643 
beta 7671 
bhy 7754 
bid 7646 7659 7677 7747 
bidders 7747 
big 7742 7777 
bill 7638 7651 7695 7751 7758 
billion 7612 7627 7628 7630 7633 7643 7652 7659 7662 7674 7683 7685 7705 7706 7710 7716 7719 7726 7731 7733 7738 7742 7757 7758 7764 7767 7769 7772 
billions 7705 
billowing 7624 
bills 7630 7652 7710 
bind 7626 
biosearch 7621 
birmingham 7734 
bit 7763 
blacks 7633 
blah 7637 7638 7641 7653 7668 7688 7692 7718 7719 7720 7738 7743 7751 7764 7772 7773 
bloc 7643 
blocs 7643 
blood 7753 
bluff 7679 
board 7613 7628 7631 7633 7635 7636 7642 7659 7669 7687 7690 7696 7713 7725 7754 7760 
boardrooms 7777 
boca 7712 7713 7760 
boiler 7740 
boise 7620 7622 
bolstered 7777 
bombed 7624 
bond 7705 7711 
bonds 7683 7705 7713 7741 7770 
bonn 7625 
book 7742 7767 
books 7705 7731 
boom 7742 7777 
boost 7628 7640 7722 
boosting 7628 
bop 7633 7662 
borrowers 7742 
borrowing 7614 
borrowings 7727 
boston 7666 7703 7766 
bothnia 7642 
bought 7640 7652 
boulder 7619 
boycott 7630 
bpi 7699 
bpii 7699 
bpmi 7621 
branches 7715 7733 
brazil 7669 
brazilian 7669 
breached 7663 
break 7763 
breakeven 7748 
breaking 7642 7771 
breakthrough 7643 
bring 7642 7651 7662 7771 
bringing 7633 
brings 7652 
brisbane 7646 
britain 7628 7753 7765 
british 7671 7685 7713 7765 7777 
broad 7767 
broaden 7615 
broadening 7748 
broadly 7674 
broke 7658 7771 
brothers 7655 7666 7703 
bruce 7754 
brussels 7771 
bsc 7750 
budget 7630 7662 7685 7758 7777 
budgetary 7632 7651 
budgeted 7685 
budgeting 7699 
bue 7779 
build 7651 7662 7715 7722 7740 
builders 7715 
building 7777 
builds 7777 
built 7731 
bulk 7775 
bunch 7721 
bundesbank 7767 
bureau 7623 
burger 7722 
burned 7740 
burnham 7717 7722 
burning 7740 
burroughs 7720 7753 
business 7613 7630 7640 7685 7697 7747 7756 7765 
businessmen 7640 
buy 7616 7649 7650 7687 7693 7705 7747 7749 7763 7773 
buyer 7742 
buyers 7613 7777 
buying 7650 
buys 7672 7737 
bypass 7660 
byrd 7626 
c.14 7699 
c.o.m.b 7635 
c.o.m.b. 7635 
ca 7664 
cable 7635 7765 
cables 7765 
calculated 7633 
calculations 7629 7645 
calendar 7628 
calgary 7639 7656 7684 
calif. 7634 7723 7730 7735 7741 
call 7710 7777 
callable 7680 
called 7626 7633 7643 7758 
calling 7713 
calls 7628 7629 7635 7645 7765 
campaign 7763 
canada 7612 7616 7628 7639 7649 7654 7656 7673 7677 7684 7685 7698 7724 7728 7736 7737 7775 
canadian 7656 7685 7724 7737 7775 
cancer 7753 
capabilities 7648 
capability 7651 
capital 7619 7629 7645 7662 7666 7697 7704 7710 7727 7733 7742 7748 7760 7767 7778 
capitalization 7756 
capitalized 7752 
care 7680 
carefully 7630 
cargo 7714 
carinii 7753 
carl 7650 
carry 7613 7635 7684 
carteret 7715 
case 7733 
cases 7651 7733 7753 
cash 7651 7689 7696 7705 7710 7742 7747 7767 7778 
cast 7628 
catalytic 7629 7645 7671 
catch 7706 
categories 7742 
cattle 7660 
caused 7684 7742 7753 7765 
cawl.l 7765 
cbc 7715 
cbt 7713 
ccc-plus 7717 7756 
cci 7747 
cds 7710 
ceiling 7628 7663 7710 
cement 7684 
cent 7777 
center 7740 
central 7623 7652 7710 7779 
centres 7771 
centrist 7777 
cents 7705 
certificate 7757 
certificates 7710 
chains 7722 
chairman 7616 7626 7633 7650 7663 7695 7713 7742 7754 7765 7778 
challenge 7633 
chancellor 7777 
change 7627 7635 7687 7712 7765 7770 
changed 7632 7767 
changing 7744 
chapter 7693 
charge 7770 
charged 7684 7742 7771 
charges 7684 7752 7771 
charter 7715 
chartered 7772 
cheaper 7628 7740 
cheaply 7742 
cheating 7706 
chfd 7715 
chicago 7653 7660 7679 7689 7700 7704 7712 7713 7770 
chief 7667 7691 7778 
china 7618 7667 
china's 7667 
chinese 7618 7667 
chipmakers 7626 
chris 7742 
chrysler 7659 
church 7672 
cineplex 7616 
circle 7760 
circulation 7767 
circumstances 7687 7747 
cited 7684 7748 7756 
citibank 7731 
citicorp 7747 
citing 7758 7779 
citizens 7712 
city 7737 7742 
cjmf-fm 7737 
claimed 7639 
claims 7767 
clarify 7632 
clarifying 7643 
clark 7753 
classified 7742 
clause 7643 
clayton 7765 
clearing 7613 7713 
clearwater 7690 
cleveland 7687 
clifton 7693 
climate 7633 
climb 7628 
clinical 7753 
close 7667 7678 7695 7753 
closed 7628 7672 
closely 7625 
closes 7614 
closest 7684 
closing 7617 7647 7692 7695 
club 7669 
cmco 7635 
cme 7712 
co's 7629 7645 
co-chairman 7731 
co-financing 7731 
co-lead 7705 
co-managed 7666 7717 
co. 7742 
coal 7640 7740 
coal-fired 7740 
coal/water 7740 
coastal 7642 
coastguard 7642 
coasts 7642 
cogeco 7737 
coking 7640 
cold 7648 
collateral 7695 
collateralized 7741 
colo. 7619 
colony 7765 
colorado 7619 7725 
columbia 7685 
combined 7705 7733 
combustion 7740 
comecon 7643 
comex 7760 
commenced 7741 7749 
commencing 7677 
comment 7632 7659 7669 
commented 7777 
commenting 7650 
commerce 7633 7765 
commercial 7617 7669 7710 7719 7767 7775 7779 
commerciale 7779 
commission 7644 7650 7655 7660 7697 7712 7727 7737 7749 7771 
commit 7635 
commitment 7646 7758 
commitments 7731 
committee 7626 7643 7695 7712 7731 7733 7754 7758 7765 
commodities 7613 
commodity 7613 7632 7712 7760 
common 7616 7617 7635 7639 7649 7650 7656 7665 7673 7677 7678 7680 7687 7701 7703 7708 7717 7750 
communications 7765 
communique 7628 7667 
community 7625 7632 7643 7712 7771 
compagnie 7779 
company 7615 7616 7617 7618 7629 7634 7635 7639 7644 7645 7646 7648 7650 7654 7655 7659 7665 7671 7672 7673 7677 7680 7684 7687 7689 7691 7696 7697 7698 7699 7701 7704 7705 7708 7715 7717 7725 7727 7733 7736 7737 7740 7741 7742 7747 7753 7755 7756 7759 7762 7763 7765 7767 7771 7775 7778 7779 
company's 7655 
comparable 7666 7673 7722 
compared 7623 7706 7758 7763 7767 7778 
compares 7652 7722 
competing 7662 7747 
competitive 7712 
competitor 7671 
competitors 7765 
compile 7630 
complained 7611 
complaint 7771 
complete 7643 7649 7654 
completed 7615 7627 7632 7644 7679 7701 7715 7747 7778 
completes 7693 7701 7715 
completion 7646 7648 7729 7759 
complex 7612 7753 
compliance 7651 
composite 7664 
comprise 7711 
comprising 7652 
compromise 7628 
compuscan 7676 
computer 7693 7745 7762 
computer's 7693 
comstock 7691 
concentrate 7775 
concern 7733 
concerned 7669 7733 
concerns 7733 
concession 7705 7711 
condemned 7658 
condition 7749 7753 
conditions 7632 7642 7646 7733 7753 7765 
conference 7611 7612 7630 7710 7712 7753 7758 
conferences 7630 
confirmation 7671 
confirming 7749 
confirms 7650 
conformed 7771 
confrontation 7663 
congress 7611 7695 
conn 7778 
conn. 7691 7703 
connecticut 7627 
connection 7747 
consecutive 7617 
conservative 7777 
consideration 7765 
considered 7626 7733 7760 
consist 7705 
consistent 7722 
consisting 7701 7705 
consists 7705 7767 
consolidated 7733 
consortia 7765 
constant 7629 7645 
constitute 7733 
construction 7629 7644 7645 7747 
consultant 7760 
consultations 7628 
consulting 7779 
consumed 7671 
consummation 7650 
consumption 7671 
contacts 7667 
contained 7643 
continency 7731 
contingency 7731 
contingent 7646 
continue 7625 7626 7635 7651 7704 7725 7742 
continued 7651 7662 7748 
continuing 7628 7685 7698 7777 
contract 7618 7629 7645 7675 7712 
contracts 7643 7672 7712 7713 7760 7779 
contrast 7767 
contributes 7740 
contributions 7689 
control 7650 7687 7733 7747 
controlled 7650 
controller 7615 
controlling 7733 
controls 7733 
controversial 7630 7661 
convention 7712 
conventional 7740 
conversation 7659 
conversion 7617 7639 7680 
convert 7712 
converted 7678 7680 
converter 7671 
convertible 7617 7639 7649 7654 7655 7665 7680 7697 7708 7717 7750 
convertibles 7655 
converting 7680 7696 7712 
converts 7740 
cooper 7698 
cooperate 7628 
cooperation 7628 7632 7779 
copper 7724 7775 
copper-lead 7775 
copperbelt 7658 
core 7731 
corn 7700 
corporate 7664 7685 7697 7701 7765 
corporation 7778 
corrected 7634 7688 
correcting 7626 
correction 7744 
corrects 7634 
cos 7750 
cost 7722 7724 7740 7753 7763 
costa 7723 7730 7735 
costs 7628 7629 7644 7645 7724 7752 
cotton 7640 
council 7640 7643 7661 
count 7684 
counterbore 7679 
counterpart 7667 
countries 7626 7632 7640 7667 7779 
country 7628 7632 7661 7662 7710 7777 
counts 7684 
county 7629 7645 7715 
coupled 7777 
coupon 7665 7666 7705 7708 7717 
court 7650 7672 7693 7747 7771 
courts 7771 
couvelier 7685 
covc 7619 
cover 7644 7655 7724 7737 
coverages 7770 
covering 7655 7697 7727 
cpac 7689 
crack 7706 
cray 7745 
created 7742 7753 
creating 7779 
credible 7651 
credit 7646 7651 7655 7683 7703 7710 7727 7731 7733 7762 7767 7779 
creditor 7731 
creditors 7693 
credits 7710 7733 7739 7767 
cri 7657 
crisanti 7742 
criticism 7628 
criticize 7628 
criticized 7628 
crm 7657 
crude 7611 7618 7639 7684 7742 
cscn 7676 
ct 7739 7762 
cttk 7691 
culture 7662 
cumulative 7639 7680 
cure 7753 
currencies 7628 7713 
currency 7628 7632 7760 
current 7628 7662 7669 7685 7689 7723 7739 
currents 7642 
curtain 7712 
custer 7629 7645 
custom 7671 
customer 7716 7748 7764 7769 
customers 7644 
customized 7759 
cut 7628 7668 7685 7688 7724 7725 7748 7770 7777 
cuts 7662 7758 7777 
cutting 7763 
cvn 7635 
cyclops 7747 7749 
cyl 7747 7749 
cyr 7745 
d-tex 7721 
d-wisc 7695 
d.c. 7715 
daily 7614 7658 
dairy 7632 
dallas 7670 7696 7726 7739 7752 7774 
dallas-based 7745 
damage 7684 
dampening 7767 
danbury 7691 
danger 7684 
daniel 7722 
darb 7624 
data 7690 7723 7730 7735 7748 7753 7759 
dated 7683 
day 7617 7670 7672 7742 
days 7617 7647 7650 7701 7729 7742 7747 
dayton 7747 
de 7753 7779 
dead 7658 
deadlocked 7765 
deal 7612 7646 7666 7678 7717 7731 7742 
dealers 7753 7760 7769 
dealings 7710 
deals 7749 
dean 7727 
deaths 7753 
debate 7630 
debenture 7693 
debentures 7617 7649 7654 7655 7665 7697 7708 7717 7750 7756 
debt 7644 7655 7662 7665 7669 7693 7703 7708 7717 7727 7731 7748 7756 7770 7772 
debts 7669 
december 7623 7658 7672 7673 7674 7689 7710 
decided 7630 7632 7658 
decision 7630 7643 7659 7733 7765 7770 7771 
decisions 7765 
declaration 7643 
declared 7631 7636 7687 7690 7696 
declares 7687 
declined 7612 7669 7705 
declining 7611 
decreasing 7710 
deductions 7639 
deep 7705 
deeper 7612 
defended 7671 
defending 7771 
deficiency 7753 
deficit 7633 7643 7652 7662 7669 7685 7758 
defined 7674 7733 
definitive 7678 7698 
delaware 7650 7770 
delayed 7670 
delegates 7643 
delegation 7643 
delegations 7625 
delhi 7640 
delinquent 7651 
delisted 7762 
delivered 7683 
dellsher 7712 
delmarva 7770 
demand 7628 7665 7767 
demanding 7658 
demands 7658 
democracies 7669 
democratic 7626 7630 
demonstrated 7753 
demonstration 7758 
denmark 7711 
denominations 7711 
denshin 7765 
denver 7631 7725 
denwa 7765 
denying 7749 
department 7611 7633 7684 7710 7724 
department's 7740 
depend 7748 
deposit 7705 7731 
deposits 7710 7767 7775 
depressed 7742 7753 
deputy 7643 7663 
deregulating 7611 
deregulation 7662 7695 
derived 7753 
designed 7731 
dessertine 7779 
detail 7644 
detailed 7759 
details 7624 7632 7698 
determined 7710 
deterrent 7651 
detroit 7659 7679 
developed 7710 
development 7628 7632 7633 7646 7664 7681 7759 7768 
develops 7753 
device 7745 
dew 7760 7770 
dgn 7748 
diagnosed 7753 
diamond 7775 
diamond-drilled 7775 
diarrhea 7753 
differences 7632 7643 
difficulties 7642 
digital 7765 
dilution 7677 
dinner 7662 
diplomatic 7643 
diplomats 7643 
direct 7643 
directly 7651 7733 
director 7643 7691 7710 7712 7765 7779 
directors 7632 7659 7694 7707 
disagree 7765 
disbursements 7731 
discharge 7684 
discharged 7684 
discharging 7684 
disclose 7673 7705 
disclosed 7651 7679 7686 7737 7778 
discount 7638 7705 7710 
discovered 7629 7645 
discovery 7649 
discredit 7628 
discriminated 7771 
discriminatory 7771 
discuss 7753 
discussing 7749 
discussions 7698 7704 7778 
disease 7753 
dispute 7771 
disputed 7771 
disputes 7771 
disrupted 7630 
distillate 7740 
distributed 7646 7687 
distribution 7687 7696 
district 7693 7747 
div 7622 7657 7681 7682 7702 7709 7732 7738 7746 7757 7761 7766 7768 7776 
divestiture 7627 
dividend 7617 7631 7636 7680 7686 7687 7696 7725 7746 7752 7776 
dividends 7639 7728 
divides 7642 
division 7679 
divisions 7679 
dixons 7747 7749 
dixons' 7747 
dlr 7612 7618 7627 7629 7643 7645 7655 7659 7662 7675 7684 7697 7705 7719 7724 7727 7731 7740 7750 7758 7765 
dlr-asset 7704 
documents 7651 
dollar 7628 7662 7669 7705 
dollars 7629 7645 7662 7705 7712 
domestic 7611 7628 7686 7710 7767 
domestically-produced 7771 
dominant 7733 
dominion 7775 
donaldson 7717 
doubt 7628 
downgraded 7748 7756 
downgrades 7772 
downing 7777 
downtown 7715 
downturn 7742 
downward 7623 
dp-2 7770 
dp-3 7770 
dp-4 7770 
dr 7753 
drabinsky 7616 
draft 7643 
drain 7614 
drains 7614 
dram 7620 
draw 7731 
drawing 7760 
drawings 7731 
drawn 7662 7731 
drew 7767 
drexel 7717 7722 
drifting 7775 
drifts 7642 
drill 7679 
drilled 7629 7645 
drilling 7684 7775 
drive 7740 
drop 7628 7642 7643 7767 7777 
dropped 7628 7632 
drug 7753 
drugs 7753 
du 7779 
due 7617 7632 7643 7647 7655 7665 7666 7673 7697 7705 7708 7711 7717 7725 7727 7741 7750 7753 7756 
duff 7770 
duff/phelps 7770 
dumping 7626 7684 
dupont 7771 
durham 7636 
dutch 7623 7771 
dutch-made 7771 
e. 7753 
e.f. 7778 
eager 7628 
earlier 7611 7643 7659 7667 7708 7714 7736 7777 
early 7630 7659 7710 7713 7716 7742 7777 
earn 7620 7621 7622 7631 7634 7636 7647 7657 7673 7676 7681 7682 7686 7687 7690 7694 7696 7702 7707 7709 7722 7723 7725 7726 7728 7730 7732 7734 7735 7736 7738 7739 7742 7743 7746 7752 7755 7757 7761 7762 7763 7766 7768 7774 7776 
earned 7722 
earnings 7673 7678 7705 7722 7725 7736 7763 
ease 7642 
eased 7642 
east 7624 7643 7779 
ec 7625 7643 7771 
ec-comecon 7643 
echoes 7628 
eclipse 7679 
economic 7628 7630 7632 7633 7662 7731 7765 
economists 7716 
economy 7628 7630 7662 7671 7725 7777 
ecu 7711 
edge 7712 
edison 7641 7644 
education 7633 
educational 7633 
educators 7633 
eed 7768 
effect 7627 7651 7710 7767 
effective 7701 7705 
effectiveness 7753 
effects 7661 7753 
effort 7651 7687 
efforts 7651 7706 
election 7662 7777 
electric 7740 7770 
electricity 7663 
electrodes 7648 
electronic 7677 7778 
electronics 7677 
eliminate 7689 
eliminating 7611 
elkins 7742 
elmhurst 7704 
embassy 7625 
emcac 7778 
emerged 7643 7758 
emission 7612 7671 
emissions 7612 7668 7671 7688 7724 
emphasized 7760 
employee 7677 7689 
employees 7679 7689 
employers 7663 
enacted 7661 
encouraging 7662 7742 
end 7667 7669 7673 7679 7680 7713 7742 7753 7759 7767 7775 
endanger 7663 
ended 7634 7643 7673 7729 7735 
ending 7763 
endorse 7612 
ends 7617 7643 
energy 7611 7639 7684 7740 7742 7768 
enforced 7626 
enforcement 7651 
engage 7695 
engine 7671 
engineering 7675 
england 7627 7652 
enhance 7760 
enhanced 7689 7699 
ensure 7733 
enter 7613 
entered 7678 7769 
entering 7613 7635 
entex 7768 
entire 7731 
entitle 7687 7701 
entitled 7687 
entitling 7639 
entity 7742 
entry 7699 
environment 7684 
environmental 7684 7724 
enviropact 7729 
epidemic 7753 
equal 7633 
equals 7617 
equip 7618 
equipment 7618 7629 7645 7740 
equipped 7671 
equity 7710 7722 7770 
equivalent 7633 7639 7705 
er 7675 
erc 7675 
escort 7671 
est 7646 
established 7775 
establishing 7643 
establishment 7713 
estate 7742 7754 
estimated 7710 7753 
estimates 7700 
eurobond 7711 
eurobonds 7713 
eurodollar 7731 
european 7625 7632 7643 7671 7771 7779 
europeenne 7779 
evaluating 7704 
evaluation 7775 
evendale 7740 
event 7687 7695 
eventual 7713 
evidence 7712 
evolution 7779 
examining 7612 
exceed 7710 7733 
exceeded 7710 
exceeding 7736 
exceeds 7617 
exceptions 7733 
excessive 7758 
exchange 7613 7617 7635 7650 7655 7660 7664 7670 7693 7697 7712 7713 7727 7749 7760 7763 
exchange-guarantee 7731 
exchangeable 7617 7750 
exchequer 7777 
exclude 7765 
excluded 7629 7645 7733 
excludes 7767 
excluding 7771 
executed 7613 
execution 7613 7678 
executive 7628 7643 7691 7712 7754 7765 7771 7778 
exercisable 7687 7701 
exercise 7635 7687 7733 7747 
exercised 7680 7733 
exercising 7747 
exhaust 7671 
expand 7697 
expanding 7767 
expansion 7722 
expansionary 7767 
expansive 7767 
expect 7731 
expectations 7662 7748 7770 
expected 7627 7630 7632 7647 7659 7671 7685 7710 7716 7729 7740 7753 7763 7770 
expects 7630 7649 7654 7662 7677 7722 7763 
expenditures 7697 
expense 7647 
expensive 7628 7740 
experience 7615 
experiences 7731 
expert 7753 
expire 7687 
expired 7646 
explain 7664 
explained 7669 
exploration 7639 7775 
export 7632 
export-driven 7628 
exporters 7628 7771 
exporting 7632 
exports 7628 7640 
exposure 7742 
express 7703 
expressed 7625 7765 7778 
expresses 7625 
exsiting 7693 
extended 7646 
extension 7749 
extensive 7775 
extent 7767 
external 7731 
extraordinary 7723 7730 7735 7753 7762 
f0618 7612 
f0623 7613 
f0633 7614 
f0637 7615 
f0640 7616 
f0641 7617 
f0643 7618 
f0644 7619 
f0645 7620 
f0646 7621 
f0647 7622 
f0648 7623 
f0649 7624 
f0652 7625 
f0653 7626 
f0657 7627 
f0683 7628 
f0688 7629 
f0699 7630 
f0708 7631 
f0711 7632 
f0723 7633 
f0741 7634 
f0754 7635 
f0755 7636 
f0761 7637 
f0764 7638 
f0771 7639 
f0773 7640 
f0780 7641 
f0795 7642 
f0801 7643 
f0802 7644 
f0803 7645 
f0805 7646 
f0807 7647 
f0808 7648 
f0811 7649 
f0814 7650 
f0829 7651 
f0831 7652 
f0832 7653 
f0847 7654 
f0848 7655 
f0849 7656 
f0850 7657 
f0860 7658 
f0871 7659 
f0874 7660 
f0875 7661 
f0884 7662 
f0887 7663 
f0894 7664 
f0899 7665 
f0902 7666 
f0905 7667 
f0909 7668 
f0915 7669 
f0945 7670 
f0946 7671 
f0950 7672 
f0951 7673 
f0952 7674 
f0953 7675 
f0954 7676 
f0955 7677 
f0956 7678 
f0958 7679 
f0959 7680 
f0961 7681 
f0962 7682 
f0973 7683 
f0979 7684 
f0991 7685 
f1005 7686 
f1006 7687 
f1010 7688 
f1012 7689 
f1016 7690 
f1017 7691 
f1022 7692 
f1030 7693 
f1034 7694 
f1035 7695 
f1039 7696 
f1041 7697 
f1043 7698 
f1047 7699 
f1048 7700 
f1054 7701 
f1062 7702 
f1073 7703 
f1079 7704 
f1082 7705 
f1094 7706 
f1097 7707 
f1109 7708 
f1111 7709 
f1112 7710 
f1117 7711 
f1120 7712 
f1131 7713 
f1159 7714 
f1160 7715 
f1168 7716 
f1171 7717 
f1175 7718 
f1182 7719 
f1191 7720 
f1198 7721 
f1199 7722 
f1204 7723 
f1209 7724 
f1211 7725 
f1221 7726 
f1225 7727 
f1226 7728 
f1227 7729 
f1230 7730 
f1231 7731 
f1233 7732 
f1234 7733 
f1242 7734 
f1243 7735 
f1252 7736 
f1263 7737 
f1264 7738 
f1269 7739 
f1273 7740 
f1286 7741 
f1288 7742 
f1293 7743 
f1297 7744 
f1300 7745 
f1301 7746 
f1309 7747 
f1320 7748 
f1330 7749 
f1336 7750 
f1337 7751 
f1338 7752 
f1354 7753 
f1361 7754 
f1364 7755 
f1366 7756 
f1367 7757 
f1372 7758 
f1373 7759 
f1376 7760 
f1380 7761 
f1382 7762 
f1389 7763 
f1390 7764 
f1395 7765 
f1400 7766 
f1401 7767 
f1402 7768 
f1405 7769 
f1408 7770 
f1409 7771 
f1421 7772 
f1423 7773 
f1427 7774 
f1430 7775 
f1432 7776 
f1434 7777 
f1437 7778 
f1447 7779 
face 7627 7628 
facilities 7628 7647 7731 
facility 7614 7648 7731 
facing 7625 
fact 7659 7771 
factors 7632 
fade 7628 
failed 7771 
fails 7731 
fairfax 7675 7715 
fairfield 7676 
fall 7662 7744 7777 
fallen 7710 
falls 7638 7731 7744 
farm 7632 7683 
farmers 7632 7700 
farming 7632 
farmington 7776 
fast 7722 
fast-changing 7633 
fatal 7753 
fats 7625 
favored 7721 
favour 7640 7771 
favourable 7771 
fbc 7703 
fbt 7742 
fda 7720 7753 
fear 7695 
feared 7633 
feasability 7740 7775 
feasibility 7629 7645 
features 7699 
feb 7676 7723 7726 7730 7735 7739 
february 7628 7634 7647 7661 7662 7674 7700 7705 7713 7714 7747 7767 7778 
fed 7669 7716 7764 7769 
fedders 7750 
federal 7612 7633 7650 7651 7669 7672 7678 7683 7684 7695 7715 7716 7724 7725 7753 7760 7769 
feels 7626 
fees 7705 7711 
fell 7623 7674 7767 
fever 7753 
ffbn 7678 
fibre 7765 
fibres 7771 
ficorca 7731 
fierce 7628 
fighting 7642 
figures 7623 7662 7674 
filed 7617 7655 7672 7697 7703 7727 7747 
files 7617 7703 
filing 7644 7749 
filings 7650 
filling 7613 
final 7632 7643 7659 7731 7753 7770 7773 7774 
finalised 7779 
finance 7626 7628 7630 7644 7685 7712 7742 7777 
financial 7613 7622 7627 7646 7651 7691 7712 7713 7741 7777 7779 
financiere 7779 
financiers 7662 
financing 7644 7705 7778 
fine 7684 
finely 7740 
finland 7642 7710 
finnish 7642 
fire 7765 
firm 7645 7712 7765 7771 
firms 7765 
first-ever 7643 
fiscal 7628 7651 7706 7742 7778 
fitzwater 7758 
five-year 7612 7740 
fixed 7770 
fjq 7750 
fla 7712 7713 7760 
fla. 7633 7680 7690 
flat 7647 
fleet 7627 
fleet's 7627 
flexible 7628 
floating 7662 7705 
floor 7660 
florida 7633 
flow-through 7639 
flt 7627 
fm 7737 
fmr 7702 
fnlt 7774 
follow 7662 
food 7658 7663 7722 7753 
foot 7775 
force 7614 7626 7661 7765 
forced 7647 
ford 7671 
forecast 7628 7652 7662 7736 
forecasters 7628 
forecasts 7628 7642 7777 
foreign 7611 7628 7632 7662 7667 7669 7712 7713 7733 7760 7765 7767 7779 
foreigners 7767 
forest 7672 
forging 7648 
form 7731 7765 7777 
formal 7643 7667 7693 
formation 7767 
formed 7705 7742 7765 
forward 7765 
forwarded 7613 
found 7629 7632 7645 
foundation 7662 7753 
fourth 7619 7633 7731 7755 
fragile 7663 
framework 7625 
france 7628 7779 
franco-soviet 7779 
francs 7738 7757 
frank 7691 
frankfurt 7686 7767 
free 7710 
freeport-mcmoran 7702 
freeze 7661 
freight 7714 
french 7779 
frequently 7753 
fresh 7777 
friday 7778 
fruitless 7612 7706 
fsb 7678 
ft 7775 
fuel 7663 7671 7740 
fuels 7663 7740 
full 7619 7630 7651 7655 7669 7673 7736 7753 
full-scale 7753 
fumio 7765 
function 7779 
functions 7710 
fund 7615 7628 7630 7653 7689 7695 7731 7742 7775 7778 
funded 7689 
funding 7683 7689 7742 7770 7778 
funds 7614 7651 7689 7693 7716 7767 7769 7775 
future 7661 7667 7689 7712 7778 
futures 7613 7712 7713 7760 
gain 7730 7735 7742 
gains 7723 
gallium 7775 
gap 7633 
gaps 7753 
garth 7616 
gas 7611 7639 7663 7671 7702 7740 7742 
gases 7740 
gasifier 7740 
gatt 7625 7771 
gave 7698 
gdp 7662 
ge 7740 
general 7625 7697 7699 7701 7740 7748 7771 7777 
generate 7651 
generating 7644 
generation 7748 
geneva 7643 
geneva-based 7771 
geodome 7629 7645 
geography 7632 
george 7765 
gephardt 7626 
german 7625 7643 7767 
germanium 7775 
germany 7625 7628 7767 
gfd 7665 
ggg 7746 
gilts 7713 
ginnie 7760 
giovanni 7733 
give 7736 
giving 7632 7650 
global 7765 
goals 7758 
goc 7684 
goedf 7629 
gold 7629 7645 7775 
gold/silver 7645 
goldman 7703 
good 7625 7721 7742 7777 
goods 7640 7771 
goria 7733 
gosbank 7779 
gottlieb 7616 
government 7612 7625 7628 7630 7651 7658 7661 7662 7663 7668 7684 7706 7712 7713 7716 7731 7733 7742 7760 7765 7769 7777 
governments 7688 7724 
governor 7710 
grace 7731 
graco 7746 
grade 7629 7645 
grading 7629 7645 
graham 7778 
grain 7700 
grams 7775 
granted 7731 7747 
gravel 7729 
greatest 7633 
greenwhich 7778 
greenwich 7703 
grew 7767 
groove 7662 
gross 7701 
ground 7740 
grounds 7695 
group 7617 7622 7627 7644 7650 7686 7687 7691 7733 7747 7749 7765 7778 7779 
groups 7633 7733 
growth 7628 7674 7722 7731 7736 7742 7767 
growth-contingency 7731 
guarantee 7731 
guaranteed 7731 7742 
guaranty 7705 
guardian 7728 7736 
guesstimated 7660 
guesstimates 7660 
guesstimating 7660 
guilford 7665 
gulf 7642 7684 
h. 7616 
hague 7623 
hailey 7629 7645 
halecky 7691 
half 7620 7630 7634 7643 7731 7742 7770 7777 
halifax 7777 
halt 7705 
halves 7725 
hamburg 7625 
hammer 7765 
handover 7667 
hard-hit 7628 
hardest 7742 
harley-davidson 7727 
harris 7672 
hartford 7627 
harvest 7672 
harvested 7672 
hausman 7754 
hazardous 7729 
hdi 7727 
head 7643 7660 7712 
headed 7733 
headlined 7744 
heads 7643 
health 7753 
hearth 7648 
heats 7740 
heavily 7640 
heavy 7618 
hecha 7708 
hechinger 7708 
heckinger 7712 
hefty 7658 
held 7635 7646 7659 7693 7733 
helps 7742 
helsinki 7642 7710 
heminway 7754 
henceforth 7733 
herdon 7701 
herpes 7753 
herring 7753 
high 7642 7725 7753 7770 
high-interest 7644 
high-priority 7731 
high-technology 7626 
higher 7628 7659 7663 7696 7742 
higher-grade 7629 7645 
highest 7632 
highly 7632 
highway 7751 7758 
hikes 7663 
hills 7776 
hinted 7661 
hispanics 7633 
history 7753 
hit 7661 7669 7742 
hog 7660 
hold 7628 7758 7765 
holder 7687 7701 7705 
holders 7631 7636 7639 7680 7690 7693 7705 7721 7725 
holding 7627 7670 7704 7733 7778 7779 
holdings 7733 7767 
holds 7625 7628 7650 7765 
holes 7629 7645 7775 
holiday 7727 
home 7627 7636 7680 7777 
hoover 7653 7689 
hope 7667 7765 
hoped 7640 7712 
hopes 7628 7630 
hoping 7628 
horwitz 7753 
hospital 7658 
hospitals 7658 
host 7753 
hostility 7663 
house 7613 7626 7660 7721 7758 7777 
house-senate 7758 
houston 7702 7742 7768 7775 
houston-based 7742 
hovercraft 7755 
hsld 7636 
huge 7626 7628 7633 
hundreds 7661 
hutton 7778 
hydraulic 7618 7648 
hyponex 7756 
hypx 7756 
i. 7616 
icahn 7650 
icch 7613 
ice 7642 
icebreakers 7642 
icn 7723 
icy 7642 
idaho 7629 7645 
idc 7765 
idea 7721 7760 
identify 7742 
ii 7766 
il 7704 
ill 7753 
ill. 7704 
illegal 7684 
illinois 7679 7704 
illr 7704 
imagine 7777 
imf 7628 7731 
immediately 7624 7626 7630 7646 7747 
immune 7753 
immunity 7753 
impact 7632 
impenetrable 7642 
implicit 7633 
implied 7756 
imply 7628 
import 7662 
important 7667 7753 
imported 7611 7643 7771 
importer 7632 
imports 7611 7628 
impose 7626 
imposed 7771 
imposing 7661 
improve 7633 7640 7648 7651 7753 
improvement 7706 
improving 7671 
inaccurate 7632 
incentive 7742 
include 7630 7648 7713 7723 7730 7733 7735 7753 
included 7629 7645 7650 7700 7742 7775 
includes 7683 7699 7731 7739 7752 7762 
including 7628 7630 7640 7643 7658 7663 7678 7703 7752 7753 7778 
income 7647 7651 7685 7689 7777 
incoming 7748 
incompatible 7771 
incorporate 7630 
incorporated 7755 
incorporating 7613 
increase 7632 7651 7658 7685 7736 7756 
increased 7611 7651 7665 7696 7708 7717 7763 7767 
increases 7663 
increasing 7706 7710 
incurred 7644 
indebtedness 7655 
independent 7628 7704 
index 7623 7712 7713 
india 7640 
indian 7640 
indicating 7630 7667 
indication 7659 
indications 7625 7753 
indicators 7777 
indirect 7769 
indirectly 7716 7733 
indium 7775 
individual 7643 7733 
individuals 7733 7767 
indo-australia 7640 
industrial 7623 7640 7661 7679 7744 7779 
industrialized 7669 
industriel 7779 
industries 7618 7672 7693 7739 
industry 7612 7618 7635 7712 7713 7724 
infections 7753 
inflow 7767 
influence 7710 
information 7651 7733 7747 
informed 7684 
inhibit 7748 
initial 7631 7665 7701 7705 7708 7717 
initially 7617 7623 7753 
initiate 7713 
injunction 7747 
inquiries 7712 
insert 7733 
insist 7643 
insistence 7643 
installation 7648 
installed 7745 
installs 7671 
institution 7646 
institutional 7644 7664 
institutions 7614 7712 7777 
instrument 7710 
instruments 7705 7710 
insurance 7695 7765 
insure 7646 
insured 7657 7766 
integral 7643 
intend 7650 
intends 7677 
intensive 7680 
intent 7678 7729 7779 
intented 7669 
intentions 7700 
interbank 7705 7710 
interest 7614 7635 7638 7641 7644 7647 7652 7669 7693 7704 7705 7710 7716 7731 7733 7760 7764 7769 7775 7777 7778 
interested 7742 7779 
interests 7754 
interfere 7650 
interim 7770 
interiors 7647 7655 
interministerial 7733 
internal 7651 7706 7770 
international 7613 7628 7630 7633 7634 7673 7675 7711 7712 7713 7717 7731 7765 7767 7771 7779 
interpretated 7630 
interstate 7627 
intervene 7716 
interview 7669 
introduce 7613 
introduced 7699 7710 
introducing 7710 
introduction 7710 7722 
invest 7648 7742 
invested 7617 7689 
investigate 7740 
investigating 7612 
investigations 7749 
investing 7778 
investment 7644 7689 7712 7731 7756 
investments 7613 7657 7754 
investor 7665 7704 7705 
investors 7631 7644 7705 7760 7766 
invites 7614 
involved 7713 
involves 7648 
ipe 7613 
ipi 7623 7744 
iron-steel 7640 
irs 7651 
island 7627 
israel 7624 
israeli 7624 
issuance 7617 7705 
issue 7615 7625 7639 7649 7654 7655 7665 7666 7673 7695 7697 7705 7708 7710 7727 7737 7771 
issued 7643 
issuer 7677 7710 
issues 7683 7711 7712 
issuing 7705 7711 
italian 7733 7744 
italy 7733 7744 
itc 7771 
item 7634 
items 7640 
itw 7679 
j.a 7742 
j.r.moman 7778 
jackson 7732 
jacksonville 7633 
james 7615 7651 7669 7695 7706 7721 7742 
james-baker 7651 7669 7692 7695 7706 7718 7721 
jan 7734 7762 
january 7623 7643 7647 7662 7674 7744 7753 7767 
japan 7626 7628 7630 7632 7712 7765 
japan's 7632 
japan-based 7765 
japanese 7626 7628 7630 7632 7712 7713 7765 
jean-paul 7779 
jerome 7753 
jets 7624 
jobs 7615 
john 7643 7691 
join 7731 
joined 7628 7661 
joint 7640 7643 7779 
jointly 7693 
jonathan 7765 
joshua 7778 
journalists 7667 
jr 7691 
julie 7742 
july 7627 7661 
june 7617 7630 7715 7755 7777 
jurisdiction 7771 
justify 7722 
kan. 7694 
kane 7615 
karsten 7713 
kdny 7680 
kdnyp 7680 
keating 7662 
keeping 7642 
keidanren 7765 
key 7626 7695 7765 
kiichi 7628 7630 
kind 7742 
king 7722 
kitwe 7658 
klaipeda 7642 
km 7624 
knowingly 7650 
kokusai 7765 
korkman 7710 
kotowski 7742 
kullberg 7710 
kuranari 7628 
kuroski 7643 
kurt 7760 
l'europe 7779 
l'union 7779 
l.f. 7615 
laboratories 7763 
labour 7777 
labs 7763 
lackluster 7748 
laid 7662 
laiohe 7618 
lambert 7717 7722 
large 7628 7767 
larger 7659 7704 7767 
largest 7642 7731 
late 7630 7705 7742 
latest 7662 7771 
launch 7633 
launches 7699 7712 
launching 7633 
law 7627 7651 7661 7695 7771 
lawmaker 7626 
laws 7627 7651 7779 
lawson 7777 
lay 7765 
lazarevic 7661 
lce 7613 
lead 7658 7659 7666 7697 7711 7717 7742 7775 
leader 7626 7661 7663 7712 
leaders 7626 7661 
leading 7628 7646 7669 7777 
lease 7644 7745 
leaseback 7644 
leased 7644 7745 
leases 7745 
lebanese 7624 
lebanon 7624 
led 7615 7703 7750 7767 
lee 7722 
left 7633 7658 7765 
legal 7637 7733 7749 7765 
legislation 7626 7695 7758 
lehman 7703 
lenders 7742 7778 
lending 7777 
lent 7731 
leo 7712 
lessen 7611 
lesser 7733 
letter 7646 7678 7729 
level 7625 7669 7705 7725 7731 7760 7767 7775 
levels 7628 7661 7669 7748 7775 
leverage 7756 
liabilities 7747 
liberal 7630 
liberalize 7712 
liberalizing 7712 
libor 7705 
licensed 7753 
life 7629 7645 
liffe 7613 7713 
lift 7618 7712 
light 7770 
limit 7710 7758 
limited 7663 7695 7696 7710 7742 7753 7775 
limits 7733 
line 7722 7771 
lines 7731 
link 7712 7713 
linkage 7713 
liquid 7705 
liquidate 7713 
liquidity 7710 
lire 7733 
lisbon 7667 
list 7701 
listed 7711 
litigation 7650 7651 
live 7626 
lives 7753 
lloyd 7626 
loan 7636 7715 7719 7725 7727 7731 7742 
loans 7644 7731 7741 7742 7777 
local 7624 
locations 7679 
lockup 7747 
logical 7760 
logs 7672 
london 7613 7652 7705 7711 7713 7753 7777 
long 7695 7777 
long-term 7635 7644 7651 7689 7736 7767 
longer 7748 
loophole 7692 7695 
loophole-closing 7695 
los 7618 
losing 7642 
loss 7620 7621 7676 7730 7739 7742 7743 7752 7753 7755 7762 7763 7774 
losses 7647 7742 
lost 7628 7742 
lots 7706 
louis 7679 
louisiana 7672 
low 7770 
low-grade 7629 7645 
low-income 7633 
lower 7647 7651 7662 7700 7770 
lower-paid 7663 
lowered 7770 
lowers 7770 
lp 7657 7672 7696 
lpx 7672 
lufkin 7717 
lumber 7672 
lusaka 7658 
luxembourg 7711 
lynch 7615 7656 7666 7703 7704 7759 7763 7775 
m-1 7674 
m-1a 7674 
m-2 7674 
m-3 7674 
m. 7615 
m.d.c 7631 
m1 7767 
m2 7767 
m3 7767 
macao 7667 
machines 7613 
macinnis 7691 
made 7611 7628 7643 7647 7659 7667 7687 7698 7733 7741 7742 7749 7765 7770 
madrid 7614 
mae 7760 
maffei 7742 
mahlmann 7713 
mail 7658 7778 
maimi 7761 
main 7632 7777 
maintain 7662 7669 7712 
maintaining 7651 
majestic 7677 
major 7628 7632 7633 
make 7630 7677 7729 7740 7742 
maker 7748 
making 7779 
malcolm 7765 
management 7615 7651 7662 7675 7705 7711 
management's 7756 
manager 7665 7666 7705 7711 7717 
managerial 7765 
managing 7712 
mandatory 7613 
manpower 7675 
manufacturing 7647 7662 
marathon 7649 7654 
margaret 7765 7777 
margin 7731 
marginal 7651 
marine 7666 7704 7765 
mark 7753 7777 
market 7613 7614 7628 7632 7652 7677 7687 7705 7710 7716 7722 7753 7760 7765 7769 7771 
marketable 7617 7723 
marketed 7753 
marketing 7651 7712 7753 
markets 7626 7704 7712 7731 
markka 7710 
marks 7615 7628 7686 7753 7767 
marlin 7758 
maryland 7715 7770 
maslen 7643 
mass. 7648 7664 
matches 7651 
material 7629 7645 7684 
materials 7684 
mathematics 7633 
matter 7626 7630 7749 
mature 7705 
maturing 7683 7705 
maturities 7731 
maturity 7666 7710 
maximum 7684 7710 
mccarthy 7742 
mccrann 7763 
mcd 7722 
mcdonald 7722 
mcdonald's 7722 
mcrp 7704 
md. 7657 7671 7715 
meaningful 7765 
means 7753 
measure 7612 7626 7695 
measures 7611 7614 7630 7710 7771 
medical 7621 7682 7753 
medina 7667 
meet 7613 7630 7724 7758 
meeting 7628 7632 7643 7659 7670 
meetings 7625 7628 7630 7659 
megawatt 7644 
mel 7685 
melamed 7712 
member 7643 7765 
members 7628 7700 
memorandum 7640 7713 
mer 7615 7656 7703 7759 
mercantile 7660 7712 
merge 7627 7678 7765 
merged 7715 7765 
merger 7650 7670 7687 7742 7765 7773 
merging 7678 7778 
merrill 7615 7656 7666 7703 7704 7759 7763 7775 
mesa 7723 7730 7735 
message 7626 
met 7628 7765 
metal 7648 
metallgesellschaft 7686 
metallurgical 7775 
metals 7648 7775 
metg.f 7686 
metre 7642 
metres 7642 
mexican 7731 
mexico 7719 7731 
mfgi 7622 
miami 7680 7729 7755 
mich. 7776 
michigan 7753 7776 
microchips 7626 
micron 7620 
mid-may 7632 
middle 7770 
midland 7666 
miles 7618 7624 7684 7714 
mill 7629 7645 7672 7679 
millbury 7648 
milled 7629 7645 
miller 7628 
million 7777 
mills 7665 
milwaukee-based 7704 
mine 7629 7645 7752 7775 
mined 7629 7645 
miner 7629 7645 
mineral 7684 
mines 7775 
minicomputer 7748 
minimum 7753 
mining 7743 7752 
minister 7628 7630 7685 7733 7765 7777 
ministers 7643 
ministry 7618 7628 7632 7667 7712 7765 
minn. 7635 7707 7745 7746 
minneapolis 7745 7746 
minority 7633 
minutes 7613 
miodrag 7661 
mir 7631 
miss. 7732 
mitsui 7703 
mitsy 7703 
miune 7629 
mixed 7779 
mixture 7740 
miyazawa 7628 7630 
mm 7666 
mnco 7776 
moderate 7767 
modest 7736 
modification 7648 
modified 7671 
monday 7614 7667 7710 7753 
monetary 7628 7630 7669 7710 7712 7731 
money 7614 7652 7674 7710 7731 7742 7767 
money-fx 7614 7628 7652 7669 7710 7716 7764 7769 
money-supply 7674 7767 
monopoly 7765 
month 7624 7628 7632 7673 7677 7701 7712 7742 7767 
monthly 7662 
months 7625 7628 7640 7658 7731 7741 7742 7753 7762 7767 7778 
montreal 7728 7736 7737 
moody 7665 7708 7717 7772 
moody's 7666 
moore 7622 
morgan 7617 7705 7708 7711 
morgantown 7740 
morning 7659 7670 7722 
morristown 7715 
mortgage 7657 7760 7766 7770 
motors 7659 
mounting 7628 
move 7628 7661 7678 7715 7742 
moved 7753 
movements 7767 
moving 7642 7695 7749 
mph 7758 
mpro 7634 
ms 7617 
mthly 7657 7702 
mths 7676 7726 7739 
mud 7684 
mulls 7704 
multiple 7722 
mutual 7643 7713 
mutually 7646 7712 
myron 7616 
n't 7659 7664 7742 
n.c. 7636 7714 7753 
n.h. 7678 
n.j. 7621 7676 7693 7715 7750 7759 
n.y 7627 
nakasone 7630 
named 7643 7691 7697 7727 
nan 7667 
narrowed 7643 
nasdaq 7701 7762 
nashua 7678 
nation 7633 7742 
national 7625 7663 7672 7681 7760 7776 7777 
nationally 7611 7612 
nations 7628 7632 
nationwide 7753 
natural 7611 7740 
naturally 7684 
navigation 7642 
navyt 7675 
ncreases 7663 
nebehay 7643 
necessity 7669 
needed 7628 7644 7669 7710 
negotiated 7644 
negotiations 7625 
negotiator 7643 7667 
negotiators 7643 
neighbouring 7642 
nestle 7738 7757 
nesz.z 7757 
net 7619 7620 7621 7634 7647 7673 7676 7686 7723 7726 7728 7734 7735 7736 7738 7739 7752 7755 7757 7762 7767 7774 
netherlands 7623 7771 
network 7635 7765 
newly 7765 
newly-formed 7679 
news 7611 7612 7710 7742 7777 
newsletter 7700 
newspaper 7658 7669 
newspapers 7661 
nickel-base 7648 
nigel 7777 
night 7661 7753 
nikkei 7712 
non-bank 7692 7695 
non-banks 7767 
non-callable 7665 7666 7708 7717 
non-compliance 7651 
non-financial 7733 
non-recognition 7643 
non-recurring 7752 
nonearning 7725 
nonperforming 7742 
nonresidential 7747 
noranda 7668 7688 7724 
nord 7779 
norfolk 7740 
normal 7677 7771 
norstar 7627 
north 7680 
northeast 7618 
northern 7658 
northfield 7707 
northwest 7639 
note 7634 7649 7654 7723 7728 7730 7735 7739 7752 7755 7762 7766 
noted 7722 7748 7753 
notes 7646 7649 7654 7666 7705 7727 
notice 7617 7650 7767 
noting 7763 
november 7623 7762 
npd 7681 
nsc 7740 
nuclear 7641 7644 
number 7687 7698 7736 7777 7778 
nurses 7658 
objection 7632 
objections 7632 
objective 7651 
obtaining 7646 
occurring 7651 7684 
octavio 7667 
october 7731 
odds 7763 
odeon 7616 
oec 7644 
oecd 7628 7632 
off-shore 7712 
offer 7617 7646 7656 7659 7680 7683 7703 7705 7747 7749 
offered 7614 7635 7705 7747 7749 
offering 7615 7617 7655 7665 7666 7697 7701 7703 7708 7717 7727 7741 7750 7756 7760 
offers 7698 7741 7750 
office 7671 7712 7715 
officer 7691 7765 7778 
officers 7616 
offices 7715 7759 
official 7630 7643 7667 7668 7669 7688 7754 
officially 7632 7661 
officials 7612 7625 7628 7632 7642 7643 7684 7705 7731 7753 7771 
offset 7647 7712 7713 
offshore 7628 
ohio 7641 7644 7740 7747 
oil 7611 7618 7625 7639 7642 7643 7702 7731 7740 7742 7745 
oil-contigency 7731 
oil-related 7742 
oilfield 7618 7742 
oils 7625 
oilseed 7625 7700 
okays 7753 
on-line 7717 
one-fifth 7733 
ongoing 7632 7753 
open 7614 7626 7632 7663 7677 7712 7715 7731 
opened 7614 7715 7716 
oper 7723 7730 7735 
operate 7627 7629 7645 
operated 7629 7645 
operating 7629 7645 7647 7693 7713 7724 7756 
operation 7713 7745 
operational 7713 
operations 7684 7710 
operator 7722 
opinion 7777 
oppenheimer 7742 
opportunistic 7753 
opposed 7758 7765 
opposes 7695 7718 7721 
opposing 7625 
opposition 7630 7692 7765 
optic 7765 
optimistic 7669 
option 7677 7680 7705 7747 7750 
options 7611 7699 7712 
opzz 7663 
oral 7753 
orange 7741 
order 7650 7747 
orders 7748 
ordinary 7614 
ore 7629 7645 7775 
ore. 7615 7672 
oregon 7672 
ores 7775 
organisation 7628 7632 
organization 7765 
organizations 7778 
originally 7635 
osaka 7712 
osii 7717 
ottawa 7724 
ounce 7629 7645 
ounces 7629 7645 
outbid 7672 
outbidhell 7672 
outlook 7736 
output 7744 
outright 7652 
outstanding 7617 7635 7669 7673 7677 7680 7687 7705 7727 7767 
outweighed 7767 
over-allotments 7655 
over-the-counter 7701 
overfunding 7689 
overnight 7614 7710 
overseas 7712 7765 
own-cds 7710 
owned 7650 7672 7733 
ownership 7687 7747 
owns 7635 
oz 7775 
p. 7615 7753 
pac.n 7765 
pacifcorp 7615 
pacific 7653 7672 7689 7705 7765 
pacificorp 7615 
package 7630 7683 7699 7731 7742 
packing 7642 
pact 7626 
pagurian 7673 
paid 7696 7705 
painewebber 7697 7778 
palestinian 7624 
panel 7695 7753 
paper 7617 7710 7767 
par 7665 7705 7708 7717 
paragraph 7744 
parallel 7775 
paralyzed 7658 
pare 7724 
parent 7615 7686 7733 7779 
paris 7628 7669 7779 
parisian 7734 
park 7753 
parkway 7732 
parliament 7630 
parliamentary 7630 
part 7643 7689 7705 7740 7765 
participation 7757 
particles 7740 
parties 7635 7779 
partly 7632 
partner 7742 
partners 7635 7712 
partnership 7696 7742 7775 
party 7630 7651 7777 7779 
pasn 7734 
passage 7630 
passed 7671 7724 
passes 7630 
past 7741 7742 7779 
patent 7671 7681 
patents 7771 
patients 7720 7753 
paul 7633 7662 
pay 7622 7625 7657 7658 7661 7669 7672 7681 7682 7702 7705 7709 7732 7746 7761 7766 7768 7776 
payable 7631 7636 7687 7690 7694 7707 7725 
payback 7629 7645 7736 
paying 7669 7705 7711 
payment 7617 7644 7646 7686 7705 7711 
payments 7644 7669 7731 7767 
payout 7622 7631 7657 7681 7702 7725 7766 7768 
pays 7705 
pcp 7753 
peapack 7750 
pegged 7661 
peking 7618 7667 
penalties 7626 
penalty 7710 
pending 7651 7773 
pendleton 7672 
pension 7653 7689 
pensioner 7689 
performance 7633 
period 7614 7617 7634 7644 7673 7677 7701 7736 7778 
periods 7642 
permit 7684 7747 
perpetual 7705 
perry 7644 
persistent 7753 
person 7687 
personal 7754 
petition 7672 
petroleum 7611 7613 7618 
petrovic 7661 
pharmaceutical 7723 7753 
pharmaceuticals 7735 
phase 7775 
phelps 7770 
picks 7628 
pie 7650 7714 
piedmont 7650 7714 7773 
pine 7672 7679 
pittsburgh 7650 
pkwy 7732 
place 7677 7705 
placement 7639 7649 7654 
plan 7677 7765 
planes 7624 
planned 7630 7663 7765 
plans 7628 7630 7635 7644 7648 7649 7654 7677 7700 7715 7737 7759 7765 
plant 7644 7724 
planted 7700 
planting 7700 
plants 7740 
plasma 7648 
plc 7653 7689 7747 7749 7753 7765 7772 
pledge 7626 
plunged 7705 
plymouth 7635 
pm-macao-portugal 7667 
pm-poland 7663 
pm-strikes 7658 
pm-yugoslavia 7661 
pneumomystis 7753 
pneumonia 7753 
pnumocystis 7753 
point 7628 7706 7777 
point/first 7742 
pointed 7628 
points 7666 7705 
poland 7663 
policies 7628 
policy 7628 7632 7651 7669 7710 7749 
polish 7663 
political 7765 
politicians 7628 
polls 7777 
polutions 7724 
poor 7665 7666 7708 7717 7748 7756 
port 7624 
portfolio 7742 
portion 7705 7737 
portland 7615 7672 
ports 7642 
portugal 7667 
portuguese 7667 
position 7625 7687 7765 
positions 7643 7713 7765 
positive 7775 
possibilities 7771 
possibility 7760 
post 7765 
post-solidarity 7663 
posted 7662 
posts 7691 
potential 7740 7742 7747 
pour 7779 
powdered 7684 
power 7644 7648 7740 7770 
powered 7740 
powerful 7765 
powering 7740 
powers 7695 7733 
ppw 7615 
practice 7613 
practices 7626 
pre-agreed 7635 
pre-production 7629 7645 
precedes 7753 
predefined 7733 
predicted 7696 7712 
predicting 7777 
predrag 7661 
prefer 7669 
preference 7617 
preferred 7615 7639 7680 7728 7750 7752 7770 
preliminary 7674 7693 7747 7775 
premium 7665 7708 7717 
prepare 7625 7630 
prepared 7710 
presence 7715 
present 7628 
presented 7643 
presently 7650 
president 7611 7612 7615 7626 7630 7661 7691 7712 7758 7760 7778 
press 7630 7648 7712 7753 
pressure 7628 7632 7725 7748 7765 7777 
pretoria 7674 
prevent 7628 7650 7712 
prevents 7650 
previous 7643 7650 7767 
previously 7630 7646 7693 7715 7731 7747 
previously-announced 7759 
previously-proposed 7670 
price 7617 7629 7635 7639 7643 7645 7649 7663 7665 7687 7705 7708 7710 7717 7731 7737 7760 
price-weighted 7712 
priced 7666 7711 7741 7756 
prices 7663 7705 7742 
pricing 7665 7708 7717 
primary 7760 
prime 7630 7765 7777 
princeville 7646 
principal 7649 7669 
principle 7639 7643 7731 7733 
printing 7699 
printon 7615 
prior 7622 7657 7673 7678 7680 7681 7682 7702 7709 7732 7746 7761 7766 7768 7776 
private 7639 7649 7654 7669 7731 7767 
private-sector 7731 
privileged 7733 
probing 7612 
problem 7611 7612 7633 
problems 7625 7667 7742 7753 
procedure 7771 
procedures 7765 
proceed 7629 7645 7759 
proceedings 7693 
proceeds 7615 7617 7644 7649 7655 7689 7697 7701 7703 7705 7727 
processing 7759 
processors 7625 
produced 7629 7645 7771 
producers 7625 7632 7742 7771 
producing 7775 
production 7611 7618 7623 7628 7629 7645 7648 7744 7745 
productivity 7661 7662 
products 7621 7626 7699 7748 7771 
profit 7673 7686 7730 7736 7739 7748 7762 7774 
profitably 7629 7645 
profits 7611 7628 7712 7748 
program 7612 7618 7644 7651 7740 7775 
programming 7635 
programs 7685 7706 
progress 7643 7667 
prohibit 7747 
project 7759 7765 
projected 7700 7706 7759 
projects 7644 7648 7731 7736 7758 
proliferation 7695 
prolong 7731 7753 
promised 7742 
promote 7651 
prompted 7663 
properly 7705 
properties 7742 
proportion 7650 7662 7742 
proportions 7753 
proposal 7635 7659 7693 
proposed 7611 7625 7627 7630 7635 7646 7677 7678 7693 7724 7758 7760 7779 
protest 7765 
protocol 7779 
protocols 7779 
prove 7612 
proved 7771 
proven 7629 7645 
provide 7646 7651 7675 7747 
provided 7625 7731 7775 
providence 7627 
providing 7724 
province 7685 
provincial 7685 
provision 7650 7758 
provisional 7630 
provisions 7695 7771 
provoke 7663 
proxmire 7695 
prudential 7742 
prudential-bache 7742 
pruducts 7679 
pubco 7687 
public 7630 7631 7644 7701 7731 7753 7767 
public-sector 7731 
pubo 7687 
pump 7671 
punished 7663 
purchase 7677 7687 7689 7701 7737 
purchased 7616 7705 7742 
purpose 7632 7677 7712 
purposes 7697 7701 
pursue 7637 7710 7754 
push 7695 
put 7623 7740 7765 
pvdc 7646 
qintex 7646 
qtly 7622 7681 7682 7709 7732 7746 7761 7766 7768 7776 
qtr 7620 7621 7634 7676 7723 7728 7730 7734 7735 7739 7743 7746 7752 7762 7774 7776 
qualifies 7731 
qualify 7753 
quality 7753 
quantify 7733 
quarter 7619 7633 7647 7661 7723 7731 7739 7745 7752 7755 7763 
quarterly 7631 7682 7696 7709 7725 7732 7746 7761 
quebec 7724 7737 
queen 7775 
questar 7670 
question 7643 7771 
questions 7643 
quicker 7644 
quickly 7629 7645 
quits 7691 7778 
quote 7759 
quoted 7661 7705 
radio 7624 7737 
radio-television 7737 
rafael 7634 
raid 7624 
rain 7612 7668 7688 7724 
raise 7639 7659 7685 7706 7742 7747 7758 
raised 7614 7747 
raises 7658 7661 7685 
raising 7665 7708 7717 
rambler 7727 
rand 7674 
range 7643 
ranged 7700 
ranges 7775 
rapid 7629 7645 
rarely 7614 
rate 7614 7629 7638 7644 7645 7705 7710 7722 7731 7760 7767 
rated 7665 7666 7708 7717 
rates 7651 7710 7731 7770 7777 
rating 7748 7756 7770 
raton 7712 7713 7760 
ray 7742 
rayrock 7649 7654 
raytheon 7629 7645 
reach 7643 7646 7706 7731 
reached 7639 7650 7704 7759 
reaching 7753 
read 7744 
readiness 7712 
reading 7633 
reaffirmed 7722 
reagan 7611 7612 7626 7630 7751 7758 
real 7742 7754 
realised 7625 
realization 7760 
realize 7671 
reason 7625 
rebound 7748 
rebuild 7662 
recapitalization 7695 
recapitalizing 7695 
receipt 7629 7645 
receipts 7731 
receivable 7741 
receive 7635 7659 7693 
received 7618 7646 7659 7671 7675 7689 7698 
receiving 7644 
recent 7628 7669 7704 7710 7748 7777 
recently 7628 7631 7747 7753 7760 
recirculation 7671 
recognise 7643 
recommendation 7628 7722 7763 
recommendations 7611 
recommended 7753 
record 7622 7628 7630 7631 7633 7636 7646 7657 7669 7681 7682 7687 7690 7694 7702 7707 7709 7725 7732 7742 7746 7753 7756 7761 7766 7768 7776 
recover 7644 
recovered 7775 
recoveries 7775 
recurring 7659 
redeem 7687 7705 
redeemable 7617 7639 
redemption 7617 
redirect 7628 
reduce 7617 7640 7644 7651 7655 7685 7689 7703 7742 7763 7765 
reduced 7647 7671 7687 7731 
reducing 7651 7727 
reduction 7647 7758 7777 
reductions 7763 
refecting 7767 
refinance 7731 
refinances 7778 
refinancing 7778 
refining 7648 
reflect 7770 
reflected 7733 7756 7767 
reflects 7770 
reform 7633 7651 
reforms 7779 
refund 7689 
refusal 7643 
refused 7643 7672 7731 
regard 7733 
region 7627 
regional 7704 
registration 7655 7697 7727 
regularly 7659 
regulations 7710 7724 7760 
regulators 7760 
regulatory 7635 7650 7654 7656 7678 
rehabilitation 7775 
reimbursement 7651 
reimposed 7661 
rein 7614 
reiterated 7659 7722 7763 7765 
reiterates 7692 
rejection 7663 
relate 7684 
related 7630 7753 
relations 7612 7643 
release 7632 7670 7700 
released 7611 7632 7700 
reliance 7611 
relief 7753 
reluctant 7628 
remain 7704 7731 7748 7754 
remainder 7727 
remained 7659 7667 7716 7765 7767 
remaining 7661 7680 7689 7703 7705 7731 7742 
remarks 7630 
removed 7650 7740 
renegotiation 7693 
rent 7694 
rent-a-center 7694 
reopening 7752 
reorganization 7693 
repackaged 7705 
repackaging 7705 
repay 7644 7655 7703 7727 
repeated 7659 
replace 7745 
replied 7643 
repoen 7672 
report 7611 7628 7632 7689 7700 7763 
reported 7633 7642 7661 7671 7689 7731 7736 7753 
reporter 7612 7721 
reporters 7640 7695 7765 
reporting 7736 
reports 7630 
repos 7760 
repreentatives 7669 
representative 7626 7765 7775 
representatives 7660 7731 
represented 7628 
representing 7665 7708 7717 7731 
represents 7742 
repurchase 7614 7703 7716 7760 7764 7769 
repurchases 7716 7769 
request 7651 7733 
requests 7747 
require 7643 7740 7760 7778 
required 7646 7689 7724 
requirement 7613 
requirements 7614 7651 7689 7752 7778 
requiring 7747 
rescheduled 7669 7731 
rescheduling 7731 
research 7671 7740 7745 7753 
researchers 7740 
researching 7760 
resentment 7661 
reservations 7758 
reserve 7611 7614 7629 7633 7645 7651 7669 7674 7716 7769 
reserves 7629 7645 7686 7710 7716 7733 7757 7769 
residence 7777 
resigned 7691 7754 7778 
resigns 7754 
resistance 7625 
resisting 7765 
resolving 7651 
resources 7629 7645 7649 7654 7670 
responded 7612 
response 7687 7753 
responsible 7661 7662 
rest 7635 7644 
restaurants 7722 
restraining 7650 7747 
restraint 7662 
restricted 7689 7753 
restricting 7712 
restrictions 7712 
restructuring 7696 7731 
result 7627 7650 7659 7680 7687 7763 
resulting 7684 
results 7632 7647 7673 7752 7775 7779 
retail 7715 
retain 7627 
retained 7679 7704 
retaliation 7626 
retaliatory 7771 
retest 7671 
retirement 7615 7644 7689 
retiring 7615 
retrovir 7753 
return 7614 7705 7722 7742 7770 
returned 7775 
returning 7625 
returns 7651 7748 
rev 7762 
revenue 7644 7651 7706 
revenues 7673 7685 7722 7729 7778 
revised 7613 7623 7652 
revision 7630 
revolving 7655 7703 7727 
revs 7620 7634 7676 7726 7728 7730 7735 7752 
reynolds 7727 
rhode 7627 
rich 7628 
richard 7626 7712 
right's 7687 
rights 7687 
rightwing 7777 
riots 7658 
rise 7628 7663 7674 7685 7744 7767 
risen 7710 
rises 7623 7702 
rising 7611 7623 7628 7763 
risk 7760 
risks 7756 
risky 7695 
robert 7626 7753 
rockville 7657 
role 7710 7778 
rolf 7710 
rollout 7759 
rome 7643 7733 7744 
romuald 7663 
room 7706 
rose 7619 7623 7664 7714 7722 7736 7753 7767 
roseland 7759 
rothschild 7615 
round 7643 7731 
rounding 7731 
routinely 7684 
row 7771 
rtn 7629 
rts 7709 
rui 7667 
rule 7771 
ruled 7733 
rules 7710 7712 7733 7771 
ruling 7630 7733 
rush 7612 
russ 7709 
russians 7633 
s/p 7748 7756 
sa 7757 
sachs 7703 
safeguard 7733 
salads 7722 
salary 7658 
sale 7644 7649 7654 7679 7705 7715 7742 7753 
sales 7621 7628 7630 7647 7722 7723 7734 7739 7755 7774 
salomon 7615 7655 7666 
samples 7775 
sampling 7775 
san 7634 
sand 7729 
satisfactory 7646 
saturation 7706 
saturday 7614 7660 
save 7731 
savings 7636 7644 7651 7680 7715 7725 7733 
sawmill 7672 
sb 7615 
scat 7755 
schedule 7635 
scheduled 7648 7659 7663 7753 7759 7775 
scheme 7731 
school 7658 
schultz 7765 
scramble 7614 
sdr 7731 
sea 7684 
seasonally 7767 
seasonally-adjusted 7623 
sec 7749 
secret 7628 
secretary 7651 7669 7695 7706 7721 7753 7765 
section 7771 
sector 7662 7731 7767 
sectors 7731 
secured 7693 
securities 7613 7617 7649 7650 7651 7654 7655 7666 7697 7705 7716 7718 7721 7723 7727 7749 7767 7769 7770 7775 
security 7705 7721 
seek 7626 7627 7630 7650 
seeking 7651 7742 7765 
seeks 7747 
sees 7626 7651 7662 7712 7713 7736 7765 
sell 7627 7639 7649 7654 7655 7683 7697 7727 7742 
sellers 7613 
selling 7705 7711 
sells 7615 7641 7644 7665 7666 7679 7699 7705 7708 7717 
semiconducter 7626 
semiconductor 7626 
semiconductors 7626 
senate 7626 7651 7695 7706 7765 
send 7626 
senior 7615 7628 7748 7754 7756 7765 
sensed 7712 
sensitive 7628 
separate 7650 7671 7705 
separation 7733 
september 7643 7684 7686 7693 7729 
serial 7615 
series 7639 7699 7771 
service 7651 7669 7695 7706 7742 7753 7759 
services 7613 7651 7740 7779 
session 7643 7652 
set 7612 7643 7665 7705 7708 7712 7716 7717 7733 7779 
sets 7622 7636 7645 7682 7690 7696 7709 7732 7733 7761 7764 7766 7768 
setting 7643 
settlement 7650 7653 7689 
settles 7689 
settling 7667 
seven-day 7614 
seventh 7672 
severe 7625 7753 
severely 7753 
sevices 7675 
share 7615 7617 7619 7631 7635 7639 7644 7647 7649 7659 7665 7673 7677 7678 7687 7693 7696 7701 7708 7717 7722 7725 7736 7737 7747 7750 7752 7753 7757 7760 7762 7763 7765 
shareholder 7747 
shareholders 7635 7646 7670 7678 7687 7693 7765 
shareholding 7733 
shareholdings 7733 
shares 7616 7617 7635 7639 7646 7649 7650 7654 7656 7664 7673 7677 7678 7680 7687 7693 7701 7703 7737 7747 7749 7750 7753 
sharp 7628 7663 7767 
sharply 7632 7722 7767 
shearson 7703 
shel 7707 
sheldahl 7707 
shift 7710 
ship 7642 
shipments 7647 
shipping 7642 
ships 7642 
shoreline 7684 
short 7629 7645 7753 
short-run 7651 
short-term 7753 7767 7778 
shortfall 7731 
show 7623 7632 7674 7733 7742 
showed 7662 7674 
showing 7777 
shows 7689 
shr 7620 7621 7634 7676 7723 7726 7728 7730 7734 7735 7739 7743 7752 7755 7757 7762 7774 
shrs 7620 7726 7734 7752 
side 7643 7753 7765 
sides 7625 7765 
sidon 7624 
sight 7767 
sign 7731 
signed 7640 7643 7713 7729 7779 
significant 7748 7753 7767 
significantly 7689 7742 
signs 7628 7719 7731 7779 
silver 7629 7645 7775 
simex 7712 
similar 7613 7775 
singapore 7712 
single 7722 7733 
sinking 7615 
site 7684 
situation 7753 
six-month 7683 
sixteen-to-one 7752 
sixten 7710 
size 7731 
skills 7633 
slash 7626 
slaughter 7660 
slightly 7767 
slip 7613 
slips 7613 
slowed 7674 7767 
slows 7674 7767 
slurry 7740 
small 7685 7705 7763 
smelter 7724 
smoke 7624 
snk 7664 
snowstorms 7647 
so-called 7758 
social 7685 
societies 7777 
society 7777 
software 7699 7717 
sold 7640 7644 7703 7742 
sole 7665 7708 7727 
solid 7745 
solomon 7765 
solution 7628 
solve 7742 
somerville 7621 
sonex 7671 
sonx 7671 
sosnowski 7663 
sought 7628 
source 7632 
sources 7614 7628 
south 7624 7674 7775 
south-africa 7674 
south-easterly 7642 
southeast 7761 
southern 7642 7693 7740 7747 
soviet 7633 7642 7643 7779 
soviet-led 7643 
soy 7700 
soybean 7625 7700 
soybeans 7700 
spain 7614 
spawned 7695 
speaker 7721 
speaking 7625 
special 7614 7670 7705 
special-purpose 7705 
specific 7611 7687 7736 
specifications 7759 
speculation 7659 
speed 7758 
spending 7630 7662 7685 7758 
sperm 7753 
spi 7735 
spill 7684 
spip 7735 
split 7690 7694 7707 
spokesman 7625 7659 7667 7673 7700 7704 7742 7758 7769 
spokesmen 7640 
spokeswoman 7613 
spokewoman 7613 
sponsored 7775 
spread 7658 7661 7731 
spring 7722 
spur 7630 
sputnik 7633 
squeeze 7722 
srd 7745 
ssc 7752 
ssd 7745 
st 7647 7655 7679 
stabilise 7662 
stability 7663 
stabilize 7669 
stable 7628 
staff 7613 7628 7760 
staffing 7651 
stake 7693 7733 7765 
stakes 7733 
stall 7695 
stan 7615 
stance 7628 
standard 7665 7666 7708 7717 7745 7748 7756 7772 
standards 7612 7724 
standing 7749 
standstill 7642 
stanely 7647 
stanley 7617 7647 7655 7708 7711 
stanleytown 7647 
start 7615 7629 7759 7765 7775 
started 7710 7731 7736 
starting 7615 7617 7630 
starts 7613 
state 7627 7740 7745 7765 
state-owned 7658 
statement 7625 7643 7650 7655 7662 7670 7697 7727 7742 7758 7767 7771 
statements 7659 
states 7611 7628 7632 7643 7693 7758 7765 7771 
station 7737 
stations 7624 
statistics 7623 
status 7742 
statutes 7733 
statutory 7767 
stay 7625 
stayed 7650 
stb 7761 
steam 7740 
stearns 7629 7645 7665 7750 
steel 7640 7747 
step 7715 7753 
stephanie 7643 
stg 7652 
sthf 7647 7655 
stiffer 7626 
stimulate 7710 
stipulate 7643 
stipulates 7733 
stipulating 7643 
stipulation 7637 
stock 7615 7617 7636 7650 7659 7664 7665 7670 7671 7677 7678 7680 7687 7690 7693 7694 7701 7707 7708 7712 7713 7717 7722 7750 7763 7770 
stood 7623 
stop 7626 
stop-gap 7630 
stoppages 7658 
stopped 7669 
storage 7745 
store 7722 
stores 7677 
storm 7765 
story 7744 
str 7670 
stranded 7642 
strategic 7611 
strategic-metal 7775 
strategies 7756 
strategy 7742 7765 
street 7777 
strengthen 7651 7712 
strengthened 7767 
stress 7633 
stretches 7642 
strike 7658 7661 7775 
strikes 7658 7661 
stripping 7629 7645 
strong 7628 7642 7663 7715 
stronger 7651 
strongly 7767 
structural 7628 
structure 7662 7775 
stuck 7642 7705 
students 7633 
study 7611 7629 7632 7645 
studying 7611 
subcommittee 7651 7706 
subject 7635 7654 7656 7669 7678 7693 7737 
subordinate 7654 
subordinated 7617 7646 7649 7654 7655 7665 7666 7697 7708 7717 7727 7737 7750 7756 
subscribed 7731 
subsidiaries 7733 
subsidiary 7627 7656 7689 7703 7705 7745 7779 
subsidies 7632 
subsidise 7705 
substantial 7628 7742 
substantially 7687 7696 
substituting 7628 
subsystems 7675 
suburban 7704 
successful 7748 7756 7763 
successfully 7671 
successors 7760 
suddenly 7633 
sues 7747 
suffer 7753 
suffering 7742 
sufficient 7753 
suggested 7611 7765 
suggestion 7628 
suggestions 7628 
suisse 7703 
suit 7747 
suits 7722 
sulphuric 7724 
summer 7629 7645 7715 
summit 7630 
sunbeam 7629 7645 
sunshine 7743 7752 
supercomputer 7745 
supervisory 7733 
suppliers 7742 
supplies 7753 
supply 7614 7618 7674 7693 7742 7753 7767 7769 
supply/demand 7700 
support 7625 7658 7669 7675 7695 7731 7753 
supported 7740 7758 
supports 7669 7695 
surge 7628 
surplus 7626 7628 7689 
surpluses 7626 
surrounding 7753 
survey 7700 
surveyed 7700 
survival 7753 
suspect 7659 
suspended 7614 
suspends 7614 
swank 7664 
swaps 7760 
sweden 7642 
swedish 7642 
swelled 7633 
swiss 7738 7757 
switched 7615 
switzerland 7643 7757 
sydney 7662 
symptoms 7753 
syndicates 7705 
syndrome 7753 
synthetic 7771 
system 7613 7633 7648 7671 7683 7701 7710 7713 7740 7745 7759 7769 
systems 7613 7675 7693 7699 7701 7760 7765 
tacit 7765 
tacoma 7617 
tadashi 7628 
takeo 7712 
takeover 7659 7698 
takes 7771 
taking 7630 7643 
talk 7669 
talking 7742 
talks 7643 7646 7667 
tap 7705 
targets 7624 7731 
tariff 7771 
tariffs 7625 7771 
tax 7611 7625 7630 7639 7644 7651 7685 7706 7718 7721 7739 7777 
taxes 7663 7685 
teachers 7658 
team 7643 
tecd 7690 
tech 7690 
technical 7675 
technological 7633 
technology 7620 7648 7740 
telecom 7765 
telecommunications 7615 7737 7765 
telecomunications 7765 
telesis 7765 
televised 7611 7612 
television 7635 
temperature 7642 
temporarily 7615 
temporary 7650 7716 7747 7769 
ten 7687 
tend 7628 
tender 7638 7646 7687 7747 7749 
tendered 7747 
tendering 7747 
term 7748 
terminals 7613 
terms 7646 7665 7679 7705 7708 7717 7733 7737 7778 
territorial 7643 
territory 7667 
test 7671 7774 
testimony 7651 
tests 7775 
texas 7670 7699 7726 7739 7742 
textiles 7640 
thatcher 7765 7777 
thatcher's 7777 
then-current 7687 
then-effective 7617 
thick 7642 
things 7693 7742 
thomas 7763 
thompson 7682 
thousands 7753 
three- 7614 
three-day 7643 
three-for-two 7690 7694 7707 
three-month 7683 7710 
three-year 7675 
thrift 7695 
thrush 7753 
tight 7632 
timber 7672 
time 7611 7613 7617 7639 7662 7669 7687 7695 7703 7710 7722 7750 7753 7767 
time-stamping 7613 
times 7669 7710 7753 
times-stock 7713 
tiny 7667 
titanium 7648 
tm 7682 
toasted 7777 
today 7625 7628 7643 7652 7658 7659 7660 7667 7753 7765 7777 
togs 7709 
tokio 7765 
tokyo 7628 7630 7632 7712 7765 
told 7612 7625 7626 7630 7640 7643 7651 7662 7663 7667 7695 7706 7710 7712 7713 7765 
tolerate 7628 
tomorrow 7614 
ton 7629 7645 7714 7775 
tons 7629 7645 
tool 7679 
top 7625 7630 7638 7742 
toronto 7616 7649 7654 7673 7677 7698 
tose 7714 
total 7627 7630 7652 7683 7685 7701 7710 7733 7742 7767 
totaled 7742 
totaling 7752 
totalling 7731 7758 
tough 7625 
towbin 7615 
town 7624 7658 
trade 7613 7625 7626 7628 7632 7633 7640 7643 7661 7662 7663 7669 7710 7712 7713 7722 7731 7765 7771 7779 
traded 7701 7712 7763 
traders 7613 7660 7713 7722 
trades 7643 
trading 7613 7617 7643 7664 7705 7712 7713 7716 7722 7769 
traditional 7695 7710 
traditionally 7767 
traffic 7714 
tranches 7705 7731 
trans 7650 
transacted 7613 
transaction 7613 7635 7687 7737 7742 
transactions 7718 7721 7767 
transceiver 7693 
transit 7751 7758 
transition 7662 
translates 7644 
transports 7729 
trapped 7642 
treasurer 7662 
treasury 7616 7651 7666 7669 7692 7695 7706 7710 7718 7721 7733 7760 
treat 7720 
treatment 7733 7753 
treaty 7643 
trend 7662 7767 
trial 7613 
triangle 7753 
trico 7618 
triggered 7628 7661 7731 
tro 7618 
troubled 7742 
troubles 7612 
trucking 7729 
trust 7650 
trustco 7728 7736 
trustee 7672 
tse 7712 
tuesday 7663 7777 
turbine 7740 
turn 7649 7654 
turnover 7757 
twa 7637 7650 
two-fifths 7733 
two-way 7640 7705 
txi 7739 
txu 7726 
type= 7637 7638 7641 7653 7668 7688 7692 7718 7719 7720 7738 7743 7744 7751 7764 7772 7773 
u.k 7652 7753 
u.k. 7613 7638 7689 
u.s 7611 7612 7625 7633 7683 7700 7703 7712 7718 7720 7721 7769 7771 7773 
u.s. 7611 7612 7613 7625 7626 7628 7630 7633 7656 7669 7675 7703 7740 7747 7753 7765 7771 7773 
uk 7613 7652 7711 7713 7765 7777 
ultimately 7612 
unable 7646 
unacceptable 7632 
unanimously 7626 
uncertainties 7756 
unchanged 7738 7757 7767 
underground 7775 
underscored 7633 
understanding 7640 7713 7753 
underway 7615 
underwrite 7655 
underwriter 7617 7697 7708 7727 
underwriters 7615 7703 7750 
underwriting 7705 7711 
undetected 7706 
unemployed 7777 
unfair 7626 7632 
union 7633 7643 7661 7663 7779 
unions 7661 7663 
unit 7615 7629 7644 7645 7696 7701 7705 7727 7741 
united 7611 7628 7632 7693 7765 7771 
unitholders 7696 
units 7701 
universal 7670 
unofficial 7658 
unproc 7744 
unreported 7651 
unrest 7661 
unsecured 7693 
unterberg 7615 
unusually 7767 
upcoming 7749 
update 7700 
upgraded 7708 
upward 7767 
urge 7626 
urged 7628 7633 
usacafes 7696 
usair 7637 7650 
usda 7700 
users 7712 
usf 7696 
ussr 7633 7779 
utilities 7644 7726 
utility 7644 
utilize 7712 
uvr 7670 
va. 7647 7675 7701 7715 
valerio 7667 
valued 7740 
values 7742 7775 
vancouver 7775 
veg 7625 
veg-oil 7625 
vegetable 7625 
vein 7775 
venice 7630 
ventspils 7642 
venture 7619 7779 
ventures 7640 7779 
venturesome 7742 
version 7699 
versus 7660 
vertex 7693 
vessels 7642 
vest 7635 
veto 7751 7758 
vetx 7693 
vevey 7757 
vice 7615 7616 7691 7712 7754 
victoria 7685 
victory 7753 
vienna 7715 
view 7704 
violate 7771 
violations 7626 
violence 7658 
vira 7730 
virateck 7730 
virginia 7715 
viro 7729 
virtual 7705 
virtually 7658 7742 7767 
visit 7630 
visits 7712 
vneshtorgbank 7779 
volcker 7633 
volume 7664 
voluntarily 7684 
vorman 7742 
vote 7670 
voted 7626 7650 
votes 7650 7694 7707 7746 7776 
voting 7650 7654 7737 
wage 7661 7662 7663 
wager 7779 
waiting 7712 
waiver 7749 
wake 7633 
walk 7658 
walkout 7658 
walls 7642 
wanb 7763 
wang 7763 
wanted 7628 7643 
war 7753 
warn 7626 7663 
warned 7611 7663 
warning 7658 
warrant 7701 
warrants 7635 7701 
warsaw 7663 
wash. 7617 
washington 7611 7612 7626 7630 7632 7651 7669 7695 7706 7715 7721 7758 7771 
waste 7729 
watanabe 7765 
water 7740 
wcrp 7741 
weaken 7628 
weakens 7628 
weaker 7628 
weakness 7725 
weapons 7675 
weather 7642 
wedd 7753 
wednesday 7614 7658 7756 7777 
week 7611 7613 7628 7633 7659 7660 7708 7710 7753 7777 
weekend 7625 7642 7667 
weeks 7731 
weight 7753 
weighted 7775 
welcomed 7710 
wellcome 7720 7753 
wendy 7722 
west 7625 7628 7643 7649 7767 
west-germany 7625 7643 7686 7767 
westcorp 7741 
western 7741 7779 
westpac 7705 
weyerhaeuser 7617 
wheat 7655 
white 7758 
wichita 7694 
widespread 7661 
wil 7651 
william 7695 
willingly 7650 
willms 7729 
windfall 7611 
windom 7753 
winds 7642 
wins 7724 
winston-salem 7714 
winthrop 7766 
wireless 7765 
wishes 7747 
withdraw 7747 
withdrawal 7767 
withdrawn 7632 
witter 7727 
wmi 7766 
wo 7742 
worcester 7648 
word 7628 
wording 7628 
work 7612 7625 7643 7779 
workers 7661 7663 
working 7671 7727 7779 
works 7630 7679 
world 7632 7650 7731 7771 
worldwide 7731 
worst 7642 
worth 7640 7683 
wright 7721 
writedown 7752 
writedowns 7752 
writing 7612 7633 
written 7765 
wtd 7672 
wy 7617 
wyerhaeuser 7617 
wyman-gordon 7648 
wymn 7648 
x-mp/24 7745 
x-mp/28 7745 
yasuhiro 7630 
year-earlier 7736 
year-on-year 7674 
year-to-date 7714 
yearend 7742 
years 7626 7629 7632 7642 7643 7644 7645 7665 7687 7705 7708 7712 7717 7731 7750 7770 
years' 7731 
yellowknife 7649 7654 
yen 7628 7630 7712 
yesterday 7612 7632 7646 7650 7663 7664 7684 7712 7716 7777 
yeutter 7765 
yield 7666 7705 7741 
yielded 7775 
yielding 7666 
yields 7775 
york 7646 7650 7655 7659 7664 7665 7666 7669 7681 7682 7683 7693 7697 7708 7709 7716 7717 7722 7727 7731 7740 7748 7749 7753 7754 7756 7763 7769 
yugoslav 7661 
yugoslavia 7661 
zambia 7658 
zambian 7658 
zdzislaw 7643 
zero-coupon 7705 
zhou 7667 
zinc 7775 
zoete 7753 
zone 7629 7645 
