'one 10149 
're 10168 10239 10278 
****** 10153 10154 10176 10177 10178 10201 10207 10215 10231 10260 10263 10276 10277 10281 10283 10293 10294 10295 
-4t 10254 
-and-unit 10187 
-b 10158 
-board 10247 
-closer-to-l 10193 
-cut 10186 
-cuts-div 10181 
-debt 10218 
-e 10182 
-exte 10251 
-gets-133.0-ml 10166 
-gets-l 10160 
-i 10169 
-lanc 10273 
-may-have-to-r 10168 
-pacific-tran 10214 
-postpones 10205 
-q 10243 
-qu 10242 
-regula 10240 
-se 10190 
-see 10197 
-sees-s 10173 
-sets-rec 10171 
-shareho 10221 
-to-comb 10161 
-to-delay-y 10245 
-to-run-s 10164 
-to-sell-at 10184 
-unit 10159 10170 
-unit's-eigh 10157 
-unit-to 10204 
-y 10185 
/author 10168 10230 10246 10268 10278 
0.3 10261 10283 10285 
0.38 10214 10216 
0.4 10260 10261 
0.45 10214 10216 
0.5 10283 10285 
0.6 10285 
0.7 10285 
0010 10215 10276 10293 
0011 10153 10263 
0012 10154 10281 
0013 10176 10178 10201 10260 10277 10295 
0014 10283 10294 
0015 10177 10231 
0022 10186 
0023 10162 10242 
0024 10207 
0026 10240 
0035 10235 10237 
0036 10243 
0038 10166 
0042 10196 10225 
0045 10164 10227 
0048 10284 
0050 10236 
0051 10163 10181 
0052 10254 10262 
0054 10180 10198 
0055 10160 10224 10249 
0058 10156 
0059 10159 
0061 10184 10205 
0062 10152 
0064 10185 
0065 10169 
0066 10171 
0067 10165 10208 10211 
0068 10253 10296 
0070 10174 
0071 10202 
0072 10217 
0073 10285 
0074 10221 
0075 10252 
0076 10251 
0078 10158 
0079 10220 
0082 10151 10155 10204 
0083 10226 10267 10288 
0084 10167 10203 10234 10261 
0085 10229 
0088 10157 10265 10297 
0089 10223 10257 
0090 10179 
0091 10183 10194 10291 
0092 10168 10189 10193 10279 10280 10282 
0093 10172 
0095 10278 
0096 10188 10218 10239 10241 
0097 10173 10191 10222 10270 10271 
0098 10150 10187 
00:02:59.13 10279 
00:03:35.68 10280 
00:03:38.98 10281 
00:03:45.90 10282 
00:06:38.47 10283 
00:09:53.77 10284 
00:15:08.61 10285 
00:21:07.34 10286 
00:25:46.86 10287 
00:33:10.45 10288 
00:44:31.44 10289 
00:46:26.73 10290 
00:58:20.16 10291 
0100 10245 10287 
0101 10197 10233 
0102 10230 10248 
0104 10219 10247 10292 
0105 10161 10182 10246 
0106 10264 
0107 10258 10268 
0108 10212 10216 10228 10266 10273 10289 
0109 10213 
0110 10214 10255 10272 10274 
0112 10192 
0113 10195 10232 
0114 10170 10190 10200 10210 
0115 10259 10269 10275 10286 
0117 10238 10290 
0123 10175 
0127 10206 
0130 10244 
0133 10199 
0134 10209 
0138 10250 
0142 10256 
01:17:33.75 10292 
01:21:21.63 10293 
01:35:42.65 10294 
01:37:30.12 10295 
01:39:44.09 10296 
01:47:20.85 10297 
03-26 10150 10151 10152 10153 10154 10155 10156 10157 10158 10159 10160 10161 10162 10163 10164 10165 10166 10167 10168 10169 10170 10171 10172 10173 10174 10175 10176 10177 10178 10179 10180 10181 10182 10183 10184 10185 10186 10187 10188 10189 10190 10191 10192 10193 10194 10195 10196 10197 10198 10199 10200 10201 10202 10203 10204 10205 10206 10207 10208 10209 10210 10211 10212 10213 10214 10215 10216 10217 10218 10219 10220 10221 10222 10223 10224 10225 10226 10227 10228 10229 10230 10231 10232 10233 10234 10235 10236 10237 10238 10239 10240 10241 10242 10243 10244 10245 10246 10247 10248 10249 10250 10251 10252 10253 10254 10255 10256 10257 10258 10259 10260 10261 10262 10263 10264 10265 10266 10267 10268 10269 10270 10271 10272 10273 10274 10275 10276 10277 10278 
03-27 10279 10280 10281 10282 10283 10284 10285 10286 10287 10288 10289 10290 10291 10292 10293 10294 10295 10296 10297 
1,000 10169 
1,058,000 10197 
1,518,700 10172 
1,537,000 10165 
1,580 10279 
1,602,000 10253 
1,620,000 10253 
1,840,000 10165 
1,862 10279 
1,900 10174 
1,911,900 10174 
1,912,000 10165 
1,928,000 10253 
1.0 10285 
1.02 10218 
1.03 10284 
1.06 10233 
1.07 10211 
1.1 10261 
1.14 10200 
1.15 10185 
1.2 10176 10183 
1.22 10200 
1.27 10284 
1.3 10161 10261 10285 
1.30 10228 
1.32 10211 
1.4 10175 10233 10239 10247 10285 
1.44 10218 
1.49 10190 
1.5 10173 10223 
1.50 10228 
1.54 10211 
1.6 10190 
1.7 10190 10287 
1.70 10228 
1.77 10190 
1.8 10183 10190 
1.85 10211 
1.87 10257 
1.9 10247 
1.90 10228 
10,798,000 10225 
10.1 10190 
10.12 10297 
10.4 10280 10282 
10.5 10280 10282 
10.6 10253 
10.8 10287 
100.6 10261 
10150 10150 
10151 10151 
10152 10152 
10153 10153 
10154 10154 
10155 10155 
10156 10156 
10157 10157 
10158 10158 
10159 10159 
10160 10160 
10161 10161 
10162 10162 
10163 10163 
10164 10164 
10165 10165 
10166 10166 
10167 10167 
10168 10168 
10169 10169 
10170 10170 
10171 10171 
10172 10172 
10173 10173 
10174 10174 
10175 10175 
10176 10176 
10177 10177 
10178 10178 
10179 10179 
10180 10180 
10181 10181 
10182 10182 
10183 10183 
10184 10184 
10185 10185 
10186 10186 
10187 10187 
10188 10188 
10189 10189 
10190 10190 
10191 10191 
10192 10192 
10193 10193 
10194 10194 
10195 10195 
10196 10196 
10197 10197 
10198 10198 
10199 10199 
10200 10200 
10201 10201 
10202 10202 
10203 10203 
10204 10204 
10205 10205 
10206 10206 
10207 10207 
10208 10208 
10209 10209 
10210 10210 
10211 10211 
10212 10212 
10213 10213 
10214 10214 
10215 10215 
10216 10216 
10217 10217 
10218 10218 
10219 10219 
10220 10220 
10221 10221 
10222 10222 
10223 10223 
10224 10224 
10225 10225 
10226 10226 
10227 10227 
10228 10228 
10229 10229 
10230 10230 
10231 10231 
10232 10232 
10233 10233 
10234 10234 
10235 10235 
10236 10236 
10237 10237 
10238 10238 
10239 10239 
10240 10240 
10241 10241 
10242 10242 
10243 10243 
10244 10244 
10245 10245 
10246 10246 
10247 10247 
10248 10248 
10249 10249 
10250 10250 
10251 10251 
10252 10252 
10253 10253 
10254 10254 
10255 10255 
10256 10256 
10257 10257 
10258 10258 
10259 10259 
10260 10260 
10261 10261 
10262 10262 
10263 10263 
10264 10264 
10265 10265 
10266 10266 
10267 10267 
10268 10268 
10269 10269 
10270 10270 
10271 10271 
10272 10272 
10273 10273 
10274 10274 
10275 10275 
10276 10276 
10277 10277 
10278 10278 
10279 10279 
10280 10280 
10281 10281 
10282 10282 
10283 10283 
10284 10284 
10285 10285 
10286 10286 
10287 10287 
10288 10288 
10289 10289 
10290 10290 
10291 10291 
10292 10292 
10293 10293 
10294 10294 
10295 10295 
10296 10296 
10297 10297 
104.5 10285 
105,000 10254 
106,885 10227 
11,041,000 10211 
11-12 10289 
11.3 10272 
11.4 10190 10287 
11.40 10297 
112,000 10214 10216 
118.5 10285 
119.93 10272 
12,000 10254 
12.0 10253 
12.32 10297 
12.5 10191 10288 
122.7 10285 
125,000 10175 10248 
13,000 10165 
13,800.5 10289 
13-1/4 10217 
13-week 10296 
13.0 10288 
13.6 10229 
13.83 10190 
133.0 10166 
134.7 10225 
139.6 10292 
14,200 10175 
14-1/2 10251 
14-3/8 10251 
14.1 10231 10233 
14.65 10297 
14.89 10297 
140,000 10254 
148.2 10284 
149.00 10263 
15,000 10165 10268 
15,596 10289 
15.3 10284 
15.65 10247 
15.7 10284 
15.9 10208 
152,600 10172 
154.4 10190 
15671 10150 
15672 10151 
15673 10152 
15674 10153 
15675 10154 
15676 10155 
15677 10156 
15678 10157 
15679 10158 
15680 10159 
15681 10160 
15682 10161 
15683 10162 
15684 10163 
15685 10164 
15686 10165 
15687 10166 
15688 10167 
15689 10168 
15690 10169 
15691 10170 
15692 10171 
15693 10172 
15694 10173 
15695 10174 
15696 10175 
15697 10176 
15698 10177 
15699 10178 
15700 10179 
15701 10180 
15702 10181 
15703 10182 
15704 10183 
15705 10184 
15706 10185 
15707 10186 
15708 10187 
15709 10188 
15710 10189 
15711 10190 
15712 10191 
15713 10192 
15714 10193 
15715 10194 
15716 10195 
15717 10196 
15718 10197 
15719 10198 
15720 10199 
15721 10200 
15722 10201 
15723 10202 
15724 10203 
15725 10204 
15726 10205 
15727 10206 
15728 10207 
15729 10208 
15730 10209 
15731 10210 
15732 10211 
15733 10212 
15734 10213 
15735 10214 
15736 10215 
15737 10216 
15738 10217 
15739 10218 
15740 10219 
15741 10220 
15742 10221 
15743 10222 
15744 10223 
15745 10224 
15746 10225 
15747 10226 
15748 10227 
15749 10228 
15750 10229 
15751 10230 
15752 10231 
15753 10232 
15754 10233 
15755 10234 
15756 10235 
15757 10236 
15758 10237 
15759 10238 
15760 10239 
15761 10240 
15762 10241 
15763 10242 
15764 10243 
15765 10244 
15766 10245 
15767 10246 
15768 10247 
15769 10248 
15770 10249 
15771 10250 
15772 10251 
15773 10252 
15774 10253 
15775 10254 
15776 10255 
15777 10256 
15778 10257 
15779 10258 
15780 10259 
15781 10260 
15782 10261 
15783 10262 
15784 10263 
15785 10264 
15786 10265 
15787 10266 
15788 10267 
15789 10268 
15790 10269 
15791 10270 
15792 10272 
15793 10273 
15794 10271 
15795 10274 
15796 10275 
15797 10276 
15798 10277 
15799 10279 
15800 10280 
15801 10281 
15802 10282 
15803 10283 
15804 10278 
15805 10284 
15806 10285 
15807 10286 
15808 10287 
15809 10288 
15810 10289 
15811 10290 
15812 10291 
15813 10292 
15814 10293 
15815 10294 
15816 10295 
15817 10296 
15818 10297 
16,000 10273 
16.15 10272 
16.50 10192 
16.7 10200 
16.74 10297 
16.8 10208 
160.2 10284 
160.74 10287 
169.8 10255 
16:12:53.01 10150 
16:14:55.28 10151 
16:15:42.98 10152 
16:16:27.04 10153 
16:16:32.08 10154 
16:17:01.57 10155 
16:17:12.67 10156 
16:18:08.04 10157 
16:18:18.04 10158 
16:19:07.96 10159 
16:19:25.82 10160 
16:19:38.22 10161 
16:19:51.74 10162 
16:19:56.71 10163 
16:20:21.69 10164 
16:20:48.48 10165 
16:21:58.09 10166 
16:22:26.11 10167 
16:23:06.43 10168 
16:24:13.22 10169 
16:25:02.59 10170 
16:25:13.14 10171 
16:26:18.20 10172 
16:26:47.57 10173 
16:27:24.53 10174 
16:28:24.55 10175 
16:31:27.08 10176 
16:31:45.96 10177 
16:31:59.82 10178 
16:33:19.68 10179 
16:34:34.46 10180 
16:34:54.61 10181 
16:36:28.89 10182 
16:37:21.51 10183 
16:37:59.69 10184 
16:38:09.27 10185 
16:38:43.26 10186 
16:40:12.94 10187 
16:41:52.65 10188 
16:43:00.58 10189 
16:44:56.87 10190 
16:45:23.05 10191 
16:50:35.07 10192 
16:51:44.54 10193 
16:52:53.64 10194 
16:53:40.64 10195 
16:53:46.25 10196 
16:54:48.60 10197 
16:55:08.35 10198 
16:58:16.14 10199 
17.0 10287 
17.8 10287 
170,000 10175 
1700 10251 
174,000 10254 
175.9 10190 
178,800 10175 
17:00:34.81 10200 
17:00:44.07 10201 
17:01:22.82 10202 
17:01:35.58 10203 
17:02:11.13 10204 
17:03:03.12 10205 
17:09:54.65 10206 
17:11:25.40 10207 
17:13:06.04 10208 
17:13:44.00 10209 
17:17:15.67 10210 
17:22:00.47 10211 
17:23:54.80 10212 
17:25:03.27 10213 
17:26:07.23 10214 
17:29:28.16 10215 
17:30:05.91 10216 
17:30:57.86 10217 
17:33:26.02 10218 
17:36:38.06 10219 
17:41:03.97 10220 
17:42:29.95 10221 
17:43:38.79 10222 
17:44:30.52 10223 
17:46:26.34 10224 
17:46:39.38 10225 
17:46:49.87 10226 
17:52:10.63 10227 
17:57:34.69 10228 
18,000 10174 
18.25 10277 
18.3 10254 
18.5 10277 
18.53 10268 
18.9 10272 
180,000 10253 
183.54 10287 
184.9 10284 
185,000 10253 
187.7 10225 
18:00:39.59 10229 
18:01:26.11 10230 
18:03:41.75 10231 
18:06:32.86 10232 
18:08:11.27 10233 
18:12:46.54 10234 
18:14:47.29 10235 
18:17:02.62 10236 
18:17:46.68 10237 
18:19:17.79 10238 
18:19:35.73 10239 
18:19:39.12 10240 
18:22:31.22 10241 
18:22:54.28 10242 
18:23:27.16 10243 
18:30:03.78 10244 
18:30:11.75 10245 
18:33:15.25 10246 
18:38:22.67 10247 
18:39:07.48 10248 
18:39:48.62 10249 
18:49:06.39 10250 
18:51:21.23 10251 
18:51:48.10 10252 
18:56:14.61 10253 
191.1 10284 
1958 10261 
1969 10256 
1974 10191 
1976 10244 
1979 10175 10228 
1980 10285 
1981 10275 
1983 10191 10192 10221 
1984 10168 10190 10191 10258 10268 
1984/85 10268 
1985 10150 10168 10190 10218 10247 10252 10261 10272 10275 10291 
1985/86 10257 10268 10292 
1986 10174 10185 10189 10190 10200 10211 10218 10221 10225 10228 10230 10233 10247 10255 10262 10272 10273 10275 10278 10280 10282 10289 10291 10297 
1986/87 10175 10257 10268 
1987 10163 10167 10190 10197 10206 10228 10239 10255 10271 10272 10273 10278 10279 10291 
1987/88 10175 10279 
1988 10228 10229 10273 10289 10290 
1988-92 10239 
1990 10212 10228 10241 10288 
1990s 10228 
1991 10212 
1992 10219 
1993 10288 
1995 10157 10251 
1996 10217 
19:01:25.61 10254 
19:02:35.59 10255 
19:13:04.58 10256 
19:22:23.78 10257 
19:28:42.96 10258 
19:32:21.84 10259 
19:43:08.71 10260 
19:44:08.04 10261 
1st 10197 10231 
2,000 10169 
2,026,017 10196 
2,130 10278 
2,257,000 10254 
2,300 10259 
2,334.67 10278 
2,350 10278 
2,421,000 10253 
2,456,616 10185 
2,476,068 10196 
2,482,197 10185 
2,500 10151 
2,527,720 10185 
2,548 10273 
2,806,300 10175 
2,855,887 10185 
2,979,206 10185 
2.1 10223 
2.10 10284 
2.11 10284 
2.18 10190 
2.27 10272 
2.3 10285 
2.34 10275 
2.4 10233 
2.40 10172 
2.41 10190 
2.45 10257 
2.5 10255 
2.65 10190 
2.7 10247 10285 10287 10291 
2.8 10225 
2.85 10262 
2.91 10257 
2.94 10272 
2.99 10275 
20,957,000 10211 
20-year 10241 
20.08 10287 
200.5 10190 
2000 10251 
2007 10247 
202,000 10254 
206.0 10284 10292 
208,600 10200 
20:07:37.71 10262 
20:17:58.35 10263 
20:33:37.09 10264 
21,000 10174 
21,080 10196 
21,960.00 10276 
21.1 10214 10216 10254 
215.8 10284 
218,000 10253 
21:36:32.52 10265 
21:43:27.78 10266 
21:57:42.31 10267 
22,026.66 10293 
22.6 10165 
220.3 10292 
22:01:16.89 10268 
22:17:11.95 10269 
22:24:33.20 10270 
22:30:48.06 10271 
22:45:35.67 10272 
23.2 10190 
23.80 10287 
23.9 10208 10287 
235,000 10165 
238.6 10284 10292 
23:02:15.76 10273 
23:06:08.47 10274 
23:17:36.69 10275 
23:24:02.36 10276 
23:50:26.84 10277 
23:52:19.47 10278 
24-day 10259 
24.1 10247 
24.30 10291 
24.81 10287 
24.90 10291 
240.7 10292 
241.0 10284 
25.2 10208 
25.65 10268 
25.8 10225 
254.6 10284 
258,000 10165 
26- 10191 
26-mar-1987 10150 10151 10152 10153 10154 10155 10156 10157 10158 10159 10160 10161 10162 10163 10164 10165 10166 10167 10168 10169 10170 10171 10172 10173 10174 10175 10176 10177 10178 10179 10180 10181 10182 10183 10184 10185 10186 10187 10188 10189 10190 10191 10192 10193 10194 10195 10196 10197 10198 10199 10200 10201 10202 10203 10204 10205 10206 10207 10208 10209 10210 10211 10212 10213 10214 10215 10216 10217 10218 10219 10220 10221 10222 10223 10224 10225 10226 10227 10228 10229 10230 10231 10232 10233 10234 10235 10236 10237 10238 10239 10240 10241 10242 10243 10244 10245 10246 10247 10248 10249 10250 10251 10252 10253 10254 10255 10256 10257 10258 10259 10260 10261 10262 10263 10264 10265 10266 10267 10268 10269 10270 10271 10272 10273 10274 10275 10276 10277 10278 
26-week 10296 
26.4 10233 
26.43 10190 
27,300 10174 
27-mar-1987 10279 10280 10281 10282 10283 10284 10285 10286 10287 10288 10289 10290 10291 10292 10293 10294 10295 10296 10297 
27.0 10292 
27.7 10287 
28.5 10165 
28.8 10235 
280,505 10185 
289,400 10175 
29.1 10225 
29.5 10210 
296,300 10175 
3,000 10247 10253 
3,123,900 10174 
3,461,000 10254 
3,650,000 10232 
3,788,000 10254 
3,998,000 10254 
3-for-2 10163 
3.04 10268 
3.12 10275 
3.2 10190 10285 
3.4 10285 
3.5 10150 10190 10195 10202 10246 10266 10285 10289 
3.8 10150 
3.89 10297 
3.9 10246 
3.9375 10259 
3.9505 10259 
30-year-old 10258 
30.5 10168 10224 
30.6 10284 
30.9 10190 
300,286 10185 
300-325 10246 
31.2 10253 
31.5 10210 
317,200 10175 
32.9 10225 
33-1/3 10272 
33.9 10226 
339.04 10155 
34.6 10253 
340,000 10286 
341,000 10165 
346,011 10200 
347,000 10165 
35,393 10196 
35.5 10224 
357,420 10200 
366.8 10284 
37,000 10169 
37.3 10287 
37.5 10210 10284 10292 
3rd 10165 10196 10253 
4,364,000 10254 
4,400 10175 
4,446,000 10254 
4,704,000 10225 
4.02 10297 
4.17 10297 
4.2 10230 
4.25 10214 10216 
4.50/37 10259 
4.77 10291 10297 
4.95 10294 10297 
40.5 10235 
401.21 10276 
41,800 10175 
415,000 10253 
42.7 10229 
427.3 10284 
43,800 10175 
43.2 10284 
43.61 10287 
451,000 10235 
454.9 10284 
460,000 10214 10216 
467.87 10293 
47.4 10225 10284 
47.7 10287 
472.4 10284 
48,567 10196 
48.22 10267 
48.8 10292 
483,100 10175 
49,600 10214 10216 
49.1 10226 
499.1 10284 
4th 10174 10215 10225 10254 
5,474 10206 
5,600 10169 
5,922,000 10174 
5.02 10291 
5.2 10168 
5.25 10267 
5.6 10229 10268 
5.67 10168 
5.70 10295 10297 
5.9 10287 
50,000 10254 
50-year 10250 
500,000 10253 
509.5 10284 
51st 10223 
53.4 10226 
54,101 10279 
54.6 10247 
54238 10206 
57,900 10175 
583,747 10200 
59,527 10196 
59,700 10174 
596,740 10200 
598.09 10287 
6,017 10279 
6,231,242 10196 
6,244,000 10165 
6,519,473 10196 
6,808,100 10172 
6-1/4 10246 
6.08 10246 
6.10 10246 
6.14 10246 
6.36 10233 
6.5 10225 
6.52 10284 
6.53 10284 
6.63 10233 
6.96 10268 
60,000 10175 
60.7 10284 10292 
603.0 10281 10284 10292 
604,200 10190 
614.26 10287 
62.5 10247 
63.5 10226 
639,000 10253 
64,000 10254 
64.05 10155 
64.74 10155 
644,500 10190 
65.2 10284 
66.8 10226 
69.9 10287 
7,380,000 10251 
7-year 10250 
7.13 10262 
7.15 10262 
7.22 10190 
7.31 10190 
7.37 10297 
7.38 10294 10297 
7.4 10150 
7.5 10289 
7.7 10266 
70-year 10247 
700,000 10220 
71.7 10211 
719,700 10190 
72-story 10205 
722.6 10284 
725,000 10235 
726,600 10190 
73.2 10211 
73.38 10272 
73.5 10226 
738.3 10183 
738.7 10183 
739.0 10183 
739.1 10183 
740.2 10183 
75,000 10214 10216 
75.8 10284 
752,234 10227 
76,888 10227 
774,000 10254 
776.6 10218 
78.7 10235 
79,000 10165 
8,148,000 10165 
8,829 10279 
8.0 10289 
8.06 10157 10297 
8.14 10295 10297 
8.33 10218 
8.61 10297 
8.94 10297 
800,000 10247 
81,600 10174 
81.5 10292 
813.0 10281 10284 10292 
827.25 10287 
828,000 10173 
83.2 10233 
841.68 10287 
85,000 10165 
85.9 10235 
9,000 10174 
9,802,000 10174 
9.4 10223 
9.7 10213 
9.88 10218 
9.9 10233 
90,000 10286 
90.4 10235 
922,036 10227 
94,100 10174 
94.8 10211 
95.7 10292 
98.5 10235 
98.8 10292 
988.2 10292 
99.65 10157 
99.7 10261 
`` 10149 10168 10179 10192 10193 10195 10199 10212 10228 10229 10230 10239 10244 10246 10247 10255 10256 10257 10266 10268 10278 10280 10282 10291 
a-1 10150 
a-2 10187 
a-3 10157 
a-minus 10157 
aaix 10158 
ab 10224 
abandonment 10211 
abide 10264 
ability 10278 
abroad 10255 10271 
absence 10246 
absorbing 10287 
accept 10268 
acceptances 10155 
access 10269 
accommodative 10246 
accompany 10265 
accord 10266 10271 10273 
account 10195 10233 10255 10268 10275 10294 10297 
accounted 10230 10268 10278 
accounting 10239 
accounts 10255 10270 10279 
accrued 10167 
accuse 10191 
achieve 10192 
achieved 10150 10291 
achieves 10192 
acme-cleveland 10198 
acq 10158 10168 10171 10190 10213 10218 10219 10224 10238 
acquire 10187 10202 10213 10248 
acquired 10218 10221 10286 
acquiring 10171 
acquisition 10150 10158 10187 10218 
acreage 10292 
across-the-board 10195 
act 10209 10212 10228 10264 
acted 10217 
action 10212 10233 
activities 10219 10291 
activity 10175 
actual 10218 10229 
adapted 10194 
add 10190 10246 
added 10161 10190 10210 10230 10233 10238 10255 10256 10257 10268 10274 
adding 10212 10268 10291 
addition 10150 10173 10250 
additional 10170 10233 10239 
additions 10190 
address 10195 10212 10246 10247 
addressing 10247 
adhesive 10204 
adhesives 10204 
adjoining 10248 
adjust 10255 
adjusted 10183 10267 10280 10282 10285 
adjustment 10169 10233 10291 
admimistration 10247 
administration 10170 10247 10264 10270 
administrative 10161 
administrator 10239 
admitted 10278 
adopted 10221 10230 10279 
adopts 10279 
advance 10223 
advanced 10193 10230 
adventure 10158 
adversely 10255 
advertised 10149 
advised 10168 
advisers 10290 
advisor 10168 
advisory 10266 
aegis 10166 
aerospace 10194 10204 10218 
affect 10150 10255 
affiliate 10204 
affirmed 10187 
africa 10244 
african 10268 
after-tax 10214 10216 
afternoon 10168 
agencies 10230 10269 
agency 10150 10230 10261 10271 
agent 10217 
aggie 10195 
agglutination 10286 
aggregates 10246 
aggressive 10187 
agnew 10272 
ago 10173 10227 10297 
agoura 10241 
agreed 10168 10195 10209 10246 10248 10264 10268 10273 
agreeement 10255 
agreement 10151 10172 10184 10194 10204 10221 10236 10245 10259 10264 10265 10268 10271 10273 
agreements 10228 10268 
agricultural 10195 10247 10250 10255 10268 
agriculture 10172 10175 10195 10239 
ahead 10278 
aid 10193 10195 10268 
aides 10264 
aids 10286 
aimed 10173 
aiming 10246 
air 10226 
aircraft 10268 
airfreight 10291 
airline 10226 
airlines 10188 
airways 10226 
ait 10159 
ajoy 10268 
albany 10161 
alberta 10219 
alcohol 10200 
alcoholism 10230 
alcudiai 10192 
alfred 10238 
alleged 10209 10264 
allen 10159 10232 
alliance 10210 
allowance 10231 10233 10292 
allowed 10191 10270 
allowing 10222 
alternative 10244 
alum 10258 
aluminum 10258 
am-andean 10256 
am-angola-benguela 10244 
am-bank-india 10250 
am-brazil-strikes 10220 
am-britain-poll 10210 
am-centam-banker 10179 10199 
am-dealer 10191 
am-economy-soviet- 10230 
am-launch 10189 
ambank 10233 
ambitious 10230 
amc 10187 
amendment 10222 
america 10150 
american 10158 10184 10187 10188 10192 10195 10209 10227 10231 10233 10241 10256 10264 
americans 10244 
americanture 10158 
ameritech 10159 
ames 10198 
aminobenzoate 10206 
ammonium 10206 
amo 10187 
amount 10208 10219 10234 10251 
amounted 10172 
amounts 10193 
amstutz 10239 
amt 10198 
anachronistic 10212 
analyst 10168 10278 
analysts 10168 10210 10212 10278 10292 10296 
andean 10256 
andrew 10228 
angeles 10158 10202 10227 10235 
angola 10244 
angolan 10244 
announce 10271 
announced 10167 10179 10187 10191 10199 10219 10256 10271 10291 10292 
announcement 10264 
announcing 10169 
annual 10190 10207 10208 10218 10222 10255 10273 10292 
annually 10173 10195 
anti-aids 10286 
anti-dumping 10209 10264 
anti-japanese 10278 
anticipated 10214 10216 10246 
anxiety 10206 
anz 10277 
apparent 10230 
appeal 10238 
appealed 10191 
appeared 10195 
appears 10230 10257 10270 
application 10204 
applied 10188 
apply 10275 
appreciation 10275 
approach 10195 10247 
approaching 10212 
approval 10167 10208 10214 10216 10221 10222 10238 10270 10275 10291 
approve 10214 
approved 10214 10216 10221 10222 10237 10250 
approves 10250 
april 10159 10162 10168 10169 10171 10180 10181 10186 10198 10208 10232 10240 10242 10243 10245 10251 10259 10265 10267 10269 10270 10271 10273 10275 10279 10280 10282 10285 
arabia 10175 
area 10161 10200 10205 10261 10278 
areas 10228 10239 10250 10257 
argentina 10256 
argues 10278 
arising 10272 
ariz. 10197 
arlington 10169 
arm 10250 
arms 10268 
arrangement 10214 10216 
arrays 10151 
arrive 10266 10278 
arsenal 10171 
arsenide 10151 
articles 10222 
arturo 10192 
asbestos 10268 
asia 10265 10278 
asked 10182 10230 
assembly 10164 10169 
asset 10150 10219 10291 
assets 10150 10158 10161 10190 10219 10223 10235 10247 
assistant 10192 
associate 10239 
associates 10174 
association 10180 10195 10228 10250 
assume 10149 10221 10223 
assumed 10223 10278 
assumes 10170 
assuming 10194 
assumption 10158 
assurance 10268 
assurances 10247 
atco 10181 10186 
atcor 10181 10186 
atlantic 10244 
atlas 10189 
att 10184 
attending 10192 
attitudes 10230 
attributable 10150 
attributed 10173 10272 
attributes 10230 
august 10280 10282 
australia 10272 10284 10288 10290 10292 10296 
australian 10277 10288 10291 10296 
author 10168 10230 10246 10268 10278 
authorities 10233 
authority 10229 10241 10288 
authorized 10184 10222 
automaker 10169 10187 
automotive 10204 
autonomous 10278 
avenue 10248 
average 10175 10177 10183 10190 10192 10200 10230 10246 10275 10293 
averaged 10192 10246 
avg 10165 10185 10211 10253 10254 
awarded 10166 
b. 10196 
b.p 10150 
b.v. 10150 
babcock 10241 
back 10248 
backed 10238 10255 
backup 10274 
bad 10239 
bags 10268 
bail 10247 
bailey 10239 
bailly 10211 
balance 10239 10245 10268 10291 10297 
balanced 10268 10289 
baldwin 10221 
baldwin-united 10221 
bales 10175 
balking 10266 
ball 10168 
bancorp 10161 
banctec 10160 
band 10246 
bank 10155 10156 10161 10177 10178 10179 10191 10199 10223 10235 10246 10247 10250 10259 10262 10263 10266 10267 10274 10277 10296 
banker 10213 
bankers 10195 10220 
banking 10191 10212 10223 10266 10270 
bankruptcy 10221 
banks 10155 10156 10161 10195 10212 10220 10246 10259 10266 10270 10274 
bankworkers 10220 
banning 10239 
bar 10270 
barley 10175 
barred 10274 
barrel 10190 10192 10228 
barrels 10190 10200 
barriers 10255 
barry 10159 
barter 10268 
bartering 10268 
base 10168 10261 10285 
based 10219 10270 10271 10289 
basic 10212 10247 10255 10268 10278 10297 
basin 10200 
basis 10157 10181 10221 10278 
bass 10292 
baton 10233 
bbb 10187 
bbb-minus 10187 
bbrc 10197 
bc- 10227 10235 10236 10245 
bc-******campbell-red-la 10215 
bc-******great-american 10231 
bc-******media-general-i 10201 10207 
bc-******n.y.-business-l 10153 
bc-******u.s.-bank-disco 10177 
bc-******u.s.-bank-net-f 10178 
bc-******u.s.-commercial 10154 
bc-******u.s.-m-1-money 10176 
bc-/moody's-may-cut-b.p 10150 
bc-acme-cleveland- 10198 
bc-american-ecology-corp 10241 
bc-americanture- 10158 
bc-ameritech- 10159 
bc-anz-bank-says-it-will 10277 
bc-atcor- 10181 
bc-atcor-inc- 10186 
bc-australia's-ruling-pa 10290 
bc-banctec- 10160 
bc-bank-of-japan-buys-do 10263 
bc-bank-of-japan-to-sell 10259 
bc-bce-development-to-bu 10248 
bc-bhp-co-ltd-net-profit 10281 
bc-bhp-sees-strong-fourt 10292 
bc-blasius-industries-in 10253 
bc-bomed-mideical- 10203 
bc-boston-edison- 10182 
bc-bp- 10168 
bc-bp-australia-reports 10272 
bc-brazil-oil-output-fel 10200 
bc-burr-brown- 10197 
bc-california-micro- 10151 
bc-campbell-red-lake-min 10225 
bc-campbell-soup-co- 10162 
bc-canamax 10214 
bc-ceco-corp-repurchases 10217 
bc-central-capital-plans 10208 
bc-chavin-raises-stake-i 10213 
bc-chrysler- 10164 10187 
bc-cineplex-odeon-to-off 10232 
bc-continuing-care-assoc 10174 
bc-courier- 10173 
bc-cpi- 10184 
bc-ctc-dealer-to-appeal 10238 
bc-dexter- 10204 
bc-ducommun-inc- 10242 
bc-electrosound-group-in 10165 
bc-equitable-resources-i 10163 
bc-farm-credit-aid-seen 10195 
bc-fdic-says-oklahoma-ba 10223 
bc-fed-data-indicate-pol 10246 
bc-flight-dynamics- 10252 
bc-gainsco-inc- 10254 
bc-gatt-warns-u.s.-on-fe 10255 
bc-ge- 10166 
bc-general-motors- 10169 
bc-glenwood-recalls-pres 10206 
bc-gold-production-to-st 10216 
bc-great-american- 10233 
bc-hawaiian-airlines- 10188 
bc-hawkeye-entertainment 10202 
bc-hernandez-says-next-f 10192 
bc-honeywell- 10218 
bc-howard-b.-wolf-inc- 10196 
bc-ibm- 10193 
bc-india-steps-up-counte 10268 
bc-international-mobile 10152 
bc-investment-group-ups 10224 
bc-japan-adopts-stop-gap 10279 
bc-japan-construction-or 10287 
bc-japan-consumer-prices 10261 
bc-japan-draft-economic 10271 
bc-japan-feb-current-acc 10294 
bc-japan-february-consum 10260 
bc-japan-february-curren 10297 
bc-japan-february-indust 10283 
bc-japan-february-trade 10295 
bc-japan-industrial-prod 10285 
bc-japan-likely-to-allow 10270 
bc-japan-seamless-pipe-m 10275 
bc-japan-to-introduce-ye 10274 
bc-jardine-matheson-hold 10280 10282 
bc-jardine-matheson-plan 10291 
bc-macmillan-bloedel- 10237 
bc-mcintyre-mines 10219 
bc-media-general- 10222 
bc-mexico-denies-british 10266 
bc-mobil- 10205 
bc-n.y.-bank-discount-bo 10156 
bc-n.z.-foreign-reserves 10262 
bc-n.zealand-budget-defi 10257 
bc-nakasone-to-visit-was 10265 
bc-national-banking-poss 10212 
bc-nec-corp-targets-home 10278 
bc-new-york-business-loa 10155 
bc-nissan- 10273 
bc-no-australian-treasur 10296 
bc-norstar- 10161 
bc-northern-indiana- 10211 
bc-ntt-considering-buyin 10269 
bc-occidental- 10170 
bc-oil-executives-see-st 10228 
bc-oregon-aluminum-smelt 10258 
bc-phlcorp- 10221 
bc-pik-certificates-in-e 10239 
bc-presidential-air- 10226 
bc-south-korea-plans-11- 10289 
bc-standard-oil- 10190 
bc-taiwan-to-issue-12-bi 10267 
bc-tektronix-inc- 10243 
bc-telecom-australia-off 10288 
bc-terrano-corp- 10185 
bc-the-broken-hill-pty-c 10284 
bc-thl-holdings-plans-to 10167 
bc-tokyo-group-develops 10286 
bc-tokyo-share-average-r 10293 
bc-tokyo-stock-index-ris 10276 
bc-tround-international 10194 
bc-two-resign-from-scott 10249 
bc-u.s.-farm-credit-prob 10247 
bc-u.s.-money-supply-m-1 10183 
bc-ual- 10157 
bc-urs-corp- 10240 
bc-usda-comments-on-expo 10175 
bc-ussr-shipments 10172 
bc-valley-federal- 10180 
bc-viacom- 10171 
bc-western-tele- 10234 
bc-westworld- 10251 
bc-white-house-budget-ch 10229 
bc-white-house-panel-sai 10264 
bc-white-house-unit-deci 10209 
bce 10248 
beach 10241 
beats 10206 
beaverton 10243 
beber 10221 
bedregal 10256 
began 10168 10246 10268 
begin 10204 10228 
beginning 10188 10218 10246 10247 
begun 10241 
beira 10244 
believes 10234 10245 10246 
bell 10248 
benefit 10239 
benefits 10221 10239 
benguela 10244 
beween 10239 
bhp 10281 10292 
bid 10168 10238 10268 
bids 10288 
big 10246 10259 
biggest 10191 10278 
bilateral 10265 10271 
bill 10195 
billes 10238 
billings 10223 
billington 10247 
billion 10150 10155 10161 10168 10176 10183 10187 10190 10191 10195 10211 10218 10229 10239 10246 10247 10255 10257 10259 10262 10266 10267 10268 10269 10272 10278 10279 10280 10282 10284 10287 10289 10291 10294 10295 10297 
bills 10246 10259 10274 
bipartisan 10195 
bishop 10149 
bitter 10199 
black 10244 
blah 10153 10154 10176 10177 10178 10201 10207 10215 10231 10260 10263 10276 10277 10281 10283 10293 10294 10295 
blas 10253 
blasius 10253 
blasted 10189 
bloc 10268 
block 10238 
blocked 10168 
bloedel 10237 
blood 10286 
blow 10189 
blue 10292 
blueprint 10212 
board 10168 10179 10180 10199 10213 10221 10247 10249 10289 10291 
bob 10221 10290 
bolivia 10256 
bolivian 10256 
bomd 10203 
bomed 10203 
bond 10270 10274 10279 10288 
bonds 10267 10288 
bonus 10280 10282 10284 10291 10292 
books 10155 10266 10280 10282 10286 
boom 10278 
boost 10190 10246 10271 10278 10289 
boosted 10239 
boosting 10173 
bop 10294 10295 10297 
boren 10195 
borne 10255 10292 
borrow 10156 
borrowers 10195 10247 
borrowings 10156 10177 10246 
boschwitz 10239 
boss 10273 
boston 10182 
bottles 10206 
bottom 10246 
bottomed 10228 
bought 10232 10268 
boycott 10271 10279 
bp 10150 10168 10190 10272 
bp.l 10272 
bpca 10150 
bpd 10200 
brains 10278 
branches 10161 10270 
brand-name 10273 
brazil 10200 10220 10256 10268 
brazilian 10200 
break 10214 10216 10268 
brett 10258 
brian 10239 
bricks 10247 
bring 10212 
bringing 10223 10258 
britain 10175 10210 
british 10150 10168 10190 10237 10248 10266 10272 
brkn.s 10284 10292 
broad 10195 10212 10228 
broaden 10195 10222 
broadened 10195 
brodsky 10249 
broken 10284 10292 
broking 10270 
brook 10217 
brothers 10157 10168 10278 
brought 10230 10291 
bruce 10168 
brusca 10246 
bse 10182 
btec 10160 
bubble 10228 
budget 10229 10239 10255 10257 10271 10279 10289 
build 10244 10248 10278 
building 10205 
bulk 10268 
bull 10278 
bulp.p 10278 
bureau 10195 
bureaucracy 10230 
burnham 10152 10217 
burr-brown 10197 
business 10153 10155 10184 10191 10193 10247 10255 10271 10272 10274 10278 10279 10291 
business-like 10247 
businessmen 10268 
butcher 10152 
buy 10168 10213 10232 10234 10246 10247 10268 10269 
buybacks 10234 
buydown 10195 
buyer 10175 
buyers 10175 
buying 10268 10269 
buyout 10217 10218 
buys 10158 10263 
c.w 10228 
cabinet 10265 
cables 10266 
caffeine 10206 
cake 10175 
calendar 10275 
caliber 10194 
calif. 10151 10180 10203 10204 10234 10236 10240 10241 10242 10251 
california 10151 
call 10209 10229 10264 10290 
called 10161 10183 10195 10209 10212 10229 10236 10274 
calls 10194 10271 10274 
cam 10151 
camd 10151 
camden 10162 
campaign 10286 
campbell 10162 10215 10225 
campos 10200 
canada 10169 10175 10187 10208 10214 10216 10219 10225 10232 10238 10248 
canadian 10150 10214 10216 10238 10266 
canamax 10214 10216 
canaveral 10189 
canberra 10290 
candidates 10221 
canton 10167 10174 
capabilities 10151 
capacity 10226 10228 10258 10269 10275 10278 
cape 10189 
capita 10199 
capital 10150 10187 10190 10208 10214 10216 10232 10247 10278 10292 10297 
capitalization 10150 
capitol 10212 
car 10164 10169 10285 
caracas 10192 
cardiac 10203 
care 10174 10239 
caribbean 10192 
carole 10278 
carrier 10226 
carries 10247 
carry 10230 10247 10267 10278 
cars 10268 
cartel 10275 
carter 10252 
case 10191 10238 
cash 10150 10158 10190 10219 10239 10291 
cassette 10264 
casualty 10245 
caught 10278 
caused 10191 10275 
causing 10191 
cautious 10246 
ceco 10217 
cement 10292 
cent 10220 
centaur 10189 
central 10179 10199 10208 10230 10246 10267 
centrist 10210 
cents 10280 10282 10284 10291 10292 
ceo 10198 
certificates 10239 10259 
chairman 10159 10170 10182 10195 10198 10221 10228 10229 10239 10247 10252 10291 
chairs 10266 
challenged 10244 
chance 10268 
change 10187 10230 10246 10278 10291 
chapter 10158 10185 
charge 10211 10231 10233 
charge-offs 10233 
charles 10198 
chavin 10213 
cheap 10228 
cheaper 10278 
chemical 10272 10285 
chemicals 10268 
cherrin 10246 
chevrolet-pontiac-gm 10169 
chicago 10184 10205 10213 10247 
chief 10159 10170 10179 10182 10191 10198 10199 10209 10219 10229 10252 10264 10265 10271 
childhood 10191 
chile 10255 
chiles 10229 
china 10175 10203 
chip 10193 
chipmakers 10278 
chips 10151 10193 
chloride 10206 
chrysler 10164 10187 
cia-dia 10230 
cie 10278 
cineplex 10232 
circle 10292 
circuitry 10193 
circuits 10193 
cited 10150 10187 
citibank 10266 
cities 10228 10286 
city 10156 10161 10248 10266 
claim 10191 
claims 10221 
class 10208 10222 10234 
clause 10268 
clear 10257 10290 
clerical 10274 
cleveland 10190 10198 
clients 10168 
climate 10255 
climb 10228 
clinics 10286 
close 10246 10280 10282 10288 10293 
closed 10209 10223 10258 10264 10266 
closely 10239 
closer 10193 10271 
closing 10232 
clothing 10261 
co-manage 10152 
co-managed 10157 
coal 10219 
coalition 10290 
coast 10228 
coffee 10268 
collapsed 10191 
college 10286 
colombia 10192 10255 10256 
columbia 10237 10248 
combat 10192 
combination 10161 10255 
combine 10161 10278 
combined 10161 10255 
combining 10161 
comment 10199 10230 10236 10292 
commented 10264 
commenting 10272 
comments 10168 10175 10195 10239 
commerce 10268 
commercial 10154 10155 10187 10195 10212 10259 10274 
commercially 10193 
commission 10152 10213 10224 10232 10238 10268 
commissioned 10274 
commissioning 10292 
commitment 10230 10266 
committee 10212 10230 10239 10246 10266 
commodities 10268 
commodity 10230 10239 
common 10158 10167 10180 10208 10221 10222 10232 10238 
communications 10189 10278 
community 10191 10251 10273 10275 
commutation 10245 
compact-disc 10197 
company 10150 10151 10152 10158 10159 10160 10167 10173 10182 10187 10188 10194 10197 10198 10200 10202 10206 10211 10218 10219 10221 10222 10232 10234 10236 10237 10241 10245 10249 10252 10272 10273 10275 10278 10291 10292 
comparable 10157 
compared 10218 10233 10239 10246 10268 
compatibility 10278 
compatible 10278 
compensate 10279 
compensation 10272 
competition 10187 10228 10275 10278 
competitive 10173 10187 10195 
competitors 10247 10278 
complained 10230 
complete 10204 
completed 10202 10219 10220 10245 10291 
completes 10202 10219 
completion 10168 10291 
complexity 10151 
compound 10286 
comprehensive 10271 
computer 10184 10193 10278 
computers 10184 10230 10264 10278 
conc 10174 
conceded 10239 
concern 10195 10246 
concerns 10255 
concrete 10212 
condition 10206 
conditional 10214 10216 
conditionally 10214 10216 
conditions 10189 
conducting 10233 
conference 10168 10192 10212 10271 
confidence 10247 
confined 10292 
confirming 10266 
conflicting 10230 
congress 10192 10212 10239 10244 10247 
congressional 10212 10230 10239 
connecting 10188 
consecutive 10261 10287 
conservatives 10210 
conserve 10268 
considerable 10214 10216 
considerably 10257 
consideration 10219 
considers 10290 
consolidated 10278 
construction 10241 10271 10287 
consulting 10264 
consumer 10260 10261 10274 
consumption 10200 10239 
contact 10149 
contactless 10193 
contained 10266 
contingently 10219 
continue 10149 10181 10188 10221 10234 10239 10247 10252 
continued 10209 10212 10264 
continues 10219 10230 10246 
continuing 10174 10255 10278 10291 
continuous 10203 
contract 10166 10236 10268 
contracts 10191 10203 10241 
contribute 10266 
contribution 10266 
contributor 10285 
control 10189 10213 10221 10291 
controlled 10219 
controllers 10189 
controlling 10238 
controls 10244 
convertible 10152 
coodination 10261 
cooke 10188 
cooperate 10273 
cooperatives 10247 
coordinating 10256 
copyright 10278 
corn 10172 10175 10239 
corp. 10258 
corporate 10278 10284 
corporation 10247 
corporations 10268 10270 10274 
corrected 10207 10227 
corrects 10207 10227 
correspond 10246 
corresponds 10266 
corridor 10244 
corruption 10230 
cost 10195 10209 10214 10216 10239 10244 10247 
costa 10179 10199 
costa-rica 10179 10199 
costs 10173 10214 10216 10228 10239 10261 10275 10292 
cotton 10175 
council 10209 10264 10265 
counsel 10221 
counselling 10286 
counteract 10256 
countertrade 10268 
countertrading 10268 
counting 10239 
countries 10209 10228 10250 10255 10256 10264 10265 10268 10271 
country 10179 10199 10200 10230 10255 10268 
counts 10230 
county 10241 
coupon 10157 10246 
courier 10173 
court 10168 10191 10220 10238 10278 
cover 10195 10197 10272 
coverage 10150 
coverted 10222 
cp 10274 
cpb 10162 
cpi 10184 10260 10261 
cpic 10184 
crash 10191 
cray 10269 
create 10202 10278 10291 
creation 10195 
credit 10187 10195 10217 10219 10239 10247 10250 10254 10274 
creditors 10158 10191 
credits 10165 10246 10253 10292 
creditwatch 10187 
crisis 10212 10290 
critical 10192 
criticised 10269 
criticized 10229 
criticizes 10229 
crk 10225 
cross 10291 
crowley 10239 
crrc 10173 
crucial 10192 
crude 10168 10190 10192 10200 10228 10268 10272 
csbp 10272 
ct 10253 
ctc 10238 
cts/shr 10201 10207 
cuban-backed 10244 
cubic 10190 
cumming 10221 
curb 10267 
curbed 10239 
curbs 10209 10264 
currency 10191 10268 10271 
current 10160 10163 10175 10188 10205 10253 10255 10268 10278 10294 10297 
customers 10161 10278 
cut 10150 10173 10181 10186 10229 10268 10277 
cutbacks 10278 
cuts 10173 10181 
cutting 10239 10255 
cypress 10242 
cyprus 10175 
cyr 10269 
d-fla. 10229 
d-iowa 10239 
d-okla. 10195 
d-vt. 10239 
daily 10175 10188 10190 10210 
dairy 10291 
dallas 10160 10196 
dallas-based 10228 
dalles 10258 
damages 10191 
damaging 10193 
dampen 10210 
dan 10170 
danger 10192 
daniel 10239 
danny 10191 
data 10155 10246 
dattel 10191 
david 10168 10195 10198 10238 10249 
davis 10170 
day 10177 10190 10192 10200 10206 10220 10228 10246 10264 10278 
days 10209 10220 10266 10274 10279 
dco 10242 
de 10200 10220 
deal 10157 10187 10266 10270 
dealer 10149 10191 10238 
dealers 10238 10263 
deals 10268 
dearborn 10205 
debate 10212 
debates 10239 10271 10279 
debentures 10150 
debt 10150 10179 10185 10187 10199 10218 10247 10251 10255 10266 10268 10291 
debts 10291 
dec 10185 
decade 10255 
december 10217 10219 10233 10257 10258 10268 10285 
decided 10264 10291 
decides 10209 
decision 10179 10199 10238 10258 10264 10269 10290 10296 
decision-making 10247 
declared 10180 10222 
declaring 10292 
decline 10190 10197 10225 10268 10287 10292 
declined 10255 10270 10275 
declining 10272 
decreases 10175 
dedicate 10179 10199 
deeper 10228 
defense 10229 10230 
deferred 10150 
deficiency 10286 
deficient 10229 
deficit 10255 10257 10268 10272 10297 
define 10192 
defined 10192 10239 
deflator 10289 
delaware 10221 
delay 10245 10264 10279 
delayed 10279 
delegations 10192 
delhi 10268 
delisting 10213 
deliverability 10228 
delivery 10172 10247 
delta 10189 
demand 10197 10228 10246 10271 10275 10278 10279 10296 
demanding 10220 
democracies 10265 
democrat/liberal 10210 
democratic 10239 10271 
denial 10168 
denied 10266 
denies 10266 
denshin 10274 
denton 10249 
denwa 10274 
department 10172 10175 10188 10205 10239 
departure 10199 10249 
depend 10268 
dependence 10244 
dependent 10244 
depending 10192 
depends 10275 
deplete 10233 
deposit 10214 10216 10223 10259 10270 
deposits 10223 10235 
depreciation 10255 10284 
depressed 10181 
depressing 10239 
depths 10228 
deputy 10239 
derivatives 10200 
derived 10241 
des 10278 
design 10151 10241 10273 
designed 10250 10273 
desire 10246 
desmond 10252 
destinations 10175 
destroyed 10189 
details 10264 10285 10289 10291 
determine 10193 10245 
determined 10171 
detroit 10164 10169 
develop 10151 10202 10204 
developed 10151 10256 10278 10286 
developer 10213 
developing 10193 10255 
development 10193 10205 10214 10216 10248 10250 10255 10271 10278 
develops 10286 
devices 10151 
dex 10204 
dexter 10204 
diagnosis 10286 
difficult 10212 10268 
difficulties 10247 10292 
difficulty 10268 
director 10168 10191 10229 10239 10252 
directorate 10247 
directors 10179 10199 10221 10249 10291 
disadvantage 10195 
disagree 10239 
disarray 10290 
disclose 10209 
disclosed 10190 
discontinued 10206 
discount 10156 10177 10246 10259 
discouraged 10230 
discoveries 10190 
discreetly 10268 
discuss 10192 10265 10271 
discussed 10212 10290 
dismal 10228 
display 10278 
disposals 10291 
disprportionate 10229 
disputes 10278 
distinct 10168 
distributed 10206 
distribution 10250 10292 
div 10162 10163 10186 10201 10207 10240 10242 10243 10280 10282 10284 
diversify 10212 
divestiture 10150 
dividend 10162 10163 10180 10181 10186 10222 10240 10242 10243 10272 10280 10282 10291 10292 
dividends 10167 10292 
division 10166 10184 10204 10292 
divisional 10284 
dlr 10150 10161 10166 10183 10217 10218 10219 10225 10228 10229 10250 10251 10263 10266 10272 10288 10292 10297 
dmp 10225 
dollar 10246 10255 10259 10275 
dollars 10263 
dome 10225 
domestic 10187 10212 10229 10239 10255 10265 10268 10271 10275 10292 
dominant 10175 
dominated 10175 
dominican 10175 
dominican-republic 10175 
doses 10206 
doubled 10273 
douglas 10257 
downgrade 10150 
downtown 10205 10248 
downturn 10278 10285 
downward 10190 10287 
draft 10271 
drafted 10229 
draw 10195 
dressing 10246 
drexel 10152 10217 
drilling 10228 10268 
drillship 10272 
drive 10268 
driving 10239 
drop 10200 10260 10261 10272 10283 10285 10287 
dropped 10190 10228 10292 
drug 10206 
ducommun 10242 
due 10157 10190 10200 10206 10217 10218 10220 10250 10251 10259 10261 10268 10271 10275 10278 10292 
dump 10209 
dumping 10209 10264 10265 
duncan 10247 
duplication 10247 
dutch/shell 10168 
duties 10170 10209 10264 
dynamics 10252 
dynamism 10268 
earlier 10175 10190 10192 10209 10212 10221 10230 10233 10245 10261 10266 10271 10285 10287 10291 10292 10297 
early 10182 10210 10246 10268 10269 10270 10271 10290 10291 
earn 10162 10163 10165 10173 10174 10180 10181 10185 10186 10196 10197 10201 10207 10208 10211 10215 10218 10222 10225 10227 10231 10233 10235 10237 10240 10242 10243 10245 10253 10254 10272 10280 10281 10282 10284 10291 10292 
earned 10197 10292 
earnings 10181 10185 10197 10255 10284 10292 
easier 10161 
easing 10246 
east 10228 10291 
eastern 10268 
easy 10268 
ec 10273 10275 
ecol 10241 
ecology 10241 
economic 10199 10209 10230 10233 10244 10256 10264 10265 10271 10289 
economics 10195 
economist 10246 
economists 10183 10246 10247 10255 
economy 10230 10246 10279 
ecuador 10192 10256 
edge 10290 
edged 10246 
edison 10182 
edition 10210 
eduardo 10179 10199 
education 10261 
educator 10179 
effect 10163 10239 10246 10279 
effected 10180 
effective 10159 10163 10170 10198 
effects 10206 10245 
efficiencies 10161 
effort 10194 10266 
efforts 10192 10230 
egan 10159 
eight-year 10157 
elected 10198 10221 
election 10210 10290 
electric 10166 10274 10278 
electrical 10193 
electricity 10261 
electronic 10268 
electronics 10236 10278 10285 
electrosound 10165 
eligible 10195 10270 10274 
embar 10230 
emergency 10188 
emerging 10247 
emphasis 10255 
enable 10247 
enabled 10272 
encouraging 10255 
end 10190 10246 10266 10273 10292 
end-february 10267 
end-march 10273 
end-of-year 10257 
endeavour 10272 
ended 10155 10156 10168 10172 10175 10246 10253 10268 10278 10284 10292 
ending 10257 10278 
endorsed 10195 
endorsements 10195 
ends 10246 10290 
energy 10192 
engineering 10204 10268 
englewood 10234 
enjoyed 10210 
entered 10194 
enterprise 10230 
enterprises 10248 
enters 10220 
entertainment 10202 
entities 10187 
entitled 10171 
entitling 10221 
environment 10233 
epa 10271 
eqt 10163 
equally 10266 
equipment 10149 10160 10228 10230 10236 10268 10273 
equitable 10163 
equivalent 10163 
era 10278 
erect 10205 
erie 10253 
erratic 10246 
esg 10165 
espinosa 10192 
est 10251 
establish 10194 
establishment 10195 
estate 10195 10213 10233 
estenssoro 10256 
estimate 10275 
estimated 10168 10214 10216 10239 10268 
estimates 10190 10233 10239 
eurobonds 10150 
eurocommercial 10187 
eurodebt 10150 
european 10255 10273 10275 
evaluate 10149 
eventual 10256 
eventually 10168 
evidence 10191 
evolved 10291 
examination 10233 
examiners 10233 
exceed 10245 
excellent 10278 
excess 10150 10194 10246 10259 10275 10278 
excessive 10255 
excessively 10206 
exchange 10152 10191 10192 10213 10224 10232 10251 10253 10255 10268 10270 
exchanged 10221 
exclude 10185 10268 
excluded 10150 10268 10280 10282 
excludes 10165 10211 10253 
excluding 10155 
exclusively 10195 10206 
executed 10241 
executive 10159 10170 10182 10198 10219 10252 
executives 10182 10228 
exemption 10188 
exercise 10291 
existing 10217 10232 10247 10278 
expand 10188 10258 
expanded 10255 10278 
expanding 10255 10278 
expansion 10255 10291 
expect 10168 10246 10270 
expectation 10257 
expectations 10246 
expected 10160 10220 10228 10233 10239 10257 10268 10269 10270 10272 10274 10275 10278 10285 10292 
expects 10173 10190 10234 10291 10292 
expenditure 10257 
expenses 10173 
expensive 10255 
experience 10228 
experts 10230 10255 
expires 10219 
explained 10246 
explanation 10255 
exploration 10228 10272 
exploring 10195 
export 10172 10175 10255 10275 
exporters 10192 
exporting 10228 
exports 10209 10255 10268 10273 10275 10297 
extend 10214 10216 10238 
extended 10173 10238 10246 
extending 10251 
extends 10251 
extraordinary 10185 10225 10272 10280 10282 10284 10292 
eye 10239 
f0003 10279 
f0004 10280 
f0005 10281 
f0006 10282 
f0009 10283 
f0012 10284 
f0020 10285 
f0024 10286 
f0026 10287 
f0030 10288 
f0042 10289 
f0044 10290 
f0046 10291 
f0049 10292 
f0051 10293 
f0059 10294 
f0064 10295 
f0067 10296 
f0068 10297 
f2519 10150 
f2526 10151 
f2529 10152 
f2532 10153 
f2533 10154 
f2534 10155 
f2535 10156 
f2542 10157 
f2543 10158 
f2547 10159 
f2550 10160 
f2551 10161 
f2553 10162 
f2554 10163 
f2557 10164 
f2559 10165 
f2564 10166 
f2565 10167 
f2569 10168 
f2574 10169 
f2576 10170 
f2577 10171 
f2580 10172 
f2582 10173 
f2586 10174 
f2588 10175 
f2599 10176 
f2600 10177 
f2601 10178 
f2609 10179 
f2614 10180 
f2616 10181 
f2618 10182 
f2624 10183 
f2629 10184 
f2630 10185 
f2633 10186 
f2634 10187 
f2639 10188 
f2641 10189 
f2646 10190 
f2648 10191 
f2659 10192 
f2661 10193 
f2667 10194 
f2669 10195 
f2670 10196 
f2674 10197 
f2676 10198 
f2684 10199 
f2691 10200 
f2692 10201 
f2693 10202 
f2694 10203 
f2696 10204 
f2699 10205 
f2713 10206 
f2717 10207 
f2720 10208 
f2721 10209 
f2730 10210 
f2737 10211 
f2743 10212 
f2747 10213 
f2749 10214 
f2754 10215 
f2755 10216 
f2759 10217 
f2762 10218 
f2765 10219 
f2770 10220 
f2775 10221 
f2779 10222 
f2782 10223 
f2788 10224 
f2789 10225 
f2790 10226 
f2800 10227 
f2810 10228 
f2813 10229 
f2815 10230 
f2823 10231 
f2826 10232 
f2827 10233 
f2833 10234 
f2837 10235 
f2840 10236 
f2843 10237 
f2844 10238 
f2845 10239 
f2846 10240 
f2849 10241 
f2850 10242 
f2852 10243 
f2856 10244 
f2857 10245 
f2862 10246 
f2867 10247 
f2869 10248 
f2871 10249 
f2878 10250 
f2881 10251 
f2882 10252 
f2883 10253 
f2889 10254 
f2892 10255 
f2904 10256 
f2906 10257 
f2909 10258 
f2913 10259 
f2915 10260 
f2916 10261 
f2925 10262 
f2927 10263 
f2929 10264 
f2964 10265 
f2970 10266 
f2973 10267 
f2974 10268 
f2986 10269 
f2991 10270 
f2995 10271 
f3003 10272 
f3012 10273 
f3016 10274 
f3021 10275 
f3024 10276 
f3038 10277 
f3039 10278 
faced 10247 
faces 10247 10278 
facilitate 10223 
facility 10241 
facsimile 10285 
fact 10278 
factor 10226 10250 
factories 10255 
factors 10268 
facts 10239 
fail 10223 
failed 10189 10278 
failing 10195 
fails 10189 
failure 10189 10246 
failures 10223 
fair 10195 
fairly 10246 
falcf 10219 
falconbridge 10219 
fall 10153 10155 10250 10261 10262 10292 
fallen 10275 10291 
fargo 10246 
farm 10195 10247 10250 10291 
farm-out 10228 
farm-state 10195 
farmers 10195 10247 10272 
farmland 10195 
fast 10230 
faster 10286 
fastest 10286 
favor 10195 
favorably 10239 
fax 10184 
fdic 10223 
fear 10195 10246 
feasibility 10214 10216 
feb 10165 10196 10211 10253 10284 10294 
february 10167 10200 10226 10260 10261 10262 10267 10283 10285 10287 10288 10292 10295 10297 
fed 10153 10154 10156 10176 10177 10178 10246 
federal 10155 10156 10180 10183 10190 10212 10223 10228 10246 10255 
federation 10195 10220 
feedgrains 10239 
feel 10239 
feeling 10239 
feet 10190 
fell 10155 10200 10261 10262 10272 10275 10285 10287 10292 10297 
fewer 10150 
fibre 10268 
fiero 10169 
fighting 10244 
figure 10210 10268 
figures 10195 10268 10297 
filed 10152 10232 
files 10152 
fill 10249 
filled 10226 10252 
film 10202 
final 10212 10233 10257 10280 10282 10284 10290 10292 
finalise 10272 
finance 10150 10167 10255 10257 10266 10270 10274 10297 
financed 10217 
financial 10150 10161 10170 10182 10187 10212 10233 10248 10270 10274 10291 
financially-troubled 10195 
financing 10214 10216 10217 10259 
find 10239 
finding 10228 10230 10245 
findings 10210 10233 
finished 10285 
fire 10245 
firm 10213 10268 10278 10291 
firms 10268 10274 10275 10278 10287 
fiscal 10160 10173 10229 10239 10246 10257 10268 10271 10279 
fit 10247 
five-level 10248 
five-minute 10286 
fl-yr 10225 
fla. 10189 
fleet 10161 
fleming 10291 
flexibility 10150 10291 
flexible 10268 
flight 10252 
flight-qualify 10194 
flights 10188 
floor 10239 10275 
florida 10241 
flow 10190 10257 10291 
flown 10226 
flows 10190 10219 
flt 10161 
flty 10252 
fly 10188 
focus 10195 10278 
focused 10195 
focusing 10246 
follow 10278 
fomc 10246 
food 10261 
foot 10248 
footwear 10261 
forced 10168 10245 
forecast 10183 10257 10289 
forecasting 10278 
forecasts 10255 10278 10292 
foreign 10191 10199 10203 10255 10256 10262 10264 10265 10268 10269 10270 10287 
forest 10251 
forfeited 10247 
forgiveness 10185 
forklift 10273 
form 10180 10195 10272 10275 
formal 10212 10279 
formalizing 10266 
formed 10192 10221 10256 
fort 10254 
forward 10191 10228 
found 10193 
four-for-one 10291 
four-level 10248 
four-week 10175 10183 
four-wheeled 10273 
four-wheelers 10273 
fourth 10172 10233 10245 10287 10292 
france 10278 
frank 10247 
fraud 10191 
frederick 10249 
free 10178 10246 10268 10291 
freed 10191 
freight 10244 
french 10266 
frequently 10239 
friction 10265 10278 
friday 10155 
frustration 10264 10269 
fuel 10200 10228 10241 10261 
fuelling 10255 
full 10211 10212 10218 10230 10255 10279 10292 
full-fledged 10271 
function 10291 
fund 10150 10224 
fundamental 10255 
funds 10234 10246 10291 10296 
future 10233 10247 10278 10291 10292 
futures 10270 
gain 10174 10185 10225 10228 10254 10285 10287 10292 
gained 10210 
gains 10210 10230 10254 
gainsco 10254 
gallium 10151 
gallup 10210 
gao 10239 
gap 10268 
gardens 10206 
gas 10190 10200 10228 10261 10268 10291 
gasparac 10170 
gate 10151 
gatt 10255 10268 
gave 10210 10268 10285 10291 
ge 10166 
geared 10255 
geiger 10252 
general 10166 10169 10201 10207 10221 10222 10239 10255 10268 10280 10282 10291 
generally 10292 
generation 10193 
generations 10247 
generic 10239 
geneva 10255 
geographic 10212 
germany 10191 10255 10273 
gesture 10244 
giant 10169 
give 10249 10264 10275 10278 10290 10291 
giving 10163 10270 
glenwood 10206 
global 10268 
globalisation 10278 
gm 10149 10169 
gnp 10289 
goal 10192 
goals 10230 
goaqc 10158 
goed 10230 
gold 10214 10216 
goldman 10168 10230 
good 10258 10291 
goods 10239 10244 10255 10257 10264 10268 10278 10285 
gorbachev 10230 
gosei 10204 
gotoda 10265 
governing 10264 
government 10179 10195 10199 10219 10229 10230 10239 10244 10250 10255 10259 10261 10265 10266 10269 10271 10272 10279 10288 10289 10290 
governor 10212 
gq 10151 
grading 10214 10216 
gradual 10228 
gradually 10228 10278 
grain 10172 10175 10268 
grains 10172 
great 10231 10233 
greater 10175 10191 10193 10246 
greatly 10150 
green 10230 
grew 10230 10255 
grisanti 10192 
gross 10173 10289 
ground 10210 
group 10149 10161 10165 10168 10192 10213 10218 10224 10232 10238 10244 10256 10264 10272 10273 10286 10291 10292 
grow 10255 10289 
growing 10264 10265 10269 10274 10278 
grown 10230 10271 
grows 10228 
growth 10230 10246 10255 10268 10278 
grubb 10170 
grumman 10151 
gtam 10233 
guam 10188 
guarantee 10244 
guaranteed 10150 10274 
guilermno 10192 
guillermo 10256 
gulf 10228 
gun 10194 
h.k 10280 10282 10291 
ha 10188 
half 10156 10191 10255 10272 10278 
hammond 10211 
hand 10286 
handle 10274 
handling 10199 10239 
hands 10292 
happen 10212 
hard 10209 
hardening 10151 
hardware 10269 10278 
harkin 10239 
harl 10195 
harold 10246 
harsh 10239 
harvard 10230 
harvey 10181 10186 
hauppauge 10165 
hawaiian 10188 
hawke 10290 
hawkeye 10202 
hbw 10196 
headed 10192 
headquarters 10161 10244 
health 10206 
healthcare 10251 
heard 10238 
hearing 10195 10230 10239 
heart 10206 
heavily 10246 
held 10171 10228 10292 
helicopter 10194 
helicopters 10194 
heller 10212 
helped 10292 
helpful 10239 
helping 10268 
hemoportugal 10203 
henson 10219 
hernandez 10192 
herstatt 10191 
hertz 10157 
high 10187 10230 10247 10264 10278 
higher 10168 10197 10239 10255 10261 10285 10292 10296 
highest 10175 10199 
highrise 10205 
hike 10228 
hill 10212 10284 10292 
hills 10241 
history 10247 
hit 10209 10246 10268 
hk 10291 
hkld.hkg 10291 
hodge 10170 
hold 10209 10213 10246 10264 10265 10291 
holder 10222 
holders 10167 10181 10291 
holdings 10150 10167 10171 10219 10238 10259 10280 10282 10291 
holds 10182 10232 
home 10271 10278 
hon 10218 10278 
honeywell 10218 10278 
hong 10203 10280 10282 10291 
hong-kong 10280 10282 10291 
honolulu 10188 
hope 10278 
hoped 10212 
hoping 10278 
hospitals 10286 
hours 10173 
house 10209 10229 10264 10265 10271 10274 
houses 10259 10270 10274 
housing 10261 
houston 10228 
howard 10196 
huge 10271 10279 
human 10255 
hundred 10239 
hung 10210 
hurdles 10168 
hurting 10246 
hysol 10204 
ian 10221 
ibm 10193 10278 
ida 10250 
idea 10275 
ideas 10192 
identified 10206 
identify 10286 
idle 10255 
idled 10169 
idles 10169 
ii 10269 
ilaqua 10168 
ill 10206 
ill. 10170 10181 10186 10217 
illustrating 10268 
image 10160 
imbalance 10271 10291 
imbalances 10255 
immc 10152 
immediately 10199 10220 10244 
immune 10286 
impact 10255 
impetus 10268 
implement 10250 
implications 10187 10264 10292 
import 10268 10279 
important 10161 10193 
imported 10192 
imports 10228 10255 10268 10271 10297 
impose 10209 10264 
imposed 10209 
imposing 10209 10264 
impossible 10246 
impressed 10239 
improve 10230 10278 
improved 10250 10272 
improvement 10228 10233 
improving 10250 
imputation 10292 
inadequate 10247 
inc. 10150 
incentives 10230 
include 10150 10195 10224 10233 10247 10268 10271 
included 10184 10195 10264 10272 
includes 10174 10225 10246 10253 10254 10279 
including 10150 10155 10195 10214 10216 10268 10271 10274 
income 10150 10239 10257 10284 
incomes 10250 
incompetent 10230 
inconsistent 10239 
incorporation 10222 
incorrect 10239 
increaes 10175 
increase 10168 10183 10187 10188 10197 10217 10222 10228 10229 10239 10245 10250 10255 10258 10271 10278 10287 10289 10292 
increased 10190 10222 10224 10226 10228 10229 10230 10239 10255 10261 10291 10292 
increases 10175 10233 
increasing 10228 10255 10258 
incurring 10173 
ind. 10211 
indebted 10255 
indefinite 10169 
indefinitely 10234 
independent 10228 10278 
independents 10228 
indeterminate 10234 
index 10261 10270 10276 10285 
india 10250 10268 
indian 10244 10250 10268 
indiana 10211 
indicating 10246 
indies 10224 
individual 10247 
individuals 10270 
indonesia 10268 
industrial 10155 10204 10230 10265 10271 10278 10283 10285 
industries 10167 10204 10253 10275 10285 10287 
industritillbehor 10224 
industry 10187 10209 10212 10228 10264 10265 10269 10273 10275 10278 10285 
inequitable 10250 
inexperience 10270 
infighting 10199 
inflation 10255 
influenced 10292 
informal 10192 
information 10193 10278 
infrastructure 10271 
infringe 10278 
ingemar 10224 
inherent 10268 
initial 10151 10168 10202 
innovation 10230 
input 10239 
insignificant 10268 
install 10230 
institute 10230 
institution 10161 10195 10230 
institutional 10234 
institutions 10270 10274 
instructed 10271 
instruments 10249 
insufficient 10255 
insular 10247 
insurance 10195 10223 10270 10274 
intelligence 10230 
intended 10221 
intends 10179 10199 10233 
intensely 10187 
intensity 10230 
intention 10167 10256 
interest 10150 10156 10195 10219 10222 10246 10247 10255 10267 10270 10277 10284 
interested 10268 
interests 10291 
intermediary 10274 
international 10152 10160 10171 10187 10193 10194 10227 10250 10275 10278 10285 10291 
interstate 10212 
interval 10191 
interview 10278 
introduce 10274 
introduction 10292 
inventories 10197 
inventory 10169 10197 
invest 10278 
investment 10168 10213 10224 10247 10255 10278 10291 10292 
investments 10254 10284 
investor 10222 
investors 10150 10157 10224 10234 10247 10274 
invisible 10297 
involve 10264 
involved 10158 10206 10275 
involving 10225 10268 
iowa 10195 
ipi 10230 10283 10285 
iron 10268 10292 
iron-steel 10268 10275 
irrelevant 10278 
irrigation 10250 
irvine 10203 10236 
island 10161 
islands 10188 
israel 10175 
issuance 10158 
issue 10157 10267 10274 10280 10282 10284 10288 10291 10292 
issued 10180 10217 10267 
issues 10150 10187 10212 10222 10234 10239 10271 10274 10279 
item 10227 
items 10149 10280 10282 10284 
ivan 10191 
j.c. 10228 
jacobs 10249 
jailed 10191 
jaime 10192 
jamba 10244 
james 10182 10195 10221 10229 
james-miller 10229 
jan 10294 
janeiro 10200 10220 
january 10168 10190 10206 10243 10260 10261 10262 10273 10283 10285 10287 10295 10297 
japan 10175 10204 10209 10255 10259 10260 10261 10263 10264 10265 10269 10270 10271 10273 10274 10275 10278 10279 10283 10285 10286 10287 10291 10293 10294 10295 10297 
japanese 10209 10246 10264 10269 10270 10275 10278 10287 
jard.hkg 10280 10282 10291 
jardine 10280 10282 10291 
javier 10192 
jeopardising 10291 
jim 10247 
job 10173 
john 10252 
join 10238 10270 
joint 10170 10194 10230 10278 
jointly 10150 10214 10216 10230 10273 
jonas 10244 
jose 10179 10192 10199 
joseph 10182 10221 10246 
judge 10220 
july 10264 10273 10292 
jump 10291 10297 
june 10159 10163 10210 10222 10265 10280 10282 
junko 10286 
jute 10268 
kassel 10191 
kawasaki 10275 
kaws.t 10275 
kelvin 10192 
kennan 10230 
kent-moore 10149 
keswick 10291 
ketza 10214 10216 
key 10193 
kimal 10203 
kimball 10221 
kind 10193 10268 
kingdom 10203 
kk 10275 
kokan 10275 
kokusai 10274 
kondo 10271 
kong 10203 10280 10282 10291 
korea 10175 10255 10289 
korean 10268 
koreans 10268 
kuranari 10265 
kwinana 10272 
l. 10252 
l.e 10213 
l.f. 10168 
la 10256 
la. 10233 
label 10206 
laboratory 10193 
labour 10210 10220 10290 
lack 10246 10269 
lacked 10230 
laid 10169 
laid-up 10272 
lake 10215 10225 10251 
lambert 10217 
lancer 10273 
land 10205 10291 
landlocked 10244 
large 10175 10206 10239 10247 10255 10268 
largely 10228 10292 
largest 10160 10175 10195 10278 10279 
laser 10193 
lasers 10193 
late 10179 10199 10232 10247 10265 10271 
latest 10172 10210 10246 
latex 10286 
latin 10192 
launch 10189 
launching 10189 
law 10228 10268 10270 
laws 10212 10270 
lawsuits 10168 
lawton 10229 
layers 10247 
layoff 10169 
lazier 10168 
lda 10203 
ldp 10271 
lead 10157 10193 
leader 10244 
leaders 10290 
leadership 10230 10290 
leading 10175 
leahy 10239 
lean 10278 
lease 10248 
leased 10258 
leases 10228 
leave 10179 10199 10238 
leaving 10179 10199 10210 
lecturer 10286 
led 10191 10247 10258 
left 10249 10278 
legal 10274 
legality 10220 
legislation 10195 10292 
lehman 10157 10168 
lender 10195 
lenders 10195 
lending 10195 
lends 10250 
leo 10159 
leonard 10213 
letter 10219 
leucadia 10221 
level 10175 10183 10202 10212 10278 10291 10292 
leverage 10150 
leveraged 10217 
liabilities 10158 10245 
liable 10219 
liberal 10271 
liberal-national 10290 
license 10204 10214 10216 
lies 10255 
life 10191 10195 10214 10216 
light 10193 10286 
lightening 10189 
likelihood 10221 
limited 10221 
limiting 10239 
lincoln 10185 
linda 10278 
line 10184 10204 10217 10246 10258 10278 
lines 10193 10212 10274 
linking 10278 
links 10244 
liquefied 10200 
liquidity 10150 
liro 10246 
lisa 10189 
lizano 10179 10199 
load 10226 
loan 10155 10180 10231 10233 10239 10266 
loans 10153 10155 10195 10233 10235 10239 
lobito 10244 
local 10270 10288 
logo 10149 
lombard 10170 
london 10210 10266 
long 10161 10191 10278 10291 
long-term 10187 10230 10297 
longer 10291 
looming 10255 
los 10158 10202 10227 10235 
lose 10247 
loss 10165 10173 10185 10190 10211 10218 10221 10225 10227 10231 10233 10253 10272 10284 
losses 10165 10191 10233 10247 10272 10280 10282 
lot 10168 10206 
louis 10184 
low 10234 10255 10261 
lowell 10173 
lower 10190 10197 10239 10255 10261 10275 10292 
lowered 10239 10291 
lowering 10246 
lowest 10268 
luanda 10244 
lucas 10194 
luis 10192 
lusinchi 10192 
lydon 10182 
lynch 10157 10221 10232 
m-1 10176 10183 
m-1b 10267 
m. 10249 
machine 10269 
machinery 10268 10285 
machines 10152 10184 10193 10278 10285 
macmillan 10237 
macroeconomic 10255 
made 10168 10192 10206 10209 10233 10239 10244 10268 10272 10291 10292 
mae 10195 
main 10175 10200 10210 
maintain 10247 10278 
maintained 10291 10292 
maintenance 10241 
major 10149 10150 10155 10156 10160 10175 10246 10250 10255 10275 10278 10285 10287 
majority 10210 10220 10291 
make 10161 10167 10239 10265 10268 10272 10278 10291 
maker 10272 
makers 10193 10275 10285 
makes 10255 10278 
making 10273 10280 10282 10284 
mall 10248 
malone 10189 
manage 10161 
managed 10221 10232 
management 10173 10221 10233 10247 10255 10261 
manager 10157 
managers 10230 10274 
managing 10168 10191 
mandarin 10291 
manipulating 10191 
manuel 10179 
manufacture 10151 10273 
manufacturer 10278 
manufacturers 10287 
manufactures 10255 
manufacturing 10203 10228 10230 10273 
marathon 10235 
marathon-national-ba 10235 
margins 10173 
margoshes 10168 
marietta 10258 
market 10187 10192 10195 10197 10205 10209 10225 10234 10239 10246 10247 10258 10259 10264 10265 10268 10270 10278 10291 
marketable 10225 
marketables 10150 
marketing 10175 10236 10239 
marketplace 10247 
markets 10184 10232 10264 10269 10270 10275 10278 
marks 10191 10278 
marplan 10210 
marshall 10230 
martha 10238 
martin 10246 10258 
marvin 10247 
masaharu 10265 
mass. 10167 10173 10174 
massive 10230 
match 10244 10289 
mateo 10240 
matheson 10280 10282 10291 
matsushita 10278 
matter 10278 
mature 10247 
maturities 10246 10274 10288 
maturity 10157 
maximum 10202 
mca 10232 
mcclure 10195 
mcf 10228 
mcintyre 10219 
mcm 10245 
mcm-corp 10245 
meal 10175 
meal-feed 10175 
means 10239 
measure 10268 
measurements 10193 
measures 10271 
measuring 10193 
media 10201 10207 10222 
medical 10191 10203 10286 
medium-term 10150 
meet 10195 10246 10268 10278 10279 
meeting 10171 10179 10192 10199 10208 10212 10221 10228 10230 10246 10256 10280 10282 10286 10290 
meg.a 10222 
melbourne 10272 10284 10288 10292 
melendez 10179 
member 10192 10247 10268 
members 10158 10192 10249 
memory 10269 
mere 10278 
merge 10161 10221 
merger 10171 
merrill 10157 10232 
met 10192 10213 
metal 10193 10275 
metals 10268 
meter 10286 
method 10193 10286 
methods 10193 
mexican 10266 
mexico 10175 10192 10266 
meyers 10213 
mich. 10159 10169 
michael 10219 10221 
micro 10151 
microchip 10278 
microchips 10265 10278 
micrometer 10193 
microprocessors 10230 
microscopic-sized 10193 
mid-april 10266 
mid-march 10261 
mid-may 10258 
mid-morning 10288 
mid-november 10175 
midcon 10170 
midday 10291 
middle 10228 10291 
mideical 10203 
midwest-based 10159 
mikhail 10230 
mile 10226 
miles 10226 
military 10166 10189 10229 
mill 10214 10216 
miller 10229 
milpitas 10151 
mine 10214 10216 10272 
mineable 10214 10216 
minerals 10268 10284 10292 
mines 10192 10215 10219 10225 
mini-budget 10290 
minimize 10221 
minimum 10274 
minister 10192 10256 10257 10265 10271 10290 
ministerial 10192 
ministers 10192 
ministry 10265 10266 10268 10270 10274 10275 10285 10287 10297 
minneapolis 10218 10248 
minnesota 10248 
minorities 10284 
minority 10150 10168 
minute 10189 
miraflores 10192 
mispackaged 10206 
misplaced 10255 
mixed 10286 
mm 10237 
mmblf 10237 
mmtc 10268 
mob 10205 
mobil 10205 
mobile 10152 
modems 10184 
moderate 10246 
moderately 10255 
modernize 10230 
modest 10272 
monday 10220 10288 
money 10176 10183 10239 10244 10246 10255 10259 10266 10267 
money-fx 10191 10263 
money-supply 10153 10154 10155 10176 10177 10178 10183 10246 
monitor 10203 10250 
montgomery 10205 
month 10179 10199 10200 10210 10226 10245 10261 10266 10271 10275 10284 10285 10286 10297 
months 10168 10192 10199 10204 10256 10258 10268 10274 10284 10292 
moody 10150 10157 
moorestown 10166 
moosburg 10273 
morgan 10157 
morning 10168 10210 
mortar 10247 
mothballed 10258 
motion 10238 
motor 10204 10273 
motors 10169 10187 
move 10187 10192 10214 10216 10264 
moved 10278 
movement 10192 
moves 10209 10222 
moving 10183 10230 10278 
mozambique 10244 
mp 10219 
mt 10292 
mths 10165 10174 10196 10211 10253 10254 
multinational 10224 10278 
murray 10173 
music 10202 
mutual 10245 
myers 10213 
myr 10213 
n't 10230 10239 10278 
n.c. 10245 
n.j. 10162 10166 10194 10206 
n.y 10153 10156 10206 
n.y. 10161 10165 
n.z 10257 10262 
n.zealand 10257 
nakasone 10265 10271 
named 10159 
names 10159 10170 
nance 10228 
narrow 10268 
narrowed 10297 
nasa 10189 
nat-gas 10190 10228 
nathan 10246 
nation 10195 10199 
national 10155 10212 10220 10221 10223 10235 10241 10289 
nationally 10155 
nations 10192 10209 10255 
nationwide 10206 10212 
natural 10200 10228 10268 
navy 10166 10194 
naylor 10247 
nazi 10191 
neb. 10185 
nec 10278 
negative 10187 
negotiated 10220 
negotiating 10194 10203 
negotiator 10179 10199 
neighbors 10244 
neil 10195 
net 10165 10174 10178 10185 10196 10211 10219 10225 10227 10233 10235 10239 10246 10253 10254 10257 10272 10278 10280 10281 10282 10284 10291 10292 
netherlands 10175 
network 10161 
networks 10278 
new-zealand 10188 10257 10262 
newly 10221 
newman 10292 
newspaper 10210 
ni 10211 
nickel 10272 
night 10290 
nikko 10246 
nil 10156 10254 
nipn.t 10278 
nippon 10269 10274 10275 
nissan 10273 
nitrogen 10272 
nkkt.t 10275 
nominal 10219 
nominated 10221 
non-accrual 10247 
non-callable 10157 
non-collateral 10274 
non-communist 10268 
non-compatible 10278 
non-convertible 10268 
non-manufacturing 10287 
non-military 10244 
non-opec 10192 
non-performing 10233 
non-petroleum 10150 
non-prescription 10206 
nonetheless 10230 
noninvasive 10203 
normal 10190 
norstar 10161 
north 10150 
northern 10211 
northwest 10258 
note 10163 10165 10174 10185 10211 10225 10243 10253 10254 10278 10280 10282 10284 10296 
noted 10150 10175 10190 10247 10250 10255 10291 
notes 10150 10157 10217 10251 10296 
noting 10264 
november 10217 10221 10292 
nsan.t 10273 
nstc.t 10275 
ntt 10269 
nuclear 10211 
number 10149 10169 10206 10222 10223 10230 10239 
numbers 10246 
nuys 10180 
o.c 10170 
oak 10217 
objections 10168 
obligations 10219 
observer 10192 
obtained 10167 
occidental 10170 10245 
occupied 10205 
occurs 10219 
ocean 10244 
october 10200 10274 
odeon 10232 
offer 10150 10168 10232 10238 10244 10251 10268 10288 10296 
offered 10168 10244 10268 10296 
offering 10152 10157 10167 10202 10232 10246 
offers 10251 10288 
office 10205 10221 10239 10244 
officer 10159 10170 10182 10198 10252 
officers 10182 10213 
official 10195 10247 10260 10262 10265 10268 10269 10270 10283 10285 
officially 10268 
officials 10195 10209 10230 10239 10264 10265 10270 10271 10275 10279 10286 10289 10290 
offset 10175 10225 10239 10257 10292 
offshore 10228 10278 
oil 10150 10168 10175 10190 10192 10200 10228 10261 10268 10272 10275 10291 10292 
oilseed 10172 10175 
okla 10223 
oklahoma 10223 
omaha 10245 
one-for-five 10284 10292 
one-for-one 10221 
one-month 10259 
one-third 10175 
onshore 10228 
ontario 10238 
opec 10192 
open 10209 10234 10244 10246 10258 10264 10265 
opened 10268 
opening 10192 
oper 10165 10185 10253 
operate 10164 10219 
operating 10161 10170 10182 10195 10200 10219 10252 10278 
operation 10250 10258 
operational 10269 10292 
operations 10150 10190 10241 10272 10291 
opinion 10210 10290 
oppose 10239 
opposition 10210 10271 10279 10290 
optimistic 10230 
option 10222 10239 
order 10160 10189 
orders 10287 
ordinance 10270 
ordinary 10291 
ore 10214 10216 10268 10292 
ore. 10252 10258 
oregon 10258 
organization 10195 10228 
organizations 10195 
oriental 10291 
original 10168 
ounce 10214 10216 
ounces 10214 10216 
ousted 10230 
outcome 10187 
outlay 10279 
outlays 10239 
outlined 10212 10247 
outlook 10228 
output 10200 10203 10230 10258 10273 10275 10278 10285 
outstanding 10155 10168 10221 10233 10247 10259 
over-expenditure 10257 
overbuilt 10205 
overcast 10189 
overseas 10187 10270 10278 10279 
overtime 10164 
overturned 10191 
owned 10214 10216 10219 
owner 10278 
ownership 10292 
oxide 10214 10216 
oxy 10170 
p. 10252 
pa. 10253 
pacakging 10206 
pacific 10188 10214 10216 10291 
package 10195 10202 10266 10271 
pact 10151 10209 10256 10264 10265 
pai 10226 
paid 10222 10245 10268 10292 
painful 10206 
pair 10226 
palace 10192 
palm 10241 
palmieri 10221 
panama 10175 
panel 10264 
paper 10154 10155 10187 10193 10274 
par 10280 10282 10291 
paranoia 10191 
parent 10278 
paris 10271 
parliament 10210 10271 10279 
parliamentary 10271 10279 
part 10187 10217 10239 10241 10256 10268 
partially 10272 
participants 10266 
participating 10250 
participation 10266 
particle 10286 
parties 10195 10268 
partly 10225 10246 10275 
partners 10204 10268 
party 10210 10230 10268 10271 10290 
pass 10244 10246 
passage 10244 10271 10279 
passenger 10226 
passes 10271 
past 10150 10268 10271 10278 
patients 10206 
patrick 10239 
pattern 10255 
pay 10162 10163 10186 10220 10240 10242 10243 10284 10291 
payable 10181 10222 10280 10282 
paying 10168 10226 
payment 10268 
payment-in-kind 10239 
payments 10239 10255 10257 10268 10274 10296 10297 
payout 10163 
paz 10256 
pct-owned 10248 10272 
peace 10244 
peak 10228 
penalities 10209 
penalties 10264 
pending 10187 10279 10290 10291 
pennsylvania 10221 
percentage 10226 10255 
perfected 10278 
performance 10197 10250 10272 10291 
period 10156 10182 10192 10246 
periodically 10234 
permanent 10246 
permission 10270 
permit 10193 
perry 10192 10223 
persecution 10191 
personal 10212 10255 10278 
personnel 10291 
persuade 10264 
persuaded 10290 
peru 10256 
peter 10230 
petrobras 10200 
petrol 10261 
petroleum 10150 10168 10170 10190 10225 10228 10268 10272 10284 10292 
pharmaceuticals 10206 
philadelphia 10152 10221 
philip 10170 
philippines 10255 
phillipsburg 10194 
phlcorp 10221 
phx 10221 
pik 10239 
pipe 10275 
pipeline 10150 
pittsburg 10204 
pittsburgh 10163 
place 10210 10256 
plagued 10247 
plan 10158 10229 10247 10249 10250 10271 10275 
planned 10167 10168 10208 10221 10266 10271 10279 10291 
planning 10170 10239 10271 10289 
plans 10167 10187 10190 10205 10208 10212 10213 10230 10232 10234 10278 10289 10291 
plant 10164 10169 10211 10273 10278 10292 
plants 10164 10169 10228 
platform 10268 
plc 10150 10168 10190 10272 
pledged 10265 10271 
point 10255 10268 
points 10157 10276 
policies 10230 10255 
policy 10199 10209 10246 10264 10265 10268 10291 
poll 10210 10290 
polled 10183 
polls 10290 
pontiac 10169 
poor 10157 10187 
poorest 10250 
popularity 10210 
port 10244 
portfolio 10233 
portland 10252 
ports 10244 
portugal 10175 10203 
positive 10187 10291 
possibility 10168 10195 
possibly 10256 
post 10252 
posted 10175 
posters 10286 
postponed 10205 
postpones 10205 
pot 10258 
potaba 10206 
potassium 10206 
potential 10194 10197 10214 10216 10250 
power 10149 10230 10268 10274 
practices 10209 10264 
pre-tax 10272 
precaution 10273 
precedent 10168 
preceding 10175 
precipitated 10197 
predecessors 10230 
predicted 10228 10230 10255 
prediction 10255 
preference 10268 
preferred 10152 10158 10167 
prefers 10290 
preliminary 10233 10285 
premium 10168 
preparation 10239 
prepared 10190 10230 10244 
prepares 10161 
prescott 10168 
prescription 10206 
present 10192 10258 10292 
president 10149 10159 10170 10179 10182 10192 10198 10199 10209 10219 10221 10228 10229 10252 10256 10258 10264 10265 10271 10278 
presidential 10192 10226 
presidents 10256 
press 10168 10271 
pressed 10239 
pressing 10246 
pressure 10195 10212 10246 10255 10264 10269 
pressures 10173 
pretty 10228 10246 
prevails 10228 
previous 10163 10175 10183 10187 10190 10230 10233 10243 10246 10255 10278 10285 
previously 10219 10221 10233 10237 10238 10252 10292 
price 10168 10187 10190 10192 10214 10216 10228 10239 10261 10291 
price-cutting 10275 
priced 10157 
prices 10190 10228 10234 10239 10260 10261 10268 10272 10275 10291 10292 
primarily 10202 10291 
prime 10265 10271 10277 10290 
principal 10195 10219 10251 
principally 10190 
principle 10274 
printers 10184 
printing 10173 
prior 10163 10174 10175 10186 10246 
prison 10191 
private 10191 10195 10220 10255 10268 10287 
probable 10214 10216 
problem 10255 10268 
problems 10195 10200 10247 10268 10291 
proceedings 10221 
proceeds 10167 10202 
process 10203 10266 
processing 10160 10241 
produce 10202 10206 10210 10255 10268 
produced 10191 
producers 10228 10285 
producing 10200 10228 
product 10151 10184 10190 10206 10212 10278 10289 
production 10190 10194 10200 10214 10216 10228 10236 10255 10258 10273 10278 10283 10285 
productivity 10173 10230 10250 
products 10151 10184 10194 10197 10203 10204 10209 10255 10264 10268 10278 
professor 10195 
profit 10165 10173 10185 10197 10211 10227 10253 10272 10281 10284 10292 
profitable 10291 
profits 10197 10278 10280 10282 10291 10292 
program 10173 10230 10234 10239 10250 
programs 10173 10239 
progress 10150 10256 
prohibited 10270 
prohibiting 10228 
project 10194 10214 10216 10292 
projected 10190 10259 10271 
projects 10228 10250 
promised 10266 10271 10290 
promote 10268 
promoted 10268 
promoting 10268 10271 
properties 10202 10219 10248 10291 
property 10247 
proponents 10195 
proposal 10221 10229 10244 10256 
proposals 10192 10230 10239 
propose 10256 
proposed 10171 10222 10232 10237 10289 10292 
prosecution 10191 
prospects 10228 
protect 10274 
protectionism 10255 10268 10278 
protectionist 10255 
protest 10271 10279 
protocol 10268 
proven 10190 10214 10216 
provide 10161 10188 10195 10244 10247 10250 
provided 10194 10219 10292 
providing 10149 10239 
provision 10225 10233 10246 10291 
provisional 10257 10279 10296 
provisions 10233 
proxies 10213 
pty 10284 10292 
public 10152 10167 10202 10209 10210 10211 10232 10279 10287 10290 
publicly 10168 
published 10210 
publishing 10159 
purchase 10187 10217 10232 
purchased 10158 10172 10175 10206 
purchaser 10175 
purchasers 10175 
purchases 10175 10259 
purpose 10167 
pursuant 10158 
push 10268 
pushing 10255 
put 10169 10187 10190 10195 
puts 10246 
putting 10239 
qtly 10162 10163 10186 10201 10207 10240 10242 10243 
qtr 10165 10174 10196 10197 10215 10225 10231 10253 10254 10284 
qtrs 10281 
qualify 10292 
quality 10193 10230 10247 
quarter 10173 10195 10197 10233 10245 10246 10292 
quarterly 10162 10163 10181 10242 10243 
quarters 10292 
question 10228 
questioned 10187 
quickly 10212 
quietly 10268 
quoted 10266 10271 10291 
r-idaho 10195 
r. 10247 
radiation 10151 
radwell 10168 
rail 10244 
railroad 10244 
rails 10268 
railway 10268 
rainy 10189 
raise 10168 10207 10208 10228 10230 
raised 10168 10213 10222 
raises 10213 
raising 10157 10255 
raleigh 10245 
ramnath 10192 
ran 10227 
ranchers 10195 
range 10195 10228 10292 
ranges 10246 
ranging 10267 
rank 10292 
rankings 10278 
rapid 10206 
rapidly 10255 
rate 10195 10214 10216 10228 10230 10246 10255 10259 10270 10292 
rated 10157 
rates 10170 10228 10246 10247 10255 10267 
rating 10150 10210 
ratings 10187 
ratio 10150 
rca 10166 
reached 10199 10264 10268 
reaching 10273 
reacting 10195 
ready 10270 
reagan 10209 10229 10256 10264 10265 10271 
reagent 10286 
real 10195 10213 10214 10216 10228 10229 10233 10246 10255 
realignment 10255 
realized 10254 
realty 10187 
reason 10168 10246 10249 
rebel 10244 
rebels 10244 
recall 10206 
recalling 10206 
recalls 10206 
received 10160 10195 10266 10287 
receiving 10241 
recent 10228 10246 10268 10291 
recently 10191 10268 
reclaiming 10219 
reclamation 10219 
recommend 10264 
recommendation 10209 
recommendations 10264 
recommended 10214 10216 10272 
recommending 10265 
reconciliation 10244 
record 10162 10163 10171 10180 10181 10186 10200 10222 10240 10242 10243 10255 10268 10276 10292 10293 
recorders 10264 10278 10285 
recourse 10219 
recovery 10192 10241 
red 10215 10225 
reddaway 10230 
redeem 10167 
redeeming 10167 
redemption 10167 
reduce 10219 10230 10244 10255 10271 10279 10291 
reduced 10228 10255 10275 
reducing 10173 
reduction 10195 10229 10255 
reductions 10175 
reeserves 10190 
referring 10228 10239 
refined 10190 
refiners 10272 
reflect 10243 
reflected 10264 10287 10292 
reflecting 10261 
reflects 10296 
reform 10212 10230 
refunds 10190 
refuse 10241 
reg 10284 
regional 10192 10272 10291 
registered 10292 
registration 10152 10232 
regular 10163 10233 10240 
regulations 10191 
regulators 10223 
regulatory 10168 10233 
reincorporate 10221 
reincorporation 10221 
related 10187 10219 10253 
relative 10270 
relaunch 10256 
release 10245 10262 
released 10155 10230 10244 10246 
reliance 10228 
relief 10195 
remain 10169 10170 10255 
remained 10168 10209 
remaining 10150 10266 10291 
remains 10219 10264 10268 10271 
remarks 10168 
remedied 10255 
remove 10230 
renard 10286 
reopen 10244 
reopened 10258 
reorganisation 10291 
reorganization 10158 10185 
repayable 10267 
repayment 10268 
repeal 10228 
repeatedly 10229 
repesenting 10213 
replaced 10198 
report 10172 10173 10175 10190 10218 10230 10233 10239 10245 10255 
reported 10175 10189 10233 10237 10238 10272 10292 
reporters 10256 10265 
reporting 10175 
reports 10266 10272 
represent 10184 
representing 10233 
republic 10175 
repurchase 10234 10259 
repurchased 10217 
repurchases 10217 
request 10229 10266 
require 10230 10246 
required 10246 
requirement 10246 10268 
requires 10206 
requiring 10233 
rescheduling 10266 
rescue 10195 
research 10193 10269 
reserve 10155 10156 10183 10190 10212 10246 10262 10296 
reserve-adding 10246 
reserves 10178 10190 10197 10214 10216 10246 10262 10268 10274 10292 
residents 10270 
resign 10249 
resignation 10179 10199 
resignations 10249 
resigned 10249 
resigns 10179 10199 
resist 10255 
resistance 10230 
resisting 10266 
resolve 10265 
resolved 10247 
resource 10241 
resources 10163 10214 10216 10255 
respect 10268 10278 
response 10233 10244 10274 
responsibilities 10170 
responsibility 10149 
responsible 10195 
rest 10190 
restated 10243 
restore 10150 
restricted 10232 
restriction 10273 
restrictions 10221 
restrictive 10268 
restructuing 10212 
restructuring 10291 
result 10150 10191 10197 10210 10213 10233 10255 10292 
resulted 10175 10275 
resulting 10190 10229 
results 10197 10221 10233 10245 10272 10291 
resurrect 10195 
retail 10248 
retain 10223 
retained 10219 10221 
retaliate 10209 10264 
retaliation 10209 10264 
retirements 10182 
retires 10159 
retiring 10182 
return 10169 10209 10214 10216 10264 10268 
revenue 10226 10257 10289 
revenues 10194 
reversal 10192 
review 10150 10181 
revised 10183 10233 10270 10287 
revision 10190 
revs 10165 10174 10185 10196 10211 10225 10227 10253 10254 
rica 10179 10199 
rican 10179 10199 
richmond 10222 
rig 10228 
rights 10232 10291 
rigs 10268 
rio 10200 10220 
rise 10183 10220 10228 10229 10255 10275 10278 10285 10287 10289 10292 
rises 10154 10176 10183 10218 10276 10285 10293 
rising 10278 
risk 10247 10255 
river 10214 10216 10219 
robert 10149 10170 10212 10230 10246 10252 
rocket 10189 
roger 10257 
role 10247 
roll 10239 
rosario 10168 
rose 10155 10183 10190 10218 10226 10261 10267 10283 10285 10287 10291 10297 
rothschild 10168 
rouge 10233 
roughly 10246 
rounding 10297 
route 10244 10278 
row 10229 
royal 10168 
royalty 10219 
rubber 10286 
rubio 10192 
rudy 10239 
ruled 10191 
rules 10191 10268 
ruling 10210 10238 10271 10290 
rumours 10291 
run 10164 10278 
running 10175 
runs 10244 
rupees 10268 
russian 10230 
ryavec 10278 
rydin 10224 
s.g 10246 
s/p 10187 
sab 10228 
sabine 10228 
sachs 10168 
safe 10244 
safely 10244 
saks 10248 
salamon 10278 
salary 10173 
sale 10150 10190 10203 10219 10225 10259 10272 10292 
sales 10172 10175 10190 10194 10271 10272 10278 10279 10284 10292 
salomon 10278 
samoa 10188 
san 10179 10199 10240 
sanctions 10264 10265 
sanford 10168 
satellite 10189 
satisfactory 10291 
satisfy 10274 
saturday 10164 
saudi 10175 
saudi-arabia 10175 
save 10173 10239 
savimbi 10244 
savings 10180 10239 10255 10267 
sbiz 10202 
sc 10168 
scandinavia 10224 
scf 10224 
schedule 10169 10268 
scheduled 10155 10164 10241 
scientific 10203 
scientists 10193 
scleroderma 10206 
scoa 10167 
scott 10249 
screen 10286 
screening 10286 
scti 10249 
sealed 10149 
seamless 10275 
searching 10268 
season 10175 
seasonally 10183 10267 10285 
seat 10213 10226 
seats 10226 
sec 10213 
secondarily 10202 
secondary 10195 
seconds 10189 
secretary 10192 10221 10265 
sections 10291 
sector 10255 10278 10287 
securities 10152 10157 10213 10224 10225 10232 10238 10246 10247 10251 10259 10270 10274 
seek 10167 10190 10238 10255 
seeking 10191 10238 
sees 10173 10190 10197 10231 10233 10271 10292 
sekimoto 10278 
select 10149 
selected 10250 10268 
selection 10194 
sell 10184 10232 10259 10268 
selling 10268 10273 10278 
sells 10278 
semiconductor 10209 10264 10265 10269 
semiconductor-based 10264 
semiconductors 10193 10209 10264 10265 
seminconductor 10151 
sen 10195 10268 
sen. 10195 10239 
senate 10195 10209 10229 10239 10264 
senator 10229 
senators 10195 10239 
senior 10150 10170 10182 10187 10217 10239 10264 10290 
sentenced 10191 
seoul 10289 
september 10172 10261 
series 10167 
serve 10198 10212 
serves 10247 
service 10149 10150 10188 10211 10286 
services 10159 10170 10188 10212 10247 10255 10257 10268 
session 10192 
set 10151 10171 10256 10274 10275 10279 
sets 10162 10171 10201 10207 10222 10236 10241 
severally 10150 
shallow 10228 
share 10163 10167 10168 10181 10185 10187 10197 10202 10211 10218 10222 10227 10233 10278 10280 10282 10291 10292 10293 
shareholder 10168 10208 10221 10222 10224 10238 
shareholders 10158 10168 10171 10221 10222 10237 10238 10291 10292 
shareholding 10291 
shares 10150 10152 10167 10168 10202 10208 10213 10219 10221 10222 10232 10234 10238 10280 10282 10291 10292 
sharply 10255 10262 10275 
shearson 10157 10168 
sheet 10193 10245 10291 
shell 10168 
shift 10197 10246 
shipment 10285 
shipments 10172 10209 10264 
shipped 10160 
shipping 10273 
ships 10268 
shooting 10246 
shopping 10149 
short 10214 10216 10250 10268 10292 
short-term 10297 
shortages 10228 
shoup 10228 
show 10195 10197 10207 10233 10268 
showed 10190 10261 
showing 10246 10268 
shows 10187 10210 
shr 10165 10174 10185 10196 10211 10215 10225 10227 10235 10253 10254 10280 10282 10284 
shrinking 10268 
shrs 10165 10185 10211 10253 10254 10284 
shut 10169 
sieg 10278 
sigificant 10292 
sign 10266 
signals 10193 
signed 10151 10203 10204 10236 10268 
significant 10168 10173 10221 10230 10233 
significantly 10195 10197 10233 10255 
signing 10266 
signs 10203 10233 
silicon 10278 
similar 10193 10230 10239 10246 10267 
similarly 10228 
simon 10168 10291 
simultaneously 10167 10230 10291 
singer 10152 
single 10210 10246 
sino-us 10203 
site 10205 10248 
sitting 10246 
situation 10239 
six-to-eight-year 10194 
size 10255 10289 10291 
sizeable 10255 
skin 10206 
slash 10278 
slate 10221 
slightly 10262 10278 
slogan 10278 
slow 10255 10268 
slower 10255 
small 10173 10268 
smaller 10193 10255 
smelter 10258 
smit.t 10275 
smithsonian 10230 
smoky 10219 
snap 10290 
so-called 10239 
soak 10259 
soaring 10278 
social 10210 
society 10286 
software 10278 
sohio 10150 
sohio/bp 10150 
sold 10268 10272 10291 
solicit 10213 
solid 10241 
solution 10220 10247 
solutions 10230 10247 
solvable 10247 
solved 10247 
someway 10168 
sorghum 10175 
sought 10195 10255 10268 
soup 10162 
source 10268 
sources 10199 10264 10265 10266 10268 10269 10270 10273 10274 10275 
south 10175 10188 10244 10255 10256 10268 10289 
south-africa 10244 
south-korea 10175 10268 10289 
southern 10244 10292 
soviet 10172 10230 10268 
soy-oil 10175 
soybean 10172 10175 
soybeans 10172 
span 10194 
special 10149 10171 10274 
specialties 10203 
specific 10230 
speculation 10168 10191 10210 
speech 10212 
speed 10269 
spend 10244 10247 
spending 10190 10229 10239 10255 10278 10279 10289 
sperry 10218 
split 10163 10180 10201 10207 10208 10222 10237 10243 
splits 10180 
spoke 10192 
spokesman 10156 10179 10189 10199 10205 10220 10267 10271 10278 
spokesperson 10189 
spokeswoman 10268 10273 
springfield 10206 
spun 10291 
square 10248 
srategic 10187 
srd 10150 10168 10190 
st 10184 
st. 10184 
stability 10192 10247 10271 10291 
stabilize 10192 
stagnant 10255 10278 
stake 10168 10213 10224 10225 10232 10272 10291 
stakes 10291 
stalled 10271 
stance 10271 
stand 10191 
standard 10150 10157 10168 10187 10190 
standards 10230 10274 
stands 10210 10291 
stanley 10157 
start 10216 10228 10241 10273 10296 
start-up 10241 
starting 10214 10216 10271 10279 
state 10195 10200 10212 10223 10268 10286 
state-of-the-art 10149 
state-run 10268 
stated 10192 
statememt 10266 
statement 10152 10156 10195 10200 10229 10232 10244 10246 10257 10266 10288 10291 10292 
states 10192 10209 10228 10232 10244 10250 10255 10264 10265 
statistical 10262 
statistics 10255 
status 10274 
stay 10246 
stayed 10261 
stays 10228 
stc 10268 
steady 10292 
steel 10268 10275 10284 10285 10292 
steelmakers 10275 
steinberg 10221 
step 10193 10198 10221 10286 
stephen 10182 
stepped 10252 
stepping 10230 
steps 10252 10268 
stereo 10197 
steven 10168 
stiff 10278 
stimulate 10271 10279 
stock 10152 10158 10161 10163 10167 10180 10190 10201 10207 10208 10213 10222 10232 10234 10237 10240 10243 10247 10270 10272 10276 10288 10291 10296 
stockholders 10180 
stood 10218 10268 
stop 10149 10209 10264 10265 10278 
stop-gap 10279 
stoppage 10220 
stopped 10209 10264 
storage 10239 
store 10193 10205 10248 
storm 10239 
straight 10274 
strain 10291 
strait 10292 
strategic 10291 
strategic-metal 10151 
strategy 10150 10187 10278 10291 
strengthen 10192 
strengthened 10150 
strengths 10278 
stressing 10255 
strides 10192 
strike 10220 
strong 10278 10292 
stronger 10257 
strongly 10187 
struck 10189 
structural 10204 
structure 10150 10278 10291 
structured 10195 
structures 10268 
studies 10230 
study 10150 10214 10216 
stunned 10191 
sub-regional 10256 
subcommittee 10195 
subject 10208 10222 
subordinate 10208 10217 
subordinated 10187 10232 10251 10253 
subscribed 10266 
subscription 10202 
subsidiaries 10270 
subsidiary 10167 10171 10233 
subsidies 10272 
subsidize 10248 
substantial 10236 10247 
substituting 10239 
succeed 10159 
succeeded 10252 
success 10194 
successful 10167 10258 
successive 10287 
sued 10168 10191 
suggest 10246 
suggested 10228 10244 10255 10271 
sumitomo 10275 
summer 10209 
summit 10256 10265 
supercomputer 10269 
supercomputers 10269 
superior 10269 
suppliers 10228 
supplies 10228 
supply 10176 10183 10241 10246 10250 10255 10267 10268 
support 10195 10239 10241 10250 10268 
supported 10238 10239 10246 
supports 10250 
surfaced 10230 
surplus 10259 10271 10279 10294 10295 10297 
surpluses 10239 
surprised 10246 
surprising 10255 
survey 10210 
survive 10278 
suspect 10239 
suspended 10272 
sustained 10272 
swaps 10268 
sweden 10224 
sweeney 10182 
sweetened 10168 
swift 10198 
swiss 10266 
switched 10175 
switching 10228 
switzerland 10255 
swung 10297 
sydney 10290 10296 
syndrome 10286 
system 10166 10175 10194 10195 10230 10247 10255 10278 10296 
systems 10184 10197 10278 
tablet 10206 
tablets 10206 
tachonics 10151 
tadahiro 10278 
tadashi 10265 
tahiti 10188 
tailoring 10247 
taipei 10267 
taiwan 10175 10267 
takeoff 10189 
takeover 10213 
takes 10213 
taking 10170 
talks 10265 
tally 10297 
tanzania 10244 
tape 10278 10285 
target 10246 10278 
targets 10230 10278 10289 
targetted 10268 
tariffs 10255 10268 
tax 10165 10174 10190 10192 10221 10229 10253 10254 10257 10271 10279 10284 10292 10296 
tax-free 10292 
tax.. 10257 
taxes 10150 
tea 10268 
teaching 10179 10199 
technique 10193 
techniques 10204 
technological 10230 
technologies 10230 
technology 10204 10236 10264 10278 
technology-marketing 10236 
tek 10243 
tektronix 10243 
tele 10234 
tele-communications 10234 
telecom 10288 
telecommunications 10269 10278 10288 
telegraph 10184 10210 10269 10274 
telephone 10159 10184 10269 10274 10286 
television 10202 
televisions 10264 10278 
telling 10213 
temporarly 10169 
temporary 10169 10268 
tenafly 10206 
tender 10150 10168 10238 10288 10296 
tendered 10179 10199 10251 
tenders 10268 
tenneco 10228 
term 10290 10291 10292 
terminal 10257 
terminated 10221 
terms 10248 
terrano 10185 
territory 10244 
test 10286 
testimony 10195 
testing 10193 
tetsuo 10271 
tex. 10169 
texas 10228 10249 10254 
textiles 10268 
tgt 10228 
thailand 10175 10255 
therapy 10206 
thickening 10206 
thickness 10193 
things 10246 
thinking 10168 
thinks 10278 
thl 10167 
thought 10239 
thousand 10190 
threatens 10255 
three-for-one 10237 
three-for-two 10208 
three-wheeled 10273 
three-wheelers 10273 
thursday 10246 
tie-up 10278 
tied 10210 
tight 10268 
tightening 10191 
time 10167 10187 10192 10194 10219 10230 10239 10271 10278 10288 
times 10175 10193 10278 
tiny 10278 
tire 10238 
titles 10182 
tobacco 10268 
today 10150 10168 10192 10193 10210 10220 10221 10246 10259 10271 10275 
toes 10230 
tokyo 10259 10261 10263 10265 10269 10270 10271 10273 10274 10275 10276 10278 10279 10285 10286 10287 10293 10297 
told 10168 10192 10195 10212 10213 10224 10228 10230 10239 10256 10265 10267 10268 10269 10271 10278 10286 
tom 10239 
tomorrow 10210 
ton 10214 10216 
tonne 10275 
tonnes 10172 10175 10214 10216 10268 10275 
tons 10258 
tools 10149 10193 
top 10228 10239 10278 
tories 10210 
toronto 10208 10214 10216 10219 10225 10232 10238 
total 10150 10172 10214 10216 10218 10223 10239 10259 10268 10275 10278 10291 
totaled 10190 10226 
totalled 10200 10289 
totalling 10219 10288 
totals 10279 
tough 10278 10290 
toyoda 10204 
toyota 10204 
tracking 10257 
trade 10209 10255 10264 10265 10268 10271 10275 10278 10279 10285 10295 10297 
traded 10168 
traders 10259 
trading 10255 10268 10291 
traffic 10226 
trailed 10230 
trailing 10210 
trans-alaska 10150 
trans-ocean 10214 10216 
transaction 10150 10158 10161 10217 10223 
transactions 10191 10239 
transfer 10221 10297 
transferring 10291 
transformed 10291 
transfusion 10286 
transition 10182 
translated 10210 
transportation 10188 10239 10244 
treasury 10157 10246 10296 
treat 10206 
trend 10228 
trial 10191 
trillion 10190 
trinidad-tobago 10192 
trno 10185 
trou 10194 
troubles 10278 
tround 10194 
troy 10159 
truck 10164 10273 
trucking 10291 
trucks 10273 
trust 10223 
tucson 10197 
tuesday 10246 
turben 10168 
turkey 10175 
turn 10228 10252 10255 
turning 10278 
turnover 10280 10282 
turret 10194 
two-for-one 10180 10222 10243 
two-sevenths 10279 
two-thirds 10175 
two-week 10156 10246 
type= 10153 10154 10176 10177 10178 10201 10207 10215 10231 10260 10263 10276 10277 10281 10283 10293 10294 10295 
tyrrell 10182 
u.k. 10273 
u.s 10154 10172 10176 10177 10178 10183 10230 10239 10247 10264 10265 10269 
u.s. 10164 10172 10175 10192 10194 10209 10212 10214 10216 10228 10229 10230 10232 10236 10239 10244 10247 10248 10255 10256 10264 10265 10275 10278 10291 10292 
u.s.-backed 10244 
u.s.-japanese 10264 
u.s.-made 10264 
u.s.-ussr 10172 
ual 10157 
uk 10175 10210 10266 
unadjusted 10261 10285 
unanimous 10264 
unanimously 10209 
uncertainty 10255 10257 
unchanged 10169 10260 10261 10292 
under-expenditure 10257 
undersecretary 10239 
undertaken 10173 
underutilised 10255 
underwriting 10232 
undisclosed 10248 
unfair 10209 10264 
union 10172 10209 10230 10264 10268 
unique 10278 
unit 10151 10157 10159 10167 10170 10173 10187 10204 10205 10209 10218 10219 10241 10245 10248 10272 10274 10278 10291 
unita 10244 
unita-held 10244 
united 10203 10209 10228 10232 10255 10264 10265 
units 10187 10273 
university 10179 10195 10199 10230 
unprecedented 10247 
unrealistic 10230 
unreliable 10250 
unspecified 10219 
upcoming 10175 
upgrade 10278 
upholding 10238 
ups 10201 10207 10222 10224 
upward 10246 10287 
urban 10271 
urge 10209 
urged 10255 
urges 10206 
urging 10264 
urs 10240 
usage 10200 
usda 10172 10175 10239 
ussr 10172 10175 10230 10268 
utilities 10228 
utility 10261 
va. 10222 
vacancies 10249 
valley 10180 10228 
valuation 10197 
valued 10158 10160 10203 10241 
van 10180 
vancouver 10237 10248 
variety 10227 
vastly 10193 
vbi 10224 
veg-oil 10175 
vegetable 10261 
vehicles 10194 
venezuela 10175 10192 10256 10268 
venice 10265 
venture 10194 
ventures 10170 
verbal 10268 
version 10212 
versus 10246 
veto 10229 
vfed 10180 
viacom 10171 
vice 10149 10170 10182 10252 
victor 10256 
video 10264 10278 10285 
view 10291 
violating 10265 
violations 10264 
virus 10286 
vision 10212 
visit 10265 10271 
visualize 10212 
vitarine 10206 
volkswagen 10191 
volume 10275 
volumes 10292 
vote 10171 
voting 10208 10232 
wafers 10278 
wait 10220 10290 
walter 10228 
warburg 10246 
ward 10205 
warn 10278 
warned 10195 10255 
warns 10255 
warrant 10291 
wary 10270 
wash. 10243 
washington 10166 10172 10175 10195 10209 10213 10223 10224 10226 10229 10230 10239 10244 10250 10255 10264 10265 10269 10271 
waste 10241 
water 10214 10216 10250 
ways 10192 10278 
wchi 10251 
weakness 10246 10278 10291 
weapons 10166 
wednesday 10156 10246 
week 10153 10154 10155 10156 10164 10172 10175 10176 10177 10183 10188 10192 10209 10230 10246 10247 10264 10271 10288 10290 10296 
week-long 10265 
weekly 10169 10262 
weeks 10178 10233 10246 
well-placed 10199 
wellington 10257 10262 
wells 10246 
west 10191 10224 10255 10273 
west-germany 10191 10255 
western 10188 10234 10265 
westworld 10251 
wheat 10172 10175 10239 10268 
white 10209 10229 10264 10265 
wholly 10219 
wholly-owned 10171 
widened 10297 
wider 10212 
width 10193 
wilcox 10241 10258 
william 10239 
win 10221 
window 10246 
winter 10228 10261 
wise 10278 
wolf 10196 
won 10221 10289 
work 10166 10169 10173 10204 10271 10279 
worked 10289 
worker 10230 
workers 10169 
workforces 10255 
working 10214 10216 
workout 10247 
works 10279 
world 10199 10228 10250 10255 10264 10275 10278 10286 
worldwide 10278 
worried 10278 
worsen 10255 
worth 10168 10236 10254 10267 10268 10269 
wrangling 10168 
write-down 10197 
write-downs 10197 
writedown 10150 10233 10272 10292 
writeoff 10253 
wtlca 10234 
yasuhiro 10265 10271 
year-ago 10253 10254 
year-end 10233 
year-on-year 10261 10285 10287 
yearend 10218 10245 
yearly 10214 10216 10261 
years 10150 10182 10191 10214 10216 10228 10230 10239 10255 10267 10278 
yen 10259 10263 10269 10274 10275 10278 10279 10287 
yesterday 10179 10199 10291 10292 
yield 10157 10214 10216 10259 
yielding 10157 10272 
yields 10250 
york 10150 10155 10156 10157 10161 10168 10171 10183 10187 10193 10212 10213 10221 10246 
yugoslavia 10268 
yukon 10214 10216 
zaire 10244 
zambia 10244 
zealand 10188 10257 10262 
zimbabwe 10268 
zone 10214 10216 
zurich 10193 
