'll 12916 
're 12916 12917 12967 
've 12916 
****** 12918 12921 12950 12960 12972 12990 
-137 12907 
-1987-earnin 12917 
-3rd 12893 
-3rd-qt 12904 
-3rd-quart 12885 
-aids-dr 12903 
-an 12939 
-be 12953 
-c 12974 
-chairman 12984 
-china-joint-ve 12980 
-files-for 12975 
-ge 12956 
-gets-payme 12957 
-in-talks-on 12905 
-japanese-firm 12895 
-late-march-s 12922 
-march 12927 12934 
-names 12944 
-plans 12955 
-s 12947 
-sees-15-p 12920 
-sell 12932 
-selling-k 12883 
-sets-dea 12900 
-study 12989 
-t 12981 
-to-ac 12933 
-to-be-de 12998 
-to-file 12977 
-to-inspect 12894 
-to-offe 12930 
-to-rede 12911 12966 
-to-restruc 12945 
-to-sel 12937 
-to-sell 12890 
-unit 12988 
-unit-to-m 12899 
-up 12886 
/author 12909 12942 12967 12971 
0.15 12963 
0.2 12922 
0.211 12963 
0.221 12963 
0.3 12935 12963 
0.418 12963 
0.5 12935 
0.530 12963 
0.706 12963 
0.708 12963 
0011 12918 
0013 12950 
0014 12960 
0015 12972 
0017 12990 
0018 12921 
0024 12897 
0033 12962 12982 
0035 12910 
0037 12915 
0039 12974 
0041 12899 12904 
0043 12912 12929 
0044 13000 
0045 12911 12933 
0048 12913 
0049 12888 12901 
0050 12944 12966 
0052 12931 12998 
0053 12979 
0054 12893 12902 
0056 12900 
0058 12993 
0059 12884 12955 
0060 12991 
0062 12969 
0063 12928 12988 
0066 12883 12914 12945 
0068 12977 
0070 12898 
0071 12919 12924 
0072 12949 
0073 12892 
0074 12889 
0075 12984 
0076 12978 
0078 12926 12996 
0079 12938 
0080 12920 
0081 12896 
0083 12906 
0085 12937 
0086 12934 
0087 12908 
0088 12997 
0089 12930 
0090 12891 12909 
0091 12935 
0094 12895 12953 
0095 12917 12922 
0096 12941 
0097 12975 
0098 12923 12958 
0099 12951 12983 
0100 12881 12956 12963 
0101 12894 12992 
0103 12905 
0104 12932 12981 
0105 12882 12959 
0106 12885 12965 12970 
0107 12927 12939 12948 12961 12967 
0108 12973 
0109 12946 12976 12985 
0110 12886 12925 12957 
0111 12907 12989 
0112 12890 12980 12987 
0113 12940 12954 12971 12995 
0114 12903 12952 
0115 12916 12964 12999 
0116 12942 
0117 12943 12986 12994 
0123 12968 
0127 12887 
0129 12947 
0134 12936 
0200 12983 
04-03 12881 12882 12883 12884 12885 12886 12887 12888 12889 12890 12891 12892 12893 12894 12895 12896 12897 12898 12899 12900 12901 12902 12903 12904 12905 12906 12907 12908 12909 12910 12911 12912 12913 12914 12915 12916 12917 12918 12919 12920 12921 12922 12923 12924 12925 12926 12927 12928 12929 12930 12931 12932 12933 12934 12935 12936 12937 12938 12939 12940 12941 12942 12943 12944 12945 12946 12947 12948 12949 12950 12951 12952 12953 12954 12955 12956 12957 12958 12959 12960 12961 12962 12963 12964 12965 12966 12967 12968 12969 12970 12971 12972 12973 12974 12975 12976 12977 12978 12979 12980 12981 12982 12983 12984 12985 12986 12987 12988 12989 12990 12991 12992 12993 12994 12995 12996 12997 12998 12999 13000 
0625 12882 
0930 12954 
1,000 12963 
1,118,509 12991 
1,198 12951 
1,250 12883 
1,882,000 12915 
1-1/2 12967 
1-1/8 12882 
1-3/4 12886 
1.0 12971 
1.00 12893 
1.02 12893 
1.068 12963 
1.07 12938 
1.10 12934 
1.13 12986 
1.25 12935 
1.28 12971 
1.3 12925 
1.4 12939 
1.40 12927 
1.45 12935 
1.5 12923 12947 
1.50 12934 
1.56 12927 
1.59 12971 
1.63 12938 
1.66 12893 12934 
1.67 12990 
1.74 12971 
1.78 12990 
1.8 12887 12932 
1.85 12971 
1.9 12887 
1.98 12933 
1/10 12890 
1/2 12882 
1/4 12881 12882 
1/march 12971 
10,000 12954 12993 
10,951 12892 
10-year 12952 
10.5 12971 
10.8 12934 
100,000 12932 12975 
100th 12916 
107,000 12904 
10:08:08.34 12881 
10:09:10.28 12882 
10:15:50.25 12883 
10:16:32.53 12884 
10:20:12.58 12885 
10:21:46.19 12886 
10:22:32.46 12887 
10:22:37.02 12888 
10:23:01.85 12889 
10:24:29.36 12890 
10:26:50.27 12891 
10:28:36.70 12892 
10:33:18.03 12893 
10:34:28.90 12894 
10:34:50.30 12895 
10:35:02.88 12896 
10:35:35.61 12897 
10:35:52.96 12898 
10:35:57.74 12899 
10:36:05.31 12900 
10:36:11.80 12901 
10:36:20.46 12902 
10:36:38.63 12903 
10:36:51.03 12904 
10:42:25.99 12905 
10:43:10.14 12906 
10:44:47.77 12907 
10:46:19.56 12908 
10:50:23.48 12909 
10:53:13.27 12910 
10:53:28.90 12911 
10:53:32.73 12912 
10:53:37.74 12913 
10:55:37.20 12914 
10:55:42.12 12915 
10:56:44.30 12916 
11,500 12952 
11-1/2 12896 
11-3/4 12958 
11-5/8 12896 
11.2 12915 
11.4 12927 
11.5 12898 12927 12938 
11.9 12967 
111,066 12922 
111.981 12911 12966 
112,936 12914 
116,514 12987 
116,554 12996 
118,192 12898 
11:03:03.29 12917 
11:03:12.31 12918 
11:05:48.05 12919 
11:06:04.37 12920 
11:08:23.44 12921 
11:08:56.53 12922 
11:09:26.18 12923 
11:11:47.50 12924 
11:12:18.72 12925 
11:14:13.18 12926 
11:14:32.70 12927 
11:15:18.79 12928 
11:15:24.61 12929 
11:15:34.08 12930 
11:15:51.66 12931 
11:15:59.96 12932 
11:16:11.51 12933 
11:16:36.89 12934 
11:17:00.75 12935 
11:18:36.73 12936 
11:19:12.24 12937 
11:27:02.56 12938 
11:28:53.60 12939 
11:29:24.75 12940 
11:33:42.18 12941 
11:34:48.58 12942 
11:37:03.68 12943 
11:38:08.84 12944 
11:44:54.58 12945 
11:45:03.35 12946 
11:45:26.26 12947 
11:47:13.83 12948 
11:48:57.41 12949 
11:50:02.42 12950 
11:52:09.81 12951 
11:52:19.42 12952 
11:52:55.54 12953 
11:53:50.95 12954 
11:54:18.12 12955 
11:54:28.39 12956 
11:54:40.08 12957 
11:54:50.37 12958 
11:55:12.42 12959 
11:55:49.69 12960 
11:55:58.19 12961 
11:56:03.87 12962 
11:56:14.63 12963 
11:56:26.87 12964 
11:57:16.66 12965 
11:59:19.61 12966 
12,000 12997 
12.0 12995 
12.5 12887 12941 
126,000 12971 
12881 12881 
12882 12882 
12883 12883 
12884 12884 
12885 12885 
12886 12886 
12887 12887 
12888 12888 
12889 12889 
12890 12890 
12891 12891 
12892 12892 
12893 12893 
12894 12894 
12895 12895 
12896 12896 
12897 12897 
12898 12898 
12899 12899 
12900 12900 
12901 12901 
12902 12902 
12903 12903 
12904 12904 
12905 12905 
12906 12906 
12907 12907 
12908 12908 
12909 12909 
12910 12910 
12911 12911 
12912 12912 
12913 12913 
12914 12914 
12915 12915 
12916 12916 
12917 12917 
12918 12918 
12919 12919 
12920 12920 
12921 12921 
12922 12922 
12923 12923 
12924 12924 
12925 12925 
12926 12926 
12927 12927 
12928 12928 
12929 12929 
12930 12930 
12931 12931 
12932 12932 
12933 12933 
12934 12934 
12935 12935 
12936 12936 
12937 12937 
12938 12938 
12939 12939 
12940 12940 
12941 12941 
12942 12942 
12943 12943 
12944 12944 
12945 12945 
12946 12946 
12947 12947 
12948 12948 
12949 12949 
12950 12950 
12951 12951 
12952 12952 
12953 12953 
12954 12954 
12955 12955 
12956 12956 
12957 12957 
12958 12958 
12959 12959 
12960 12960 
12961 12961 
12962 12962 
12963 12963 
12964 12964 
12965 12965 
12966 12966 
12967 12967 
12968 12968 
12969 12969 
12970 12970 
12971 12971 
12972 12972 
12973 12973 
12974 12974 
12975 12975 
12976 12976 
12977 12977 
12978 12978 
12979 12979 
12980 12980 
12981 12981 
12982 12982 
12983 12983 
12984 12984 
12985 12985 
12986 12986 
12987 12987 
12988 12988 
12989 12989 
12990 12990 
12991 12991 
12992 12992 
12993 12993 
12994 12994 
12995 12995 
12996 12996 
12997 12997 
12998 12998 
12999 12999 
12:00:00.52 12967 
12:02:07.44 12968 
12:02:55.98 12969 
12:04:28.50 12970 
12:05:02.60 12971 
12:06:32.37 12972 
12:08:01.33 12973 
12:09:31.87 12974 
12:10:59.03 12975 
12:11:31.22 12976 
12:12:50.41 12977 
12:14:09.90 12978 
12:15:44.69 12979 
12:15:53.68 12980 
12:16:19.71 12981 
12:17:51.02 12982 
12:20:29.47 12983 
12:21:13.54 12984 
12:23:12.04 12985 
12:26:45.78 12986 
12:27:29.33 12987 
12:29:08.38 12988 
12:29:42.73 12989 
12:31:17.75 12990 
12:31:51.20 12991 
12:32:22.34 12992 
12:32:41.49 12993 
12:35:43.21 12994 
12:35:51.87 12995 
12:36:02.31 12996 
12:36:58.35 12997 
12:38:46.85 12998 
12:39:08.35 12999 
12:39:49.30 13000 
13,000 12987 
13,806 12951 
13.2 12914 
130,000 12987 
13000 13000 
131,078 12991 
132,298 12991 
136,767 12922 
14-1/2 12897 
14.0 12887 
14.2 12904 
14.5 12887 12891 
14.7 12887 
14.8 12914 
140,000 12987 
140,200 12991 
140,522 12991 
141,224 12898 
15,000 12999 
15,873 12951 
15-16 12961 12970 
15-78 12908 
15-81 12908 
15.0 12937 12943 
15.3 12932 
15.6 12927 
15.7 12936 
150,000 12973 
16-3/4 12966 
16-3/8 12911 
16.3 12893 12927 
16.5 12986 
16.7 12893 
16.9 12893 
161,000 12904 
164.4 12885 
166,750 12901 
167,490 12922 
168.8 12884 
17.2 12934 
17.8 12922 
173,000 12901 
175-180 12908 
18,392 12892 
18-1/2 12881 
18-1/4 12881 
18.1 12991 
18.2 12898 12904 
181-360 12908 
1850 12881 
1851 12882 
1852 12883 
1853 12884 
1854 12885 
1855 12886 
1856 12887 
1857 12888 
1858 12889 
1859 12890 
1860 12891 
1861 12892 
1862 12893 
1863 12894 
1864 12895 
1865 12896 
1866 12890 12897 
1867 12898 
1868 12899 
1869 12900 
1870 12901 
1871 12902 
1872 12903 
1873 12904 
1874 12905 
1875 12906 
1876 12907 
1877 12908 
1878 12909 
1879 12910 
1880 12911 
1881 12912 
1882 12913 
1883 12914 
1884 12915 
1885 12916 
1886 12917 
1887 12918 
1888 12919 
1889 12920 
1890 12921 
1891 12922 
1892 12923 
1893 12924 
1894 12925 
1895 12926 
1896 12927 
1897 12928 
1898 12929 
1899 12930 
19,161 12951 
1900 12931 
1901 12932 
1902 12933 
1903 12934 
1904 12935 
1905 12936 
1906 12937 
1907 12938 
1908 12939 
1909 12940 
1910 12941 
1911 12942 
1912 12943 
1913 12944 
1914 12945 
1915 12946 
1916 12947 
1917 12948 
1918 12949 
1919 12950 
1920 12951 
1921 12952 
1922 12953 
1923 12954 
1924 12955 
1925 12956 
1926 12957 
1927 12958 
1928 12890 12959 
1929 12960 
1930 12961 
1931 12962 
1932 12963 
1933 12964 
1934 12965 
1935 12966 
1936 12967 
1937 12968 
1938 12969 
1939 12970 
1940 12971 
1941 12972 
1942 12973 
1943 12974 
1944 12975 
1945 12976 
1946 12977 
1947 12978 
1948 12979 12989 
1949 12980 
1950 12981 
1951 12982 
1952 12983 
1953 12984 
1954 12985 
1955 12909 12986 
1956 12987 
1957 12988 
1958 12989 
1959 12990 
1960 12991 
1961 12992 
1962 12993 
1963 12994 
1964 12995 
1965 12996 
1966 12997 
1967 12940 12998 
1968 12999 
1969 13000 
197,328 12922 
1970s 12887 
1971 12989 
1972 12909 
1974 12989 
1975 12989 
1981 12989 
1983 12984 
1984 12944 
1984/85 12971 
1985 12898 12903 12909 12915 12986 12999 
1985/86 12967 
1986 12885 12886 12892 12901 12903 12917 12922 12927 12928 12932 12934 12947 12951 12976 12977 12979 12981 12985 12986 12987 12988 13000 
1986/87 12887 
1987 12894 12901 12917 12920 12940 12941 12954 12955 12966 12986 
1987/88 12887 
1988 12886 12917 12920 12925 12952 12993 
1990 12994 12999 
1991 12958 
1992 12909 
1996 12925 
1999 12896 12925 
1st 12901 12949 
2,000 12937 
2,123,000 12915 
2,145 12892 
2,186,000 12903 
2,394 12979 13000 
2,420 12951 
2,472,582 12914 
2,475,739 12914 
2,484,000 12957 
2,545 12979 13000 
2,748 12951 
2-3/4 12881 
2.05 12918 12925 
2.06 12971 
2.10 12971 
2.2 12935 
2.25 12914 
2.30 12887 
2.35 12917 
2.46 12934 
2.5 12887 12935 12965 12971 12985 
2.50 12887 
2.59 12971 
2.66 12927 
2.85 12887 
2.90 12934 
20,000 12894 
20.25 12935 
20.4 12915 
20.5 12938 
20.50 12935 
20.85 12935 
200,000 12938 12971 
200-seat 12961 12970 
2003 12925 
2007 12911 12966 
202.7 12885 
21-31 12951 
21.30 12935 
21.85 12935 
22.5 12941 
22.50 12935 
225.8 12885 
226,000 12901 
227,500 12975 
23.1 12922 
238.8 12885 
246,000 12915 
25.9 12991 
27.1 12893 
274-294 12919 
275-295 12880 
28.1 12922 
28.5 12968 
29.5 12922 
294,500 12995 
295-344 12919 
296-360 12880 
3,292,733 12914 
3,321,000 12920 
3,342 12892 
3,500 12956 
3,689,770 12914 
3,717,794 12898 
3,750,000 12930 
3- 12962 
3-1/2 12882 
3-1/8 12882 
3-apr-1987 12881 12882 12883 12884 12885 12886 12887 12888 12889 12890 12891 12892 12893 12894 12895 12896 12897 12898 12899 12900 12901 12902 12903 12904 12905 12906 12907 12908 12909 12910 12911 12912 12913 12914 12915 12916 12917 12918 12919 12920 12921 12922 12923 12924 12925 12926 12927 12928 12929 12930 12931 12932 12933 12934 12935 12936 12937 12938 12939 12940 12941 12942 12943 12944 12945 12946 12947 12948 12949 12950 12951 12952 12953 12954 12955 12956 12957 12958 12959 12960 12961 12962 12963 12964 12965 12966 12967 12968 12969 12970 12971 12972 12973 12974 12975 12976 12977 12978 12979 12980 12981 12982 12983 12984 12985 12986 12987 12988 12989 12990 12991 12992 12993 12994 12995 12996 12997 12998 12999 13000 
3.11 12887 
3.2 12938 12957 
3.3 12995 
3.5 12902 12931 
3.50 12965 
3.50-dlr-per-share 12965 
3.55 12893 
3.60/70 12882 
3.75 12917 
3.7500 12882 
3.80/90 12882 
3.85/95 12882 
3.8750 12882 
30,000 12971 12999 
30-273 12919 
300,000 12932 12938 12971 12977 12999 
303.2 12893 
305,781 12922 
30th 12909 
332,461 12922 
340,000 12971 
345-360 12919 
347,441 12991 
349,578 12991 
369,000 12915 
370,033 12991 
370,390 12991 
371.3 12893 
372,500 12975 
39,000 12996 
39,269 12922 
3rd 12885 12893 12904 
4,000 12982 
4,324 12892 
4,650 12956 
4,794,000 12904 
4,902,778 12898 
4,925,000 12898 
4,959,932 12898 
4,975,000 12898 
4.0-liter 12894 
4.0000 12882 
4.1 12917 
4.25 12917 
4.29 12934 
4.4 12941 
4.46 12927 
4.50 12971 
4.7 12940 
4.72 12934 
4/03 12924 
4/04 12924 
40,000 12997 
44-year-old 12887 
46,056 12951 
46,632 12991 
46,896 12951 
462,629 12922 
463,768 12922 
466,000 12995 
474,879 12898 
4th 12898 12914 
5,000 12894 12954 12980 12982 
5,506 12951 
5,696,000 12893 
5,849,695 12898 
5,852,000 12904 
5,863 12979 13000 
5-14 12908 
5-15/16 12882 12923 
5-3/8 12882 
5-5/16 12882 
5.0 12973 
5.00 12880 12908 12919 
5.1 12996 
5.3 12963 
5.4 12963 
5.40/38 12882 
5.44/43 12882 
5.5 12938 
5.6 12991 
5.60 12908 
5.65 12908 
5.75 12908 
5.83 12908 
5.85 12908 
5.9 12971 
5.90 12880 12919 
5.92 12919 
5.93 12919 
5.95 12882 12912 12917 
5/8 12882 
50,305 12922 
500,000 12987 
51.5 12901 
54.6 12901 
54.89 12927 
55,054 12991 
553,000 12904 
57.33 12927 
57.4 12934 
58,000 12898 
59.3 12893 
6,000 12956 12989 
6,198 12892 
6,300 12951 
6,407 12979 13000 
6,873 12951 
6-cylinder 12894 
6.0 12943 12971 
6.0-mln 12943 
6.00 12882 12912 
6.09 12882 
6.1 12991 
6.14 12923 
6.15 12882 
6.2 12991 
6.20 12886 
6.6 12986 
600,000 12947 12975 
61,169 12922 
61.12 12927 
61.5 12934 
610,000 12904 
62.5 12901 
62.9 12934 
63.4 12927 
63.40 12927 
65.3 12963 
66.0 12910 
66.5 12934 
68,691 12914 
693.4 12885 
7,670 12951 
7.0 12991 
7.4 12995 
7.50-7.25 12882 
7.75 12886 
7/16 12882 
7/8 12882 
70,000 12971 12995 
700,000 12917 
72,000 12992 
72,500 12975 
720,126 12898 
73.1 12901 
737-300 12955 
753,000 12971 
760,500 12995 
776.0 12885 
79,249 12922 
79-85 12908 
8,000 12980 
8-1/2 12930 
8.0 12937 
8.7 12922 
800,000 12917 
8125 12882 
818,000 12920 
82-88 12908 
828,784 12991 
854.0 12927 
855,768.75 12973 
868,700 12971 
874,000 12977 
88-1/4 12886 
89-174 12908 
89-360 12908 
9,200,000 12889 
9-15/16 12882 
9-7/8 12882 
9-7/8fft 12882 
9.50 12886 
9.75 12972 12993 
9.763 12993 
9.85 12952 
9.9 12906 
91-day 12954 
910,000 12963 
912.8 12893 
9375 12882 
942.6 12934 
987.7 12927 
99.00 12952 
`` 12887 12903 12907 12909 12916 12917 12941 12942 12943 12948 12963 12967 12973 12977 12994 12997 
a-1 12958 
a-minus 12958 
a-rated 12958 
a320 12985 
a330 12985 
a330/340 12985 
a330s 12960 
a340 12960 12985 
aa-3 12964 
ab 12940 
ability 12941 
abnormal 12907 
abnormally 12907 
abolition 12887 12916 
absence 12907 
accelerator 12894 
accepted 12967 
acces 12942 
access 12942 
accident 12907 
accord 12895 
account 12887 12941 12952 12986 
accounting 12909 
accused 12977 
achieve 12881 12942 
achieved 12971 
acq 12883 12888 12889 12890 12900 12905 12933 12937 12956 12965 12973 12974 12981 12988 12995 12996 
acquire 12933 12973 
acquired 12883 12890 12933 12973 12988 12996 
acquisition 12889 12917 12946 12956 12981 
acquisitions 12898 12917 12930 
acquistion 12956 
acquring 12917 
acres 12932 12987 
act 12909 12923 12942 
action 12916 12923 12989 12997 
adaptation 12967 
add 12923 12971 
added 12892 12907 12917 12932 12942 12947 12951 12958 12986 12989 12999 
addition 12947 12985 
additional 12943 12971 12973 12995 
adds 12909 
adequacy 12941 
adequately 12942 
adjusted 12912 12919 
adjusting 12917 
adjusts 12908 12912 
administration 12943 12948 12968 12997 
admit 12909 
adopt 12909 
adopted 12909 
adoption 12967 
advised 12907 
advisor 12965 
advisors 12981 
ael 12920 
aelna 12920 
aequitron 12932 
aerospace 12945 
affairs 12942 
affected 12894 12901 
affiliate 12995 
affiliated 12925 
affirmed 12939 
afraid 12909 
after-tax 12937 
aftertax 12920 
ag 12892 12895 12979 12999 
agency 12916 12924 12946 12964 
agents 12890 
ago 12887 12922 
agree 12887 12916 12967 
agreed 12883 12890 12895 12899 12933 12937 12948 12959 12967 12981 12994 
agreement 12883 12895 12917 12956 12969 12976 
agreements 12890 12923 
agricultural 12943 12948 
agriculture 12887 12907 12943 12948 12971 
ahead 12909 12967 12983 
aid 12936 12968 12986 
aids 12903 
aids-related 12903 
aim 12887 
aimed 12941 12999 
ainp.pa 12985 
air 12894 12906 
airbus 12960 12985 
aircraft 12955 12985 12997 
airline 12927 12985 
airlines 12927 12955 12960 12985 12997 
airplanes 12997 
al721 12903 
alarming 12907 
alberta 12987 
ald 12981 
alexanders 12967 
algoma 12881 
alike 12909 
allergy 12903 
alliance 12909 
alliances 12909 
allied-signal 12981 
allocated 12938 12967 
allotment 12967 
allotted 12967 
allowed 12909 12941 12967 
allowing 12889 12948 
alltel 12984 
allwaste 12933 
alternate 12977 
alws 12933 
am-drugs-mexico 12936 12968 
am-time 12983 
ambassador 12907 
amc 12894 12951 
amendment 12967 
america 12892 12928 12973 12979 13000 
american 12883 12894 12905 12917 12936 12951 12967 12968 12998 
amex 12998 
amo 12894 12951 
amount 12883 12941 12952 
amounts 12925 12971 12993 
amp 12994 
amphenol 12981 
ams 12882 
amsterdam 12994 
anaheim 12973 
analysis 12909 12938 
analyst 12886 12943 
analysts 12905 12917 12923 
anchor 12901 
anchor-financial-cor 12901 
angeles 12956 
anger 12942 
anjalankoski 12959 
ankara 12909 
anlagen 12895 
anniversary 12909 12916 
announced 12917 12930 12943 12948 12967 12974 12985 
announcement 12905 12943 12948 12967 
announcements 12881 
annual 12887 12890 12900 12940 12947 12952 12953 12992 12999 
anr 12939 
anthony 12903 
anticipate 12943 
anticipated 12881 12978 
anticipating 12971 
applause 12916 
appleton 12996 
appliance 12946 
applicable 12941 
applied 12941 12958 
apply 12997 
approval 12890 12968 12969 
approvals 12981 
approve 12947 
approved 12916 12969 
approves 12968 
approving 12967 
approximately 12900 12974 
apr 12882 
april 12881 12883 12884 12885 12886 12887 12888 12889 12890 12891 12892 12893 12894 12895 12896 12897 12898 12899 12900 12901 12902 12903 12904 12905 12906 12907 12908 12909 12910 12911 12912 12913 12914 12915 12916 12917 12919 12920 12922 12923 12924 12925 12926 12927 12928 12929 12930 12931 12932 12933 12934 12935 12936 12937 12938 12939 12940 12941 12942 12943 12944 12945 12946 12947 12948 12949 12950 12951 12952 12953 12954 12955 12956 12957 12958 12959 12961 12962 12963 12964 12965 12966 12967 12968 12969 12970 12971 12972 12973 12974 12975 12976 12977 12978 12979 12980 12981 12982 12983 12984 12985 12986 12987 12988 12989 12991 12992 12993 12994 12995 12996 12997 12998 12999 
aqtn 12932 
area 12887 12917 12947 12963 
areas 12906 12909 12917 12971 12997 
arising 12946 
arizona 12983 
arm 12892 12942 
arnold 12903 
arrange 12942 
arranging 12923 
art 12898 
arthur 12996 
asamera 12987 
asked 12917 12942 12961 12970 12985 
asm 12987 
assayed 12963 
assess 12964 
assessments 12906 
assets 12889 12901 12941 12987 
assigning 12941 
assistance 12891 12906 12936 
assistant 12887 
association 12908 12909 12954 12957 12967 
assume 12967 
assumed 12886 
assumption 12967 12986 
assurances 12942 
atcma 12917 
attempt 12936 12977 
attempts 12942 
attending 12916 
attitude 12909 
attractive 12886 
attributed 12986 
auction 12891 12954 12967 12993 
auctioned 12967 
auctions 12967 
august 12971 
austria 12909 
author 12909 12942 12967 12971 
authorisation 12971 
authorities 12999 
authorized 12888 12947 
auto 12922 
average 12917 12924 12963 
averaged 12923 
avg 12893 12898 12915 
aviation 12927 12997 
awaiting 12967 
awarded 12920 
azerbaijan 12907 
aziz 12887 
b-1 12946 
b-2 12946 
b-3 12896 
b-minus 12896 12939 
b-plus 12939 
babcock 12895 
back 12907 12917 
backlog 12920 12924 
bahamas 12936 
balance 12941 12946 12971 
bang 12967 
bangor 12958 
bank 12891 12909 12919 12925 12938 12941 12957 12967 12981 12986 
banking 12909 12941 12942 
bankrupt 12977 
bankruptcy 12977 
banks 12941 12994 
banque 12921 12938 
barley 12971 
barrel 12935 
barriers 12909 
based 12886 12920 12941 12967 12986 
bases 12906 
basf 12895 
basf.f 12895 
basic 12948 12967 
basis 12953 12967 
batiment 12921 12938 
bb 12939 
bb-minus 12939 
bb-plus 12939 
bc- 12901 
bc-******coastal-to-file 12950 
bc-******general-motors 12991 
bc-******owens-illinois 12918 
bc-******u.s.-treasury-s 12972 
bc-/-fed-expected-to-tak 12923 
bc-/cyprus-lowers-copper 12910 
bc-/u.s.-sets-9.75-billi 12993 
bc-abnormal-radiation-fo 12907 
bc-ael- 12920 
bc-aequitron- 12932 
bc-algoma-steel-has-no 12881 
bc-allied-signal- 12981 
bc-alltel- 12984 
bc-allwaste- 12933 
bc-amc- 12894 
bc-american-motors- 12951 
bc-asamera 12987 
bc-belgian-state-loan-ra 12884 
bc-boise-cascade- 12974 
bc-bp-says-no-plans-to-c 12940 
bc-california-energy- 12931 
bc-canada-government-jan 12990 
bc-chicago-pacific- 12946 
bc-chile 12980 
bc-coastal- 12977 
bc-coastal-corp- 12939 
bc-customs-levies-bond-o 12976 
bc-damon- 12899 
bc-dataflex- 12944 
bc-deluxe-check-printers 12902 
bc-du-pont- 12890 
bc-ec-wheat-release-unli 12971 
bc-economic-spotlight 12909 
bc-enserch- 12911 12966 
bc-exchange-seen-approvi 12967 
bc-faa-fears-cracks-on-o 12997 
bc-federal-co- 12893 
bc-fhlbb-changes-short-t 12919 
bc-fine-art-acquisitions 12898 
bc-finnish-prime-ministe 12961 12970 
bc-flowers-industries-in 12897 
bc-ford- 12922 
bc-freddie-mac-adjusts-s 12912 
bc-french-government-set 12921 12938 
bc-gerber- 12900 
bc-german 12895 
bc-global-raises-heavy-f 12935 
bc-graphic-media-inc- 12915 
bc-hadson- 12930 
bc-italian-treasury-cert 12952 
bc-italy-fund 12995 
bc-italy-sets-bank-capit 12941 
bc-japanese-crushers-buy 12982 
bc-k-mart- 12883 
bc-kentucky-central-to-d 12978 
bc-kleer-vu-industries-t 12888 
bc-land's-end-inc- 12929 
bc-larger-volume-seen-on 12994 
bc-lear-siegler-debt-rat 12958 
bc-maverick-restaurant-c 12914 
bc-memory-protection- 12889 
bc-mesa- 12957 
bc-meston 12963 
bc-missed-senate-deadlin 12916 
bc-modulaire 12973 
bc-money-rates-int'l 12882 
bc-moody's-may-upgrade-u 12964 
bc-new-york-futures-exch 12969 
bc-noranda-revises-numbe 12926 
bc-noranda-sets-temporar 12992 
bc-northwest-airlines-or 12985 
bc-northwest-airlines-to 12960 
bc-occidental- 12988 
bc-olin- 12945 
bc-owens-illinois 12925 
bc-pakistan-not-seen-as 12887 
bc-panama-canal-ships 12924 
bc-philip-morris- 12886 
bc-piedmont- 12927 
bc-plywood-credits-eyed 12948 
bc-polysar-in-joint 12959 
bc-pope-and-talbot- 12949 
bc-porsche-march-sales-f 12979 
bc-porsche-reports-lower 13000 
bc-portugal's-gdp-foreca 12986 
bc-praxis- 12903 
bc-presidio-oil- 12953 
bc-range-rover-of-north 12928 
bc-rohm/haas- 12989 
bc-sage 12996 
bc-sallie-mae-adjusts-sh 12908 
bc-sallie-mae-to-price-f 12954 
bc-soo-line- 12937 
bc-southwest- 12955 
bc-spain-raises-call-mon 12891 
bc-stars-to-go- 12956 
bc-sterling-drug-inc- 12962 
bc-symbion 12965 
bc-synthetic-industries 12896 
bc-tandy- 12885 
bc-time- 12905 12917 
bc-trans-world-liquidati 12913 
bc-tsr-inc- 12904 
bc-uk-hopes-howard's-tok 12942 
bc-usair-group- 12934 
bc-usda-corrects-turkey 12943 
bc-uspci- 12975 
bc-volkswagen-late-march 12892 
bc-vw-plans-major-new-pl 12999 
bc-w.w.-grainger- 12947 
bc-webcor- 12998 
bc-weston-gets-u.s.-air 12906 
bcc 12974 
beach 12901 
beam 12997 
beard 12975 
beat 12909 
becasue 12886 
began 12953 12976 12999 
begin 12903 12954 12955 12957 12963 
beginning 12887 12916 
begins 12953 
begun 12887 12976 
belgian 12884 
belgium 12884 
believed 12967 
believes 12917 
beneficial 12913 
benefit 12967 
bernard 12994 
berne 12909 
beverly-hills 12903 
bias 12977 
bid 12942 12965 12967 
bidders 12967 
bidding 12967 
bids 12937 
big 12909 12967 
bigelow 12917 
bigger 12942 
biggest 12909 12917 
bill 12936 12954 
billion 12884 12893 12918 12923 12925 12927 12934 12939 12952 12967 12972 12985 12986 12990 12993 
bills 12972 12993 
bipartisan 12936 
birthday 12916 
bischloromethyl 12989 
bladder 12989 
blah 12918 12921 12950 12960 12972 12990 
blankart 12909 
bleak 12940 
blueprint 12916 
board 12888 12919 12929 12959 12969 12984 12994 
bogen 12889 
boilers 12895 
boise 12974 
bond 12954 12967 12976 
bonding 12890 12976 
bonds 12939 12964 12967 
book 12917 12954 
booked 12971 
books 12913 
boost 12986 
bop 12986 
border 12909 
borders 12909 
borrowing 12952 
borrowings 12925 
boston 12886 
bottom 12963 
bought 12907 12917 12971 12973 12982 12995 12996 
boundary 12963 
bourse 12938 
box 12917 
bp 12940 
bp.l 12940 
bran 12887 
branches 12941 12947 
brand 12981 
breakthrough 12942 
breakwater 12987 
brettell 12971 
bridge 12925 
bring 12999 
bringing 12941 
brings 12935 12945 
britain 12907 12942 
british 12907 12928 12940 12942 12971 
broadcasting 12905 12917 
broader 12964 
broker 12882 12967 
brothers 12930 
brought 12992 
brussels 12884 12909 
btp 12938 
budget 12916 12986 12990 
build 12959 
building 12973 12994 
buildings 12973 
built 12999 
bulk 12971 
buoyant 12971 
bureau 12976 
burn 12895 
burned 12926 12992 
burners 12895 
buses 12909 
business 12917 12933 12941 12949 12977 12982 12994 
businesses 12930 
butter 12907 
buy 12887 12932 12960 12965 12971 12973 12981 12982 12996 
buyback 12917 
buying 12971 
buyout 12900 12958 
bwrlf 12987 
ca 12909 
cable 12905 12917 12942 
caesium 12907 
caesium-134 12907 
caisse 12938 
calcluated 12941 
calculated 12941 12986 
calgary 12987 
calif 12931 
calif. 12931 12973 12987 
calif.-based 12903 
california 12931 12973 12987 
call 12882 12891 
called 12911 12966 12980 
campaign 12977 
campbell 12963 
campgian 12977 
canada 12881 12926 12959 12963 12982 12983 12987 12990 12992 
canadian 12926 12981 12982 
canal 12924 
cancer 12989 
cannon 12987 
cap 12997 
capacity 12940 12959 12961 12970 12992 12999 
capital 12896 12938 12939 12941 12946 12965 12975 12994 
capitalisation 12967 
car 12892 12922 12951 12991 12999 13000 
carboxylated 12959 
carcinogen 12989 
cards 12887 
caretaker 12961 12970 
cargo 12935 
carmaker 12991 
carried 12986 
carries 12964 
carry 12909 
carryforward 12898 
cars 12951 12979 12991 12999 13000 
cascade 12974 
case 12942 12948 12967 12984 
cash 12889 12953 12957 12964 12965 12981 
cash-settled 12994 
cassette 12956 
categories 12941 
cathode 12910 
caused 12926 12997 
cawl.l 12942 
cboe 12994 
ccf 12938 
cch 12963 
ccts 12952 
cds 12882 
ce 12931 
ceased 12913 
ceci 12931 
ceilings 12907 
celebrates 12909 
cent 12898 12910 
centers 12956 
central 12891 12937 12938 12941 12978 12986 
centre-left 12961 12970 
centrists 12961 12970 
cents 12910 
cereal 12971 
certificate 12952 
certificates 12952 
cff 12938 
cgp 12939 12977 
chairman 12916 12917 12944 12967 12977 12984 
chamber 12961 12970 
change 12887 12967 
changed 12909 
character 12941 
characterized 12964 
charge 12914 12920 
charged 12947 
charter 12909 
chartered 12954 
cheaper 12986 12999 
cheaply 12887 
check 12902 12907 
chemcial 12988 
chemical 12890 12939 12989 
chemicals 12988 12989 
chernobyl 12907 
cherokee 12894 
chester 12906 
chibougamu 12963 
chicago 12946 12994 12996 
chief 12905 12916 12917 12944 12984 
chile 12980 
chilean 12980 
chileans 12980 
chiles 12916 
china 12931 12980 12999 
chinese 12980 12999 
choice 12916 12983 
chrome 12890 
chromite 12987 
cinemax 12917 
circle 12956 
circular 12941 
circumstances 12996 
cited 12939 
cites 12989 
cities 12955 
city 12887 12930 12975 12998 
ckp 12956 
class 12953 12978 12989 
cleaners 12989 
clear 12948 12999 
clearing 12961 12970 
cleveland 12890 
clients 12994 
climate 12909 
climbed 12951 
clinical 12899 12903 
clocks 12983 
close 12909 12913 12932 12938 12940 12952 
closed 12881 12884 12942 12952 12958 
closes 12952 
closest 12909 
closing 12883 12890 12981 
closings 12914 
clouded 12942 
cnn 12917 
coalition 12961 12970 
coastal 12939 12950 12977 
coated 12959 
codelco 12980 
coffin 12992 
collective 12909 
cologne 12907 
colon/rectal 12989 
colorado 12939 
comanche 12894 
combination 12967 
combined 12917 
comfortable 12917 
coming 12916 
comm 12882 
commemorating 12916 
comment 12886 12976 12977 
comments 12891 
commerce 12916 12957 12981 
commercial 12938 12958 12963 12964 
commission 12916 12924 12925 12930 12938 12965 12971 12973 12975 12978 12995 12996 
commitment 12887 
commitments 12985 
committed 12981 
committee 12916 12940 12941 12967 12968 
commodities 12943 
commodity 12948 
common 12881 12901 12925 12930 12933 12947 12953 12965 12967 12973 12975 12978 12995 12996 
communications 12905 12917 
community 12907 12909 12986 
companion 12936 
company 12881 12885 12888 12889 12890 12894 12895 12902 12903 12905 12906 12910 12917 12925 12926 12928 12929 12932 12933 12934 12935 12944 12945 12947 12949 12953 12956 12962 12964 12965 12973 12975 12977 12978 12980 12981 12984 12987 12989 12991 12992 12999 
compared 12922 12949 12979 12986 12989 12991 
compares 12887 12971 
competing 12985 
competition 12942 12971 12994 
competitiveness 12940 12941 
complete 12888 
completed 12889 12956 12974 12989 
completely 12992 
completes 12889 12974 
completing 12916 
completion 12903 12975 
complex 12903 
complexes 12890 
comply 12941 12976 
compounders 12971 
comprise 12941 
comprises 12938 12941 
comprising 12938 
comptoir 12938 
computer 12944 
concentrate 12887 
concentration 12941 
concern 12939 12971 
concessional 12943 12948 
concurrent 12975 
conducted 12907 12967 
conducting 12945 
conducts 12937 
confirmed 12985 
congress 12983 
conjunction 12956 
conn 12988 
conn. 12945 12981 
connected 12967 
connection 12925 
conservative 12909 
conservatives 12961 12970 
consideration 12946 
considered 12887 12936 12943 12946 12948 
considers 12965 
consolidated 12885 12889 
consortium 12905 12917 12985 
constituted 12942 
construct 12999 
construction 12895 12986 
consultative 12967 
consumed 12907 
consumer 12887 12974 
consumption 12887 
contained 12907 12943 
content 12940 
continue 12883 12986 
continues 12881 12917 12944 
continuing 12917 
contract 12890 12906 12985 
contracts 12920 
contrast 12967 
contribute 12980 
contributed 12949 
control 12894 
controls 12909 
cooperate 12895 12936 12968 
cooperation 12895 12943 12948 
copper 12910 12926 12963 12980 12992 
corp's 12988 
corporate 12930 12942 
corporation 12945 12954 12980 
correct 12941 12942 
corrects 12943 
corresponded 12941 
corrupted 12887 
cos 12886 
cosmetic 12888 
cosmetics 12888 
cost 12881 12903 12959 
costs 12887 12902 12925 12947 
cotton 12969 
countries 12909 12941 12971 
country 12909 12986 
county 12987 
coupon 12896 12952 
court 12977 
coverage 12886 12939 
covered 12943 12989 
covering 12967 12997 
covers 12883 12906 
cpac 12946 
cq 12882 
cracks 12997 
create 12909 
created 12953 12971 
creates 12945 
creating 12971 
credit 12932 12938 12941 12943 12948 12954 12957 
creditors 12977 
credits 12917 12941 12943 12948 
critchley 12967 
criteria 12941 
critics 12936 
crop 12887 12971 
crops 12887 
crossing 12909 
crucial 12967 
crude 12940 
cruickshank 12967 
crushers 12982 
ct 12910 12914 
current 12887 12914 12916 12920 12939 12940 12952 12961 12963 12970 12986 12995 12996 
customer 12923 12985 
customers 12985 
customs 12971 12976 
cut 12936 12968 
cutoff 12968 
cutting 12936 
cvs 12956 
cwt 12900 
cyprus 12910 
d'assurance 12938 
d'entreprise 12938 
d'outre-mer 12938 
d-fla. 12916 
daily 12891 12924 12963 
dale 12992 
dallas 12911 12955 12966 
damage 12926 
damon 12899 
danger 12907 12909 12926 
darien 12988 
data 12907 
dataflex 12944 
david 12886 
day 12936 12954 12963 12998 
daylight 12983 
days 12880 12888 12900 12905 12908 12912 12919 12922 12924 12953 12967 12991 12992 12997 
dbcg.f 12895 
dc10 12997 
dc10s 12997 
dd 12890 
de 12909 12938 
deadline 12900 12916 
deadlocked 12942 
deal 12932 12985 
dealer 12967 
dealers 12894 12967 
dealing 12967 
dealings 12995 
dearborn 12922 
death 12989 
deaths 12989 
debate 12909 
debating 12948 
debentures 12896 12911 12925 12939 12966 
debt 12918 12925 12932 12939 12946 12958 12964 12981 
decades 12909 
december 12901 12941 12981 
decide 12973 
decides 12992 
decision 12941 12942 12971 12976 12999 
declare 12953 12978 
declared 12929 
declined 12905 12922 12989 
declines 12965 
decrease 12917 12995 
decreasing 12910 
deducted 12941 
defeated 12916 12936 
defeats 12936 
defence 12909 
defense 12920 12945 
deficit 12990 
defined 12941 
definite 12967 
definition 12941 
definitive 12890 12967 
del. 12890 
delicate 12917 
delist 12958 
delisted 12998 
delivery 12955 
deluxe 12902 
demand 12881 12971 
democrat 12961 12970 
democratic-controlled 12936 12968 
democrats 12961 12970 
denmark 12909 
denominations 12954 
denver 12910 12953 
deny 12942 
department 12943 12948 12967 
depending 12973 12996 
depends 12883 
deposits 12901 
depressed 12939 
depth 12963 
derived 12994 
des 12921 12938 
design 12894 12973 
designed 12895 12967 12980 
desktop 12944 
detailed 12909 
details 12895 12905 12941 12967 12999 
detected 12907 12997 
determine 12894 
detroit 12947 12955 
deutsche 12895 
develop 12895 12963 
developed 12895 12903 12963 
developing 12967 
development 12909 12931 12943 12948 12957 12959 
developments 12881 
devices 12889 
dflx 12944 
diamond 12988 
die 12916 
difficult 12971 
dignity 12916 
dir 12882 
direct 12967 12987 
directly 12909 12917 12938 
director 12965 
disclosed 12890 12941 12959 12988 
discontinued 12907 
discount 12886 12908 12912 12919 12925 
discounts 12938 
discover 12994 
discovered 12997 
discretionary 12946 
discussing 12903 
discussion 12965 
discussions 12967 12999 
disease 12903 12989 
distribution 12957 
distributions 12957 
distributor 12947 
div 12897 12962 
diversification 12964 
diverted 12887 
divided 12909 
dividend 12917 12929 12953 12962 12978 
dividends 12953 12957 
division 12889 12899 12937 12945 12974 12988 
divisions 12945 
dlr 12893 12906 12918 12925 12932 12935 12943 12947 12949 12957 12965 12993 
dlx 12902 
dmn 12899 
document 12967 
dodgeville 12929 
dollar 12986 
domestic 12884 12887 12892 12922 12941 12951 12971 12986 13000 
dominance 12994 
donald 12909 
double 12971 
douglas 12985 12997 
downward 12971 
drawing 12977 
drawn 12909 
drillhole 12963 
drilling 12963 12996 
dropped 12887 12951 12991 
drug 12903 12962 12968 
drugs 12936 12968 
du 12890 12921 12938 
due 12887 12896 12902 12911 12924 12925 12941 12954 12966 12968 12986 12998 
dumping 12976 
dusseldorf 12988 
dutch 12994 
dynamic 12909 
dynamics 12945 
eafe 12994 
earlier 12885 12907 12926 12927 12948 12989 13000 
earliest 12999 
early 12883 12923 12924 12942 12952 12971 12999 
earn 12885 12886 12893 12897 12898 12901 12904 12914 12915 12917 12929 12949 12962 12978 
earned 12886 12917 
earnings 12885 12886 12901 12917 12947 12949 12964 
ease 12942 
easily 12903 12967 
east 12959 12963 
eating 12907 
ec 12909 12971 12986 
economic 12909 12943 12948 12986 
economies 12909 
economists 12923 
economy 12909 
edged 12967 
edison 12944 
education 12954 
effect 12887 12891 12902 12964 
effected 12967 
effective 12902 12910 12935 12952 
effectiveness 12903 
effects 12940 12964 
efficiently 12967 
efta 12909 
eight-year 12884 
elaborate 12987 
elected 12984 
election 12961 12970 12984 
electric 12947 
electro 12945 
electrolytic 12910 
electronic 12920 12976 
electronics 12981 12998 
elevated 12907 12989 
eleven 12947 
eligible 12943 12948 
eliminate 12909 
embassies 12907 
embassy 12907 
emerged 12926 
emerging 12887 12909 
emissions 12940 
employed 12989 
employees 12890 12938 12977 12989 
enable 12955 12967 
enabling 12887 
encourage 12887 
end 12924 12929 12967 12976 12977 12985 12999 
end-day 12924 
ended 12885 12903 12914 12915 12920 
ending 12967 
energy 12931 12939 
energy-related 12930 
engaged 12905 12917 
engine 12894 
engines 12894 
england 12967 
enhance 12941 
enlarged 12909 
ens 12911 12966 
enserch 12911 12966 
ensuring 12942 
enter 12924 
entitled 12938 
entity 12929 
entrepreneurs 12938 
entry 12954 
environment 12895 
environmental 12906 
environmentally-safe 12895 
eoe 12994 
equals 12902 
equipment 12907 
equipped 12894 
equities 12967 
equity 12917 12941 12967 12973 12994 
equivalent 12941 12954 
essential 12967 
essentially 12941 
est 12954 
establish 12903 12980 
established 12890 
establishes 12941 
estimated 12926 12937 12952 12980 12986 12994 
estimates 12902 12917 
ether 12989 
eurobonds 12939 
euronotes 12939 
europe 12909 
european 12909 12931 12946 12971 12985 12986 12994 
evaluates 12973 
evaluating 12888 
evaluation 12903 
event 12916 
evidence 12989 
examine 12992 
exceed 12941 
excess 12907 
exchange 12881 12913 12925 12930 12932 12941 12953 12965 12967 12969 12973 12975 12978 12994 12995 12996 12998 
excluded 12941 12943 
excludes 12941 
excluding 12948 
exclusive 12956 
executive 12917 12944 12967 12984 
executives 12965 
exempted 12941 
exercised 12932 12981 
exhorted 12977 
existence 12885 
existential 12909 
existing 12930 12956 
expand 12955 
expansion 12930 
expect 12887 12948 12971 
expectations 12971 
expected 12884 12887 12890 12891 12923 12936 12940 12954 12971 12976 12977 12981 12986 12987 
expecting 12971 
expects 12886 12889 12903 12924 12932 12947 12949 12956 12957 
expedited 12903 
expenditures 12975 
expenses 12957 
expensive 12887 
experimental 12967 
explain 12881 
exploitation 12994 
exploration 12957 12987 
exploring 12998 
export 12940 12948 12971 12982 
exportable 12887 
exported 12887 
exporter 12887 
exports 12887 12943 12948 12971 12986 
exposed 12989 
exposure 12946 12989 
extending 12909 
extension 12967 
extensive 12909 
extent 12999 
extra 12887 
extraordinary 12889 
extremely 12967 
eyed 12948 
f. 12906 
f1021 12881 
f1027 12882 
f1051 12883 
f1055 12884 
f1074 12885 
f1078 12886 
f1081 12887 
f1082 12888 
f1083 12889 
f1087 12890 
f1096 12891 
f1104 12892 
f1128 12893 
f1136 12894 
f1139 12895 
f1141 12896 
f1144 12897 
f1147 12898 
f1148 12899 
f1149 12900 
f1150 12901 
f1151 12902 
f1154 12903 
f1157 12904 
f1177 12905 
f1181 12906 
f1186 12907 
f1193 12908 
f1214 12909 
f1227 12910 
f1229 12911 
f1230 12912 
f1231 12913 
f1240 12914 
f1241 12915 
f1247 12916 
f1266 12917 
f1268 12918 
f1284 12919 
f1286 12920 
f1299 12921 
f1301 12922 
f1303 12923 
f1312 12924 
f1315 12925 
f1323 12926 
f1325 12927 
f1330 12928 
f1331 12929 
f1332 12930 
f1334 12931 
f1335 12932 
f1337 12933 
f1339 12934 
f1340 12935 
f1347 12936 
f1351 12937 
f1373 12938 
f1381 12939 
f1383 12940 
f1392 12941 
f1397 12942 
f1407 12943 
f1411 12944 
f1426 12945 
f1427 12946 
f1428 12947 
f1433 12948 
f1437 12949 
f1439 12950 
f1447 12951 
f1448 12952 
f1452 12953 
f1456 12954 
f1459 12955 
f1460 12956 
f1461 12957 
f1462 12958 
f1464 12959 
f1467 12960 
f1468 12961 
f1469 12962 
f1470 12963 
f1471 12964 
f1478 12965 
f1482 12966 
f1483 12967 
f1490 12968 
f1496 12969 
f1501 12970 
f1503 12971 
f1515 12972 
f1526 12973 
f1539 12974 
f1551 12975 
f1554 12976 
f1559 12977 
f1568 12978 
f1571 12979 
f1572 12980 
f1574 12981 
f1584 12982 
f1591 12983 
f1594 12984 
f1599 12985 
f1610 12986 
f1616 12987 
f1620 12988 
f1622 12989 
f1631 12990 
f1635 12991 
f1638 12992 
f1640 12993 
f1655 12994 
f1656 12995 
f1657 12996 
f1661 12997 
f1668 12998 
f1670 12999 
f1672 13000 
faa 12997 
faaa 12898 
fabricator 12980 
face 12942 
faced 12907 
facility 12967 
fact 12887 12942 12943 
facto 12909 
factor 12927 12934 
factors 12973 
fail 12942 
failing 12936 12968 
failure 12916 12976 12997 12998 
fair 12965 
fairfield 12915 
fairly 12967 
fall 12887 12979 
fallen 12989 
fallow 12967 
fantastic 12916 
fao 12907 
farm 12971 
farmers 12907 
farther 12963 
fast 12891 
fatigue 12997 
fauci 12903 
favored 12916 
favour 12967 
favourable 12887 
favoured 12909 
fear 12909 12971 
fears 12909 12997 
feature 12967 
feb 12893 12904 12920 
february 12907 12967 
fed 12882 12923 
federal 12893 12912 12919 12923 12997 
federally 12954 
federation 12938 
feed 12971 
feet 12963 
fell 12892 12951 12979 12991 13000 
fff 12893 
fhlbb 12919 
field 12895 
fields 12909 
fight 12936 
figures 12886 12971 12991 
file 12950 12977 
filed 12925 12975 12977 12978 
files 12918 12925 12975 
filing 12930 12965 12995 
final 12976 
finance 12884 12903 12938 12939 12940 
financial 12895 12901 12909 12917 12941 12942 12954 12965 12981 12986 12998 
financially 12940 
financing 12925 12931 12981 
find 12907 12909 
finding 12942 12989 
fine 12898 
finished 12992 
finland 12909 12959 12961 12970 
finnish 12961 12970 
fire 12926 12992 
fire-damaged 12992 
firm 12895 12903 12933 12942 12971 12973 12977 12995 
firms 12895 12903 12942 12986 
fiscal 12916 12920 12932 
fits 12890 
fixtures 12883 
flew 12927 
flexibility 12967 
flight 12997 
flo 12897 
floating 12954 
flow 12964 
flowers 12897 
fluid 12989 
fntp 12938 
follow 12903 
foncier 12938 
food 12887 12907 12917 
foolish 12917 
foot 12963 
foothold 12985 
forbids 12909 
force 12906 12909 12941 
ford 12922 12984 
forecast 12887 12986 12994 
forecasts 12940 12986 
foreign 12909 12941 12943 12968 
foreigners 12999 
foresman 12917 
forfeit 12932 
form 12954 12959 12967 12987 
forma 12946 
formalise 12941 
formally 12909 12961 12967 12970 12985 
formed 12937 12980 12984 
forms 12941 
forstmann 12958 
fort 12885 
found 12907 12989 12997 
founding 12909 
fourth 12906 
frames 12948 
france 12909 12921 12938 
francs 12884 12921 12938 
franz 12909 
freddie 12912 
free 12907 12909 12938 12942 12971 
fremont 12900 
french 12921 12938 
french-speaking 12909 
freres 12981 
fruit 12907 
ftse 12994 
fuel 12894 12935 
fuels 12935 
full 12967 12991 12992 
full-blown 12903 
fully 12936 12968 
functions 12967 
fund 12909 12911 12966 12975 12985 12994 12995 
funding 12967 
funds 12882 12891 12923 12967 
furniture 12948 
future 12909 12940 12956 12994 
futures 12969 12971 12994 
ga. 12897 
gain 12898 12917 12932 
gained 12886 
garden 12998 
gas 12939 12953 12977 
gauged 12887 
gave 12932 12936 12961 12970 
gdp 12986 
gearing 12941 
geb 12900 
gemma 12967 
general 12930 12941 12943 12948 12961 12970 12978 12989 12991 
generally 12999 
geographically 12909 
george 12967 
geothermal 12931 
gerber 12900 
german 12895 12907 
german-speaking 12909 
germany 12895 12909 12979 12988 12999 
gilt 12967 
gilt-edged 12967 
gilts 12967 
give 12905 12917 12987 
giving 12985 
glands 12903 
global 12935 12994 
globalising 12994 
gm 12915 12991 
gmed 12915 
gnp 12986 
goal 12909 
goals 12909 
gold 12963 12987 
good 12887 
goods 12909 12948 12976 
gooseberry 12987 
gothenburg 12940 
government 12887 12903 12909 12916 12921 12923 12924 12938 12942 12948 12961 12967 12970 12986 12990 12999 
governments 12985 
governor 12891 
gq 12882 
grade 12963 
grading 12963 
gradually 12939 
grain 12887 12971 
grainger 12947 
granted 12956 12971 
graphic 12915 
greater 12941 12963 12964 12967 
grew 12934 
grey 12967 
gross 12967 12986 
ground 12906 
grounds 12948 
group 12925 12927 12931 12934 12938 12945 12954 12981 12985 
groups 12938 
grow 12986 
growing 12909 12971 
growth 12886 12887 12891 12917 12945 12964 12994 
gsm-102 12943 
guarantee 12943 12948 12967 
guaranteed 12939 
guarantees 12941 12943 12948 
guidelines 12909 12967 12998 
gww 12947 
ha 12887 
haas 12989 
hads 12930 
hadson 12930 
hairline 12997 
half 12887 12909 12968 12980 
half-mln 12887 
halve 12936 12968 
halved 12971 
harbor 12935 
hard 12909 
harper 12917 
hartnell 12967 
harvesting 12887 
harvests 12887 
hauppauge 12904 
hawaii 12983 
hazelnuts 12907 
hbo 12917 
head 12967 
heads 12903 
health 12906 12907 12989 
health-care 12964 
heard 12977 
heart 12909 
heat 12935 
heavy 12895 12935 12971 
hectares 12887 
heights 12899 
held 12883 12909 12941 12971 12995 
helped 12887 12986 
helpful 12967 
helsinki 12959 12961 12970 
henkel 12988 
hervet 12938 
high 12907 12986 12989 
higher 12917 12949 12989 
highly 12946 
highway 12936 
hike 12920 
hikes 12897 
hiking 12902 
hill 12886 
hinsdale 12899 
history 12977 
hold 12938 12941 
holders 12957 
holding 12980 12987 
holdings 12925 
hole 12963 
home 12912 12917 12919 12971 12976 
honey 12907 
hoover 12946 
hope 12942 
hopes 12942 
horowitz 12969 
hospital 12899 12903 
hour 12983 
hours 12926 12992 12997 
house 12916 12968 
houston 12933 12957 12977 
howard 12942 
hrs 12924 12954 
hsn 12917 
hudson 12984 
hundred 12903 12916 
hurt 12936 
icc 12916 
iceland 12909 
idaho 12974 
idea 12967 
identical 12952 
identify 12933 
idle 12894 
ill 12899 
ill. 12947 
ill.-based 12981 
illicitly 12887 
illinois 12937 
immediately 12910 12977 
impact 12909 12936 
imperial 12981 
implied 12967 
imponderables 12967 
importance 12909 
importers 12943 
imports 12986 
imposed 12976 
imposing 12976 
impossible 12909 
improve 12963 
improved 12986 
improvement 12881 12949 
inaccuracies 12943 
incidence 12989 
include 12914 12987 12991 
included 12909 12943 12948 
includes 12898 12925 
including 12883 12907 12909 12917 12920 12940 12941 12945 12948 12983 12987 
income 12920 12986 
inconceivable 12909 
increase 12881 12887 12891 12902 12916 12917 12935 12947 12956 12962 12965 12971 12995 
increased 12885 12896 12902 12922 
increases 12902 12916 12962 12986 
increasing 12941 12986 12994 
increasingly 12971 
increments 12954 
incurred 12925 12947 
indenture 12911 12966 
index 12994 
indiana 12983 
indianapolis 12983 
indications 12967 
indicting 12977 
indirectly 12923 
individual 12941 12989 
individuals 12938 
industires 12920 
industrial 12895 12933 12939 12964 12988 12989 
industrie 12985 
industries 12888 12895 12896 12897 12973 
industry 12917 12940 12942 12946 12959 12988 
ineligible 12948 
infectious 12903 
information 12917 
infuse 12917 
inhalation 12926 
initial 12896 12929 12963 
injection 12894 
inlet 12987 
inside 12909 
insitutions 12942 
inspect 12894 12997 
inspection 12997 
install 12956 
institute 12903 
institutional 12994 
institutions 12942 
instrument 12994 
instrumentation 12981 
insurance 12909 12942 12978 12994 
integration 12909 
intended 12887 
intensify 12994 
intention 12967 
intentions 12977 
interconnection 12981 
interest 12882 12891 12903 12908 12912 12913 12917 12919 12923 12939 12941 12942 12954 12973 12986 12987 12994 
interest-free 12977 
interested 12917 
interests 12909 12980 12987 
interior 12971 
intermediary 12954 12989 
interministerial 12941 
internal 12887 12909 12971 
international 12882 12909 12956 12967 12975 12986 12994 
interruption 12883 
intersected 12963 
interstate 12916 12939 
intervention 12923 12971 
interview 12887 12948 
introduce 12941 
introduced 12887 
introducing 12994 
introduction 12887 12941 12967 
inventory 12883 
invest 12905 
invested 12940 
investigation 12992 
investigations 12906 
investing 12917 12938 
investment 12905 12917 12931 12965 12980 12981 12986 12995 12996 12999 
investments 12941 12981 
investor 12938 12996 
investors 12896 12946 12964 12994 
invitations 12938 
involved 12917 12942 
involves 12895 
inyo 12987 
iran 12887 
irritated 12916 
islamabad 12887 
isolated 12989 
israel 12903 
issuance 12901 
issue 12896 12938 12942 12967 12987 
issued 12887 12941 12967 12975 12993 
issues 12909 12938 12942 12967 
ita 12995 
italian 12941 12952 
italy 12909 12941 12952 12995 
items 12889 12917 12941 12976 
itinerary 12942 
james 12916 12977 
james-miller 12916 
jan 12894 12914 12915 
january 12903 12937 12958 12990 
japan 12895 12942 12976 12982 
japan's 12942 
japanese 12895 12942 12976 12982 
jeep 12894 12951 
jeeps 12951 
jeffrey 12944 
jet 12985 
jets 12960 12985 12997 
joe 12963 12984 
joerg 12907 
john 12977 
join 12905 12909 
joining 12909 12944 
joint 12909 12931 12959 12999 
jr 12977 
jr. 12905 
july 12957 12971 12976 12977 
jumbo 12997 
jumbos 12997 
june 12883 12902 12903 12909 12941 12955 12956 12962 12971 
junior 12925 
jupiter 12883 
kalevi 12961 12970 
kan. 12914 
karachi 12887 
kastl 12907 
kawasaki 12895 
kawh.t 12895 
keen 12971 
kenneth 12971 
kentucky 12978 
kesselwerke 12895 
key 12909 
keys 12994 
kgaa 12988 
khi 12895 
killed 12926 12992 
kilo 12887 
kinds 12989 
kleer-vu 12888 
km 12883 
kohlberg 12925 
koivisto 12961 12970 
kravis 12925 
kresge 12883 
ky 12978 
l.f. 12965 
l.p. 12965 
la 12938 
lab 12899 
laboratories 12899 
laboratory 12899 12906 12907 
laing 12967 
lake 12931 12937 12963 
lamm 12944 
land 12887 12929 12932 
landings 12997 
lands 12931 
landsdale 12920 
languages 12909 
lanham 12928 
large 12903 12971 12999 
large-scale 12967 
largely 12946 
larger 12971 12994 
largest 12922 12962 
late 12892 12907 12909 12916 12951 12991 12992 
late-march 12922 
latest 12884 12952 12971 
latex 12959 
laudable 12909 
launch 12985 
launched 12942 12965 12985 
lawsuits 12989 
lawton 12916 
lawyer 12977 
lazard 12981 
ldn 12882 
leader 12942 
leading 12946 
lear 12958 
lear/siegler 12889 
lease 12973 
leave 12909 
leaves 12907 
leaving 12891 12971 
led 12925 12958 
left 12903 
legal 12941 
lehman 12930 
letter 12907 12932 12942 12977 
leukemia 12989 
level 12939 12963 
levels 12907 12989 
leveraged 12900 12946 12958 
levied 12976 
levies 12976 
levy 12976 
lewis 12969 
lexington 12978 
leys 12929 
liabilities 12889 12941 
liberal 12909 
liberalised 12942 
licences 12942 
licencing 12895 
licensing 12903 
life 12978 
lifeblood 12909 
light 12942 
limit 12938 
limited 12881 12957 
limits 12941 
line 12937 12941 12943 12957 12961 12970 
lines 12902 
link 12909 
linked 12941 12989 
lippa 12903 
liquidating 12913 
liquidation 12950 
liquidity 12941 
lire 12952 
lisbon 12986 
lisle 12981 
list 12886 
listed 12967 
listing 12967 12998 
living 12909 
lloyds 12995 
load 12927 12934 
loan 12882 12884 12908 12912 12919 12925 12954 
loans 12977 
local 12917 12971 12983 
located 12931 12956 
locked 12909 
london 12940 12942 12967 12971 12980 12994 
london-based 12995 
long 12948 12967 
long-range 12985 
long-term 12887 12890 12917 12964 
longer 12890 12989 
looked 12940 
loose 12909 
los 12956 
loss 12898 12903 12914 12937 12949 
losses 12941 12971 
loud 12942 
low 12887 
lower 12892 12986 13000 
lowers 12910 
lowest 12967 
lpl 12981 
lpli 12981 
lq 12882 
lse 12967 
lucrative 12985 
lukes/roosevelt 12903 
lumber 12943 12948 
luv 12955 
luxury 12909 12928 
lymph 12903 
lymphadenopathy 12903 
lynch 12896 12981 
lyonnais 12938 
mac 12912 
made 12881 12890 12905 12942 12967 12971 12989 12999 
madeco 12980 
madrid 12891 
mae 12908 12954 
main 12963 12997 
maintain 12887 
maintained 12986 
maintenance 12997 
major 12887 12906 12920 12936 12954 12999 
majority 12905 12909 12916 12936 12961 12970 
make 12973 12994 
maker 12922 12997 
makers 12967 
makes 12981 12988 
making 12942 12959 12967 12989 
manage 12899 
manageable 12939 
managed 12954 
management 12900 12941 
manager 12896 12943 12948 12994 
managers 12995 
managing 12930 12994 
mann 12963 
manufactured 12894 12943 12948 
manufacturing 12902 
margaret 12942 
margin 12887 
mariano 12891 
marie 12881 
mark 12903 12994 
market 12881 12886 12887 12909 12923 12942 12946 12947 12952 12954 12967 12971 12976 12985 12994 12999 
market-makers 12967 
marketing 12895 12908 12917 12944 12954 12967 
markets 12887 12896 12907 12909 12940 12942 12964 12971 12994 
mart 12883 
mass. 12899 
material 12948 
materials 12986 
materiel 12938 
mature 12993 
maturing 12993 
maturity 12908 12912 12919 12939 
mauno 12961 12970 
maverick 12914 
mavr 12914 
mccrory 12883 
mcdonnell 12985 12997 
md 12985 12997 
md-11 12985 
md. 12928 
means 12887 12967 
measure 12907 12936 12968 
measures 12936 12941 
media 12915 
medical 12932 
medium-range 12985 
meet 12916 12941 12945 12998 
meeting 12947 12965 12967 
meetings 12942 
meets 12969 
melvin 12943 12948 
member 12909 12948 12986 
members 12909 12943 12961 12970 
membership 12909 
memory 12889 
memphis 12893 
mercantile 12994 
merger 12987 
merrill 12896 12981 
mesa 12957 
meston 12963 
met 12965 
metal 12997 
method 12967 
methods 12967 
mexico 12936 12968 
mich. 12883 12892 12894 12900 12922 12951 
michael 12942 
michigan 12937 12955 
microcosm 12909 
mid-1993 12887 
midday 12971 
midwest 12900 
mild 12916 
miles 12927 12934 12937 
milk 12907 
miller 12916 
mills 12887 
mine 12926 12963 12987 12992 
miner 12926 12992 
mineral 12987 
minerals 12910 12987 
miners 12926 
minimum 12887 12941 12993 
mining 12987 
minister 12887 12942 12961 12970 
ministry 12884 12909 12938 12940 12971 
minn. 12902 
minneapolis 12932 12937 
minnesota 12937 
misguided 12977 
misrepresent 12977 
missed 12916 
mitigates 12939 
mo 12886 
mobility 12941 
model 12999 
models 12894 
moderate 12971 
modern 12946 
modulaire 12973 
modular 12973 
modx 12973 
monday 12954 12978 
monetary 12909 12986 
money 12882 12891 12923 
money-fx 12923 
month 12882 12885 12892 12909 12922 12927 12928 12949 12951 12952 12965 12971 12985 12991 13000 
months 12887 12907 12922 12934 12938 12947 12967 12971 12979 12992 
montreal 12963 
moody 12896 12946 12964 
moorhead 12965 
morgan 12886 12925 12994 
morris 12886 12981 
mortality 12989 
mortgage 12912 12939 
mos 12957 
moscow 12907 
motor 12922 12947 
motors 12894 12951 12991 
mounted 12977 
move 12891 12936 12940 12983 
movement 12909 
moves 12994 
mp 12889 
mpdi 12889 
mq 12882 
mr 12942 
mr. 12977 
mrs 12942 
mths 12893 12904 
multiple 12941 
munro 12917 
murdoch 12917 
murdochville 12926 12992 
mutuelle 12938 
myhren 12917 
myrtle 12901 
n't 12907 12909 12917 12942 
n.c. 12927 
n.j 12905 
n.j. 12915 12917 12944 12981 
n.v./b.v 12939 
n.y. 12904 
nabors 12977 
nakasone 12942 
named 12944 12984 
names 12944 
nation 12906 12909 12922 12954 
national 12903 12957 
nationale 12938 
nations 12907 12909 12976 
nato 12909 
natural 12977 
needham 12899 12981 
neglect 12994 
neighbours 12909 
nervous 12971 
neslemur 12888 
net 12893 12898 12901 12902 12903 12904 12914 12915 12920 12941 12949 12952 
netherlands 12994 
network 12905 12917 
neutrality 12909 
nev. 12979 13000 
nevada 12987 
newfoundland 12987 
newly 12883 12937 
newly-structured 12889 
news 12905 12917 12971 
nicholas 12905 12917 
nil 12928 
nissen 12967 
non-callable 12896 12958 
non-ec 12909 
non-expansionary 12986 
non-voting 12978 
nonresidential 12973 
noranda 12926 12992 
nordberg 12909 
nordic 12909 
normal 12989 12992 
norms 12941 
north 12924 12928 12979 13000 
northern 12987 
northwest 12960 12985 12987 
norway 12909 
note 12898 12901 12908 12914 12915 12919 12962 12967 
noted 12913 12942 12964 12967 12994 
notes 12908 12912 12919 12925 12939 12946 12954 12958 
noting 12967 
november 12995 
nuclear 12907 
number 12917 12926 12935 12947 
nwa 12985 
nws 12917 
ny 12998 
nyce 12969 
nyse 12969 
oberhausen 12895 
obstacles 12909 
occidental 12988 
occupational 12906 
oct 12954 
oct. 12916 
october 12929 12983 12985 
odds 12967 
oecd 12948 
offer 12925 12930 12938 12943 12948 12952 12953 12965 
offered 12954 12965 12967 12975 
offering 12896 12903 12917 12918 12925 12930 12975 12978 12981 
offerings 12925 
offers 12896 
office 12917 
officer 12905 12917 12944 12984 
official 12921 12948 12967 12976 12990 12994 
officially 12928 
officials 12909 12916 12942 12961 12965 12970 12999 
offshore 12957 
ohio 12984 
oi 12925 
oil 12953 12975 12986 
oilseed 12982 
oilseeds 12887 
oklahoma 12930 12975 
older 12997 
oldest 12890 
olin 12945 
oln 12945 
omitted 12909 
one-for-10 12938 
one-third 12992 
one-time 12937 12953 
one-year 12972 12993 
ontario 12881 12959 
open 12938 12942 12947 12953 12976 12992 
opened 12923 
opening 12994 
operate 12883 12992 
operated 12890 
operates 12883 
operating 12885 12905 12917 12941 12964 12981 12984 
operation 12956 
operations 12885 12899 12900 12924 12937 12941 12989 
operators 12891 12971 
opinion 12909 
opponents 12968 
opportunity 12967 
opposed 12916 12967 
opposes 12968 
opposite 12909 
opposition 12961 12970 
oprating 12885 
optimism 12986 
optimistically 12942 
option 12932 12985 12994 
optional 12911 12966 
options 12917 12960 12985 12994 
order 12967 12985 12997 
ordered 12985 12997 
orders 12985 
ore 12963 
ore. 12949 
organisation 12907 
organization 12943 12948 
organizational 12945 
orginally 12932 
original 12943 12948 12967 
originally 12884 
oscar 12977 
oslo 12909 
ounce 12963 
ounces 12963 12987 
out-of-tolerance 12894 
outbreak 12989 
outcome 12942 12977 
outgoing 12961 12970 
outlined 12947 
outlining 12909 
outlook 12994 
output 12887 12963 12992 12999 
outsiders 12909 
outstanding 12911 12933 12957 12958 12966 12973 12995 12996 
over-the-air 12917 
overnight 12891 12982 
overstated 12971 
owed 12957 12977 
owens-illinois 12918 12925 
owned 12905 12956 12959 12963 12987 
ownens-illinois 12925 
owner 12977 
owners 12999 
ownes-illinois 12925 
owns 12903 12905 
oxy 12988 
pa. 12906 
pacific 12945 12946 
packaging 12974 
painwebber 12930 
pakistan 12887 
pakistani 12887 
panama 12924 12936 12968 
pancreatic 12989 
panel 12916 12997 
paper 12882 12909 12958 12959 12964 12967 
par 12882 12884 12911 12930 12947 
parent 12939 12941 
paris 12938 12985 
parochial 12942 
part 12885 12909 12966 12967 12988 12992 12997 
participants 12967 
participate 12994 
partners 12909 
partnership 12957 12965 
partnerships 12925 
partnship 12957 
parts 12983 
party 12916 
passenger 12927 12934 12991 
passengers 12991 
passively 12909 
past 12943 12977 
patients 12903 
paul 12902 12977 
paving 12916 
pay 12897 12925 12953 12962 12972 12993 
payable 12929 12952 12953 
payment 12957 
payout 12897 12929 12962 
pbs 12973 
pedal 12894 
peking 12980 
penalties 12976 
pending 12976 12981 
penn. 12920 
percentage 12917 
performance 12964 12971 
performed 12940 
period 12892 12922 12923 12941 12951 12956 12967 12971 12976 12991 13000 
periods 12914 12922 
permanently 12913 
permit 12909 12938 12967 
personal 12942 
petrol 12909 
petroleum 12935 12940 12988 
pharmaceutical 12903 12909 12964 
pharmaceuticals 12903 12964 
phase 12903 
phased 12887 
philadelphia 12989 
philip 12886 
physical 12971 
pie 12927 
pieces 12917 
piedmont 12927 
pin 12909 
pincus 12965 
pinning 12942 
pipeline 12939 
place 12917 12967 
plain 12942 
plan 12909 12916 12917 12950 12953 12977 
plane 12985 12997 
planes 12985 
planned 12881 12887 12903 12967 12976 12985 
planning 12940 
plans 12887 12903 12909 12925 12940 12945 12947 12953 12954 12955 12965 12992 12995 12999 
plant 12890 12895 12946 12959 12980 12989 12999 
plants 12895 
plastics 12989 
platinum 12987 
player 12917 
plc 12940 12942 
pledged 12943 
plywood 12943 12948 
point 12909 
pointed 12967 
pointing 12971 
points 12917 12967 
policies 12942 12986 
policy 12887 12986 
polite 12909 
politeness 12942 
political 12909 12942 
poll 12909 
polysar 12959 
pont 12890 
poor 12887 12896 12939 12958 
pop 12949 
pope 12949 
popular 12994 
population 12887 
pork 12907 
porsche 12979 13000 
portfolio 12941 12994 
portion 12957 
portland 12949 
portugal 12986 
pose 12909 12997 
position 12909 12941 
positions 12946 
possibility 12998 
possibly 12967 
posted 12935 
potential 12941 12964 12989 
pound 12910 
power 12895 12909 
powers 12942 
pppppppnarrow 12909 
prax 12903 
praxis 12903 
precautionary 12907 
preceding 12952 
preclude 12909 
precursor 12903 
prediction 12971 
preferred 12939 12947 12958 12981 
prefixed 12952 
preparing 12903 
present 12887 12971 
president 12903 12905 12916 12917 12936 12944 12961 12968 12969 12970 12976 12977 12984 
presidio 12953 
presumption 12967 
pretax 12939 
prevent 12894 12967 
previous 12971 12986 
previously 12917 12930 12943 12956 12957 12974 
price 12881 12883 12887 12902 12910 12917 12921 12938 12954 12965 12966 12967 
priced 12884 12896 12952 12954 
prices 12887 12902 12935 12939 12967 12971 
primary 12967 
prime 12887 12942 12961 12970 
prime-1 12964 
principal 12925 
principle 12933 12967 12969 
printers 12902 
prior 12897 12917 12967 
private 12903 12907 12931 12938 12943 12994 12999 
privately 12883 
privately-owned 12977 12980 
privatisation 12938 
pro 12946 
problem 12942 
problems 12940 
procedures 12967 
proceed 12903 12938 12967 
proceedings 12977 
proceeds 12925 12930 12975 12978 
process 12988 
processed 12948 
processes 12989 
produce 12959 12980 12987 
produced 12971 12987 12999 
produces 12999 
product 12902 12943 12948 12986 
production 12887 12959 12989 12992 
products 12881 12890 12900 12907 12943 12948 12949 12959 12964 12974 12981 12989 12994 
professional 12994 
professionals 12994 
professionel 12938 
profitable 12887 12889 
program 12917 12943 12985 
programme 12985 
programs 12985 
progress 12997 
prohibited 12967 
project 12959 
projects 12920 
promising 12903 12942 
promote 12942 
properties 12932 12957 12987 
property 12937 12963 
proposal 12967 12977 
proposals 12888 12947 
proposed 12916 12950 12978 
prospect 12987 
prospects 12887 12987 
prospering 12977 
prostate 12989 
protect 12895 
protected 12909 
protection 12889 
protest 12936 12968 
prove 12909 
provide 12948 12971 
provided 12925 12967 
provision 12911 12967 
provisions 12941 12966 
proxy 12947 
prs 12953 
pshg.f 12979 
public 12903 12905 12917 12929 12938 12943 12975 12986 12987 12989 
publics 12921 12938 
published 12917 12967 
publishing 12917 
punta 12958 
purchase 12988 
purchased 12917 
purposes 12930 12978 12995 12996 
pursuant 12911 12966 
pursue 12900 
push 12942 
putting 12938 
qtly 12897 
qtr 12893 12898 12901 12904 12914 12949 
qtrly 12962 
quality 12941 
quantities 12887 
quarter 12885 12890 12917 12920 12927 12940 12949 
quarterly 12953 
quebec 12926 12963 12992 
question 12967 
quilon 12890 
quotations 12967 
r. 12977 
radiation 12907 
radiation-monitoring 12907 
rail 12937 
railroad 12937 
rains 12887 
raise 12884 12965 12967 
raised 12884 12891 12935 12939 12946 12995 
raises 12884 12891 12902 12935 
raising 12887 
raision 12959 
range 12917 12928 
rankin 12987 
rapeseed 12982 
rapid 12883 
rapidly 12903 
rate 12887 12891 12908 12912 12917 12919 12923 12954 12963 12986 
rated 12896 
rates 12882 12908 12912 12919 12941 12986 12989 
rating 12946 12958 
ratings 12939 12958 12964 
ratio 12941 
ration 12887 
rationing 12887 
ratios 12941 
raw 12986 
re-enter 12961 12970 
re-examine 12942 
reach 12971 
reached 12971 
reaching 12887 
reacted 12942 
reaction 12971 
readings 12907 
ready 12905 
reagan 12936 12943 12948 12968 12976 
realisation 12941 
realize 12932 
reason 12881 
receive 12938 12942 12968 
received 12906 12931 12938 12957 
receiving 12909 12936 12952 
recent 12881 12887 12917 12963 12971 
recently 12953 
recognition 12987 
recognizes 12946 
recommend 12984 
recommendations 12886 
recommended 12886 12907 
record 12887 12897 12913 12929 12962 12971 
redeem 12911 12925 12966 
redeemed 12958 
redemption 12911 12966 
reduce 12932 12981 
reduced 12887 
reducing 12939 
reductions 12881 
reed 12994 
refer 12909 
referendum 12909 
referring 12917 
refinery 12940 
reflects 12978 
refusing 12968 
regan 12916 
regard 12942 12967 
registration 12975 12978 
regular 12924 
regulations 12967 12994 
rejected 12909 
rejection 12942 
related 12889 12957 12989 
relating 12967 
relations 12936 12968 12986 
relative 12941 
relaunched 12994 
release 12949 12971 
released 12885 12894 12895 
relief 12971 
relocatable 12973 
relocate 12969 
remain 12917 12971 12983 12984 12986 12989 12992 
remainder 12967 
remained 12907 12923 12942 
remaining 12971 
remains 12916 12983 
remedial 12906 
removing 12917 
renamed 12883 
reno 12979 13000 
rental 12956 
reorganization 12977 
reorganize 12977 
repaid 12939 12957 
repaired 12997 
repay 12925 12957 
repeal 12917 
reply 12909 
report 12889 12924 12947 
reported 12903 12917 12920 12989 
reporters 12916 
reports 12917 12924 12942 12989 13000 
represent 12890 
representations 12971 
representatives 12965 
repurchase 12917 12923 
repurchases 12917 
reputation 12977 
request 12881 12942 
requested 12909 
require 12967 
requirement 12952 
requirements 12941 
research 12909 12945 12947 
reserve 12887 12923 12963 
reserve-management 12923 
reserved 12938 
reserves 12923 12941 12963 
reset 12954 
residents 12907 
residual 12967 
resign 12961 12970 
resignation 12961 12970 
resigned 12961 12970 
resisted 12909 
resources 12931 12963 12987 
respiratory 12989 
responded 12938 
response 12909 12952 
rest 12887 12947 
restated 12915 
restaurant 12914 
restricted 12953 
restrictions 12909 12940 
restructure 12945 
restructuring 12945 12967 
result 12937 12997 
results 12917 12949 
resume 12992 
resumed 12907 
resumes 12992 
retail 12885 12994 
retain 12917 
retaliation 12976 
retreated 12951 
retroactive 12976 
return 12917 12983 
returning 12894 
revealed 12989 
revenue 12927 12934 12939 12964 
revenues 12885 12900 12920 
review 12964 
revises 12926 
revoke 12942 
revs 12893 12904 12914 12915 
richard 12917 12944 
rights 12903 
ripe 12909 
rise 12881 12939 12986 12991 
risen 12942 
rises 12934 12990 
rising 12971 
risk 12941 12989 12997 
risk-asset 12941 
risks 12941 12946 12994 
roads 12909 
roberts 12925 
rocket 12945 
rodman 12965 
roh 12989 
rohm 12989 
rohm/haas 12989 
role 12942 
rome 12909 12941 12952 
room 12907 12985 
rosa 12931 
rose 12885 12886 12922 12927 12934 12944 12951 12991 
rothschild 12965 
route 12955 
rover 12928 
row 12917 12942 
rowenta 12946 
roy 12906 
rubber 12959 
rubio 12891 
rule 12967 
rules 12909 12940 12967 12994 
run 12947 
running 12941 
rupees 12887 
rupert 12917 
ruralists 12961 12970 
s. 12903 12977 
s.c. 12901 
s/p 12939 12958 
safely 12926 12992 
safety 12887 12997 
sage 12996 
salary 12977 
sale 12888 12917 12928 12932 12974 12981 12993 
sales 12885 12889 12890 12892 12898 12902 12920 12922 12943 12948 12951 12967 12971 12979 12981 12988 12991 13000 
sales. 12928 
sallie 12908 12954 
sami 12917 
samples 12907 
sandy 12967 
santa 12931 
santana 12999 
santanas 12999 
santiago 12980 
sarnia 12959 
sartaj 12887 
satellite 12909 
satisfactory 12942 
satisfy 12971 
sault 12881 
saving 12983 
scale 12903 
schedule 12939 
scheduled 12924 12952 
scope 12967 
scott 12917 
season 12971 
seat 12927 12934 
seats 12961 12970 
sec 12918 
secretary 12909 
sections 12971 
sector 12909 12943 12981 
sectors 12986 
securities 12923 12925 12930 12965 12967 12973 12975 12978 12995 12996 
security 12905 12909 12917 
seek 12894 
seeking 12937 
seeks 12947 
sees 12887 12917 12920 12949 
segments 12949 
sell 12883 12887 12888 12890 12937 12967 12973 12981 12993 12996 
selling 12883 12886 12922 12954 12972 12991 
sells 12932 12988 
semiconductors 12976 
seminar 12994 
senate 12916 12936 12968 
senior 12896 12925 12958 12964 12967 12981 
separate 12888 12987 
separately 12977 
sept 12925 
september 12988 
series 12967 
serve 12955 
served 12981 
service 12883 12896 12909 12917 12933 12943 12946 12955 12964 
services 12909 12942 
serving 12954 
set 12909 12938 12941 
sets 12900 12921 12938 12941 12963 12993 
settled 12989 
settlement 12954 
severe 12909 
severed 12997 
shaft 12963 
shamrock 12988 
shanghai 12999 
share 12881 12886 12898 12901 12917 12920 12921 12929 12930 12938 12949 12953 12975 
share-for-share 12953 
shareholders 12938 12941 12947 12975 12977 
shares 12901 12917 12930 12938 12941 12947 12953 12965 12973 12975 12978 12987 12995 12996 
sharp 12949 
shearson 12930 
sheet 12941 12946 
shelving 12936 
ship 12924 
shipment 12982 
shipments 12976 
ships 12924 
shivers 12909 
shopping 12917 
shops 12907 
short 12932 12963 
short-range 12985 
short-term 12908 12912 12919 12954 
shortage 12971 
shortest 12941 
show 12986 
showed 12907 12909 12989 
shown 12907 
shr 12893 12898 12901 12904 12914 12915 
shrs 12893 12898 12915 
shut 12992 
side-products 12887 
sided 12936 12968 
siegler 12958 
signal 12942 
signals 12907 
significant 12936 12942 
silver 12987 
similar 12941 12942 12967 
simon 12967 
sims 12943 12948 
sinking 12911 12966 
site 12890 12906 
situation 12971 12986 
sizable 12946 
size 12941 
skin 12997 
skokie 12947 
slash 12968 
slightly 12887 12917 12946 12979 
small 12903 12909 12917 12936 12938 
small-scale 12903 
smear 12977 
smoke 12926 
social 12961 12970 
societe 12938 
soils 12906 
sold 12892 12922 12925 12928 12938 12971 12975 12981 12988 
sole 12896 
solution 12942 
solvency 12941 
sono 12974 
sonoco 12974 
soo 12937 
sorsa 12961 12970 
sought 12971 
sources 12942 12967 12982 12988 
south 12924 
southeast 12900 
southern 12959 
southfield 12894 12951 
southwest 12955 
soviet 12907 12971 
sown 12887 
spain 12891 
spar 12997 
speak 12916 
speaking 12909 
special 12887 12891 12917 
specialty 12988 
specific 12881 12941 12992 
specifically 12941 
specifics 12917 
spectacular 12994 
spectrum 12991 
speech 12916 
speed 12894 
spend 12903 
spending 12916 12946 12986 
spines 12909 
spokesman 12884 12907 12917 12968 12989 12992 12999 
spokeswoman 12903 12985 
sport-utility 12928 
spotlight 12909 
spread 12954 
springing 12967 
sprint 12991 
st 12962 
st. 12902 12903 
stabilising 12887 
stability 12964 
stage 12967 12999 
stake 12905 12940 12973 12980 12981 12995 12996 
stakes 12941 
stamford 12945 
stance 12909 
standard 12896 12939 12958 12983 
standards 12909 
stanley 12886 12925 12977 12994 
star 12956 
stars 12956 
start 12983 
start-up 12947 
started 12940 12971 12992 
starting 12917 
starts 12942 
state 12884 12907 12909 12917 12938 12952 12980 
state-owned 12938 
stated 12917 
statement 12881 12938 12940 12947 12975 12978 12985 
states 12883 12903 12909 12937 12943 12948 12955 12983 
station 12895 
statutory 12942 
stay 12961 12970 12971 
ste 12881 
steady 12967 
steel 12881 
sten 12942 
step 12941 
sterling 12962 
stern 12943 
stg 12967 12971 
sticking 12971 
stock 12881 12886 12901 12913 12925 12933 12939 12947 12953 12958 12967 12969 12973 12975 12978 12994 12995 12996 12998 
stockholder-owned 12954 
stockholders 12977 
stocks 12887 
stopped 12907 12968 
stores 12883 12885 12956 12971 
stovall 12942 
strategic 12887 
strategy 12890 
street 12917 
strengthen 12971 
stressed 12909 
stringent 12941 
strong 12971 
struck 12895 
structural 12997 
structure 12939 12992 
student 12908 12954 
studied 12989 
studies 12906 12989 
study 12903 12964 12986 12989 
sty 12962 
styrene-butadiene 12959 
subject 12917 12941 12967 12969 
submitted 12967 
subordinated 12896 12925 12939 12946 12958 12981 
subscriber 12917 
subscribers 12917 
subscriptions 12884 12952 
subsidary 12895 
subsidiaries 12939 12973 
subsidiary 12883 12900 12980 12981 12987 
subsidised 12887 
substantially 12963 
substitute 12971 
suburban 12899 
succeeding 12944 
success 12939 12994 
successful 12967 12994 
successive 12967 
successor 12925 
suffer 12977 
suffered 12926 
suit 12989 
sulphur 12935 12940 
summary 12882 
summer 12903 12989 
sunday 12983 
super 12924 
supervised 12967 
supervisory 12941 12967 
supplied 12890 
supplier 12920 
supplies 12971 
supply 12887 12891 12967 
support 12887 12931 12992 
sur 12938 
surcompensation 12938 
surface 12906 12963 
surfaced 12971 
surpassed 12971 
surplus 12887 12986 
surpluses 12887 
surprise 12968 
surprising 12891 
sustain 12936 
sweden 12909 12940 
swedish 12940 12961 12970 
swiss 12909 
switch 12983 
switched 12887 
switches 12983 
switzerland 12909 
swollen 12903 
symb 12965 
symbion 12965 
symbion's 12965 
symbolic 12936 
symptoms 12903 
syndicat 12938 
synthetic 12896 12959 
system 12887 12894 12895 12905 12917 12955 12967 
systems 12920 12945 12967 12973 
t-bill 12954 
t-bills 12882 
tables 12948 
tail 12997 
takeover 12925 12977 
taking 12887 12942 12967 
talbot 12949 
talking 12942 
talks 12905 12917 12987 
tallow 12943 
tan 12885 
tandy 12885 
tankers 12924 
tap 12967 
target 12887 
targets 12963 
tariff 12976 
tax 12898 12916 12917 
taxes 12917 
taxis 12999 
tbs 12905 
tea 12907 
tea/hazelnuts 12907 
technical 12967 
technically 12940 
technological 12909 
technology 12895 
ted 12917 
tehtaat 12959 
telecommunications 12942 
telephone 12948 
television 12905 12917 
temporary 12923 
tendency 12986 
tender 12965 12967 12971 
tenders 12938 12967 
tensions 12942 
term 12932 
terminated 12987 
terms 12890 12937 12952 12988 
terribly 12916 
territories 12987 
test 12903 12906 12942 12967 
testing 12903 12907 
tests 12903 12907 
texas 12885 12957 12977 
thatcher 12942 
thayer 12917 
theday-to-day 12899 
thomasville 12897 
threat 12909 
throughput 12963 
thwart 12977 
ties 12909 
tight 12967 12971 
tightening 12940 
tightly 12909 
time 12887 12905 12909 12917 12924 12941 12967 12983 
times 12909 12939 12941 
tl 12905 12917 
today 12881 12884 12886 12891 12924 12935 12942 12948 12985 
togehter 12945 
toiletries 12888 
tok 12882 
tokyo 12942 
told 12905 12916 12917 12942 12943 12948 12965 12967 12973 12996 
tolerance 12894 
tomorrow 12924 12942 12994 
ton 12963 
tonnage 12963 12971 
tonnes 12887 12940 12971 12980 12982 12992 
tons 12963 
top 12965 12997 
toronto 12881 
total 12884 12887 12902 12926 12938 12941 12949 12956 12961 12963 12967 12970 12971 12973 12980 12985 12986 12989 12991 12995 12996 
totaled 12885 12957 
totalling 12925 12952 
tourism 12909 
tourists 12999 
towbin 12965 
township 12981 
toxicity 12903 
tq 12882 
trade 12909 12942 12967 12971 12982 12986 12994 
traded 12994 12998 
trader 12967 
traders 12886 12971 
trading 12881 12909 12913 12923 12954 12967 
tradition 12961 12970 
traditional 12967 
traffic 12909 
trafficking 12968 
tranche 12971 
tranches 12967 
trans 12913 
transaction 12937 
transamerican 12950 12977 
transamerican's 12977 
transfer 12913 12941 12987 
transformed 12895 
transit 12924 
transition 12941 
transport 12909 
transportation 12937 
trapped 12926 12992 
travaux 12921 12938 
treasury 12952 12954 12967 12972 12993 
treat 12895 
treatment 12903 12942 
treaty 12909 
trend 12917 
trials 12903 
triggered 12971 
trillion-dlr 12916 
trip 12942 
trouble 12916 
trounced 12936 
troy 12883 12892 
truck 12922 12991 
trucking 12900 
trucks 12922 
true 12963 
trust 12913 12957 
trust's 12957 
trygve 12917 
tsr 12904 
tsri 12904 
tube 12980 
tuesday 12969 
turkey 12909 12943 12948 
turned 12983 
turner 12905 12917 
turnover 12994 
type 12967 12999 
type= 12882 12918 12921 12950 12960 12972 12990 13000 
types 12989 
typically 12997 
u.k 12942 12971 12995 
u.k. 12942 12967 12971 12980 
u.s 12882 12892 12907 12909 12924 12936 12943 12955 12967 12968 12972 12993 
u.s. 12883 12885 12906 12916 12923 12936 12943 12948 12967 12968 12975 12976 12983 12985 12993 12997 
u.s.-based 12985 
u.s.-mexico 12936 
uk 12907 12940 12942 12967 12971 12980 12995 
ukrainian 12907 
unanimously 12967 
unav 12882 
unavailable 12886 
uncertainties 12967 
uncertainty 12946 
unchanged 12891 12935 12971 
undergoing 12958 
underground 12963 12992 
understand 12942 
understanding 12942 
underwriter 12925 
underwriters 12930 
underwriting 12925 
unhappy 12967 
union 12971 
unit 12888 12899 12900 12917 12939 12940 12945 12957 12974 12979 12981 12985 12987 12988 12997 
united 12903 12907 12909 12948 12983 
unitholders 12957 
units 12903 12922 12939 12946 12981 
university 12907 
unlimited 12887 
unpaid 12977 
unproc 12882 13000 
unsavory 12977 
unsecured 12964 
unsold 12971 
unterberg 12965 
unusual 12916 
upc 12975 
upcoming 12994 
upgrade 12964 
upgraded 12939 12946 
upj 12964 
upjohn 12964 
ups 12995 
upset 12916 
upsets 12916 
usage 12971 
usair 12934 
usda 12943 12948 
uspci 12975 
ussr 12907 
usual 12923 
valuing 12938 
valve 12894 
valves 12894 
vantage 12932 
variable 12952 
variety 12976 
vegetables 12907 
vehicle 12928 
vehicles 12892 12894 12922 12928 12999 
venture 12931 12959 12999 
ventures 12903 
vereinigte 12895 
verses 12922 
version 12948 
versus 12892 12928 
vessels 12924 
veto 12936 
vice 12944 
victory 12936 
video 12917 12956 
vie 12938 
view 12942 12952 12967 
virtually 12967 
visit 12942 
visiting 12999 
vkw 12895 
volan 12890 
volkswagen 12892 12999 
volume 12909 12986 12994 
vote 12909 12916 12936 12947 
voted 12968 12983 
votes 12929 12968 
vowg.f 12999 
vw 12999 
w.w 12947 
w.w. 12947 
wage 12986 
wagoneer 12894 
waiting 12907 12924 
wake 12916 
wall 12917 
wallingford 12981 
walter 12943 
wanted 12907 12909 
war 12887 12936 12968 
warburg 12965 
warned 12907 
warning 12997 
warrants 12981 
wash. 12987 
washington 12908 12912 12916 12919 12924 12925 12934 12936 12943 12948 12954 12965 12968 12973 12976 12983 12993 12995 12996 12997 
waste 12895 
waters 12906 
ways 12909 
weak 12939 
weakened 12992 
weaker 12986 
weather 12887 
webcor 12998 
wednesday 12916 12992 
week 12907 12916 12942 12971 
weekly 12954 
weeks 12887 12992 
weighting 12941 
weights 12941 
weldon 12984 
wenatchee 12987 
wer 12998 
west 12895 12906 12907 12909 12988 12999 
west-germany 12895 12907 12909 12999 
western 12907 12909 
weston 12906 
wheat 12887 12971 
when-issued 12954 
white 12909 12916 
wholly 12959 12987 
wi 12967 
wichita 12914 
wider 12903 
width 12963 
willingness 12942 
wilmington 12890 
win 12942 
window 12891 12948 
wings 12997 
winnipeg 12982 
winston-dslrm 12927 
wireless 12942 
wis. 12929 
wisconsin 12937 
withdrawn 12958 
withdrew 12958 
withheld 12937 
wo 12942 
wolfsburg 12999 
won 12985 
wondering 12909 
wood 12948 12949 
work 12895 12909 12942 
workers 12989 
works 12986 
world 12887 12913 12985 12986 12994 
worldwide 12903 12988 12994 
worsen 12940 
worth 12885 12917 12985 
written 12977 
wrought 12980 
wyatt 12977 
wycon 12939 
yasuhiro 12942 
year's 12887 
year-ago 12991 
year-bill 12993 
year-earlier 12949 
year-end 12932 
year-to-date 12892 12922 12928 12934 12951 12979 12991 13000 
yearly 12994 
years 12887 12896 12906 12909 12939 12941 12956 12961 12962 12970 12977 12980 12994 
yesterday 12881 12891 12923 12926 12943 12948 12969 12992 
yield 12887 12952 12967 
yielding 12896 
yields 12887 
york 12886 12888 12889 12896 12898 12903 12905 12913 12917 12923 12935 12939 12946 12947 12958 12962 12964 12969 12991 
zone 12963 
zones 12963 12983 
zur 12882 
