're 18672 18733 
've 18667 
****** 18636 18639 18643 18644 18645 18655 18664 18666 18668 18669 18670 18671 18673 18675 18678 18680 18690 18692 18701 18704 18705 18706 18707 18737 18741 18743 18747 18750 
****antwerp 18744 
-2nd 18699 
-3rd 18646 
-4th 18610 
-a 18715 
-acco 18628 
-co 18730 
-d 18594 
-emer 18687 
-gets-250-mln 18659 
-gets-o 18660 
-has-north 18739 
-hold 18629 
-in-pa 18623 
-incre 18710 
-indu 18700 
-laying-off-85 18697 
-mak 18696 
-meets-w 18592 
-o 18652 
-offers-conver 18593 
-ope 18716 
-paper 18727 
-pr 18657 
-r 18638 18689 18746 
-rai 18736 
-revi 18615 
-s 18647 18649 
-says-dot-pu 18682 
-se 18624 
-sees-low 18588 
-spin-off-s 18688 
-subordinat 18581 
-t 18663 
-to-ac 18651 
-unit 18722 18728 
/author 18578 18604 18621 18672 18688 
0.1 18664 18665 
0.2 18664 18665 
0.3 18579 18665 
0.4 18665 
0.5940/50 18625 
0.5970/77 18625 
0.6 18665 
0.75 18595 
0/92 18614 
0007 18645 
0008 18639 
0010 18655 18669 18690 
0011 18664 18707 
0012 18636 18668 18670 18704 18706 18741 18747 18750 
0013 18643 18705 
0014 18644 18666 18671 18673 18675 18678 18737 
0015 18680 
0016 18692 
0017 18701 18743 
0023 18612 18647 
0024 18626 18723 
0025 18613 18619 18725 18740 
0026 18693 18694 
0030 18622 
0031 18623 
0032 18617 18618 18627 18656 18732 
0033 18691 18713 
0034 18641 
0036 18615 
0038 18608 
0040 18634 
0043 18687 
0044 18685 
0045 18703 
0049 18629 18721 
0050 18708 
0051 18611 
0052 18648 18654 
0053 18606 
0054 18699 18720 
0056 18602 18638 18698 18709 
0058 18605 
0060 18649 18718 
0061 18646 
0062 18738 
0063 18653 18716 18728 18739 
0064 18696 
0065 18585 18630 18702 
0067 18660 
0068 18591 
0070 18610 18633 18736 
0073 18715 
0074 18677 
0075 18659 
0076 18711 18719 
0079 18749 
0080 18616 
0081 18712 
0082 18587 18593 
0083 18603 
0084 18589 18590 18686 18688 18722 
0085 18714 
0087 18620 18748 
0088 18679 18710 18730 
0089 18650 
0090 18632 
0092 18580 18724 
0093 18586 
0094 18607 
0095 18599 18640 18657 
0096 18592 
0097 18582 
0098 18581 18674 18746 
0099 18584 18651 18733 
0100 18588 18681 
0101 18583 18595 18652 18682 18697 18726 
0102 18578 18751 18752 
0103 18624 18625 18628 18684 
0104 18635 18676 18689 
0105 18665 
0106 18658 18663 18672 
0107 18577 18594 18597 18745 
0108 18683 
0109 18717 
0110 18631 18727 18729 18731 
0111 18700 
0112 18596 18604 18642 
0114 18579 18600 18609 18744 
0115 18601 18621 
0116 18667 
0117 18661 18734 
0122 18742 
0123 18662 
0126 18695 18735 
0133 18637 
0144 18598 18614 
06-18 18577 18578 18579 18580 18581 18582 18583 18584 18585 18586 18587 18588 18589 18590 18591 18592 18593 18594 18595 18596 18597 18598 18599 18600 18601 18602 18603 18604 18605 18606 18607 18608 18609 18610 18611 18612 18613 18614 18615 18616 18617 18618 18619 18620 18621 18622 18623 18624 18625 18626 18627 18628 18629 18630 18631 18632 18633 18634 18635 18636 18637 18638 18639 18640 18641 18642 18643 18644 18645 18646 18647 18648 18649 18650 18651 18652 18653 18654 18655 18656 18657 18658 18659 18660 18661 18662 18663 18664 18665 18666 18667 18668 18669 18670 18671 18672 18673 18674 18675 18676 18677 18678 18679 18680 18681 18682 18683 18684 18685 18686 18687 18688 18689 18690 18691 18692 18693 18694 18695 18696 18697 18698 18699 18700 18701 18702 18703 18704 18705 18706 18707 18708 18709 18710 18711 18712 18713 18714 18715 18716 18717 18718 18719 18720 18721 18722 18723 18724 18725 18726 18727 18728 18729 18730 18731 18732 18733 18734 18735 18736 18737 18738 18739 18740 18741 18742 18743 18744 18745 18746 18747 18748 18749 18750 18751 18752 
08:12:00.49 18577 
08:17:21.83 18578 
08:19:46.08 18579 
08:20:00.07 18580 
08:20:09.41 18581 
08:20:18.25 18582 
08:20:45.92 18583 
08:21:04.11 18584 
08:21:12.59 18585 
08:21:19.67 18586 
08:21:26.13 18587 
08:21:33.77 18588 
08:21:46.25 18589 
08:21:52.32 18590 
08:21:58.12 18591 
08:22:11.23 18592 
08:22:31.68 18593 
08:22:50.15 18594 
08:27:47.74 18595 
08:30:17.44 18596 
08:35:14.43 18597 
08:42:16.03 18598 
08:44:00.21 18599 
08:46:22.37 18600 
08:46:38.14 18601 
08:46:48.04 18602 
08:47:56.89 18603 
08:48:36.39 18604 
08:48:41.37 18605 
08:48:46.84 18606 
08:49:25.39 18607 
08:52:36.51 18608 
08:52:57.94 18609 
08:57:22.38 18610 
08:57:35.36 18611 
08:58:48.20 18612 
08:58:51.10 18613 
08:59:19.40 18614 
08:59:23.04 18615 
09:01:08.77 18616 
09:01:25.63 18617 
09:03:47.74 18618 
09:03:56.54 18619 
09:05:15.00 18620 
09:05:26.27 18621 
09:07:37.56 18622 
09:07:42.69 18623 
09:09:17.91 18624 
09:10:10.23 18625 
09:14:47.29 18626 
09:16:39.15 18627 
09:16:54.59 18628 
09:17:01.69 18629 
09:17:29.10 18630 
09:17:45.03 18631 
09:17:54.22 18632 
09:18:20.30 18633 
09:18:47.55 18634 
09:20:01.43 18635 
09:24:42.01 18636 
09:27:27.24 18637 
09:27:39.91 18638 
09:28:51.49 18639 
09:31:59.53 18640 
09:32:13.69 18641 
09:33:16.05 18642 
09:34:01.09 18643 
09:35:53.14 18644 
09:35:58.12 18645 
09:38:25.52 18646 
09:38:57.64 18647 
09:39:20.37 18648 
09:39:51.25 18649 
09:40:14.63 18650 
09:41:04.22 18651 
09:41:12.90 18652 
09:42:26.51 18653 
09:43:36.98 18654 
09:45:12.75 18655 
09:45:19.75 18656 
09:46:04.73 18657 
09:46:18.01 18658 
09:46:48.29 18659 
09:48:34.16 18660 
09:53:56.54 18661 
09:56:11.47 18662 
09:56:31.48 18663 
1,000 18605 18661 18662 18711 
1,002,000 18610 
1,029,600 18710 
1,100 18651 
1,100,000 18726 
1,112,400 18718 
1,158,621 18648 
1,188,000 18602 
1,220,691 18718 
1,240,773 18648 
1,262,000 18610 
1,290 18677 
1,302,999 18718 
1,323 18677 
1,400,000 18634 
1,465,271 18648 
1,500,000 18726 
1,555 18748 
1,600,000 18703 
1,826,303 18718 
1,836,000 18708 
1,859,421 18718 
1-1/2 18677 
1-1/4 18711 
1-3/8 18688 
1-for 18624 
1.08 18602 
1.11 18646 
1.17 18718 
1.18 18610 
1.238 18621 
1.25 18614 18617 
1.3 18603 18665 
1.4 18594 18614 
1.46 18708 
1.5 18665 
1.6 18614 18665 
1.75 18625 
1.89 18679 
1.9 18688 
1.92 18614 
1.95 18625 18646 
1/2 18711 
1/4 18688 
10,528 18749 
10,610 18749 
10,794,822 18606 
10,884,000 18732 
10-k 18628 
10-q 18628 
10-year 18580 18581 18582 18733 
10.1 18721 
10.3 18708 
10.5 18595 
10.50 18630 
10.6 18579 18672 
1000 18751 
101-1/2 18711 
101.0 18602 
10:00:07.10 18664 
10:01:35.87 18665 
10:02:33.23 18666 
10:03:56.03 18667 
10:07:33.87 18668 
10:08:22.54 18669 
10:12:15.90 18670 
10:12:20.14 18671 
10:13:26.02 18672 
10:14:02.26 18673 
10:15:17.31 18674 
10:16:54.05 18675 
10:18:19.28 18676 
10:19:25.07 18677 
10:20:21.53 18678 
10:24:50.84 18679 
10:27:06.33 18680 
10:28:45.50 18681 
10:30:27.38 18682 
10:30:38.61 18683 
10:34:33.47 18684 
10:34:44.38 18685 
10:35:12.69 18686 
10:35:49.28 18687 
10:37:08.70 18688 
10:38:43.71 18689 
10:42:08.63 18690 
10:42:18.40 18691 
10:45:42.02 18692 
10:48:29.18 18693 
10:48:32.87 18694 
10:49:51.23 18695 
10:50:08.87 18696 
10:52:36.17 18697 
10:52:41.43 18698 
10:53:01.27 18699 
10:54:33.96 18700 
10:56:24.69 18701 
10:58:22.77 18702 
10:58:39.58 18703 
10:59:31.25 18704 
10:59:36.89 18705 
10:59:57.64 18706 
11,380 18606 
11,753,950 18606 
11-1/2 18632 
11.1 18595 
11.2 18595 
11.3 18646 
11.4 18637 
11.5 18708 
11.6 18709 
11.7 18579 18637 
1130 18579 
11:00:03.69 18707 
11:00:12.78 18708 
11:00:26.92 18709 
11:00:43.36 18710 
11:02:17.01 18711 
11:02:29.39 18712 
11:03:03.26 18713 
11:03:30.08 18714 
11:05:19.21 18715 
11:05:52.25 18716 
11:06:02.30 18717 
11:06:56.56 18718 
11:07:02.69 18719 
11:07:10.86 18720 
11:07:55.27 18721 
11:08:18.72 18722 
11:09:36.02 18723 
11:12:26.78 18724 
11:16:05.77 18725 
11:16:23.67 18726 
11:16:36.56 18727 
11:20:18.20 18728 
11:20:49.59 18729 
11:21:51.92 18730 
11:22:33.59 18731 
11:24:29.40 18732 
11:24:59.93 18733 
11:25:39.98 18734 
11:25:49.44 18735 
11:26:22.08 18736 
11:27:04.47 18737 
11:29:52.02 18738 
11:30:13.02 18739 
11:31:47.88 18740 
11:33:51.87 18741 
11:34:28.63 18742 
11:34:52.84 18743 
11:35:48.30 18744 
11:36:25.75 18745 
11:38:23.83 18746 
11:39:59.53 18747 
11:40:39.50 18748 
11:41:08.88 18749 
11:41:34.51 18750 
11:43:22.21 18751 
11:44:20.69 18752 
12,891,000 18732 
12-15 18666 
12-7/8 18580 18586 
12-to-15 18679 
12-year 18587 
12.0 18627 
12.5 18719 
124.7 18699 
126,000 18653 
126.1 18699 
128.8 18732 
12p 18579 
13-3/4 18587 
13.0 18726 
13.01 18580 18586 
13.1 18718 
13.3 18726 
13.7 18718 18731 
13.85 18587 
130,000 18653 
131,000 18653 
131,815 18606 
132,000 18653 
133.3 18732 
14,000 18719 
14.3 18637 
14.375 18605 
14.43 18710 
14.6 18713 
14.7 18646 18709 
15,000 18657 
15.1 18703 
15.8 18621 
150,000 18638 
150.7 18610 
155.9 18627 
16-1/2 18641 
16.0 18713 
16.6 18621 
163,465 18606 
165,000 18637 
167.11 18677 
171,000 18719 
174.9 18591 
176,000 18651 
18,277 18749 
18- 18717 
18-jun-1987 18577 18578 18579 18580 18581 18582 18583 18584 18585 18586 18587 18588 18589 18590 18591 18592 18593 18594 18595 18596 18597 18598 18599 18600 18601 18602 18603 18604 18605 18606 18607 18608 18609 18610 18611 18612 18613 18614 18615 18616 18617 18618 18619 18620 18621 18622 18623 18624 18625 18626 18627 18628 18629 18630 18631 18632 18633 18634 18635 18636 18637 18638 18639 18640 18641 18642 18643 18644 18645 18646 18647 18648 18649 18650 18651 18652 18653 18654 18655 18656 18657 18658 18659 18660 18661 18662 18663 18664 18665 18666 18667 18668 18669 18670 18671 18672 18673 18674 18675 18676 18677 18678 18679 18680 18681 18682 18683 18684 18685 18686 18687 18688 18689 18690 18691 18692 18693 18694 18695 18696 18697 18698 18699 18700 18701 18702 18703 18704 18705 18706 18707 18708 18709 18710 18711 18712 18713 18714 18715 18716 18717 18718 18719 18720 18721 18722 18723 18724 18725 18726 18727 18728 18729 18730 18731 18732 18733 18734 18735 18736 18737 18738 18739 18740 18741 18742 18743 18744 18745 18746 18747 18748 18749 18750 18751 18752 
18.1 18699 18703 
18.2 18699 
18.3 18621 18699 
18.6 18665 
18.92 18621 
180.1 18610 
18578 18578 
18579 18579 
18580 18580 
18581 18581 
18582 18582 
18583 18583 
18584 18584 
18585 18585 
18586 18586 
18587 18587 
18588 18588 
18589 18589 
18590 18590 
18591 18591 
18592 18592 
18593 18593 
18594 18594 
18595 18595 
18596 18596 
18597 18597 
18598 18598 
18599 18599 
18600 18600 
18601 18601 
18602 18602 
18603 18603 
18604 18604 
18605 18605 
18606 18606 
18607 18607 
18608 18608 
18609 18609 
18610 18610 
18611 18611 
18612 18612 
18613 18613 
18614 18614 
18615 18615 
18616 18616 
18617 18617 
18618 18618 
18619 18619 
18620 18620 
18621 18621 
18622 18622 
18623 18623 
18624 18624 
18625 18625 
18626 18626 
18627 18627 
18628 18628 
18629 18629 
18630 18630 
18631 18631 
18632 18632 
18633 18633 
18634 18634 
18635 18635 
18636 18636 
18637 18637 
18638 18638 
18639 18639 
18640 18640 
18641 18641 
18642 18642 
18643 18643 
18644 18644 
18645 18645 
18646 18646 
18647 18647 
18648 18648 
18649 18649 
18650 18650 
18651 18651 
18652 18652 
18653 18653 
18654 18654 
18655 18655 
18656 18656 
18657 18657 
18658 18658 
18659 18659 
18660 18660 
18661 18661 
18662 18662 
18663 18663 
18664 18664 
18665 18665 
18666 18666 
18667 18667 
18668 18668 
18669 18669 
18670 18670 
18671 18671 
18672 18672 
18673 18673 
18674 18674 
18675 18675 
18676 18676 
18677 18677 
18678 18678 
18679 18679 
18680 18680 
18681 18681 
18682 18682 
18683 18683 
18684 18684 
18685 18685 
18686 18686 
18687 18687 
18688 18688 
18689 18689 
18690 18690 
18691 18691 
18692 18692 
18693 18693 
18694 18694 
18695 18695 
18696 18696 
18697 18697 
18698 18698 
18699 18699 
18700 18700 
18701 18701 
18702 18702 
18703 18703 
18704 18704 
18705 18705 
18706 18706 
18707 18707 
18708 18708 
18709 18709 
18710 18710 
18711 18711 
18712 18712 
18713 18713 
18714 18714 
18715 18715 
18716 18716 
18717 18717 
18718 18718 
18719 18719 
18720 18720 
18721 18721 
18722 18722 
18723 18723 
18724 18724 
18725 18725 
18726 18726 
18727 18727 
18728 18728 
18729 18729 
18730 18730 
18731 18731 
18732 18732 
18733 18733 
18734 18734 
18735 18735 
18736 18736 
18737 18737 
18738 18738 
18739 18739 
18740 18740 
18741 18741 
18742 18742 
18743 18743 
18744 18744 
18745 18745 
18746 18746 
18747 18747 
18748 18748 
18749 18749 
18750 18750 
18751 18751 
18752 18752 
189.3 18591 
19.00 18746 18747 
19.35 18728 18736 
19.4 18731 
19.5 18597 
1933 18578 
1973 18637 
1980 18742 
1982 18591 
1983 18620 18684 
1984 18684 18742 
1985 18621 18637 18650 18709 
1986 18578 18591 18601 18614 18628 18637 18650 18651 18660 18679 18684 18686 18702 18713 18714 18719 18726 18748 
1986/87 18579 
1987 18591 18595 18621 18628 18650 18709 18726 18748 
1988 18583 18597 18614 18625 18632 18657 18679 18731 
1988-model 18697 
1989 18614 18696 
1990 18583 18614 18632 18666 18726 18731 18733 18744 
1991 18583 
1992 18684 
1994 18578 18584 18711 
1997 18580 18582 18586 
1999 18587 
1st 18627 18708 18732 
2,000 18690 
2,000,000 18708 
2,040 18748 
2,106,462 18648 
2,255,000 18616 
2,358,000 18601 
2,359,000 18616 
2,500,000 18600 18687 
2,513,200 18652 
2,576,000 18602 
2,600,000 18703 
2,794,298 18602 
2,854 18748 
2,893.3 18665 
2,919,000 18708 
2,920,280 18635 
2.0 18744 
2.07 18579 
2.25 18593 
2.28 18614 
2.3 18625 
2.43 18602 
2.45 18614 18646 
2.5 18609 18642 18652 18681 
2.50 18580 18581 18582 18584 18586 
2.56 18677 
2.6 18637 18681 18734 
2.65 18621 
2.7 18672 
2.95 18672 
20,028 18749 
20,845,000 18732 
20.625 18652 
200,000 18726 
2000 18598 
2002 18605 
202,473 18648 
21,017,000 18732 
21-1/2 18693 
210,000 18637 
22.7 18651 
23.33 18739 
237,000 18650 
239,000 18713 
24.08 18689 
24.8 18637 
25-year 18657 
25.60 18678 18689 18698 18743 
250,000 18687 18726 
26-1/4 18649 
261.5 18578 
262,000 18653 
27.5 18614 
27.6 18591 
273,844 18640 
275,000 18653 
277,000 18653 
278,000 18653 
280.1 18627 
2nd 18588 18699 18703 18719 
3,025,000 18602 
3,115,499 18602 
3,121,000 18699 
3,187,051 18602 
3,211 18748 
3,275 18577 
3,624,000 18699 
3,630.0 18665 
3,672,000 18591 
3,672,731 18606 
3,763,829 18606 
3,800 18697 
3,800,000 18703 
3.06 18579 
3.15 18681 18734 
3.5 18632 
3.50 18578 18593 
30,000 18637 
30,938,000 18591 
30-day 18596 
30.2 18635 
300,000 18630 
303p 18579 
30er 18583 
31,640,000 18591 
310,000 18616 
314,000 18719 
32,184,000 18591 
32,263,000 18591 
32.9 18703 
33.75 18580 18586 
33p 18577 
34-3/4 18588 
340,000 18616 
345,000 18637 
35,243 18749 
35.2 18602 
35.4 18602 
35.8 18703 
358,000 18719 
360,000 18637 
383,000 18719 
390.6 18620 
3rd 18602 18606 18645 18646 18648 
4,116,000 18591 
4,125,000 18710 
4,339,000 18610 
4,380,000 18721 
4,640,687 18648 
4,879,000 18684 
4.0 18632 18744 
4.00 18679 
4.1 18637 
4.2 18632 18651 
4.5 18579 
4.95 18620 
4.97 18579 
40-week 18646 
40.3 18610 
40.50 18643 18660 
400,000 18633 
42.9 18646 
431.7 18709 
44,000 18607 
44-1/4 18590 
451.6 18627 
46.4 18646 
47.9 18646 
476,000 18713 
48.9 18646 
49.0 18646 
49.9 18610 
49/28 18739 
49/28-14 18739 
4th 18591 18610 
5,000 18676 
5,100 18697 
5,154,600 18710 
5,205,000 18610 
5,400,000 18629 
5,500,000 18703 
5,547,000 18719 
5,854,819 18648 
5.0 18679 
5.1 18627 
5.2 18731 
5.3 18614 
5.75 18578 
5.85 18620 
50,000 18711 
50-50 18604 
50.6 18739 
500,000 18726 
509,043 18648 
51,000 18719 
511,000 18721 
54.2 18646 
542,684 18607 
55.5 18591 
56,500 18652 
565,000 18718 
565.4 18709 
57,911 18606 
57.5 18742 
59.0 18699 
591,000 18650 
6,021,000 18719 
6,275,144 18596 
6,781,000 18602 
6-3/4 18724 
6.50 18582 18584 
6.7 18665 
6.80 18724 
6.9 18590 
60,000 18637 
60-40 18604 
60.2 18699 
605.1 18646 
61.1 18591 
610.57 18745 
611,000 18721 
620,000 18718 
625.7 18627 
6330 18578 
6331 18579 
6332 18580 
6333 18581 
6334 18582 
6335 18583 
6336 18584 
6337 18585 
6338 18586 
6339 18587 
6340 18588 
6341 18589 
6342 18590 
6343 18591 
6344 18592 
6345 18593 
6346 18594 
6347 18595 
6348 18596 
6349 18597 
6350 18598 
6351 18599 
6352 18600 
6353 18601 
6354 18602 
6355 18603 
6356 18604 
6357 18605 
6358 18606 
6359 18607 
6360 18608 
6361 18609 
6362 18610 
6363 18611 
6364 18612 
6365 18613 
6366 18614 
6367 18615 
6368 18616 
6369 18617 
6370 18618 
6371 18619 
6372 18620 
6373 18621 
6374 18622 
6375 18623 
6376 18624 
6377 18625 
6378 18626 
6379 18627 
6380 18628 
6381 18629 
6382 18630 
6383 18631 
6384 18632 
6385 18633 
6386 18634 
6387 18635 
6388 18636 
6389 18637 
6390 18638 
6391 18639 
6392 18640 
6393 18641 
6394 18642 
6395 18643 
6396 18644 
6397 18645 
6398 18646 
6399 18647 
64,300 18672 
6400 18648 
6401 18649 
6402 18650 
6403 18651 
6404 18652 
6405 18653 
6406 18654 
6407 18655 
6408 18656 
6409 18657 
6410 18658 
6411 18659 
6412 18660 
6413 18661 
6414 18662 
6415 18663 
6416 18664 
6417 18665 
6418 18666 
6419 18667 
6420 18668 
6421 18669 
6422 18670 
6423 18671 
6424 18672 
6425 18673 
6426 18674 
6427 18675 
6428 18676 
6429 18677 
6430 18678 
6431 18679 
6432 18680 
6433 18681 
6434 18682 
6435 18683 
6436 18684 
6437 18685 
6438 18686 
6439 18687 
6440 18688 
6441 18689 
6442 18690 
6443 18691 
6444 18692 
6445 18693 
6446 18694 
6447 18695 
6448 18696 
6449 18697 
6450 18698 
6451 18699 
6452 18700 
6453 18701 
6454 18702 
6455 18703 
6456 18704 
6457 18705 
6458 18706 
6459 18707 
6460 18708 
6461 18709 
6462 18710 
6463 18711 
6464 18712 
6465 18713 
6466 18714 
6467 18715 
6468 18716 
6469 18717 
6470 18718 
6471 18719 
6472 18720 
6473 18721 
6474 18722 
6475 18723 
6476 18724 
6477 18725 
6478 18726 
6479 18727 
6480 18728 
6481 18729 
6482 18730 
6483 18731 
6484 18732 
6485 18733 
6486 18734 
6487 18735 
6488 18736 
6489 18737 
6490 18738 
6491 18739 
6492 18740 
6493 18741 
6494 18742 
6495 18743 
6496 18744 
6497 18745 
6498 18746 
6499 18747 
6500 18748 
6501 18749 
6502 18750 
6503 18751 
6504 18752 
67,110 18749 
68,455 18749 
7,429,000 18699 
7,500 18676 
7,742 18739 
7,777 18739 
7-1/2 18711 
7.0 18665 
7.08 18579 
7.75 18672 
7.9 18665 
71.7 18620 
738.9 18646 
747-400 18659 
750,000 18726 
8,000 18657 18676 
8,179,000 18601 
8,743,000 18699 
8-7/8 18584 
8.60 18578 18603 
8.8 18665 
8.9 18640 
8.92 18584 
800,000 18629 
860,998 18628 
892,000 18708 
8th 18744 
9,31,000 18719 
9-1/2 18581 
9-1/4 18582 
9.15 18603 
9.28 18582 
9.5 18579 
9.558 18581 
900,000 18610 
92.1 18742 
93-7/8 18688 
99.25 18580 18586 
99.396 18587 
99.625 18581 
99.7 18602 
99.765 18584 
99.80 18582 
`` 18577 18578 18579 18588 18592 18598 18604 18609 18615 18621 18625 18628 18642 18662 18663 18667 18672 18674 18679 18681 18683 18685 18686 18688 18695 18697 18700 18717 18731 18733 18734 18735 18744 
a-1 18594 18727 
a-2 18594 18727 
a-3 18584 18594 
a.g 18732 
aaa 18578 18582 
abc 18717 
abci.o 18635 
ability 18628 18650 18726 
absence 18625 
absolutely 18598 
absorption 18674 
abu 18620 
aca 18628 
acaj.o 18628 
accelerating 18742 
accept 18598 18604 18607 
acceptable 18686 
accepts 18597 
accord 18614 
account 18674 
accountant 18628 
accounted 18591 18731 
accounting 18628 
accounts 18650 18683 
accruals 18610 
accumulate 18714 
accumulated 18651 
accurate 18697 
accurately 18594 
achieve 18614 18697 
achieved 18691 
achmad 18609 18642 
acknowledged 18588 
acq 18577 18585 18590 18592 18600 18605 18638 18643 18644 18654 18658 18660 18663 18667 18682 18686 18688 18730 18751 
acquire 18651 18652 18654 
acquired 18590 18644 18651 18658 
acquiring 18730 
acquisition 18591 18628 18651 18654 18658 18682 18730 18751 
acquisitions 18590 18663 
acquried 18591 
acreage 18614 
acres 18651 
across-the-board 18614 
across-the-range 18579 
act 18578 18663 18726 
acting 18578 
action 18648 18684 18731 18733 
actions 18624 
active 18595 
actively 18621 
activities 18578 
acute 18731 
add 18657 18724 
added 18578 18601 18603 18604 18625 18657 18667 18672 18688 18700 18717 18727 18731 18744 
adding 18577 18588 18663 18752 
addition 18594 18607 18745 
additional 18607 18638 18674 18679 18681 
adds 18601 
adjourn 18663 18751 
adjourned 18751 
adjourning 18751 
adjourns 18751 
adjust 18681 18734 
adjusted 18616 18665 18672 
adjustment 18742 
adjustments 18610 18697 
administration 18614 18714 
administratively 18700 
adopt 18598 
adopted 18604 
adoption 18599 18614 
advanced 18729 
advised 18658 
advisers 18628 
advisory 18729 
aeg 18592 
aen 18596 
afbf 18614 
affairs 18611 
affandi 18609 18642 
affected 18685 18744 
affecting 18744 
affiliate 18578 
affiliates 18578 
affirmed 18594 
after-tax 18591 18651 
afternoon 18660 18746 
ag 18739 18751 
age 18732 
agency 18620 18712 18727 
aggregate 18607 
agip 18651 
ago 18578 18653 
agree 18604 18621 18731 
agreed 18596 18607 18609 18614 18621 18635 18642 18650 18651 18654 18672 18726 18731 18745 
agreement 18590 18598 18604 18614 18620 18632 18638 18658 18660 18663 18700 18714 18722 18726 18733 18744 
agreements 18624 18638 18724 18744 18750 
agrees 18644 
agricultural 18598 18609 18614 18642 18742 18744 
agriculture 18598 18599 18609 18614 18642 18676 18681 18700 18734 18744 
ahorros 18745 
aid 18609 18642 18681 18734 18742 18744 
aides 18614 
ailing 18731 
aimed 18712 
aims 18667 
air 18583 18659 
aircraft 18583 
airline 18592 
airliners 18659 
airlines 18592 18682 
airport 18717 
airways 18583 18659 
ait 18617 
alan 18590 18634 
alarm 18695 18735 
alberta 18657 18703 
alex 18589 
ali 18717 
allegis 18592 
alleviate 18744 
allocated 18681 18734 
allocation 18604 
allowed 18683 
allowing 18600 18683 18726 
alongside 18621 
alter 18744 
altered 18621 
alternatives 18628 
altogether 18625 
am-brazil-strike 18661 18662 
am-budget 18597 
am-lebanon-glass 18717 
amc 18596 
amended 18714 
america 18589 18596 18682 18714 18745 
american 18614 18617 18635 18683 18716 18717 
amount 18605 18684 18714 18726 18744 
amounts 18650 
amsterdam 18604 
analysis 18744 
analyst 18621 18625 18688 
analysts 18577 18588 18621 18625 18672 18679 18688 
andersen 18650 
ann 18733 
announced 18593 18595 18596 18597 18667 18710 18751 18752 
announcement 18588 18595 18625 18688 
announcements 18650 
announces 18658 
announcing 18638 
annual 18595 18624 18628 18629 18637 18665 18700 18714 
annualized 18710 
annually 18672 
anti-tax 18625 
anticipated 18578 
anticipates 18660 
antwerp 18744 
appeal 18733 
appealed 18578 
appeared 18621 18625 
applicable 18595 
application 18733 
applications 18616 18712 
applied 18578 18614 18744 
apply 18598 18614 18651 18733 
appointment 18730 
approach 18614 18695 
approval 18597 18605 18651 18652 18658 18682 
approvals 18654 
approve 18629 
approved 18614 18624 18629 18650 18714 18729 18751 
approximately 18745 
apr 18595 
april 18578 18583 18588 18591 18592 18606 18665 18672 18702 18703 18718 18721 18748 18749 
arab 18620 
arabia 18621 
arc 18688 18739 
architecture 18729 
arco 18688 
area 18609 18614 18642 18685 18712 
areas 18614 
argued 18733 
arguing 18614 
argument 18609 18642 
arguments 18609 18642 18672 
arising 18628 
armco 18752 
army 18715 
arp 18614 
arranged 18687 
arrangement 18742 
arrangements 18579 18744 
arthur 18650 
article 18700 
asc 18716 
asia 18609 18642 
asked 18643 18682 
assembly 18697 
asset-based 18650 
assets 18591 18628 18650 18652 18667 18672 18686 18726 
assigned 18621 
assisting 18609 18642 
associates 18726 
association 18578 18592 18695 18720 18735 
assume 18717 
assurance 18686 
atlantic 18619 18688 18739 
attempt 18717 
attempted 18592 
attention 18611 
attitude 18604 18621 
attitudes 18604 
attract 18621 
attracted 18667 18672 
attractive 18658 
attributable 18591 
audited 18628 
auditors 18650 
aug 18612 18613 18617 18626 18632 18641 18693 
august 18619 18632 18649 18697 
austerity 18661 18662 
austin 18729 
author 18578 18604 18621 18672 18688 
authorities 18658 18672 
authorization 18578 18624 18629 
authorized 18600 18696 
automaker 18697 
automatically 18597 
autumn 18731 
average 18609 18631 18637 18642 18672 
averaging 18724 
avg 18591 18602 18646 18699 18708 18718 18732 
aviation 18682 
avoid 18621 
avoidance 18625 
awal.o 18682 
awarded 18715 
aware 18688 
awaz'i 18717 
b-1 18587 
b-2 18580 18586 
b-minus 18580 18586 18587 
ba 18659 
baa-2 18581 
back 18625 18660 18672 
backlog 18627 18684 
backs 18682 
baker 18688 
balance 18628 18632 18727 18748 
balanced 18625 18667 
balances 18724 
bancorp 18601 
bangemann 18731 
bank 18578 18594 18595 18603 18608 18609 18625 18631 18642 18652 18658 18672 18681 18683 18686 18687 18694 18711 18734 18745 18748 18749 
banker 18726 
bankers 18578 18745 
banking 18578 18683 
bankruptcy 18650 18687 
banks 18578 18594 18632 18683 18686 18693 18726 18745 
banque 18677 
barcelona 18745 
barium 18691 
barney 18688 
barrel 18621 18689 18698 18728 18736 18738 18746 
barrels 18651 18657 
barriers 18609 18642 
barry 18720 
bars 18578 
barter 18621 
base 18672 18752 
based 18621 18688 18729 18744 
basis 18578 18581 18582 18584 18588 18604 18637 18696 18714 
basket 18579 18621 
battelle 18722 
bbb-minus 18581 
bbl 18692 18701 18706 18707 
bc- 18626 18716 
bc-/-fed-expected-to-add 18724 
bc-/budget-pact-cuts-u.s 18614 
bc-/fed-governor-seger-s 18674 
bc-/gillette- 18660 
bc-/imperial-oil- 18698 
bc-/murphy-oil- 18736 
bc-/n.y.-fed-president-u 18683 
bc-/phillips-petroleum- 18738 
bc-/senator-says-reagan 18598 
bc-/shell-canada- 18689 
bc-/u.s.-personal-income 18665 
bc-a.g.-edwards-inc- 18732 
bc-aca-joe- 18628 
bc-allegis- 18592 
bc-american-biomaterials 18635 
bc-american-information 18617 
bc-arab-monetary-fund-le 18620 
bc-arco- 18688 
bc-becor-western- 18663 18751 
bc-bell-and-howell 18666 
bc-bell-and-howell- 18679 
bc-bell-atlantic-corp- 18619 
bc-board-rejects-hydro-q 18733 
bc-bonn-should-speed-up 18731 
bc-bp-canada- 18657 
bc-british-telecom-looks 18579 
bc-bsd-medical- 18634 
bc-buell-industries-inc 18613 
bc-c.r.i.-insured-mortga 18641 
bc-calstar-inc- 18718 
bc-canada-panel-re 18671 18673 
bc-cedar-fair-lp- 18649 
bc-cftc's-davis-urges-ca 18695 18735 
bc-chock-full-o'-nuts- 18611 
bc-coastal-raises 18704 
bc-cominco 18631 
bc-commonwealth- 18720 
bc-commonwealth-edison- 18584 
bc-computer-depot 18639 
bc-computer-depot- 18650 
bc-conseco- 18687 
bc-coupon-fixed-as-indic 18677 
bc-cullinet-software-inc 18591 
bc-culp-inc- 18610 
bc-cytogen- 18629 
bc-diamond-shamroc 18701 
bc-donors-pledge-3.15-bi 18681 18734 
bc-dutch-butter-consumpt 18637 
bc-dutch-consumers 18700 
bc-ec-commission-defends 18744 
bc-eib-makes-300-mln-fra 18603 
bc-energy-conversion- 18691 
bc-environmental-power- 18633 
bc-european-coffee-trade 18604 
bc-evergood-products-cor 18713 
bc-exide-sells-10-year-s 18580 
bc-exide-senior-subordin 18586 
bc-fecsa-to-meet-debt-ne 18745 
bc-fed's-seger-say 18668 18669 18670 
bc-fed-says-it-set 18750 
bc-federated-department 18685 
bc-first-data-management 18605 
bc-firstcorp-inc- 18647 
bc-fletcher-challenge-un 18582 
bc-france-videotex-servi 18712 
bc-freedom-federal- 18686 
bc-frost-and-sullivan-in 18606 
bc-frost/sullivan- 18607 
bc-ge- 18659 
bc-general-instrument-co 18627 
bc-getty-petroleum-corp 18723 
bc-gillette-says-r 18643 
bc-global-yield-fund- 18714 
bc-gm's-chevrolet 18737 
bc-gm- 18697 
bc-gm-laying-off-8 18675 
bc-great-western- 18652 
bc-hachette-sees-sharp-p 18709 
bc-halcyon-has-stake-in 18590 
bc-harcourt-brace- 18600 
bc-hollinger- 18730 
bc-icco-buffer-stock-man 18690 
bc-imf-loans-uganda-92.1 18742 
bc-imperial-oil-ra 18678 
bc-indonesia-rejects-wor 18609 18642 
bc-indonesia/turkey-elig 18676 
bc-intelligent-systems-m 18618 
bc-inter-regional- 18632 
bc-ipco-corp- 18623 
bc-italian-net-official 18749 
bc-joy-technologies-sell 18587 
bc-liberty-financi 18644 
bc-liberty-financial-ann 18658 
bc-lincoln-telecom 18636 
bc-lincoln-telecom- 18640 
bc-lomas-and-nettleton- 18654 
bc-major-video-corp- 18721 
bc-marathon-raises 18747 
bc-marine-midland- 18594 
bc-mcdonnell-douglas- 18583 
bc-medchem-products-inc 18648 
bc-met-coil-systems-corp 18725 18740 
bc-microdyne-corp- 18719 
bc-microelectronics-to-r 18729 
bc-mobil- 18739 
bc-mr.-rooter- 18638 
bc-multi-local-media- 18630 
bc-murphy-raises-c 18706 
bc-nabisco-brands-ltd- 18702 
bc-nat-west-cuts-mortgag 18595 
bc-new-zealand-budget-fo 18625 
bc-no-french-export-requ 18656 
bc-olin- 18581 
bc-olsten-corp- 18696 
bc-opec-differentials-no 18621 
bc-opposition-to-ec-oils 18599 
bc-pefco-sells-notes-via 18578 
bc-penwest-inc- 18602 
bc-permian-raises 18707 
bc-petro-canada-ra 18743 
bc-phillips-raises 18680 
bc-poco-petroleums-ltd- 18703 
bc-poughkeepsie-savings 18608 
bc-price-co- 18646 
bc-price-co-3rd-qt 18645 
bc-quixote- 18722 
bc-robert-bruce-industri 18708 
bc-ryland-group-inc- 18622 
bc-s.-and-w.-berisford-w 18667 
bc-salomon- 18588 
bc-saxon-oil- 18624 
bc-sec-takes-steps 18741 
bc-service-resources- 18585 
bc-shell-canada-ra 18655 
bc-slaughter-guesstimate 18653 
bc-southland- 18728 
bc-southland-corp 18705 
bc-steel-firms-study-usx 18752 
bc-sykes-datatronics- 18726 
bc-systems/computer- 18684 
bc-tektronix- 18727 
bc-thrifty-rent-a-car-in 18589 
bc-tpi-enterprises- 18596 
bc-tultex-corp- 18699 
bc-u.k.-data-depress-rat 18672 
bc-u.s.-first-time-joble 18616 
bc-u.s.-personal-i 18664 
bc-unilever-declines-com 18577 
bc-union-pacific- 18746 
bc-union-pacific-r 18692 
bc-united-jersey-banks-i 18693 
bc-usair- 18682 
bc-usx- 18593 
bc-vaalian-balance-of-pa 18748 
bc-vms-hotel- 18710 
bc-washington-bancorp- 18601 
bc-wells-gardner- 18715 
bc-westcoast- 18651 
bc-western-federal-savin 18694 
bc-woodstream- 18615 
bc-woodstream-corp- 18612 
bc-world-bank-issues-100 18711 
bcw 18663 18751 
beans 18744 
bear 18584 
bearing 18726 
becor 18663 18751 
began 18604 
begin 18697 
beginning 18577 18674 18733 
begun 18696 
beirut 18717 
bel 18619 
belgium 18744 
believed 18578 18683 
believes 18663 18744 
bell 18619 18631 18666 18679 
bellevue 18602 
benchmark 18746 
benefit 18744 
benefits 18616 
berisford 18667 
bernstein 18688 
bethlehem 18752 
beverly 18652 
bhw 18679 
bid 18577 18585 18600 18660 18671 18673 18709 
bidder 18663 
bids 18667 
big 18583 
biggest 18604 18621 
bill 18614 18672 
billion 18579 18583 18594 18597 18603 18609 18614 18625 18642 18646 18651 18665 18671 18672 18673 18681 18688 18709 18731 18733 18734 18744 18745 18748 18749 18750 
biomaterials 18635 
biscuit 18700 
bitumen-recovery 18657 
black 18588 18611 
blackmail 18717 
block 18599 18739 
blocks 18651 
blood 18716 
board 18578 18596 18607 18608 18611 18615 18637 18640 18643 18649 18652 18660 18663 18674 18688 18700 18714 18728 18729 18733 
boeing 18659 
bond 18578 18588 18625 18677 18683 18711 
bonds 18578 18584 
bonn 18731 
bonny 18621 
book 18601 
bookrunner 18677 
boost 18614 18731 
boosting 18731 
booths 18716 
bop 18748 
borrowers 18594 18595 18652 18672 
borrowing 18625 18731 
borrowings 18714 
boston 18582 18588 18593 18633 18660 
boxes 18579 
bp 18657 
bpc.to 18657 
bpd 18621 
brace 18600 
branch 18686 
brands 18702 
brazil 18604 18661 18662 
brazilian 18604 18661 
brent 18621 
brfd.l 18667 
brgs.l 18579 
bridge 18598 
bring 18604 18712 
brings 18620 18746 
britain 18599 18621 
british 18579 18599 18600 18631 18651 18657 18712 18739 
broad 18672 18683 
broadcasting 18712 
broader 18745 
broadly 18625 
brokerage 18578 18654 
brokers 18672 
brook 18686 
brothers 18578 18581 18584 18630 18652 18658 18686 
brought 18731 
brown 18589 
bruca.o 18708 
bruce 18708 
brunswick 18733 
brussels 18598 
bruyn 18700 
bs 18752 
bsd 18634 
bsdm.o 18634 
bt 18579 
bty.l 18579 
budget 18597 18614 18625 18731 
budgetary 18744 
budgets 18597 
bue 18613 
buell 18613 
buffer 18690 
building 18577 18672 
buildings 18685 
built 18697 
bullish 18625 
burden 18731 
bureau 18614 
burke-parsons-bowlby 18626 
burnham 18580 18586 18633 
business 18578 18650 18667 18679 18683 
businesses 18712 
butter 18637 
buy 18592 18596 18635 18638 18726 18733 
buybacks 18679 
buyer 18686 
buyers 18650 
buyout 18663 
buys 18690 
byrd 18597 
c. 18688 
c.r.i 18641 
cadillac 18697 
caixa 18745 
cajas 18745 
cake 18700 
cakes 18744 
calculated 18679 
calculating 18604 
calendar 18601 
calgary 18657 18703 
call 18579 18717 18731 
called 18600 18609 18642 18663 18674 18681 18729 18734 
calling 18638 18663 
calls 18588 18600 18663 
calm 18674 
calstar 18718 
canada 18631 18651 18655 18657 18671 18673 18689 18698 18702 18703 18715 18730 18733 
canadian 18631 18651 18655 18678 18689 18698 18733 
canadian/bbl 18743 
candidates 18650 
cap 18598 18672 
capability 18722 
capacity 18657 
capital 18578 18634 18677 18710 18714 18727 
capitalization 18578 
car 18589 18603 18697 
cards 18683 
care 18577 
carling 18730 
carried 18731 
carrier 18684 
carries 18603 18620 
carryforward 18726 
carrying 18709 
cars 18697 
case 18621 18683 
cases 18621 
cash 18600 18651 18658 18660 18679 18696 
cataluna 18745 
cattle 18653 18676 
causing 18601 
caution 18695 18735 
cautiously 18695 18735 
cavalier 18697 
ccc 18676 
cdpt 18650 
cdpt.o 18650 
cdt 18751 
cease 18639 18650 
cedar 18649 18725 18740 
ceiling 18621 
ceilings 18621 
cent 18721 
center 18685 
central 18710 18729 
centre-right 18731 
ceo 18702 
cereal 18656 
certified 18716 
cf6-50 18659 
cf6-50c2 18583 
cf6-80c2 18583 18659 
cftc 18695 18735 
chair 18745 
chairman 18577 18579 18592 18596 18614 18658 18667 18679 18683 18696 18700 18702 18709 18720 18745 
challenge 18582 
champlin 18746 
chance 18604 
chances 18672 
change 18621 18624 18697 
changed 18663 18681 18733 18734 
changing 18621 18729 
chapnick 18720 
chapter 18650 18687 18695 18735 
characteristics 18695 
charge 18591 
charging 18744 
charitable 18611 
charles 18658 18687 18717 
chase 18672 18726 18745 
cheap 18637 
checking 18683 
cheleden 18658 
chemical 18688 18726 
chevrolet 18697 18737 
chf 18611 
chicago 18592 18617 18653 18679 18695 18710 18715 18722 18735 
chief 18596 18607 18621 18658 18672 18696 18702 18720 18730 18733 
chl 18726 
chock 18611 
choices 18614 
choose 18609 18642 
christian 18731 
christmas 18650 
cimarrons 18697 
circumstances 18733 
cited 18594 18604 18727 
citgo 18728 
citicorp 18578 18683 18745 
cities 18685 
citing 18650 
citizens 18717 
city 18605 18634 18638 
claims 18592 18614 18616 18684 18687 18717 
clarify 18695 18735 
class 18684 18696 
clear 18598 
client 18684 
clients 18722 
close 18590 18604 
closed 18588 18590 
closing 18579 18677 18688 18726 
clt 18631 
cmb 18726 
cnsc.o 18687 
co-chair 18745 
co-chaired 18745 
co-managed 18581 18584 18587 
co-managers 18578 
coalition 18731 
coastal 18704 
code 18650 18714 
coffee 18604 18742 
cohen 18596 
collateral 18650 
columbia 18622 18631 18651 
columbus 18722 
combat 18661 18662 
combination 18597 18667 
combined 18711 
comfotrably 18588 
cominco 18631 
coming 18621 18681 18734 
commended 18681 18734 
comment 18577 18590 18752 
commented 18577 
commerce 18665 18683 
commercial 18578 18594 18683 18727 
commission 18578 18589 18599 18628 18653 18695 18735 18744 
commissioner 18695 18735 
commitment 18710 18726 
committed 18710 
committee 18598 18614 18683 18702 18745 
committees 18614 18745 
commodities 18609 18614 18642 18667 18676 
commodity 18609 18614 18637 18642 18676 18695 18700 18735 
common 18598 18600 18604 18607 18624 18629 18630 18631 18633 18635 18640 18652 18683 18687 18696 18726 18727 18744 
commonwealth 18584 18720 
communciation 18712 
communication 18600 
community 18598 18599 18604 18637 18656 18731 18744 
comon 18589 
compact 18697 
company 18577 18578 18579 18583 18588 18589 18600 18601 18607 18611 18621 18624 18625 18628 18632 18633 18635 18638 18640 18650 18652 18658 18659 18663 18667 18679 18682 18684 18685 18687 18688 18689 18691 18696 18697 18698 18708 18709 18712 18714 18715 18716 18720 18726 18728 18729 18730 18736 18738 18739 18745 18751 18752 
company./ 18751 
comparable 18578 18581 18582 18584 18588 18685 
compare 18734 
compared 18587 18637 18748 
compares 18681 18748 
compelling 18683 
compensation 18599 18610 
compete 18695 
competition 18682 18727 
competitive 18695 18735 
competitiveness 18744 
competitors 18614 
complement 18695 
complete 18685 18697 
completed 18605 18632 18652 18730 
completes 18605 18730 
completion 18624 18654 
comply 18628 
composed 18684 
composition 18691 
compounded 18672 
comprised 18729 
comprising 18652 
compromise 18597 18598 18604 18614 
computer 18591 18639 18650 18684 18712 18729 
comw.o 18720 
conceded 18731 
concentrating 18667 
concern 18628 18650 18695 18717 
concerned 18604 18674 18717 18744 
concession 18578 18580 18581 18582 18584 18586 18711 
concluded 18663 
conclusion 18672 
conditions 18595 
confederacion 18745 
confederation 18661 18662 
conference 18597 18621 18709 
conferences 18607 
confident 18625 
confirmation 18687 
conforms 18744 
congress 18578 18597 18614 
congressional 18597 18614 
conn. 18613 
connected 18635 18684 
connection 18652 18684 18714 
connetion 18712 
conrad 18598 
conseco 18687 
consent 18643 18660 
consequences 18624 18700 
conservatives 18672 
considerably 18731 
considered 18685 
consist 18631 
consistent 18625 
consistently 18731 
consolidate 18685 18731 
consolidated 18709 
consolidation 18685 
constitute 18607 
construction 18657 
consumer 18604 18731 18744 
consumers 18700 18744 
consumers/industry 18700 
consummation 18607 
consumption 18637 18665 18744 
contact 18744 
content 18637 
contested 18700 
context 18731 
contingent 18658 
continuation 18625 
continue 18579 18599 18604 18607 18609 18642 18650 18658 
continued 18672 
continues 18672 
continuing 18609 18642 18684 18695 
contract 18684 18695 18715 18733 
contracts 18659 18684 18695 
contravened 18700 
contributed 18652 
contribution 18625 18731 18744 
contributory 18637 
control 18597 18683 
controversial 18744 
convened 18751 
convention 18700 
conversion 18652 18691 18726 
convert 18687 18726 
converted 18640 
convertible 18593 18640 18696 18726 18749 
cooking 18637 
cooperation 18712 
cooperative 18729 
cope 18731 
copper 18631 18691 
core 18729 
corn 18614 
corp. 18614 
corporate 18578 18633 18667 18724 
corporation 18579 18638 18676 
correct 18672 18695 
correspond 18621 
corridor 18712 
corrigan 18683 
cost 18657 18672 18744 
costs 18579 18672 18684 18685 18700 18712 18744 
counsel 18682 
countered 18731 
counters 18672 
countries 18599 18604 18620 18700 18744 
country 18609 18642 18661 18662 18681 
couple 18688 
coupon 18578 18580 18581 18582 18584 18586 18587 18677 
court 18733 
cover 18601 18745 
covered 18695 18744 
create 18681 18734 
credible 18625 
credit 18614 18632 18650 18672 18676 18683 18721 18727 18745 
creditor 18745 
creditors 18650 18687 18745 
credits 18718 
critical 18609 18642 
criticism 18731 
crm 18641 
crop 18614 
crops 18609 18614 18642 
cross 18607 
crown 18745 
crude 18621 18651 18655 18678 18680 18689 18692 18698 18701 18704 18705 18706 18707 18728 18736 18738 18743 18746 18747 
crudes 18621 
crystal 18598 
csar.o 18718 
csc 18712 
ct 18606 18719 
cts/bbl 18655 18678 18680 18704 18705 18728 18747 
ctsd 18646 
cubic 18651 18739 
cul 18591 
cullinet 18591 
culp 18610 
culp.o 18610 
cumulative 18593 
currencies 18674 18749 
currency 18674 18714 18744 18749 
current 18589 18601 18614 18621 18632 18635 18657 18672 18697 18710 18742 18744 
customer 18621 18724 18750 
customers 18579 18621 18683 18733 
cut 18579 18597 18614 18621 18661 18662 18672 18675 18697 18727 18731 
cutbacks 18697 
cuts 18595 18614 18672 18731 
cutting 18579 18685 18731 18744 
cwe 18584 
cyto.o 18629 
cytogen 18629 
d-kan. 18614 
d-nd 18598 
d-wisc 18683 
daily 18709 18730 
dairy 18676 
dallas 18624 18654 18685 
dallas/fort 18685 
damage 18625 
dan 18614 
daniel 18607 
data 18605 18672 
datatronics 18726 
dates 18592 
david 18672 
davis 18663 18695 18735 
day 18621 18651 18657 18681 18734 18739 
days 18687 18688 18744 
dc-10 18583 18659 
dc-10er 18583 
de 18614 18700 18745 
deacon 18631 
deal 18578 18581 18584 18587 18651 18688 
dealers 18625 18672 18679 
dealing 18695 18735 
deals 18621 
debenture 18687 
debentures 18587 18605 18687 18726 
debt 18578 18587 18594 18631 18632 18633 18667 18679 18688 18714 18726 18727 18745 
debtor 18687 
december 18621 18650 18726 
decided 18621 
deciding 18733 
decision 18578 18650 18679 18733 
declared 18600 18608 18611 18649 
decline 18742 18744 
declined 18577 18579 18590 18752 
declines 18577 
decreasing 18665 
deeply 18717 
defended 18744 
defends 18744 
defense 18597 18717 
defer 18624 
deferred 18631 
deficiency 18614 
deficit 18597 18625 18748 
define 18695 
definitive 18590 18658 
degrees 18691 
delaware 18624 
delineate 18695 
deliver 18683 
delivery 18583 18679 18715 
deluged 18588 
demand 18621 18650 18731 18744 
demanded 18638 18731 
deminex 18739 
democratic 18597 18731 
democrats 18597 18731 
demonstrate 18733 
denied 18733 
denmark 18599 
denominations 18711 
dent 18621 
denver 18716 
department 18616 18665 18676 18682 18685 18717 
dependent 18650 
depositories 18683 
depositors 18652 
deposits 18594 
depot 18639 18650 
depress 18672 
depressed 18577 
depths 18739 
deputy 18667 
deregulation 18681 
des 18730 
designees 18607 
designing 18722 
desirable 18695 
details 18604 18615 18638 18676 
determine 18714 
determined 18631 
determining 18674 
detroit 18697 
deutsche 18745 
develop 18609 18642 
developed 18609 18615 18642 
development 18679 18681 18695 18722 18735 
developments 18695 
devices 18691 
devote 18611 
devry 18679 
dhabi 18620 
diamond 18701 
dick 18700 
diego 18646 
differentials 18621 
difficult 18588 18614 18672 18700 
difficulty 18604 
digital 18579 
dillon 18578 
diluted 18718 
diminished 18621 
dipped 18577 
director 18588 18596 18634 
directorate 18744 
directors 18607 18624 18635 18640 18651 18660 18684 18714 
disagreed 18625 
disappointing 18688 
discontinued 18632 18719 18721 
discount 18654 
discounts 18621 
discovered 18638 
discriminatory 18744 
discuss 18733 
discussed 18661 18662 
disks 18679 
dislocations 18724 
dismay 18672 
dismissed 18577 
disposing 18585 
dispute 18628 
distance 18672 
distribute 18714 
distributed 18609 18642 
distribution 18591 18650 18685 18714 
distributions 18649 18714 
distributors 18609 18642 
div 18612 18613 18617 18618 18619 18622 18623 18626 18641 18647 18693 18694 18723 18725 18740 
diversified 18681 
dividend 18593 18600 18601 18608 18611 18619 18636 18640 18649 18696 18714 
dividends 18600 18696 
division 18667 18695 18722 18735 18744 18752 
dlr 18585 18594 18597 18610 18621 18625 18632 18638 18659 18665 18671 18673 18679 18684 18710 18726 
dlrs/bbl 18705 
document 18625 
documentation 18745 
dollar 18577 18597 18625 18674 
dollars 18736 
domestic 18579 18598 18609 18642 18672 18681 18731 18744 18745 
dominion 18631 
donald 18679 
donaldson 18587 
donor 18609 18642 
donors 18609 18642 18681 18734 
doomed 18598 
dorval 18715 
dot 18682 
double 18609 18642 
doubts 18621 18731 
douglas 18583 18625 18659 
downgraded 18727 
downturn 18742 
drawn 18726 
drew 18672 
drexel 18580 18586 18633 
drilled 18657 
drive 18609 18642 
driven 18625 
drop 18597 
dropped 18621 18625 
dropping 18661 18662 
drug 18716 
dtuch/shell 18689 
due 18578 18580 18582 18584 18586 18587 18588 18605 18620 18621 18625 18632 18650 18665 18697 18711 18729 18731 
duly-formed 18658 
dutch 18637 18700 
dutch/shell 18689 
dvry.o 18679 
e. 18596 
earlier 18583 18597 18599 18621 18672 18709 18745 
early 18657 18724 18742 
earn 18591 18602 18606 18610 18627 18646 18648 18688 18699 18703 18708 18713 18718 18719 18721 18732 
earned 18588 18601 
earnings 18588 18591 18666 18667 18672 18679 18688 
easier 18672 
eastern 18628 18712 
ec 18598 18599 18604 18637 18656 18700 18744 
ec-produced 18744 
economic 18594 18669 18672 18681 18731 18734 18742 
economically 18594 18685 
economics 18731 
economist 18625 18672 
economists 18724 
economy 18609 18625 18642 18672 18674 18731 18742 
ecu 18677 18711 
ecus 18711 18744 
eden 18650 
edible 18637 
edina 18718 
edison 18584 
edmonton 18698 
edmonton/swann 18689 
edward 18702 18733 
edwards 18732 
eep 18676 
effect 18731 18744 
effective 18610 18632 18680 18681 18689 18692 18697 18698 18701 18702 18728 18730 18731 18734 18736 18738 18746 18752 
effectively 18621 
efficient 18681 
effort 18667 
efforts 18650 18672 18731 
eib 18603 
elected 18607 18714 
election 18625 18672 
electric 18583 18659 
electricas 18745 
electricity 18733 18745 
electronic 18679 18715 
electronics 18715 
eligable 18578 
eligible 18676 
eliminate 18714 
eliminating 18598 
embassy 18717 
emerges 18687 
emirates 18620 
employed 18697 
employee 18592 
employees 18592 18652 18665 18685 
employment 18681 18700 18734 
en 18691 
enable 18651 
encouraging 18695 18731 18735 
end 18579 18591 18598 18604 18621 18625 18632 18651 18686 18714 18744 18749 
end-1986 18601 
endanger 18731 
endeavoring 18578 
ended 18616 18628 18650 18703 
ending 18625 18684 
endowment 18595 
ends 18585 18606 18648 18708 
ener.o 18691 
energy 18633 18638 18691 18733 
enforcement 18695 
engaging 18578 
engine 18659 
engines 18583 18659 
england 18671 18672 18673 18733 
enhance 18651 18686 
enhanced 18731 
enhancement 18676 
eni 18651 
enlargement 18744 
enter 18683 18724 
entered 18590 18624 18660 
enterprises 18596 
entertainment 18596 
enthusiasm 18672 
entire 18688 
entitled 18696 
environment 18681 18734 
environmental 18633 
eqk 18658 
equibank 18658 
equimark 18644 18658 
equipment 18716 
equities 18625 
equity 18634 18677 18727 
espanola 18745 
established 18665 18684 
estimate 18588 
estimated 18597 18657 18665 18688 
estimates 18621 18744 
eurobond 18677 18711 
europe 18598 
europe-1 18709 
european 18598 18599 18603 18604 18637 18656 18731 18744 18749 
evaluate 18585 18663 
events 18684 
eventually 18614 18650 18731 
evergood 18713 
everyboday 18733 
evgd.o 18713 
evidence 18682 
exceed 18734 
exceeding 18731 
excess 18726 
exchange 18578 18589 18609 18625 18628 18642 18653 18668 18674 18677 18695 18696 
exchange-listed 18741 
exchange-traded 18695 
exchangeable 18593 
exchanged 18605 
exclude 18679 
excludes 18719 
executive 18596 18607 18624 18658 18661 18662 18696 18702 18720 18730 
executives 18674 
exercise 18596 18607 18631 18677 
exercising 18635 
exide 18580 18586 
exist 18695 
existing 18595 18625 18663 18695 18696 
expanded 18731 
expanding 18579 18742 
expansion 18657 
expect 18604 18614 18621 
expectations 18579 18625 18650 
expected 18597 18607 18625 18650 18652 18654 18663 18672 18679 18688 18710 18715 18724 18726 
expects 18601 18628 18632 18649 18679 18709 
expedited 18682 
expenditure 18579 18625 
expenditures 18665 
expense 18637 
expenses 18684 18714 
expensive 18700 
experience 18744 
experts 18621 
expiration 18635 
expire 18696 
explained 18578 
exploration 18651 
exploratory 18651 
export 18578 18598 18614 18621 18656 18676 18733 18742 
exporters 18609 18642 18676 
exports 18599 18621 18733 
exposure 18594 18688 
express 18683 
extend 18621 18710 18717 
extending 18684 18737 
extent 18695 
extra 18621 
extreme 18604 
extremes 18604 
exxon 18698 
f2763 18577 
f2775 18578 
f2786 18579 
f2788 18580 
f2789 18581 
f2790 18582 
f2793 18583 
f2796 18584 
f2798 18585 
f2799 18586 
f2800 18587 
f2801 18588 
f2804 18589 
f2805 18590 
f2806 18591 
f2807 18592 
f2809 18593 
f2811 18594 
f2825 18595 
f2830 18596 
f2860 18597 
f2867 18598 
f2868 18599 
f2879 18600 
f2882 18601 
f2883 18602 
f2885 18603 
f2887 18604 
f2888 18605 
f2889 18606 
f2892 18607 
f2900 18608 
f2902 18609 
f2907 18610 
f2908 18611 
f2912 18612 
f2913 18613 
f2914 18614 
f2915 18615 
f2919 18616 
f2920 18617 
f2933 18618 
f2934 18619 
f2936 18620 
f2937 18621 
f2941 18622 
f2942 18623 
f2945 18624 
f2948 18625 
f2962 18626 
f2970 18627 
f2972 18628 
f2974 18629 
f2978 18630 
f2980 18631 
f2981 18632 
f2984 18633 
f2986 18634 
f2989 18635 
f3003 18636 
f3008 18637 
f3010 18638 
f3013 18639 
f3021 18640 
f3024 18641 
f3029 18642 
f3035 18643 
f3044 18644 
f3045 18645 
f3053 18646 
f3055 18647 
f3058 18648 
f3063 18649 
f3064 18650 
f3068 18651 
f3069 18652 
f3072 18653 
f3075 18654 
f3078 18655 
f3079 18656 
f3082 18657 
f3083 18658 
f3084 18659 
f3089 18660 
f3104 18661 
f3114 18662 
f3115 18663 
f3121 18664 
f3123 18665 
f3128 18666 
f3135 18667 
f3144 18668 
f3149 18669 
f3162 18670 
f3163 18671 
f3166 18672 
f3169 18673 
f3170 18674 
f3177 18675 
f3188 18676 
f3196 18677 
f3198 18678 
f3213 18679 
f3224 18680 
f3233 18681 
f3239 18682 
f3241 18683 
f3265 18684 
f3267 18685 
f3269 18686 
f3275 18687 
f3285 18688 
f3291 18689 
f3304 18690 
f3306 18691 
f3316 18692 
f3325 18693 
f3326 18694 
f3337 18695 
f3338 18696 
f3354 18697 
f3355 18698 
f3356 18699 
f3361 18700 
f3370 18701 
f3378 18702 
f3380 18703 
f3382 18704 
f3383 18705 
f3384 18706 
f3385 18707 
f3386 18708 
f3388 18709 
f3390 18710 
f3397 18711 
f3399 18712 
f3403 18713 
f3407 18714 
f3424 18715 
f3429 18716 
f3430 18717 
f3436 18718 
f3437 18719 
f3439 18720 
f3442 18721 
f3443 18722 
f3447 18723 
f3460 18724 
f3477 18725 
f3480 18726 
f3482 18727 
f3495 18728 
f3497 18729 
f3505 18730 
f3509 18731 
f3516 18732 
f3518 18733 
f3521 18734 
f3522 18735 
f3525 18736 
f3527 18737 
f3533 18738 
f3534 18739 
f3543 18740 
f3554 18741 
f3557 18742 
f3560 18743 
f3561 18744 
f3563 18745 
f3567 18746 
f3576 18747 
f3581 18748 
f3585 18749 
f3588 18750 
f3599 18751 
f3603 18752 
face 18724 
facilities 18684 18697 
facility 18632 18742 
fact 18621 
factor 18637 
factories 18603 
factors 18674 
factory 18603 
facts 18733 
fahrenheit 18691 
failed 18585 
failure 18598 
fair 18649 18658 
fairest 18614 
fairfield 18663 
fairly 18604 18637 18724 
fairness 18726 
fall 18620 18637 18672 18688 18749 
falling 18665 18742 
families 18717 
family 18696 
fao 18700 
farm 18598 18609 18614 18642 18665 
farmers 18609 18614 18642 18665 
farming 18609 18642 
fat 18637 
fats 18599 18637 18700 18744 
favors 18683 
favour 18604 
fbc 18588 
fcr 18647 
fdmc.o 18605 
fds 18685 
feasibility 18709 
february 18604 18621 
fecsa 18745 
fed 18578 18668 18669 18670 18674 18683 18724 18750 
federal 18578 18624 18652 18665 18674 18683 18686 18694 18695 18724 18733 
federated 18685 
federation 18604 18614 
feel 18621 18686 18744 
feels 18658 
fees 18595 18684 18710 18712 
feet 18651 18739 
fell 18579 18621 18637 18665 18749 
fence 18604 
ferry 18687 
fertilizer 18609 18642 
fibre 18579 
fiercely 18700 
fight 18579 
fighting 18600 
figure 18616 18621 18637 
figures 18591 18625 18637 18672 18674 18748 
file 18628 18733 
filed 18589 18633 18650 18684 
filing 18628 
fillip 18672 
final 18597 18632 18745 
finalize 18628 
finance 18582 18620 18625 18681 18731 18744 18745 
financed 18731 
financial 18588 18625 18628 18632 18644 18650 18652 18654 18658 18663 18667 18674 18683 18695 
financing 18650 18687 18731 18742 
find 18604 18614 18682 18683 18739 
firm 18578 18590 18594 18654 18727 
firmly 18744 
firms 18578 18683 18752 
firsst 18605 
first-half 18621 
firstcorp 18647 
fiscal 18614 18625 18628 18650 18684 18731 
five-year 18715 
fixed 18621 18677 
fla 18652 
fla. 18600 18719 18720 
fletcher 18582 
floated 18579 
floor 18653 
flow 18651 
flowed 18739 
fluorinated 18691 
fluorine 18691 
focus 18729 
foley 18685 
follow 18736 
food 18667 18700 
force 18681 18695 
forced 18614 18731 
forces 18674 
forecast 18625 18672 
forecasts 18625 18672 
foreign 18609 18625 18642 18668 18672 18674 18677 18717 18745 
form 18621 18628 18652 18722 
formed 18578 18596 18745 
forms 18578 
formula 18604 
formulae 18579 
formulated 18745 
fort 18720 
forward 18579 18695 18731 
found 18621 18731 
four-day 18598 18724 
fourth 18620 18621 18649 18663 18700 
franc 18603 18709 
france 18603 18656 18709 18712 
francisco 18628 
francs 18709 
frank 18592 
fraud 18700 
free 18609 18642 18731 
freedom 18686 
freeze 18614 
freezing 18614 
french 18656 18709 18712 18730 
french-speaking 18712 
frenzy 18688 
fresh 18672 18681 18734 
frey 18679 
frfe 18686 
frfe.o 18686 
friday 18661 18662 
friendly 18592 
friends 18717 
fromartz 18688 
frost 18606 18607 
frost/sullivan 18607 
frsl 18607 
frsl.o 18606 18607 
fsb 18652 
fuel 18621 
fuerzas 18745 
full 18611 18620 18708 18716 18726 18744 
fun 18649 
fund 18620 18665 18710 18714 18742 
fundamental 18683 
funding 18578 18672 
funds 18614 18672 18681 18683 18724 18731 18734 
future 18592 18676 
futures 18695 18735 
ga. 18618 
gain 18610 18679 18684 18688 
gains 18679 18714 
gannett 18712 
gap 18621 
gaps 18598 18604 
garza 18614 
gas 18579 18651 18739 
gasoline 18621 
gasoline-rich 18621 
gatt 18700 18744 
gave 18615 
gci 18712 
ge 18583 18659 
gear 18751 
gearing 18579 
general 18583 18609 18627 18633 18642 18659 18661 18662 18679 18687 18691 18697 18700 18736 18744 
generally 18577 18604 
generate 18715 18733 
generated 18744 
george 18579 18688 
gerald 18679 18683 
german 18731 
germans 18731 
germany 18599 18604 18731 
getty 18723 
gillette 18577 18643 18660 
gilt 18672 
gilts 18672 
give 18604 18607 18681 
giving 18609 18621 18642 18683 
glass 18717 
glass-steagall 18578 
glickman 18614 
global 18714 
glover 18702 
gm 18675 18679 18697 18737 
gmt 18579 
goal 18598 
gold 18651 18749 
goldman 18652 18683 
goldsmith 18577 
good 18609 18621 18625 18642 18672 
gouinlock 18631 
governing 18695 18735 
government 18578 18604 18609 18625 18642 18661 18662 18665 18724 18731 
governmental 18681 18734 
governor 18674 
grade 18587 18621 18746 
grades 18621 
graduate 18679 
grain 18609 18614 18642 
grains 18614 
gramm-rudman-hollings 18614 
granted 18630 
grants 18609 18642 
graph 18637 
great 18621 18652 
greater 18621 18722 18731 
greatly 18727 
grievances 18621 
grieveson 18621 18672 
grl 18627 
gross 18578 18580 18581 18582 18584 18586 18674 18731 
ground 18604 
group 18577 18578 18592 18599 18603 18621 18622 18632 18635 18651 18652 18658 18660 18661 18662 18681 18682 18689 18709 18734 
grow 18679 
growing 18681 18731 
growth 18609 18642 18666 18667 18672 18679 18681 18695 18727 18731 18734 18735 
gs 18660 
gs.n 18577 
gty 18723 
guaranteed 18578 18638 18661 18662 18744 
guaranty 18711 
guesstimated 18653 
guesstimates 18653 
guesstimating 18653 
guidance 18663 
guidelines 18700 
guilders 18681 
gulf 18745 
gwf 18652 
hachette 18709 
hacp.pa 18709 
hague 18609 18642 18681 18700 18734 
halcyon 18590 
half 18663 18672 18714 18744 
hallwood 18635 
harcourt 18600 
hard 18700 
hardened 18604 
harder 18579 
harmful 18695 
harmonisation 18731 
harris 18685 
hbj 18600 
head 18637 18653 18676 18731 18744 
headquartered 18658 
health 18577 18716 
healthcare 18722 
healthy 18674 
hearings 18733 
heaviest 18621 
heavy 18588 18621 18752 
hebert 18733 
hedging 18695 18735 
held 18607 18635 18638 18663 18717 18730 
helped 18621 
helpful 18674 
henry 18667 
hicksville 18713 
high 18598 18610 18661 18662 18672 
high-sulphur 18621 
higher 18577 18621 18672 18731 
highest 18621 
hike 18752 
hills 18652 18689 
himber 18634 
hired 18686 
hit 18700 
hlg.to 18730 
hog 18653 
hold 18615 18717 18745 
holder 18635 18751 
holders 18608 18611 18629 18640 18649 18663 18687 18739 
holding 18578 18605 18625 
holdings 18630 18640 18726 18749 
holds 18621 18651 
hollinger 18730 
home 18652 
hope 18604 
hopes 18672 
horsham 18658 
hostages 18717 
hostile 18744 
hotel 18710 
hour 18697 18712 
hourly 18675 18685 18697 
hours 18625 
house 18597 18614 18653 
household 18637 
houston 18631 18654 18685 
hovered 18724 
howell 18666 18679 
hugely 18700 
hwg 18635 
hydro 18671 18673 
hydro-quebec 18733 
ibm 18650 
ica 18604 
icco 18690 
ico 18604 
ico-coffee 18604 
idb2000 18679 
idea 18614 
ideas 18642 
identified 18663 
ifg 18632 
ifo 18731 
iggi 18681 18734 
ignore 18695 
ihs 18623 
ill. 18686 
imf 18742 
immediately 18702 18726 18742 
imminent 18672 
imo.a 18698 
impact 18591 18672 18731 18744 
imperial 18678 18698 
implications 18672 
import 18609 18642 18744 
important 18672 
imported 18744 
importers 18609 18642 
importing 18609 18642 
imports 18744 
improve 18727 
improvements 18710 
inappropriate 18579 
incentives 18621 18625 18737 
include 18591 18681 18716 18739 18744 
included 18621 18650 18712 
includes 18610 18714 18718 18721 18745 
including 18585 18595 18607 18609 18614 18637 18642 18650 18659 18667 
income 18579 18609 18624 18642 18664 18665 18672 18714 18731 
incomes 18665 
incomplete 18744 
incorporation 18624 
increase 18597 18600 18614 18625 18637 18640 18665 18700 18709 18710 18731 18738 18746 18752 
increased 18579 18601 18629 18665 18727 18736 
increases 18614 18665 18672 18710 18736 
increasing 18695 18727 
increasingly 18604 
incurred 18684 
indefinite 18697 
indemnification 18624 
independent 18667 
indexed 18631 
indonesia 18609 18642 18676 18681 18734 
indonesia/turkey 18676 
indonesian 18609 18642 18681 18734 
industrial 18667 18681 18731 18742 
industries 18613 18687 18700 18708 18731 
industry 18578 18609 18621 18642 18670 18688 18695 18727 18735 18736 
inefficiencies 18609 18642 18685 
inevitable 18731 
inflation 18661 18662 18672 18742 
inflationary 18672 18700 
inflexibility 18695 
inflow 18672 
influence 18674 
influences 18674 
infonet 18712 
information 18617 18638 18684 18715 18733 
informed 18614 
inhibit 18727 
initial 18589 18608 18630 18649 18665 18726 
initially 18625 18657 18712 
inp 18618 
inside 18716 
insisted 18717 
installing 18579 
installments 18726 
instant 18716 
instant-medical 18716 
institute 18604 18722 18731 
institutes 18731 
institutions 18674 
instrument 18627 
instrumentation 18722 
instruments 18695 18735 18745 
insufficient 18731 
insufficiently 18744 
insurance 18616 18683 18684 18714 
insured 18641 18683 
intact 18599 
intangible 18628 
intelligent 18618 
intelmatique 18712 
intended 18695 18735 
intends 18628 
intention 18598 
inter 18681 18734 
inter-regional 18632 
intercon 18628 
interest 18595 18603 18620 18625 18635 18670 18672 18688 18689 18710 18714 18724 18726 18739 18750 
interested 18577 
interests 18591 18651 18726 
interim 18667 
intermediate 18728 18736 18738 18746 
internal 18714 
international 18583 18601 18604 18650 18659 18712 18717 18731 18742 18745 
intervention 18609 18642 18672 
introduced 18579 18614 18661 18662 18744 
introduction 18679 18744 
inventory 18650 18676 18726 
invest 18679 
investigation 18695 
investing 18625 
investment 18578 18590 18603 18634 18679 18695 18700 18710 18714 18726 
investments 18590 18641 
investor 18607 18726 
investors 18594 18625 18688 18726 
invitation 18676 
involved 18628 18691 18709 
iowa 18725 18740 
ipco 18623 
iran 18621 
iraq 18620 
iron-steel 18752 
island 18733 
isolated 18604 
issuable 18607 
issue 18578 18580 18581 18582 18584 18586 18587 18614 18621 18631 18635 18695 18735 
issued 18635 18640 18676 18681 18688 18734 
issues 18628 18695 18711 18735 
issuing 18711 
italian 18749 
italians 18604 
italy 18604 18651 18748 18749 
j. 18687 
j.p. 18578 
j.r. 18702 
jakarta 18609 18642 18681 18734 
james 18577 
janesville 18675 18697 
january 18628 18650 18685 
japan 18677 18745 
japanese 18621 
jean-luc 18709 
jefferson 18579 
jenrette 18587 
jeopardizing 18614 
jeremy 18604 
jersey 18693 
jim 18597 
job 18717 
jobless 18616 
jobs 18616 18672 18685 
joe 18628 
john 18578 18599 18683 
joint 18722 18731 
jointly 18598 
jose 18661 18662 
journalist 18717 
journalists 18599 
jovanovich 18600 
joy 18587 
judith 18621 
july 18600 18603 18604 18608 18611 18612 18615 18618 18622 18623 18626 18635 18640 18647 18654 18661 18662 18693 18694 18696 18711 18723 18725 18726 18730 18740 
jumped 18688 
june 18577 18578 18579 18580 18581 18582 18583 18584 18585 18586 18587 18588 18589 18590 18591 18592 18593 18594 18595 18596 18597 18598 18599 18600 18601 18602 18603 18604 18605 18606 18607 18608 18609 18610 18611 18612 18613 18614 18615 18616 18617 18618 18619 18620 18621 18622 18623 18624 18625 18626 18627 18628 18629 18630 18631 18632 18633 18634 18635 18637 18638 18640 18641 18642 18646 18647 18648 18649 18650 18651 18652 18653 18654 18656 18657 18658 18659 18660 18661 18662 18663 18665 18667 18672 18674 18676 18677 18679 18681 18682 18683 18684 18685 18686 18687 18688 18689 18691 18693 18694 18695 18696 18697 18698 18699 18700 18702 18703 18708 18709 18710 18711 18712 18713 18714 18715 18716 18717 18718 18719 18720 18721 18722 18723 18724 18725 18726 18727 18728 18729 18730 18731 18732 18733 18734 18735 18736 18738 18739 18740 18742 18744 18745 18746 18748 18749 18751 18752 
junior 18632 18731 
jurisdictional 18695 18735 
justify 18744 
keller 18679 
kent 18598 
key 18621 
kidder 18587 18630 
kidnapped 18717 
kidnappers 18717 
kidnapping 18717 
kika 18614 
kilos 18637 
kleinwort 18621 18672 
knowledge 18578 
ksc 18745 
l. 18634 
la 18614 18730 
labor 18616 
laboratories 18729 
labour 18625 18681 
labrador 18651 
lagardere 18709 
laid 18697 
lake 18634 18652 18657 
lambert 18580 18586 18633 
language 18730 
large 18724 
larger 18731 
largest 18578 18585 18589 18609 18642 18684 18697 18700 
las 18721 
late 18684 18731 
latest 18616 18663 18674 18718 18721 
lauderdale 18720 
launch 18733 
launching 18709 
law 18679 18714 
lawmakers 18614 
lay 18697 
laying 18675 18697 
layoff 18697 
layoffs 18697 
lead 18578 18581 18584 18587 18630 18711 
leader 18597 
leaders 18597 
leading 18688 18731 
league 18674 
learned 18604 18717 
lease 18726 
leasing 18632 18745 
leave 18621 18717 
leaving 18731 
lebanese 18717 
led 18633 18727 
left 18614 18621 
legal 18684 
legislation 18683 
lehman 18630 18652 18658 
lend 18620 
lender 18650 
lenders 18628 
lending 18652 18672 
lends 18620 
less-confusing 18697 
lessen 18682 
letter 18709 
level 18672 18744 
levels 18579 18614 18726 18727 18731 18744 
levy 18700 18744 
lewis 18667 
lgl 18663 18751 
liability 18684 
liberty 18644 18658 
libya 18621 
licences 18656 
life 18578 18581 18657 
lifo 18610 
light 18595 18621 18638 18678 18689 18698 18728 18736 
lighter 18621 
lightest 18621 
likelihood 18604 
limit 18621 18726 
limitation 18614 
limited 18696 
lincoln 18636 18640 
line 18650 18661 18662 18679 
links 18579 
lion 18731 
liquidate 18650 
liquidated 18650 
liquidation 18650 
liquidity 18727 
liquids 18651 
lire 18748 18749 
list 18745 
listed 18711 
litigation 18684 
lititz 18612 18615 
live 18604 
livestock 18676 
lnf 18654 
loan 18594 18603 18614 18620 18638 18652 18674 18710 18720 18742 
loaned 18742 
loans 18601 18609 18614 18620 18631 18642 18742 18745 
lobbyists 18614 
local 18625 
lomas 18654 
lome 18700 
london 18577 18579 18595 18621 18667 18672 18677 18711 18745 
long 18604 18672 18745 
long-range 18583 18729 
long-term 18594 18714 18727 
longer 18726 
looked 18579 18625 
lordstown 18675 18697 
losing 18683 
loss 18588 18591 18594 18601 18606 18628 18650 18679 18708 18713 18714 18719 18721 18726 
losses 18588 18601 18628 18714 
lost 18672 
lot 18731 
louis 18732 
louisiana 18728 18736 
lovell 18604 
low 18598 18637 
lower 18579 18588 18625 18637 18665 18672 18697 
lowered 18588 18744 
lowering 18625 
lp 18618 18641 18649 
ltec 18640 
ltec.o 18640 
ltv 18752 
lufkin 18587 
luxembourg 18599 18711 
lynch 18578 18663 18751 
lyng 18614 
m. 18611 
macdonald 18702 
macgregor 18599 
machines 18650 
made 18577 18579 18595 18603 18614 18638 18660 18709 18733 18745 18746 
mae 18578 
magazines 18709 
main 18604 18609 18642 
maintain 18609 18642 18683 18744 
maintained 18601 
maintaining 18695 18735 
maj 18721 
major 18578 18614 18621 18672 18674 18716 18721 18727 18731 18742 18752 
majority 18589 18597 18607 18609 18638 18642 18689 
majv.o 18721 
make 18579 18614 18621 18654 18660 18683 18685 18714 18744 18752 
makes 18603 18696 18752 
making 18585 18599 18603 18621 18660 18667 18672 18731 
malvern 18684 
management 18591 18605 18607 18614 18615 18663 18667 18679 18684 18695 18711 18714 18727 18735 
manager 18578 18580 18581 18582 18584 18586 18587 18690 18711 
manages 18609 18642 
managing 18588 18589 
manhattan 18672 18726 18745 
manipulate 18717 
manuevering 18614 
manufacture 18733 
manufactured 18733 
manufacturing 18663 18665 18672 18700 
marais 18730 
marathon 18747 
margarine 18637 18700 
margins 18597 18650 18688 
marine 18594 18599 18700 
mark 18621 18674 18731 
market 18577 18579 18588 18595 18600 18604 18607 18621 18625 18631 18650 18672 18674 18682 18688 18696 18724 18744 
marketing 18621 18679 18712 18722 18737 
markets 18578 18625 18668 18674 18677 18695 18727 18735 
marks 18731 
marshall 18672 18726 
martha 18674 
martin 18672 18731 
martinsville 18699 
mass. 18591 18648 
master 18618 
match 18621 
material 18691 
matloff 18621 
matrox 18715 
matter 18751 
matters 18714 
matthias 18731 
maturity 18582 
maurice 18733 
maximum 18744 
mayaguez 18694 
mccarthy 18720 
mcdonnell 18583 18659 
mcdy 18719 
mcdy.o 18719 
md 18583 18659 
md-11 18583 18659 
md. 18622 18641 
mdch.o 18648 
meals 18744 
means 18621 
meantime 18663 
measures 18625 18661 18662 18681 18731 18744 
mechanism 18661 18662 
medchem 18648 
media 18630 18709 18730 
medical 18634 18716 
medium 18625 
meet 18649 18745 
meeting 18592 18600 18604 18607 18615 18621 18624 18629 18660 18663 18681 18700 18714 18734 18745 18751 
meets 18592 
mehdi 18621 
member 18578 18598 
members 18604 18621 18652 18731 18745 
memorial 18722 
mercantile 18653 
merchant 18625 
merger 18605 18650 18652 18658 18663 18682 18685 
merrill 18578 
met 18592 18609 18642 18726 
met-coil 18725 18740 
method 18697 
methods 18686 
mets.o 18725 18740 
mich. 18691 
michael 18720 
microdyne 18719 
microelectronics 18729 
mid-day 18688 
midland 18594 
mildly 18604 
milesburg 18633 
militant 18661 18662 
milwaukee 18663 18751 
mine 18651 
minimal 18621 
mining 18663 
minister 18599 18609 18625 18642 18717 18731 
minitel 18712 
minn. 18650 18718 
minneapolis 18632 
minority 18599 
minus 18714 
mirror 18621 
mirrored 18672 
ml 18630 
mlmc.o 18630 
mm 18594 
mob 18739 
mobil 18739 
mobilise 18681 
modernise 18603 
modernising 18579 
modest 18674 
monetarist 18672 
monetary 18620 18674 18742 
money 18609 18642 18672 
money-fx 18625 18668 18674 18724 18750 
monitored 18695 18735 
monitors 18715 
monopolies 18609 18642 
month 18577 18597 18712 18714 18731 18745 18748 
monthly 18621 18697 
months 18591 18620 18621 18697 18733 18748 
montreal 18733 
moody 18578 18580 18581 18582 18584 18586 18587 18594 
morgan 18578 18581 18584 18593 18711 
morning 18577 18745 
mortgage 18584 18595 18641 18672 
mortgage-backed 18578 18683 
mortgages 18595 18683 
mose.o 18726 
moseley 18726 
motors 18679 18697 
move 18625 18660 18700 18746 
movement 18661 18662 
mr 18638 18717 
mr. 18638 18717 
mthly 18641 
mths 18602 18606 18646 18648 18699 18703 18719 
multi-local 18630 
multi-national 18625 
multi-phase 18691 
multiple 18688 18741 
multiyear 18684 
municipal 18578 18683 
mur 18736 
murphy 18706 18736 
mutual 18652 18683 
mvo 18637 18700 
mysterious 18578 
n't 18672 18688 18717 18733 
n.c. 18610 18647 
n.j. 18629 18635 18663 18687 18693 
n.y 18683 
n.y. 18608 18623 18696 18713 18723 18726 
n.z 18625 
na 18594 
nab.to 18702 
nabisco 18702 
named 18702 18730 
names 18702 
nat 18595 
nat-gas 18651 18739 
national 18595 18661 18662 18674 18733 
nations 18609 18642 18700 18744 
nationwide 18709 
natural 18651 18739 
neb. 18640 
needed 18609 18642 18695 18731 
negotiable 18604 
negotiating 18745 
negotiators 18614 
neighboring 18733 
nervous 18674 
nesbitt 18631 
net 18591 18602 18606 18610 18627 18646 18648 18651 18699 18703 18708 18713 18714 18718 18719 18721 18726 18732 18749 
netback 18621 
netherlands 18599 18604 18637 18681 18700 18734 
nettleton 18654 
network 18709 18712 
networks 18685 
new-zealand 18625 
newfoundland 18733 
newly 18583 18665 18696 
news 18597 18620 18625 18672 18709 18712 
newspaper 18709 
newspapers 18709 18730 
nigeria 18621 
night 18579 18695 18735 
nil 18719 
non-callable 18578 18580 18581 18582 18584 18586 18587 18711 
non-hearing 18682 
non-opec 18621 
non-recurring 18591 18679 
non-refundable 18580 18586 
nonetheless 18579 
nonstarter 18598 
norbert 18744 
norcross 18618 
normal 18595 
north 18589 18717 18739 
note 18591 18610 18617 18641 18646 18708 18718 18719 18721 18726 
noted 18652 18727 
notes 18578 18580 18581 18582 18586 18587 18632 18640 
notice 18640 
notified 18733 
notifying 18745 
november 18579 18583 18591 18660 
number 18616 18624 18629 18685 18726 
numbers 18672 
nuts 18611 
nwbl.l 18595 
nzdlr 18625 
o'keefe 18730 
oak 18686 
objectives 18744 
obligations 18638 
obtain 18650 
occurred 18729 
ocean 18722 
october 18583 18709 18752 
off-exchange 18695 18735 
offcer 18720 
offer 18578 18585 18630 18633 18635 18643 18660 18663 18683 18696 18722 18733 18751 
offered 18592 18593 18621 18652 18685 
offering 18578 18580 18581 18582 18584 18586 18587 18589 18593 18630 18633 18635 18652 18683 18733 
offerings 18652 
offers 18593 18652 18663 18676 18686 18712 18751 
office 18614 18682 18683 
officer 18596 18607 18658 18702 18720 18733 
officers 18607 18624 18684 
official 18604 18621 18690 18749 
officially 18733 
officials 18604 18745 
offset 18672 
offshore 18651 
ohio 18649 18697 18722 
oil 18621 18624 18637 18651 18655 18678 18680 18689 18692 18698 18701 18704 18705 18706 18707 18728 18736 18738 18744 18746 18747 
oil-rich 18621 
oils 18599 18637 18700 18744 
oilseeds 18744 
okla. 18589 
oklahoma 18605 18638 
oldsmobile 18737 
olin 18581 
olive 18744 
oln 18581 
ols 18696 
olson 18592 
olsten 18696 
omb 18614 
omni 18710 
one-quarter 18621 
one-stop 18683 
one-third 18589 18621 
one-year 18710 
ongoing 18684 18686 
ontario 18730 
opec 18621 
open 18609 18642 18700 
opened 18716 
opens 18716 
oper 18713 18719 
operates 18686 
operating 18579 18658 18685 18688 18702 18720 18726 
operation 18603 
operations 18628 18639 18650 18652 18679 18685 18688 18719 18721 
operators 18656 
opinion 18604 18726 
oppose 18592 18599 
opposed 18733 
opposing 18682 
opposition 18599 18614 18682 18731 
optical 18579 18679 
optimistic 18672 
option 18596 18629 18630 18710 18726 
options 18583 18585 18607 18659 18741 
order 18583 18659 18683 18687 
ordered 18583 18659 
ordinary 18637 18714 
organization 18604 18700 
organizations 18722 
orient 18745 
originally 18751 
orlando 18600 
oscala 18719 
osco 18716 
outdated 18604 
outlook 18672 
output 18621 18675 18742 
outright 18733 
outstanding 18589 18593 18607 18624 18632 18688 18714 18726 18731 
over-production 18609 18642 
over-the-counter 18577 
overallotment 18630 
overhaul 18621 
overhauls 18609 18642 
overhead 18685 
overnight 18724 
overseas 18625 18745 
oversubscribe 18635 
overvalued 18621 
owen 18672 
owned 18652 18658 18660 18689 18698 18729 
owner 18730 
ownership 18589 18592 18683 
owning 18578 18635 18726 
owns 18689 18709 18730 
oxygen 18691 
pa. 18612 18615 18619 18658 18684 
pacific 18692 18746 
package 18621 
pact 18614 18621 18638 18712 
page 18611 
paid 18579 18600 18731 
paint 18603 
palmer 18592 
panel 18671 18673 18715 
paper 18578 18594 18683 18727 
par 18578 
paradoxically 18625 
parent 18594 18658 
paribas 18677 
paris 18603 18656 18709 
park 18710 
part 18603 18609 18614 18621 18633 18642 18651 18686 18715 18744 
participants 18712 
participating 18745 
parties 18682 
partly 18621 18637 
partner 18590 
partners 18596 18731 
partnership 18596 18649 
partnerships 18634 
parts 18667 
party 18597 18682 18731 
passed 18578 18597 
past 18744 
paulo 18661 18662 
paving 18597 
pay 18597 18612 18613 18617 18618 18619 18621 18622 18623 18626 18633 18641 18647 18661 18662 18687 18688 18693 18694 18723 18725 18726 18740 
payable 18608 18611 18640 18649 18726 
paying 18711 18744 
payment 18600 18614 18650 18711 18726 
payments 18579 18601 18614 18650 18665 18724 18726 18748 
payout 18608 18617 18618 18622 18623 18641 18694 18740 
payphone 18579 
payrolls 18665 
pays 18601 18711 
pclb.o 18646 
pct-owned 18657 18702 
peabody 18587 18630 
peaked 18609 18642 18688 
pefco 18578 
pemberton 18631 
pending 18624 
pension 18595 
penw.o 18602 
penwest 18602 
per-share 18679 
percentage 18595 
perelman 18577 
perfectly 18578 
performance 18726 
period 18588 18616 18637 18674 18687 18703 18714 18724 18748 
periods 18610 18646 
permanently 18697 
permian 18707 
permission 18578 
permit 18714 
personal 18650 18664 18665 
persons 18635 
persuade 18604 
peseta 18745 
pessimistic 18604 
petro-canada 18657 18743 
petroleum 18657 18723 18728 18738 18746 
petroleums 18703 
peugeot 18603 
peup.pa 18603 
peviously 18663 
pg 18714 
pgy 18714 
phase 18657 
phasing-out 18598 
philadelphia 18619 
phillip 18596 
phillips 18672 18680 18738 
picinich 18578 
pictures 18591 
pie 18682 
piedmont 18682 
pierre 18730 
pilot 18712 
pilots 18592 
pittsburgh 18593 
pkps.o 18608 
plains 18623 
plainview 18723 
plan 18592 18597 18598 18615 18629 18650 18662 18687 18727 18744 
planned 18731 
plans 18598 18631 18663 18712 18751 18752 
plant 18609 18642 18697 
plants 18675 18697 18730 
plate 18752 
plc 18577 18579 18595 18600 18657 18667 18730 
pledge 18681 18734 
pledged 18681 18726 18731 18734 
plu 18714 
poc.to 18703 
poco 18703 
point 18604 18610 18621 18672 
points 18578 18581 18582 18584 18625 18688 18726 
polarized 18604 
police 18700 
policies 18625 18681 18734 
policy 18578 18598 18601 18625 18674 18695 18714 18744 
political 18731 
polled 18625 
pontiac 18697 
pooling 18591 
pools 18651 
poor 18578 18580 18581 18582 18584 18586 18587 18727 
popular 18614 
portfolio 18714 
portion 18614 18731 
portugal 18744 
pose 18621 
posing 18621 
position 18595 18604 18685 18733 
positions 18604 
positive 18592 18625 
positively 18625 
possession 18687 
possibility 18688 
possibly 18724 
post 18720 
post-general 18672 
posted 18680 18701 18709 18728 18736 18738 18746 
posting 18655 18698 18728 18736 
postings 18678 18689 18692 18704 18705 18706 18707 18736 18738 18743 18746 18747 
potato 18700 
potential 18650 
potentially 18672 
poughkeepsie 18608 
power 18633 18671 18673 18683 18733 
powered 18583 
powerful 18683 
powr.o 18633 
prairie 18650 
pre-election 18625 
pre-pay 18712 
pre-start 18657 
predecessors 18604 
predicted 18625 18649 
prefer 18604 
preference 18593 
preferred 18593 18594 18600 18629 
premium 18677 
prepared 18679 
present 18604 18714 18744 
presented 18609 18642 18688 18751 
presently 18607 
presents 18614 
presidency 18621 
president 18597 18598 18604 18607 18658 18661 18662 18679 18683 18684 18687 18702 18720 
press 18683 
pressure 18731 
pressures 18672 
pretax 18579 
prev 18721 
prevail 18614 
prevcent 18726 
prevent 18672 
previous 18590 18616 18625 18697 18727 
previously 18579 18628 18649 18650 18665 18710 18730 18749 18751 
price 18579 18596 18598 18609 18614 18621 18633 18642 18645 18646 18652 18658 18677 18688 18689 18738 18742 18744 18746 18752 
priced 18580 18581 18582 18584 18586 18587 18621 18711 
prices 18598 18609 18621 18631 18642 18680 18701 18728 18736 18738 18744 18746 18752 
pricing 18578 
primarily 18625 18689 18744 
primary 18588 18718 18727 
prime 18726 
prime-1 18594 
prince 18733 
princeton 18629 18635 18693 
principal 18605 18726 
principle 18654 18726 
principles 18598 
printing 18600 18709 18730 
prior 18610 18612 18613 18616 18617 18618 18619 18622 18623 18626 18641 18647 18693 18694 18723 18725 18740 
private 18578 18634 18681 18695 18729 
privately 18634 18638 18730 
privatisation 18579 
probable 18651 
problem 18672 18731 18744 
problems 18604 18621 18695 
procedures 18682 
proceeding 18657 
proceedings 18687 
proceeds 18593 18631 18633 18652 18679 18688 18726 
processing 18621 18700 
processors 18700 
produce 18651 18710 
produced 18637 18667 18744 
producer 18604 
producers 18604 18609 18621 18642 18744 
producing 18604 
product 18650 18674 18679 18733 
production 18598 18609 18621 18642 18672 18697 18744 
production-schedule 18697 
productivity 18672 
products 18621 18648 18683 18713 18744 18752 
profit 18588 18591 18601 18606 18628 18650 18709 18719 
profit-sharing 18579 
profitability 18679 
profitable 18688 
profits 18579 18688 18709 
program 18614 18661 18662 18676 18712 18729 
programs 18614 18616 18681 18722 
progress 18579 18638 
prohibited 18578 
project 18657 18712 
projected 18628 
projects 18729 
promising 18599 
proper 18628 
properties 18651 
property 18600 18667 
proportion 18621 
proposal 18604 18614 18624 18661 18662 18663 18688 18731 18744 
proposals 18599 18609 
propose 18604 
proposed 18597 18599 18621 18661 18662 18682 18700 18731 18744 18751 18752 
proposes 18596 18597 18661 18662 
proposing 18598 
prorated 18649 
prospects 18625 18672 
protect 18695 
protest 18661 18662 
prove 18578 18733 
proven 18651 
provide 18679 18722 18731 
provider 18684 
providing 18638 
provinces 18733 
provisioin 18726 
provision 18600 18601 
provisional 18748 
proviso 18604 
proxmire 18683 
prpeayment 18640 
prudent 18686 
prudential 18714 
prudential-bache 18714 
public 18578 18579 18589 18593 18630 18652 18682 18689 18731 18733 
publishes 18607 
publishing 18709 
puerto 18694 
purchase 18596 18630 18631 18633 18652 18686 18714 18726 
purchased 18590 18628 18635 18676 
purpose 18667 
purposes 18590 18633 18679 
pursue 18684 
push 18621 18625 
pushed 18672 
put 18697 18744 
putting 18688 
pzena 18688 
qatar 18621 
qltv 18752 
qtly 18612 18613 18617 18618 18619 18622 18623 18626 18647 18693 18694 18723 18725 18740 
qtr 18588 18591 18602 18606 18610 18627 18645 18646 18648 18699 18703 18708 18719 18732 
qualified 18650 
qualify 18628 
quality 18727 
quantities 18744 
quantity 18744 
quarter 18588 18591 18601 18621 18628 18640 18650 18679 18684 
quarterly 18601 18608 18612 18613 18621 18626 18640 18647 18649 18693 18714 18726 
quarters 18649 18684 
quebec 18671 18673 18715 18730 
quebec-owned 18733 
question 18621 
questioned 18625 
quix.o 18722 
quixote 18722 
quo 18604 
quota 18604 18621 
quotas 18604 
r-c 18590 
r. 18596 18702 
radio 18709 
raise 18621 18727 18731 18746 18752 
raised 18621 18689 18698 18705 18728 18738 18744 18746 
raises 18636 18655 18678 18680 18689 18692 18698 18701 18704 18706 18707 18728 18736 18738 18743 18746 18747 
raising 18580 18581 18582 18584 18586 18587 18738 
raleigh 18647 
range 18588 18679 18683 18716 
rank 18596 
rapidly 18672 18681 18683 
rapids 18725 18740 
rate 18595 18610 18625 18649 18661 18662 18665 18672 18674 18677 18697 18726 18731 
rated 18581 18582 18584 
rates 18580 18586 18587 18614 18625 18670 18672 18674 
rating 18578 
ratings 18594 
rc 18590 
re-allocated 18604 
re-allocating 18604 
re-exported 18744 
re-introducing 18604 
re-introduction 18604 
re-negotiation 18604 
reached 18597 18614 18672 
reaction 18672 18738 
reactions 18744 
read 18578 
reagan 18597 18598 18614 
real 18661 18662 
reality 18594 18683 
realized 18714 
reallowance 18578 18580 18581 18582 18584 18586 
reason 18672 
receipt 18726 18751 
receivable 18650 
receive 18658 18686 18687 
received 18578 18583 18634 18652 18659 18684 
receiving 18616 18663 
recent 18624 18638 18650 18672 18674 18727 18744 
recently 18652 
recommend 18696 
recommendation 18609 18642 18681 18734 
recommendations 18609 18642 
reconvened 18751 
record 18600 18608 18611 18612 18613 18617 18618 18619 18622 18623 18626 18635 18640 18641 18647 18649 18672 18709 18723 18725 18740 
recorded 18684 
recoverability 18628 
recovery 18669 18742 
redeem 18593 18632 
redeemable 18631 
reduce 18597 18598 18631 18714 18727 
reduced 18579 18697 18731 
reducing 18679 18685 
reduction 18595 18614 18624 18685 
reductions 18731 
reelection 18624 
reference 18621 18744 
referring 18667 
refined 18621 18744 
reflect 18591 18683 
reflected 18688 
reflecting 18579 
reflection 18594 
reflects 18594 
reform 18598 18609 18642 18683 18726 18731 
reforms 18609 18642 
reg 18725 
regard 18638 
regime 18744 
regular 18616 18661 18662 
regularly 18660 
regulation 18579 
regulations 18695 18735 
regulators 18695 
regulatory 18654 18658 18695 18735 18744 
reimbursement 18684 
reincorporation 18624 
reintroduce 18621 
rejected 18597 18609 18642 18733 
rejects 18597 18609 18642 18671 18673 18733 
related 18610 
relating 18638 
release 18625 18717 18726 
releases 18697 
reliable 18579 
relocate 18685 
reluctance 18621 
remain 18667 18672 18726 18731 18744 
remained 18637 18688 
remaining 18591 18689 18714 18726 18731 18751 
remains 18702 18717 
remarks 18609 18642 18679 
remove 18731 
renegotiation 18604 
renewed 18663 18751 
rent 18712 
rent-a-car 18589 
rental 18579 18589 
reord 18693 18694 
reorganization 18650 18687 
rep. 18614 
repay 18633 
repayment 18595 18620 18638 18726 
repayments 18745 
repeat 18717 
repeated 18577 
replaced 18672 
replaces 18632 
replacing 18702 
replied 18609 18642 
report 18588 18609 18628 18637 18642 18731 
reported 18590 18628 18650 18651 18665 18730 18749 
reporters 18674 
reporting 18579 18697 
reports 18607 
representatives 18653 
representing 18677 18745 
represents 18589 18695 
republican 18597 18614 
repurchase 18679 18724 18727 18750 
repurchases 18724 
reputation 18731 
request 18597 18656 18660 
requested 18682 
requests 18656 
required 18660 18684 18731 
requirement 18625 
requirements 18625 18628 18729 18744 
resaerch 18729 
rescheduling 18745 
rescind 18745 
rescinded 18638 
rescinds 18638 
research 18607 18695 18722 18729 18735 
research-cottrell 18590 
reserve 18578 18674 18683 18684 18724 
reserves 18594 18601 18610 18651 18672 18724 18749 
resigned 18611 18720 
resigns 18720 
resistance 18621 
resolution 18624 
resolved 18628 
resources 18585 18681 18726 18746 
respond 18585 
responding 18717 
response 18577 18640 
responsibilities 18720 
responsibility 18717 
responsible 18717 
rest 18621 18625 18633 
restated 18591 
restatement 18684 
restrained 18665 
restrictions 18578 18696 18714 
restructure 18603 18729 
restructuring 18729 
result 18579 18625 18628 18658 18679 
resulting 18726 18744 
results 18591 18650 18667 18684 18745 
resume 18720 
resumed 18681 
retail 18650 18686 
retain 18589 18651 18663 18714 
retirement 18665 
retractable 18631 
retreated 18688 
return 18598 18604 18727 
rev 18577 18660 
reveal 18604 
revealed 18604 
revenue 18578 18625 18714 18744 
revenues 18688 18715 
review 18595 18615 18686 18714 18733 
reviewed 18667 
reviewing 18615 18628 
reviews 18621 18714 
revised 18610 18665 18695 18735 
revision 18674 
revived 18621 18672 
revlon 18577 18643 18660 
revolving 18632 
revs 18591 18606 18627 18648 18699 18703 18708 18713 18718 18719 18721 18732 
rice 18609 18642 
richard 18614 18688 
richfield 18688 18739 
rico 18694 
rights 18628 18635 18696 
ripley 18626 
rise 18579 18597 18625 18637 18665 18672 18709 18744 
risen 18621 18637 
rises 18661 18662 18672 
rising 18620 18665 18672 
risk 18683 18695 18735 
risks 18650 18716 
rjr 18702 
road 18717 
roaster 18604 
roasters 18604 
robert 18588 18597 18695 18708 18735 
robin 18672 
rochester 18726 
rockville 18641 
roger 18625 
rome 18748 18749 
ronald 18577 
room 18681 
root.o 18638 
rooter 18638 
rose 18577 18579 18616 18637 18664 18665 18672 
ross 18628 
rotterdam 18637 
round 18724 
rowena 18672 
royal 18689 
rpt 18599 18604 
rubbish 18577 
ruled 18700 
rules 18614 18744 
ruling 18578 18672 18731 
rumors 18688 
rumours 18577 
running 18661 18662 
ryl 18622 
ryland 18622 
s.a. 18745 
s.and 18667 
s/p 18727 
sa 18603 
sachs 18652 18683 
sacrifices 18744 
saf 18742 
safeguards 18695 18735 
safety 18717 
salaries 18665 
sale 18596 18607 18634 18671 18673 18688 18714 18726 18751 
sales 18602 18610 18621 18628 18646 18650 18676 18697 18733 
sallie 18578 
salomon 18578 18581 18584 18588 18686 
salt 18634 
samples 18716 
samuel 18688 
san 18628 18646 
sandusky 18649 
sanford 18688 
sanger 18685 
sanwa 18745 
sao 18661 18662 
sarney 18661 18662 
saskatchewan 18651 
satellites 18729 
satisfactory 18624 
satisfy 18744 
saudi 18621 
saudi-arabia 18621 
save 18609 18614 18642 
saving 18614 
savings 18608 18614 18652 18658 18674 18686 18694 18720 
saxo.o 18624 
saxon 18624 
sb 18588 
scheduled 18583 18660 
scheme 18579 
schemes 18637 
school 18679 
schultz 18679 
sciences 18712 
scientific 18722 
scientists 18691 
scope 18731 
scrapped 18661 18662 
sct 18684 
sctc.o 18684 
sea 18739 
sears 18683 
season 18650 
seasonal 18621 
seasonally 18616 18665 18672 
sec 18628 18741 
secretary 18614 
sector 18609 18642 18681 18729 18744 
sectors 18625 18667 
secured 18578 18710 
securities 18578 18581 18582 18584 18589 18621 18628 18631 18634 18672 18683 18714 18724 
security 18679 18726 
seeking 18598 
seeks 18686 
sees 18588 18666 18674 18679 18709 
seger 18668 18669 18670 18674 
self-imposed 18745 
sell 18596 18607 18621 18672 18676 18679 18688 
selling 18578 18580 18581 18582 18584 18586 18621 18650 18688 18711 
sells 18578 18580 18582 18584 18587 18621 18634 18726 
seminars 18607 
senate 18597 18598 18614 18683 
senator 18598 
send 18614 
senior 18580 18586 18587 18594 18605 18614 18745 
sensitivity 18727 
separate 18658 18695 18729 18742 18745 
separately 18632 
separation 18683 
sept 18632 
september 18583 18604 18625 18632 
series 18579 18583 18659 
serve 18578 
served 18578 
service 18579 18585 18594 18712 18714 
services 18654 18667 18683 18722 
set 18579 18592 18677 18681 
setbacks 18742 
sets 18608 18611 18612 18613 18619 18624 18626 18647 18649 18693 18694 18723 18725 18740 18750 
settlement 18684 
seven-member 18745 
seven-year 18584 
shamrock 18701 
share 18585 18588 18590 18591 18593 18600 18601 18607 18608 18625 18628 18630 18631 18635 18638 18640 18643 18644 18649 18652 18658 18660 18666 18677 18679 18696 18714 18721 18726 18731 
share-for-share 18696 
shareholder 18585 18635 18686 
shareholders 18629 18650 18658 18689 18709 18714 18751 
shareholdrs 18696 
sharehoplder 18605 
shares 18577 18579 18585 18589 18590 18596 18600 18604 18605 18607 18624 18629 18630 18633 18635 18640 18650 18652 18660 18687 18688 18696 18726 
sharp 18709 18742 
sharply 18577 
shc 18689 
shearson 18630 18652 18658 
sheet 18628 18727 
shell 18655 18689 
shifts 18697 
shipments 18752 
shop 18603 
shopping 18683 
short 18637 
short-term 18594 18631 18633 18710 
shortcomings 18731 
shortly 18663 
show 18637 18748 
showed 18672 18744 18748 
showing 18650 18668 
shows 18637 18669 18672 
shr 18591 18602 18606 18610 18627 18645 18646 18648 18699 18703 18708 18713 18718 18719 18721 18732 
shrank 18621 
shrs 18591 18602 18646 18699 18708 18718 18732 
sicotte 18733 
side 18604 
sign 18672 
signal 18614 18672 
signals 18621 
signed 18658 18684 18687 18722 
significant 18614 18679 18681 18696 18731 
signs 18668 18674 
similar 18614 18679 18746 
similarly 18738 
simply 18604 
simultaneous 18652 
single 18585 18604 18695 
singling-out 18614 
sir 18577 18579 
six-month-old 18621 
size 18631 
skeoch 18672 
slaughter 18653 
slc 18728 
slifka 18590 
slightly 18621 
slow 18727 
slow-selling 18697 
small 18609 18642 
smaller 18688 18731 
smith 18688 
so-called 18742 
sochaux 18603 
societe 18730 
societies 18672 
society 18679 
soft 18609 18642 
software 18591 18650 
sold 18607 18621 18629 18650 18660 18667 18686 
sole 18580 18582 18586 
solicit 18686 
solution 18604 18695 
solving 18744 
son 18717 
sons 18589 
sorg 18585 
sought 18614 18688 
sour 18689 18728 18736 18738 
source 18614 18714 
sources 18604 18614 18656 
south 18663 18751 
south-east 18609 18642 
southern 18717 
southland 18705 18728 
soy 18744 
soybeans 18744 
spa 18651 
spain 18744 18745 
span 18597 
spanish 18745 
speak 18592 
speaker 18597 
special 18600 18615 
specific 18667 18722 
speculated 18688 
speculation 18577 18621 
speech 18674 
speed 18731 
spend 18597 
spending 18579 18597 18614 18664 18731 
spin-off 18688 
spinning 18688 
split 18636 18640 
spokesman 18577 18578 18592 18595 18689 18731 18733 18744 18752 
spokeswoman 18661 18662 18733 
sponsors 18607 
spot 18621 
spread 18578 18580 18581 18582 18584 18586 18620 18683 
spring 18733 
sr 18585 
src 18585 
srg 18585 
st. 18732 
stabilise 18744 
stabilising 18744 
stability 18604 18668 18674 
stable 18670 
staff 18685 
stage 18681 
stagnating 18609 18642 
stake 18577 18590 18688 
stalemated 18597 
stance 18614 
stand 18579 18614 
standard 18578 18580 18581 18582 18584 18586 18587 18727 
standstill 18660 18744 
stanley 18581 18584 18593 
staple 18609 18642 
start 18657 
started 18724 18736 
starting 18604 
starts 18630 
state 18614 18616 18624 18672 18717 
state-owned 18579 18657 18709 
statement 18625 18660 18681 18688 18717 18724 18734 
statements 18625 18628 18650 18682 
states 18621 18683 18717 18733 
static 18637 
station 18709 
status 18604 18687 
stay 18578 18667 
steady 18637 
steel 18752 
steelmaking 18752 
steep 18588 
steeply 18700 
steering 18745 
step 18686 18695 18731 
stephen 18596 
stepped-up 18679 
steps 18667 18681 18731 18734 18741 
sterling 18672 
stg 18579 18667 18672 
sticking 18604 
stimulate 18731 
stock 18588 18589 18592 18593 18594 18596 18600 18607 18611 18624 18629 18631 18638 18640 18652 18660 18663 18679 18688 18690 18696 18726 
stockholders 18589 18607 18624 18663 18714 
stood 18577 
stop 18650 
storage 18679 
store 18683 
stores 18685 18716 
story 18577 
strategic 18609 18615 18642 
strategy 18667 
street 18577 
strength 18672 
strengthen 18667 
strike 18661 18662 
strikes 18579 
strong 18599 18614 18672 18727 
structural 18742 
structure 18621 
structured 18658 
structuring 18663 
studies 18709 
study 18729 18733 18752 
studying 18752 
sub-committee 18745 
subcommittee 18614 18745 
subdued 18672 
subject 18577 18651 18654 18696 18726 
submit 18682 
subordinated 18580 18581 18586 18587 18594 18605 18632 18640 
subscription 18652 
subsequently 18660 
subsidiary 18592 18632 18651 18722 18728 18751 
subsidies 18598 18609 18642 18731 
subsidized 18676 
subsidy 18665 18731 
subsisides 18609 
substantial 18628 
substantially 18682 18714 
suburbs 18717 
successful 18604 
suffered 18599 18742 
suffering 18697 
sufficient 18601 
sugar 18609 18642 
suggested 18614 
suitor 18663 
suits 18684 
sullivan 18606 18607 
summer 18737 
sun 18736 18738 18739 18746 
sunbirds 18697 
sunpoint 18652 
superconducting 18691 
superconductivity 18691 
supply 18659 18672 18715 18724 18733 
support 18609 18614 18642 18727 
supported 18672 18683 
supporting 18681 18682 18734 
surplus 18625 18733 18744 18748 
surprised 18625 
surrender 18650 
suspended 18604 
sustainable 18625 
sweeping 18609 18642 
sweet 18678 18689 18698 18728 18736 18743 
swell 18724 
swelling 18672 
swift 18731 
swing 18604 18679 
sy 18726 
syke.o 18726 
sykes 18726 
sympathy 18717 
syndicate 18578 
system 18589 18598 18672 18679 18683 18697 18715 18724 18744 
systems 18591 18618 18650 18684 18715 18722 18725 18740 
systems/computer 18684 
takeover 18585 18592 18600 18667 18730 
takes 18674 18741 
talking 18663 
talks 18638 18663 18745 
tanghe 18744 
target 18621 18731 
targets 18609 18614 18642 
tariffs 18579 18700 18744 
task 18695 
tax 18579 18597 18599 18610 18624 18651 18679 18700 18714 18718 18721 18724 18726 18731 18744 
taxation 18579 18625 
taxes 18597 18731 
technical 18729 
technicians 18716 
technologies 18587 18617 
technology 18684 18729 
tek 18727 
tektronix 18727 
tele 18596 
tele.o 18596 
telecom 18579 18640 
telecommunications 18579 18636 18640 
telegraph 18730 
telephone 18579 
television 18709 18717 
temperature 18691 
temple 18684 
temporary 18599 
ten-year 18603 
tender 18656 18696 
tenders 18625 
term 18625 18672 18710 18745 
terminals 18712 
terminated 18585 
terminating 18687 
termination 18650 
terms 18596 18631 18638 18654 18663 18745 
territory 18651 
terrorist 18717 
test 18578 18579 18580 18581 18582 18583 18584 18585 18586 18587 18588 18589 18590 18591 18592 18593 18594 18595 18596 18597 18598 18599 18600 18601 18602 18603 18604 18605 18606 18607 18608 18609 18610 18611 18612 18613 18614 18615 18616 18617 18618 18619 18620 18621 18622 18623 18624 18625 18626 18627 18628 18629 18630 18631 18632 18633 18634 18635 18636 18637 18638 18639 18640 18641 18642 18643 18644 18645 18646 18647 18648 18649 18650 18651 18652 18653 18654 18655 18656 18657 18658 18659 18660 18661 18662 18663 18664 18665 18666 18667 18668 18669 18670 18671 18672 18673 18674 18675 18676 18677 18678 18679 18680 18681 18682 18683 18684 18685 18686 18687 18688 18689 18690 18691 18692 18693 18694 18695 18696 18697 18698 18699 18700 18701 18702 18703 18704 18705 18706 18707 18708 18709 18710 18711 18712 18713 18714 18715 18716 18717 18718 18719 18720 18721 18722 18723 18724 18725 18726 18727 18728 18729 18730 18731 18732 18733 18734 18735 18736 18737 18738 18739 18740 18741 18742 18743 18744 18745 18746 18747 18748 18749 18750 18751 18752 
testing 18716 
texas 18624 18654 18728 18729 18736 18738 18746 
tf-1 18709 
tha 18733 
thai 18583 18659 
thailand 18583 
theodore 18607 
things 18624 
thomson 18631 
thought 18577 18688 
thousands 18592 
threat 18700 
thrift 18670 
thrifts 18683 
thrifty 18589 
tightening 18614 
time 18578 18616 18660 18663 18686 18696 18714 
timely 18628 
times 18688 
timetable 18672 
timing 18631 
today 18588 18590 18599 18604 18609 18620 18642 18653 18656 18662 18663 18672 18677 18688 18689 18698 18712 18717 18724 18733 18746 
tokyo 18731 
told 18588 18590 18597 18599 18604 18614 18661 18662 18674 18679 18683 18695 18709 18714 18733 18735 18744 
tomorrow 18625 
ton 18752 
tonne 18744 
tonnes 18637 18690 
top 18579 
top-flight 18578 18582 
torecommend 18607 
toronto 18702 18730 
total 18579 18614 18620 18621 18637 18681 18710 18715 18727 18731 18734 
totaled 18616 
totaling 18679 
totalled 18749 
totalling 18628 
touch 18715 
touche 18628 
tpi 18596 
trade 18578 18604 18609 18620 18642 18656 18661 18662 18681 18700 18744 18748 
traded 18577 
trademark 18628 
trader 18604 
traders 18604 18621 18653 
trading 18588 18625 18650 18695 18696 18735 18741 
traditional 18625 18683 
trainor 18687 
transaction 18658 18679 
transfer 18696 
transferable 18635 
transmission 18651 
transportation 18682 
trasaction 18726 
treasury 18578 18581 18582 18584 18724 
treatment 18628 
treaty 18700 
trend 18672 18736 
trigger 18661 18662 18672 
trijets 18583 
trillion 18597 
troubled 18594 
troy 18691 
trust 18578 18710 18745 
ttx 18699 
tuesday 18745 
tulsa 18589 
tultex 18699 
turkey 18676 
turnover 18709 
twelve- 18646 
two-for-one 18636 18640 
two-price 18598 
two-thirds 18589 
two-year 18632 18687 
type 18688 
type= 18636 18639 18643 18644 18645 18655 18664 18666 18668 18669 18670 18671 18673 18675 18678 18680 18690 18692 18701 18704 18705 18706 18707 18737 18741 18743 18747 18750 
u.k 18579 18672 
u.k. 18577 18672 
u.s 18578 18597 18604 18614 18616 18664 18665 18676 18682 18717 18746 
u.s. 18577 18578 18598 18604 18614 18625 18650 18669 18670 18674 18697 18712 18715 18729 18731 18733 
u.s.-led 18731 
uae 18620 
uganda 18742 
ujb 18693 
uk 18577 18579 18595 18599 18621 18667 18672 18677 18711 18745 
ultimately 18614 
un.as 18577 
unable 18628 
unacceptable 18744 18745 
unaffected 18744 
unaffiliated 18638 
uncertainty 18628 18650 
unchanged 18590 18604 18744 18749 
unclear 18717 
uncompetitive 18621 
uncompetitively 18621 
unconditional 18717 
undergone 18744 
underlying 18672 
underway 18630 
underwrite 18578 
underwriter 18589 
underwriters 18630 18631 18633 
underwriting 18578 18683 18711 
underwritten 18593 18652 
undisclosed 18654 
undue 18695 18735 
unemployment 18616 18672 
unfair 18614 
unfeasible 18685 
unhappy 18621 
unilever 18577 
unimedia 18730 
union 18592 18661 18662 18692 18746 
unions 18661 18662 
unit 18582 18594 18631 18632 18658 18672 18685 18688 18712 18716 18722 18728 18730 18749 18752 
united 18592 18620 18638 18693 18700 18717 
units 18631 18697 18737 18744 
unity 18621 
university 18684 
unp 18746 
unrealistic 18597 18731 
unresolved 18628 
unsold 18726 
unsolicited 18660 
unsuccessful 18577 18650 18709 
unwilling 18604 
uopn 18658 
up-and-running 18609 18642 
upset 18672 
upward 18674 
uranium 18651 
urged 18682 
urges 18683 18695 18735 
usage 18637 
usair 18682 
usayran 18717 
users 18712 
uss 18752 
usx 18593 18752 
utilities 18579 
utility 18733 
utter 18577 
va. 18699 
vaalian 18748 
values 18621 
valuing 18688 
vancouver 18631 18651 
vandalise 18579 
vandalism 18579 
varied 18625 
vary 18621 
varying 18604 
varzi 18621 
vat 18731 
veg 18700 
veg-oil 18599 18700 18744 
vegas 18721 
vegetable 18599 18700 
venture 18729 
versus 18653 
vht 18710 
vice-chairman 18702 
victims 18717 
video 18721 
videodisc 18715 
videotex 18712 
vienna 18621 
view 18604 18609 18642 
viewed 18625 18731 
vigorous 18731 
visit 18598 
vms 18710 
voicing 18682 
volatile 18609 18642 
volatility 18727 
voluntarily 18650 
vote 18600 18696 
voted 18640 
votes 18636 18640 18696 
w. 18667 
w.va. 18626 
wacoal 18677 
wage 18672 
wages 18661 18662 18665 
wall 18577 
walter 18683 
wam 18620 
warrant 18631 18677 
warrants 18631 
wash. 18602 
washington 18597 18598 18601 18614 18616 18665 18674 18676 18682 18683 18712 18717 18731 18742 
waste 18609 18642 
waterbury 18613 
ways 18683 
weak 18609 18642 18727 
weakness 18669 
week 18597 18604 18616 18621 18653 18663 18672 
weekly 18656 18697 18709 
weeks 18578 18674 
weinberg 18683 
well-being 18717 
wellington 18625 
wells 18657 
wells-gardner 18715 
west 18595 18599 18682 18728 18731 18736 18738 18746 
west-germany 18599 18604 18731 
westbury 18696 
westcoast 18651 
western 18638 18651 18652 18663 18694 18751 
westminster 18595 
westwood 18591 
wfpr 18694 
wga 18715 
wheat 18614 
whelan 18672 
white 18623 
wholly 18658 
wide 18597 18700 
widely 18625 
wildcat 18739 
william 18592 18683 18696 
willoughby 18631 
win 18672 
wis. 18663 18751 
wisc 18697 
wissmann 18731 
withdrawn 18585 18663 
withdrew 18660 
wo 18717 
wod 18612 18615 
wolf 18657 
won 18652 
woodstream 18612 18615 
work 18579 18603 18729 
worked 18597 
workers 18661 18662 18675 18697 
workforce 18609 18642 18672 
works 18603 
world 18598 18604 18609 18642 18681 18711 18731 18734 18742 
worried 18672 
worries 18672 
worsened 18742 
worth 18583 18652 18659 18685 18688 18731 18733 
wright 18597 
wriston 18683 
write-off 18591 
written 18609 18642 
wrong 18614 
wtc 18651 
wti 18680 18692 18701 18704 18705 18706 18707 18738 18747 
wts 18738 
wwbc.o 18601 
year-ago 18588 
year-end 18578 18601 
years 18579 18580 18584 18586 18587 18604 18614 18620 18679 18727 18742 
yen 18674 18677 
yesterday 18579 18588 18596 18614 18635 18650 18672 18680 18688 18692 18701 18704 18706 18724 18736 18738 18746 18751 18752 
yield 18578 18581 18582 18584 18586 18710 18714 18717 
yielding 18580 18581 18582 18584 18586 18587 
york 18578 18580 18581 18582 18583 18584 18585 18586 18587 18588 18590 18594 18596 18606 18607 18611 18627 18630 18659 18679 18683 18688 18689 18698 18708 18710 18712 18714 18724 18726 18727 18728 18736 18738 18739 18746 18752 
yttrium 18691 
yukon 18651 
zealand 18625 
zinc 18631 
