'll 17721 
're 17713 17721 17760 17806 17862 
've 17760 17778 17862 
*** 17727 
****** 17698 17702 17722 17733 17741 17742 17757 17762 17764 17767 17792 17794 17807 17815 17819 17824 17840 17842 17845 
-4 17753 
-4th 17703 
-ac 17749 
-acqui 17728 
-agrees 17857 
-c 17782 17855 
-chicken 17789 
-co 17719 
-expan 17804 
-ext 17704 
-fil 17800 
-filing 17778 
-fo 17854 
-ge 17725 
-gets-contr 17799 
-gets-mcdon 17735 
-gets-perm 17718 
-gets-r 17739 
-has 17852 
-makes 17858 
-masco-se 17787 
-may-car 17828 
-may-car-outp 17832 
-may-car-outpu 17831 
-nam 17705 
-new-jer 17744 
-op 17736 
-picks 17765 
-r 17717 
-re 17826 
-says-it-is 17843 
-seeks-b 17810 
-seen-reje 17812 
-sees 17715 17783 17805 17836 
-sell 17827 
-to-acq 17743 
-to-get 17798 
-to-negotia 17829 
-to-redee 17772 
-to-repur 17801 
-to-sell 17809 
-unit-co 17853 
-unit-open 17797 
-unit-wi 17737 
-year 17795 
/author 17700 17707 17721 17779 17839 17849 17862 
0007 17845 
0011 17698 17702 17762 
0012 17742 17824 17840 
0013 17741 17764 17807 17815 17842 
0014 17727 17733 17792 17794 17819 
0015 17722 17757 17767 
0024 17717 
0030 17811 
0031 17751 17834 
0038 17726 
0039 17826 17847 
0040 17801 
0041 17712 17828 
0042 17705 17736 17753 
0043 17769 17802 17832 
0044 17773 17787 17853 
0045 17739 
0048 17709 17749 
0049 17835 
0050 17740 17808 17838 
0051 17715 17798 17831 17848 
0053 17728 
0054 17699 
0055 17718 17799 
0056 17752 17761 
0057 17719 17729 17765 17789 
0058 17710 17788 
0061 17795 
0062 17758 17857 
0063 17703 17851 
0065 17725 17836 
0067 17738 17825 
0068 17821 
0070 17790 
0071 17706 17786 17858 
0072 17720 
0073 17746 17822 
0074 17737 17743 
0075 17827 
0077 17800 17804 
0078 17812 17854 
0079 17723 17732 17735 17846 17861 
0080 17704 17810 17852 
0082 17750 
0084 17791 
0085 17770 
0086 17754 
0087 17730 
0088 17782 17785 
0089 17859 
0091 17862 
0092 17701 
0093 17744 17777 17839 
0094 17779 
0095 17700 17814 
0096 17713 
0097 17833 
0099 17711 17748 17781 17829 
0100 17747 17768 17844 
0101 17716 17763 17855 
0102 17734 17809 17849 17856 
0103 17745 17796 17843 
0104 17766 17830 17841 
0106 17771 17772 17774 17784 17816 17823 
0107 17760 17797 
0108 17707 17721 17759 17775 17778 
0109 17780 17813 17850 
0110 17708 17776 17817 17820 
0111 17860 
0112 17793 17837 
0114 17755 
0115 17724 
0116 17731 17818 
0118 17806 
0129 17756 
0135 17783 
0139 17714 17805 
0146 17803 
06-01 17698 17699 17700 17701 17702 17703 17704 17705 17706 17707 17708 17709 17710 17711 17712 17713 17714 17715 17716 17717 17718 17719 17720 17721 17722 17723 17724 17725 17726 17727 17728 17729 17730 17731 17732 17733 17734 17735 17736 17737 17738 17739 17740 17741 17742 17743 17744 17745 17746 17747 17748 17749 17750 17751 17752 17753 17754 17755 17756 17757 17758 17759 17760 17761 17762 17763 17764 17765 17766 17767 17768 17769 17770 17771 17772 17773 17774 17775 17776 17777 17778 17779 17780 17781 17782 17783 17784 17785 17786 17787 17788 17789 17790 17791 17792 17793 17794 17795 17796 17797 17798 17799 17800 17801 17802 17803 17804 17805 17806 17807 17808 17809 17810 17811 17812 17813 17814 17815 17816 17817 17818 17819 17820 17821 17822 17823 17824 17825 17826 17827 17828 17829 17830 17831 17832 17833 17834 17835 17836 17837 17838 17839 17840 17841 17842 17843 17844 17845 17846 17847 17848 17849 17850 17851 17852 17853 17854 17855 17856 17857 17858 17859 17860 17861 17862 
1,000 17772 
1,043,000 17795 
1,119,000 17795 
1,123,000 17791 
1,159,400 17784 
1,177,000 17788 
1,199 17734 
1,225,000 17795 
1,271 17707 
1,299 17734 
1,500,000 17735 
1,562.87 17707 
1,569.46 17707 
1,594,009 17712 
1,600 17707 
1,623,000 17725 
1,727,200 17784 
1,750,000 17774 
1,778,000 17788 
1,796,000 17791 
1,808,700 17777 
1,935 17707 
1,957,745 17712 
1,990,300 17848 
1-1/2 17760 
1-3/8 17778 
1-jun-1987 17699 17700 17701 17702 17703 17704 17705 17706 17707 17708 17709 17710 17711 17712 17713 17714 17715 17716 17717 17718 17719 17720 17721 17722 17723 17724 17725 17726 17727 17728 17729 17730 17731 17732 17733 17734 17735 17736 17737 17738 17739 17740 17741 17742 17743 17744 17745 17746 17747 17748 17749 17750 17751 17752 17753 17754 17755 17756 17757 17758 17759 17760 17761 17762 17763 17764 17765 17766 17767 17768 17769 17770 17771 17772 17773 17774 17775 17776 17777 17778 17779 17780 17781 17782 17783 17784 17785 17786 17787 17788 17789 17790 17791 17792 17793 17794 17795 17796 17797 17798 17799 17800 17801 17802 17803 17804 17805 17806 17807 17808 17809 17810 17811 17812 17813 17814 17815 17816 17817 17818 17819 17820 17821 17822 17823 17824 17825 17826 17827 17828 17829 17830 17831 17832 17833 17834 17835 17836 17837 17838 17839 17840 17841 17842 17843 17844 17845 17846 17847 17848 17849 17850 17851 17852 17853 17854 17855 17856 17857 17858 17859 17860 17861 17862 
1.01 17700 
1.05 17700 
1.1 17709 
1.13 17848 
1.2 17793 
1.20 17812 
1.3 17846 17861 
1.4 17849 
1.40 17812 
1.45 17700 17723 
1.47 17708 
1.5 17766 17808 17849 
1.50 17708 
1.54 17791 
1.6 17754 17756 17778 17846 
1.70 17708 17812 
1.8 17818 17846 
1.80 17846 
1.84375 17856 
1.85 17856 
1.90 17812 
1/4 17704 
10,350 17731 
10-day 17707 
10.8 17802 
100,000 17707 17714 
104.1 17808 
106.525 17772 
108,595 17819 17828 
108.8 17713 
11,550,000 17763 
11.4 17753 
11.7 17712 
11.8 17751 
110,000 17783 17805 
112.8 17808 
113,000 17753 
12,550,000 17763 
12-inch 17813 
12-year 17730 
12.1 17796 
12.33 17837 
12.5 17839 
12.8 17819 17828 
12.88 17772 
120-bed 17740 
13,000 17707 
13,550,000 17763 
13-1/2 17760 
13.3 17773 17837 
13.4 17751 
13.6 17716 
1300 17859 
1347 17859 
13th 17750 
14.1 17768 
14.7 17773 
14.8 17788 
140,696 17832 
141.5 17700 
147,638 17832 
14:04:15.25 17699 
14:06:52.55 17700 
14:14:19.18 17701 
14:14:55.58 17702 
14:17:04.97 17703 
14:22:28.05 17704 
14:22:43.92 17705 
14:23:43.75 17706 
14:24:37.28 17707 
14:25:22.01 17708 
14:26:07.09 17709 
14:28:10.91 17710 
14:28:26.71 17711 
14:28:31.12 17712 
14:28:42.83 17713 
14:28:57.78 17714 
14:29:25.72 17715 
14:29:40.10 17716 
14:29:44.26 17717 
14:30:05.21 17718 
14:30:11.67 17719 
14:30:17.68 17720 
14:30:52.51 17721 
14:32:03.53 17722 
14:33:33.18 17723 
14:37:33.36 17724 
14:38:44.24 17725 
14:39:13.46 17726 
14:39:30.94 17727 
14:39:41.22 17728 
14:39:58.65 17729 
14:41:56.05 17730 
14:46:10.74 17731 
14:47:54.39 17732 
14:49:00.20 17733 
14:50:18.24 17734 
14:51:19.91 17735 
14:52:17.26 17736 
14:59:13.88 17737 
14:59:23.27 17738 
14:59:44.64 17739 
14:59:50.00 17740 
15,187 17722 
15-1/2 17858 
150,000 17707 17767 17769 
150,752 17831 17838 
158,444 17831 17838 
15:00:40.38 17741 
15:00:48.13 17742 
15:01:50.78 17743 
15:01:59.67 17744 
15:02:18.90 17745 
15:02:46.29 17746 
15:03:11.85 17747 
15:03:19.66 17748 
15:03:26.51 17749 
15:04:24.68 17750 
15:05:10.36 17751 
15:05:15.19 17752 
15:05:20.62 17753 
15:12:30.59 17754 
15:19:06.67 17755 
15:19:30.74 17756 
15:19:58.13 17757 
15:25:11.24 17758 
15:25:19.40 17759 
15:26:25.40 17760 
15:27:00.15 17761 
15:29:27.09 17762 
15:31:01.76 17763 
15:31:30.97 17764 
15:32:24.41 17765 
15:32:32.04 17766 
15:33:09.66 17767 
15:33:45.47 17768 
15:36:08.46 17769 
15:37:39.38 17770 
15:39:16.49 17771 
15:44:31.60 17772 
15:44:43.22 17773 
15:46:15.27 17774 
15:48:06.12 17775 
15:53:17.74 17776 
16,000 17806 
16.1 17745 
16:02:28.74 17777 
16:06:03.22 17778 
16:06:38.25 17779 
16:08:12.97 17780 
16:11:00.35 17781 
16:14:08.68 17782 
16:14:39.33 17783 
16:16:24.25 17784 
16:16:57.46 17785 
16:18:54.74 17786 
16:19:37.52 17787 
16:21:03.56 17788 
16:21:11.65 17789 
16:21:18.83 17790 
16:21:47.93 17791 
16:22:28.10 17792 
16:22:42.79 17793 
16:23:12.47 17794 
16:23:19.73 17795 
16:23:29.08 17796 
16:23:41.45 17797 
16:24:28.54 17798 
16:24:49.19 17799 
16:25:18.51 17800 
16:26:03.13 17801 
16:26:23.77 17802 
16:27:08.93 17803 
16:29:21.63 17804 
16:30:12.09 17805 
16:32:08.07 17806 
16:32:48.30 17807 
16:34:12.74 17808 
16:36:35.17 17809 
16:36:58.12 17810 
16:37:10.24 17811 
16:40:11.27 17812 
16:41:36.49 17813 
16:43:14.79 17814 
16:43:55.74 17815 
16:44:05.56 17816 
16:44:33.61 17817 
16:44:54.78 17818 
16:46:21.32 17819 
16:54:59.14 17820 
16:55:52.54 17821 
16:56:00.71 17822 
16:57:01.23 17823 
16:57:21.75 17824 
16:58:13.86 17825 
16:58:17.70 17826 
16:58:51.31 17827 
17.0 17700 
17.5 17752 
17.50 17760 
176.7 17841 
17699 17699 
17700 17700 
17701 17701 
17702 17702 
17703 17703 
17704 17704 
17705 17705 
17706 17706 
17707 17707 
17708 17708 
17709 17709 
17710 17710 
17711 17711 
17712 17712 
17713 17713 
17714 17714 
17715 17715 
17716 17716 
17717 17717 
17718 17718 
17719 17719 
17720 17720 
17721 17721 
17722 17722 
17723 17723 
17724 17724 
17725 17725 
17726 17726 
17727 17727 
17728 17728 
17729 17729 
17730 17730 
17731 17731 
17732 17732 
17733 17733 
17734 17734 
17735 17735 
17736 17736 
17737 17737 
17738 17738 
17739 17739 
17740 17740 
17741 17741 
17742 17742 
17743 17743 
17744 17744 
17745 17745 
17746 17746 
17747 17747 
17748 17748 
17749 17749 
17750 17750 
17751 17751 
17752 17752 
17753 17753 
17754 17754 
17755 17755 
17756 17756 
17757 17757 
17758 17758 
17759 17759 
17760 17760 
17761 17761 
17762 17762 
17763 17763 
17764 17764 
17765 17765 
17766 17766 
17767 17767 
17768 17768 
17769 17769 
17770 17770 
17771 17771 
17772 17772 
17773 17773 
17774 17774 
17775 17775 
17776 17776 
17777 17777 
17778 17778 
17779 17779 
17780 17780 
17781 17781 
17782 17782 
17783 17783 
17784 17784 
17785 17785 
17786 17786 
17787 17787 
17788 17788 
17789 17789 
17790 17790 
17791 17791 
17792 17792 
17793 17793 
17794 17794 
17795 17795 
17796 17796 
17797 17797 
17798 17798 
17799 17799 
17800 17800 
17801 17801 
17802 17802 
17803 17803 
17804 17804 
17805 17805 
17806 17806 
17807 17807 
17808 17808 
17809 17809 
17810 17810 
17811 17811 
17812 17812 
17813 17813 
17814 17814 
17815 17815 
17816 17816 
17817 17817 
17818 17818 
17819 17819 
17820 17820 
17821 17821 
17822 17822 
17823 17823 
17824 17824 
17825 17825 
17826 17826 
17827 17827 
17828 17828 
17829 17829 
17830 17830 
17831 17831 
17832 17832 
17833 17833 
17834 17834 
17835 17835 
17836 17836 
17837 17837 
17838 17838 
17839 17839 
17840 17840 
17841 17841 
17842 17842 
17843 17843 
17844 17844 
17845 17845 
17846 17846 
17847 17847 
17848 17848 
17849 17849 
17850 17850 
17851 17851 
17852 17852 
17853 17853 
17854 17854 
17855 17855 
17856 17856 
17857 17857 
17858 17858 
17859 17859 
17860 17860 
17861 17861 
17862 17862 
17863 17863 
17:04:24.17 17828 
17:05:31.57 17829 
17:06:35.43 17830 
17:07:47.73 17831 
17:08:09.23 17832 
17:10:30.97 17833 
17:10:48.84 17834 
17:10:54.09 17835 
17:11:06.64 17836 
17:12:27.93 17837 
17:12:43.34 17838 
17:13:31.62 17839 
17:14:38.47 17840 
17:17:47.95 17841 
17:19:13.58 17842 
17:22:37.09 17843 
17:23:41.22 17844 
17:30:50.21 17845 
17:37:27.21 17846 
17:38:20.01 17847 
17:38:45.35 17848 
17:46:32.84 17849 
17:50:09.24 17850 
17:53:42.91 17851 
17:54:13.74 17852 
17:54:25.08 17853 
17:54:51.10 17854 
17:57:44.72 17855 
17:59:06.72 17856 
18.5 17700 
183,893 17811 
18:10:23.46 17857 
18:16:32.31 17858 
18:16:43.90 17859 
18:18:22.90 17860 
18:23:07.89 17861 
18:28:03.70 17862 
19.6 17773 
19.60 17771 
19.9 17773 
1928 17862 
1930 17823 
1970s 17779 
1973-74 17780 
1974 17862 
1977 17708 17724 
1978 17724 17760 
1978-2 17816 
1979 17816 
1980 17708 
1981 17700 17816 
1981-82 17708 
1982 17700 17708 17862 
1983 17700 17721 
1984 17700 17760 17779 
1985 17731 17780 17839 17849 
1986 17700 17713 17716 17723 17731 17745 17775 17782 17783 17795 17805 17809 17839 17846 17861 17862 
1987 17700 17715 17716 17731 17745 17791 17795 17812 
1987-88 17759 
1987/88 17769 
1987/88-usda 17767 
1988 17700 17781 17812 
1989 17806 
1990 17797 
1991 17856 
1994 17730 
1999 17730 17858 
1st 17712 17751 17808 17811 17834 
2,025,850 17777 
2,165,000 17788 
2,484,100 17848 
2,498,300 17848 
2,500 17817 17820 
2,501,000 17791 
2,600 17783 17805 
2,695,000 17791 
2,800,000 17739 
2-1/4 17776 
2-for-1 17833 
2.2 17783 17805 17824 17832 
2.50 17760 
2.61 17703 
2.7 17852 
2.75 17703 
2.8 17721 17846 17861 
20,000 17707 
20.00 17777 
20.5 17703 
200,000 17763 
201.6 17809 
2010 17772 
2012 17730 
209,109 17824 17832 
21,000 17707 
21.3 17839 
213,790 17824 17832 
217,150 17777 
219,000 17785 
22.49 17785 
23.02 17785 
234,326 17802 
24-inch 17771 
240,000 17783 17805 
2400 17734 17744 
2400b 17734 
25,347 17722 
25.1 17777 
25.3 17809 
25.568 17856 
250,000 17732 
258,800 17837 
26.3 17815 17831 17838 
266,653 17802 
278,000 17753 
28,000/29,000 17731 
28,065 17731 
28.1 17777 
28.8 17834 
2nd 17788 17791 17802 
3,000 17754 17813 
3,034,000 17795 
3,100,000 17732 
3,235,000 17791 
3,400 17731 
3,408,813 17837 
3,455,000 17703 
3,472,700 17848 
3,624,528 17751 
3,667,313 17837 
3-1/2-inch 17711 
3-mo 17794 
3.2 17839 
3.3 17834 
3.5 17849 
3.6 17784 
3.75 17796 
3.8 17808 
3/8 17812 
30-40 17714 
30.0 17716 
30.4 17812 
300,000 17757 17771 17813 
309.3 17700 
31.3 17839 
32-store 17839 
32.5 17834 
328,221 17815 17831 17838 
33,000 17753 
33.1 17753 
34.1 17703 
340,000 17753 
35.4 17841 
35.6 17793 
36-country 17803 
37.1 17768 
381,000 17791 
382,000 17808 
385.9 17846 17861 
39-3/8 17776 
39-seat 17862 
39.7 17753 
398.4 17760 
4,000 17813 
4,100 17731 
4,200 17731 
4,300 17862 
4,551,000 17791 
4,589,000 17773 
4,606,242 17751 
4,680 17731 
4,700 17731 
4,850,000 17791 
4,892,153 17852 
4-dlr 17839 
4.1 17713 
4.2 17726 17811 
4.3 17777 17839 
4.5 17728 17850 
4.6 17808 
4.7 17832 
4.9 17770 
40.3 17841 
40s 17812 
40th 17748 17750 
41.3 17841 
43-dlr-a- 17812 
43-dlr-a-share 17812 
44.4 17846 
445,440 17815 17831 17838 
445,509 17802 
45,000 17731 
45.5 17783 17805 
45.9 17703 
46,332 17828 
47.50 17700 
48-1/8 17812 
49.6 17860 
497,500 17848 
4th 17703 17753 17848 
5,000 17707 17731 17733 
5,400,731 17852 
5,500 17862 
5,502,000 17703 
5,938,000 17703 
5.0 17785 17834 
5.1 17831 17838 
5.3 17784 
5.5 17802 
5.7 17760 
5.8 17802 
5.81 17794 
5.82 17794 
5.9 17849 
50,000 17724 
50-seat 17862 
50.0 17755 
50.1 17841 
50.9 17841 
500,000 17699 17729 
508,578 17852 
52-week 17703 
5300 17766 
54.5 17783 17805 
553,350 17709 
563,000 17834 
567,800 17784 
569,000 17848 
584,000 17788 
59.94 17784 
6-1/4 17758 
6-7/8 17758 
6-mln-u.s.-dlr 17862 
6-mo 17794 
6.10 17794 
6.11 17794 
6.2 17785 
6.25 17732 
6.3 17721 
6.5 17728 
60,000 17720 
60-minute 17797 
601-3a 17799 
601.8 17703 
602,665 17811 
6037 17699 
6038 17700 
6039 17701 
6040 17702 
6041 17703 
6042 17704 
6043 17705 
6044 17706 
6045 17707 
6046 17708 
6047 17709 
6048 17710 
6049 17711 
6050 17712 
6051 17713 
6052 17714 
6053 17715 
6054 17716 
6055 17717 
6056 17718 
6057 17719 
6058 17720 
6059 17721 
6060 17722 
6061 17723 
6062 17724 
6063 17725 
6064 17726 
6065 17727 
6066 17728 
6067 17729 
6068 17730 
6069 17731 
6070 17732 
6071 17733 
6072 17734 
6073 17735 
6074 17736 
6075 17737 
6076 17738 
6077 17739 
6078 17740 
6079 17741 
6080 17742 
6081 17743 
6082 17744 
6083 17745 
6084 17746 
6085 17747 
6086 17748 
6087 17749 
6088 17750 
6089 17751 
6090 17752 
6091 17753 
6092 17754 
6093 17755 
6094 17756 
6095 17757 
6096 17758 
6097 17759 
6098 17760 
6099 17761 
61,151 17828 
6100 17762 
6101 17763 
6102 17764 
6103 17765 
6104 17766 
6105 17767 
6106 17768 
6107 17769 
6108 17770 
6109 17771 
6110 17772 
6111 17773 
6112 17774 
6113 17775 
6114 17776 
6115 17777 
6116 17778 
6117 17779 
6118 17780 
6119 17781 
6120 17782 
6121 17783 
6122 17784 
6123 17785 
6124 17786 
6125 17787 
6126 17788 
6127 17789 
6128 17790 
6129 17791 
6130 17792 
6131 17793 
6132 17794 
6133 17795 
6134 17796 
6135 17797 
6136 17798 
6137 17799 
6138 17800 
6139 17801 
6140 17802 
6141 17803 
6142 17804 
6143 17805 
6144 17806 
6145 17807 
6146 17808 
6147 17809 
6148 17810 
6149 17811 
6150 17812 
6151 17813 
6152 17814 
6153 17815 
6154 17816 
6155 17817 
6156 17818 
6157 17819 
6158 17820 
6159 17821 
6160 17822 
6161 17823 
6162 17824 
6163 17825 
6164 17826 
6165 17827 
6166 17828 
6167 17829 
6168 17830 
6169 17831 
6170 17832 
6171 17833 
6172 17834 
6173 17835 
6174 17836 
6175 17837 
6176 17838 
6177 17839 
6178 17840 
6179 17841 
6180 17842 
6181 17843 
6182 17844 
6183 17845 
6184 17846 
6185 17847 
6186 17848 
6187 17849 
6188 17850 
6189 17851 
6190 17852 
6191 17853 
6192 17854 
6193 17855 
6194 17856 
6195 17857 
6196 17858 
6197 17859 
6198 17860 
6199 17861 
62,000 17813 
62.4 17746 
6200 17862 
6201 17863 
624,208 17816 
63,000 17716 
63.44 17784 
630.8 17703 
640k 17711 
646,978 17802 
650,383 17716 
65th 17765 
68,607 17811 
680,150 17816 
7,209 17722 
7,237,000 17703 
7,339,000 17773 
7,493,000 17788 
7,580,000 17703 
7-1/4 17772 
7-1/8 17856 
7-dlr-a-share 17839 
7.00 17714 
7.4 17846 
7.5 17727 17760 
7.7 17700 
7.9 17822 
72,485 17731 
726,000 17751 
744,200 17785 
747s 17862 
75,000 17801 
750,000 17774 17839 
751,900 17848 
8,000 17707 
8,140 17731 
8,871,000 17753 
8-10 17750 
8-11 17803 
8-dlr-a-share 17839 
8.0 17785 
8.2 17730 
8.375 17839 
8.50 17730 
8.7 17812 17837 
8.8 17841 
80,000 17731 
8088-compatible 17711 
80s 17778 
811,400 17848 
84,000 17795 
85-1/8 17778 
863,00 17834 
87.4 17712 
87.9 17839 
879,000 17808 
8s 17862 
9.4 17802 
9.50 17839 
93.2 17841 
93.5 17846 17861 
94,715 17819 17828 
95.8 17712 
9600 17734 
9600b 17734 
963,200 17785 
965,000 17751 
999 17711 
`` 17700 17701 17708 17711 17713 17714 17721 17724 17731 17747 17748 17750 17754 17756 17760 17771 17776 17778 17779 17780 17806 17812 17816 17837 17839 17844 17846 17849 17854 17855 17862 
a-1-plus 17850 
a-2 17818 
a-3 17818 
a.d. 17816 
aa 17850 
aa-minus 17850 
aa/a-1-plus 17850 
aba 17754 
ability 17721 
aboard 17844 
abolition 17703 
abounded 17776 
absent 17707 
absolutely 17862 
accelerate 17823 
accelerated 17731 
acceptable 17731 
accepted 17760 
accord 17727 17760 17860 
accords 17742 17748 17750 
accounting 17700 17703 17780 17808 
accrued 17763 17772 17858 
acct.o 17729 
accumulated 17776 
accumulation 17776 
accusations 17862 
achieve 17731 
ack 17843 
acq 17700 17701 17706 17710 17716 17719 17723 17727 17728 17738 17743 17746 17749 17752 17760 17762 17763 17766 17770 17775 17776 17777 17782 17784 17785 17787 17792 17798 17809 17810 17812 17822 17825 17827 17835 17837 17839 17847 17849 17853 17857 17860 
acquire 17716 17723 17743 17746 17796 17798 17810 17837 17856 17860 
acquired 17723 17743 17746 17749 17763 17775 17822 17835 17862 
acquires 17728 17749 17763 17822 
acquiring 17706 17743 17810 
acquisition 17700 17710 17716 17719 17723 17728 17738 17749 17752 17766 17770 17782 17825 17847 17853 
acquisitions 17700 17809 17847 
acqusition 17837 
act 17775 17823 
acting 17844 
action 17707 17748 17750 17755 17780 
actions 17721 17731 17846 
activities 17707 17803 17823 
activity 17778 17779 
acton 17738 
acura 17806 
adaptive 17734 
add 17714 17760 17778 17779 17840 17846 17861 
added 17700 17708 17714 17731 17744 17754 17756 17775 17776 17782 17816 17830 17846 17861 
adding 17721 17734 17846 
addition 17700 17734 17797 17812 17830 17841 17846 
additional 17755 17796 
address 17804 17823 
adds 17846 17861 
adequacy 17812 
adjusting 17761 
adjustment 17803 
administration 17724 
admit 17816 
adopted 17724 
adr 17721 
adrs 17721 
advanced 17752 
advances 17849 
advantages 17766 
adverse 17721 17830 
advertising 17746 17793 
advised 17770 
adviser 17701 
advisor 17775 
advocated 17780 
aeg 17778 
aerial 17771 
aerospace 17782 17841 
affairs 17750 17771 
affected 17757 17771 17776 17843 
affecting 17771 
affects 17807 
affiliate 17729 17768 
affiliates 17822 
affirmed 17830 17850 
affirms 17807 17830 17845 17850 
africa 17707 17768 17804 
african 17707 
afternoon 17704 17771 
agencies 17803 
agency 17720 17780 17821 
agent 17713 17732 
aggression 17750 
ago 17721 17776 17778 17828 17831 17832 17838 17862 
agree 17721 17759 
agreed 17716 17723 17798 17829 17837 17849 17856 17857 
agreeing 17816 
agreement 17700 17707 17731 17732 17737 17738 17744 17752 17760 17770 17809 17829 17843 17857 17860 
agreements 17748 17804 
agrees 17857 
agricultural 17803 
agriculture 17755 17758 17759 17769 17803 
agrreement 17760 
aid 17833 
aimed 17803 
air 17739 17778 17841 
aircraft 17735 17799 17841 17862 
airline 17721 17778 17779 17862 
airlines 17721 17779 
airport 17735 17862 
airports 17721 
airways 17721 17779 
alaska 17771 
alberta 17736 
alcoa 17698 17702 
ald 17782 
align 17790 
alleged 17816 
allegis 17778 
alleviate 17803 
alliance 17728 17780 
allied 17750 17862 
allied-signal 17764 17782 
allies 17742 17748 17750 
allocated 17846 17861 
allowable 17714 
allowed 17816 
alltel 17718 
alpharetta 17851 
alter 17700 
altered 17846 
alum 17698 17702 17714 
aluminum 17698 17702 17714 17781 
am-gulf-study 17780 
am-summit-reagan***urgen 17750 
amendment 17823 
america 17718 17750 17773 17783 17804 17805 17818 17822 17829 
american 17709 17721 17729 17750 17754 17756 17766 17776 17779 17785 17796 17806 17815 17819 17824 17828 17831 17832 17838 17862 
amid 17714 17862 
amin 17844 
amount 17716 17749 17763 17782 17798 17839 17843 17846 17853 17861 
amounts 17754 17779 
amplifier 17836 
an/wsc-6 17725 
anaheim 17753 
analysis 17797 
analyst 17700 17721 17760 17771 17776 17778 17812 17839 
analysts 17700 17713 17714 17721 17731 17778 17779 17812 17839 17849 
analyzer 17854 
analyzers 17854 
andriessen 17759 
angeles 17846 17861 
anheuser-busch 17781 
ann 17720 
anniversary 17748 17750 
annoucing 17846 
announce 17707 17806 
announced 17701 17714 17755 17766 17778 17782 17839 17853 17855 
announcement 17760 17812 17846 17861 
announces 17734 
announcing 17723 
announcment 17812 
annoyed 17707 
annual 17700 17747 17750 17761 17825 17846 
anounced 17851 
antar 17839 
antar-belzberg 17839 
antenna 17739 
anticipated 17862 
anticipates 17846 
antigen 17720 
antitrust 17700 
anza.s 17737 
apparent 17714 
apparently 17731 17771 17778 
appeal 17750 17806 17823 
appeared 17776 
appears 17714 17771 
appl.o 17851 
apple 17851 
application 17743 17770 
applications 17700 17782 
applies 17707 
apply 17759 
appointed 17821 
approach 17714 17779 
approached 17701 17714 17862 
approaching 17731 
approval 17770 17830 
approvals 17716 17770 17778 
approved 17770 17779 17786 17793 17860 
approximately 17703 17738 17752 
april 17704 17712 17714 17721 17751 17766 17783 17805 
arab 17780 
arabia 17767 17769 
arb 17796 
arbitrage-related 17778 
arbitragers 17778 
arbitrageur 17760 
arbitrageurs 17760 
arbor 17720 
arc 17771 
ardmore 17813 
area 17721 17744 17771 17862 
areas 17839 
argument 17731 
ariz. 17859 
arizona 17850 17859 
arkansas 17830 
armament 17726 
armstrong 17843 
army 17726 
arnold 17839 
arpund 17806 
arrange 17701 
arrangement 17723 
arrangements 17729 
arriving 17721 
article 17776 17806 
asbestos 17843 
asbestos-injury 17843 
asbestos-related 17843 
asher 17837 
asian 17731 
asked 17724 17760 17780 
aspects 17780 
assassination 17844 
assess 17771 
asset 17719 
assets 17719 17743 17774 17822 17839 17846 17861 
assist 17839 
assistance 17803 
assoc 17700 
associates 17700 17719 17804 17841 17851 
association 17731 17754 17756 17768 17835 
assumption 17716 17764 17782 
assumptions 17806 
assure 17780 
atco.o 17810 
atcor 17810 
atel.o 17752 
atlanta 17721 17752 17774 
atlantic 17721 17771 
atpc 17731 
attack 17750 
attempting 17731 17862 
attending 17754 
atvc.o 17709 
audience 17750 
aug 17717 
augenthaler 17812 
august 17700 17711 17855 17862 
aurthorized 17734 
australia 17737 17804 
author 17700 17707 17721 17779 17839 17849 17862 
auto 17724 
automated 17736 17854 
automatic 17707 17734 17859 
automation 17754 
automotive 17806 
average 17707 17712 17817 17820 
averages 17708 
averaging 17849 
avg 17751 17773 17834 
avionics 17841 
avis 17797 
avoid 17721 17779 
award 17720 17725 
awarded 17799 17841 
awards 17841 
aware 17750 
axp 17776 
azp 17859 
b. 17700 
b.c 17783 17805 17814 
b.c. 17728 
ba 17862 
baa-1 17830 
baa-2 17830 
bab 17721 17779 
bache 17776 
back 17714 17731 17772 17786 17801 
backdrop 17750 
balance 17721 17763 17778 17839 
ball 17782 
bancorp 17738 17770 17800 
bancshares 17822 
bank 17708 17730 17738 17760 17768 17770 17782 17822 17833 17846 17847 17850 
bankers 17754 17756 
banking 17700 17737 
bankrupt 17779 
bankruptcy 17774 
banks 17731 17754 17756 17813 17846 17847 
barbara 17721 17779 
bargain 17812 
barley 17767 17769 
barrel 17771 
barrels 17771 
base 17700 17779 
based 17700 17731 17806 17812 17817 17820 17847 17862 
basic 17852 
basin 17757 17771 17813 
basis 17707 17712 17754 
bass 17784 
battle 17778 
bc- 17703 17715 17800 
bc-******alco-raising-pr 17698 17702 
bc-******basin-pipeline 17757 
bc-******chrysler-may-n. 17819 
bc-******dresser-industr 17792 
bc-******ford-may-n.-ame 17824 
bc-******forstmann-littl 17762 
bc-******gm-may-n.-ameri 17815 
bc-******icco-buffer-sto 17733 
bc-******moody's-affirms 17807 
bc-******reagan-says-u.s 17742 
bc-******reagan-to-call 17741 
bc-******s/p-affirms-rat 17845 
bc-******security-pacifi 17840 17842 
bc-******u.s.-sells-3-mo 17794 
bc-***bilzerian-says-if 17727 
bc-/little-reaction-to-r 17714 
bc-/reagan-calls-for-w. 17747 
bc-/reagan-urges-fulfill 17748 
bc-/tin-traders'-respons 17731 
bc-additional-ccc-credit 17755 
bc-advanced-telecommunic 17752 
bc-airline-analysts-stud 17721 
bc-allegis- 17778 
bc-allied-signal- 17782 
bc-alltel- 17718 
bc-american-credit-card 17729 
bc-american-realty- 17796 
bc-american-travellers- 17709 
bc-andriessen-hints-oil 17759 
bc-anheuser-busch- 17781 
bc-arizona-nuclear-plant 17859 
bc-atcor 17810 
bc-b.c.-workers-stage-on 17814 
bc-bell-canada- 17704 
bc-bilzerian-prepared-to 17760 
bc-british-airways- 17779 
bc-british-land-of-ameri 17773 
bc-buckeye 17785 
bc-burlington 17837 
bc-canada 17862 
bc-canada-corporate-debt 17708 
bc-ccc-interest-higher-i 17758 
bc-charter-power-systems 17834 
bc-chrysler- 17828 
bc-cis- 17857 
bc-cme-proposes-nikkei-s 17817 17820 
bc-co-operative- 17738 
bc-cominco- 17783 17805 
bc-computer-assoc.- 17700 
bc-computerland-to-be-ac 17723 
bc-crazy-1stld 17839 
bc-crop-genetics-interna 17848 
bc-dean-foods- 17765 
bc-dekalb- 17827 
bc-diana-corp- 17795 
bc-digital-communication 17851 
bc-doe-reaches-proposed 17816 
bc-dresser- 17809 
bc-e-systems- 17836 
bc-electrospace- 17725 
bc-elsinore- 17858 
bc-epsco- 17739 
bc-expediters-internatio 17713 
bc-export-inspections 17722 
bc-fdic-chief-says-more 17754 17756 
bc-financial-security- 17835 
bc-first-of-america- 17822 
bc-first-philadelphia-un 17774 
bc-first-union- 17847 
bc-fisher-shareholder-in 17766 
bc-fluorocarbon- 17825 
bc-ford- 17832 
bc-forstmann-little-and 17775 
bc-french-treasury-detai 17730 
bc-gemayel-names-acting 17844 
bc-general-motors- 17855 
bc-gerhard-laske-appoint 17821 
bc-gm- 17831 
bc-gm-may-car-output-fal 17838 
bc-gull- 17735 
bc-hayes-microcomputer-a 17734 
bc-home- 17843 
bc-hughes-supply-inc- 17712 
bc-hycor-bio- 17854 
bc-ida-extends-37.1-mln 17768 
bc-info-data-to-acquire 17746 
bc-international-consume 17811 
bc-international-corona 17788 
bc-international-researc 17745 
bc-intl-thomson- 17856 
bc-investitech- 17699 
bc-investors-may-take-co 17849 
bc-kingsbridge 17787 
bc-kms-industries-inc- 17720 
bc-ladd- 17853 
bc-leisure-concepts- 17732 
bc-lodgistix- 17736 
bc-ltv- 17799 17829 
bc-m*****allied-signal-s 17764 
bc-major-u.s.-oil-pipeli 17771 
bc-maxwell-would-not-ren 17701 
bc-mclain-industries-inc 17802 
bc-meditrust- 17717 
bc-merrill-corp- 17751 
bc-monsanto- 17743 
bc-moody's-affirms-middl 17830 
bc-moody's-reviews-hospi 17818 
bc-morino- 17804 
bc-myers-to-head-u.s.-pa 17803 
bc-national-distillers 17784 
bc-national-healthcare- 17740 
bc-nppc-appeal-on-canadi 17823 
bc-odetics-inc- 17753 
bc-pentagon-awards-176.7 17841 
bc-pepsico- 17744 17789 
bc-pharmacontrol- 17763 
bc-phillips-van-heusen-c 17808 
bc-piosec- 17728 
bc-pueblo- 17801 
bc-ralston-purina- 17790 
bc-rapid-american-comple 17710 
bc-royex-gold-mining- 17791 
bc-s/p-affirms-ratings-o 17850 
bc-seabrook-nuclear-stat 17793 
bc-security-pacific- 17846 17861 
bc-some-cocoa-origins-di 17707 
bc-sooner-defense- 17726 
bc-supermarkets- 17826 
bc-synercom- 17705 
bc-takeover-speculation 17776 
bc-toronto-sun- 17761 
bc-total-health- 17716 
bc-total-petroleum- 17813 
bc-toyota-says-it-only-s 17806 
bc-u.s.-bancorp- 17770 
bc-u.s.-video- 17706 
bc-uni-marts- 17749 
bc-unisys- 17772 
bc-united-asset- 17719 
bc-united-park- 17852 
bc-universal-health- 17786 
bc-us-west- 17737 
bc-uspci- 17812 
bc-ussr-export-sale 17767 17769 
bc-waste-management- 17860 
bc-watchdog-group-seeks 17724 
bc-westport-bank- 17833 
bc-witco- 17797 
bc-wrather 17777 
bc-wyse- 17798 
bc-zenith-electronics- 17711 
bce 17704 
beach 17746 17835 
bear 17843 
beard 17812 
bearing 17782 
bearings 17782 
bec 17812 
bedford 17766 
began 17721 17776 17783 17805 
begin 17760 17779 17862 
begins 17721 17769 
begun 17721 
behalf 17731 17776 
beirut 17844 
belgium 17759 
believed 17776 
believes 17760 17778 17779 17862 
bell 17704 
belongs 17750 
belzbergs 17839 
beneficial 17786 17796 
benefit 17721 17779 
benefits 17812 17855 
benefitting 17849 
betweenm 17763 
beutel 17771 
beverage 17698 17702 17781 
bickner 17827 
bid 17701 17760 17812 17839 
bidder 17760 
bidders 17760 
big 17721 17754 17756 17862 
biggest 17700 17839 
bilizerian 17760 
billion 17701 17703 17723 17730 17754 17756 17778 17781 17807 17818 17822 17830 17846 17849 17850 17861 
bills 17794 
bilzerian 17727 17760 
bio 17854 
biomedical 17854 
biphenyl 17743 
birr 17760 
birthday 17765 
bismuth 17783 17805 
bitter 17700 
bla 17773 
blah 17698 17702 17722 17727 17733 17741 17742 17757 17762 17764 17767 17792 17794 17807 17815 17819 17824 17840 17842 17845 
blinch 17862 
block 17701 
blood 17854 
bloster 17747 
board 17706 17760 17765 17770 17778 17786 17812 17833 17839 17860 
boat 17841 
boeing 17862 
bolster 17750 17846 
bolsters 17700 
bomb 17844 
bomber 17862 
bond 17708 17730 17830 
bonds 17830 17858 
booming 17862 
boost 17700 17825 
boosted 17700 
border 17757 17771 17813 
borrow 17721 17839 
borrowing 17699 
boston 17701 17776 
bottling 17744 
bottomed 17849 
bought 17700 17707 17777 17785 17801 17849 17862 
bpd 17757 17813 
bpl 17785 
brace 17701 
brand 17862 
branded 17790 
brands 17811 
brave 17750 
brazil 17731 
break 17771 17839 
breakup 17778 
bridge 17782 
briefly 17731 
brierley 17777 
bring 17731 17749 
britain 17750 17779 
british 17701 17721 17773 17779 17783 17805 17814 17862 
broadcast 17844 
broker 17731 
brokerage 17704 17839 
brokers 17731 
brook 17775 17860 
brothers 17714 17721 17731 17760 17776 
brought 17721 
bruce 17827 
brunswick 17744 
bryan 17816 
buckeye 17785 
bud 17781 
buffer 17707 17731 17733 
build 17721 17726 17754 17756 17781 
building 17754 17756 17781 
built 17724 
buinesses 17839 
bulk 17731 
bullish 17731 
bundesbank 17821 
bur 17837 
burden 17708 
burlington 17837 
buses 17724 17814 17831 17838 
bush 17862 
bushels 17722 
business 17700 17709 17713 17723 17734 17743 17747 17750 17760 17772 17778 17799 17804 17810 17812 17839 17851 
businesses 17700 17774 17778 17810 17827 
businessland 17849 
busl.o 17849 
buy 17707 17710 17732 17733 17752 17763 17766 17772 17786 17801 17837 17849 17860 
buyback 17704 
buyer 17776 
buyers 17776 17806 17810 
buying 17707 17714 17778 17810 
buyout 17760 17776 17837 17839 
buyouts 17700 
c-17a 17735 
c. 17816 
ca 17700 17771 
cable 17839 
cadmium 17783 17805 
cain 17714 
caldwell 17744 
calgary 17736 
calif 17728 
calif. 17723 17753 17798 17800 17825 
california 17843 17859 
call 17741 17750 
called 17701 17711 17740 17779 17797 17854 
calls 17747 17787 
camas 17770 
campaign 17700 17793 
camparisons 17721 
canada 17704 17708 17728 17736 17750 17761 17783 17788 17791 17805 17814 17823 17839 17855 17856 17862 
canadair 17799 
canadian 17708 17783 17805 17823 17862 
candidate 17776 
candidates 17778 
cans 17781 
capable 17854 
capacities 17813 
capacity 17781 17813 
capital 17715 17763 17772 17774 17846 17849 
caps 17700 
captured 17721 
car 17778 17806 17815 17819 17824 17828 17831 17832 17838 
card 17729 
care 17740 
cargo 17735 
carl 17785 
carney 17744 
carrier 17721 17779 
carriers 17721 17779 
carries 17768 
carry 17758 17778 
carryover 17707 
cars 17778 17806 
carteret 17826 
case 17779 
cash 17716 17731 17738 17749 17752 17760 17763 17771 17778 17818 17825 17833 17839 17853 
category 17789 
caused 17816 17859 
caution 17714 17721 
cautious 17779 
ccc 17755 17758 
cci 17754 17846 
ceased 17731 
celebrating 17748 17750 
center 17724 17740 17797 17803 17846 
centers 17740 17797 
central 17804 
centre 17855 
centres 17731 
cents 17714 17839 
certificates 17850 
cftc 17817 17820 
chain 17797 17839 17849 
chairman 17700 17705 17754 17756 17765 17790 17846 17849 
challenger 17799 
challenges 17750 
chance 17778 17779 
change 17700 17703 17714 17746 17797 17808 17862 
changed 17781 17812 17857 
chapter 17774 
charge 17700 17703 17808 
charged 17758 
charges 17704 17795 
charging 17724 17816 
charles 17700 
charmglow 17810 
charter 17834 
chase 17754 17756 17846 
chasing 17701 
cheadle 17760 
cheap 17839 
chemical 17784 
chemistry 17854 
chernobyl 17721 
chester 17781 
chicago 17721 17779 17810 17812 17817 17820 17823 
chicken 17789 
chief 17705 17721 17754 17765 17779 17839 17849 
children 17724 
chilled 17823 
chimie 17743 
china 17731 17803 
chokepoint 17750 
chp 17834 
chrysler 17819 17828 
cincinnati 17785 
cis 17857 
cisif.o 17857 
cited 17818 17830 
citibank 17754 
citicorp 17754 17756 17846 
cities 17721 
citing 17713 
city 17700 17770 17814 17839 17847 17852 
claims 17778 17843 
clara 17728 
clarence 17724 
classification 17816 
classifying 17816 
clayton-marcus 17853 
clear 17747 17750 
cleared 17700 
clearing 17714 
cleveland 17829 
client 17776 
cliffs 17763 
clinalyzer 17854 
clinics 17854 
close 17707 17710 17723 17772 17855 
closed 17699 17813 17814 
closely 17700 17830 17849 
closing 17700 17763 17857 
closings 17703 
clt.to 17783 17805 
cm.to 17708 
cmb 17754 17846 
cme 17817 17820 
co-backed 17837 
co-operative 17738 
co. 17816 
cobk.o 17738 
cocoa 17707 17733 
cog 17862 
colin 17721 17779 
collaboration 17720 
collapse 17731 
collected 17830 
collecting 17830 
collection 17814 
college 17749 
colony 17853 
columbia 17783 17805 
columbian 17814 
combatant 17725 
combination 17700 
combined 17700 17822 
combines 17700 
comeback 17700 
comed 17716 
comex 17714 
cominco 17783 17805 
command 17725 17862 
commanding 17862 
comment 17724 17760 17776 17778 17812 17817 17820 17839 17849 
comments 17780 17816 
commerce 17708 
commercial 17770 17818 17831 17838 17850 
commerical 17743 17847 
commission 17718 17763 17777 17778 17784 17785 17800 17817 17820 17823 17830 17837 
commissioner 17759 
commissions 17704 
commitments 17748 17750 
commits 17789 
committed 17789 17839 
committee 17730 17823 17829 
commodities 17755 
commodity 17708 17714 17755 17758 17817 17820 
common 17704 17728 17729 17750 17761 17763 17766 17772 17777 17782 17784 17787 17800 17833 17837 17852 17860 
communication 17701 17734 
communications 17718 17729 17734 17752 17851 
community 17747 17750 17759 17779 
commuter 17862 
company 17699 17700 17703 17705 17710 17713 17716 17721 17723 17728 17734 17744 17746 17749 17752 17760 17761 17763 17765 17770 17771 17772 17773 17774 17776 17778 17783 17789 17790 17800 17804 17805 17812 17825 17827 17829 17831 17832 17833 17836 17837 17838 17839 17843 17846 17849 17854 17855 17856 17861 17862 
compaq 17734 
compares 17731 
compatible 17711 17734 
compensation 17862 
competes 17760 
competition 17700 17721 
competitive 17731 17839 
competitors 17760 
complaints 17707 
complement 17774 
complementary 17809 
complete 17721 17839 17852 
completed 17700 17706 17710 17719 17729 17737 17738 17781 17782 17825 17847 17853 
completes 17710 17719 17738 17782 17825 17847 17853 
completing 17700 
complex 17862 
compliance 17750 
components 17739 
compression 17734 
computer 17700 17711 17713 17723 17734 17779 17782 17798 17839 17841 17849 17851 
computerland 17723 17849 
computers 17700 17723 17734 17851 
computone 17774 
concentrated 17839 
concepts 17732 
concern 17701 17750 17812 
concerns 17714 17750 
concessionary 17768 
condition 17862 
conditions 17714 17730 
conference 17700 17701 17754 17756 
confined 17707 
confirmation 17774 
confirmed 17771 
confusion 17714 
congressional 17750 
congressman 17780 
coniston 17778 
conn 17811 
conn. 17833 
connecticut 17839 
connection 17699 17852 
connor 17839 
consents 17778 
conservation 17768 
conservative 17721 17779 17862 
considered 17823 
consisting 17763 
consolidation 17721 
consortium 17813 17859 
construction 17708 17781 17793 
consultations 17844 
consumer 17731 17783 17805 17810 17811 17839 
consumers 17707 17731 17839 
consuming 17780 
contained 17783 17805 17829 
container 17781 
contingent 17760 
continue 17700 17766 17799 17812 
continues 17859 
continuing 17731 17766 17780 17846 
contract 17714 17720 17725 17726 17735 17737 17744 17783 17799 17805 17817 17820 17841 
contracts 17714 17739 17771 17783 17805 17841 
contribute 17714 
contributed 17750 
control 17731 17734 17735 17778 17830 17849 17862 
controlled 17701 17785 17839 
controllers 17735 
controlling 17706 17835 
controls 17816 
convalescent 17740 
convenience 17749 
conversion 17770 17772 
convertible 17760 17763 17772 17818 17822 
convertibles 17772 
cooperation 17803 
copper 17714 
core 17827 
corn 17722 
corona 17788 
corp. 17849 
corporate 17708 17775 17800 
corporation 17755 17756 17758 17766 17782 
corporations 17708 
corrections 17708 
cost 17774 17783 17805 17818 
cost-control 17812 
costs 17760 17836 17843 
council 17731 17803 17823 
counter 17839 
countervailing 17823 
countries 17707 17713 17731 17747 17759 17779 17780 17846 
country 17846 17849 17850 17861 
county 17781 
coupled 17750 
court 17701 17731 17774 17823 17830 17843 
coutract 17735 
covalent 17720 
cover 17744 17783 17805 17858 
coverage 17843 
covered 17814 
covering 17721 17770 17800 
covers 17725 17799 
cower 17750 
cpq 17734 
cpx 17774 
crash 17724 
crashes 17724 
crazy 17839 
created 17779 
credit 17729 17755 17758 17768 17818 17840 17846 17861 
creditor 17731 
credits 17703 17795 17846 
crisis 17780 
criticism 17780 
crop 17848 
crop.o 17848 
cross 17814 
crosses 17813 
crude 17750 17757 17771 17780 17813 17816 
crudes 17771 
crzy 17839 
ct 17753 17791 
cumulative 17760 17856 
currency 17731 17759 
current 17700 17707 17713 17731 17734 17755 17775 17797 17823 17843 17846 
cushing 17771 
customer 17700 17849 17855 
cut 17700 17708 17714 
cutoff 17780 
cuts 17784 17837 
cyclical 17778 
d. 17816 
d.s 17763 
daily 17714 17817 17820 
dallas 17721 17796 17797 17799 17809 17836 17839 
dallas-based 17700 
damage 17771 17813 
damaged 17771 17813 
dan 17771 
dangerous 17780 
dark 17700 
dash 17862 
data 17700 17734 17841 17849 
dates 17857 
day 17700 17707 17771 17812 
days 17700 17723 17771 17789 
dcai 17851 
de 17862 
deal 17700 17732 17760 17780 
dealers 17731 17734 17806 17817 17820 17855 
dealing 17846 
dealings 17784 
dean 17765 17839 
deapartment 17769 
debenture 17772 
debenturers 17763 
debentures 17772 
debt 17708 17716 17721 17754 17756 17764 17772 17778 17782 17807 17809 17818 17830 17846 17850 17861 
debt-equity 17708 
debt-to-equity 17721 
december 17730 17731 
decided 17700 17810 17844 
decision 17766 17806 17823 17839 17850 
decisions 17748 17750 
declare 17783 17805 
declared 17750 17786 17833 
declares 17707 
decline 17731 
declined 17700 17713 17723 17760 17776 17808 
decreased 17808 
deep 17862 
deerfield 17746 
defect 17724 
defective 17859 
defense 17725 17726 17739 17841 
deficit 17731 
definite 17731 
definitive 17732 17766 17770 17809 
dekalb 17827 
delaware 17766 
delayed 17793 
delegation 17803 
delivered 17796 
deliveries 17731 17744 
delivering 17862 
delivery 17714 17750 17755 17769 
delray 17835 
demand 17731 
demands 17750 
democracies 17750 
democrat 17780 
denied 17701 17806 
dennis 17839 
dental 17775 
denville 17716 
depart 17748 
department 17700 17724 17755 17758 17803 17816 17821 17841 
depend 17747 17750 17771 
dependant 17778 
dependence 17750 
depending 17730 
depends 17830 
deposit 17754 17756 17850 17858 
depositary 17721 
deposited 17858 
depress 17731 
deputy 17803 
deregulate 17862 
deregulated 17779 
deregulation 17721 17779 17862 
deserve 17707 
designed 17817 17820 17851 
designs 17782 
details 17723 17730 17760 
detecting 17720 
determine 17779 
deterring 17750 
detroit 17806 17828 17831 17832 17838 
develop 17862 
developed 17711 17797 17846 17861 
developer 17835 
developing 17759 17803 17846 17850 17861 17862 
development 17700 17720 17745 17768 17803 
developments 17721 
develops 17731 17798 
develpoing 17720 
df 17765 
dgtc.o 17729 
di 17809 
diagnostic 17854 
diana 17795 
diarrheal 17720 
died 17750 17844 
diego 17719 
difficult 17771 
digital 17851 
digitech 17729 
digvitech 17729 
dilute 17700 
diluted 17712 
dilution 17700 
dinner 17789 
direction 17707 17818 
directly 17713 17839 
director 17714 17724 17821 
directors 17760 17778 17860 
disadvantages 17766 
disappointed 17823 
disappointment 17760 
disaster 17721 
disbursed 17758 
disclose 17784 17843 17849 
disclosed 17737 17743 17760 17827 17835 
discontinued 17795 
discount 17779 
discounted 17839 
discounts 17731 
discovered 17816 
discuss 17750 17766 17829 
discussed 17854 
discussing 17750 17779 
discussion 17731 17759 
discussions 17803 17829 
disease 17720 
disk 17711 17839 
dismayed 17707 
dismissed 17823 
disputes 17816 
dissent 17849 
distance 17752 17771 
distillers 17784 
distribute 17854 
distributed 17796 
distributing 17854 
distribution 17736 17763 17833 
distributor 17839 
distributors 17734 17839 
district 17701 
ditlow 17724 
div 17717 
divers 17771 
diverse 17721 
diversification 17778 
diversified 17862 
dividend 17761 17778 17786 17796 17822 17833 17846 
division 17700 17790 17806 17825 17841 
divisions 17774 
divulge 17862 
dklbb.o 17827 
dlr 17699 17700 17701 17703 17720 17725 17726 17763 17768 17771 17772 17793 17839 17841 17842 17846 17856 
dna 17795 
doe 17816 
dole 17724 
dollar 17714 17731 
dollar-based 17731 
domestic 17747 17750 17779 
domestically-produced 17759 
dominion 17837 
donaldson 17700 17782 
doubled 17862 
doubles 17721 
doubted 17776 
douglas 17735 17765 17812 
downplayed 17771 
downsize 17708 
downsview 17862 
downturn 17721 
dozen 17862 
dr 17784 
dresser 17792 17809 
drilling 17816 
drills 17793 
drive 17839 
driver 17797 
drivers 17744 
drives 17711 17839 
dropping 17771 
drysdale 17760 
dslrs 17735 
dtx.t 17837 
due 17703 17708 17731 17763 17808 17817 17820 17836 17855 
duplicate 17700 
duplication 17700 
dutch 17707 
dutch/shell 17771 
duties 17823 
duty 17823 17855 
dynamics 17841 
e-systems 17836 
e.f 17776 
e.f. 17700 17812 
e.m. 17723 17849 
earlier 17721 17731 17760 17849 
early 17821 17859 
earn 17703 17712 17751 17753 17773 17788 17791 17795 17802 17808 17811 17834 17848 
earned 17700 17745 17809 
earnings 17700 17713 17716 17745 17754 17760 17812 17836 17843 
eased 17832 
east 17731 17780 17783 17804 17805 
easy 17862 
eat 17862 
eaton 17825 
eazy 17711 
ec 17759 17779 
eckenfelder 17776 
economic 17708 17713 17741 17747 17748 17750 17803 17823 17846 
economy 17747 17750 17778 
ed 17849 
eddie 17839 
edelman 17700 17837 17849 
edelman/dominion 17837 
edison 17859 
edition 17806 
edmund 17721 
edt 17744 
education 17844 
edward 17778 
effect 17714 17718 
effective 17714 17833 
efficiency 17700 
effort 17778 
efforts 17731 
efh 17776 
el 17859 
elders 17714 17771 
ele 17725 
elected 17765 
election 17857 
electric 17700 17841 17859 
electrical 17859 
electricity 17793 
electronic 17726 
electronics 17711 17713 17839 
electrospace 17725 
elias 17839 
eliminate 17700 
eliminated 17714 
elimination 17703 17714 
eliot 17839 
elizabeth 17724 
elmwood 17703 17715 
elpa 17859 
els 17858 
elsinore 17858 
em 17839 
embargo 17780 
embargoed 17750 
emergency 17780 
emerges 17731 
employee 17818 17827 
employees 17701 17827 17855 17862 
encino 17800 
encouraging 17754 17756 
end 17710 17714 17771 17823 17846 17862 
ended 17700 17715 17760 17788 17848 
ending 17755 17839 
energy 17780 17809 17812 17816 
engaged 17763 
engine 17797 17799 
engineered 17700 17809 
england 17793 17841 
englewood 17763 
enhance 17700 17830 
enhancer 17734 
enormously 17750 
entail 17778 
enter 17806 
entering 17823 
enterprises 17704 
enters 17760 
entertainment 17706 17839 
entex 17816 
entry 17812 
environment 17846 
environmental 17771 
environmmental 17812 
eppler 17839 
epsc.o 17739 
epsco 17739 
equally-important 17780 
equals 17721 
equipment 17797 17851 
equities 17817 17820 
equity 17708 17716 17760 17772 17777 17796 
erode 17813 
error 17734 
esop 17827 
essential 17862 
establish 17804 17843 
established 17734 17779 17804 
establishment 17804 
estimate 17700 17812 
estimated 17700 17734 17778 17800 17839 17849 
estimates 17812 
esy 17836 
etn 17825 
europe 17721 17779 17862 
european 17721 17731 17759 17779 17806 
europeans 17779 
evacuation 17793 
evaluate 17804 
evaluating 17760 
eventually 17700 
evidence 17771 
exceed 17700 17778 17812 
exceeds 17708 
excess 17796 17843 17862 
exchange 17704 17714 17721 17731 17742 17746 17748 17750 17763 17771 17777 17778 17784 17785 17798 17800 17817 17820 17837 
exchangeable 17760 
exchanged 17728 
excludes 17791 17795 
excluding 17708 
executive 17700 17705 17721 17724 17765 17779 17790 17799 17821 17839 17849 17862 
executives 17754 
existing 17715 17774 17841 
expand 17721 17723 
expandable 17711 
expanding 17736 
expands 17721 17804 
expansion 17747 17750 17800 
expansions 17715 
expd.o 17713 
expect 17750 17836 
expectations 17812 17836 
expected 17711 17721 17731 17760 17772 17781 17797 17812 17823 17836 17859 17862 
expecting 17760 
expects 17700 17723 17763 17775 17783 17805 17818 17836 17842 17846 17850 17861 
expediters 17713 
expenses 17808 
experience 17779 
experienced 17721 
expertise 17839 
experts 17750 
expire 17860 
expired 17783 17805 
expirted 17744 
exploded 17844 
exploration 17816 
explore 17766 17804 
export 17722 17731 
exporters 17767 17769 
exports 17713 
expose 17813 
exposure 17846 
express 17776 
expressed 17707 17731 17810 
extend 17823 
extended 17704 17857 17862 
extending 17823 
extends 17704 17768 
extension 17857 
extra 17846 17861 
extraordinary 17791 17795 
f-14a 17841 
f-16 17841 
f1984 17698 
f1988 17699 
f1993 17700 
f2013 17701 
f2018 17702 
f2027 17703 
f2046 17704 
f2048 17705 
f2049 17706 
f2051 17707 
f2054 17708 
f2060 17709 
f2067 17710 
f2068 17711 
f2069 17712 
f2070 17713 
f2071 17714 
f2073 17715 
f2074 17716 
f2075 17717 
f2078 17718 
f2079 17719 
f2080 17720 
f2082 17721 
f2089 17722 
f2097 17723 
f2118 17724 
f2121 17725 
f2123 17726 
f2124 17727 
f2125 17728 
f2127 17729 
f2132 17730 
f2138 17731 
f2145 17732 
f2149 17733 
f2153 17734 
f2155 17735 
f2158 17736 
f2169 17737 
f2170 17738 
f2173 17739 
f2174 17740 
f2177 17741 
f2178 17742 
f2186 17743 
f2187 17744 
f2189 17745 
f2192 17746 
f2194 17747 
f2195 17748 
f2196 17749 
f2201 17750 
f2208 17751 
f2209 17752 
f2210 17753 
f2232 17754 
f2252 17755 
f2253 17756 
f2254 17757 
f2259 17758 
f2260 17759 
f2262 17760 
f2264 17761 
f2267 17762 
f2270 17763 
f2273 17764 
f2280 17765 
f2281 17766 
f2285 17767 
f2287 17768 
f2292 17769 
f2297 17770 
f2301 17771 
f2309 17772 
f2310 17773 
f2315 17774 
f2324 17775 
f2333 17776 
f2350 17777 
f2357 17778 
f2358 17779 
f2360 17780 
f2363 17781 
f2370 17782 
f2371 17783 
f2380 17784 
f2383 17785 
f2385 17786 
f2388 17787 
f2392 17788 
f2393 17789 
f2394 17790 
f2395 17791 
f2396 17792 
f2397 17793 
f2399 17794 
f2400 17795 
f2401 17796 
f2402 17797 
f2404 17798 
f2405 17799 
f2406 17800 
f2408 17801 
f2410 17802 
f2412 17803 
f2418 17804 
f2419 17805 
f2421 17806 
f2423 17807 
f2428 17808 
f2435 17809 
f2436 17810 
f2437 17811 
f2445 17812 
f2450 17813 
f2454 17814 
f2457 17815 
f2458 17816 
f2460 17817 
f2461 17818 
f2465 17819 
f2496 17820 
f2501 17821 
f2502 17822 
f2504 17823 
f2506 17824 
f2513 17825 
f2514 17826 
f2515 17827 
f2537 17828 
f2543 17829 
f2547 17830 
f2554 17831 
f2556 17832 
f2564 17833 
f2567 17834 
f2568 17835 
f2569 17836 
f2571 17837 
f2572 17838 
f2575 17839 
f2581 17840 
f2593 17841 
f2598 17842 
f2603 17843 
f2605 17844 
f2619 17845 
f2637 17846 
f2638 17847 
f2639 17848 
f2658 17849 
f2662 17850 
f2668 17851 
f2670 17852 
f2671 17853 
f2672 17854 
f2677 17855 
f2680 17856 
f2694 17857 
f2698 17858 
f2699 17859 
f2701 17860 
f2705 17861 
f2711 17862 
fab 17822 
faber 17849 
fabk.o 17822 
faces 17700 17721 
facilities 17700 
facility 17793 17841 
factor 17754 17756 
factors 17714 17779 
failed 17724 
fails 17701 
failure 17714 
fairly 17812 
fallen 17731 
falls 17828 17831 17838 
family 17784 
fares 17721 17779 
fargo 17782 17813 
farm 17759 
fast 17771 17779 17797 
fast-oil 17797 
fast-oil-change 17797 
fats 17759 
fats/oil 17759 
favor 17860 
favorable 17818 17830 
fbc 17701 17776 
fcbn.o 17825 
fdic 17754 
feature 17734 
february 17721 17731 17760 17775 
fed 17770 
federal 17718 17724 17747 17750 17754 17756 17770 17814 17817 17820 
feed 17739 17755 
feedgrains 17755 
feedwater 17859 
feelings 17839 
fell 17731 17760 17828 17831 17838 
fend 17849 
ferguson 17816 
ferry 17814 
fetch 17849 
fewer 17704 17721 
fhr 17766 
fibreboard 17843 
field 17700 17809 
fiercely 17759 
fighter 17841 
figure 17721 
file 17744 17763 17778 
filed 17701 17774 17800 17823 
files 17774 17800 
filing 17777 17778 17784 17837 
film 17732 
final 17806 17816 17857 
finalized 17766 
finance 17748 17750 17768 17812 17823 17858 
financed 17763 
financial 17701 17708 17723 17737 17766 17775 17785 17818 17835 17846 
financier 17700 17785 
financing 17708 17716 17760 17763 17766 17782 17786 17839 
find 17700 17754 17780 
fined 17714 
firm 17723 17765 17777 17809 17818 17839 17849 17850 17862 
firmed 17771 
firms 17700 17714 17731 
first-half 17721 
fiscal 17700 17721 17755 17760 17775 17839 
fish 17783 17805 
fisher 17766 
fit 17827 
five-inch 17726 
five-year 17732 17737 
fix 17771 
fixed-rate 17730 
fla 17835 
fla. 17699 17712 17726 17729 17740 17746 17847 
flamson 17846 
fleet 17721 17797 
flexibility 17846 
flight 17862 
flights 17779 
floating 17708 
flood 17771 
flooded 17771 17813 
flooding 17771 17813 
floods 17757 17771 
floor 17724 
florida 17726 17740 17752 17835 
florida-based 17847 
fluctuation 17817 17820 
fluctuations 17714 17731 
fluid 17743 
fluorocarbon 17825 
fly 17779 
focus 17700 
follow 17754 17756 17806 
followin 17728 
food 17744 17803 
foods 17765 17766 17790 
force 17700 17721 17780 17783 17805 
forced 17849 
forces 17779 17849 
ford 17824 17832 
forecasting 17700 
forecasts 17731 
foreign 17731 17750 17841 
forest 17768 
forgotten 17748 17750 
form 17782 17833 
formalizing 17732 
formed 17766 17780 17782 17790 17862 
forming 17806 17854 
forms 17790 17854 
formulations 17763 
forstman 17775 
forstmann 17762 17775 
forsyth 17705 
fort 17699 17729 17784 17841 
fortsmann 17775 
fortunes 17839 
forward 17731 17754 17760 17779 
found 17771 17862 
founded 17839 
founder 17700 17839 17849 
fountain 17854 
france 17715 17730 17750 
franchise 17806 17849 
franchisee 17849 
franchises 17797 
francis 17745 
francisco 17754 17756 
francs 17730 
franklin 17765 
frans 17759 
fraudulent 17701 
free 17731 17750 17779 
freedom 17750 
french 17730 
fresh 17823 
friday 17700 17707 17714 17744 17771 17813 
fried 17789 
friends 17747 17750 
frigate 17750 
front 17700 
frozen 17823 
fssla.o 17835 
fuel 17841 
fulfill 17748 
fulfillment 17748 
full 17699 17778 17791 17823 17846 17852 17859 17861 
full-year 17721 
func.o 17847 
fund 17774 17782 17821 
fundamental 17812 
funds 17830 17849 
funneled 17721 
furniture 17853 
future 17750 17754 17780 17826 17843 17846 
futures 17714 17731 17771 17817 17820 
fuzes 17726 
ga. 17734 17752 17851 
gaf 17843 
gain 17703 17707 17791 17812 
gains 17778 
gallons 17841 
game 17760 17849 
gao 17780 
garbage 17814 
garden 17700 
gardens 17740 
gary 17813 
gas 17708 17735 
gas-n-all 17749 
gateway 17721 
gauging 17721 
gave 17760 17766 
gd 17841 
ge 17700 
gec 17841 
gemayel 17844 
geneen 17782 
general 17700 17780 17800 17814 17826 17831 17838 17841 17855 
generale 17703 17715 
generally 17731 
generated 17849 
generating 17735 17859 
generation 17734 
generators 17859 
genetics 17848 
geoffrey 17862 
gerhard 17821 
german 17741 17747 
germany 17747 17750 17821 
geurin 17839 
giaquinta 17806 
gilotherm 17743 
give 17700 17778 17849 
giving 17721 17778 
glenview 17711 
gll 17735 
global 17803 
globe 17721 
gm 17815 17831 17838 17855 
gold 17714 17791 
goldman 17775 
gollust 17778 
good 17713 17721 17779 17849 
goods 17839 
government 17721 17724 17731 17771 17814 17862 
governments 17803 
governors 17770 
gq 17841 
grace 17768 
grade 17731 
gradually 17721 17779 
grain 17722 17755 17767 17769 
grains 17755 
grand 17703 17715 17830 
grand-union-co 17703 17715 
great 17716 17862 
greater 17721 17846 
greatly 17721 
greenslet 17721 
gregory 17700 
grip 17862 
grocery 17790 
gross 17859 
grossly 17812 
group 17723 17724 17737 17744 17748 17750 17760 17771 17776 17778 17782 17784 17790 17799 17825 17835 17837 17839 17843 17849 17859 
groups 17766 
grow 17779 17797 
growing 17747 17750 17812 17839 
grown 17812 
growth 17700 17708 17713 17721 17741 17747 17779 17812 17862 
growth-oriented 17747 17750 
grumman 17841 
guarantee 17755 
guaranteed 17858 
guarantees 17755 
guarding 17750 
guess 17754 17756 
gulf 17750 17780 17830 
gull 17735 
gun 17726 
gundy 17856 
h. 17849 
habermeier 17821 
haefner 17700 
half 17721 17862 
hall 17719 
halted 17731 17814 
halved 17731 
hampshire 17793 
hand 17700 17707 17839 
hanover 17848 17858 
happen 17760 
happening 17779 
harcourt 17701 
harder 17700 
hardware 17737 17841 
harold 17782 
hart-scott-roding 17860 
harvey 17706 
hasbrouck 17744 
havilland 17862 
hayes 17734 
hazardous 17812 
hbj 17701 
hca 17818 
head 17803 
heading 17862 
headquartered 17782 
headquarters 17797 
health 17708 17716 17720 17786 17862 
healthcare 17740 
healthcorp 17740 
heaptitis 17720 
heat 17743 
heavy-duty 17855 
hedge 17721 
hedging 17817 17820 
heightened 17750 
heights 17744 17766 17802 
heinold 17827 
held 17731 17777 17821 17837 17849 
helicopter 17844 
helping 17862 
hemisphere 17803 
henderson 17839 
herb 17812 
heritage 17770 
hertz 17778 
heusen 17808 
heveren 17759 
hickory 17853 
high 17707 17724 17731 17839 
high-20,000-dlr 17806 
high-powered 17739 
higher 17708 17715 17731 17745 17758 17778 17779 17812 17816 17836 
highly 17779 17839 
highs 17771 
highway 17724 
hilton 17778 
hinted 17750 
hints 17750 17759 
hired 17744 
historic 17862 
hmc 17806 
hme 17843 
hodes 17706 
hog 17823 17827 
hogs 17823 
hold 17700 17754 17778 
holders 17778 17826 17860 
holding 17766 17771 17809 17846 
holdings 17700 17707 17731 17787 
holds 17812 
home 17760 17780 17843 
honda 17806 
hong 17713 17777 
hong-kong 17713 17777 
honor 17742 17783 17805 
hope 17862 
hopes 17771 
hospital 17818 
hospitals 17818 17854 
hoss 17844 
hostile 17701 17837 
hotel 17736 
hotels 17778 
hours 17714 
house 17747 17823 17853 17862 
houston 17705 
houston-based 17839 
howard 17765 
hu 17712 
hudson 17718 
hug 17712 
huge 17754 
hughes 17712 
human 17790 
hunger 17803 
hutton 17700 17776 17812 
hybd.o 17854 
hycor 17854 
ibm 17700 17734 17851 
icbi.o 17811 
icco 17707 17733 
icr.to 17788 
ida 17768 
identified 17760 17806 
identify 17760 
iea 17780 
ii 17851 17862 
iii 17734 
ill-prepared 17780 
ill. 17711 17765 17827 17860 
illnesses 17843 
image 17862 
imf 17821 
imma.o 17749 
immediately 17699 17760 17849 
immediatley 17776 
impact 17707 17803 17827 17843 
imperial 17708 
implementation 17829 
implemented 17721 
implications 17818 
important 17862 
imported 17759 
imports 17713 
improperly 17816 
improved 17708 17721 
improvement 17708 17760 
inaction 17707 
inadequate 17812 
inaugurated 17731 
inc. 17809 
inches 17813 
incidents 17843 
include 17823 
included 17849 
includes 17703 17734 17808 17818 
including 17743 17768 17851 17859 
income 17703 17775 17786 17836 17846 17861 
increase 17761 17763 17783 17805 17833 17839 17841 17850 
increases 17755 
increasing 17700 17721 
increasingly 17780 
increment 17725 
incurring 17704 
indecisive 17766 
independent 17700 17778 
index 17783 17805 17817 17820 
indication 17766 
indicator 17707 
indium 17783 17805 
individuals 17719 
industrial 17750 17777 17825 
industrialized 17747 
industries 17708 17720 17792 17802 17809 17837 17843 17860 
industry 17700 17707 17723 17724 17760 17779 17812 17823 17849 
ineffective 17707 
inert 17735 
inflation 17714 
info-data 17746 
inform 17793 
information 17737 17797 
ingersoll 17849 
initial 17774 
initially 17735 
injured 17724 
injuries 17844 
inroads 17700 
inspection 17797 
inspections 17722 
installation 17737 
instance 17721 
institutional 17763 17778 
institutions 17701 17719 17778 17846 
instruments 17854 
insufficient 17823 17855 
insurance 17709 17754 17756 17792 17809 17843 
insured 17843 
insurers 17843 
integration 17725 17823 
intel 17711 
intends 17846 17861 
intent 17787 17810 17835 
intention 17707 
interest 17706 17758 17763 17768 17772 17786 17793 17796 17808 17810 17816 17835 17858 
interested 17810 17862 
interests 17731 17750 
intermediate 17771 
intermittent 17707 
international 17700 17707 17713 17720 17721 17731 17734 17745 17768 17778 17780 17788 17801 17803 17804 17811 17821 17823 17848 17849 17851 17856 
internationally 17862 
intervention 17707 
interview 17779 17862 
intl 17856 
intra-u.k. 17721 
introduce 17789 
introduced 17711 17734 17851 
introduces 17711 17851 
introducing 17789 
introductory 17734 
investing 17827 
investitech 17699 
investment 17703 17774 17777 17809 17836 
investments 17719 17777 17849 
investor 17700 17721 17723 17760 17784 17835 17837 17849 
investors 17782 17817 17818 17820 17830 17849 
involved 17700 
involves 17797 
iranian 17750 
iranian-iraqi 17780 
iraqi 17750 
irdv.o 17745 
iron-steel 17829 
irresistible 17754 
irving 17797 
issue 17701 17730 17852 17856 
issued 17738 17787 17796 
issues 17783 17803 17805 
issuing 17730 
ita 17731 
italy 17750 
itc 17731 
itc-related 17731 
items 17759 17851 
itld.o 17699 
ito.to 17856 
j. 17700 17765 
jacksonville 17746 17847 
james 17719 
janney 17721 
january 17732 17770 17816 17839 
japan 17731 17747 17750 17804 17854 
japanese 17731 17741 17747 17817 17820 
jeffrey 17812 
jenrette 17700 17782 
jeol 17854 
jerry 17806 
jersey 17744 
jet 17799 
jetliners 17721 
jets 17721 
job 17700 
joe 17849 
john 17713 
joined 17700 17814 
joint 17724 17855 
jointly 17771 
joints 17724 
jose 17798 
jovanovich 17701 
jr. 17812 
judgment 17830 
julius 17721 
july 17707 17710 17717 17771 17772 17817 17820 17833 17857 17860 
jumped 17839 
june 17699 17700 17701 17703 17704 17705 17706 17707 17708 17709 17710 17711 17712 17713 17714 17715 17716 17717 17718 17719 17720 17721 17723 17724 17725 17726 17729 17730 17731 17732 17733 17734 17735 17736 17737 17738 17739 17740 17743 17744 17745 17746 17747 17748 17749 17750 17751 17752 17753 17754 17755 17756 17758 17759 17760 17761 17763 17765 17766 17768 17769 17770 17771 17772 17773 17774 17775 17776 17777 17778 17779 17780 17781 17782 17783 17784 17785 17786 17787 17788 17789 17790 17791 17793 17795 17796 17797 17798 17799 17800 17801 17802 17803 17804 17805 17806 17808 17809 17810 17811 17812 17813 17814 17816 17817 17818 17820 17821 17822 17823 17825 17826 17827 17828 17829 17830 17831 17832 17833 17834 17835 17836 17837 17838 17839 17841 17843 17844 17846 17847 17848 17849 17850 17851 17852 17853 17854 17855 17856 17857 17858 17859 17860 17861 17862 
jupiter 17710 
justice 17700 
justify 17823 
kaiser 17713 
kalamazoo 17822 
kan. 17736 
karami 17844 
keene 17782 
keith 17778 
kendall 17797 
kenneth 17765 
kentucky 17789 
key 17754 17756 17806 17849 
keystone 17822 
kidder 17812 
killed 17724 17750 
kilobytes 17711 
kimberley 17783 17805 
king 17786 
kingsbridge 17787 
kits 17841 
kl 17731 
klein 17812 
km 17710 
kms 17720 
kmsi.o 17720 
knox 17797 
kong 17713 17777 
korea 17713 17755 
kresge 17710 
kuala 17731 
kuwait 17780 
kuwaiti 17750 17780 
l. 17754 17756 
l.p. 17785 
la 17816 
label 17763 
labor 17814 
laboratory 17775 
lack 17731 
ladd 17853 
ladd.o 17853 
laguna 17825 
lake 17770 17771 17852 
lakeland 17726 
land 17773 
landa 17835 
landing 17779 17862 
large 17700 17714 17731 
largely 17700 17731 
largest 17700 17721 17723 17766 17779 17796 17846 17849 
larry 17776 17812 
laske 17821 
late 17731 17760 17779 17781 
latin 17754 17756 
lauderdale 17699 17729 
launched 17731 17797 
laurence 17839 
lawrence 17700 17849 
laws 17814 
lawsuit 17701 
layoff 17855 
lci 17732 
lcic.o 17732 
ldc 17846 17861 
ldgx.o 17736 
lead 17783 17805 
lead-zinc 17783 17805 
leaders 17750 17759 17844 
leadership 17723 
leading 17721 17775 17839 17849 17859 
learning 17779 
leases 17846 17861 
leave 17700 17839 
leaves 17721 
lebanon 17844 
leblanc 17816 
led 17708 17723 17784 17835 17846 17849 
legislation 17814 17823 
lehman 17714 17731 17760 17776 
leisure 17732 
lending 17768 
lesser 17846 17861 
letter 17787 17810 17835 
level 17707 17771 
levels 17708 17731 17829 
leverage 17818 
leveraged 17760 17837 
levy 17849 
liabilities 17716 17782 
liberal 17862 
liberalization 17721 17779 
liberalized 17779 
license 17713 17718 
licenses 17718 
licensing 17732 
liemandt 17700 
life 17709 17792 17809 
lifo 17808 
lifted 17812 17823 
lifting 17714 
lifts 17776 
light 17830 17855 
likes 17721 
limit 17714 
limitations 17707 
limited 17714 17780 17785 17841 
limits 17714 17817 17820 
lincoln 17800 
lincoln-bancorp 17800 
lindner 17785 
line 17734 17755 17771 17806 17813 17854 17855 
lines 17700 17778 17806 17814 
link 17798 
litigation 17731 17837 
littles 17789 
live 17823 
living 17783 17805 
lme 17731 
load 17779 
loan 17699 17768 17770 17835 17846 
loan-loss 17754 17756 
loans 17758 17768 17846 17861 
local 17744 17813 17829 17844 
locals 17783 17805 
located 17855 17862 
location 17775 
lodgistix 17736 
logistics 17841 
london 17701 17707 17731 
long 17721 17752 17783 17784 17805 
long-haul 17721 
long-term 17699 17778 17818 17830 
longer 17843 
lorimar 17732 
lorimar-telepictures 17732 
los 17846 17861 
loss 17756 17773 17788 17791 17795 17811 17842 17846 17848 17850 17861 
losses 17714 17721 17754 17779 17840 17846 17861 
lost 17700 17771 
lot 17862 
lots 17862 
louis 17721 17743 17781 17790 
louisiana 17830 
low 17708 17731 17812 17855 
low-profit 17818 
lower 17707 17760 17775 17779 
lowered 17784 17837 
lowest 17708 17711 
lows 17707 
lp 17740 
ltd. 17799 
ltv 17799 17829 
lube 17797 
lubricants 17797 
lubrication 17797 
lufkin 17700 17782 
lumpur 17731 
lured 17700 
luxury 17806 
luxury-performance 17806 
lynch 17700 17721 
m. 17765 
machines 17700 17734 17851 
macintosh 17851 
made 17700 17707 17731 17745 17747 17748 17750 17760 17780 17806 17812 17837 17854 17862 
magnate 17701 
main 17731 17759 17783 17805 
mainframe 17700 
maintain 17723 17812 17818 
maintaining 17700 
maintenance 17716 17783 17805 
majeure 17783 17805 
major 17700 17721 17731 17747 17750 17771 17789 17813 17846 
make 17713 17716 17729 17731 17763 17766 17771 17793 17849 17862 
makeover 17862 
maker 17775 
makers 17843 
makes 17778 17782 17858 
making 17707 17721 17816 17846 17861 
malaysia 17731 
malaysian 17731 
maldutis 17721 
malnutrition 17803 
manage 17800 
management 17701 17719 17736 17760 17775 17778 17779 17812 17814 17839 17849 17860 
manager 17707 17731 17733 17771 17813 17849 
manages 17719 17740 17849 
managment 17849 
manhattan 17701 17754 17756 17846 
manner 17714 
manufacture 17724 17763 
manufactured 17799 
manufacturer 17862 
manufacturers 17843 17858 
manufacturing 17708 17743 17744 17781 17862 
manville 17843 
marckesano 17721 
margins 17760 
marine 17759 
marked 17708 
market 17700 17701 17704 17707 17713 17714 17721 17730 17731 17754 17756 17771 17779 17786 17797 17806 17827 17839 17855 17862 
marketer 17775 
marketing 17700 17797 17804 17827 17839 
marketplace 17754 17756 
markets 17708 17714 17721 17798 17804 
marshall 17721 17748 17750 17779 
mart 17710 
marts 17749 
masco 17787 
mascot 17791 
mass. 17717 17738 17739 
massachusets 17793 
mat 17849 
match 17836 
material 17731 
mattawan 17745 
mattel 17849 
matters 17837 
maximize 17778 
maxwell 17701 
mccabv.o 17718 
mccl.o 17802 
mcclellan 17700 
mccrory 17710 
mcdonell 17735 
mcdonnell 17735 
mcginnis 17790 
mclain 17802 
mcleod 17856 
md 17735 
md. 17848 
means 17721 17783 17805 
mechanical 17780 
medical 17814 
meditrust 17717 
medium 17731 17855 
mee 17812 
meet 17750 17754 17756 17779 17783 17805 17812 
meeting 17750 17754 17756 17759 17760 17783 17805 17834 17846 17860 
meetings 17748 17750 
megawatts 17859 
mellowed 17849 
member 17747 17750 
members 17706 17731 17784 
membership 17783 17805 
memory 17711 
men 17750 
mentioned 17776 
mercantile 17771 17817 17820 
merger 17700 17706 17727 17760 17766 17779 17787 17860 
mergers 17721 17779 
merrill 17700 17721 17751 
metal 17731 17781 
metals 17714 
method 17720 
metropolitan 17744 
mexico 17859 
mfst 17700 
mich 17822 
mich. 17720 17745 17802 
michael 17839 
michigan 17800 
microcomputer 17734 
microcomputers 17700 
microprocessor 17711 
microsoft 17700 17711 
microwave 17739 
mid-april 17760 
middle 17780 17804 17807 17830 
mideast 17750 
midland 17771 
midway 17707 
mike 17780 
miles 17783 17805 
military 17735 17780 17841 
millard 17849 
miller 17823 
million 17839 
mills 17731 
milwaukee 17795 
mine 17783 17805 
mines 17791 17852 
minimum 17817 17820 
mining 17708 17791 
minister 17844 
ministerial 17803 
ministers 17748 17750 17759 17779 
minn. 17751 
minneapolis 17839 
mirages 17701 
mislead 17721 
missile 17739 17750 
mississippi 17830 
misssissippi 17830 
mistake 17721 
mitigate 17721 
mixed 17839 
mo. 17781 17790 
moai.o 17804 
mobile 17718 
model 17806 
modem 17734 
modems 17734 
modulaire 17860 
modx.o 17860 
monday 17839 17859 
monetary 17821 
money 17846 17849 
money-fx 17742 17748 
money-losing 17862 
monsanto 17743 
montgomery 17721 17760 
month 17709 17731 17734 17758 17779 17839 17846 17862 
monthly 17730 17830 
months 17714 17716 17731 17776 17786 17802 
montreal 17704 17799 17855 
moody 17807 17818 17830 
moonachie 17744 
moore 17705 17825 
morgan 17837 
morino 17804 
morning 17760 17859 
morris 17782 
mortgage 17699 17830 17858 
moslem 17844 
mosquito 17862 
motor 17806 17832 
motors 17831 17838 17855 
mounting 17841 
move 17714 17731 17754 17766 17775 17778 17806 17846 17861 
moved 17731 17776 
movements 17731 
moves 17714 17760 
mpb 17764 17782 
mrll.o 17751 
ms-dos 17711 
msft.o 17711 
msg.to 17791 
msu 17830 
mtc 17743 
mths 17788 17791 
mtrus.o 17717 
mulberry 17699 
multilateral 17803 
murfreesboro 17740 
muted 17731 
myers 17803 
n'pak 17727 17760 
n't 17701 17754 17756 17771 17862 
n. 17815 17819 17824 
n.c 17853 
n.c.. 17724 
n.h. 17782 17793 
n.j 17775 
n.j. 17703 17715 17716 17763 17782 17826 
n.y. 17716 17718 17735 17744 
n.y.-based 17700 
na 17813 
named 17705 17790 17844 
names 17705 17844 
narrow 17714 
narrowly 17829 
nation 17780 17797 17839 17846 
national 17706 17724 17740 17754 17770 17784 17797 17803 17821 17823 17850 
nations 17731 17779 17803 
nationwide 17737 
nature 17779 
naval 17725 
navigation 17750 
navy 17726 
near-term 17721 
nearby 17714 17771 
neb. 17737 
neck 17716 
needed 17747 17750 17812 17818 
neglect 17862 
negotiate 17829 
negotiated 17783 17805 
negotiating 17829 17843 
negotiation 17734 
negotiations 17744 17829 
neighboring 17793 
net 17703 17712 17745 17751 17753 17773 17788 17791 17795 17802 17808 17811 17834 17836 17839 17846 17848 17861 
network 17721 17723 17734 17737 17768 
networks 17721 
new-zealand 17804 
newly 17782 17816 
newly-formed 17782 
news 17700 17771 17806 
newspaper 17776 17849 
nhc 17740 
nhtsa 17724 
nice 17721 
nicolet 17843 
nigel 17825 
nikkei 17817 17820 
ninth 17793 
nominal 17760 
non-compliance 17816 
non-computer 17700 
non-nuclear 17859 
norcorss 17734 
north 17721 17744 17760 17771 17828 17831 17832 17838 17847 17862 
note 17703 17712 17763 17773 17791 17795 
note:1987 17808 
noted 17700 17707 17758 17760 17782 
notes 17782 17853 
noting 17707 17812 
nppc 17823 
nuclear 17721 17793 17859 
number 17749 
nursing 17740 
nymex 17771 
nyse 17721 
o'neill 17714 
oa/ob 17753 
oak 17860 
oakland 17723 
objections 17823 
observed 17707 
obtain 17781 
obtaining 17786 
occassionally 17776 
occidentale 17703 17715 
october 17731 17765 17856 
odetics 17753 
offer 17731 17760 17766 17776 17812 17829 17837 17839 17843 
offered 17779 17796 17806 17839 17852 
offering 17721 17763 17796 17800 17852 
offerings 17700 
offers 17760 17771 17797 
office 17736 17780 17783 17805 
officer 17705 17721 17765 17839 17849 
offices 17721 17814 
official 17733 17776 
officials 17724 17760 17776 17793 17849 17862 
offset 17703 17714 
offshoot 17862 
ohio 17718 17766 17785 
oil 17708 17750 17759 17771 17780 17797 17812 17813 17816 
oilers 17780 
oils 17759 17841 
oilseed 17755 
oilseeds 17755 
okays 17860 
okla 17771 
okla. 17857 
oklahoma 17780 
olympics 17713 
omaha 17737 
omni 17816 
on-board 17735 
onboard 17721 
one-day 17814 
one-piece 17711 
one-third 17771 17793 17846 17861 
one-year 17720 
ongoing 17774 
open 17724 17779 17786 17806 
opened 17740 
opening 17736 17779 
opens 17736 17740 17797 
oper 17788 17791 17795 
operate 17710 17713 17859 
operated 17814 17816 
operating 17711 17731 17774 17775 17781 17795 17813 17859 
operation 17793 17814 17855 17862 
operations 17700 17714 17721 17731 17744 17746 17754 17779 17795 17810 17813 17862 
operator 17771 17793 17801 17816 
opportunities 17804 
opportunity 17760 
opposed 17759 
optimistic 17760 17862 
option 17862 
options 17711 17735 17806 17810 17837 17862 
orally 17770 
orange 17781 
order 17862 
ordered 17830 17862 
orderly 17714 
ordinary 17721 
ordnance 17782 
ore 17783 17805 
ore. 17770 
oregon 17770 
organization 17707 17716 17856 
organizations 17803 17821 
organized 17782 
original 17731 
origins 17707 
orlando 17712 
ot 17852 
ottawa 17862 
ouachita 17813 
ounce 17714 
outbound 17849 
outdoor 17746 
outlined 17823 17862 
outlook 17721 
outmoded 17862 
outperform 17721 
output 17815 17819 17828 17831 17832 17838 
outstanaing 17772 
outstanding 17728 17731 17732 17738 17746 17766 17777 17812 17833 17837 17846 17861 
over-the- 17839 
over-the-counter 17763 
overcharges 17816 
overhang 17731 
overhead 17775 
overlap 17700 
overnight 17862 
overseas 17862 
oversubscribed 17796 
oversubscription 17796 17852 
owned 17700 17728 17738 17749 17771 17777 17782 17837 17849 
owner 17740 
owners 17793 17816 17849 
ownership 17796 17818 17827 
owning 17704 
owns 17700 17766 17770 17778 17839 
pa 17709 17834 
pa. 17749 17786 
pacific 17713 17777 17812 17840 17842 17845 17846 17850 17861 
package 17734 17759 
packages 17700 
packing 17823 
pact 17707 17783 17805 
paging 17718 
paid 17700 17731 17825 17833 
painewebber 17778 
pak 17760 
palace 17844 
palm 17740 
palo 17859 
panels 17724 
panic 17714 
paper 17806 17818 17850 
par 17772 
parent 17776 17843 17849 17858 
paris 17730 17748 17750 
parish 17816 
park 17703 17715 17765 17852 
part 17707 17724 17801 17829 17857 17862 
participants 17731 17780 
participate 17793 
participating 17797 
participation 17760 17780 
particpation 17760 
parties 17816 
partners 17778 17785 
partnership 17785 17816 
party 17803 
paso 17859 
passed 17724 17823 
passengers 17721 17779 
past 17700 17724 17731 17754 17756 17843 17849 
path 17862 
patrick 17790 
patriot 17739 
patrolling 17750 
patty 17789 
paul 17714 17751 17760 
pay 17701 17717 17727 17760 17761 17779 17826 17843 17849 
payable 17763 17786 17822 
payment 17763 17846 17858 
payout 17717 
payphone 17729 
pc 17711 17734 17849 
pc/xt 17711 
peabody 17812 
peking 17803 
penalized 17754 
pending 17823 17837 
penetrations 17862 
pensacola 17740 
pension 17703 17808 
pentagon 17841 
pep 17744 17789 
pepsico 17744 17789 
pepsicola 17744 
per-share 17700 
percent 17839 
performance 17806 
performing 17708 
period 17745 17788 17816 17846 17860 17861 
periods 17703 
permission 17718 
permit 17779 
permits 17781 
personal 17723 17734 17849 17851 
pet-chem 17743 
peter 17707 17771 17803 
petition 17724 
petroleum 17813 
phar.o 17763 
pharmaceutical 17763 
pharmacontrol 17763 
phase 17779 
phased-in 17721 
philadelphia 17774 17839 
philadelphia-based 17809 
philip 17721 17779 
phillips-van 17808 
phoenix 17850 
phsical 17740 
picket 17814 
picking 17721 
picks 17765 
pickup 17713 
pii 17801 
pincus 17723 17849 
pio.al 17728 
piosec 17728 
pipeline 17757 17771 17813 
pipelines 17813 
piping 17813 
place 17750 17839 17862 
plan 17701 17704 17748 17750 17760 17774 17778 17818 17827 17829 17830 17849 
plane 17862 
planes 17862 
planned 17701 17730 17781 17818 17856 
plans 17710 17715 17731 17746 17750 17762 17775 17806 17856 
plant 17699 17781 17793 17829 17830 17859 17862 
play 17754 17756 17846 
player 17731 
players 17700 
playing 17707 
plc 17701 17773 
pledged 17750 
plymouth 17834 
pnh 17793 
pnm 17859 
pnp 17760 
point 17707 17708 17724 17731 17793 17806 
point-of-sale 17737 
pointed 17830 
policies 17747 17750 17803 
policy 17748 17750 
political 17844 
pollution 17830 
polymer 17825 
polyphenyl 17743 
pool 17760 17796 
poor 17850 
pork 17823 
port 17847 
portfolio 17846 17861 
portion 17721 
portland 17770 
position 17705 17723 17731 17821 
positive 17827 
possibility 17771 17806 17837 
possibly 17779 17809 17862 
post 17846 17861 
postal 17814 
posted 17846 17861 
posting 17830 
postwar 17862 
potential 17700 17707 17771 17810 17812 
potpourri 17700 
poured 17862 
power 17700 17793 17830 17834 17836 17859 
powerful 17700 
pre-1981 17708 
pre-split 17833 
pre-summit 17747 17748 17750 
precaution 17813 
precision 17782 
predicted 17862 
predicting 17731 
predominantly 17721 
preference 17731 
preferred 17760 17782 17818 17822 17826 17830 17850 17856 
preliminary 17732 
premier 17844 
premium 17700 17812 
prepare 17780 
prepared 17750 17760 17780 
preparing 17748 
presence 17804 
present 17700 17839 
preserving 17747 17750 
president 17705 17713 17714 17745 17747 17748 17750 17765 17780 17790 17812 17823 17827 17844 17862 
presidential 17844 
press 17701 17747 
pressure 17754 17778 
pretax 17703 
previous 17699 17707 17780 17833 17839 
previously 17707 17714 17755 17830 17853 
previously-announced 17710 
price 17700 17704 17707 17714 17731 17734 17752 17759 17760 17763 17782 17783 17800 17805 17812 17816 17817 17820 17839 17862 
price-weighted 17817 17820 
priced 17711 17734 
prices 17698 17702 17707 17708 17714 17731 17734 17771 17779 17784 17785 17806 17816 
pricing 17816 
primarily 17763 17839 
primary 17712 17846 
prime 17844 
prime-2 17818 
principal 17763 
principally 17777 
principle 17752 17798 
printing 17701 
prior 17703 17717 17731 17821 17836 17843 
private 17724 17763 17769 17839 
privately 17728 17856 
privately-held 17710 17723 17798 17809 17853 
privilege 17852 
pro-business 17862 
problem 17771 
problems 17700 17721 17754 17756 17779 17803 17812 17829 17862 
procedures 17780 
proceeds 17763 17800 17809 17852 
process 17774 17862 
processing 17700 17783 17805 
processors 17707 
produce 17781 
produced 17783 17805 17862 
producer 17731 
producers 17707 17731 17759 17809 17823 
producing 17707 17731 
product 17700 17734 17789 17854 17862 
production 17699 17709 17725 17735 17783 17799 17805 17823 17824 17828 17831 17832 17838 17862 
productivity 17700 
products 17700 17734 17763 17775 17783 17790 17799 17805 17809 17810 17823 17839 17851 17854 
profit 17788 17811 17839 17846 17850 17861 17862 
profitable 17812 
profits 17721 17839 
program 17704 17720 17734 17768 17780 17797 17801 
programs 17836 
progress 17707 17745 
project 17859 
projection 17812 
projections 17713 
projects 17768 
promissory 17763 
promotional 17734 
properties 17732 
property 17736 
proposal 17701 17759 17760 17766 17817 17820 17829 
proposals 17760 17766 
proposed 17731 17752 17759 17763 17781 17800 17814 17816 17817 17820 17839 17844 
proposes 17778 17817 17820 
proration 17771 
prorationing 17771 
prospects 17830 
protect 17750 17780 
protected 17750 
protection 17846 
protest 17814 
proven 17700 
provide 17723 17731 17734 17737 17755 17768 17774 17841 17843 17855 
provided 17782 17843 
providence 17719 
providing 17854 
provincial 17814 
provision 17716 17842 17846 17861 
provisions 17829 17846 
proxies 17860 
proximity 17726 
prudential 17776 
prussia 17786 
public 17700 17721 17763 17771 17793 17800 17817 17820 17830 17849 17859 
publicly 17760 17777 
published 17806 
publishing 17701 17761 
pueblo 17801 
pump 17859 
pumps 17859 
purchase 17699 17729 17744 17752 17763 17782 17826 17839 17853 17857 17862 
purchases 17707 17731 
purina 17790 
purposes 17707 17800 
pursuant 17706 
push 17750 
pushing 17700 
put 17754 17818 
putting 17855 
pvh 17808 
qbck.o 17738 
qltv 17799 17829 
qman 17843 
qtly 17717 
qtr 17703 17712 17751 17753 17788 17791 17802 17808 17811 17834 17842 17848 
quadrupled 17839 
quality 17818 
quarter 17713 17731 17745 17812 17836 17846 17850 17861 
quarter-by-quarter 17754 
quarterly 17717 17786 17833 
quebec 17855 17856 
quell 17849 
questioned 17839 
questions 17849 
quickly 17721 17839 
quiet 17714 
quincy 17738 
quinn 17700 
quoted 17704 17707 
radio 17718 17844 17849 
rain 17771 
raise 17846 17861 
raised 17760 17761 17777 17785 
raises 17717 17761 
raising 17698 17702 17735 17771 17774 
ral 17790 
rally 17731 
ralston 17790 
ran 17839 
range 17700 17806 17839 
ranges 17714 
ranging 17784 17785 
rank 17744 
rapid 17720 
rapid-american 17710 
rashid 17844 
rate 17703 17708 17730 17742 17748 17750 17758 17761 17778 17822 17846 
rates 17758 
ratings 17818 17845 17850 
ratio 17708 17721 17846 
ratios 17708 
rawc.o 17785 
raytheon 17739 
reach 17843 17862 
reached 17731 17732 17744 17752 17766 17770 17816 17829 17843 17849 
reaches 17816 
react 17771 
reaction 17714 
reactivate 17813 
read 17707 
ready 17780 
reaffirming 17750 
reagan 17741 17742 17747 17748 17750 17780 
realistic 17714 
reallocated 17755 
realty 17786 17796 
rebounded 17731 
recall 17724 
recapitalization 17701 17778 
recede 17813 
recedes 17771 
receipts 17721 
receive 17738 17776 17796 17816 17822 17852 17860 
received 17718 17725 17732 17735 17770 17796 17860 
receiveed 17739 
receiving 17778 
recent 17708 17796 17846 17852 17862 
recently 17707 17797 17823 17849 17851 17855 
recession 17708 
recieve 17768 
reclusive 17839 
recommends 17803 
record 17700 17704 17717 17731 17761 17786 17826 17833 
recreate 17862 
red 17771 17813 
redeem 17772 
redeemable 17856 
redeemed 17826 
redeems 17826 
redeploy 17721 
reduced 17731 17734 17755 17836 
reducing 17796 17803 17818 17837 
reduction 17809 17836 
reference 17707 17731 
referred 17849 
refinery 17841 
refining 17797 
refit 17841 
reflect 17746 
reflects 17758 
reforestation 17768 
refunding 17830 
refusal 17823 
refused 17814 
region 17771 17793 
regional 17803 
registration 17800 
rego 17766 
regular 17786 
regulated 17779 
regulation 17862 
regulations 17816 
regulators 17754 17756 17817 17820 
regulatory 17716 
rehabilitate 17768 
reinsurance 17857 
reject 17812 
rejected 17744 17760 17776 17783 17805 17829 
rejecting 17812 
related 17731 17803 17846 17861 
relations 17849 
relative 17714 
relaunching 17701 
relay 17859 
relays 17797 
reliance 17792 17809 
religious 17844 
reluctance 17793 
reluctant 17731 
remain 17731 17765 
remaining 17700 17783 17805 
remains 17705 
remarks 17780 
removal 17714 
remove 17778 
renamed 17700 17825 
renew 17701 
renowned 17862 
rental 17778 
reopen 17829 
reorganization 17774 
rep 17780 
repairs 17859 
replace 17765 
replaced 17706 
replacing 17699 17778 17862 
report 17707 17767 17776 17780 17790 17806 17850 
reported 17713 17731 17760 17769 17806 17836 17846 17861 
reports 17709 
represent 17783 17805 17812 
representatives 17823 
represented 17837 
represents 17778 17846 17861 
republic 17747 17750 17785 
repurchase 17786 17801 
repurchases 17809 
requests 17796 
require 17829 
required 17707 17784 
requirements 17781 17841 17855 
research 17700 17714 17745 
reserve 17770 17840 17846 17850 17861 
reserves 17754 17756 17846 17861 
reserving 17754 
reshaping 17862 
resigned 17706 
resold 17856 
resolve 17714 17816 17829 
resolved 17731 
resorts 17736 
resources 17723 
respond 17760 
response 17701 17721 17731 17778 
rest 17721 17862 
restarted 17859 
restored 17771 
restoring 17771 
restricted 17814 
restructured 17775 
result 17714 17760 17776 17796 17842 17846 17850 17861 
resulting 17708 
results 17713 17721 
resume 17829 
resumption 17731 
retail 17723 17734 17839 
retailer 17723 17839 17849 
retailers 17839 17849 
retailing 17839 17849 
retained 17839 
retaining 17721 
retirement 17821 
retractable 17856 
retraction 17856 
return 17779 17859 
returned 17707 17859 
revamped 17849 
revco 17763 
revenue 17721 17760 17783 17805 
revenues 17700 17716 17721 17745 17775 17830 17839 
reverse 17707 
reversed 17731 
reversers 17799 
review 17714 17818 
reviewing 17810 
reviews 17721 17818 
revised 17812 
revitalize 17862 
revs 17751 17753 17773 17788 17791 17802 17808 17811 17834 17848 
reynolds 17839 
rg 17791 
rgm.to 17791 
rhone-poulenc 17743 
rice 17719 
richard 17783 17805 17846 
richardson 17725 
richfield 17771 
richmond 17766 
riding 17721 
rights 17701 17729 17779 17796 17826 17852 
rim 17713 
rini 17766 
rise 17771 
rising 17750 
risky 17778 17839 
rival 17700 17806 
rivals 17700 17849 
river 17771 17813 
rivers 17813 
road 17766 
robert 17701 17705 17760 
rochester 17841 
rogers 17816 
role 17754 17756 17846 
roll 17789 
roller 17782 
ron 17862 
room 17778 
rose 17707 17771 17776 17828 17831 17832 17838 17839 
rosenkranz 17792 17809 
roth-american 17810 
rotterdam 17707 17731 
roughly 17771 
route 17721 17779 
routes 17779 
royal 17771 
royalties 17849 
royalty 17849 
royex 17791 
rpk 17852 
rsl 17809 
rtn 17739 
rugged 17862 
rule 17700 
rules 17707 
ruling 17700 17823 17830 17843 
rumored 17812 
rumors 17701 17776 
run 17721 17813 17839 
running 17813 
runs 17771 17813 
rushed 17714 
rushing 17771 
russ 17862 
rwanda 17768 
s/p 17845 17850 
sa 17703 17715 
sabena 17779 
sachs 17775 
saddle 17775 
safe 17793 
safety 17724 17862 
sagged 17839 
sahres 17787 
sale 17704 17778 17782 17791 17809 17818 17827 17837 
sales 17700 17703 17712 17713 17723 17755 17760 17769 17782 17806 17809 17825 17841 17849 17855 
salomon 17721 
salt 17770 17852 
samjens 17837 
samuel 17825 
san 17719 17754 17756 17798 
sandwich 17789 
santa 17728 
sarasota 17847 
sas 17779 
sas-sabena 17779 
satcom 17725 
satisfactory 17830 
satisfied 17731 17855 
saturday 17744 17783 17805 17859 
saudi 17767 17769 
saudi-arabia 17767 17769 
savings 17708 17752 17835 
scandinavian 17779 
sce 17859 
scenes 17731 
schedule 17781 
scheduled 17779 17783 17805 17860 
scheduled-weekly-column 17862 
school 17724 
schoolbus 17724 
schoolbuses 17724 
scott 17700 17721 17760 
sdr 17707 
se 17851 
seabrook 17793 
seamen 17750 
season 17769 
seats 17779 
seaways 17766 
secondary 17804 
secret 17750 
secretary 17724 17803 
secruties 17837 
secured 17763 17830 
securities 17713 17760 17763 17777 17778 17782 17784 17785 17800 
security 17750 17835 17840 17842 17845 17846 17850 17861 
seek 17750 
seeking 17837 
seeks 17724 17805 17810 
sees 17713 17715 17745 17779 17783 17836 
segment 17700 17771 17806 17810 
seidman 17754 17756 
selim 17844 
sell 17700 17704 17734 17762 17775 17789 17792 17809 17849 17854 17856 
sellers 17731 17771 
selling 17714 17778 
sellout 17862 
sells 17794 17827 17839 
semi-annual 17761 
semiconductor 17728 
senate 17823 
senior 17782 17818 17821 17850 17855 17858 
separate 17783 17801 17805 
september 17734 17755 
series 17856 
served 17789 
service 17708 17744 17752 17771 17793 17797 17814 17818 17830 17849 17859 
services 17700 17723 17737 17778 17779 17809 17814 
seslowsky 17706 
set 17787 17793 
sets 17833 
setting 17754 
settlement 17837 17843 
settlements 17816 
severe 17721 
severely 17714 
sgl 17826 
shack 17849 
shape 17862 
share 17700 17701 17713 17738 17745 17760 17761 17777 17778 17784 17786 17795 17796 17800 17801 17812 17822 17833 17836 17837 17839 17846 17856 17857 17860 17862 
shared 17750 
shareholder 17766 17778 17796 
shareholders 17700 17701 17704 17745 17778 17787 17796 17801 17822 17833 17860 
shareholdres 17786 
shares 17701 17704 17706 17712 17721 17727 17728 17729 17732 17746 17760 17761 17763 17766 17772 17776 17777 17778 17784 17786 17796 17798 17800 17801 17812 17833 17837 17839 17852 17856 
sharing 17780 
shearson 17714 17731 17760 17776 
sheet 17721 17778 
shell 17771 
shelton 17812 
shf 17725 
shift 17708 
ship 17750 
shipping 17750 
ships 17725 
shock 17862 
short 17707 17862 
short-term 17699 17704 
shortcomings 17862 
shot 17721 
show 17754 
shr 17712 17751 17753 17773 17788 17791 17795 17802 17808 17811 17834 17848 
shrs 17751 17773 17834 
shut 17771 17783 17805 17813 
shutdown 17771 17859 
shuts 17813 
side 17859 
sign 17731 17760 
signed 17732 17787 17809 17810 17835 
signficant 17812 
significant 17731 17812 
significantly 17846 
signs 17727 
silver 17714 
similar 17783 17805 17806 17846 
simple 17720 
singapore 17713 
single 17700 
site 17781 17862 
situation 17750 17779 17830 
six-state 17793 
six-year 17700 
sixth 17846 
skies 17779 
skytrain 17814 
slipped 17778 
slope 17771 
slow 17771 
slower 17779 
sm 17796 
small 17700 17721 17813 17846 17862 
smaller 17813 
smartcom 17734 
smartmodem 17734 
smelter 17783 17805 
smith 17700 
smithtown 17735 
smooth 17779 
smoother 17779 
soft 17789 
software 17700 17729 17734 17737 
sold 17700 17721 17730 17731 17764 17767 17769 17784 17827 17837 17862 
solely 17700 
solicitation 17778 
soon.o 17726 
sooner 17726 
sophisticated 17779 
sort 17731 17778 
sought 17724 17862 
sour 17771 
source 17700 17771 
sources 17707 17771 
south 17731 17744 17755 17804 17807 17830 17835 
south-korea 17713 17755 
southern 17803 17859 
southmark 17796 
southwest 17839 
soybean 17722 
soybeans 17722 
space 17725 
spain 17804 
spans 17721 
spate 17779 
spawn 17779 
spc 17846 17850 17861 
speaking 17701 17754 17756 
special 17778 17796 17860 
specific 17713 
specifically 17846 17861 
speculated 17760 
speculation 17776 
speculative 17806 
speech 17747 17748 17750 
speed 17700 
spending 17715 
spent 17862 
spin-neck 17781 
split 17724 17761 17833 
spoke 17750 
spokesman 17728 17744 17771 17778 17783 17805 17806 17839 17846 17859 
sports 17787 
spot 17714 17731 
squeezed 17760 
ssales 17736 
st. 17743 17751 17781 17790 
stabilise 17707 
stability 17742 17748 17750 
stage 17814 
staged 17814 
stake 17728 17777 17784 17785 17791 17812 17837 
stand 17750 
standard 17724 17731 17792 17809 17850 
stanley 17837 
stark 17750 
starkman 17778 
start 17699 17806 
started 17862 
starting 17711 17862 
startup 17806 
state 17749 17803 
stated 17846 
statement 17800 17839 17844 17846 17855 
states 17720 17748 17750 17759 17779 17780 
station 17793 
stations 17844 
stay 17830 
steadily 17731 17760 
steam 17859 
steel 17731 17829 
steelworker 17829 
steelworkers 17783 17805 17829 
stephen 17700 
stepping 17760 
sterling 17731 17802 
stevens 17771 
stg 17707 17721 17731 
stiff 17700 
stimulate 17779 
stiritz 17790 
stock 17698 17700 17702 17704 17707 17708 17721 17730 17731 17733 17738 17746 17760 17763 17766 17770 17772 17776 17777 17778 17782 17784 17787 17809 17812 17817 17818 17820 17822 17826 17827 17830 17833 17850 17852 17860 
stockholders 17738 17860 
stocks 17731 17817 17820 
stol 17862 
stood 17846 
stop 17794 17797 17830 17859 
stopped 17771 
store 17703 17710 
stores 17710 17715 17749 17760 17849 
story 17776 
strategic 17760 
strategic-metal 17783 17805 
strategy 17778 17827 17839 
street 17700 17776 17778 
strength 17708 17713 17724 17778 
strengthen 17772 
stressed 17846 
stretch 17862 
strike 17744 17783 17805 17814 
striking 17783 17805 
strong 17700 17721 17731 17849 
stronger 17700 17708 
strongest 17700 17713 
struck 17744 
structure 17772 
studies 17745 
study 17708 17721 17780 
studying 17806 
sub-contract 17862 
subject 17716 17731 17774 17778 17786 
submit 17830 
submitted 17760 
subordinated 17763 17772 17782 17818 17850 
subscribers 17716 
subscription 17852 
subsidiary 17703 17715 17720 17770 17771 17773 17774 17781 17806 17809 17853 
subsoil 17771 
substantial 17827 
substantially 17772 17775 
subsystems 17739 
succeed 17765 
succeeding 17821 
success 17779 
successful 17700 
successfully 17780 
suffered 17862 
sufficient 17782 
suit 17701 17754 17756 
sullivan 17783 17805 
sum 17775 
summer 17823 
summit 17741 17747 17748 17750 17759 
sun 17761 
sunday 17859 
sunni 17844 
super 17778 
superior 17760 17843 
supermarket 17801 
supermarkets 17826 
suppliers 17700 
supply 17712 17735 17780 17855 
supply/demand 17731 
support 17700 17723 17731 17737 17797 17823 17841 17849 17855 17862 
supreme 17830 
surprise 17700 17707 17862 
surrendered 17772 
surrounded 17776 
surveillance 17771 17859 
survey 17725 
swap 17700 
sweeping 17778 
sweet 17771 
sweetened 17837 
swiss 17700 17857 
switch 17721 
switzerland 17857 
sybron 17762 17775 
synar 17780 
synercom 17705 
synr.o 17705 
syracuse/binghamton/cortland 17718 
system 17700 17711 17731 17734 17735 17739 17747 17750 17754 17756 17779 17780 17862 
system/2 17851 
systems 17700 17716 17725 17726 17736 17737 17774 17779 17834 17862 
t- 17750 
t. 17700 
taiwan 17713 
takeover 17701 17776 17778 17812 17860 
takes 17718 
taking 17705 17779 
talent 17839 
talk 17779 
talks 17837 
tan 17849 
tandy 17849 
tankers 17750 17780 
tanzania 17768 
tap 17730 
target 17700 
tariff 17823 
task 17862 
tax 17703 17759 
taxed 17778 
teamsters 17744 
technical 17783 17805 
technologies 17798 17857 
technology 17705 17720 17728 17729 17743 17798 17804 17862 
teeterboro 17744 
telecommunications 17706 17752 17768 
telephone 17729 17752 
television 17732 17839 
teltec 17752 
telzerow 17839 
telzrow 17839 
temporary 17744 
ten 17731 17761 
tender 17727 17730 17760 17766 17837 
tenn. 17740 
tentative 17744 17783 17805 17829 
terence 17700 
terminal 17707 
terminals 17798 
terms 17719 17732 17737 17743 17809 17827 17835 17843 
terrorist 17721 
test 17699 17700 17701 17702 17703 17704 17705 17706 17707 17708 17709 17710 17711 17712 17713 17714 17715 17716 17717 17718 17719 17720 17721 17722 17723 17724 17725 17726 17727 17728 17729 17730 17731 17732 17733 17734 17735 17736 17737 17738 17739 17740 17741 17742 17743 17744 17745 17746 17747 17748 17749 17750 17751 17752 17753 17754 17755 17756 17757 17758 17759 17760 17761 17762 17763 17764 17765 17766 17767 17768 17769 17770 17771 17772 17773 17774 17775 17776 17777 17778 17779 17780 17781 17782 17783 17784 17785 17786 17787 17788 17789 17790 17791 17792 17793 17794 17795 17796 17797 17798 17799 17800 17801 17802 17803 17804 17805 17806 17807 17808 17809 17810 17811 17812 17813 17814 17815 17816 17817 17818 17819 17820 17821 17822 17823 17824 17825 17826 17827 17828 17829 17830 17831 17832 17833 17834 17835 17836 17837 17838 17839 17840 17841 17842 17843 17844 17845 17846 17847 17848 17849 17850 17851 17852 17853 17854 17855 17856 17857 17858 17859 17860 17861 17862 17863 
tested 17714 17724 
testing 17859 
tests 17724 17854 
texaco 17771 
texas 17725 17771 17784 17797 17813 
texas-based 17839 
texas/okla 17757 
texas/oklahoma 17771 17813 
texoma 17771 
textile 17837 
therapy 17740 
thin 17714 
things 17760 
thinks 17754 17756 
thirteenth 17803 
thomas 17705 17724 
thomson 17856 
thous 17722 
thousand 17813 
thousands 17814 17843 
threatened 17780 
three-year 17783 17805 
thrift 17770 
thrust 17799 
thursday 17730 
tied 17783 17805 
time 17700 17754 17760 17771 17775 17812 17839 17849 17862 
time-consuming 17862 
timely 17714 
times 17700 17731 17817 17820 
tin 17731 
tlht.o 17716 
today 17701 17707 17714 17718 17769 17776 17778 17780 17783 17805 17813 17849 17850 17859 
tokyo 17748 17750 17817 17820 
told 17713 17745 17754 17756 17760 17766 17779 17785 17806 17862 
tom 17823 
tomcat 17841 
tomorrow 17707 
tonne 17707 17731 17759 
tonnes 17707 17731 17733 17767 17769 
tons 17783 17805 
tool 17817 17820 
top 17700 17760 
top-level 17750 
topped 17760 
tops 17839 
toronto 17704 17708 17721 17761 17788 17791 17856 17862 
total 17700 17707 17714 17716 17721 17738 17763 17777 17784 17785 17812 17813 17846 17861 
totaled 17760 
totaling 17816 17841 
totalled 17723 
township 17782 
toxins 17720 
toyo.t 17806 
toyota 17806 
tpn 17813 
track 17700 
trade 17731 17754 17756 17803 17806 17823 
traded 17714 17721 17731 17771 17778 
trader 17707 
traders 17707 17714 17731 17776 17778 
trades 17714 
trading 17704 17714 17731 17747 17750 17812 17817 17820 17839 
traffic 17721 17724 17779 
trail 17783 17805 
trained 17760 
training 17780 17841 
tranche 17730 
tranches 17730 
transaction 17706 17723 17738 17743 17787 17849 
transactions 17801 
transfer 17718 17743 
transferred 17721 17774 17779 
transforming 17862 
transit 17814 
transition 17779 
translated 17748 17750 
transmits 17771 
transport 17735 
transportation 17708 17724 17779 17812 
transports 17771 
travel 17778 
travelers 17721 
travellers 17709 
treasurer 17821 
treasury 17730 17758 
treatment 17707 
trend 17731 
trident 17841 
trigon 17816 
trip 17721 
tropical 17768 
troubles 17721 
truck 17797 17828 17832 17855 
trucks 17797 17831 17838 17855 
trust 17786 17796 17858 
trustee 17858 
tsp.to 17761 
tuesday 17733 17859 
tulsa 17857 
turbulent 17862 
turco 17810 
turmoil 17779 
turned 17700 17731 17862 
turner 17839 
turnkey 17737 
twelve 17703 
two-thirds 17771 
two-year 17731 
tx 17771 
type 17754 
type= 17698 17702 17722 17727 17733 17741 17742 17757 17762 17764 17767 17792 17794 17807 17815 17819 17824 17840 17842 17845 
u.k.-bound 17721 
u.s 17706 17722 17750 17767 17770 17780 17794 
u.s. 17700 17701 17706 17708 17721 17724 17725 17726 17742 17750 17755 17756 17758 17769 17770 17771 17774 17779 17780 17803 17806 17823 17830 17841 
u.s.-based 17818 
uam 17719 
uccel 17700 
uce 17700 
uht 17786 
uis 17772 
uk 17701 17707 17721 17731 17750 17779 
ultimately 17779 
umbrella 17731 
unable 17759 17781 17783 17805 
unaffected 17731 
unavailable 17724 
uncertain 17818 
uncertainties 17846 
uncomfortable 17731 
underground 17771 
understanding 17760 
underwriter 17721 
underwriters 17856 
underwriting 17800 
undesignated 17755 
undisclosed 17716 17719 17749 17775 17798 17809 17853 
undser 17732 
unexpected 17862 
unhappy 17707 
uni 17749 
uni-marts 17749 
uninsured 17850 
uninterrupted 17708 
union 17703 17715 17744 17783 17805 17812 17829 17847 
unionized 17814 
unique 17862 
unisys 17772 
unit 17700 17709 17711 17737 17744 17762 17763 17774 17775 17781 17782 17789 17792 17797 17804 17806 17809 17817 17820 17827 17830 17843 17853 17854 17858 17859 
united 17719 17720 17748 17750 17759 17778 17779 17780 17783 17803 17805 17829 17852 
units 17715 17759 17763 17778 17785 17807 17830 17831 17838 
universal 17786 
unlimited 17714 
unmatched 17714 
unnamed 17806 
unp 17812 
unpaid 17858 
unprepared 17780 
unrelated 17801 
unsecured 17830 
unstable 17721 17779 
unwanted 17731 
unwilling 17780 
upc 17812 
upcoming 17750 
upheld 17823 
upper 17778 
ups 17777 17785 
upscale 17806 
upswing 17731 
upturn 17849 
urges 17748 
usbc.o 17770 
usda 17755 17758 17769 
used-oil 17797 
users 17700 
uspci 17812 
usw 17737 
utah 17770 
utilities 17700 17830 
utility 17708 
v-series 17734 
va. 17804 
valley 17854 
valued 17700 17778 17799 
values 17731 17778 
vancouver 17728 17783 17805 17814 
variable 17730 
variety 17710 17862 
vaulted 17700 
veg-oil 17759 
vegetable 17759 
vehicles 17831 17838 
vending 17706 
vendor 17700 
venice 17741 17748 17750 
ventilation 17862 
venture 17849 17855 
verde 17859 
vermillion 17816 
version 17862 
versus 17731 
vibrancy 17750 
vice 17714 17790 17812 
victims 17843 
video 17706 
vienna 17804 
view 17701 17731 
viewed 17731 
violations 17816 17862 
vision 17862 
visit 17779 
vital 17750 
vitamins 17763 
volatile 17714 
volume 17714 17771 17778 17855 
voluntary 17704 
volvo 17855 
vote 17744 17860 
voted 17783 17805 17860 
voting 17783 17805 
vvco.o 17706 
w. 17747 17790 
w.p 17790 
wage 17783 17805 
waiting 17778 17813 17860 
wall 17700 17778 
walter 17700 17821 
wang 17700 
war 17780 17862 
warburg 17723 17849 
warehouse 17731 
warehouse-delivered 17790 
warehouses 17744 
warfare 17725 
warrant 17732 
warrants 17729 17763 17818 
warrington 17709 
wash. 17770 
washed 17757 17771 
washington 17713 17724 17747 17748 17750 17755 17758 17768 17769 17777 17780 17784 17785 17803 17816 17817 17820 17821 17837 17841 
waste 17812 17860 
watch 17830 
watchdog 17724 
water 17771 17813 
waters 17813 
wave 17721 
ways 17780 
wazeter 17745 
wbt.o 17833 
wco 17777 
we'be 17806 
weak 17721 
weaker 17714 
wednesday 17748 17760 17812 
weed 17700 
week 17701 17707 17714 17750 17759 17771 17776 17778 17801 17806 17812 17837 
weekly 17859 
weeks 17744 17754 17756 17839 17855 
weir 17856 
wellesley 17717 
wells 17782 
wessels 17839 
west 17707 17737 17741 17744 17747 17750 17771 17780 17821 
west-germany 17747 17750 
western 17750 
westin 17778 
westport 17811 17833 
westwood 17739 
wheat 17722 17755 
white 17747 
wholesale 17839 
wholly-owned 17774 
wichita 17736 
wide 17700 17813 
widespread 17779 
william 17706 17714 17754 17756 17816 17835 17849 
willingness 17750 
wilson 17760 
win 17778 17812 
wins 17737 
wintersburg 17859 
wis. 17795 
wit 17797 
witco 17797 
witter 17839 
wmx 17860 
wo 17754 17756 
won 17720 17726 
wood 17856 
woodard 17862 
wooden 17862 
work 17721 17803 17855 17862 
workers 17783 17805 17814 
working 17700 17763 17816 
works 17713 
world 17700 17723 17731 17747 17750 17768 17803 17843 17846 17861 17862 
worldwide 17743 17862 
worse 17778 17862 
worth 17700 17730 17735 17739 17784 17839 17841 
wrather 17777 
writethrough 17839 
writing 17846 
written 17816 
wrote 17709 17724 
wti 17771 
wyly 17700 
wynnewood 17813 
wyse 17798 
wyse.o 17798 
x. 17745 
years 17708 17713 17721 17724 17760 17763 17768 17779 17812 17843 17862 
yen 17817 17820 
yesterday 17744 
yield 17779 17856 
york 17700 17701 17706 17710 17713 17714 17721 17732 17744 17760 17771 17772 17773 17775 17776 17778 17781 17787 17789 17801 17808 17813 17818 17830 17837 17839 17843 17849 17850 17858 
york-based 17809 
young 17856 
ze 17711 
zealand 17737 17777 17804 
zenith 17711 
zinc 17783 17805 
zinn 17839 
zollinger 17813 
zurich 17857 
