'let 6197 
're 6197 6322 
****** 6168 6170 6176 6183 6206 6212 6236 6258 6268 6272 6294 6333 
-1 6227 
-1s 6243 
-2n 6181 
-3r 6242 6274 
-3rd 6211 6257 
-4th 6271 
-alleghe 6206 
-brazil-pre 6272 
-brazilian 6268 
-buys 6276 
-buys-i 6200 
-comp 6166 
-complete 6315 
-completes 6282 
-con 6300 
-conrail-re 6171 
-debt-may-b 6230 
-e 6260 
-eastern 6292 
-expects 6220 
-februa 6210 
-fi 6245 
-gets-120.3 6289 
-gets-27.4-mln 6318 
-gets-4 6237 
-holder 6332 
-in 6218 
-in-pact 6226 
-incre 6290 
-loses 6256 
-mtv-to 6167 
-plant-reope 6317 
-pois 6215 
-preferre 6219 
-r 6275 
-real-estate 6228 
-s 6224 6320 
-sees-imp 6214 
-sets-possi 6203 
-simmons 6204 
-studies 6304 
-to 6319 
-to-buy 6246 
-to-sell 6193 
-un 6199 6255 
-unit-ge 6302 
-unit-gets 6314 
-yea 6173 
/author 6190 6197 6328 
/oapec/opec 6177 
0.166 6218 
0.183 6218 
0.185 6218 
0.212 6218 
0/92 6209 
0011 6206 
0012 6272 
0013 6268 6333 
0014 6170 6176 6212 6236 
0015 6183 6294 
0016 6258 
0017 6168 
0024 6205 6252 6295 
0025 6185 6235 6324 
0026 6280 6305 6306 
0028 6204 
0029 6173 6186 6311 
0031 6227 
0034 6233 6275 
0035 6243 
0036 6303 
0040 6172 
0043 6273 
0044 6193 
0045 6175 
0046 6231 
0048 6188 6242 6310 
0049 6271 6298 
0050 6211 6299 
0051 6179 
0052 6309 6314 
0053 6232 6240 6276 6327 
0054 6308 
0055 6210 6318 
0056 6187 6323 
0057 6222 6307 
0059 6279 6297 6302 
0060 6278 6316 6330 
0061 6247 6291 
0062 6198 
0063 6199 
0064 6260 6288 
0065 6165 6244 6254 
0066 6263 
0067 6181 6283 
0068 6289 
0069 6332 
0071 6213 6313 6315 
0072 6257 6312 
0073 6274 6287 
0075 6290 
0076 6239 
0077 6325 
0078 6328 
0083 6223 6224 6250 6317 
0084 6189 6321 
0085 6169 6241 6286 
0086 6293 
0088 6329 
0090 6163 6248 
0091 6167 6292 6319 
0092 6174 6217 
0093 6228 6282 
0094 6202 6226 6285 
0095 6178 6220 6237 6322 
0096 6215 6266 
0097 6182 6261 
0098 6166 6191 6234 
00:03:21.25 6333 
00:05:52.69 6334 
0100 6246 6304 
0101 6203 6238 6277 
0103 6301 
0104 6256 
0105 6225 6253 
0106 6218 
0107 6184 6192 6197 6270 6300 6320 6331 
0108 6180 6195 6200 6201 6245 6281 
0109 6196 6214 6264 
0110 6221 6229 6230 6249 6334 
0112 6190 
0113 6194 6262 
0115 6216 6219 
0117 6207 6255 
0118 6177 
0120 6171 
0121 6164 6259 
0122 6326 
0132 6284 
0134 6251 6265 6269 
0135 6267 6296 
0136 6209 
0145 6208 
03-17 6163 6164 6165 6166 6167 6168 6169 6170 6171 6172 6173 6174 6175 6176 6177 6178 6179 6180 6181 6182 6183 6184 6185 6186 6187 6188 6189 6190 6191 6192 6193 6194 6195 6196 6197 6198 6199 6200 6201 6202 6203 6204 6205 6206 6207 6208 6209 6210 6211 6212 6213 6214 6215 6216 6217 6218 6219 6220 6221 6222 6223 6224 6225 6226 6227 6228 6229 6230 6231 6232 6233 6234 6235 6236 6237 6238 6239 6240 6241 6242 6243 6244 6245 6246 6247 6248 6249 6250 6251 6252 6253 6254 6255 6256 6257 6258 6259 6260 6261 6262 6263 6264 6265 6266 6267 6268 6269 6270 6271 6272 6273 6274 6275 6276 6277 6278 6279 6280 6281 6282 6283 6284 6285 6286 6287 6288 6289 6290 6291 6292 6293 6294 6295 6296 6297 6298 6299 6300 6301 6302 6303 6304 6305 6306 6307 6308 6309 6310 6311 6312 6313 6314 6315 6316 6317 6318 6319 6320 6321 6322 6323 6324 6325 6326 6327 6328 6329 6330 6331 6332 
03-18 6333 6334 
0930 6178 
1,000 6322 
1,006 6216 
1,016,000 6325 
1,037,000 6325 
1,062,000 6310 
1,073 6194 
1,137,000 6234 
1,216,501 6187 
1,283,000 6313 
1,306,860 6181 
1,331,739 6243 
1,332,273 6181 
1,351,076 6231 
1,359,273 6279 
1,427 6194 
1,461,000 6213 
1,476,000 6299 
1,478,000 6227 
1,494,304 6279 
1,500 6251 
1,511 6189 
1,580,000 6218 
1,602,717 6243 
1,614,079 6311 
1,647 6189 
1,666,000 6234 
1,817,000 6213 
1,959,404 6306 
1,982,296 6279 
1.01 6202 6215 
1.03 6279 
1.04 6244 
1.05 6234 
1.065 6178 
1.08 6215 6274 
1.09 6217 
1.1 6166 
1.11 6178 
1.13 6217 
1.14 6248 
1.15 6251 6283 
1.2 6199 6322 
1.20 6274 
1.23 6333 
1.25 6201 
1.27 6244 6283 
1.3 6197 
1.317 6197 
1.40 6202 
1.5 6182 6216 6221 6277 6309 6310 
1.53 6173 
1.58 6179 
1.6 6266 
1.60 6257 
1.690 6197 
1.75 6201 
1.764 6197 
1.79 6299 
1.8 6259 
1.804 6197 
1.851 6197 
1.90 6299 
1.93 6186 
10,000 6215 6249 
10,104 6166 
10,110 6166 
10-jet 6225 
10.3 6261 
10.30 6197 
10.4 6298 
10.6 6179 6330 
100,000 6163 6274 6290 
104.5 6274 
108,000 6313 
109.9 6283 
11,965,000 6299 
11.0 6323 
11.1 6246 
11.2 6201 6254 
11.4 6210 
11.5 6201 6279 
11.52 6197 
11.70 6301 
11.80 6301 
110,356 6231 
110.9 6299 
11076 6163 
11077 6164 
11078 6165 
11079 6166 
11080 6167 
11081 6168 
11082 6169 
11083 6170 
11084 6171 
11085 6172 
11086 6173 
11087 6174 
11088 6175 
11089 6176 
11090 6177 
11091 6178 
11092 6179 
11093 6180 
11094 6181 
11095 6182 
11096 6183 
11097 6184 
11098 6185 
11099 6186 
11100 6187 
11101 6204 
11102 6188 
11103 6189 
11104 6190 
11105 6191 
11106 6192 
11107 6193 
11108 6194 
11109 6195 
11110 6196 
11111 6197 
11112 6198 
11113 6199 
11114 6200 
11115 6201 
11116 6202 
11117 6203 
11118 6205 
11119 6206 
11120 6207 
11121 6208 
11122 6209 
11123 6210 
11124 6211 
11125 6212 
11126 6213 
11127 6214 
11128 6215 
11129 6216 
11130 6217 
11131 6218 
11132 6219 
11133 6220 
11134 6221 
11135 6222 
11136 6223 
11137 6224 
11138 6225 
11139 6226 
11140 6227 
11141 6228 
11142 6229 
11143 6230 
11144 6231 
11145 6232 
11146 6233 
11147 6234 
11148 6235 
11149 6236 
11150 6237 
11151 6238 
11152 6239 
11153 6240 
11154 6241 
11155 6242 
11156 6243 
11157 6244 
11158 6245 
11159 6246 
11160 6247 
11161 6248 
11162 6249 
11163 6250 
11164 6251 
11165 6252 
11166 6253 
11167 6254 
11168 6255 
11169 6256 
11170 6257 
11171 6258 
11172 6259 
11173 6260 
11174 6261 
11175 6262 
11176 6263 
11177 6264 
11178 6265 
11179 6266 
11180 6267 
11181 6268 
11182 6269 
11183 6270 
11184 6271 
11185 6272 
11186 6273 
11187 6274 
11188 6275 
11189 6276 
11190 6277 
11191 6278 
11192 6279 
11193 6280 
11194 6281 
11195 6282 
11196 6283 
11197 6284 
11198 6285 
11199 6286 
112.74 6301 
11200 6287 
11201 6288 
11202 6289 
11203 6290 
11204 6291 
11205 6292 
11206 6293 
11207 6294 
11208 6295 
11209 6296 
11210 6297 
11211 6298 
11212 6299 
11213 6300 
11214 6301 
11215 6302 
11216 6303 
11217 6304 
11218 6305 
11219 6306 
11220 6307 
11221 6308 
11222 6309 
11223 6310 
11224 6311 
11225 6312 
11226 6313 
11227 6314 
11228 6315 
11229 6316 
11230 6317 
11231 6318 
11232 6319 
11233 6320 
11234 6321 
11235 6322 
11236 6323 
11237 6324 
11238 6325 
11239 6326 
11240 6327 
11241 6328 
11242 6329 
11243 6330 
11244 6331 
11245 6332 
11246 6333 
11247 6334 
114.6 6198 6297 
117.4 6234 
117.7 6271 
118,208 6242 
118-year 6215 
119.5 6198 6297 
12,991,000 6179 
12-1/2 6205 
12-month 6194 
12.0 6165 6179 
12.5 6187 6281 
12.8 6258 6263 
120.09 6301 
120.3 6289 
122.8 6283 
123,634 6323 
123.3 6234 
123.4 6293 
124.7 6198 
126,117 6240 
128.4 6244 
13.0 6242 
13.5 6201 
13.7 6223 
131.7 6198 
132,804 6185 
133.7 6198 
134.4 6270 
134.9 6198 
137,9810 6243 
138.9 6200 
13:58:02.67 6163 
13:58:14.19 6164 
13:59:02.01 6165 
13:59:13.83 6166 
13:59:26.98 6167 
14,078 6288 
14-1/2 6329 
14-3/8 6329 
14.2 6298 
141.5 6165 
14:00:17.16 6168 
14:00:30.87 6169 
14:03:23.07 6170 
14:05:04.55 6171 
14:05:11.48 6172 
14:05:19.49 6173 
14:05:28.03 6174 
14:05:50.47 6175 
14:06:29.34 6176 
14:07:35.23 6177 
14:09:07.93 6178 
14:09:23.82 6179 
14:10:19.03 6180 
14:15:41.23 6181 
14:18:49.39 6182 
14:19:54.51 6183 
14:20:31.70 6184 
14:21:58.70 6185 
14:22:01.72 6186 
14:22:06.41 6187 
14:22:11.92 6188 
14:24:16.27 6189 
14:24:30.16 6190 
14:25:29.51 6191 
14:28:02.20 6192 
14:29:51.25 6193 
14:30:28.10 6194 
14:31:19.73 6195 
14:33:12.57 6196 
14:38:53.25 6197 
14:39:00.58 6198 
14:39:12.87 6199 
14:41:21.20 6200 
14:43:54.92 6201 
14:47:24.23 6202 
14:47:51.50 6203 
14:48:45.02 6204 
14:50:08.22 6205 
14:50:56.24 6206 
14:51:52.86 6207 
14:53:16.29 6208 
14:54:53.19 6209 
14:56:12.81 6210 
14:56:33.86 6211 
15,000 6221 
15,692,000 6179 
15-month-old 6269 
15.2 6213 
15.4 6228 
15.68 6263 
15.7 6186 
15.8 6187 6242 
150,000 6239 
1500 6178 
1530 6249 
155.0 6293 
159.2 6201 
15:03:42.88 6212 
15:06:41.26 6213 
15:08:35.28 6214 
15:09:25.98 6215 
15:10:38.90 6216 
15:11:31.37 6217 
15:12:09.00 6218 
15:14:03.51 6219 
15:19:23.38 6220 
15:20:51.24 6221 
15:20:59.30 6222 
15:21:18.83 6223 
15:22:59.73 6224 
15:23:57.46 6225 
15:25:00.64 6226 
15:25:50.03 6227 
15:26:13.68 6228 
15:27:18.52 6229 
15:27:55.75 6230 
15:28:27.89 6231 
15:28:35.24 6232 
15:28:51.91 6233 
15:29:15.57 6234 
15:29:19.58 6235 
15:35:22.93 6236 
15:38:05.31 6237 
15:38:41.78 6238 
15:40:29.80 6239 
15:43:43.74 6240 
15:45:43.87 6241 
15:46:46.37 6242 
15:47:18.25 6243 
15:48:10.52 6244 
15:49:34.13 6245 
15:50:47.22 6246 
15:52:58.78 6247 
15:53:59.33 6248 
15:58:03.44 6249 
15:59:51.94 6250 
16.7 6213 6234 
16.8 6254 
160,000 6284 
164,000 6323 6325 
164.9 6201 
168.8 6201 
16:00:01.84 6251 
16:00:57.67 6252 
16:01:22.25 6253 
16:01:31.46 6254 
16:02:59.35 6255 
16:03:15.71 6256 
16:04:10.99 6257 
16:05:39.72 6258 
16:06:49.08 6259 
16:07:25.53 6260 
16:08:14.12 6261 
16:08:55.07 6262 
16:09:21.34 6263 
16:10:21.67 6264 
16:12:26.48 6265 
16:16:06.32 6266 
16:18:18.94 6267 
16:20:06.14 6268 
16:22:32.73 6269 
16:23:14.58 6270 
16:23:51.18 6271 
16:25:33.68 6272 
16:27:39.60 6273 
16:27:47.63 6274 
16:27:52.44 6275 
16:28:11.26 6276 
16:28:26.44 6277 
16:28:35.23 6278 
16:28:46.43 6279 
16:29:01.54 6280 
16:29:43.49 6281 
16:33:16.21 6282 
16:34:41.72 6283 
16:35:40.34 6284 
16:38:36.04 6285 
16:38:47.00 6286 
16:39:35.67 6287 
16:40:15.06 6288 
16:40:30.14 6289 
16:40:37.11 6290 
16:41:05.31 6291 
16:41:21.91 6292 
16:41:32.88 6293 
16:43:59.58 6294 
16:48:53.42 6295 
16:50:09.32 6296 
16:50:58.00 6297 
16:51:26.11 6298 
16:52:43.17 6299 
16:56:22.94 6300 
16:58:22.03 6301 
17,000 6223 
17-mar-1987 6163 6164 6165 6166 6167 6168 6169 6170 6171 6172 6173 6174 6175 6176 6177 6178 6179 6180 6181 6182 6183 6184 6185 6186 6187 6188 6189 6190 6191 6192 6193 6194 6195 6196 6197 6198 6199 6200 6201 6202 6203 6204 6205 6206 6207 6208 6209 6210 6211 6212 6213 6214 6215 6216 6217 6218 6219 6220 6221 6222 6223 6224 6225 6226 6227 6228 6229 6230 6231 6232 6233 6234 6235 6236 6237 6238 6239 6240 6241 6242 6243 6244 6245 6246 6247 6248 6249 6250 6251 6252 6253 6254 6255 6256 6257 6258 6259 6260 6261 6262 6263 6264 6265 6266 6267 6268 6269 6270 6271 6272 6273 6274 6275 6276 6277 6278 6279 6280 6281 6282 6283 6284 6285 6286 6287 6288 6289 6290 6291 6292 6293 6294 6295 6296 6297 6298 6299 6300 6301 6302 6303 6304 6305 6306 6307 6308 6309 6310 6311 6312 6313 6314 6315 6316 6317 6318 6319 6320 6321 6322 6323 6324 6325 6326 6327 6328 6329 6330 6331 6332 
17.1 6181 
17.3 6261 
17.5 6234 
17.7 6228 
173.5 6201 
17:00:03.20 6302 
17:00:32.62 6303 
17:00:46.57 6304 
17:01:09.60 6305 
17:01:14.10 6306 
17:01:54.17 6307 
17:02:47.88 6308 
17:03:21.78 6309 
17:03:28.99 6310 
17:03:43.87 6311 
17:04:17.45 6312 
17:08:54.43 6313 
17:09:44.05 6314 
17:10:57.66 6315 
17:11:20.87 6316 
17:12:28.61 6317 
17:14:01.74 6318 
17:15:47.16 6319 
17:18:30.67 6320 
17:24:43.25 6321 
17:25:58.68 6322 
17:26:59.72 6323 
17:29:32.76 6324 
17:31:26.65 6325 
17:34:01.50 6326 
17:37:22.33 6327 
17:39:09.02 6328 
17:41:06.85 6329 
17:45:16.02 6330 
17:46:39.66 6331 
17:47:29.66 6332 
18,306,000 6234 
18-mar-1987 6333 6334 
18.3 6186 
18.6 6232 
18.7 6187 6232 6273 
18.9 6261 
181.1 6165 
182,839 6185 
184,062 6211 
189,683 6172 
19.0 6181 
19.4 6185 6281 
19.5 6165 
19.9 6248 
191,000 6313 
194,842 6254 
1970s 6169 
1980 6259 
1980-86 6259 
1983 6195 6281 6322 
1984 6215 
1985 6181 6195 6200 6207 6217 6228 6248 6269 6279 6283 6293 6310 
1985/86 6201 
1986 6165 6175 6177 6182 6191 6197 6199 6201 6217 6219 6225 6228 6256 6259 6274 6277 6281 6283 6288 6290 6292 6293 6304 6309 6310 6322 6333 
1986/87 6201 6236 6239 
1987 6175 6182 6195 6201 6202 6209 6214 6215 6217 6221 6225 6240 6247 6250 6253 6259 6265 6274 6277 6279 6290 6309 6330 
1987/88 6190 6201 6253 6262 
1988 6174 6196 6202 6215 6218 6225 6247 6250 6259 6262 6270 6302 6307 6308 6318 
1988-1992 6259 
1988/89 6190 6262 
1989 6259 6289 
1990 6178 6207 
1990/91 6262 
1992 6178 6207 6259 6314 6316 
1993 6315 
1994 6315 
1995 6329 
1997 6178 6180 
1999 6207 
1st 6172 6175 6185 6227 6233 6240 6243 6311 
2,000 6179 
2,008,103 6288 
2,090,724 6311 
2,097,000 6227 
2,132,073 6181 
2,150,000 6227 
2,173,000 6257 
2,188,678 6257 
2,253,664 6240 
2,325,000 6298 
2,364,280 6257 
2,365,000 6325 
2,400 6238 
2,403,481 6279 
2,472,532 6257 
2,500 6215 
2,502,868 6181 
2,503,451 6231 
2,507,000 6175 
2,538,030 6187 
2,540,000 6283 
2,594,574 6172 
2,600,000 6165 
2,621,778 6306 
2,764,000 6283 
2,785,931 6211 
2,800 6317 
2,806,820 6240 
2,872,000 6325 
2,874,930 6172 
2,899,189 6211 
2,921,173 6323 
2.0 6221 6309 6322 
2.07 6179 
2.1 6309 
2.11 6298 
2.21 6186 
2.3 6331 
2.4 6259 
2.5 6197 
2.55 6176 
2.6 6197 6259 
2.67 6301 
2.7 6309 
2.72 6234 6248 
2.75 6201 
2.78 6248 
2.87 6198 6297 
2.875 6258 6263 
2.89 6294 6301 
2.9 6309 6310 
20.0 6271 
20.4 6271 
20.6 6261 
200,000 6284 6290 
2000 6169 6329 
2007 6327 
2009 6300 
201,660 6246 
2012 6300 6319 
207,719 6323 
208,800 6223 
21,720,000 6299 
21.3 6233 
21.5 6201 6323 
21.6 6254 
219,000 6313 
22,969,000 6299 
22.2 6254 
22.4 6279 
226,791 6273 
22nd 6215 
23,869 6189 
23.3 6201 
232,000 6187 
24-count 6216 
24.0 6273 
24.2 6261 6309 6310 
24.7 6210 
248.44 6301 
25,000 6274 6284 
25-acrte 6229 
25.0 6185 
25.8 6259 
250,000 6290 6301 
251.33 6301 
259.0 6299 
264.7 6244 
269,000 6175 6271 
27,490 6211 
27.2 6316 
27.4 6318 
28,054 6200 
28,866 6243 
28.0 6271 6288 
28.3 6234 
28.9 6274 
285,000 6309 
29,812 6240 
29.1 6234 
29.2 6181 
299,838 6323 
2nd 6181 6187 6204 6244 6254 6283 6309 6310 6313 6325 
3,000 6194 
3,093,491 6323 
3,220,000 6287 
3,326,000 6175 
3,446,752 6323 
3,501,000 6175 
3,543,000 6271 
3,722,000 6227 
3,805,000 6179 
3,863,000 6329 
3,895,741 6242 
3-for-2 6279 
3.0 6190 
3.09 6202 
3.2 6220 
3.32 6198 6297 
3.5 6228 
3.6 6277 
3.66 6301 
3.85 6259 
3.9 6201 
3.90 6304 
30-minute 6326 
30.1 6288 
30.8 6271 
300,000-square-foot 6229 
304-100 6209 
309,963 6231 
31,000 6179 
31.2 6327 
31.3 6210 6314 
31.9 6274 
311,000 6323 
317.3 6299 
32.3 6332 
32.5 6187 
325.13 6301 
329.52 6301 
33,000 6172 
33,938 6216 
33.6 6181 
331,666 6231 
338,000 6313 
338,886 6243 
34,926 6288 
346,000 6213 
347,000 6233 
35,000 6163 6184 
35.1 6173 
35.4 6234 
35.73 6301 
35.8 6210 
35.98 6301 
350,000 6236 6239 
355,000 6218 
358,941 6323 
36.3 6232 
365,000 6325 
369,000 6233 
370,000 6274 
373,000 6175 
374,198 6311 
38.2 6165 
38.4 6201 
38.5 6196 
38.9 6298 
383.4 6198 6297 
384,000 6256 
39.2 6261 
393,372 6232 
397.2 6165 
3rd 6211 6213 6231 6232 6242 6257 6273 6274 6323 
4,000 6215 
4,014,000 6213 
4,036,000 6175 
4,068,000 6323 
4,107,713 6231 
4,278,055 6257 
4,310,068 6187 
4,532,175 6323 
4,679,000 6293 
4,700,000 6325 
4,712,315 6187 
4,872,163 6242 
4,879,000 6165 
4-3/4 6206 
4.0 6182 6190 
4.1 6197 6201 
4.10 6202 
4.16 6271 
4.2 6237 
4.3 6259 
4.39 6294 6301 
4.4 6197 6198 
4.45 6297 
4.5 6198 6304 6312 
4.75 6201 
4.9 6228 
40-50 6225 
400-mln 6209 
403,828 6247 
41.5 6324 
41.8 6210 
411,000 6309 
413.5 6198 
413.6 6297 
418,000 6325 
42,469 6273 
42.2 6165 
42.4 6308 
42.5 6309 6310 
42.6 6187 6261 
420,000 6237 
43.4 6165 
43.8 6254 
434,000 6309 
435,000 6248 
44.1 6261 
44.6 6225 
44.8 6218 
44.9 6261 6298 
45,517,000 6234 
45.0 6165 
45.1 6210 
457,000 6298 
46.1 6210 
46.5 6248 
47,499 6172 
47.5 6282 
473,000 6234 
488,898 6242 
49.0 6261 
490,927 6273 
491,076 6323 
4th 6165 6179 6234 6248 6271 6288 6298 6299 
5,010,000 6213 
5,132,626 6306 
5,155,000 6179 
5,173,318 6240 
5,187,000 6244 
5,269,000 6283 
5,362,000 6244 
5,560,000 6274 
5,575,000 6213 
5,741,000 6283 
5,873,904 6240 
5,896,322 6257 
5,936,000 6213 
5-1/4 6327 
5.2 6245 
5.4 6182 
5.5 6312 
5.6 6197 
50,000 6184 
50.3 6173 6244 6302 
500,000 6245 
502,008 6254 
518,564 6311 
52,198 6232 
530,000 6162 
534,000 6197 
538,000 6218 
54,200 6254 
54,791 6243 
543,000 6298 
55.8 6283 
551,000 6325 
554,000 6313 
59-5/8 6202 
59.7 6217 
59.8 6217 
596,000 6257 
596,760 6257 
6,000 6221 
6,162,000 6274 
6,739,351 6231 
6,790,000 6244 
6,853,000 6325 
6,886,414 6273 
6-mo 6258 
6.1 6179 
6.2 6182 
6.21 6217 
6.25 6200 
6.5 6182 
6.7 6322 
6.70 6176 6178 
60.4 6283 
600,000 6309 6322 
602,766 6232 
6163 6163 
6164 6164 
6165 6165 
6166 6166 
6167 6167 
6168 6168 
6169 6169 
6170 6170 
6171 6171 
6172 6172 
6173 6173 
6174 6174 
6175 6175 
6176 6176 
6177 6177 
6178 6178 
6179 6179 
6180 6180 
6181 6181 
6182 6182 
6183 6183 
6184 6184 
6185 6185 
6186 6186 
6187 6187 
6188 6188 
6189 6189 
6190 6190 
6191 6191 
6192 6192 
6193 6193 
6194 6194 
6195 6195 
6196 6196 
6197 6197 
6198 6198 
6199 6199 
62.1 6228 
6200 6200 
6201 6201 
6202 6202 
6203 6203 
6204 6204 
6205 6205 
6206 6206 
6207 6207 
6208 6208 
6209 6209 
6210 6210 
6211 6211 
6212 6212 
6213 6213 
6214 6214 
6215 6215 
6216 6216 
6217 6217 
6218 6218 
6219 6219 
6220 6220 
6221 6221 
6222 6222 
6223 6223 
6224 6224 
6225 6225 
6226 6226 
6227 6227 
6228 6228 
6229 6229 
6230 6230 
6231 6231 
6232 6232 
6233 6233 
6234 6234 
6235 6235 
6236 6236 
6237 6237 
6238 6238 
6239 6239 
6240 6240 
6241 6241 
6242 6242 
6243 6243 
6244 6244 
6245 6245 
6246 6246 
6247 6247 
6248 6248 
6249 6249 
6250 6250 
6251 6251 
6252 6252 
6253 6253 
6254 6254 
6255 6255 
6256 6256 
6257 6257 
6258 6258 
6259 6259 
6260 6260 
6261 6261 
6262 6262 
6263 6263 
6264 6264 
6265 6265 
6266 6266 
6267 6267 
6268 6268 
6269 6269 
6270 6270 
6271 6271 
6272 6272 
6273 6273 
6274 6274 
6275 6275 
6276 6276 
6277 6277 
6278 6278 
6279 6279 
6280 6280 
6281 6281 
6282 6282 
6283 6283 
6284 6284 
6285 6285 
6286 6286 
6287 6287 
6288 6288 
6289 6289 
6290 6290 
6291 6291 
6292 6292 
6293 6293 
6294 6294 
6295 6295 
6296 6296 
6297 6297 
6298 6298 
6299 6299 
6300 6300 
6301 6301 
6302 6302 
6303 6303 
6304 6304 
6305 6305 
6306 6306 
6307 6307 
6308 6308 
6309 6309 
6310 6310 
6311 6311 
6312 6312 
6313 6313 
6314 6314 
6315 6315 
6316 6316 
6317 6317 
6318 6318 
6319 6319 
6320 6320 
6321 6321 
6322 6322 
6323 6323 
6324 6324 
6325 6325 
6326 6326 
6327 6327 
6328 6328 
6329 6329 
6330 6330 
6331 6331 
6332 6332 
6333 6333 
6334 6334 
65,501 6242 
672,879 6257 
686,000 6218 6310 
69.1 6234 
69.8 6179 
7,015,000 6244 
7,497,782 6257 
7,571,000 6234 
7,598,522 6179 
7,602,000 6165 
7,833,424 6232 
7,963,620 6273 
7-8 6267 
7.10 6176 6178 
7.3 6197 
7.35 6294 6301 
7.5 6275 
7.6 6331 
7.65 6176 6178 
7.8 6228 
705,799 6323 
71.3 6165 
71.6 6322 
71.7 6179 
720,000 6293 
729,500 6202 
733,000 6274 
75,000 6221 
75.0 6301 
75.7 6301 
750,000 6213 
761,000 6179 
765,808 6187 
77,879 6242 
777.5 6333 
78,038 6211 
781,000 6298 
788,000 6274 
8,136,160 6288 
8,167,401 6306 
8,265,541 6179 
8,273,913 6211 
8,371,000 6186 
8,570,000 6293 
8,645,289 6323 
8,785,918 6211 
8,889,000 6293 
8,939,390 6288 
8.1 6217 
8.18 6202 
8.2 6217 
8.3 6197 
8.5 6221 6261 
8.50 6266 
809,243 6232 
81.5 6310 
812,000 6310 
83.4 6299 
831,000 6310 
833,000 6271 
836,327 6288 
841,511 6181 
841,893 6173 
851,776 6231 
854,000 6313 
864,000 6309 
865,000 6293 
872.3 6198 6297 
875,000 6179 
89,687 6211 
897,925 6181 
8am 6317 
9,174,000 6293 
9,379,000 6325 
9,450,000 6293 
9,576,000 6186 
9.50 6197 
9.66 6194 
910,000 6274 
917.4 6198 6297 
92,852 6189 
921,000 6234 
93,000 6313 
93.1 6271 
949,650 6273 
95,477 6173 
951,000 6213 
951,902 6181 
965,924 6254 
97.2 6274 
97.3 6244 
98.2 6331 
987,860 6181 
99.3 6282 
^m 6238 
`` 6169 6177 6184 6190 6196 6197 6202 6203 6208 6215 6226 6250 6251 6253 6262 6264 6267 6269 6285 6296 6304 6317 6321 6322 6326 6328 
a-2 6230 
abdelaziz 6177 6208 
abev 6206 6217 
abilene 6307 
ability 6304 
abroad 6225 
absence 6326 
abusive 6328 
academy 6234 6248 
accept 6270 6331 
acceptance 6319 
accepted 6217 6285 
accompanied 6328 
accompanying 6262 
account 6184 6201 6230 6238 6264 
accounted 6228 
accounting 6181 6198 6202 6251 
acig 6234 6248 
acq 6180 6188 6199 6212 6217 6223 6225 6246 6276 6277 6278 6282 6315 6331 
acquire 6167 6180 6260 6286 6331 
acquired 6180 6188 6217 6220 6276 6277 6278 6309 
acquiring 6180 6212 6217 
acquisition 6180 6217 6277 6288 6315 6328 
acquisitions 6215 
action 6241 6304 6309 
active 6215 6303 
add 6229 
added 6166 6177 6190 6196 6201 6214 6251 6301 6321 6331 
adding 6177 6266 
addition 6196 6203 6209 6282 6304 
additional 6166 6201 6203 6250 6251 6259 6282 6285 
addressing 6177 6253 6265 
adjustable 6194 
adjusted 6165 6197 6279 
adjustment 6164 
administration 6169 6209 6264 6281 6296 6326 
administrator 6265 6267 6296 
adopt 6328 
adopted 6270 6290 
adoption 6202 
advanced 6289 
advantageous 6177 
adverse 6197 
advocate 6163 
advocated 6163 6169 
aeco 6313 
aeroperu 6225 
aerospace 6314 
affairmed 6256 
affected 6184 6262 6317 
affects 6190 
affiliated 6167 
affiliates 6245 6282 
affirmed 6219 
afobaka 6189 
after-tax 6256 
afternoon 6250 6285 
age 6191 
agency 6189 6219 6230 6302 
aggressive 6230 
ago 6198 6210 6321 
agree 6190 6191 
agreed 6167 6177 6197 6207 6208 6217 6270 6317 6331 
agreement 6184 6200 6207 6221 6226 6246 6276 6284 
agreements 6207 
agrement 6226 
agricultural 6251 6253 6259 6284 6296 
agriculture 6209 6221 6239 6251 6259 6265 6267 6269 6296 6326 
ahead 6215 
aid 6209 6284 
aids 6320 
ailing 6334 
aim 6225 6238 
air 6167 6241 6292 
aircraft 6187 6261 6314 6316 6318 
airing 6167 
airline 6191 6225 
airline's 6241 
airlines 6180 6187 6191 6204 6210 6241 6261 6292 
airways 6333 
al 6203 
al-chalabi 6177 
al-wattari 6177 6208 
alan 6167 6284 
albany 6246 
alberta 6247 6306 
alcan 6203 
alcan's 6203 
alerted 6216 
aliance 6190 
all-suite 6214 
allan 6197 
allegations 6191 
allegedly 6216 
alleges 6322 
allegheny 6206 6212 6217 
alleging 6216 
allergic 6304 
alleviate 6190 
alliance 6190 
allotments 6178 
allowance 6195 
allowed 6177 6216 6225 6238 6292 6328 6330 
allowing 6203 6262 6267 
almenara 6225 
alter 6201 
alternative 6209 
alum 6189 
alumina 6189 
aluminium 6203 
aluminum 6189 6203 
alvite 6184 
am-community-farm 6208 
am-peru-fao 6284 
am-peru-firms 6225 
am-sayad 6285 
amd 6266 
america 6193 6212 6217 6262 6282 6315 
american 6244 6269 6286 6301 6313 6315 
amount 6199 6200 6201 6251 6267 6326 6327 6329 
amounts 6207 
ample 6259 
amstutz 6326 
an/uys-1 6289 
analyst 6202 
analysts 6190 6215 6321 
ancillary 6318 
and/or 6221 
angeles 6179 6228 6260 
anita 6179 
annapolis 6229 
announce 6285 
announced 6177 6214 6216 6224 6285 6315 
announces 6180 
annual 6197 6201 6203 6224 6251 6259 6265 6267 6285 6304 6332 
annually 6194 6195 6322 
anschutz 6200 
anthony 6190 6215 
anti-depressant 6304 
anti-government 6189 
antibodies 6320 
anticipate 6266 
anticipated 6262 
anticipates 6182 
antidepressant 6304 
antihistamine 6304 
antonio 6225 
api 6294 6301 
apparent 6326 
appeal 6256 
appeals 6256 
appearing 6207 
appetite 6196 
appliances 6225 
application 6198 6207 6262 6304 
applications 6317 
apply 6262 6328 
applying 6253 
approached 6217 
appropriated 6209 
approval 6193 6224 6304 6328 
approve 6196 6328 6332 
approved 6164 6209 6312 6330 6332 
approves 6192 6209 
approximately 6215 
april 6167 6180 6197 6203 6205 6213 6215 6222 6235 6247 6252 6259 6262 6275 6280 6281 6287 6292 6295 6302 6305 6307 6308 6312 6324 
arab 6177 
arbitrage 6249 
arbitrage-related 6249 
architects 6285 
area 6197 6321 
areas 6177 
arequipa 6225 
arising 6262 
ariz. 6299 
arrest 6216 
arrested 6216 
artists 6167 
asamera 6193 
asistance 6284 
asked 6190 6202 6317 6326 
asm 6193 
assayed 6218 
assess 6197 
assets 6246 
assigned 6300 
assist 6209 
assistance 6209 6250 6265 6284 6285 
assistant 6177 6208 6265 
association 6253 6265 6267 6269 6326 6328 
association's 6251 
associations 6192 
assuming 6201 
assumptions 6264 6270 
assurance 6217 
assure 6180 
assured 6282 
astute 6190 
atlanta 6279 
atmosphere 6190 
attempt 6190 
attempted 6322 
attempting 6322 
attendants 6191 
attended 6326 
attorney 6216 
auction 6263 
audio 6309 6310 6313 
auditors 6192 
august 6181 6200 6221 6309 
austin 6276 
australia 6167 6202 
australian 6167 6202 
author 6190 6197 6328 
authorizations 6221 
authorized 6221 6259 
automakers 6197 
automate 6266 
automated 6278 
automatically 6203 
autumn 6201 
avatar 6327 
average 6177 6201 6208 6218 6259 6330 
averaged 6259 
avg 6165 6175 6179 6187 6198 6234 6243 6293 6323 
avtr 6327 
awaiting 6304 
award 6256 
awarded 6289 6302 6307 6308 6314 6316 6318 
axo 6286 
b-1 6241 
b-3 6241 
b-minus 6219 
b-rated 6219 
ba 6314 
baby 6215 
back 6168 6184 6190 6196 
backed 6253 
backing 6215 
backlog 6277 
bad 6190 
baker 6196 6285 
balaclava 6331 
balance 6196 6230 
bancorp 6162 6246 
bancorporation 6174 6332 
bank 6192 6194 6205 6246 6287 6332 6334 
banker 6228 
bankers 6262 6324 
banking 6164 6262 
bankruptcy 6241 6322 
banks 6162 6164 6176 6178 6192 6262 6285 
banners 6197 
banning 6265 
barley 6265 
barrel 6177 6201 6208 6264 
barrels 6163 6166 6184 6301 
base 6203 
based 6201 6238 6264 6287 6296 6322 
basis 6197 6238 6262 
bass 6260 
bauxite 6202 
bb-minus 6219 
bbb 6300 
bbb-plus 6300 
bbls 6294 
bc- 6185 6186 6188 6232 6243 6257 
bc-******allegheny-bever 6212 
bc-******api-says-distil 6294 
bc-******rostenkowski-sa 6168 
bc-******rostenkowski-se 6170 
bc-******u.s.-fhl-banks 6176 
bc-******u.s.-selling-12 6258 
bc-/allegheny-beverage- 6217 
bc-/api-says-distillate 6301 
bc-/lyng-said-to-have-no 6326 
bc-/rostenkowski-says-ta 6196 
bc-/u.s.-house-approves 6209 
bc-/u.s.-to-sell-12.8-bi 6263 
bc-academy-insurance-gro 6234 6248 
bc-alcan- 6203 
bc-american-electromedic 6313 
bc-american-exploration 6286 
bc-asamera- 6193 
bc-avatar-holdings- 6327 
bc-bankers-trust-new-yor 6324 
bc-boeing- 6314 
bc-brasilia 6268 6272 
bc-bristol-myers- 6320 
bc-budget-seen-paving-wa 6190 
bc-california-micro-devi 6291 
bc-calumet- 6237 
bc-cathay-pacific-airway 6333 
bc-central-bancorporatio 6174 
bc-champion-home- 6224 
bc-chevron- 6302 
bc-cimarron-petroleum 6306 
bc-congressman-urges-whe 6296 
bc-consolidated-stores-c 6165 
bc-continental 6292 
bc-correction 6204 
bc-court-blocks-injuncti 6322 
bc-cpc-international-inc 6295 6305 
bc-cross-boosts-frost-an 6223 
bc-csx- 6171 
bc-d/p-selected-utilitie 6312 
bc-damon-creations-inc- 6298 
bc-dana- 6230 
bc-davox-registers-1.6-m 6266 
bc-diebold- 6226 
bc-diodes-inc- 6211 
bc-discrimination-charge 6191 
bc-domenici-says-energy 6264 
bc-electro-audio-dynamic 6309 
bc-equion-corp- 6181 
bc-essex-chemical-corp- 6235 
bc-farm-program-changes 6265 
bc-favourable-tax-treatm 6262 
bc-fhlbb-approves-funds 6192 
bc-fibronics-internation 6288 
bc-financial-times-launc 6238 
bc-first-capital- 6260 
bc-firstcorp- 6290 
bc-firstcorp-inc- 6275 
bc-gates-learjet-corp- 6299 
bc-ge- 6318 
bc-grace- 6282 
bc-great-american-manage 6244 
bc-h.j.-heinz- 6215 
bc-hallwood-group-inc- 6325 
bc-harley-davidson- 6281 
bc-hawkeye- 6332 
bc-healthvest- 6276 
bc-hechinger- 6300 
bc-herrington-says-he-ma 6163 
bc-hilton- 6214 
bc-honduras-authorized-t 6221 
bc-hospital-staffing-ser 6172 
bc-howell-corp- 6271 
bc-hre-properties- 6240 
bc-hydraulic-co- 6255 
bc-hydro-quebec-in-heari 6207 
bc-ibm- 6289 
bc-ibp- 6317 
bc-inspiration- 6218 
bc-interactive-technolog 6175 
bc-interdyne-co- 6227 
bc-intertan- 6182 
bc-jayark-corp- 6242 
bc-killearn-properties-i 6231 
bc-labatt-studying-expan 6321 
bc-lennar- 6315 
bc-macmillan-bloedel 6195 
bc-macmillan-bloedel-ups 6183 
bc-majestic-contractors 6247 
bc-major-u.s.-farm-group 6269 
bc-malaysia-says-it-depo 6334 
bc-manufacturers-hanover 6252 
bc-marcor- 6220 
bc-marcus-corp- 6274 
bc-midway-airlines- 6180 
bc-mony-real-estate-inve 6213 
bc-moody's-upgrades-texa 6241 
bc-mor-flo- 6256 
bc-nasdaq-halt 6206 
bc-new-italian-treasury 6194 
bc-newmont-gold- 6245 
bc-no-policy-for-or-agai 6251 
bc-norstar- 6246 
bc-nyse-clarifies-triple 6249 
bc-oakwood-homes- 6319 
bc-opec-wants-18-dlr-oil 6177 
bc-oxford-financial-buys 6278 
bc-pacific-stock-exchang 6303 
bc-paperboard-plans-bid 6331 
bc-pennwalt- 6200 
bc-pentron-corp- 6199 
bc-pfizer- 6304 
bc-php-healthcare-corp- 6323 
bc-pride-refining-gets-7 6307 
bc-public-service-enterp 6198 6297 
bc-puerto-rican-company 6308 
bc-realty-south-investor 6279 
bc-reynold-metals- 6202 
bc-santa-anita-cos- 6179 
bc-sceptre-investment 6311 
bc-sears- 6228 
bc-senate-budget-group-s 6270 
bc-sigmaform-corp- 6273 
bc-simmons- 6210 
bc-simmons-airlines-inc 6187 
bc-skywest-airlines- 6261 
bc-spartech-corp- 6233 
bc-stocks-vote 6328 
bc-subcommitee-approves 6164 
bc-suralco's-alumina-exp 6189 
bc-taunton-savings-bank 6287 
bc-technodyne-inc- 6310 
bc-telephone-and-data-sy 6293 
bc-terumo-corp-in-75-mln 6229 
bc-trans-mountain-allowe 6330 
bc-turner-equity-investo 6280 
bc-u.k.-oil-revenue-fore 6201 
bc-u.s-house-budget-chai 6250 
bc-u.s.-attorney-indicte 6216 
bc-u.s.-certificates-to 6259 
bc-u.s.-fhl-banks-sets-r 6178 
bc-u.s.-housing-data-fai 6197 
bc-u.s.-warns-of-depende 6169 
bc-uk-trade-fears-higher 6253 
bc-united-technologies- 6316 
bc-usda-official-sees-7- 6267 
bc-ussr-export-sale 6236 6239 
bc-valero- 6219 
bc-valley-resources- 6222 
bc-venezuela-ecuador-oil 6184 
bc-ventra-buys-joint-ven 6277 
bc-viacom's- 6167 
bc-viatech-inc- 6173 
bc-wainco-oil- 6166 
bc-wausau-paper-mills-co 6283 
bc-western-federal-savin 6205 
bc-westworld-community- 6329 
bc-williams-industries-i 6254 
beasley 6254 
beat 6171 
beaumont-dark 6190 
beef 6317 
beer 6190 
began 6207 6220 6239 6250 6279 6322 
begin 6164 6167 6178 6247 6292 6320 
beginning 6249 6317 
begins 6250 
belgium 6177 6182 6208 
believed 6207 
believes 6177 6208 
belkin 6331 
beneficial 6251 
benefit 6251 
benefits 6163 6250 6251 6255 
bermans 6282 
beverage 6206 6212 6217 
bhd 6334 
bid 6285 6331 
big 6197 6215 
bilion 6228 
bill 6164 6196 6209 6269 
billerica 6266 
billion 6176 6178 6190 6192 6194 6196 6198 6201 6207 6215 6217 6225 6228 6246 6250 6251 6258 6259 6263 6267 6270 6285 6297 6304 6322 6333 
billions 6196 
billiton 6189 
billlion 6201 
bills 6194 6258 6263 
binghamton 6242 
bio-vascular 6243 
bio-vascular-inc 6243 
birckhead 6174 
birney 6202 
blah 6168 6170 6176 6183 6206 6212 6236 6258 6268 6272 6294 6333 
block 6322 
blocked 6253 
blocks 6322 
bloedel 6183 6195 
blood 6320 
bmy 6320 
board 6192 6207 6222 6251 6287 6290 6328 6330 
boddington 6202 
boeing 6314 
bond 6167 
bonds 6219 6230 6241 
bonus 6265 
booming 6285 
boost 6190 
boosted 6197 6202 6223 
boosts 6223 
borrowing 6190 6201 
borrowings 6200 6201 6214 
bottling 6217 
bottom 6197 
bought 6200 6223 6229 6247 
boxboard 6331 
boxcar 6171 
boys 6196 
bpd 6184 6301 
bradford 6319 
branch 6251 
branches 6246 
brands 6215 
brasilia 6285 
brazil 6261 6272 6285 
brazilian 6268 6285 
brewer 6321 
breweries 6321 
bribes 6190 
bridgeport 6255 
bring 6190 6201 6262 6326 
bristol-myers 6320 
british 6186 6190 6195 6253 6262 
broad-scale 6209 
broadcast 6167 
brothers 6245 
brunswick 6207 
brussels 6177 6208 
bt 6324 
budget 6190 6196 6201 6225 6250 6251 6259 6262 6270 
budgetary 6163 
build 6214 6215 6229 6262 
builders 6197 6224 
building 6197 6217 6228 6309 
built 6177 6190 6208 
bulk 6201 
bulletin 6301 
bureau 6269 
bus 6224 
bushel 6251 6259 
bushels 6251 6259 
business 6190 6196 6220 6224 6228 6282 6318 6321 
buy 6164 6199 6209 6221 6225 6246 6282 6321 6327 
buying 6209 
buyout 6188 6282 
buys 6180 6200 6276 6277 6278 
ca 6241 
cabinet 6285 6326 
cafeterias 6217 
calculate 6238 6262 
calculated 6201 6238 6251 6262 
calculation 6201 
calgary 6193 6306 
cali 6237 
calif. 6199 6211 6227 6273 6291 6329 
california 6278 6291 
call 6163 6190 6207 6216 6250 
called 6190 6224 6255 6260 
callicoon 6246 
calls 6177 6326 6328 6332 
calumet 6237 
camd 6291 
canada 6186 6193 6195 6203 6207 6218 6247 6306 6311 6321 6331 
canadian 6207 6218 6221 
cancelled 6217 
cancelling 6217 
canton 6226 
capacity 6163 6210 6301 
capital 6189 6197 6203 6255 6260 6328 
capitalisations.the 6238 
captive 6169 
car 6197 
caracas 6184 
carcass 6269 6317 
cargill 6326 
carl 6214 
carling 6321 
carpenter 6174 
carried 6184 
carrier 6292 
carries 6230 
carry 6167 6320 
carryforward 6309 6325 
carryforwards 6202 
cartel 6169 
case 6253 6296 6331 
cases 6177 
cash 6177 6192 6199 6214 6222 6241 6251 6265 6276 6280 6282 6287 6331 
category 6215 
cathay 6333 
cattlemen's 6269 
caused 6177 6184 6285 
cautioned 6197 
cban 6174 
cbi 6190 
cbo 6251 6270 
ccb 6334 
ccc 6259 6267 
ceiling 6177 6208 6209 
cent 6240 6285 
central 6174 6334 
centrist 6190 
cents 6209 6251 
century 6163 
ceo 6174 
cepe 6184 
cereal 6215 6253 
cereals 6253 
certainty 6196 6269 
certificate 6251 
certificates 6194 6203 6251 6259 6265 6267 
certrizine 6304 
cgp 6322 
chairman 6174 6188 6196 6197 6215 6250 6269 6326 
champion 6224 
chancellor 6190 6201 
change 6181 6187 6201 6253 6262 6270 
changed 6262 
chapter 6241 
charge 6182 6256 6293 
charged 6191 6216 
charges 6191 
chatsworth 6211 
chb 6224 
cheaper 6190 
chemical 6235 6282 
cheverly 6217 
chevron 6302 
chicago 6180 6187 6204 6210 6215 6237 6244 6293 6312 6317 
chief 6174 6196 6215 6251 6285 
chik 6334 
china 6215 6296 
chosen 6190 
church 6254 6323 
chv 6302 
cigarettes 6190 
cimarron 6306 
cincinnati 6174 
citation 6278 
cited 6300 
cities 6246 
citing 6169 
city 6278 6317 
civilian 6285 
claims 6190 6209 6270 
claire 6197 
clancy 6278 
clara 6273 
clarification 6262 
clarified 6249 
clarifies 6249 
clarify 6197 
class 6275 6290 6328 6332 
classes 6328 
clause 6262 
clauses 6184 
clerical 6262 
cleveland 6256 
clients 6184 
cliffs 6295 6305 
clifton 6235 
climbed 6197 
close 6182 6201 6259 6285 
closed 6189 6296 6312 
closely 6251 
closing 6303 
closings 6182 
cns 6165 
co-manage 6266 6319 
co-managers 6245 
co-responsibility 6253 
coach 6224 
coal 6271 
coastal 6322 
code 6241 
codes 6171 
cognizant 6202 
coin-operated 6217 
coldwell 6228 
collateral 6192 
colt 6216 
columbia 6186 6195 
columbus 6165 
combat 6285 6316 
combine 6292 
combined 6190 6292 6331 
combines 6289 
combining 6190 
coming 6197 6201 
commences 6180 
comment 6207 6225 6304 6320 6326 
commercial 6224 6228 6230 6285 6317 
commercial/retail 6228 
commission 6191 6223 6245 6249 6253 6255 6266 6281 6319 6328 
committed 6229 
committee 6163 6164 6196 6250 6269 6270 6326 
committees 6164 
commodities 6209 6221 
commodity 6251 6259 6267 
common 6180 6200 6203 6216 6223 6237 6245 6246 6247 6266 6291 6315 6331 
communications 6266 
community 6177 6253 6329 
community/oapec/opec 6208 
company 6166 6174 6180 6182 6184 6189 6195 6199 6200 6202 6203 6214 6215 6217 6218 6219 6220 6222 6224 6225 6228 6229 6237 6246 6255 6256 6266 6271 6276 6277 6278 6279 6282 6287 6290 6291 6293 6304 6308 6309 6310 6312 6313 6317 6319 6320 6321 6322 6327 6328 6332 
company's 6300 
company-owned 6182 
companyt 6180 
comparable 6171 
compared 6197 6201 6214 6220 6228 6274 
compensate 6184 6197 6209 
compensation 6184 
compete 6281 
competing 6331 
competition 6230 
competitive 6194 6195 6259 6269 
competitiveness 6169 6215 6251 
competitors 6262 
completed 6166 6229 6277 6282 6289 6302 6307 6308 6314 6315 6316 6318 
completely 6202 
completes 6166 6282 6315 
completion 6215 
complex 6276 
compliance 6262 
comply 6317 
comprising 6224 
compulsion 6190 
computer 6189 6277 6303 
computer-aided 6266 
conade 6225 
concentrate 6196 6215 
concentrated 6197 
concern 6169 6215 
concerned 6207 6251 
concessions 6191 
condensate 6166 
condition 6192 
confederation 6190 
conference 6163 6214 
confess 6190 
confirmation 6178 
confirms 6272 
congress 6196 6209 6269 6296 
congressional 6251 6269 6270 
congressman 6296 
congressmen 6169 
conjunction 6163 
conn. 6255 
connected 6328 
connecticut 6255 
connection 6328 
conrail 6171 
consecutive 6215 
consent 6188 
conservation 6265 
conservative 6190 
consideration 6265 
considerations 6199 
considered 6163 6164 6177 6184 6255 6265 
consistently 6219 
consists 6286 6320 
consolidate 6197 
consolidated 6165 6171 
constraints 6163 
constructed 6171 
construction 6237 6254 
construed 6328 
consumer 6285 
consumers 6264 
consumption 6163 6169 
contained 6190 
contends 6322 
contesting 6253 
continental 6241 6292 6326 
continuation 6251 
continue 6177 6195 6245 6251 6253 6276 6315 6317 6328 
continues 6215 
continuing 6217 
contract 6191 6195 6207 6289 6302 6307 6308 6314 6316 6317 6318 
contracted 6251 
contractors 6247 
contracts 6207 
contractual 6184 
contribute 6197 
control 6180 6255 6322 
controlling 6220 
controversial 6253 
convention 6251 6267 
convertible 6200 6300 6319 6327 
convertibles 6300 
convey 6296 
convicted 6216 
convince 6207 
convinced 6197 6281 
cooperate 6177 
cooperation 6177 6208 6249 
cooperative 6326 6334 
cooperatives 6326 
copper 6225 
core 6230 
corn 6221 6236 6239 6251 6259 6269 
corporate 6203 6216 6245 
corporation 6201 6259 6262 
corporations 6201 
correct 6192 6285 
correction 6204 
corrects 6293 
cos 6179 6257 
cost 6190 6196 6209 6215 6259 6262 
costs 6197 6202 6214 6251 6262 
cot 6216 
cotton 6269 
council 6225 6269 6326 
counsel 6311 
counter 6277 
countries 6164 6177 6208 6238 6262 
country 6169 6184 6284 6296 
country's 6285 
counts 6216 
county 6251 6265 
coupon 6194 
court 6253 6256 6322 
cover 6221 6253 
covering 6266 6319 
cpc 6295 6305 
create 6260 6264 
created 6320 
creating 6320 
creations 6199 6298 
credit 6165 6170 6172 6196 6200 6230 6259 6262 6267 6300 
creditors 6322 6332 
credits 6181 6196 6274 6293 6323 
creek 6199 
crisanti 6197 
crisis 6164 
crop 6209 6259 6265 6269 
crops 6209 
cross 6223 
cross-border 6238 
crosson 6328 
crude 6163 6166 6169 6177 6184 6201 6208 6264 6294 6301 
cruzado 6285 
cruzeiro 6285 
csx 6171 
ct 6248 6273 6288 
cubic 6166 6322 
cumberland 6222 
cumulative 6200 
cunning 6190 
curb 6169 
cure 6328 
currencies 6238 
currency 6238 6285 
current 6179 6195 6197 6201 6203 6213 6253 6254 6259 6271 6285 
curtail 6177 
curtailing 6177 
customers 6195 6255 
cut 6169 6190 6225 6253 6259 6285 
cutbacks 6177 
cuts 6190 6196 6250 6285 
cutting 6190 
cyclical 6230 
d-n.y. 6164 
d-pa 6250 
d-tex 6269 
d-vt. 6269 6326 
d/p 6312 
daily 6166 6238 
dakota 6317 
dallas 6192 6232 
dam 6189 
damage 6184 6209 
damages 6256 6322 
damaging 6169 
damon 6298 
dan 6196 
dana 6230 
dana's 6230 
daniel 6326 
data 6197 6226 6266 6270 6283 6293 
david 6190 
davis 6166 
davox 6266 
day 6163 6184 6216 6239 6301 
days 6180 6207 6327 6329 
dbd 6226 
dca 6315 
dcn 6230 
de 6184 6269 
deal 6184 6197 6207 6285 6319 
dealers 6182 6328 
debentures 6219 6300 6315 6319 6327 6329 
debt 6162 6164 6178 6203 6219 6230 6241 6245 6282 6285 6300 6319 6332 
debts 6322 
dec 6185 6195 6279 6283 
december 6174 6182 6259 6314 6316 
deceptive 6190 
decide 6253 
decided 6238 6321 
decides 6190 
decision 6207 6218 6256 6265 6330 
decisions 6269 6321 
declared 6180 6222 6287 
decline 6264 
declined 6192 6215 6217 
declines 6210 
declining 6169 
decreased 6189 6261 
defend 6207 
defense 6177 6302 6307 6308 6314 6316 6318 
deferred 6282 
deficiency 6192 6209 
deficit 6225 6250 6270 
delaying 6196 
deliberations 6270 
delighted 6296 
deliver 6296 
delivery 6196 6239 
demand 6197 6285 
democrat 6196 
democratic 6190 
denied 6255 6256 
denver 6193 6241 6278 
department 6163 6169 6209 6221 6239 6251 6255 6259 6265 6267 6296 6302 6307 6308 6314 6316 6318 
depend 6267 
depended 6177 
dependence 6163 6169 
deposited 6334 
depress 6169 
depressed 6169 
depression 6304 
deputy 6177 6184 6265 6267 6326 6334 
des 6332 
designed 6209 6262 
destination 6171 6184 
destinations 6236 6239 
destroyed 6189 
detailed 6203 6249 6255 6328 
details 6184 6285 
detected 6326 
deteriorating 6190 
deterioration 6285 
determination 6169 6190 
determine 6171 6197 6256 
determined 6251 
determining 6251 
developed 6164 6262 6278 
development 6163 6196 6220 6225 6229 6284 6315 
devices 6291 
dialogue 6177 
diebold 6226 
dietz 6202 
difference 6201 6251 
difficult 6197 
difficulties 6230 6285 
digital 6229 
diligence 6217 
dilson 6285 
diluted 6217 
diminishing 6201 
dinner 6253 
dio 6211 
diodes 6211 
direct 6238 
director 6284 
director-general 6284 
directors 6328 
disallow 6328 
disallowances 6198 
disaster 6209 
disaster-struck 6209 
discarded 6270 
discharged 6182 
discipline 6177 
disclose 6163 
disclosed 6163 6226 
discontinued 6179 6217 6234 6248 6271 6293 6309 6310 
discount 6164 6194 6195 6197 
discourage 6209 
discovered 6202 
discrimination 6191 
discussed 6284 
discusses 6169 
discussion 6184 
dismissed 6191 
disposable 6229 
disposition 6179 
disrupt 6317 
distillate 6294 6301 
distribution 6255 6280 
distributor 6220 
div 6205 6213 6235 6252 6275 6295 6305 6324 
diversified 6282 
divest 6282 
divested 6220 
divided 6263 
dividend 6180 6213 6222 6235 6238 6252 6287 6305 6312 6324 
dividends 6215 6233 6275 6283 6287 6309 6312 
division 6214 6316 
dlr 6165 6172 6176 6177 6178 6182 6195 6196 6201 6202 6208 6209 6229 6246 6250 6251 6264 6270 6289 6300 6302 6307 6308 6314 6316 6318 6319 6322 6331 
dlrs/tonne 6183 
dlrss 6234 
dni 6298 
dnp 6312 
document 6201 
documentation 6262 
dollar 6209 6238 6322 
dollars 6196 6285 
domenici 6264 
domestic 6163 6169 6177 6190 6197 6264 
donald 6229 
donaldson 6319 
door 6296 
doubted 6196 
doubts 6168 6197 
downgrade 6230 
downgraded 6230 
downward 6197 
draft 6284 
drafting 6270 
draw 6284 
drawback 6251 
dreyfus 6326 
drop 6189 6251 6264 
dropped 6189 6301 
dropping 6197 
drops 6219 
drug 6304 6309 
dry 6215 
dryden 6224 
dslr 6213 
dual 6328 
due 6162 6197 6200 6217 6300 6315 6319 6327 6329 
duff 6312 
dutch 6189 
dynamics 6309 6310 6313 
dynamited 6189 
e-6a 6314 
ead 6309 6310 6313 
eal 6292 
earlier 6200 6201 6214 6215 6220 6285 6296 
early 6190 6197 
earn 6165 6172 6173 6175 6179 6181 6185 6186 6187 6198 6202 6204 6205 6211 6213 6214 6215 6220 6222 6227 6231 6232 6233 6234 6235 6240 6242 6243 6244 6248 6252 6254 6257 6271 6273 6274 6275 6279 6280 6283 6287 6288 6292 6293 6295 6297 6298 6299 6305 6306 6309 6310 6311 6312 6313 6323 6324 6325 6333 
earned 6304 6322 
earning 6225 
earnings 6202 6214 6215 6217 6256 6292 6300 6309 
earthquake 6184 
ease 6164 6169 
east 6189 6218 
eastern 6292 
eastwood 6276 
ec 6177 6253 
economic 6163 6197 6259 6264 6270 6285 
economical 6169 
economists 6197 6225 
economy 6169 6190 6197 6285 
ecuador 6184 
ecuadorean 6184 
edgar 6253 
edging 6197 
edmonton 6247 
edouard 6284 
education 6190 
eep 6296 6326 
effect 6177 6190 6195 6196 6208 6215 6251 6317 6328 
effective 6167 6171 6181 6183 6194 6195 6197 6330 
effects 6329 
effort 6180 
efforts 6209 6269 
elected 6190 
election 6190 
electioneering 6190 
electric 6318 
electrical 6225 
electricity 6189 6207 
electro 6309 6310 6313 
electromedics 6313 
electronic 6226 
eli 6304 
eligible 6209 
eliminate 6262 
elkton 6229 
emb-120 6261 
embraer 6261 
emergency 6209 
emphasis 6167 6217 
emphasize 6328 
employees 6182 6229 6317 
employment 6191 6197 
empresa 6225 
enable 6209 
enabled 6216 6262 
encourage 6177 6209 
end 6163 6175 6187 6190 6232 6247 6253 6262 6267 6290 
end-investment 6312 
ended 6182 6188 6198 6199 6217 6220 6224 6244 6254 6279 6283 6285 6301 6311 
ending 6215 
endorse 6196 
endorsed 6209 
ends 6231 6240 6242 6297 6310 6313 
energy 6163 6169 6177 6184 6196 6207 6208 6219 6264 6330 
engine 6318 
england 6207 
englewood 6295 6305 
enhancement 6296 6326 
enourmous 6238 
enrique 6225 
ensure 6184 
enter 6216 
entered 6215 
entering 6190 6249 
enterprise 6198 6297 
enterprises 6224 6331 
enters 6260 
entertainment 6167 
entire 6221 
entirety 6225 
entitle 6180 
entitled 6238 
entry 6291 
equal 6191 6328 
equi 6181 
equion 6181 
equipment 6189 6226 6277 6289 6318 
equity 6238 6280 6286 6326 6330 
equivalent 6322 
eroding 6281 
escalation 6259 
espinosa 6184 
essentially 6207 
essex 6235 
est 6178 6249 
establish 6277 
established 6292 
establishment 6164 
estate 6213 6220 6228 6260 
estimate 6262 6321 
estimated 6201 6209 6218 6262 6284 
estimates 6202 
estremadoyro 6225 
esx 6235 
euro-arab 6177 
europe 6177 6321 
european 6177 6208 6253 6321 
evaluating 6197 
evenly 6263 
event 6180 
evidence 6251 
exceptions 6328 
excessive 6177 6251 
exchange 6201 6223 6225 6237 6245 6246 6247 6249 6266 6303 6315 6319 6326 6328 6329 6332 
exchanged 6259 
exchanging 6203 
exchequer 6190 6201 
excise 6196 
exclude 6179 6309 
excludes 6172 6181 6213 6248 6257 6293 6310 
excluding 6217 
executive 6174 6215 
executives 6196 
exercisable 6180 
exercise 6180 6327 
exercised 6237 
exercising 6237 
exerted 6326 
exist 6166 
existing 6200 6203 6221 6249 6262 6269 
expand 6321 
expanded 6251 
expanding 6195 6209 
expansion 6196 6229 6291 6321 
expect 6262 
expected 6171 6182 6190 6196 6197 6201 6214 6215 6218 6253 6259 6289 6302 6307 6308 6314 6316 6318 
expecting 6202 
expects 6182 6197 6214 6220 6277 6304 
expenditure 6201 
expenses 6256 
experts 6282 
expieration 6180 
expiration 6249 
expire 6180 6249 
expired 6237 
exploration 6163 6286 
explore 6304 
explores 6217 
export 6170 6184 6197 6207 6259 6269 6296 6326 
exporters 6184 6236 6239 
exporting 6326 
exports 6184 6189 6196 6207 
exposure 6251 
extend 6253 6265 
extended 6290 
extending 6329 
extends 6329 
extension 6196 6329 
extent 6262 
extract 6163 
extraordinary 6202 6217 6309 6310 
f-14a 6318 
f. 6254 
f110 6318 
f6083 6163 
f6084 6164 
f6085 6165 
f6086 6166 
f6088 6167 
f6092 6168 
f6093 6169 
f6102 6170 
f6111 6171 
f6112 6172 
f6113 6173 
f6114 6174 
f6118 6175 
f6121 6176 
f6122 6177 
f6127 6178 
f6129 6179 
f6131 6180 
f6140 6181 
f6146 6182 
f6151 6183 
f6152 6184 
f6156 6185 
f6157 6186 
f6158 6187 
f6159 6188 
f6166 6189 
f6167 6190 
f6173 6191 
f6181 6192 
f6183 6193 
f6184 6194 
f6186 6195 
f6192 6196 
f6218 6197 
f6219 6198 
f6220 6199 
f6226 6200 
f6232 6201 
f6237 6202 
f6240 6203 
f6246 6204 
f6252 6205 
f6256 6206 
f6258 6207 
f6264 6208 
f6266 6209 
f6268 6210 
f6269 6211 
f6297 6212 
f6307 6213 
f6310 6214 
f6313 6215 
f6315 6216 
f6319 6217 
f6323 6218 
f6330 6219 
f6347 6220 
f6349 6221 
f6350 6222 
f6351 6223 
f6355 6224 
f6360 6225 
f6362 6226 
f6367 6227 
f6368 6228 
f6372 6229 
f6373 6230 
f6376 6231 
f6377 6232 
f6379 6233 
f6382 6234 
f6383 6235 
f6400 6236 
f6405 6237 
f6406 6238 
f6412 6239 
f6418 6240 
f6424 6241 
f6426 6242 
f6427 6243 
f6431 6244 
f6438 6245 
f6440 6246 
f6442 6247 
f6443 6248 
f6446 6249 
f6449 6250 
f6450 6251 
f6455 6252 
f6456 6253 
f6457 6254 
f6462 6255 
f6464 6256 
f6466 6257 
f6468 6258 
f6470 6259 
f6472 6260 
f6477 6261 
f6479 6262 
f6480 6263 
f6483 6264 
f6488 6265 
f6497 6266 
f6507 6267 
f6510 6268 
f6516 6269 
f6519 6270 
f6520 6271 
f6522 6272 
f6531 6273 
f6532 6274 
f6533 6275 
f6534 6276 
f6535 6277 
f6536 6278 
f6537 6279 
f6538 6280 
f6541 6281 
f6556 6282 
f6561 6283 
f6563 6284 
f6569 6285 
f6571 6286 
f6573 6287 
f6574 6288 
f6575 6289 
f6576 6290 
f6577 6291 
f6578 6292 
f6580 6293 
f6581 6294 
f6586 6295 
f6590 6296 
f6597 6297 
f6599 6298 
f6607 6299 
f6611 6300 
f6615 6301 
f6621 6302 
f6622 6303 
f6623 6304 
f6626 6305 
f6627 6306 
f6629 6307 
f6631 6308 
f6632 6309 
f6633 6310 
f6634 6311 
f6636 6312 
f6648 6313 
f6649 6314 
f6654 6315 
f6656 6316 
f6660 6317 
f6665 6318 
f6668 6319 
f6675 6320 
f6690 6321 
f6693 6322 
f6695 6323 
f6702 6324 
f6709 6325 
f6714 6326 
f6718 6327 
f6721 6328 
f6726 6329 
f6736 6330 
f6741 6331 
f6743 6332 
f6943 6333 
f6946 6334 
face 6200 
facilities 6195 6200 
facility 6164 6229 
factor 6210 6261 
factors 6197 
facts 6328 
fadhil 6177 
fail 6197 
failed 6190 
failing 6191 
failure 6303 
fair 6180 
fall 6190 6196 6201 6209 6259 6267 
falling 6190 
falloff 6215 
falls 6254 6323 
familiar 6202 
fao 6284 
farm 6209 6251 6253 6259 6265 6269 6284 6326 
farm-level 6259 
farmer 6251 6326 
farmers 6209 6251 6269 
fats 6253 
favor 6296 
favourable 6190 6262 
fbrx 6288 
fcb 6260 
fch 6260 
fcr 6275 6290 
feasible 6321 
feature 6238 
featuring 6167 
feb 6172 6189 6213 6217 6227 6274 6279 6283 
feb. 6223 
febaruary 6288 
february 6177 6182 6189 6197 6198 6208 6210 6216 6220 6224 6237 6261 6297 
federal 6178 6192 6196 6197 6205 6209 6216 6250 6256 
federation 6191 6269 
fee 6169 6264 
feed 6251 6253 6265 6267 
feedgrains 6209 
feeling 6326 
feels 6321 
feet 6166 6322 
fefac 6253 
fell 6197 6301 
felt 6190 6255 
female 6191 
fernando 6184 
ferrier 6321 
fever 6190 6304 
fewer 6250 
fhl 6176 6178 
fhlbb 6192 
fibre 6331 
fibronics 6288 
fight 6196 6253 
figures 6179 6194 6204 6279 
file 6304 
filed 6191 6245 6266 6319 
files 6245 
filing 6223 
fill 6163 
finaical 6255 
final 6184 6249 6265 
finalize 6184 
finance 6164 6178 6285 6319 6334 
finances 6190 
financial 6177 6190 6201 6215 6219 6226 6230 6238 6241 6246 6278 6300 
financially 6334 
financing 6197 6203 6214 6237 6282 
find 6169 6218 
fined 6216 
firm 6202 6216 6225 6282 6300 6328 
firmly 6190 
firms 6169 6225 6326 
firstcorp 6275 6290 
fiscal 6182 6190 6201 6214 6215 6217 6220 6224 6250 6259 6270 
fixed 6177 6197 6208 
fla 6277 
fla. 6172 6231 6280 
flagship 6225 
flawed 6264 
fleet 6225 
flexibility 6203 6219 6230 
flight 6191 
flooding 6209 6281 
flow 6177 6214 6241 
flowing 6166 
fluctuations 6177 
flyer 6292 
focus 6230 
focusing 6202 
food 6215 6217 6220 6284 6317 
foodservice 6217 
force 6215 6259 
forced 6177 6190 
forecast 6201 
forecasts 6197 6201 
foreign 6163 6169 6225 6238 6259 6262 6285 6289 6296 
foreigners 6225 
foresee 6197 
foresees 6197 
foreshadow 6285 
forest 6329 
forfeitures 6209 
forge 6234 6248 
forma 6219 
formally 6284 
formed 6260 6285 6286 
forming 6215 
fort 6172 6182 
found 6191 6320 6328 
fourth 6197 6248 
fraid 6216 
francisco 6278 
fraud 6216 
free 6190 6259 
freeing 6251 6259 
freeze 6250 6285 
frequent 6292 
frequently 6180 
freres 6245 
friday 6249 
friends 6216 
frion 6166 
frist 6259 
frost 6223 
frota 6285 
froze 6285 
frsl 6223 
fruits 6190 
frustration 6326 
fslic 6192 
ft 6238 
ft-actuaries 6238 
fuel 6301 6302 6307 6308 
full 6164 6196 6198 6201 6209 6244 6297 6322 6328 
full-fledged 6177 
fully 6209 6217 6278 6282 
funaro 6285 
functions 6266 
fund 6238 6255 6262 
funds 6192 6209 6226 6260 6334 
furman 6202 
furniture 6217 
future 6197 6255 6287 
futures 6249 
g. 6216 
gain 6179 6197 6240 6282 6293 6309 6310 6322 
gains 6169 6197 6213 6240 6248 6257 6325 
gami 6244 
garcia 6284 
garza 6269 
gas 6163 6166 6169 6177 6219 6256 6271 6286 6301 6322 
gasoline 6294 6301 
gates 6299 
gateway 6232 
gateway-medical-syst 6232 
gathering 6322 
gave 6217 6285 
ge 6318 
gene 6320 
general 6177 6190 6201 6208 6225 6245 6251 6284 6286 6318 
generate 6215 6219 
generating 6177 6197 6215 
generic 6259 6267 
genetic 6320 
geography 6215 
george 6261 6296 
german 6182 
germany 6182 
gibson 6202 
giuliani 6216 
give 6190 6192 6203 6322 
glamourous 6190 
glasgow 6253 
glen 6326 
glj 6299 
global 6203 
globo 6268 
gnp 6197 
goal 6267 
gold 6202 6218 6245 
good 6163 6177 6190 6208 6251 
gordon 6328 
gov 6229 
govenment 6225 
government 6190 6194 6201 6215 6225 6250 6251 6259 6262 6285 6334 
government's 6190 
government-owned 6225 
gra 6282 
grace 6282 
grading 6218 
grain 6209 6221 6236 6251 6253 6259 6265 6267 6269 6296 6326 
gramm-rudman 6270 
grandmarais 6166 
grants 6284 
gray 6250 
grazing 6209 
great 6186 6197 6244 6309 6310 6313 
great-pacific-indust 6186 
greater 6163 6191 6203 
grew 6197 
gross 6197 6238 
grossman 6216 
groundwood 6195 
group 6180 6198 6203 6212 6217 6223 6234 6245 6248 6260 6269 6270 6297 6301 6318 6325 6326 6328 
grouping 6190 
groups 6245 6269 
growers 6269 6326 
growing 6169 
growth 6190 6197 6215 6238 6259 6264 6300 
guaranteed 6207 
guerrilla 6189 
guerrillas 6189 
h.j 6215 
h.k 6333 
hailed 6226 
half 6190 6194 6259 
hallwood 6325 
halt 6206 
hambrecht 6266 
handle 6224 
handling 6251 
hanover 6252 6257 
hanover-cos-inc 6257 
happy 6328 
hard 6197 
hardship 6177 
harley-davidson 6281 
harrodsburg 6181 
harvest 6267 
harvey 6188 
hattersley 6190 
have-nots 6190 
haves 6190 
hawkeye 6332 
hay 6209 6304 
hdi 6281 
head 6163 
headlined 6204 
health 6190 
healthcare 6276 6323 6329 
healthvest 6276 
heard 6253 
hearing 6322 
hearings 6207 
heaters 6256 
heavily 6267 
heavy 6237 6265 
heavyweight 6281 
hebert 6207 
hecha 6300 
hechinger 6300 
hechinger's 6300 
heinz 6215 
heinz-japan 6215 
heinz-ufe 6215 
held 6166 6199 6200 6207 6256 6301 6328 
helicopters 6316 
hellman 6188 
helped 6259 
helping 6251 
herman 6188 
herrington 6163 6169 
hialeah 6277 
high 6197 
high-cost 6177 
higher 6197 6253 6312 
highest 6197 6215 
highly 6230 
hike 6168 6196 
hikes 6312 
hilton 6214 
hired 6317 
history 6215 
hit 6209 6303 
hlt 6214 
hnz 6215 
hodler 6180 
hofer 6326 
hold 6190 6250 
holder 6180 
holders 6180 6182 6222 6237 6283 6332 
holding 6174 6202 6203 6224 6225 6285 6332 
holdings 6202 6223 6238 6260 6327 
holds 6321 
home 6178 6192 6197 6224 6300 
homeless 6284 
homes 6319 
honduras 6221 
hoped 6177 
hopes 6214 6262 6285 
hospital 6172 6276 
hotels 6214 
hour 6284 
hours 6167 6262 
house 6163 6164 6196 6209 6250 6269 6296 6326 
house-ordered 6169 
housing 6197 
houston 6166 6271 6286 6292 6322 
howard 6196 
howell 6271 
hre 6240 
hrs 6178 
hssi 6172 
hudson 6246 
humans 6320 
hundreds 6317 
hvt 6276 
hwg 6325 
hwkb 6332 
hwl 6271 
hyannis 6288 
hybrid 6320 
hydraulic 6255 
hydro-quebec 6207 
hydrocal 6237 
hydrotreating 6237 
hyraulic 6255 
i.c 6321 
ia. 6332 
ibm 6289 
ibp 6317 
ice 6199 
idea 6326 
identical 6203 
identified 6202 6326 
identify 6197 6217 
idyn 6227 
ii 6286 
illegal 6216 
illinois 6196 
imaginable 6215 
imbalance 6249 
imbalances 6249 
immediately 6203 6285 6304 6320 
immunizes 6320 
impact 6163 6269 
impacts 6251 
implementation 6215 
implemented 6215 
implications 6169 6230 
import 6169 6264 6281 
importance 6202 
important 6326 
importing 6220 
imports 6169 6301 
imposed 6281 
improve 6217 6219 
improved 6214 
improvement 6197 6259 6300 
improvements 6255 
improves 6228 
inc's 6167 
incentive 6195 
incentives 6163 6170 6196 
incident 6317 
include 6234 6254 6296 6328 
included 6202 6225 6238 6269 6326 
includes 6165 6209 6213 6217 6240 6261 6271 6274 6293 6309 6323 6325 
including 6207 6217 6225 
income 6190 6196 6201 6209 6213 6217 6262 6269 
increase 6163 6187 6195 6196 6215 6217 6251 6253 6259 
increased 6163 6195 6197 6210 6216 6281 6290 
increases 6169 6196 6249 6290 
increasing 6163 
increasingly 6203 
independent 6191 6225 6328 
index 6238 6249 
indexation 6285 
indexed 6194 
indication 6197 
indices 6238 
indicted 6216 
indictment 6216 
individual 6238 6249 6250 6262 
individuals 6216 
industrial 6197 6219 6228 6230 6241 6282 
industries 6185 6186 6188 6216 6237 6254 6256 6331 
industry 6163 6169 6177 6190 6281 6300 6301 6326 
inflate 6197 
inflation 6190 6197 6225 6285 
inflationary 6285 
information 6216 6291 
infringed 6256 
infringement 6256 
infusion 6192 
initial 6214 6266 6287 
initialled 6184 
initially 6245 
initiated 6216 
initiative 6326 
injunction 6322 
inland 6262 
insider 6216 
insignificant 6209 
inspiration 6218 
institute 6196 6301 
institutions 6197 
insufficient 6177 
insulating 6256 
insurance 6192 6209 6234 6248 6282 6286 
intact 6196 6207 
integrate 6266 
intend 6260 
intended 6180 6269 
intends 6256 
intensifying 6230 
intent 6193 
intention 6188 
intentional 6197 
interactive 6175 
interdyne 6227 
interest 6163 6166 6176 6178 6190 6197 6218 6220 6262 6285 
interested 6212 6217 
interests 6286 
internal 6215 
international 6164 6167 6177 6182 6208 6238 6245 6276 6278 6281 6288 6295 6305 
interst 6190 
interstate 6162 
intertan 6182 
interview 6225 
intis 6225 
introduce 6253 
introduced 6195 6285 
inventories 6197 
inventory 6197 6267 
invest 6190 6321 
invested 6319 
investment 6177 6213 6215 6220 6223 6238 6244 6248 6264 6271 6293 6311 
investments 6260 6279 
investor 6223 
investors 6202 6213 6225 6230 6241 6279 6280 6291 6328 
involved 6262 
involving 6216 6328 
iowa 6317 
irc 6218 
israel 6216 
issuance 6259 6328 
issue 6178 6194 6203 6225 6245 6296 6300 6319 6328 6332 
issued 6197 6201 6202 6237 6259 6263 6269 6328 
issues 6178 6203 6263 6303 
italian 6194 
italy 6194 
itan 6182 
item 6204 6217 
items 6201 6202 
itxi 6175 
j. 6188 
j.c. 6319 
jail 6216 
james 6285 
jan 6165 6181 6187 6211 6231 6232 6233 6240 6242 6243 6244 6254 6257 6273 6298 6309 6313 6323 6325 6330 
january 6174 6175 6189 6197 6209 6259 6277 6310 6311 
january-august 6259 
japan 6229 6281 
japanese 6281 
javier 6184 
jaya 6242 
jayark 6242 
jefferson 6166 
jenrette 6319 
jet 6302 6307 6308 
joao 6268 6285 
job 6197 
jobs 6264 
joe 6197 
john 6163 6164 6169 6254 6321 6322 
joint 6184 6215 6260 6269 6277 
jointly 6189 
jose 6225 6285 
journalists 6190 6285 
judge 6190 6322 
judged 6238 
judith 6328 
july 6183 6195 6216 6225 6289 
june 6165 6215 6224 6287 6290 6292 6312 
junior 6180 
jurisdiction 6322 
justice 6253 
justification 6169 
kamin 6216 
kansas 6209 6296 
kay 6296 
kerry 6167 
ketchup 6215 
key 6320 
kidder 6245 6266 
kika 6269 
killearn 6231 
kingdom 6215 
kinnock 6190 
klopfenstein 6267 
knowledge 6216 6296 
korea 6215 
kpi 6231 
kramer 6216 
kuala 6334 
ky. 6181 
la 6269 
la. 6166 6237 
labatt 6321 
labor 6215 
laboratories 6226 
labour 6190 
lafalce 6164 
lag 6201 
lake 6218 6329 
land 6209 6255 
landis 6251 
largely 6209 
larger 6197 
largest 6229 6322 6326 
las 6220 
lasting 6177 6208 
late 6190 6197 6224 6292 
latin 6262 
lauderdale 6172 
launched 6238 
launches 6238 
laundry 6217 
law 6197 6216 6269 6270 
lawmakers 6269 6326 
lawson 6190 6201 
lawsuit 6322 
lawyer 6322 
layoffs 6189 
lazard 6245 
lead 6177 6196 6319 
leader 6190 
leaders 6269 
leading 6321 
league 6197 
leahy 6269 6326 
leal 6322 
learjet 6299 
lease 6276 
leases 6228 
leasing 6277 
leather 6282 
leaving 6194 6196 
led 6223 6259 6282 
left 6177 6207 
legality 6253 
legg 6319 
legislation 6164 6264 6269 
legislative 6269 
legitimate 6328 
len 6315 
lender 6162 
lenders 6217 
lending 6262 
lennar 6315 
leslie 6197 
letter 6193 6328 
letters 6326 
level 6177 6208 
levels 6201 6250 6267 
leverage 6219 6241 6300 
levin 6216 
levy 6253 
liberal 6190 
liberals 6190 
life 6286 
lift 6281 6317 
lifted 6191 6281 
lifting 6197 
lilly 6304 
lima 6225 6284 
limitation 6328 
limited 6286 
line 6201 6229 6262 6330 
linerboard 6331 
lines 6292 6322 
linked 6194 
liquidates 6249 
liquidity 6230 
lire 6194 
list 6195 6225 
listed 6291 6328 
litigation 6256 
lly 6304 
load 6210 6261 
loan 6178 6184 6192 6251 6262 6265 6267 
loans 6192 6262 6265 6284 
local 6167 6238 
located 6202 6218 
lockout 6317 
logical 6321 
logistics 6302 
london 6190 6201 6238 6253 6262 6321 
long 6237 6328 
long-term 6219 6245 
longer 6177 6281 
looked 6265 
los 6179 6228 6260 
loses 6256 
loss 6179 6182 6187 6202 6204 6211 6217 6220 6225 6227 6232 6234 6242 6243 6244 6248 6257 6271 6288 6293 6298 6299 6304 6309 6310 6313 6325 
losses 6179 6209 6213 6234 
lost 6184 
louis 6191 6233 6326 
low 6190 6197 6251 6281 
lower 6166 6190 6250 6259 
lowering 6262 
lowest 6215 
lucrative 6262 
lufkin 6319 
lumpur 6334 
luxembourg 6177 6208 
lynch 6197 
lyng 6296 6326 
lyng's 6326 
lynn 6218 
m. 6260 
maar 6220 
machines 6217 
maciel 6285 
macklin 6328 
macmillan 6183 6195 
made 6163 6169 6207 6217 6218 6256 6262 6265 6284 6321 
maffei 6197 
mager 6202 
mail 6216 
main 6201 6238 6264 
maine 6207 
maintain 6251 6322 
maintaining 6269 
maintenance 6217 
majestic 6247 
major 6203 6207 6209 6217 6226 6251 6269 
majority 6177 6328 
make 6163 6169 6190 6196 6197 6203 6209 6215 6216 6250 6326 6331 
makes 6169 
making 6203 6215 6259 6265 6269 
malaysia 6334 
malaysian 6334 
malfunction 6303 
manage 6260 
manageable 6238 
management 6203 6217 6230 6244 6251 6267 6277 6282 
manager 6225 6319 
managers 6238 
managing 6217 
manfacturing 6226 
manhattan 6216 
manitoba 6218 
manuel 6322 
manufacture 6229 6331 
manufactured 6171 6261 
manufacturer 6229 
manufacturers 6252 6253 6277 6281 
manufacturers' 6253 
manufacturing 6215 6224 6225 6229 
marco 6285 
marcor 6220 
marcus 6274 
margins 6195 
mark 6197 
market 6177 6180 6184 6194 6201 6203 6208 6215 6223 6226 6238 6247 6251 6267 6281 6291 6321 6328 
market-on-close 6249 
marketable 6259 
marketing 6177 6215 6239 6251 6269 6271 6304 
markets 6171 6190 6197 6207 6226 6230 6238 6259 6266 6269 6304 6320 6328 
maryland 6229 
mason 6319 
mass. 6266 6287 6288 
match 6331 
material 6328 
matter 6163 
matters 6326 
mature 6178 
maturing 6263 
maurice 6207 
maximum 6216 6247 6290 
mccarthy 6197 
md. 6217 6229 
mdwy 6180 
means 6190 6196 6197 
meant 6177 6208 
measure 6164 6209 
measured 6300 
measurements 6238 
measures 6177 6262 6285 
meatpackers 6317 
media 6167 
medical 6229 6232 6276 
meet 6171 6250 6267 
meeting 6203 6224 6265 6270 6285 6326 6332 
meetings 6269 
member 6177 6208 6253 
members 6191 6197 6292 6317 
memphis 6276 
mentioned 6180 
merchants' 6253 
merger 6188 6328 
merrill 6197 
message 6296 
metals 6202 
mexico 6264 
mhc 6252 
miami 6315 
mice 6320 
mich. 6224 
michigan 6209 
micro 6291 
mid-1990s 6169 
mid-december 6317 
midway 6180 
midwest 6171 
midwestern 6209 
milage 6171 
mild 6197 
milder 6197 
miles 6189 6210 6218 6261 6292 6322 
milestone 6226 
military 6289 
miller 6197 
mills 6283 
milpitas 6227 6291 
milwaukee 6274 
mine 6202 6225 
mined 6202 
mineral 6218 
mines 6189 6202 
minimum 6262 
mining 6245 6271 
minister 6184 6190 6268 6272 6285 6334 
minn. 6175 6243 
minutes 6249 
miss 6270 
mississippi 6209 
missouri 6209 
mixed 6202 
mmblf 6195 
mo-flo 6256 
mo. 6191 
models 6281 
moderation 6196 
modernization 6215 
modification 6289 6316 
modify 6269 
moengo 6189 
mogul 6167 
moines 6332 
molder 6199 
molding 6199 
molson 6321 
moment 6253 
momentum 6197 
money 6190 6322 
monkeys 6320 
month 6197 6200 6207 6263 6285 
monthly 6292 6312 
months 6182 6197 6274 6279 6285 6297 6309 6310 6321 6325 
montreal 6203 6207 
mony 6213 
moody 6230 6241 
mor-flo 6256 
morf 6256 
morris 6331 
mortgage 6190 6197 
mortgages 6197 
moscow 6296 6326 
motor 6224 
motorcycle 6281 
mottek 6214 
mount 6202 
mountain 6330 
move 6207 6328 
movement 6238 
moving 6171 6215 
mp 6190 
mps 6190 
mrcs 6274 
mths 6181 6187 6198 6211 6213 6231 6232 6242 6244 6254 6257 6271 6273 6274 6283 6306 6310 6313 6323 6325 
mtv 6167 
mudslides 6284 
multi-contract 6302 6307 6308 
multi-family 6197 
multi-party 6285 
multibank 6246 
multilateral 6284 
music 6167 
mutual 6188 6260 
myers 6326 
mym 6213 
n't 6196 6262 6321 
n.a 6246 
n.c. 6275 6290 
n.j. 6198 6235 6295 6297 6305 
n.y. 6173 6242 6246 6309 6310 6313 
na 6174 
nabors 6322 
nacional 6225 
nail 6253 
named 6216 6319 
narrow 6209 
narrower 6209 
nasd 6328 
nasdaq 6206 6291 6328 
nation 6169 6322 
national 6163 6169 6197 6207 6225 6246 6251 6265 6267 6269 6291 6326 6328 6330 
nationals 6238 
natural 6219 6322 
navy 6289 6314 6316 6318 
nearby 6189 
nebraska 6317 
necessitate 6262 
neck 6309 6310 6313 
needed 6177 6192 6281 
negligible 6262 
negotiated 6322 
negotiations 6164 6215 
neil 6190 
nem 6245 
nessen 6216 
net 6165 6172 6173 6175 6179 6181 6185 6186 6187 6194 6198 6202 6209 6211 6213 6217 6227 6231 6232 6233 6234 6240 6242 6243 6244 6248 6254 6257 6271 6273 6274 6277 6279 6283 6288 6293 6297 6298 6299 6306 6309 6310 6311 6313 6323 6325 6333 
netto 6285 
network 6167 
networks 6167 
nev. 6220 
newark 6198 6297 
newfoundland 6207 
newly 6245 
newmont 6245 
news 6163 6189 6206 6214 
newspaper 6238 
newsprint 6183 6195 
newwman 6188 
ngc 6245 
nickson 6190 
nigel 6190 6201 
night 6284 
nightmare 6262 
nil 6187 6234 6242 6288 
nms 6291 
noble 6174 
nominal 6194 
non-financial 6225 
non-north 6201 
non-opec 6177 
non-public 6216 
non-union 6317 
non-voting 6328 6331 
noncommittal 6326 
nonrecourse 6162 
norstar 6246 
north 6171 6175 6193 6201 
northeast 6171 
northeastern 6174 
northern 6218 
note 6165 6172 6175 6179 6181 6187 6200 6213 6233 6234 6240 6244 6248 6254 6257 6271 6274 6279 6283 6288 6293 6297 6310 6313 6323 6325 
note:1986 6309 
noted 6177 6197 6208 6217 6251 6255 6262 6312 
notes 6198 6202 6237 6327 6329 
notified 6317 
november 6189 6197 6225 
number 6180 6203 6238 6262 6290 
numbers 6238 
numerous 6250 6251 
nv 6189 
nylife 6286 
nyse 6249 6328 
o'keefe 6321 
o'reilly 6215 
o. 6174 
oakwood 6319 
oapec 6177 6208 
objecting 6207 
objective 6190 
obrinsky 6197 
observers 6197 
occidental 6317 
october 6318 6334 
offer 6176 6180 6194 6207 6209 6286 6296 6317 6326 6329 6331 6332 
offered 6194 6225 6245 6260 6284 6296 6322 6328 
offering 6178 6200 6245 6266 6277 6286 6319 6327 6328 
offers 6286 6329 
office 6178 6217 6228 6251 6270 6321 
officer 6174 6215 
officers 6217 
offices 6225 
official 6177 6184 6189 6192 6208 6251 6265 6267 6284 6285 6326 
officials 6163 6217 6251 6296 6304 6320 
offset 6262 
ohio 6165 6174 6226 
oil 6163 6166 6169 6177 6184 6201 6208 6225 6264 6271 6286 6301 6308 
oils 6253 
oilseed 6265 6269 
oklahoma 6209 6278 
oliver 6174 
omb 6251 
omitting 6303 
omnibus 6164 
one-hundredth 6180 
one-share 6328 
one-time 6209 
one-vote 6328 
ongoing 6271 
ontario 6207 
opec 6177 6184 6208 
opec's 6177 
opec-led 6169 
open 6223 6249 6321 
opened 6321 
oper 6172 6179 6181 6213 6248 6257 6293 
operate 6276 6322 
operated 6220 
operates 6167 6217 6229 
operating 6203 6219 6220 6269 6279 6293 6301 
operation 6179 6271 
operations 6179 6182 6189 6215 6217 6219 6224 6234 6248 6265 6267 6279 6282 6293 6309 6310 6317 
operators 6194 6300 
opinion 6192 
opportunity 6191 6269 
oppose 6207 6269 
opposed 6190 6209 6253 
opposes 6196 
opposing 6207 
opposition 6190 
optimal 6177 
option 6209 6245 6265 
options 6169 6216 6237 6249 
order 6249 6269 
ordered 6169 6207 
orders 6249 
organisation 6253 6284 
organisations 6284 
organization 6177 6208 
organizations 6326 
organized 6277 
origin 6171 
original 6226 
originally 6293 
otc 6328 
ottawa 6330 
ounce 6218 
outlay 6250 
outlays 6251 
outlined 6169 6265 
outlook 6259 
output 6177 6197 6208 
outskirts 6284 
outstanding 6180 6200 6203 6219 6223 6245 6287 6300 
outstripped 6209 
outweigh 6251 
over-allotment 6245 
over-the-counter 6315 
overhaul 6269 
overseas 6201 6262 
overshoot 6201 
owed 6322 
owen 6190 
owes 6245 
owned 6189 6224 6254 6309 6310 6313 6331 
owners 6166 
owns 6202 6218 
oxford 6278 
oxy 6317 
pa. 6234 
pace 6197 
pacific 6184 6186 6303 6333 
package 6253 6332 
packer 6167 
pact 6226 
paid 6200 6201 6251 6262 6283 6312 
palm 6225 
palomino 6225 
panel 6164 
paper 6194 6195 6230 6283 
paperboard 6331 
papers 6195 
paramaribo 6189 
paranam 6189 
parcels 6255 
parent 6203 6245 
parillo 6328 
parish 6166 
parking 6278 
parliament 6190 6201 6334 
parliamentarians 6190 
parrillo 6328 
part 6164 6196 6224 6225 6246 6302 6307 6308 6326 
partially 6225 6259 6265 
participant 6326 
participants 6267 6326 
participating 6180 
parties 6184 
partisan 6270 
partners 6214 6260 6286 
partnership 6162 6215 6286 
parts 6209 6314 
party 6188 6190 
pass 6196 
passage 6168 
passed 6209 
passenger 6210 6261 
past 6207 
pat 6296 
patents 6256 
path 6197 
patrick 6269 6326 
paul 6175 6197 6243 
pave 6190 
paving 6190 
pay 6184 6205 6213 6252 6258 6275 6280 6287 6305 6322 6324 
payable 6180 6222 6235 6287 6295 6312 
paydown 6263 
paying 6322 
payment 6209 6233 6251 6282 6312 
payments 6209 6285 
payout 6205 6222 6280 
payouts 6312 
pdvsa 6184 
peabody 6245 6266 
peg 6198 6297 
pen 6199 
pending 6206 6328 
pennwalt 6200 
pension 6216 
pentron 6199 
pep 6217 
pepsi-cola 6217 
pepsico 6217 
per-share 6283 6293 
percent 6328 
perforations 6166 
perform 6215 6217 
performance 6195 6238 6300 
period 6187 6189 6190 6232 6244 6283 6290 6297 6311 
periods 6175 6179 6198 6213 6274 6309 
permanent 6317 
permit 6209 6217 6249 
permits 6197 
person 6180 
personnel 6182 
persons 6196 
peru 6225 6284 
pete 6264 
peter 6326 
petitioning 6281 
petrol 6190 
petroleos 6184 
petroleum 6163 6166 6193 6301 6306 6317 
pfe 6304 
pfizer 6304 
phelps 6312 
philadelphia 6171 6200 
phone 6326 
php 6323 
phph 6323 
pick 6197 6317 
picketing 6317 
pik 6251 6265 
pilgrim 6260 
pilot 6209 6278 
pipe 6166 6330 
pipeline 6322 
pl 6221 
place 6217 6270 
plan 6180 6184 6250 6255 6285 6322 6332 
planned 6163 6300 6331 
planning 6268 6272 6285 
plano 6285 
plans 6182 6203 6209 6214 6217 6219 6225 6229 6253 6304 6322 6331 
plant 6189 6209 6215 6229 6317 
planting 6209 
plants 6224 
plastics 6199 
plea 6216 
plocek 6197 
plotting 6238 
plump 6190 
pointed 6184 
points 6171 6184 6197 6202 6216 6221 6292 
poised 6215 
poland 6296 
policies 6190 
policy 6163 6251 6259 6269 
political 6177 6190 6326 
politically 6177 6190 
polyurethane 6256 
pool 6207 
poor 6219 6300 
pork 6269 
portions 6167 
ports 6221 
posing 6163 
position 6249 6251 6300 6326 
positions 6249 6317 
positive 6251 
positively 6326 
possibly 6166 6184 
post 6220 
potential 6197 6202 6217 6256 
potentially 6169 
pound 6195 
poverty 6190 
powell 6195 
power 6189 6190 6207 
practical 6262 6328 
practice 6328 
pre-election 6190 
pre-split 6222 
pre-tax 6182 6225 
predictability 6269 
predicted 6196 
predominantly 6191 
preference 6203 6332 
preferred 6180 6200 6203 6219 6233 6309 6332 
preformation 6286 
preliminary 6217 
premature 6255 
prepared 6207 6321 
present 6188 6284 
presented 6190 
presenting 6322 
presidency 6285 
president 6169 6174 6188 6190 6196 6214 6225 6259 6270 6281 6284 6285 6326 6328 
presidential 6272 6285 
press 6226 6229 
pressed 6285 
pressure 6177 6208 6326 
pressures 6177 6285 
pretax 6282 
prevent 6177 6328 
prevented 6209 
previous 6301 
previously 6169 6217 6223 6224 6289 6315 
price 6171 6177 6180 6183 6194 6195 6201 6208 6247 6251 6253 6266 6285 
prices 6169 6171 6177 6201 6208 6238 6251 6253 6259 6264 6267 6285 
pricing 6230 
pride 6307 
primary 6301 
prime 6190 
prime-1 6230 
princeton 6237 
principal 6329 6332 
principally 6202 
principle 6181 6246 6327 6328 
printing 6195 
prior 6165 6172 6179 6180 6187 6205 6213 6220 6235 6240 6252 6275 6280 6295 6305 6324 
private 6225 6239 6328 
privately 6166 6199 
privately-held 6220 
privatised 6225 
pro 6219 
probable 6218 
problems 6267 
procedure 6249 
procedures 6249 
proceeding 6322 
proceedings 6256 6322 
proceeds 6200 6219 6237 6245 6255 6282 6319 
processing 6226 6317 
processors 6289 6317 
procurement 6215 6302 6307 6308 
produce 6163 6169 6209 
produced 6197 6238 6320 
producer 6322 
producers 6177 6209 6269 6322 
produces 6215 6250 6266 
producing 6166 6177 6225 6286 
product 6197 6215 
production 6163 6177 6184 6197 6201 6202 6218 6264 6269 
productive 6166 
products 6171 6215 6229 6260 
profit 6187 6211 6215 6220 6225 6232 6234 6242 6243 6248 6257 6262 6271 6298 6309 6310 6322 6325 6333 
profitability 6300 
profitably 6321 
profits 6202 6214 6216 6219 6225 6262 6277 
program 6195 6209 6215 6237 6250 6251 6259 6265 6278 6282 6285 6286 6289 6290 6292 6296 6302 6307 6308 6326 
programming 6167 
programs 6209 6250 6259 6265 6267 6292 
project 6202 6218 
projected 6201 6225 6259 
projection 6215 
projects 6284 
promise 6304 
promised 6190 
promising 6320 
promissory 6200 
promote 6304 
promoting 6304 
proper 6269 
properites 6286 
properties 6202 6228 6231 6240 6271 6286 
property 6240 
proposal 6209 6217 6250 6255 6328 
proposals 6163 6259 6285 
propose 6250 
proposed 6164 6182 6188 6203 6209 6219 6245 6265 6266 
proposes 6250 6328 
proposing 6253 
prospects 6197 
prospectus 6328 
protectionist 6177 
proteins 6320 
protest 6189 
prove 6262 
proven 6218 
provide 6196 6203 6237 6238 6259 6264 
provided 6221 6282 6290 
providing 6249 6267 
provinces 6207 
provincially-owned 6207 
provision 6203 6209 6213 6256 6328 
provisions 6209 
proxy 6203 6328 
prozac 6304 
prspect 6166 
prudence 6190 
prudential 6282 
prvious 6171 
psbr 6190 
psm 6200 
public 6190 6198 6201 6225 6245 6255 6277 6287 6297 6328 
publicize 6249 
publicly 6328 
publicly-held 6220 
publish 6225 
published 6238 
puerto 6308 
pulp 6195 
pumping 6197 
purchase 6180 6195 6216 6221 6225 6247 
purchased 6199 6328 
purchases 6223 6247 6289 
purposes 6245 
pursue 6322 
push 6225 
puts 6251 
puzzled 6326 
pye 6253 
qtly 6205 6213 6235 6252 6275 6280 6295 6305 6324 
qtr 6165 6172 6175 6179 6181 6185 6187 6204 6211 6213 6227 6231 6232 6233 6234 6235 6240 6242 6243 6244 6248 6254 6257 6271 6273 6274 6283 6288 6298 6299 6309 6310 6311 6313 6323 6325 
qtrs 6204 
quality 6300 
quantity 6221 
quarter 6182 6197 6213 6214 6234 6248 6274 6282 6310 6325 
quarterly 6222 
quebec 6207 
question 6196 6215 6251 
quist 6266 
quito 6184 
quotas 6184 
quoted 6184 
r.i. 6222 
radical 6196 
radio 6225 
rail 6171 
raise 6163 6169 6209 6264 6330 
raised 6219 6222 6237 6241 6296 6300 
raises 6183 6195 6275 
raising 6190 
raleigh 6275 6290 
ralph 6267 
ran 6293 
rate 6163 6166 6171 6184 6190 6196 6197 6201 6246 6251 6253 6285 6287 6330 
rates 6171 6176 6178 6190 6197 6262 6265 
rating 6219 6300 
re-building 6197 
reach 6250 
reached 6200 6246 
reactions 6304 
ready 6196 
reagan 6168 6169 6196 6209 6270 6281 6296 6326 
real 6196 6197 6213 6220 6228 6260 
realization 6282 
realty 6279 
reason 6191 6217 6265 
reasons 6285 
recapitalization 6216 6328 
receipts 6201 
receive 6180 6195 6209 6238 6262 
received 6178 6200 6209 6282 6326 
receiving 6292 
recent 6238 6251 
recently 6207 6296 
receptivity 6326 
recipients 6250 
reciprocity 6292 
reclassification 6271 
recognizes 6241 
recommend 6163 
recommendations 6163 6169 
record 6180 6182 6205 6213 6215 6222 6235 6252 6259 6275 6280 6281 6282 6283 6287 6295 6300 6305 6312 6324 6327 
recorded 6228 
records 6215 
recreational 6224 
recycled 6331 
redeem 6180 6292 
redeems 6251 
redemption 6251 
reduce 6171 6190 6202 6219 6262 6264 
reduced 6171 6195 6209 6215 
reducing 6190 
reduction 6190 
referring 6169 6326 
refinery 6189 6193 6237 6301 
refining 6219 6307 
reflect 6181 6187 6198 6201 6271 6279 6288 6309 
reflects 6233 6292 
region 6192 6209 
regional 6167 6192 6238 
regions 6238 
registerd 6328 
registered 6189 6225 6245 
registers 6266 
registration 6245 6266 6319 
regular 6235 6263 6287 6305 
regulation 6177 6253 
regulatory 6193 
rehearing 6256 
reinforce 6190 
reinvested 6282 
rejected 6190 
related 6256 6289 
relative 6238 6251 
relatives 6216 
relaxed 6190 
release 6163 6226 6229 
released 6177 6208 6249 6251 
releasing 6269 
reliance 6169 
relief 6209 6281 
relieve 6267 
relocate 6267 
reluctance 6326 
reluctant 6196 
relying 6163 
remain 6195 6253 6259 
remainder 6200 6228 6259 
remained 6197 
remaining 6166 6182 6201 6218 
remains 6189 6259 
remarks 6163 6196 
reminded 6326 
remit 6184 6225 
remodeled 6320 
renamed 6220 
renewal 6170 
renogotiate 6207 
rental 6197 
reopened 6189 
reopens 6317 
reorganization 6203 6224 6241 6322 
reorganizing 6224 
rep. 6164 6296 
repair 6314 
repay 6245 6322 
repayment 6201 
repeal 6293 
repeated 6296 
replace 6285 6322 
replacing 6203 
replied 6190 6296 
reply 6296 
report 6163 6169 6197 6201 6202 6236 6259 6264 6303 6304 6320 
reported 6189 6202 6204 6215 6217 6239 
reporters 6225 6285 
reports 6239 6268 
represent 6171 6245 
representative 6326 
representatives 6209 6326 
representing 6286 
represents 6197 6238 6251 
republican 6196 6264 6296 
republicans 6196 
republicbank 6162 
repurchase 6290 
repurchased 6290 
request 6255 6284 6326 
requests 6255 
require 6164 6196 6209 6328 
requirement 6190 6201 6209 
requires 6177 6184 6208 
resalable 6328 
rescue 6316 
research 6163 6170 6196 6229 
reserve 6163 6197 6265 6322 
reserves 6218 6322 
residents 6225 
residual 6209 6301 
resignation 6272 6285 
resigned 6216 6285 
resigns 6268 6285 
resist 6269 
resold 6184 
resolution 6250 6328 
resources 6190 6218 6222 
respond 6326 
responded 6177 
response 6180 6215 
restated 6181 6187 6198 6271 6283 6288 
restored 6177 6208 
restoring 6195 
restrained 6326 
restrictions 6177 6208 
restructured 6262 
restructuring 6216 6332 
result 6180 6182 6192 6197 6202 6203 6251 6263 6264 6277 
resulting 6187 
results 6181 6182 6187 6198 6234 6251 6271 6279 6288 
retail 6182 6197 6217 6226 6282 6300 
retained 6182 
retire 6174 
retreat 6197 
return 6262 6317 6330 
returned 6317 
returns 6284 
revenue 6201 6210 6215 6219 6230 6241 6261 6262 
revenues 6182 6184 6190 6201 6217 6250 6264 6304 6331 
reverse 6190 6204 6259 
reversed 6197 
review 6217 6230 
revised 6201 6301 
revision 6209 
revs 6172 6173 6179 6181 6185 6186 6187 6198 6231 6232 6233 6234 6240 6242 6244 6254 6257 6271 6274 6279 6288 6293 6297 6298 6306 6309 6310 6311 6313 6323 6325 
rewards 6292 
reynold 6202 
reynolds 6202 
rican 6308 
rice 6269 
richard 6296 6326 
rico 6308 
ridiculous 6190 
right's 6180 
rights 6180 6327 6328 
ringgit 6334 
rise 6169 6201 6202 6259 6330 
rising 6169 
risks 6241 
river-alberni 6195 
rivers 6209 
rlm 6202 
road 6197 
robert 6260 
roberts 6296 
roebuck 6228 
roll 6251 6265 
rome 6194 6284 
ron 6251 
rose 6197 6202 6215 6216 6261 6285 6301 
rostenkowski 6168 6170 6196 
rotation 6265 
rotational 6199 
roughly 6219 
routinely 6207 
roy 6190 
royal 6189 
rpt 6162 
rsi 6279 
rudolph 6216 
rule 6328 
ruled 6169 6322 
rules 6202 6249 
ruling 6256 6262 
running 6239 
runs 6207 6301 
s/p 6219 6300 
sa 6225 
sabaruddin 6334 
sabotage 6189 
sacramento 6278 
sacrifices 6177 6208 
saddled 6197 
sale 6193 6213 6217 6219 6225 6237 6240 6255 6263 6282 6291 6309 
sales 6165 6175 6182 6195 6197 6199 6211 6215 6224 6227 6228 6239 6243 6255 6273 6277 6283 6289 6299 6300 6322 
salomon 6245 
san 6278 
sand 6166 
santa 6179 6273 
santos 6184 
saouma 6284 
sar 6179 
sarney 6285 
save 6209 
saving 6251 
savings 6192 6197 6205 6209 6250 6251 6287 
sayad 6268 6285 
scaled-back 6197 
scales 6171 
sceptre 6311 
schaefer 6229 
scheduled 6196 6216 
scheme 6216 
scientists 6320 
scope 6177 6208 6253 
screening 6320 
sdp 6190 
sdp/liberal 6190 
sea 6201 
search 6316 
sears 6228 
season 6239 
seasonal 6197 
seasonally 6197 
seasonally-weighted 6197 
seat 6210 6261 
sec 6328 
secondary 6178 
secretaries 6225 
secretary 6163 6164 6169 6177 6208 6285 6296 6326 
sector 6190 6197 6201 6225 6328 
secured 6241 6322 
securities 6203 6216 6223 6238 6245 6249 6266 6319 6328 6329 
security 6163 6169 6264 
seductive 6190 
seek 6256 6262 6322 
seeking 6322 
sees 6170 6214 6265 6267 
segment 6219 6271 
selected 6226 6312 
sell 6164 6193 6207 6225 6226 6263 6319 
selling 6258 
selz 6202 
seminar 6177 6208 
sen 6264 
senate 6209 6250 6269 6270 6326 
senator 6264 
senior 6184 6217 6230 6241 
sense 6326 
sentenced 6216 
seoul 6215 
seoul-heinz 6215 
seperate 6238 
september 6169 6182 6219 6221 6239 6277 6290 6330 
series 6180 6200 6238 
sertraline 6304 
served 6250 
service 6182 6185 6188 6198 6212 6217 6220 6230 6241 6296 6297 
services 6172 6215 6217 6228 6246 
set 6177 6178 6208 6224 6238 6264 
setbacks 6197 
sets 6164 6176 6178 6180 6222 6224 6252 6287 
setting 6190 
settlement 6178 
seven-year 6194 
seventh 6190 
severe 6177 
sex 6191 
sgma 6273 
share 6165 6180 6202 6203 6214 6215 6217 6223 6234 6237 6238 6240 6245 6246 6248 6256 6266 6281 6287 6293 6304 6309 6310 6331 
shareholder 6180 6203 6223 6224 6328 
shareholders 6203 6238 6287 6291 6327 6332 
shares 6180 6200 6202 6203 6222 6223 6225 6237 6238 6245 6246 6247 6249 6266 6277 6287 6290 6328 6331 
sharp 6169 6285 
sharply 6202 
sheet 6230 
shell 6189 
shelves 6270 
ship 6221 
shipments 6171 
short 6209 6218 
shortages 6169 6285 
shortfall 6201 
shortly 6255 
show 6194 6197 6270 
shown 6163 6177 6304 
shows 6169 
shr 6165 6172 6173 6175 6179 6181 6185 6186 6187 6198 6211 6213 6227 6231 6232 6233 6234 6240 6242 6243 6244 6248 6254 6257 6271 6273 6274 6279 6283 6288 6293 6295 6297 6298 6299 6306 6309 6310 6311 6313 6323 6325 
shrs 6165 6175 6179 6187 6198 6234 6243 6293 6323 
shultz 6296 
shut 6189 
side 6249 
sides 6177 
sight 6215 
sigmaform 6273 
sign 6184 
signal 6289 
signed 6193 6207 6221 6226 6284 
significant 6177 6267 6326 
signing 6184 
signs 6196 6284 
signup 6265 
sikorsky 6316 
similar 6255 
simm 6187 6204 6210 
simmons 6187 6204 6210 
simplification 6171 
simply 6326 
simultaneously 6249 6320 
single 6171 
single-family 6197 
site 6229 
six-month 6263 
sizable 6262 
size 6202 
sky 6261 
skyw 6261 
skywest 6261 
slightly 6197 6201 
slim 6225 
slippery 6196 
slope 6196 
slowing 6197 
small 6182 
smallpox 6320 
smelter 6189 
sna 6189 
social 6190 
softness 6197 
sold 6195 6217 6225 6236 
sorghum 6265 
sought 6191 6322 
sound 6190 
sources 6163 6214 6262 6285 
south 6171 6189 6215 6279 
southern 6225 
soviet 6296 6326 
soviets 6326 
soybean 6251 6265 6269 
space 6251 
spain 6289 
spare 6314 
spartacus 6288 
spartech 6233 
speaking 6251 6296 
special 6217 6316 
specialist 6216 
specific 6215 6262 
specifically 6328 
speech 6177 6208 
spelled 6328 
spending 6190 6250 6259 6285 
spin 6217 
split 6165 6222 6279 
spokesman 6190 6207 6217 6272 6284 6285 6317 6321 
sponsor 6264 
spot 6184 
spring 6209 
spring/early 6197 
sptn 6233 
spun 6182 
spur 6197 
st 6233 
st. 6175 6191 6243 6261 
stability 6177 6208 
stabilize 6177 
stable 6203 
staff 6182 6196 6285 
staffing 6172 
stake 6223 
stakes 6202 
standard 6190 6195 6219 6300 
standing 6190 
standstill 6200 
start 6197 
start-up 6317 
starting 6207 
starts 6197 
state 6184 6225 6255 6256 6265 6296 6322 
state-owned 6225 
statement 6169 6190 6201 6203 6245 6249 6250 6262 6264 6266 6269 6292 6296 6317 6319 6328 
states 6163 6177 6195 6207 6253 
stations 6167 
statistical 6301 
statistics 6197 
steady 6190 6197 
steel 6190 
sten 6190 
step 6269 6321 
sterling 6238 
stg 6190 6201 6262 
stimulus 6264 
stock 6165 6180 6200 6202 6216 6219 6222 6223 6225 6237 6238 6246 6247 6249 6283 6291 6303 6309 6315 6328 6332 
stockbrokers 6291 
stockholders 6225 6255 
stocks 6197 6249 6259 6294 6301 
stole 6216 
storage 6251 6267 6301 
stores 6165 6182 
story 6197 
stovall 6190 
strangely 6190 
strategic 6163 
strategy 6226 6251 6321 
streamline 6203 
street 6202 
strength 6197 
strike 6191 
strong 6190 6196 6197 6202 6300 
stronger 6203 6215 
strongly 6269 
structure 6171 6203 6224 6328 
studies 6251 6284 6304 
study 6163 6169 6328 
studying 6321 
subcommittee 6164 6296 
subject 6193 6224 6326 
submit 6255 
submitted 6322 
subordinated 6241 6300 6315 6319 6327 6329 
subscribed 6194 
subsidiaries 6217 
subsidiary 6171 6189 6217 6224 6255 6260 6309 6313 6317 6319 
subsidies 6296 
subsidized 6326 
subsidy 6262 
substantial 6207 6215 6241 
substantially 6202 
substitutes 6253 
succeed 6174 
success 6190 
sufficient 6197 
sufficiently 6177 
suggest 6251 6262 
suggestion 6285 
sullivan 6223 
sum 6278 
summary 6259 
summer 6197 6259 
sun 6308 
superior 6328 
supplier 6226 
supplies 6177 6259 
supply 6177 6184 6197 
support 6168 6182 6196 6209 6226 6251 6316 
supported 6334 
suralco 6189 
surinam 6189 
suriname 6189 
surplus 6207 6285 
surprisingly 6197 
suspended 6315 
suspension 6285 
suspicions 6196 
sustained 6177 
sydney 6167 
sympathetic 6326 
syosset 6173 
system 6237 6262 6278 6291 6322 
systems 6226 6232 6266 6278 6293 6320 
table 6171 6293 
tables 6238 
takeover 6180 
takes 6238 
taking 6207 6256 
talk 6296 6326 
tallahassee 6231 
tallow 6221 
tampa 6280 
tan 6182 
tandy 6182 
target 6171 6180 6225 6250 6270 
targeted 6215 
targets 6250 
tariff 6281 
tariff-based 6171 
tariffs 6281 
taunton 6287 
tax 6163 6165 6168 6169 6170 6172 6181 6190 6196 6197 6201 6202 6253 6257 6262 6264 6274 6293 6309 6323 6325 
tax-paying 6225 
taxes 6190 6196 6238 6281 
taxwriter 6196 
taxwriters 6196 
tds 6293 
technical 6284 
technicians 6284 
technodyne 6309 6310 6313 
technologies 6175 6316 
telephone 6178 6266 6293 
television 6167 6268 
temco 6185 6188 
temco-service-indust 6185 6188 
temperatures 6197 
temporary 6195 
ten 6329 
tender 6180 6194 6331 
tendered 6329 
tennessee 6276 
teq 6280 
term 6237 
termed 6300 
terminated 6188 
termination 6265 
terms 6177 6193 6226 6246 
terumo 6229 
test 6253 6320 
tested 6320 
tests 6320 
tex 6241 
texas 6182 6241 6276 6292 6307 6322 
thc 6255 
theodore 6223 
therometers 6229 
thing 6190 
things 6190 
third-quarter 6215 
thought 6326 
threat 6163 
three-for-two 6222 
three-month 6285 
thursday 6250 6284 
thwart 6209 
tightness 6267 
time 6180 6197 6201 6203 6215 6238 6259 6262 6265 6269 
times 6169 6190 6238 
timing 6190 
tinker 6269 
tintaya 6225 
tnd 6310 6313 
to-clo 6182 
today 6169 6177 6178 6184 6202 6207 6214 6216 6238 6262 6265 6285 6303 6317 6326 6330 
tokyo 6229 
told 6190 6196 6214 6215 6225 6251 6267 6285 6296 6322 6326 6334 
toll 6330 
tolls 6330 
tom 6265 6296 
tomorrow 6178 6192 
ton 6195 6218 
tonne 6195 
tonnes 6189 6201 6221 6236 6239 
tons 6218 
tool 6267 6304 
tooth 6253 
top 6196 6296 
tories 6190 
toronto 6247 6311 6321 6331 
total 6177 6193 6201 6208 6213 6216 6217 6218 6223 6224 6238 6250 6263 6322 
totaled 6224 
totaling 6228 
totalling 6162 
tough 6196 
towers 6189 
tpn 6193 
trade 6164 6177 6184 6196 6197 6208 6253 6281 6285 6301 
traded 6184 6315 
traders 6202 
trades 6291 
trading 6178 6216 6249 6315 6328 
traditional 6214 
traffic 6210 6261 
trans 6191 6330 
transaction 6226 
transamerican 6322 
transfer 6192 6226 
transferred 6224 
transmit 6189 
transportation 6171 6265 
transshipment 6221 
treasury 6164 6190 6194 6201 6262 6263 6285 
treatment 6180 6262 6304 
treausry 6262 
trial 6256 
trick 6190 
trillion 6250 6322 
trim 6225 
trimmed 6215 
triple 6249 
troubled 6334 
truck 6171 6230 
true 6191 
trust 6174 6324 
tsbk 6287 
tucson 6299 
turner 6280 
turning 6328 
twa 6191 
tweedel 6166 
two-for-one 6165 
two-penny 6190 
type 6194 
type= 6168 6170 6176 6183 6204 6206 6212 6236 6258 6268 6272 6294 6333 
typically 6197 
u.k 6201 
u.k. 6190 6201 6262 
u.s 6164 6169 6176 6178 6191 6197 6209 6216 6221 6236 6245 6250 6258 6259 6263 6289 6296 6326 6328 
u.s. 6163 6168 6169 6183 6195 6197 6202 6207 6216 6221 6238 6239 6245 6251 6259 6263 6265 6269 6281 6285 6296 6304 6321 6322 
u.s.dlrs 6195 
ufcwu 6317 
uk 6190 6201 6238 6253 6262 
ukasta 6253 
ultimately 6177 6196 
unable 6219 6285 
unassigned 6194 
unchanged 6253 6330 
unconditional 6331 
unconsolidated 6319 
undergo 6177 
undergoing 6304 
underscore 6300 
undersubscribed 6194 
undertaking 6203 
underwriters 6266 
underwriting 6245 
undisclosed 6193 6199 6278 
uneconomical 6163 
unemployment 6190 
uniform 6328 
union 6184 6191 6296 6317 6326 
unique 6184 
unit 6174 6195 6199 6203 6212 6217 6224 6228 6230 6241 6254 6255 6282 6286 6302 6314 6320 6322 
united 6163 6195 6215 6246 6316 6317 
units 6182 6197 6224 6286 
university 6278 
unlawfully 6322 
unlimited 6199 6203 
unpredictable 6241 
unproc 6204 
unqualified 6192 
unresponsive 6326 
unsecured 6200 6322 
unsure 6262 
untested 6166 
unusual 6269 
unusually 6197 
unviable 6177 
up-to-date 6238 
up-to-the-second 6291 
upcoming 6265 
upgraded 6219 6241 6300 
upgrades 6241 
upgrading 6195 
uphill 6196 
upper 6196 
ups 6205 6222 
upstate 6246 
upwardly 6201 
urged 6296 
urges 6296 
urging 6269 6326 
usage 6259 
usda 6209 6239 6251 6265 6267 6296 6326 
ussr 6296 6326 
utah 6261 
utilities 6207 6312 
utility 6207 6255 
utx 6316 
va. 6254 6323 
vacancy 6197 
vaccine 6320 
valero 6219 
valley 6222 6234 6246 6248 
valued 6221 6246 6277 
vancouver 6186 6195 
vangarlem 6265 
variations 6328 
variety 6226 
vat 6196 6201 
vegas 6220 
vehicle 6224 
vending 6217 
vendors 6277 
venezuela 6184 
venezuela-ecuador 6184 
ventra 6277 
venture 6184 6214 6215 6260 6277 
ventures 6277 
version 6209 
viacom 6167 
viatech 6173 
vice 6174 6326 
vice-president 6253 
violence 6189 
violent 6177 
virtually 6171 6326 
virus 6320 
visit 6184 
vlo 6219 
volcker 6197 
volume 6177 6202 6215 6228 6238 6259 6291 
voluntary 6328 
vongarlem 6265 
vote 6196 6203 6209 
voted 6192 
voters 6190 
votes 6196 
voting 6328 
vr 6222 
vtk 6173 
w. 6174 
w.r 6282 
wage 6191 
wainco 6166 
walker 6319 
wall 6202 
walnut 6199 
wan 6226 
wang 6226 
wanted 6190 
ward 6197 
warfare 6316 
warn 6225 
warned 6177 
warns 6169 
warrants 6237 6282 
wary 6253 
washington 6163 6164 6169 6178 6192 6196 6197 6209 6221 6223 6239 6250 6251 6259 6263 6264 6265 6267 6269 6270 6281 6289 6296 6301 6302 6307 6308 6314 6316 6318 6326 
watchers 6215 
water 6256 
wausau 6283 
waving 6197 
ways 6163 6196 
wchi 6329 
weak 6197 
weaker 6197 
weather 6197 
weather-related 6197 
week 6164 6184 6197 6207 6215 6263 6265 6284 6285 6296 6301 6317 
weekly 6167 6301 
weeks 6207 6264 
weight 6215 6238 6304 
welcomed 6177 6190 
wells 6322 
western 6205 
westworld 6329 
wfpr 6205 
wheat 6209 6221 6239 6251 6259 6265 6296 6326 
wheat/corn 6259 
whichever 6247 
whisky 6190 
white 6163 6169 6195 6196 6326 
wholesale 6220 
wholly 6224 6254 
wholly-owned 6203 
wider 6177 6208 
widespread 6285 
wildcat 6166 
william 6229 6250 
williams 6254 
willingly 6328 
willingness 6177 
winter 6209 
wis. 6274 6283 
wiser 6190 
witching 6249 
withheld 6209 
withholding 6238 6262 
withstand 6285 
wmsi 6254 
wol 6166 
wood 6319 
work 6184 6250 6251 6262 6289 6302 6307 6308 6314 6316 6317 6318 
worked 6251 
worker 6189 
workers 6189 6317 
working 6166 
world 6164 6177 6191 6208 6238 6259 
worldwide 6226 
worsening 6197 
worth 6182 6202 6207 6251 6259 
writedown 6271 
written 6326 6328 
wsau 6283 
year-ago 6181 6257 6271 6288 
year-end 6246 
years 6169 6180 6190 6207 6214 6216 6225 6238 6259 6322 
yesterday 6239 6249 
yield 6194 6238 
yielded 6218 
yields 6194 
york 6169 6185 6188 6197 6202 6205 6213 6214 6216 6218 6219 6223 6230 6240 6241 6245 6246 6249 6252 6257 6282 6286 6298 6300 6303 6304 6319 6320 6324 6325 6327 6328 
yr 6187 
zip 6171 
zones 6166 
