'll 4878 
're 4764 
'set 4868 
've 4764 
****** 4743 4757 4758 4759 4761 4762 4763 4770 4782 4786 4799 4808 4828 4831 4836 4840 4843 4859 4862 4865 4880 4889 
-1 4773 
-3rd 4794 
-4t 4747 
-appr 4817 
-c 4818 
-consideri 4893 
-debt 4857 
-denie 4800 
-divi 4801 
-down 4842 
-early-m 4869 
-elects-p 4837 
-es 4749 
-gets-app 4877 
-has-cl 4826 
-healthw 4858 
-in 4887 
-initial 4813 
-makes-priva 4885 
-nyfe-move 4840 
-nyfe-move-index 4847 4866 
-offe 4790 4851 
-re 4796 
-s 4821 
-said 4863 
-sao-paul 4832 
-says-m 4753 
-sells-bonds 4874 
-sets 4780 
-sets-pa 4779 
-shareholder 4870 
-to 4861 
-to-buy 4774 
-to-disc 4886 
-to-pay-sli 4746 
-unit-buy 4850 
-unit-reco 4750 
.07 4811 
/author 4764 4809 4860 4864 4871 4878 4891 
0.07 4754 
0.1 4743 4744 4770 4771 
0.2 4771 4811 
0.3 4771 4811 
0.4 4771 4859 4869 
0.5 4744 4770 4771 4787 4811 
0.6 4743 4744 4771 4808 4811 
0.7 4771 4811 
0.8 4771 
0.9 4744 4808 4811 
0007 4859 
0008 4759 
0009 4862 4865 
0010 4761 4763 
0011 4743 4758 4782 4836 4840 
0013 4757 4762 4770 4808 4831 4880 4889 
0014 4786 
0015 4799 4828 4843 
0022 4821 
0025 4805 
0026 4801 
0032 4780 
0033 4817 
0036 4813 
0038 4768 
0044 4773 4820 
0047 4788 
0049 4819 
0051 4832 
0052 4814 
0053 4779 4812 
0054 4794 
0056 4765 4838 4852 
0057 4753 4775 4797 
0058 4803 
0059 4751 4777 4885 
0060 4787 4826 
0061 4747 4874 4892 
0062 4802 4888 
0063 4869 
0064 4853 
0067 4742 
0068 4755 
0069 4804 4839 4887 
0070 4776 4791 
0071 4792 
0072 4767 
0073 4850 
0075 4745 
0080 4811 
0081 4871 
0082 4847 4855 4891 
0084 4851 4861 
0086 4876 4893 
0087 4744 4798 
0088 4822 
0089 4841 4875 4881 
0091 4749 4818 4846 
0092 4827 
0093 4771 4800 
0094 4810 4834 4845 4882 
0095 4837 
0096 4790 4844 4858 
0098 4772 4848 4863 
0099 4879 
0100 4766 4809 
0101 4784 4793 4806 4816 4872 4886 
0103 4764 4783 4830 
0104 4795 4842 
0105 4746 4856 4860 4878 
0106 4857 
0107 4774 4824 4849 4870 
0108 4760 
0109 4748 4752 4829 4833 4877 
0110 4778 
0111 4807 4815 4884 
0112 4741 4823 4883 4890 
0113 4754 4769 4789 4835 
0114 4756 
0116 4796 4854 4873 
0119 4785 
0120 4864 
0123 4866 
0124 4825 
0125 4781 
0128 4867 
0134 4868 
0136 4750 
03-13 4741 4742 4743 4744 4745 4746 4747 4748 4749 4750 4751 4752 4753 4754 4755 4756 4757 4758 4759 4760 4761 4762 4763 4764 4765 4766 4767 4768 4769 4770 4771 4772 4773 4774 4775 4776 4777 4778 4779 4780 4781 4782 4783 4784 4785 4786 4787 4788 4789 4790 4791 4792 4793 4794 4795 4796 4797 4798 4799 4800 4801 4802 4803 4804 4805 4806 4807 4808 4809 4810 4811 4812 4813 4814 4815 4816 4817 4818 4819 4820 4821 4822 4823 4824 4825 4826 4827 4828 4829 4830 4831 4832 4833 4834 4835 4836 4837 4838 4839 4840 4841 4842 4843 4844 4845 4846 4847 4848 4849 4850 4851 4852 4853 4854 4855 4856 4857 4858 4859 4860 4861 4862 4863 4864 4865 4866 4867 4868 4869 4870 4871 4872 4873 4874 4875 4876 4877 4878 4879 4880 4881 4882 4883 4884 4885 4886 4887 4888 4889 4890 4891 4892 4893 
08:27:58.60 4742 
08:31:19.87 4743 
08:33:11.98 4744 
08:37:22.76 4745 
08:37:39.81 4746 
08:37:56.26 4747 
08:38:08.82 4748 
08:39:57.15 4749 
08:45:56.04 4750 
08:47:30.89 4751 
08:48:55.18 4752 
08:50:42.73 4753 
08:51:40.95 4754 
08:56:36.24 4755 
08:57:08.46 4756 
09:02:12.93 4757 
09:03:04.60 4758 
09:03:16.15 4759 
09:03:30.26 4760 
09:03:37.02 4761 
09:04:03.49 4762 
09:04:09.69 4763 
09:05:32.23 4764 
09:06:27.37 4765 
09:07:43.08 4766 
09:13:59.50 4767 
09:14:42.48 4768 
09:15:42.58 4769 
09:16:07.14 4770 
09:17:08.94 4771 
09:17:28.58 4772 
09:18:12.84 4773 
09:18:52.18 4774 
09:20:23.18 4775 
09:20:44.18 4776 
09:21:02.67 4777 
09:21:15.45 4778 
09:21:45.77 4779 
09:21:52.03 4780 
09:23:44.41 4781 
09:25:00.61 4782 
09:32:30.96 4783 
09:33:24.73 4784 
09:34:22.88 4785 
09:36:10.77 4786 
09:36:22.80 4787 
09:37:19.82 4788 
09:38:28.77 4789 
09:40:55.44 4790 
09:43:54.58 4791 
09:44:13.94 4792 
09:44:49.21 4793 
09:45:05.11 4794 
09:45:15.09 4795 
09:45:37.90 4796 
09:46:14.63 4797 
09:47:28.86 4798 
09:47:33.20 4799 
09:52:16.12 4800 
09:53:18.14 4801 
09:53:58.94 4802 
09:54:14.49 4803 
09:54:23.22 4804 
09:55:07.13 4805 
09:56:18.23 4806 
09:59:16.72 4807 
1,000 4767 
1,070,000 4803 
1,151,330 4820 
1,162,000 4892 
1,200,000 4833 
1,205,000 4788 
1,208,000 4794 
1,273,000 4792 
1,286,000 4887 
1,384,000 4745 
1,603,000 4745 
1,734,000 4806 
1,755,000 4794 
1-1/4 4767 4856 
1-1/8 4764 4830 
1-10 4852 4869 
1.0 4744 4771 4825 
1.02 4745 
1.026 4822 
1.06 4820 
1.08 4751 
1.09 4782 4797 
1.1 4830 
1.12 4878 
1.13 4777 4810 
1.2 4741 4771 4845 4851 
1.3 4741 4744 4811 
1.31 4777 4797 4810 
1.38 4811 
1.4 4811 
1.48 4788 
1.5 4771 4777 4778 4825 4837 
1.55 4820 
1.59 4777 
1.6 4771 4776 4893 
1.64 4893 
1.7 4771 4787 4811 
1.70 4775 
1.76 4788 
1.8 4744 
1.84 4788 
1.9 4774 
1/8 4772 
10,000 4767 4790 
10-1/2 4822 
10-3/8 4783 
10-5/16 4783 
10-7/16 4783 
10-year 4754 4823 4830 4838 
10.1 4794 4827 
10.22 4773 
10.4 4794 
100.0 4794 
101-5/8 4767 4838 4856 
101.7 4788 
102.6 4775 
108,850 4879 
10:01:56.08 4808 
10:02:20.72 4809 
10:02:56.99 4810 
10:03:43.72 4811 
10:04:11.49 4812 
10:05:27.58 4813 
10:05:38.79 4814 
10:05:52.33 4815 
10:06:02.13 4816 
10:06:16.46 4817 
10:06:33.72 4818 
10:06:39.13 4819 
10:06:44.44 4820 
10:06:48.71 4821 
10:06:58.49 4822 
10:07:18.18 4823 
10:08:56.89 4824 
10:11:10.04 4825 
10:12:34.77 4826 
10:12:43.17 4827 
10:16:17.59 4828 
10:17:10.14 4829 
10:21:58.01 4830 
10:22:29.45 4831 
10:22:35.58 4832 
10:23:55.05 4833 
10:26:25.26 4834 
10:26:41.38 4835 
10:26:59.07 4836 
10:29:08.93 4837 
10:32:34.19 4838 
10:33:15.71 4839 
10:33:45.54 4840 
10:34:05.76 4841 
10:34:40.69 4842 
10:35:24.06 4843 
10:35:52.16 4844 
10:36:00.21 4845 
10:36:40.90 4846 
10:38:27.02 4847 
10:39:05.49 4848 
10:42:54.28 4849 
10:47:32.55 4850 
10:48:02.34 4851 
10:50:21.97 4852 
10:51:29.79 4853 
10:53:16.93 4854 
10:53:41.42 4855 
10:55:26.58 4856 
11,000 4745 
11,109,190 4806 
11-1/4 4822 
11.1 4741 
11.25 4773 4884 
11.3 4892 
11.4 4741 4884 
11.5 4788 4881 
1100 4867 
113.2 4893 
1150-megawatt 4861 
117.3 4776 
11th 4809 
12-3/8 4855 
12.05 4881 
12.125 4790 
12.18 4881 
12.5 4801 
12.6 4741 
12.8 4788 
120.6 4814 
123.6 4792 
127,000 4827 
127.3 4771 
128.1 4797 
12:02:51.40 4857 
12:03:41.29 4858 
12:03:47.40 4859 
12:04:13.06 4860 
12:07:04.80 4861 
12:08:55.01 4862 
12:09:17.25 4863 
12:09:52.23 4864 
12:12:39.57 4865 
12:14:33.69 4866 
12:15:45.44 4867 
12:16:42.16 4868 
12:16:57.25 4869 
12:17:38.62 4870 
12:18:35.74 4871 
12:18:44.43 4872 
12:20:31.88 4873 
12:25:42.95 4874 
12:26:42.29 4875 
12:27:54.63 4876 
12:28:07.54 4877 
12:28:35.62 4878 
12:31:07.25 4879 
12:31:37.54 4880 
12:34:21.18 4881 
12:37:23.91 4882 
12:37:34.33 4883 
12:38:02.03 4884 
12:38:08.21 4885 
12:38:40.85 4886 
12:39:39.44 4887 
12:39:45.64 4888 
12:41:13.08 4889 
12:42:33.46 4890 
12:43:29.39 4891 
12:46:52.18 4892 
12:47:56.62 4893 
13,003 4852 
13,585 4869 
13-mar-1987 4742 4743 4744 4745 4746 4747 4748 4749 4750 4751 4752 4753 4754 4755 4756 4757 4758 4759 4760 4761 4762 4763 4764 4765 4766 4767 4768 4769 4770 4771 4772 4773 4774 4775 4776 4777 4778 4779 4780 4781 4782 4783 4784 4785 4786 4787 4788 4789 4790 4791 4792 4793 4794 4795 4796 4797 4798 4799 4800 4801 4802 4803 4804 4805 4806 4807 4808 4809 4810 4811 4812 4813 4814 4815 4816 4817 4818 4819 4820 4821 4822 4823 4824 4825 4826 4827 4828 4829 4830 4831 4832 4833 4834 4835 4836 4837 4838 4839 4840 4841 4842 4843 4844 4845 4846 4847 4848 4849 4850 4851 4852 4853 4854 4855 4856 4857 4858 4859 4860 4861 4862 4863 4864 4865 4866 4867 4868 4869 4870 4871 4872 4873 4874 4875 4876 4877 4878 4879 4880 4881 4882 4883 4884 4885 4886 4887 4888 4889 4890 4891 4892 4893 
13.2 4827 
13.4 4766 
13.6 4772 
13.78 4881 
13.83 4881 
13/16 4764 
132.6 4776 
132.7 4745 
134.7 4797 
135.0 4787 
136.0 4787 
139.0 4745 
139.6 4797 
14.4 4879 
140.25 4811 
1400 4867 
141,300,000 4777 
145.2 4790 
147.4 4893 
149,750 4884 
15,565 4869 
15-pct 4807 
15.7 4744 
15.80 4776 
151,000 4775 
156,576 4820 
16.00 4776 
16.1 4797 
16.6 4892 
160,000 4890 
160,431 4827 
1600 4870 
167.9 4797 
17,000 4886 
17,800 4769 
175,000 4886 
177,000 4803 
18.0 4744 
180,000 4851 4890 
182,000 4791 
185,900,000 4777 
19,000 4747 
19.3 4797 
19.7 4744 
194,531 4827 
196,043 4827 
1967 4744 
1971 4816 
1974 4868 
1975 4875 
1976 4741 
1977 4771 
1979 4811 4868 4875 
1981 4787 4833 
1982 4893 
1983 4833 
1984 4893 
1985 4764 4791 4792 4795 4814 4819 4845 4864 4886 
1986 4741 4744 4745 4751 4756 4766 4771 4773 4774 4776 4777 4784 4787 4788 4789 4791 4792 4795 4796 4800 4806 4811 4814 4819 4827 4842 4844 4849 4850 4853 4864 4877 4893 
1987 4749 4753 4769 4777 4784 4790 4796 4810 4827 4839 4849 4861 4878 4892 
1988 4753 4839 4884 4891 
1990 4781 4790 4823 
1991 4891 
1992 4767 4849 4856 4874 4885 
1995 4756 
1996 4849 
1997 4838 4855 4857 
1998 4864 
1st 4843 
1stld 4816 
2,033,425 4814 
2,150,000 4888 
2,176,925 4765 
2,462,000 4788 
2,654,000 4766 
2,673,000 4892 
2,867,000 4794 
2,960,000 4803 
2,988,000 4892 
2-1/2 4780 
2.0 4771 
2.09 4777 
2.1 4771 
2.2 4787 
2.4 4771 
2.5-billion 4823 
2.50 4813 
2.6 4744 
2.68 4797 
2.7 4744 4766 4774 4893 
2.75 4806 
2.82 4811 
2.9 4744 
20-3/8 4888 
20.1 4791 4811 
2000 4823 
201.66 4824 
21-page 4752 
21.1 4766 
21.2 4884 
21.4 4791 
21.95 4799 4829 
216,000 4791 
22,000 4747 
22.3 4820 
225.4 4794 
226.07 4811 
23.0 4765 
23.50 4851 
23.6 4820 
24.7 4792 
247,000 4803 
247,372 4879 
25,191 4869 
25,286 4869 
25.1 4892 
252,000 4803 
26.6 4879 
260,702 4827 
274,036 4879 
275.53 4811 
277.02 4811 
278,709 4884 
28-1/8 4772 
284.4 4794 
29.4 4806 
292.3 4744 
293,000 4747 
3,000 4769 4888 
3,182,000 4788 
3,209,000 4803 
3,284,955 4765 
3,300,000 4814 
3,433,000 4791 
3,533,000 4747 
3,670,000 4775 
3,718,325 4814 
3,951,000 4794 
3,986,000 4805 
3.0 4777 
3.1 4884 
3.35 4797 
3.36 4777 
3.38 4773 
3.4 4744 4811 4836 4842 
3.7 4877 
3.74 4745 
3.75 4753 
3.84 4777 
3.9 4800 
30,000 4846 
30.7 4754 
307.0 4788 
31.6 4765 4810 
325-unit 4893 
33.90 4829 
344,039 4765 
349.2 4788 
35,081 4879 
35.1 4892 
35.9 4884 
365,000 4803 
366.13 4811 
369.4 4893 
37,000 4747 
37.5 4745 
37.7 4792 
3com 4851 
3rd 4759 4764 4777 4794 4803 4827 4892 
4,000 4781 
4,014,000 4747 
4,898,000 4745 
4,968,000 4774 
4-7/8 4856 
4.2 4827 
4.22 4745 
4.3 4850 
4.4 4744 
4.5 4811 
4.50 4753 
4.6 4860 
4.9 4852 
40,131 4879 
40.5 4805 
419,867 4753 
42,750 4884 
42.2 4745 
42.5 4852 
420a 4766 
428.75 4811 
431.56 4811 
44.3 4775 
440,000 4788 
443,404 4820 
448.82 4811 
46,000 4747 
46,400,000 4777 
46.4 4810 
464,000 4892 
471,208 4884 
4742 4742 
4743 4743 
4744 4744 
4745 4745 
4746 4746 
4747 4747 
4748 4748 
4749 4749 
4750 4750 
4751 4751 
4752 4752 
4753 4753 
4754 4754 
4755 4755 
4756 4756 
4757 4757 
4758 4758 
4759 4759 
4760 4760 
4761 4761 
4762 4762 
4763 4763 
4764 4764 
4765 4765 
4766 4766 
4767 4767 
4768 4768 
4769 4769 
4770 4770 
4771 4771 
4772 4772 
4773 4773 
4774 4774 
4775 4775 
4776 4776 
4777 4777 
4778 4778 
4779 4779 
4780 4780 
4781 4781 
4782 4782 
4783 4783 
4784 4784 
4785 4785 
4786 4786 
4787 4787 
4788 4788 
4789 4789 
4790 4790 
4791 4791 
4792 4792 
4793 4793 
4794 4794 
4795 4795 
4796 4796 
4797 4797 
4798 4798 
4799 4799 
48.6 4893 
4800 4800 
4801 4801 
4802 4802 
4803 4803 
4804 4804 
4805 4805 
4806 4806 
4807 4807 
4808 4808 
4809 4809 
4810 4810 
4811 4811 
4812 4812 
4813 4813 
4814 4814 
4815 4815 
4816 4816 
4817 4817 
4818 4818 
4819 4819 
4820 4820 
4821 4821 
4822 4822 
4823 4823 
4824 4824 
4825 4825 
4826 4826 
4827 4827 
4828 4828 
4829 4829 
4830 4830 
4831 4831 
4832 4832 
4833 4833 
4834 4834 
4835 4835 
4836 4836 
4837 4837 
4838 4838 
4839 4839 
4840 4840 
4841 4841 
4842 4842 
4843 4843 
4844 4844 
4845 4845 
4846 4846 
4847 4847 
4848 4848 
4849 4849 
4850 4850 
4851 4851 
4852 4852 
4853 4853 
4854 4854 
4855 4855 
4856 4856 
4857 4857 
4858 4858 
4859 4859 
4860 4860 
4861 4861 
4862 4862 
4863 4863 
4864 4864 
4865 4865 
4866 4866 
4867 4867 
4868 4868 
4869 4869 
4870 4870 
4871 4871 
4872 4872 
4873 4873 
4874 4874 
4875 4875 
4876 4876 
4877 4877 
4878 4878 
4879 4879 
4880 4880 
4881 4881 
4882 4882 
4883 4883 
4884 4884 
4885 4885 
4886 4886 
4887 4887 
4888 4888 
4889 4889 
4890 4890 
4891 4891 
4892 4892 
4893 4893 
4rth 4751 
4th 4745 4747 4775 4782 4788 4791 4792 4797 4810 4820 
5,000 4790 
5,309,519 4820 
5,381,264 4820 
5,448,000 4792 
5,529,000 4792 
5,568,000 4745 
5,587,000 4819 
5,616,019 4788 
5,671,607 4788 
5,914,000 4751 
5.00 4776 
5.5 4744 
5.50 4776 
5.6 4811 
5.7 4787 4827 
5/8 4767 4830 4856 
50-pct 4807 
500,000 4800 
504,571 4814 
51-1/8 4800 
51.7 4775 
523,000 4775 
53.6 4819 
534,806 4748 
534,819 4748 
54,993 4884 
56,900,000 4777 
56.9 4810 
58,000 4747 
583.99 4811 
586.65 4811 
592.19 4811 
6,238,720 4788 
6,246,664 4788 
6,247,000 4819 
6,327,000 4794 
6,354,000 4751 
6,452,000 4887 
6,614,000 4751 
6,706,000 4791 
6,760,000 4805 
6,818,000 4751 
6,969,389 4788 
6-1/4 4828 4830 
6.1 4844 
6.2 4771 
6.4 4878 
611.7 4797 
629,088 4879 
65.4 4819 
66,922 4827 
695.4 4741 
7,156,000 4803 
7,476 4852 
7,500,000 4749 
7,501,209 4788 
7,666 4816 
7,960,000 4751 
7-1 4868 
7-5/8 4839 
7.49 4881 
7.5 4764 4771 
7.66 4881 
7.9 4787 
7/8 4830 
700,000 4751 
743,000 4791 
745,976 4753 
75.4 4791 
753.7 4741 
761.3 4741 
768,000 4788 
77.3 4805 
788,220 4820 
79.5 4814 
8,312,000 4788 
8-1/4 4838 
8-k 4800 
8.2 4811 4865 4879 
8.21 4776 
8.3 4771 
8.5 4764 4777 
83,916 4884 
84,000 4747 
84,100 4746 
84.9 4774 
85,000 4746 
85.0 4794 
85.7 4791 
856,969 4879 
868.6 4797 
87.0 4788 
88,000 4747 
88.2 4777 
88.9 4777 
89.1 4777 
89.3 4777 
9,275,000 4791 
9,791,671 4794 
9,831,097 4794 
9-3/8 4767 
9.20 4773 
9.3657 4763 
9.5 4741 
9.7 4879 
9.8 4741 4744 
9.9 4885 
9.93 4874 
90-day 4871 
90.6 4775 
900a 4766 
901,000 4747 
904,000 4751 
91,000 4803 
91.1 4775 
913,000 4792 
93,802 4827 
947,000 4775 
951,000 4747 
96.8 4792 
9655 4742 
9656 4743 
9657 4744 
9658 4745 
9659 4746 
9660 4747 
9661 4748 
9662 4749 
9663 4750 
9664 4751 
9665 4752 
9666 4753 
9667 4754 
9668 4755 
9669 4756 
9670 4757 
9671 4758 
9672 4759 
9673 4760 
9674 4761 
9675 4762 
9676 4763 
9677 4764 
9678 4765 
9679 4766 
9680 4767 
9681 4768 
9682 4769 
9683 4770 
9684 4771 
9685 4772 
9686 4773 
9687 4774 
9688 4775 
9689 4776 
9690 4777 
9691 4778 
9692 4779 
9693 4780 
9694 4781 
9695 4782 
9696 4783 
9697 4784 
9698 4785 
9699 4786 
9700 4787 
9701 4788 
9702 4789 
9703 4790 
9704 4791 
9705 4792 
9706 4793 
9707 4794 
9708 4795 
9709 4796 
9710 4797 
9711 4798 
9712 4799 
9713 4800 
9714 4801 
9715 4802 
9716 4803 
9717 4804 
9718 4805 
9719 4806 
9720 4807 
9721 4808 
9722 4809 
9723 4810 
9724 4811 
9725 4812 
9726 4813 
9727 4814 
9728 4815 
9729 4816 
9730 4817 
9731 4818 
9732 4819 
9733 4820 
9734 4821 
9735 4822 
9736 4823 
9737 4824 
9738 4825 
9739 4826 
9740 4827 
9741 4828 
9742 4829 
9743 4830 
9744 4831 
9745 4832 
9746 4833 
9747 4834 
9748 4835 
9749 4836 
9750 4837 
9751 4838 
9752 4839 
9753 4840 
9754 4841 
9755 4842 
9756 4843 
9757 4844 
9758 4845 
9759 4846 
9760 4847 
9761 4848 
9762 4849 
9763 4850 
9764 4851 
9765 4852 
9766 4853 
9767 4854 
9768 4855 
9769 4856 
9770 4857 
9771 4858 
9772 4859 
9773 4860 
9774 4861 
9775 4862 
9776 4863 
9777 4864 
9778 4865 
9779 4866 
9780 4867 
9781 4868 
9782 4869 
9783 4870 
9784 4871 
9785 4872 
9786 4873 
9787 4874 
9788 4875 
9789 4876 
9790 4877 
9791 4878 
9792 4879 
9793 4880 
9794 4881 
9795 4882 
9796 4883 
9797 4884 
9798 4885 
9799 4886 
9800 4887 
9801 4888 
9802 4889 
9803 4890 
9804 4891 
9805 4892 
9822 4893 
99,882 4879 
99.7 4775 
^m 4800 
`` 4752 4760 4764 4766 4769 4781 4785 4793 4800 4809 4810 4816 4824 4832 4842 4847 4849 4854 4860 4864 4866 4867 4868 4871 4872 4875 4877 4878 4882 4891 4893 
a-1 4815 
a-2 4815 
a-3 4815 
aa-3 4815 
ab 4773 
ability 4764 4878 
abio 4766 
abuses 4793 
accellerated 4744 
accentuating 4809 
accept 4778 
acceptable 4764 
access 4871 
accident 4785 
accord 4764 4849 4872 
accords 4872 
account 4768 4793 
accounting 4814 4823 
accounts 4785 
accrued 4800 4839 
accurate 4891 
achieved 4810 
acknowledged 4871 
acq 4748 4758 4761 4772 4774 4798 4806 4807 4812 4818 4841 4850 4884 4887 4889 4890 4893 
acquire 4774 4806 4812 4841 4884 4890 
acquired 4751 4792 4850 4884 4893 
acquiring 4878 
acquisition 4751 4772 4774 4812 4850 4890 4893 
acquisitions 4841 
act 4793 
acted 4885 
action 4764 4778 4800 4857 4863 4864 
actions 4800 
activation 4829 
active 4807 
actively 4871 
activities 4875 
actual 4891 
adalbert 4760 
add 4804 
added 4760 4766 4778 4781 4787 4790 4793 4800 4818 4823 4844 4851 4861 4872 4873 4878 
adding 4766 4823 4844 4864 
addition 4783 4793 4853 4864 4893 
additional 4764 4793 4884 
adequacy 4872 
adjusted 4744 4792 4811 
adjusting 4891 
adjustment 4744 4824 4882 
adjustments 4824 
administer 4871 
administration 4764 4860 4871 4877 
administratively 4860 
admitted 4871 
adopt 4793 
advances 4749 
advantageous 4793 
adverse 4842 
adversely 4835 
advertisement 4748 
advisor 4772 
advocated 4847 4866 
advocating 4891 
aerospatiale 4823 
affair 4752 
affairs 4875 
affect 4871 
affected 4766 4835 4863 4872 
affects 4876 
affiliate 4847 4866 
afford 4800 4872 
afloat 4764 
african 4833 
afternoon 4778 4783 
ag 4756 4760 4795 4835 4871 
agency 4842 4857 
agent 4839 4871 4874 4885 
aggie-mae 4860 
aggregate 4806 
agnelli 4854 
ago 4771 4809 4810 4869 4879 
agree 4860 
agreed 4748 4774 4806 4807 4812 4837 4849 4864 4878 4883 4890 
agreeing 4824 
agreement 4764 4774 4778 4790 4809 4824 4841 4849 4858 4867 4872 4875 
agreements 4764 
agriculture 4825 4833 4860 
agusta 4823 
ahead 4825 
aide 4752 4875 
aids 4871 
aim 4891 
aimed 4854 
air 4807 
airline 4807 
airlines 4807 
al 4792 
alberta 4755 4782 4797 4805 4848 
alexandria 4742 
alfred 4835 4853 
alike 4809 
alive 4878 
allegation 4868 
allegations 4750 
alleged 4750 
allegedly 4750 
allentown 4850 
alleviate 4863 
allowed 4871 
almir 4867 
alteration 4871 
alternative 4772 4809 4878 4890 
aluminium 4795 
aluminum 4744 
alusuisse 4795 
alva 4837 
am-court-libel 4868 
ambivalence 4860 
ambivalent 4860 
america 4800 4846 4852 4893 
american 4748 4774 4775 4786 4791 4800 4846 4860 4864 4888 
amex 4817 4888 
amid 4854 
amoral 4871 
amount 4750 4764 4790 4824 4825 4838 4839 4878 4890 4891 
amounts 4777 4800 4816 
amsterdam 4781 4807 
amusement 4893 
anadarko 4834 
analysis 4766 
analyst 4800 4871 4878 
analysts 4793 4800 4864 4871 4877 4878 4893 
anchorage 4742 
andover 4870 
andreotti 4854 
angeles 4749 4753 4772 4806 
anniversary 4809 
announced 4766 4774 4779 4790 4816 4818 4833 4861 4871 4881 
announcement 4779 4795 4822 4833 
announces 4816 
annual 4741 4764 4771 4774 4830 4841 
annually 4746 
annuities 4774 
antibiotic 4877 
anticipate 4857 
anticipated 4766 4806 
anxious 4891 
apholte 4835 
apparently 4789 4864 
appeal 4878 4891 
appeals 4868 
appears 4793 4824 4864 
appliances 4771 
application 4883 
applied 4766 
apply 4861 
appointed 4848 
approached 4823 4893 
approaching 4824 
approval 4754 4764 4774 4781 4806 4847 4866 4873 4877 4891 
approve 4870 
approved 4748 4817 4858 4870 4871 4877 
approves 4891 
approximate 4766 
approximately 4800 4841 
april 4748 4754 4767 4779 4780 4783 4793 4801 4830 4838 4839 4856 4870 4877 4884 4891 
aptly 4864 
arab 4742 
area 4760 
areas 4793 
argentina 4800 
argue 4764 
argues 4863 
arm 4871 
arms 4752 
army 4823 4867 
arrears 4849 
article 4868 
aruba 4892 
asked 4754 4764 4816 4867 4875 4882 4891 
asks 4864 4867 
assembled 4764 
assemblies 4771 
assessment 4827 
asset 4806 4873 4878 4891 
assets 4755 4774 4775 4826 4857 4873 4876 4878 
assign 4826 
assigned 4857 4873 
assistance 4768 4783 4822 
associate 4877 
association 4790 4858 4860 4871 
associations 4873 
assumed 4818 4834 
assumes 4876 
assumptions 4891 
assurance 4774 
atlanta 4750 
atlantic 4893 
atlas 4868 
atmosphere 4824 
attached 4764 4873 
attempt 4823 4860 
attending 4764 
attention 4864 
attitude 4809 
attorney 4750 
attract 4873 
auction 4754 
auctions 4754 
auditor 4750 
august 4769 4792 
austin 4887 
australian 4790 
author 4764 4809 4860 4864 4871 4878 4891 
authorised 4844 
authorities 4873 
authority 4845 4873 
authorization 4750 
auto 4771 
automatic 4824 
automobile 4846 
automotive/truck 4853 
automoviles 4756 
autonomous 4809 
autos 4771 
average 4741 4771 4810 4881 
avg 4777 4788 4794 4797 
avoid 4785 4891 
awaiting 4742 
award 4868 
aware 4754 
ayer 4844 
azt 4871 
b-1 4857 
b-minus 4855 
ba-1 4842 
ba-2 4857 
baa-1 4842 
baa-2 4842 
baa-3 4842 4857 
back 4772 4830 4878 4882 4893 
backing 4764 4778 
bad 4769 
baker 4764 4876 4891 
balance 4824 
balk 4871 
bally 4750 4889 4893 
ban 4757 4762 4793 
bancorp 4775 
band 4783 
bands 4809 
bank 4754 4764 4768 4783 4800 4809 4822 4830 4835 4838 4839 4863 4864 4872 4878 4881 
bankers 4754 4800 4860 4863 4864 
banking 4856 4864 4873 4878 
banks 4754 4764 4809 4860 4863 4864 4872 4873 4878 
banned 4833 
bargaining 4863 
barge 4825 
barrel 4878 
barrington 4752 
bartlett 4871 
base 4741 4744 4787 
based 4746 4785 4800 4812 4882 4888 
basic 4809 
basis 4744 4796 4800 4825 4843 4848 4864 
batch 4823 
bayer 4871 
bayry 4871 
bb 4876 
bbb 4876 
bc- 4797 4805 
bc-****** 4828 
bc-******bally-manufactu 4889 
bc-******beneficial-corp 4758 
bc-******caesars-world-i 4761 
bc-******chrysler-early 4859 
bc-******citicorp 4786 
bc-******citicorp-says-p 4843 
bc-******cme-sets-broad 4757 4762 
bc-******general-mills-i 4759 
bc-******general-motors 4865 
bc-******moody's-downgra 4836 
bc-******nova-an-alberta 4782 
bc-******nyse 4840 
bc-******shell-canada-ra 4831 
bc-******u.s.-feb-indust 4770 
bc-******u.s.-jan-busine 4808 
bc-******u.s.-producer-p 4743 
bc-******ual-inc-files-f 4862 
bc-/caesars-world- 4772 
bc-/chrysler- 4869 
bc-/citicorp- 4800 
bc-/cme-board-limits-but 4793 
bc-/general-motors- 4879 
bc-/u.s.-feb-industrial 4771 
bc-/u.s.-january-busines 4811 
bc-/u.s.-producer-prices 4744 
bc-/westinghouse- 4861 
bc-/yeutter-says-dlr-lev 4882 
bc-3com-corp- 4851 
bc-al-laboratories-inc- 4792 
bc-alusuisse-plans-50-pc 4795 
bc-applied-biosystems- 4766 
bc-bally- 4750 4893 
bc-beneficial- 4842 
bc-bioassy- 4826 
bc-bpi-systems- 4887 
bc-chicago-rivet-and-mac 4820 
bc-chrysler- 4850 
bc-cnw- 4874 4885 
bc-computer-memories- 4806 
bc-conseco- 4774 
bc-consumers-financial-c 4819 
bc-correction 4832 
bc-davis-water- 4796 
bc-divi-hotels-nv- 4892 
bc-dreyer's-grand- 4751 
bc-duff/phelps-changes-b 4876 
bc-dutch-port-union-call 4781 
bc-echlin-inc- 4801 
bc-economic-spotlight 4809 
bc-ecsc-issues-100-mln-s 4767 
bc-elder-beerman- 4798 
bc-eldon's- 4858 
bc-esselte-ab- 4773 
bc-filtertek-inc- 4821 
bc-first-farwest-corp- 4745 
bc-france-repays-some-of 4829 
bc-france-settles-21.95 4799 
bc-frn-panic-initiated 4864 
bc-galaxy-cablevision- 4888 
bc-gca- 4870 
bc-general-electric- 4839 
bc-general-mills-inc- 4777 
bc-german-bank-sees-good 4835 
bc-german-securities-may 4873 
bc-great-american-bancor 4775 
bc-healthco-internationa 4788 
bc-hemotec-inc- 4747 
bc-heritage- 4753 
bc-holiday-corp- 4818 
bc-home-group- 4817 
bc-italian-business-conc 4854 
bc-italian-interbank-rat 4881 
bc-japan-brokers-seek-10 4754 
bc-klm-seeks-stake-in-br 4807 
bc-kodak- 4746 
bc-koninklijke-nederland 4776 
bc-lanesborough-sells-se 4855 
bc-lear-petroleum- 4834 
bc-liffe-executive-greet 4883 
bc-little-joy-for-swiss 4789 
bc-malaysia's-ayer-hitam 4844 
bc-manufactured-homes-in 4814 
bc-mdimobile 4765 
bc-metex 4884 
bc-midland-says-greenwel 4880 
bc-minnesota-power- 4815 
bc-national-entertainmen 4803 4804 
bc-national-pizza-co- 4841 
bc-new-century- 4749 
bc-new-rubber-pact-appea 4824 
bc-new-south-wales-treas 4856 
bc-norsk-hydro-eurodolla 4838 
bc-nortek-inc- 4780 
bc-norway's-wholesale-pr 4787 
bc-novell- 4779 
bc-nu-med-inc- 4794 
bc-nyse 4847 4866 
bc-orbis- 4813 
bc-ors-seeks-canadian-fu 4848 
bc-outokumpu-to-close-ni 4769 
bc-packaging-systems- 4812 
bc-penril- 4837 
bc-petrobras-asks-army-t 4867 
bc-portuguese-february-c 4741 
bc-private-brands-inc- 4802 
bc-progress-in-iran-loan 4875 
bc-proposals-to-relax-u 4871 
bc-range-rover-of-north 4846 
bc-resending 4810 
bc-sallie-mae- 4790 
bc-salomon-inc- 4863 
bc-service-control-bids 4748 
bc-sheller-globe-names-n 4853 
bc-singapore-to-spend-1 4845 
bc-southdown- 4857 
bc-soviets-rumored-to-ha 4825 
bc-swiss-wary-of-u.s.-br 4872 
bc-talking-point/dome-pe 4878 
bc-telemedia-to-buy-harr 4890 
bc-top-discount-rate-at 4763 
bc-transact-int'l-inc- 4827 
bc-turbo 4755 
bc-u.k.-money-market-giv 4783 
bc-u.s.-farm-loan-second 4860 
bc-u.s.-firms-lobby-for 4823 
bc-u.s.-judge-dismisses 4752 
bc-u.s.-urges-banks-to-d 4764 
bc-uganda-re-routes-coff 4785 
bc-uk-money-market-defic 4768 
bc-uk-money-market-given 4822 
bc-unofficial-strike-in 4778 
bc-volkswagen-of-america 4852 
bc-vw-dismisses-head-of 4760 
bc-vw-has-no-comment-on 4756 
bc-walker- 4886 
bc-walker-telecommunicat 4784 
bc-weather-closes-alexan 4742 
bc-west-german-railway-i 4830 
bc-west-germany-reschedu 4849 
bc-white-house-said-hold 4891 
bc-wilfred-american-educ 4791 
bc-zenith- 4877 
bcom.l 4807 
bear 4864 4877 
beckman 4871 
beerman 4798 
began 4781 4824 4888 
begin 4764 4800 4816 4846 4893 
begins 4888 
begun 4890 
belgian 4809 4829 
belgium 4809 
believed 4764 
believes 4863 4878 4886 
benchmark 4864 
beneficial 4758 4774 4836 4842 4850 
benefit 4871 4878 
benefits 4751 4789 
berlin 4873 
berne 4789 
berry 4853 
beset 4764 
bettino 4854 
bhd 4844 
bi-annual 4764 
bid 4772 4864 
bidding 4750 
bids 4748 
big 4878 
biggest 4800 
bill 4763 4764 
billion 4756 4764 4768 4773 4774 4776 4777 4783 4797 4799 4800 4810 4811 4822 4829 4830 4836 4842 4845 4850 4856 4860 4864 4875 4877 4878 4891 4893 
bills 4783 4860 
bind 4871 
bioassay 4826 
bioassy 4826 
biosystems 4766 
biotech 4871 
biotechnology 4871 
bipartisan 4891 
birthday 4809 
bk 4863 
bkb 4863 
bko 4876 
black 4833 
blah 4743 4757 4758 4759 4761 4762 4763 4770 4782 4786 4799 4808 4828 4831 4836 4840 4843 4859 4862 4865 4880 4889 
blasted 4823 
blocked 4809 
blow 4860 
bly 4750 4893 
bmd 4792 
bnl 4774 4842 4850 
board 4748 4756 4761 4771 4772 4785 4793 4798 4837 4861 4883 
boersen-zeitung 4756 
bois 4816 
bond 4754 4767 4830 4838 4856 4874 4883 4885 
bonda 4837 
bonds 4754 4815 4864 4873 4874 4885 
bonn 4849 
bonus 4844 
book-runner 4856 
booked 4800 
boost 4789 4825 4844 
boosted 4771 
borchert 4760 
border 4785 
borrowers 4809 4864 4873 
bossa 4816 
boston 4788 4855 4863 
bottlenecks 4785 
bought 4783 4825 4864 4884 4893 
bourse 4795 
bpi 4887 
bpii 4887 
bradley 4764 
brand 4877 
brands 4802 
branford 4801 
brazil 4764 4800 4832 4843 4863 4867 
brazilian 4764 4800 4832 4863 
bring 4841 4873 
brings 4783 
britain 4809 4864 4872 
britian 4861 
british 4765 4807 4809 4823 4846 4861 4871 
british-built 4846 
broad 4757 4762 4764 
broadest 4847 4866 
broken 4875 
broker 4793 
brokers 4754 4793 4864 
brooklyn 4802 
brothers 4750 4863 
brought 4864 
brunswick 4760 
brussels 4809 
bscc 4826 
bt 4863 
budget 4891 
build 4861 
building 4764 
bundesbank 4828 4830 4873 
buoyant 4789 
burden 4764 4882 
bureau 4787 
burkhard 4760 
burnham 4772 
burroughs-wellcome 4871 
business 4771 4774 4793 4808 4811 4815 4830 4834 4842 4850 4854 4868 
businesses 4834 4842 
buy 4748 4772 4774 4807 4812 4824 4841 4851 4864 4884 4888 4890 
buyer 4864 
buyers 4893 
buying 4835 
buyout 4772 
buys 4850 4884 
caa 4855 
cable 4888 
cablevision 4888 
caesars 4761 4772 
calculated 4864 
calculations 4873 
calgary 4755 4797 4805 
calgary-based 4878 
calif. 4751 4766 4775 4794 4851 
call 4786 4871 
called 4764 4781 4824 4839 4860 4864 
calls 4754 4781 4864 4870 
calmness 4867 
camp 4819 
canada 4755 4765 4797 4805 4831 4833 4848 4878 4890 
canadaina 4848 
canadian 4816 4831 4833 4848 4864 4878 
cancellation 4791 
capable 4816 
capacity 4842 
capital 4754 4776 4795 4844 4851 4864 4872 4873 
capitol 4764 
car 4852 4859 4865 4869 4879 
care 4871 
cargo 4781 4845 
cargo-handling 4845 
caritas 4833 
carried 4785 4795 
carries 4750 
carritt 4809 
carryforward 4755 
carrying 4873 
cars 4744 4869 
case 4760 4868 
cases 4764 4871 
cash 4746 4760 4764 4774 4795 4800 4806 4815 4818 4825 4841 4843 4876 4878 4890 4893 
casino 4893 
catch 4816 
categories 4878 
category 4863 
catholic 4833 
caused 4854 
causing 4785 
caution 4766 
cautious 4854 
caw 4772 
cbot 4883 
cci 4800 4863 
ccmm 4837 
cellular 4886 
cement 4744 
cent 4823 
centennial 4774 
center 4863 
centers 4764 
central 4760 4769 4787 4800 4809 4858 4861 4893 
centre 4824 4864 
centres 4872 
cents 4824 4825 4878 
century 4749 4775 4861 
cephalexin 4877 
certificate 4795 
cfin 4819 
cftc 4883 
chain 4893 
chairman 4756 4766 4798 4824 4837 4854 4860 4891 
challenge 4764 
challenges 4764 
challenging 4752 
chambers 4891 
chance 4871 4891 
chancellor 4809 
chances 4809 4854 
change 4751 4794 4804 4809 4814 4863 4864 4876 
changed 4876 
changing 4824 4878 
charge 4750 4751 4788 4814 4863 4871 4875 4876 
charged 4764 
charges 4795 4810 
charging 4871 
chase 4863 
checks 4864 
chemical 4863 
chemicals 4771 
chicago 4793 4820 4863 4874 4876 4883 4885 4893 
chief 4760 4795 4806 4837 4853 4883 4887 4891 
chile 4764 
chiles 4891 
chl 4863 
choice 4823 
choose 4878 
christian 4854 
chronic 4785 
chrysler 4850 4859 4869 
circulation 4890 
circumstances 4824 
cited 4815 4857 4871 
citicorp 4786 4800 4843 4863 4864 
citing 4800 4864 
city 4766 4775 4825 4893 
claim 4875 4878 
claiming 4875 
claims 4774 4858 4878 
clara 4851 
clashes 4891 
clayton 4882 
cleared 4883 
clearing 4760 
clinical 4871 4877 
close 4769 4818 4847 4866 4875 
closed 4816 4818 4826 4870 
closely 4793 4809 
closer 4882 
closes 4742 
closing 4784 
closure 4742 4769 4864 
club 4849 4893 
clubs 4893 
cm 4806 
cmb 4863 
cme 4757 4762 4793 
cmin 4806 
cnc 4774 
cnw 4874 4885 
co-lead 4856 
co-managed 4851 
coal 4767 
coalition 4854 
coast 4861 
coding 4863 
coffee 4744 4785 
cohen 4864 
cohn 4800 
coin 4809 
collapse 4854 4864 
collected 4800 
colo. 4747 
columbia 4765 
combined 4806 4856 4876 4893 
coming 4766 4857 4882 
comment 4754 4756 4772 4864 4871 
commented 4878 
commerce 4811 
commercial 4764 4800 4850 4860 4861 
commission 4772 4789 4800 4847 4863 4866 4883 4884 4893 
commissioned 4860 
commissioner 4871 
committee 4809 4875 4891 
committees 4891 
commmission 4883 
commodity 4847 4866 4883 
common 4772 4780 4783 4800 4809 4810 4813 4817 4848 4851 4857 4862 4878 4884 
commonwealth 4807 
communication 4784 
communications 4818 4837 4845 4886 
community 4767 4809 
commuter 4807 
compaies 4876 
company 4748 4749 4751 4753 4760 4766 4772 4776 4779 4784 4795 4796 4798 4804 4806 4810 4815 4818 4826 4832 4837 4839 4841 4842 4846 4848 4851 4853 4857 4858 4861 4867 4868 4871 4876 4878 4879 4884 4886 4887 4890 4893 
company-owned 4804 
compared 4741 4783 4785 4787 4822 4881 
comparison 4864 
compelled 4863 
compensation 4875 
compete 4860 
competing 4878 
competitive 4860 
competitivity 4854 
competitor 4750 
complete 4752 4764 4841 
completed 4766 4812 4816 4876 4893 
completion 4766 
complex 4878 
complicated 4781 
component 4802 
components 4861 
comprise 4767 
compromise 4824 4891 
computer 4806 4837 
coms 4851 
comsat 4818 
concentrate 4816 
concentrated 4771 
concept 4764 
concern 4854 4871 
concerned 4854 4864 4871 
concession 4767 
concessions 4764 
conciliatory 4825 
concludes 4860 
concrete 4824 
condition 4772 
conditioned 4748 4772 
conditions 4766 4772 4837 
conduct 4793 4834 
conducted 4864 
conducts 4785 
conference 4795 4816 4824 4871 
confidence 4800 4864 
confindustria 4854 
confirmed 4825 
conform 4872 
conformed 4830 
congestion 4785 
congress 4860 4891 
congressional 4860 4891 
congressmen 4764 4891 
conn. 4801 4827 4839 
connection 4806 
conseco 4774 
consecutive 4771 
consensus 4871 
consent 4861 4871 
consequences 4864 
consequent 4863 
consideration 4893 
considered 4764 4772 4798 4823 
consolidated 4774 4834 4842 4874 4884 4885 
consolidates 4834 
consortium 4875 
constitutes 4864 
constitutionality 4752 
construction 4771 
constructive 4883 
consultation 4764 
consultations 4824 4854 
consumer 4741 4744 4771 4789 4810 4824 4842 
consumers 4819 4824 
contained 4816 
contempt 4750 
content 4872 
context 4878 
contingent 4774 
continue 4781 4810 4818 4824 4864 4890 4891 
continued 4771 4789 4800 
continues 4878 
continuing 4781 4810 4854 
contra 4752 
contract 4750 4868 4883 
contraction 4864 
contracts 4840 4847 4866 4875 
contrast 4830 
contrasts 4875 
contributing 4810 
control 4748 4806 4815 
controlling 4891 
controls 4772 
controversial 4891 
conventional 4864 
conversations 4891 
conversion 4795 4878 
convert 4790 4796 4878 
converted 4841 
convertible 4807 
converts 4796 
convinced 4868 
cool 4764 
coolant 4861 
coooperation 4882 
cooperate 4872 
cooperation 4789 4829 4882 4891 
cope 4845 
copies 4877 4890 
copper 4744 4816 
corel 4809 
corn 4825 
corp. 4893 
corporate 4790 4806 4874 4885 
corporation 4853 4860 
corporations 4764 
correction 4832 
corrects 4832 
cost 4744 4760 4864 
costa 4833 
costs 4749 4769 4785 4788 4842 4864 
cotton 4744 
council 4824 4860 
counted 4873 
counter 4875 
counties 4858 
countries 4872 4875 
country 4764 4809 4864 4883 4890 
county 4750 4858 
coupon 4830 4855 4856 
courier 4807 
court 4750 4781 4868 4878 
court-appointed 4750 
cover 4764 4795 4851 4872 
coverage 4815 
coverages 4876 
cq 4818 
craxi 4854 
cream 4751 
created 4764 
creating 4809 
creative 4764 
credible 4764 
credit 4747 4764 4795 4803 4814 4827 4839 4850 4860 4873 
credit-worthy 4864 
creditor 4849 
creditors 4878 
credits 4747 4788 4791 
creole 4833 
criminal 4760 
crises 4864 
crisis 4854 4864 
crossed 4878 
crossing 4785 
crown 4809 
crowns 4773 
crude 4742 4744 4831 4848 4867 
ct 4747 4780 4827 
cts/bbl 4831 
cumulative 4814 
curb 4793 4875 
currencies 4809 
currency 4760 4790 4799 4809 4829 4835 
current 4754 4765 4766 4769 4772 4781 4789 4794 4824 4884 
customer 4793 
customs 4785 
cut 4754 4769 4795 4809 4815 4835 4842 4843 4863 4864 4878 4881 
cuts 4891 
cutting 4746 4891 
cvr 4820 
d'affaires 4875 
d'estaing 4809 
d.c. 4846 
dallas 4834 
daly 4806 
damage 4774 4854 
damaged 4785 
damaging 4854 
danish 4809 
darien 4827 
data 4765 4766 4810 
dated 4864 
dates 4800 
david 4837 4887 
davis 4796 4871 
day 4764 4785 4882 
days 4804 4812 4847 4852 4864 4866 4869 4879 
dayton 4798 
de 4756 4809 4867 
deadly 4871 
deal 4807 4818 4847 4866 4878 4890 
dealers 4822 4830 4864 
dealing 4864 
deals 4884 
debate 4764 
debated 4764 
debentures 4878 
debt 4764 4786 4788 4791 4799 4800 4815 4818 4829 4836 4842 4849 4855 4857 4863 4864 4873 4876 4878 4883 4893 
debt-equity 4764 
debtor 4764 
debtors 4764 4800 
debts 4764 
dec 4808 
decade 4882 
decatur 4826 
december 4751 4771 4811 4844 4847 4866 4886 4887 
decided 4751 4800 4824 4844 4886 
decides 4891 
deciding 4878 
decision 4760 4772 4781 4800 4883 4891 
decision-making 4809 
decisions 4809 4891 
declared 4764 
decline 4815 
declined 4754 4852 4879 4886 4887 
declines 4744 4789 4864 
declining 4771 
deductions 4891 
deep 4764 
deeper 4864 
deeply 4854 
defence 4823 
defend 4829 
defense 4771 
deficit 4768 4891 
deficits 4891 
defined 4793 
defines 4793 
definitive 4774 
degree 4824 
delay 4766 
delayed 4764 
delays 4766 4785 4891 
delegates 4824 
delegation 4823 
delegations 4875 
delivery 4807 4872 
demand 4789 4830 4855 
demands 4752 
democrat 4764 
democrats 4854 4891 
demonstration 4766 
denied 4800 
denies 4800 
denominations 4767 4790 4856 
department 4744 4760 4789 4809 4811 4833 
depend 4809 4882 
depended 4882 
dependent 4871 
depends 4878 
deposit 4816 
deposits 4775 4816 4881 
depreciation 4794 
depressing 4842 
depression 4877 
deprive 4789 
dept 4760 
deputy 4875 
derivatizer 4766 
design 4861 
designate 4854 
designated 4883 
designed 4848 
designer 4802 
desire 4878 
desk 4864 
details 4809 4845 4871 
determined 4772 
detroit 4869 
devastating 4871 
develop 4764 4835 4845 4891 
developed 4848 
developing 4784 
development 4764 4789 4809 4883 
developments 4842 
diesel 4744 
difficult 4793 
dilson 4764 
diluted 4755 4765 4788 
dilution 4878 
dipped 4822 
direct 4785 
direction 4793 4890 
directly 4760 4764 
director 4760 4837 4863 4871 4877 4884 
directors 4793 
disadvantage 4860 
discipline 4882 
disclosed 4812 
disclosure 4752 4847 4866 
discontine 4886 
discontinue 4886 
discontinued 4745 4777 4784 4842 
discount 4744 4763 4881 
discovered 4816 
discovery 4816 
discussed 4873 
discussions 4824 4887 4891 
diseases 4871 
disenchanted 4764 
disk 4806 
dismemberment 4878 
dismissed 4752 4760 
dismisses 4752 4760 
dispose 4826 
dissemination 4847 4866 
dissidents 4875 
distress 4878 
distributed 4749 4779 4792 4830 
distributing 4751 
distribution 4749 4788 
dittler 4750 
div 4780 4801 4821 
diversion 4752 
divested 4864 
divi 4892 
divided 4809 4854 
dividend 4746 4773 4776 4779 4801 4844 
division 4784 4886 
dlr 4745 4764 4772 4788 4790 4800 4803 4814 4844 4864 4868 4875 4882 4891 
dlrs/share 4798 
dmp 4878 
doak 4878 
dollar 4789 4790 4809 4835 4868 4882 
dollars 4790 
dome 4878 
domenici 4891 
domestic 4749 4789 4830 4852 4873 
domestic-built 4869 
dominated 4771 
dominion 4848 
dominique 4864 
donaldson 4793 
door-to-door 4807 
double 4756 
downgraded 4815 4842 4857 4876 
downgrades 4836 
downgrading 4863 
downward 4824 4864 
dp-12 4876 
dp-14 4876 
dp-7 4876 
dp-8 4876 
dp-9 4876 
draft 4824 
drafting 4891 
drain 4795 
dramatically 4886 
drawn 4789 
drawn-out 4854 
dredging 4844 
dresdner 4835 
drew 4864 
drexel 4772 
dreyer 4751 
dried 4878 
drive 4806 4846 
driven 4864 
drop 4744 4769 4811 4835 4877 
dropping 4784 4824 
drug 4871 4877 
drugs 4871 4877 
dryr 4751 
dual 4757 4762 4793 
due 4745 4766 4767 4769 4778 4785 4790 4800 4809 4824 4835 4838 4839 4849 4855 4856 4857 4867 4874 4885 
duff 4876 
duff/phelps 4876 
dumas 4875 
durable 4744 4811 
durables 4771 
dutch 4781 4807 4809 4823 4829 
duties 4760 
dvh 4892 
dwindling 4764 
dwws 4796 
e. 4871 
earlier 4777 4800 4807 4830 4852 4860 4864 4875 
early 4778 4809 4852 4859 4865 4869 4871 4879 
earn 4745 4747 4751 4755 4756 4759 4765 4773 4775 4776 4777 4779 4780 4782 4788 4791 4792 4794 4795 4796 4797 4801 4803 4804 4805 4810 4814 4819 4820 4821 4827 4843 4892 
earned 4751 4766 
earnings 4746 4751 4766 4774 4776 4777 4785 4796 4810 4815 4842 4857 4863 4890 
ease 4809 
eased 4864 4881 
easier 4878 
easily 4872 
east-west 4835 
eastman 4746 
ec 4809 
ech 4801 
echlin 4801 
economic 4764 4789 4809 4835 4854 4864 4871 4882 4891 
economically 4764 
economics 4789 
economies 4789 
economist 4809 4835 
economists 4809 
economy 4764 4789 4854 
ecsc 4767 
ecu 4809 
edged 4744 
editiion 4890 
edition 4890 
editorial 4890 
edmonton 4831 
educational 4791 
effect 4760 4779 4792 4814 
effective 4802 4804 4864 4871 4881 
effectively 4764 4860 4864 
effects 4871 
effort 4891 
efforts 4764 4848 
egypt 4742 
eighth 4809 4890 
ek 4746 
elaborate 4772 
eld 4858 
elder-beerman 4798 
eldon 4858 
eldr 4798 
elected 4837 
election 4746 
elections 4809 
electric 4839 4861 
electricity 4861 
electromagnetic 4848 
elects 4837 
eletr 4766 
eli 4877 
eligible 4873 
embarrassed 4868 
emcf 4829 
emergence 4760 
emphasis 4764 
emphasised 4864 
employed 4769 
employee 4746 
employees 4746 
employers 4778 4781 4854 
employment 4789 
employs 4890 
empowering 4752 
ems 4809 
enact 4764 
encino 4794 
end 4753 4774 4800 4803 4810 4824 4850 4861 4863 4867 4882 
endangering 4764 
ended 4777 4796 4806 4810 4844 4886 4887 
ending 4766 
enemy 4875 
energy 4744 4764 4834 4878 
engage 4793 
engendered 4864 
engineered 4877 
england 4768 4783 4822 4864 
englewood 4747 
english-language 4890 
enhanced 4863 
enormous 4864 4871 
enquiries 4830 4864 
enrichment 4875 
enrolled 4871 
ensure 4847 4866 4878 
enter 4790 
entertainment 4749 4753 4803 4804 4818 
envisaged 4809 
envision 4882 
epstein 4837 
equaling 4806 
equilibrium 4882 
equinox 4890 
equipment 4760 4771 4794 4816 4845 4893 
equity 4764 4810 4870 4873 4878 4880 4893 
equivalent 4790 
equivalents 4806 
eradicate 4833 
erect 4861 
esb.st 4773 
espanola 4756 
esselte 4773 
essentially 4878 
est 4870 
establish 4860 
established 4860 
establishing 4860 4878 
estate 4764 4841 4860 
estimate 4768 4816 
estimated 4773 4783 4816 4822 4864 4878 4891 
estimates 4749 4800 
euro-markets 4864 
eurobond 4767 
eurobonds 4856 
eurodif 4875 
eurodollar 4838 
europe 4766 4809 4848 4856 
european 4766 4767 4809 4823 4829 
ex-west 4809 
exacerbated 4864 
exceeded 4749 4842 4891 
exception 4873 
excess 4861 
exchange 4760 4772 4790 4793 4795 4800 4806 4809 4817 4824 4847 4863 4866 4878 4882 4883 4884 4888 4893 
excise 4891 
excluded 4860 
excludes 4755 4765 4788 
exclusively 4864 
execute 4793 
executed 4793 
executive 4795 4806 4837 4853 4871 4883 4887 
exercisable 4884 
exercise 4753 4884 
exercised 4753 
exhibit 4882 
existing 4800 4844 
exists 4864 4871 
expand 4754 
expanded 4744 4776 
expectations 4756 
expectd 4766 
expected 4754 4756 4764 4809 4810 4812 4824 4825 4830 4835 4841 4845 4863 4890 
expects 4749 4766 4804 4810 4815 4878 
expeditious 4752 
experiencing 4764 
experimental 4871 
experts 4871 
expiration 4840 4847 4866 
expire 4748 4847 4866 4870 
expired 4753 
expires 4877 4878 
explained 4864 
explaining 4766 4864 
exploit 4848 
explore 4772 
exploring 4826 
export 4785 4789 4825 4835 
export-orientated 4789 
exporters 4789 
exports 4785 
expose 4847 4866 
exposure 4800 4863 4864 
expressed 4854 
extended 4748 4764 4872 
extends 4878 
extension 4764 
extensive 4750 
external 4785 4809 
extra 4769 
extracted 4816 
extraordinary 4755 4795 4819 4892 
extremely 4878 
f0000 4824 
f0010 4825 
f0019 4826 
f0020 4827 
f0036 4828 
f0040 4829 
f0052 4830 
f0054 4831 
f0055 4832 
f0065 4833 
f0073 4834 
f0075 4835 
f0078 4836 
f0089 4837 
f0103 4838 
f0107 4839 
f0112 4840 
f0113 4841 
f0115 4842 
f0118 4843 
f0122 4844 
f0123 4845 
f0126 4846 
f0134 4847 
f0138 4848 
f0155 4849 
f0164 4850 
f0167 4851 
f0180 4852 
f0185 4853 
f0188 4854 
f0189 4855 
f0194 4856 
f0495 4857 
f0500 4858 
f0501 4859 
f0502 4860 
f0519 4861 
f0528 4862 
f0529 4863 
f0532 4864 
f0548 4865 
f0561 4866 
f0569 4867 
f0576 4868 
f0578 4869 
f0583 4870 
f0586 4871 
f0587 4872 
f0596 4873 
f0609 4874 
f0613 4875 
f0623 4876 
f0624 4877 
f0625 4878 
f0635 4879 
f0638 4880 
f0655 4881 
f0661 4741 
f0663 4742 
f0665 4743 
f0672 4744 
f0675 4882 
f0676 4883 
f0679 4884 
f0680 4885 
f0683 4886 
f0690 4887 
f0691 4888 
f0693 4745 
f0694 4746 
f0696 4747 
f0697 4748 
f0698 4889 
f0699 4749 
f0706 4890 
f0712 4891 
f0715 4750 
f0721 4751 
f0725 4892 
f0726 4752 
f0729 4893 
f0733 4753 
f0735 4754 
f0742 4755 
f0744 4756 
f0747 4757 
f0749 4758 
f0750 4759 
f0751 4760 
f0752 4761 
f0753 4762 
f0754 4763 
f0757 4764 
f0761 4765 
f0767 4766 
f0788 4767 
f0789 4768 
f0790 4769 
f0793 4770 
f0798 4771 
f0800 4772 
f0802 4773 
f0806 4774 
f0811 4775 
f0813 4776 
f0815 4777 
f0817 4778 
f0822 4779 
f0823 4780 
f0828 4781 
f0834 4782 
f0853 4783 
f0857 4784 
f0864 4785 
f0871 4786 
f0873 4787 
f0875 4788 
f0876 4789 
f0877 4790 
f0892 4791 
f0895 4792 
f0897 4793 
f0899 4794 
f0900 4795 
f0904 4796 
f0907 4797 
f0911 4798 
f0912 4799 
f0920 4800 
f0925 4801 
f0929 4802 
f0931 4803 
f0932 4804 
f0937 4805 
f0941 4806 
f0952 4807 
f0960 4808 
f0963 4809 
f0968 4810 
f0971 4811 
f0973 4812 
f0978 4813 
f0979 4814 
f0980 4815 
f0981 4816 
f0983 4817 
f0985 4818 
f0986 4819 
f0987 4820 
f0988 4821 
f0989 4822 
f0990 4823 
facilitate 4842 4847 4866 
facilities 4829 4845 
facility 4826 
fact 4764 4864 
factor 4825 
factors 4772 4809 4810 
factory-financed 4744 
failure 4809 
fall 4744 4808 4835 4860 4879 4882 
fallen 4864 
falling 4764 4771 4811 4864 
falls 4763 4847 4866 
false 4750 4868 
family 4798 
farm 4764 4771 4860 
farmers 4833 4860 
farmland 4860 
farwest 4745 
fasb-15 4764 
fashion 4878 
fast 4807 
fathers 4809 
favourably 4835 
favoured 4809 
favroable 4827 
fca 4860 
fda 4871 4877 
feared 4872 
fearing 4872 
fears 4864 
feasibility 4816 
feb 4743 4770 4771 4777 
february 4741 4744 4771 4777 4787 4793 4810 4826 4858 4881 
fed 4771 
federal 4760 4771 4828 4830 4860 4864 4871 4873 
fee 4871 
feel 4863 
fees 4767 4856 
fell 4744 4760 4811 4864 
fernald 4887 
ferries 4785 
ferrotherm 4827 
ferry 4785 
ffws 4745 
fiat 4854 
fibre 4864 
field 4766 4816 4871 
figure 4771 
figures 4875 4879 4881 
files 4862 
filing 4800 4863 4884 
film 4806 
films 4749 
filtertek 4821 
final 4760 4810 4858 4890 
finance 4754 4760 4764 4809 4816 4829 4842 4856 4875 
financial 4760 4772 4795 4800 4809 4819 4842 4850 4860 4871 4872 4882 4883 
financially 4772 
financially-troubled 4860 
financing 4764 4800 4837 4857 
find 4816 4846 4871 4878 
finding 4854 
fine 4764 4864 
fined 4750 
fingers 4878 
finished 4744 
finland 4769 
finnish 4769 
fintel 4806 
fired 4752 
firm 4806 4812 4816 4823 4844 4864 4868 4871 
firms 4754 4789 4823 4832 4871 4875 
fiscal 4766 4777 4784 4796 4810 4891 4892 
fish 4871 
five-party 4854 
fixed 4790 4876 4891 
flag 4893 
flags 4889 4893 
flexibility 4764 4824 
floaters 4864 
floating 4864 
floor 4824 
flow 4795 4815 4878 
flows 4878 
flu 4833 
fluctuation 4809 
fluidity 4800 
flumar 4832 
fnb 4863 
fnv 4778 4781 
focus 4784 4824 
follow 4863 
food 4871 4877 
foods 4744 4810 
forbid 4872 
force 4871 
forced 4742 4864 4872 
forecast 4766 
forecasts 4741 
foreeign 4764 
foreign 4749 4754 4760 4816 4849 4873 4875 4883 
foreigners 4754 
foreseeable 4842 
forgiveness 4764 
form 4764 4790 4872 
formal 4800 
formally 4871 4878 
formed 4888 
forming 4854 
forms 4764 
formulate 4871 
fort 4792 
fortunes 4809 
forward 4795 4809 
foster 4766 
foundation 4882 
founder 4837 4890 
founding 4809 
four-for-three 4796 
four-wheel 4846 
fourth 4751 4766 4771 4784 4810 4886 
franc 4789 4809 4829 
france 4799 4829 4875 
franchised 4804 
francisco 4800 
francois 4875 
francs 4795 4799 4809 4829 
frank 4860 4871 
frankfurt 4760 4830 4835 4873 
fraud 4750 4760 
fraudulent 4760 
freddie 4860 
free 4793 4871 
free-of-charge 4871 
freedom 4875 
french 4809 4823 4829 4875 
frequent 4824 
friday 4847 4866 
frn 4864 
frns 4864 
frustration 4809 
ftk 4821 
fuel 4744 
fuelled 4789 
fuji 4754 
full 4751 4776 4793 4800 4847 4866 4875 4878 4891 
fully 4826 4878 
fulton 4750 
funaro 4764 
fund 4764 4809 4829 4851 
fundamental 4809 4864 
fundamentally 4864 
funded 4833 
funding 4842 4871 
funds 4848 
furniture 4771 4777 
future 4751 4772 4800 4824 4851 4882 
futures 4757 4762 4793 4825 4840 4847 4866 4883 
futures/options 4847 4866 
ga. 4796 
gain 4770 4771 4788 4791 4794 4810 4819 4827 4892 
gaining 4781 4860 
gains 4771 4777 4810 4819 4860 
galaxy 4888 
games 4750 
gardner 4871 
gas 4755 4834 4835 
gasoline 4744 
gathering 4834 
gave 4741 4816 4822 4845 
gay 4871 
gca 4870 
ge 4839 
general 4750 4759 4774 4777 4781 4790 4809 4810 4839 4865 4874 4879 4885 
generally 4891 
generate 4841 
generated 4864 4878 
generating 4861 
generic 4877 
genetically 4877 
geneva 4824 
geographically 4793 
george 4764 4853 
georgia 4750 
german 4756 4809 4828 4829 4830 4835 4849 4872 4873 
germany 4756 4809 4849 4873 
gerrard 4781 
gesture 4825 
gholam-reza 4875 
gi 4777 
gilt 4883 
gilts 4883 
giovanni 4854 
gis 4777 4810 
giscard 4809 
giulio 4854 
give 4764 4806 4809 4878 
global 4832 
globo 4832 
gm 4879 
gmt 4867 
gng.n 4893 
gnma 4860 
gobert 4878 
gold 4816 4835 
golden 4893 
goldman 4851 
gonaives 4816 
good 4810 4824 4835 
goods 4744 4771 4811 
government 4741 4752 4754 4809 4816 4854 4860 4861 4873 4883 
governments 4809 4872 
governor 4800 
governors 4809 
governs 4878 
grab 4878 
gradually 4823 
graham 4853 
grain 4778 4825 
gramm-rudman 4891 
grams 4816 
grand 4751 4816 
granted 4748 4851 4853 
grava 4853 
gray 4891 
great 4775 4893 
greater 4756 4764 4882 
greatest 4795 4809 
greenwell 4880 
greets 4883 
greg 4860 
grey 4830 
gros 4800 
gross-registered 4845 
group 4756 4769 4773 4774 4800 4807 4817 4824 4846 4872 4884 4890 
groups 4793 4875 
growing 4754 4807 
growth 4764 4789 4810 4845 4851 4877 
grtb 4775 
gtv 4888 
guaranteed 4842 4856 
guarantees 4749 
guarded 4809 
guenther 4760 
guilder 4809 4823 4829 
guilders 4776 
gulf 4825 4875 
gurnee 4893 
gutmann 4798 
hack 4884 
haddadi 4875 
hague 4823 
haiti 4816 4833 
haitian 4816 
half 4744 4810 4818 4844 
halt 4752 
hand 4882 
handle 4834 
handled 4845 
handling 4785 
hanley 4863 
hanover 4863 
hans 4795 
happy 4789 
hard 4864 4871 
hardwood 4744 
harjavalta 4769 
harrowsmith 4890 
hat 4841 
haulage 4785 
hauppauge 4784 4886 
head 4754 4760 4875 
heading 4764 
headlined 4832 
health 4858 4864 4871 4893 
healthco 4788 
healthways 4858 
heard 4875 
hearing 4860 
heating 4744 
heavily-traded 4864 
heavy 4848 
hebron 4821 
held 4750 4772 4806 4812 4830 4868 4875 
helicopter 4823 
helicopters 4823 
helmut 4809 
helsinki 4769 
hemdale 4806 
hemo 4747 
hemotec 4747 
henry 4837 
heritage 4753 4882 
hhh 4753 
hi-net 4818 
hia 4818 
high 4742 4800 4864 4876 4878 
high-quality 4860 
high-yield 4855 
higher 4744 4771 4785 4789 4891 
highest 4869 4873 
highlighting 4864 
highly 4789 
highly-secretive 4809 
hill 4764 4819 
hinkley 4861 
historical 4878 
historically 4847 4866 
hit 4781 4835 4864 
hitam 4844 
hits 4778 
hlco 4788 
hme 4817 
hoffman-laroche 4871 
hog 4833 
hold 4754 4806 4809 4824 
holders 4748 4779 
holding 4798 4824 4864 4887 4891 
holdings 4772 4873 
holds 4809 4884 4891 
holiday 4818 
holidays 4769 
home 4744 4749 4771 4817 4860 
homes 4814 
hong 4845 
hope 4781 4878 4891 
hoped 4854 
hopes 4875 4878 
hoping 4846 
hormone 4877 
hostages 4875 
hotel 4893 
hotels 4818 4892 
hour 4800 4830 4847 4866 
hours 4778 4867 
house 4752 4860 4891 
houses 4754 
howard 4784 4891 
hpsc 4788 
ht 4876 
huge 4891 
hughes 4876 
human 4877 
humatrope 4877 
hut 4841 
hydro 4838 
ice 4751 
idea 4764 4860 4891 
ideas 4809 
identify 4887 
idiocy 4864 
iii 4823 
iit 4848 
ill 4871 
ill. 4820 4821 4826 4893 
imbalances 4847 4866 
iml 4807 
immediately 4772 4864 
impact 4800 4835 4863 4871 4890 
impacts 4766 
implement 4793 4878 
implemented 4793 
implications 4864 
import 4833 
important 4816 4872 
importation 4833 
improve 4876 
improved 4742 4795 
improvement 4810 
improvements 4845 
improves 4878 
in-room 4818 
inadequate 4772 
inc. 4802 
include 4777 4800 4807 4823 4873 4879 
included 4771 4810 4868 
includes 4745 4747 4788 4791 4792 4794 4803 4814 4819 4827 4878 4892 
including 4744 4873 4877 
income 4751 4755 4827 4886 4893 
incomes 4789 
inconclusive 4764 
increase 4741 4744 4754 4771 4778 4787 4789 4878 
increased 4771 4801 4838 4855 4857 
increases 4744 
increasing 4835 4873 4878 
increasingly 4764 
increments 4790 
incurred 4829 
index 4741 4744 4787 4840 4847 4863 4866 
indexes 4866 
indications 4842 
indicative 4824 
individual 4858 4866 
individually 4802 
industrial 4770 4771 4789 4809 4815 
industrialists 4854 
industries 4771 4796 4858 4884 
industry 4754 4789 4860 4867 
inestimation 4794 
inevitable 4882 
infancy 4809 
infecting 4864 
inflation 4741 4789 
inflation-free 4764 
influence 4868 
informal 4809 
information 4847 4864 4866 
informed 4772 4871 
initial 4813 4815 4855 4857 
initially 4822 
initiate 4864 
initiated 4864 
initiative 4764 
injected 4822 
injury 4774 
inquiry 4893 
inra 4824 
insistence 4824 
installations 4867 
institute 4741 4793 4848 
institutional 4809 4863 
instrumentation 4766 
instruments 4837 
insurance 4774 4842 4860 4871 
insurers 4860 
int'l 4827 
intc 4806 
intel 4806 
intended 4864 
intends 4784 
interbank 4822 4864 4881 
interest 4763 4764 4773 4783 4790 4800 4809 4818 4822 4830 4839 4849 4857 4875 4878 4881 4890 
interested 4847 4866 
interests 4772 
interim 4878 
intermediate 4744 4800 
internal 4766 
international 4764 4765 4774 4788 4809 4824 4838 4856 4864 4876 4882 4883 
internationally 4872 
interpretation 4873 
intervals 4824 
intervention 4799 4829 
interview 4854 
introduce 4754 
introduced 4823 4860 
introducing 4754 
inventories 4808 4811 
inventory 4811 4864 
inventory-to-sales 4811 
invest 4756 4764 4816 4837 4848 
investigate 4750 4752 
investigation 4752 4760 
investigational 4871 
investigative 4868 
investment 4746 4764 4765 4774 4788 4791 4815 4819 4863 4884 
investor 4772 4855 4864 
investors 4800 4809 4815 4837 4842 4847 4855 4857 4860 4866 
involed 4750 
involve 4809 
involved 4760 4887 
involvement 4752 
involves 4750 4850 
ipi 4770 4771 
iran 4752 4875 
iran-contra 4752 
iranian 4875 
iraq 4875 
ireland 4864 
irish 4809 
irving 4863 
iselin 4858 
island 4809 4833 
issue 4754 4800 4807 4824 4830 4838 4844 4855 4856 4860 4864 4875 
issued 4790 4793 4806 4864 4873 
issuers 4873 
issues 4767 4774 4824 4830 4864 4871 4873 
issuing 4767 4793 4856 4883 
italian 4809 4823 4854 4881 
italy 4854 4881 
items 4771 4773 
j.p. 4863 
jackson 4864 
jail 4750 
jamaican 4833 
james 4764 4853 
jamie 4764 
jan 4743 4770 4794 4803 4808 4827 
janeiro 4867 
january 4741 4744 4760 4769 4771 4781 4785 4787 4796 4811 4829 4830 4864 4881 4891 4893 
japan 4754 4872 
japanese 4754 4883 
jealously 4809 
jeffrey 4871 
jenkins 4883 
jenrette 4793 
jeopardise 4854 
jersey 4764 4858 4877 
jim 4878 4891 
jinja 4785 
job 4823 
joe 4877 
john 4806 
join 4754 4891 
joined 4760 
joint 4818 4856 4870 4872 
journalists 4756 
joy 4789 
jpm 4863 
jucker 4795 
judge 4752 
july 4769 4792 4811 4849 
jump 4744 
jumped 4825 
jumping 4744 
june 4806 4849 4853 4858 4878 
junger 4760 
justified 4864 
kampala 4785 
kansas 4825 
kathy 4871 
keeping 4764 4809 
keflex 4877 
kennedy 4871 
kenya 4785 
kenyan 4785 
kerir 4742 
kettle 4871 
key 4764 4860 4883 4891 
kilo 4824 
kind 4793 4864 
kinds 4882 
kingdom 4861 
kisumu 4785 
klm 4807 
klm.as 4807 
knpn.as 4776 
kodak 4746 
koninklijke 4776 
kredietbank 4809 
l.c 4802 
l.f. 4871 
label 4812 
labels 4812 
labor 4744 
laboratories 4792 4877 
labour 4769 4781 4789 4867 
lack 4766 
lake 4785 4827 
lambert 4772 
land 4846 
lanesborough 4855 
large 4764 4793 4816 4835 4864 4871 
largely 4789 4809 
largest 4764 4800 4811 4860 4890 4893 
larry 4878 
las 4803 4804 
lassler 4784 
last-hour 4847 4866 
late 4754 4822 4824 4875 
latest 4845 4864 4875 
latin 4786 4800 4864 
launch 4844 
launched 4764 4838 4864 4890 
launches 4856 
law 4752 4873 4891 
lawrence 4752 4800 
laws 4871 
lawsuit 4745 4752 
lawton 4891 
lawyer 4871 
lawyers 4781 
lax 4760 
lead 4744 4767 4838 4856 4863 4887 
leader 4781 
leaders 4867 4891 
leading 4847 4864 4877 
leap 4809 
lear 4834 
lease 4826 
leave 4774 4793 4853 
lebanon 4875 
led 4785 4866 4875 
lee 4792 
left 4884 
legal 4781 4871 
legislation 4764 4860 
leisure 4802 
lend 4764 4809 
lender 4860 
lenders 4800 4860 4878 
lending 4764 4850 4860 4873 4881 
lengthy 4854 4871 
leo 4809 
leone 4849 
lerner 4871 
lesbian 4871 
lesser 4882 
letter 4793 
level 4744 4771 4809 4811 4869 4882 
levels 4744 4789 4811 4822 4824 4825 4864 4891 
leverage 4842 4857 
levi 4871 
liability 4829 4842 4871 
libel 4868 
libid 4864 
libor 4864 
licensee 4861 
life 4758 4774 4860 4871 4878 
life-style 4890 
life-threatening 4871 
liffe 4883 
lift 4864 
lifted 4781 
light 4744 4815 4825 
liklihood 4764 
lilly 4877 
limited 4888 
limits 4793 4873 
link 4785 4878 
linking 4878 
liquidate 4878 
liquidity 4783 4795 4822 4864 
lira 4809 
lisbon 4741 
listed 4767 4817 4830 4884 
listing 4817 4856 
lists 4816 
litigation 4750 4858 
lives 4794 
livestock 4833 
lly 4877 
loading 4742 
loan 4744 4764 4790 4795 4800 4807 4830 4860 4863 4864 4875 
loans 4764 4775 4800 4843 4849 4860 4863 4878 
lobby 4823 
lobster 4810 
local 4754 4764 4867 
located 4883 
locked 4891 
logs 4744 
london 4767 4768 4783 4822 4838 4844 4856 4864 4883 
london-based 4800 4868 
long 4754 4785 4809 4847 4854 4860 4866 4871 4878 4883 
long-running 4875 
long-term 4800 4893 
longer 4784 4886 
lor 4837 
loral 4837 
lorimar 4749 
lorimar-telepictures 4749 
los 4749 4753 4772 4806 
loses 4877 
loss 4745 4751 4755 4756 4764 4775 4782 4784 4795 4797 4814 4877 4886 4892 
losses 4751 4756 4795 4815 4842 4864 
lost 4860 4877 4887 
lot 4871 4878 
lottery 4750 
low 4769 4789 4864 4876 
low-cost 4877 
low-risk 4873 
lower 4746 4771 4824 4835 4857 4864 
lowered 4766 4815 4863 
lowers 4766 
lp 4888 
lpc 4834 
lpt 4834 
lucchini 4854 
lufkin 4793 
luigi 4854 
lumber 4744 
lusser 4872 
luxembourg 4767 4809 4856 
lynch 4800 4878 
lynx 4823 
maastricht 4776 
mac 4860 
machine 4820 
made 4764 4772 4779 4781 4790 4795 4798 4800 4848 4854 4867 4875 4884 4891 
mae 4790 
magazine 4890 
magazines 4890 
magnitude 4842 4864 
mailed 4870 
main 4742 4744 4860 
maintenance 4858 
major 4764 4800 4804 4809 4810 4816 4824 4847 4850 4854 4864 4871 4882 4891 
majority 4867 
majv 4804 
make 4764 4784 4800 4809 4864 4871 4872 4878 4882 4891 
make-or-break 4824 
maker 4812 4870 
makers 4864 
makes 4864 4871 4885 
making 4880 
malaba 4785 
malaysia 4844 
malaysian 4844 
malaysian/singapore 4824 
managed 4790 
management 4767 4784 4800 4856 
management-led 4774 
manager 4767 4769 4781 4855 4856 
managers 4754 
manaspas 4824 
manhattan 4863 
manufacture 4861 
manufactured 4814 4846 
manufacturer 4802 4823 
manufacturers 4811 4863 4871 
manufacturing 4744 4750 4771 4889 4893 
marathon 4878 
marcus 4793 
marine 4774 4863 
maritime 4868 
marjorie 4871 
mark 4809 4829 
markedly 4864 
market 4754 4766 4768 4769 4772 4783 4800 4807 4822 4824 4830 4846 4847 4860 4864 4866 4877 4880 4884 4886 
marketing 4785 4790 4834 4871 4877 
marketplace 4882 
markets 4751 4800 4809 4860 4864 4872 4873 4876 4883 
marks 4756 4760 4809 4828 4830 4849 
markus 4872 
marriott 4893 
martin 4761 4772 
mass 4781 
mass. 4826 4870 
match 4863 
materialized 4766 
materializing 4764 
materials 4744 4771 
matter 4764 4864 
matters 4778 4809 
matures 4864 
maturity 4790 
max 4798 
maximum 4750 4873 
mccune 4860 
mcdonnell-douglas 4823 
md. 4837 
md.n 4823 
mdi 4765 
means 4824 
measured 4741 
measures 4760 4809 4815 
mechanism 4871 
mediator 4867 
medical 4853 4858 
meet 4891 
meeting 4781 4798 4806 4809 4842 4860 4867 4870 4871 4872 4891 
meetings 4824 
mehdi 4875 
members 4760 4793 4798 4809 
membership 4793 4871 
memories 4806 
memphis 4818 
men 4778 4802 
mercantile 4793 
merck 4871 
merger 4748 4806 4876 4884 
merrill 4800 4878 
meston 4827 
met 4764 4800 4875 
metal 4744 4769 
metals 4744 
metex 4884 
method 4860 4878 
metropolitan 4884 
mexico 4764 4800 4833 4891 
mhc 4863 
mhs 4893 
mich. 4852 
michael 4835 4883 4891 
mid-1988 4809 
mid-april 4890 
middle 4876 
middlesex 4858 
midland 4863 4880 
midwest 4751 
mills 4759 4777 4810 
mine 4816 
mineral-rich 4816 
mines 4816 
mining 4769 4771 4816 
minister 4764 4833 4845 4854 4867 4875 
ministers 4809 
ministry 4754 4816 4823 4829 4849 4875 
minneapolis 4777 4810 
minnesota 4815 
minority 4807 4893 
minted 4809 
minute 4793 
minutes 4864 
misgivings 4764 
mistake 4781 
mitsubishi 4856 
mitsui 4856 
mitterrand 4875 
mm 4863 
mnh 4814 
mo. 4888 
mobil 4868 
mobile 4765 4784 4886 
model 4766 4846 
modeled 4860 
models 4823 
module 4766 
mombasa 4785 
moment 4769 4781 
momentum 4810 
monday 4795 4823 4824 
monetary 4764 4809 4829 4882 
money 4764 4768 4783 4800 4809 4816 4822 4863 4864 4878 
money-fx 4768 4783 4809 4822 4829 4882 
mongoose 4823 
montagu 4880 
montgomery 4851 
month 4741 4744 4764 4771 4781 4807 4809 4823 4824 4847 4864 4866 4875 
monthly 4771 4811 
months 4751 4764 4777 4796 4809 4824 4827 4833 4864 4887 4892 
montreal 4890 
moody 4815 4836 4842 4855 4857 
moratorium 4764 
morgan 4790 4863 4871 4874 4885 
morne 4816 
morning 4768 4825 4847 4864 4866 
mortgage 4815 4860 4873 4874 4885 
mortgage-backed 4860 
mortgages 4860 
moscow 4835 
motivated 4878 
motor 4771 
motors 4865 4879 
mountain 4893 
move 4769 4840 4847 4863 4866 4873 4883 
moved 4809 
moves 4781 
moving 4882 
mpl 4815 
mrk 4871 
mths 4775 4777 4792 4794 4803 4892 
mts 4772 
mtx 4884 
mueller 4760 
multi-million 4868 
multilateral 4764 4849 
municipal 4873 
municipalities 4873 
museveni 4785 
mutual 4784 
n't 4764 4809 4871 4878 
n.c. 4814 
n.j 4812 
n.j. 4774 4792 4858 
n.y 4784 
n.y. 4746 4802 4812 4886 
nairobi 4785 
named 4764 4816 4853 
names 4853 
naperville 4820 
narrow 4809 
narrowed 4823 
narrowing 4764 4842 
nation 4752 4833 4893 
national 4741 4758 4774 4803 4804 4809 4841 4860 4861 4871 4872 
nations 4764 4809 4816 4849 4882 
natural 4824 4835 
navvab 4875 
navy 4823 
naylor 4860 
near-term 4825 4871 
nearby 4742 
nearer 4809 
nearest 4793 
nederlandse 4776 
needed 4816 4845 
negative 4863 
negotiated 4872 4878 
negotiating 4807 4867 
negotiations 4764 4778 4824 4863 4875 
negotiatiors 4875 
nent 4803 4804 
nervous 4864 
nervousness 4800 
net 4745 4747 4751 4755 4765 4773 4775 4776 4777 4788 4791 4792 4794 4795 4797 4803 4805 4814 4819 4820 4827 4843 4850 4851 4886 4892 
netherlands 4776 4778 4781 4807 4823 
nev. 4803 4804 
newly 4806 4888 
news 4795 
newspaper 4748 4756 
newspapers 4756 
nicaragua 4752 
niche 4846 
nickel 4769 
night 4824 
nikko 4856 
nil 4745 
ning 4845 
no-risk 4873 
non-accrual 4800 
non-accruing 4863 
non-callable 4855 
non-durables 4771 
non-operating 4810 
non-performing 4863 
non-utility 4815 
nondurables 4811 
nontraditional 4842 
norma 4864 
norsk 4838 
nortek 4780 
north 4752 4816 4846 4874 4885 
norway 4787 
note 4745 4747 4755 4765 4776 4777 4788 4791 4792 4803 4814 4819 4827 4864 4892 
noted 4800 4837 4864 
notes 4764 4774 4790 4839 4855 4857 
nova 4782 4797 
nova-an-alberta-corp 4797 
novell 4779 
november 4785 4849 4875 
novl 4779 
ntk 4780 
nu-med 4794 
nuclear 4861 
nucp 4749 
nugget 4893 
number 4754 4841 
numbers 4789 
numerous 4772 
nums 4794 
nv 4776 4842 4892 
nyfe 4840 4847 4866 
nyse 4817 4840 4847 4866 
o-plus 4863 
oakland 4751 
objectives 4854 
obligation 4790 
obligations 4849 
observers 4871 
obstacle 4883 
obtaining 4781 
occupying 4867 
occur 4847 4866 
october 4764 
oecd 4789 
offer 4748 4753 4772 4798 4832 4846 4848 4878 4884 
offered 4772 4798 4830 4864 
offering 4790 4813 4851 4855 4862 4870 4893 
offerring 4798 
offers 4790 4851 
office 4760 4873 4891 
officer 4806 4837 4853 4887 
official 4764 4778 4781 4785 4799 4816 4825 4864 4875 4881 
officials 4742 4750 4754 4764 4785 4823 4825 4860 4864 
offset 4755 4810 4877 
ohio 4798 4853 
oil 4742 4744 4755 4785 4835 4848 4867 4878 
oil-indexed 4878 
oil-related 4835 
okla. 4848 
older 4823 
oliver 4752 
olmstead 4871 
on-screen 4864 
one-for-25 4804 
one-third 4807 
one-time 4886 
ongpin 4764 
open 4769 4793 4825 4884 
opened 4772 4888 
opening 4847 4864 4866 
openness 4835 
oper 4755 4765 4788 
operate 4754 4872 4878 4888 
operated 4816 4841 
operates 4804 
operating 4774 4842 4853 4864 4893 
operation 4816 4826 
operational 4826 
operations 4745 4777 4784 4792 4806 4834 4842 4853 4886 
operative 4823 
opportuniites 4826 
opportunities 4848 
oppose 4754 
opposed 4872 4878 
opposes 4891 
optimism 4824 4854 
option 4748 4851 4884 
options 4793 4823 4840 4847 4866 
orbis 4813 
orbs 4813 
order 4750 4754 4785 4793 4823 4847 4866 4878 
ordered 4785 
orderly 4878 
orders 4750 4766 4789 4793 
ore 4816 
ore-rich 4816 
ore. 4745 
ores 4744 
organisation 4824 4854 
organization 4772 4789 4858 
organized 4848 
original 4756 4779 4838 4842 
originally 4771 4809 4864 
ors 4848 
oslo 4787 
ostensibly 4825 
outgoing 4854 
outlook 4800 
outokumpu 4769 
outperform 4863 
output 4769 4771 
outright 4783 
outstanding 4772 4776 4800 4806 4818 4824 4858 4864 4876 4887 
over-allotments 4851 
overhead 4864 
overheated 4764 
overnight 4822 
overseas 4749 4835 4842 
overwhelming 4867 
owing 4830 
owned 4833 4884 
owner 4806 
owners 4798 
oy 4769 
pa 4812 
pa. 4819 4850 
pace 4744 4764 
package 4860 
packaging 4812 
pact 4824 4849 4872 
pacts 4872 
paid 4746 4818 4844 4858 4881 4890 
paint 4884 
paks 4812 
panic 4864 
panther 4823 
paper 4771 4864 
papers 4871 
papierfabrieken 4776 
par 4790 4828 4830 4855 
para 4832 
paris 4829 4849 4875 
park 4893 
parker 4752 
parks 4889 4893 
parliament 4823 4845 
parliamentarians 4823 
parliamentary 4823 4875 
parmed 4792 
part 4764 4829 4864 4875 4891 
partial 4757 4762 4764 
partially 4764 
participants 4754 
participate 4886 
participating 4858 
participation 4754 4795 4847 4866 
partly 4878 
partner 4868 
partners 4809 4816 4854 4870 
partnership 4888 
parts 4802 
party 4887 
passenger 4744 
past 4746 4772 4781 4809 4860 4871 4891 
patent 4877 
patents 4877 
paterson 4812 
patients 4871 
patrick 4868 
paul 4781 
paulo 4832 
pay 4746 4764 4778 4780 4821 4844 4864 4867 4878 4893 
payable 4801 
paying 4746 4767 4839 4893 
payment 4764 4779 4790 4856 4878 
payments 4764 4790 4800 4849 4878 
pays 4746 4830 
pazzionotto 4867 
peanuts 4800 
peapack 4774 
pearl 4812 
pecking 4878 
pegged 4878 
pekka 4769 
peltier 4893 
pembina 4805 
pembina-resources-lt 4805 
penalty 4750 
penn 4893 
pennsylvania 4750 
penril 4837 
percentage 4793 
perform 4861 
performance 4774 4810 4815 4823 
performing 4764 
period 4777 4823 4827 4849 4852 4869 4871 4879 
periodic 4864 
periods 4745 4788 4791 4794 4803 
permissible 4750 
permission 4781 
permit 4833 4871 4876 
permitting 4871 
perpetual 4864 
perpetuals 4864 
personal 4766 4774 4793 
pesetas 4756 
pete 4891 
peter 4764 4868 
peters 4878 
petition 4793 
petrobras 4867 
petroleum 4742 4744 4834 4878 
pgc 4834 
pharmaceutical 4871 
pharmaceuticals 4792 
phase 4809 
phelps 4876 
phenomenon 4864 
philippine 4764 
philippines 4764 
phoned 4864 
physician 4871 
physicians 4858 
pi 4841 
pigs 4833 
pin 4764 
pipelines 4742 
pit 4793 
pits 4793 
pittsburgh 4841 4861 
piza 4841 
pizza 4841 
place 4800 4847 4863 4866 4872 4878 
placement 4874 4885 
placing 4843 4863 
plan 4746 4764 4823 4870 4871 4878 4891 
planned 4781 4823 4844 4872 
planning 4861 
plans 4774 4781 4795 4861 4891 4893 
plant 4769 4861 
player 4860 
players 4864 
plays 4764 
plc 4807 4871 
pledged 4878 
plies 4785 
plunged 4809 
pm-haiti-gold 4816 
pm-pigs 4833 
pma 4871 
pnl 4837 
point 4772 4824 4864 4878 4886 
point/dome 4878 
pointing 4864 
points 4864 
police 4760 
policies 4871 4882 
policy 4809 4871 4882 
political 4764 4809 4854 
pollution 4815 
poolers 4860 
poor 4855 4863 
pork 4744 
port 4742 4778 4781 4785 4845 
port-au-prince 4816 4833 
portfolio 4850 
portion 4850 
portland 4745 
ports 4845 
portugal 4741 
portuguese 4741 
pose 4871 
position 4793 4842 4863 
positive 4825 4860 4890 
positively 4871 
posner 4891 
possibility 4760 4793 4863 4864 4884 
possibly 4760 4883 
post 4796 4868 4893 
post-split 4796 
postpone 4766 
potential 4750 4842 4878 
pound 4809 
power 4815 4835 4861 
practicable 4806 
practical 4847 4866 
practice 4778 4864 
practices 4778 4864 
pragmatic 4878 
pratice 4858 
pre- 4796 
pre-split 4796 
precarious 4854 
precious 4744 
precisely 4864 
predict 4809 
predicted 4789 
preferred 4745 4800 4815 
premature 4800 
premier 4854 
premium 4774 
prepared 4809 4872 
presence 4867 
present 4823 4824 4844 4873 
presentation 4835 
presented 4793 4891 
presently 4766 
president 4784 4785 4809 4837 4853 4854 4868 4875 4887 4891 
press 4816 4871 
pressed 4764 
pressing 4764 
pressure 4766 4781 4809 4829 4864 4872 
pressurized 4861 
pretax 4893 
preventing 4781 
previous 4750 4795 4825 4849 
previously 4751 4766 4771 4774 4779 4811 4818 4834 4863 4871 
previously-reported 4751 
pribu 4802 
price 4741 4744 4748 4753 4772 4787 4800 4824 4830 4835 4839 4846 4847 4864 4866 4878 
priced 4767 4790 4856 
prices 4741 4743 4744 4769 4784 4787 4825 4831 4835 4864 4878 4886 
pricing 4855 
primarily 4744 
primary 4754 4861 
prime 4854 
principal 4764 4790 4800 4806 4839 4849 4875 
principle 4774 4841 4849 
print 4750 
printer 4750 
printing 4750 
prior 4777 4780 4801 4803 4821 
private 4764 4798 4802 4848 4860 4874 4884 4885 
privately 4812 4891 
privately-owned 4890 
pro-iranian 4875 
probe 4752 
problem 4809 4891 
problems 4871 
procedure 4781 4824 4864 
proceed 4781 4883 
proceeds 4790 4851 4874 4876 4885 4893 
process 4848 
processing 4834 
produced 4829 
producer 4743 4744 4823 4834 
producers 4824 
product 4766 4871 4877 
production 4769 4770 4771 4789 4848 4870 
products 4744 4835 4871 
professionals 4864 
profit 4745 4773 4775 4776 4784 4797 4810 4844 4892 4893 
profitably 4886 
profits 4752 
program 4764 4815 4833 
programming 4818 
programs 4744 
progress 4778 4854 4875 
progressing 4875 
prohibit 4793 
prohibiting 4750 
projects 4764 4784 4848 
prominent 4764 
promise 4871 4877 
promising 4871 
promoting 4764 
prompt 4876 
prompted 4809 
properties 4755 4848 
property 4794 
proposal 4764 4798 4824 4871 4878 
proposals 4809 4860 4871 
proposed 4773 4776 4806 4871 4891 4893 
proposes 4878 
prosecutor 4752 4760 
prosecutors 4760 
prospective 4893 
prospects 4751 4772 4824 4835 
protect 4809 
protest 4778 4781 
protests 4833 
prove 4764 4863 
proved 4871 
provide 4751 4818 4890 
provided 4783 4858 
providence 4780 4813 
providers 4871 
providing 4764 
provision 4747 4814 
provisional 4842 4881 
provisions 4764 4873 
provo 4779 
prozac 4877 
psa 4845 
public 4750 4790 4813 4847 4851 4866 4873 4893 
published 4871 
publishing 4890 
pull 4880 
punt 4809 
purchase 4825 4893 
purchased 4806 
purchases 4790 4825 4884 
purposes 4874 4885 
purra 4769 
pursue 4750 
push 4789 
pushed 4864 4893 
pushing 4891 
put 4860 4871 4872 4878 
qtly 4780 4801 4821 
qtr 4745 4747 4759 4775 4777 4782 4788 4791 4792 4794 4797 4801 4803 4810 4820 4827 4843 4892 
quality 4842 
quantum 4809 
quarter 4747 4751 4766 4777 4784 4789 4791 4796 4800 4810 4863 4886 
quarterlies 4780 
quarterly 4789 4810 4821 
quarters 4766 
quasi-government 4860 
question 4824 4878 
questions 4789 
quick 4878 
quickly 4864 
quoted 4830 
r. 4887 
r.i. 4813 
radio 4854 
rael 4834 
rail 4785 
railway 4785 4830 
railways 4785 4828 4830 
raise 4774 4844 4848 4870 
raised 4876 
raises 4831 
raising 4830 4855 
ramsey 4877 
range 4846 4873 
rank 4878 
rapid 4864 
rapidly 4871 
rate 4741 4763 4764 4766 4771 4783 4790 4809 4864 4881 4882 
rated 4855 
rates 4764 4800 4809 4864 4878 4882 
rating 4857 4873 
ratings 4857 4863 4876 
ratio 4811 4873 4876 
ratios 4815 4873 
re-apply 4781 
re-applying 4781 
re-evaluated 4800 
re-route 4785 
re-routes 4785 
reach 4764 4878 4891 
reached 4841 4858 4867 
reaching 4891 
reactor 4861 
reactors 4861 
read 4832 
reagan 4764 4871 4891 
real 4764 4789 4841 4860 4878 
realigned 4809 
realignment 4809 4829 
realistic 4891 
realistically 4891 
reality 4809 
realize 4749 
reason 4744 
reasons 4766 
rebates 4744 
rebels 4752 
receipt 4748 
receivables 4850 
receive 4754 
received 4749 4800 4877 
recent 4760 4771 4800 4864 4872 4884 
recently 4764 4785 4816 4825 4877 4890 4893 
recommendation 4750 
recommended 4750 4772 
reconstruction 4854 
record 4779 4780 4793 4801 4810 4811 4821 4870 
recorded 4744 
recover 4878 
recovery 4771 4795 
red 4810 
redeemable 4790 
redeems 4839 
redefining 4891 
redemption 4745 4839 
redoubled 4764 
reduce 4795 
reduced 4753 4857 
reduces 4751 
reducing 4824 
reduction 4857 4876 4877 
reductions 4891 
redundancies 4781 
reference 4824 
refineries 4867 
refinery 4769 
reflect 4777 4792 4810 
reflected 4744 4857 
reflecting 4771 
reflects 4766 
reform 4815 
reforms 4757 4762 4764 
refuse 4871 
refused 4809 
refuses 4891 
refusing 4778 
regain 4864 
register 4871 4893 
registered 4790 
registration 4800 
registrations 4842 
regularly 4798 
regulate 4873 
regulates 4860 
regulation 4830 4883 
regulators 4864 
regulatory 4774 4883 
reigning 4867 
reinforcing 4809 
reject 4772 4793 
rejected 4772 4793 4823 4891 
rejecting 4772 
rejects 4761 4772 
related 4800 4841 4849 
relating 4863 
relation 4800 
relations 4781 4835 
relax 4871 
release 4842 4871 
released 4860 
releases 4796 
relief 4764 4833 
remain 4876 
remainder 4746 4749 4766 
remained 4854 4867 
remaining 4798 4830 4878 
remains 4809 4826 4837 4842 
remarked 4878 
remarks 4854 4882 
remove 4883 
removed 4867 
renamed 4806 
renegotiation 4824 
renewed 4864 
reorganized 4834 
repaid 4829 
repay 4893 
repayment 4875 4878 
repayments 4764 
repays 4829 
replace 4823 4853 
report 4810 4875 
reported 4751 4756 4771 4785 4796 4810 4816 4886 
reportedly 4891 4893 
reporter 4868 
reporters 4875 
reporting 4810 4853 
reports 4756 
represent 4878 
representative 4802 4835 4882 
representatives 4860 
represents 4816 4871 
republic 4863 4864 
republican 4891 
republicans 4891 
repurchase 4857 
request 4867 4891 
requested 4754 4802 
require 4800 
required 4750 4873 
requirements 4872 
requiring 4873 
resale 4783 4860 
reschedule 4849 
rescheduled 4849 
reschedules 4849 
rescheduling 4849 4878 
reschedulings 4849 
research 4766 4809 4848 4863 
reserve 4771 4864 
reserves 4764 4835 4873 
residual 4878 
resigned 4766 
resisted 4824 
resolve 4824 4878 
resources 4755 4784 4795 4805 4827 
respective 4847 4866 
response 4800 4830 4871 4873 4893 
responsibility 4760 
responsible 4744 4760 
restated 4751 4777 4796 
restatement 4751 
restates 4751 
restaurants 4841 
restraints 4873 
restructured 4764 
restructuring 4788 4870 4878 
result 4750 4764 4809 4886 
resulted 4784 
resulting 4766 4784 4806 4809 4857 
results 4773 4792 4806 4810 
resume 4764 4778 4781 4789 4795 
resumes 4809 
retail 4784 4869 4886 
retailing 4810 
retains 4749 
retirement 4788 
retreated 4864 
retroactive 4792 
return 4764 4778 4810 
returns 4815 
rev 4819 4827 
revaluation 4829 
revalued 4809 
revaluing 4842 
revenue 4815 4835 4871 4891 
revenues 4749 4774 4890 4891 4893 
reversal 4788 4791 
reverse 4804 
review 4766 
reviews 4806 4824 
revised 4768 4770 4771 4783 4808 4811 4824 4878 
revision 4873 
revolution 4875 
revs 4745 4755 4765 4788 4791 4792 4794 4797 4803 4805 4814 4892 
rica 4833 
riccardo 4877 
ridicule 4868 
rights 4748 4749 4870 
rings 4793 
rio 4867 
rise 4741 4743 4744 4771 4787 4809 4811 4852 4878 4882 
rises 4744 4881 
rising 4769 4811 
risk 4873 
river 4812 
rivet 4820 
rnb 4863 
road 4785 
rochester 4746 
rockville 4837 
roland 4875 
role 4764 4824 
rome 4854 4881 
rose 4741 4743 4744 4770 4771 4787 4808 4809 4810 4811 4830 4852 4869 4879 4881 
rosenmuller 4781 
rothchild 4871 
rotterdam 4778 4781 
round 4854 4875 
route 4785 
rover 4846 
row 4854 
royal 4807 
rubber 4824 
rule 4764 4882 
ruled 4781 
rules 4793 4871 
ruling 4752 4781 4868 
rumored 4825 
rumors 4786 4800 4825 
runaway 4809 
running 4864 
rural 4860 
rushed 4871 
sachs 4851 
sagged 4864 
saks 4871 
salaries 4864 
sale 4788 4818 4827 4830 4841 4842 4848 4851 4857 4870 4874 4876 4878 4887 4889 4893 
sales 4747 4752 4766 4769 4773 4777 4810 4811 4820 4841 4852 4859 4865 4869 4877 4879 4887 4891 
sallie 4790 
salomon 4863 
sam 4766 
santa 4851 
sao 4832 
satellite 4818 
satisfaction 4837 
satisfied 4825 
savings 4746 4872 
sb 4863 
scandal 4752 
scarcely 4789 4872 
sceptical 4809 4872 
schedule 4878 
scheduled 4798 
scheme 4891 
schmidt 4756 4809 
schweizerische 4795 
scientific 4750 
scrap 4744 
screens 4864 
sdw 4857 
seamen 4867 
searches 4760 
seas 4742 
seasonal 4744 
seasonally 4744 4811 
seat 4756 
sec 4772 4883 4884 
secondary 4860 
secret 4752 
secretary 4764 
sector 4778 4781 4789 4860 4864 
sectors 4764 
secure 4764 4875 
secured 4873 4878 
securities 4754 4767 4772 4800 4813 4815 4847 4848 4851 4855 4856 4860 4863 4864 4866 4873 4878 4880 4883 4884 4893 
securitisation 4873 
sedi 4742 
sedlmair 4760 
sedren 4816 
seek 4754 4772 4823 
seeking 4752 4764 4807 4809 4864 
seeks 4807 4848 4878 
sees 4810 4835 
segments 4842 
sell 4758 4774 4824 4846 4860 4864 4871 4878 4884 4887 4893 
sell-recommendation 4863 
selling 4767 4852 4856 4864 4869 4875 4879 4893 
sells 4774 4855 4874 
semiannually 4790 
semiconductor 4870 
senate 4860 4891 
senator 4764 4891 
senior 4800 4837 4842 4855 4857 4864 4876 4891 
sentiment 4789 
separate 4790 4802 4891 
separately 4802 
sept 4790 
series 4864 4874 4878 4885 
serve 4863 
service 4748 4764 4774 4789 4807 4815 4842 4855 4857 4878 
services 4807 4833 4858 
set 4764 4793 4804 4809 4824 4867 4868 
sets 4757 4762 4779 4780 4793 4806 4821 4837 4873 4891 
settle 4832 
settled 4824 4878 
settlement 4745 4774 4827 4847 4858 4866 
settles 4799 
settling 4824 
seventh-largest 4890 
severely 4809 
shaffer 4871 
shah 4875 
share 4751 4753 4754 4765 4766 4772 4773 4776 4777 4795 4796 4798 4806 4810 4819 4827 4844 4851 4860 4862 4878 4892 
shareholder 4878 4884 
shareholders 4772 4792 4806 4870 4878 
shareholdersapproved 4804 
shares 4748 4772 4776 4795 4800 4806 4813 4827 4837 4844 4847 4848 4851 4866 4878 4884 4887 
sharp 4744 4771 4809 4878 
sharply 4744 4864 
shaunessy 4878 
shave 4764 
shelf 4842 
shell 4831 
sheller-globe 4853 
shift 4764 
ship 4778 4781 4832 4845 
shipments 4785 
shipping 4807 4832 4867 4868 4873 
short 4760 
short-term 4799 4829 4890 
shortage 4783 4785 4822 
shortfall 4768 
shortly 4822 4871 
show 4881 
shown 4864 4871 
shows 4877 
shr 4745 4747 4755 4759 4765 4775 4777 4782 4788 4791 4792 4794 4797 4803 4805 4814 4819 4820 4827 4892 
shrs 4775 4777 4788 4794 4797 
shultz 4764 
shuttled 4875 
side 4871 
sides 4764 
siegfried 4760 
sierra 4849 
sierra-leone 4849 
sign 4871 
signal 4784 
signaled 4764 
signed 4774 4849 4858 
significant 4864 4871 
sikeston 4888 
sikorsky 4823 
similar 4860 4873 
simmering 4864 
simply 4882 
singapore 4845 
sit 4867 
sites 4816 
sits 4781 
situation 4800 4809 4854 4864 4871 4882 
size 4830 4864 
sizewell 4861 
skb 4871 
slaughter 4833 
slaughtered 4833 
slide 4809 
slightly 4746 4769 4795 
slm 4790 
slow 4764 4778 4809 
slowed 4744 
slower 4744 
slowness 4766 
small 4824 4830 4867 4890 
smaller 4872 
smithkline 4871 
so-called 4866 
soared 4809 
socialists 4854 
sociedad 4756 
society 4858 
softened 4835 
softness 4766 
software 4766 
sold 4790 4856 4864 4874 4885 4893 
sole 4855 
solution 4864 4878 
somerset 4861 
son 4868 
soon-to-be 4871 
sooner 4891 
sophisticated 4864 
sort 4764 4878 
sosnoff 4761 4772 
sought 4793 
source 4864 4891 
sources 4754 4760 4785 4825 4860 4863 4871 4873 4891 
south 4856 
southdown 4857 
southeast 4861 
southwest 4742 
sovereign 4864 4873 
sovereignty 4809 
soviet 4825 4835 
soviet-west 4835 
soviets 4825 
spa 4823 
space 4771 4826 
spanish 4756 
speaker 4891 
special 4752 4780 4806 4870 4872 
specializes 4871 
specialty 4810 
specific 4764 4800 4864 
spectrums 4879 
speculative 4829 
speech 4854 4872 4882 
speeding 4764 
spend 4756 4845 4854 4878 
spending 4891 
spent 4884 
spiral 4864 
split 4779 4796 4804 4810 
splits 4792 
spokesman 4756 4772 4778 4793 4800 4816 4823 4830 4864 4867 4871 4893 
spokeswoman 4760 4871 
sponsorship 4848 
sports/utility 4846 
spotlight 4809 
spread 4764 
sprints 4879 
squabbling 4854 
stabilise 4809 
stability 4809 
stabilized 4744 
stable 4854 4882 
staff 4746 4760 4769 4891 
stage 4809 
stagnated 4789 
stake 4764 4807 4884 4893 
stalemated 4778 
stamford 4839 
standard 4855 4863 
standpoint 4878 
stanley 4790 4874 4885 
start 4891 
started 4748 4809 
starting 4790 4891 
state 4760 4764 4827 
state-oil 4867 
stated 4779 
statement 4760 4772 4800 4825 4844 4849 4867 
statements 4750 4875 
states 4764 4790 4809 4833 4872 4873 4888 
station 4861 
statistics 4741 4787 4845 
status 4863 4872 
statute 4750 
stay 4872 
stearns 4877 
steel 4744 4767 
stein 4835 
step 4793 4809 
sterling 4822 
stg 4767 4768 4783 4807 4822 
stimulation 4848 
stock 4746 4757 4762 4772 4779 4788 4792 4793 4795 4796 4798 4800 4804 4810 4815 4817 4828 4830 4847 4848 4851 4857 4863 4866 4870 4878 4884 4888 
stockholders 4844 
stockholm 4773 
stocks 4863 4871 
stood 4744 4771 
stop 4764 4875 
stopped 4742 4778 4795 
stores 4798 4804 
story 4832 
straight 4764 
strained 4809 
strains 4809 
strategy 4764 
straw 4841 
street 4800 
strength 4771 4789 
stress 4764 
stressed 4842 
stretching 4764 
stricter 4872 
strike 4778 4781 4867 
strikers 4832 
strikes 4771 4781 4878 
strong 4742 4764 4771 4809 4810 4842 
stronger 4810 
strongly 4863 
structured 4774 
student 4790 
study 4789 4816 4860 
subcommittee 4860 
subject 4774 4800 4806 4837 
sublease 4826 
submitted 4847 4866 4891 
subordinated 4795 4842 4855 4857 4876 
subsequent 4764 
subsidiaries 4754 4774 
subsidiary 4750 4756 4760 4784 4846 4850 4863 4885 4890 
substantial 4784 4886 
substantially 4815 4842 4868 
substituted 4872 
success 4764 4809 
successful 4860 
suez-mediterranean 4742 
sufficiently 4764 
suffolk 4861 
suggested 4764 
suggestions 4809 
suit 4752 
suitors 4878 
suits 4871 
sumed 4742 
summer 4769 
summit 4891 
sunlight 4847 4866 
superior 4750 
supervised 4833 
supervision 4760 4872 
supervisory 4756 4873 
supplies 4771 
support 4764 4809 4860 4878 
supported 4854 
supporters 4860 
supra-national 4864 
suramin 4871 
surplus 4764 
suspended 4760 4795 
suspension 4760 4800 
svz 4781 
swallow 4878 
swap 4829 
swapping 4764 
swaps 4764 
sweden 4773 
sweeping 4778 
swine 4833 
swings 4847 4866 
swiss 4789 4795 4838 4872 
switzerland 4789 4795 4824 4872 
symbol 4804 
syndicate 4754 
syndicated 4864 
syndication 4764 
system 4766 4788 4809 4822 4829 4860 4861 4871 4878 
systems 4784 4812 4826 4870 4887 4888 
t. 4772 4837 
table 4867 
tact 4827 
tag 4846 
takeover 4772 4878 
takes 4822 
taking 4760 4764 4768 4871 
talk 4825 
talking 4800 4878 
talks 4764 4800 4824 4825 4875 4887 4891 
tanker 4742 
tankers 4742 
tap 4864 
target 4878 4891 
targets 4891 
task 4871 
tavoulareas 4868 
tavoulareases 4868 
tax 4747 4755 4788 4791 4800 4803 4815 4827 4882 
tax-sheltered 4774 
taxes 4891 
team 4833 
technical 4809 4816 
techniques 4764 
technology 4861 
teena 4871 
tehran 4875 
telecommunications 4784 4886 
telemedia 4890 
telephone 4784 4864 
telephones 4886 
television 4888 
temporarily 4760 
temporary 4863 
tender 4748 4761 4763 4772 4884 
tennis 4893 
tenor 4793 
tentative 4858 
term 4809 4878 
terminal 4742 
terminally 4871 
terms 4812 4818 4830 
terry 4878 
test 4848 
testing 4871 
texas 4837 4887 
textiles 4771 
thailand 4824 
theme 4889 4893 
therapies 4871 
therapy 4871 
thin 4876 
thing 4764 4878 
things 4882 
thinking 4751 
thomas 4863 
thomasville 4796 
thought 4760 4816 
threatening 4871 
three-and-a-half 4854 
three-for-two 4792 
three-year 4790 
threw 4752 4868 
thursday 4891 
ticker 4804 
ticket 4750 
tickets 4750 
tie 4878 
timber 4744 
time 4779 4781 4784 4800 4824 4834 4864 4878 
times 4772 4847 4864 4866 4873 4893 
tin 4844 
tinkering 4809 
tobacco 4744 
today 4746 4768 4781 4783 4795 4822 4825 4829 4830 4831 4832 4833 4854 4860 4864 4878 4881 4888 
tokyo 4754 
told 4756 4764 4772 4781 4795 4800 4816 4835 4845 4860 4875 4891 4893 
toledo 4853 
tomorrow 4881 
ton 4816 
tonnage 4845 
tonnes 4769 4825 4845 
tons 4816 
tony 4809 
tool 4876 
top 4763 4793 4846 4854 
torday 4764 
toronto 4878 
total 4783 4789 4793 4822 4838 4873 4878 4884 4893 
totalled 4830 
tough 4764 
tour 4764 
toxicology 4826 
trade 4764 4785 4793 4802 4809 4825 4835 4882 4883 
tradeable 4764 
traded 4847 4866 
trader 4864 
traders 4864 
trades 4793 4817 
trading 4757 4762 4793 4795 4830 4847 4864 4866 4878 4882 4883 4888 
traditionally 4860 
transact 4827 
transaction 4806 4807 4857 
transactions 4760 4772 
transfer 4760 4861 
transferred 4809 4861 
transmission 4834 
transmisssion 4834 
transport 4778 4781 
transportation 4874 4885 
treasury 4764 4856 
treating 4877 
treatment 4871 
trends 4878 
trhe 4746 
trial 4871 
trials 4871 
triple 4847 4866 
triumph-adler 4760 
troops 4867 
troubled 4870 
troy 4852 
truck 4869 4879 
trucks 4744 4771 
true 4868 
trust 4856 4863 
tuesday 4764 4800 4867 4871 4891 
tulsa 4848 
turbo 4755 
turbulence 4809 
turismo 4756 
turmoil 4809 
turn 4860 
turnover 4776 
two-for-one 4779 4810 
txn 4837 
tyler 4868 
type= 4743 4757 4758 4759 4761 4762 4763 4770 4782 4786 4799 4808 4828 4831 4832 4836 4840 4843 4859 4862 4865 4880 4889 
u.k 4783 
u.k. 4763 4807 4861 4864 4883 
u.s 4743 4744 4752 4764 4770 4771 4808 4811 4823 4852 4860 4877 4882 4883 
u.s. 4744 4746 4752 4754 4755 4764 4790 4800 4809 4823 4825 4846 4863 4864 4868 4871 4877 4878 4883 4890 
u.s.-british 4872 
ual 4862 
uganda 4785 
ugandan 4785 
uk 4763 4767 4768 4783 4809 4822 4838 4844 4846 4848 4856 4861 4864 4872 4883 
ultimately 4882 
unanimously 4772 
unappropriated 4844 
unavialability 4766 
uncertainties 4766 
uncomforable 4871 
underlying 4847 4866 
understanding 4864 
understated 4891 
understood 4863 4864 
undertaking 4764 
underway 4813 
underwrite 4754 
underwriter 4802 4813 
underwriters 4851 4864 
underwrites 4754 
underwriting 4767 4856 
undisclosed 4784 4890 
unexpected 4766 
unfortunate 4864 
unfounded 4786 4800 
unidentified 4765 
union 4778 4781 4825 4835 4858 4867 
unique 4864 
unit 4750 4756 4774 4784 4802 4809 4810 4839 4842 4850 4858 4861 4864 4893 
united 4764 4790 4809 4816 4833 4861 4872 
units 4766 4771 4774 4802 4834 4879 4888 
unload 4864 
unnerved 4800 
unofficial 4778 
unpledged 4878 
unprecedented 4864 
unproc 4832 
unrealistic 4891 
unsafe 4871 
unsecured 4815 4878 
unspecified 4793 4822 
unusual 4864 
unveiled 4809 
unwilling 4864 
upscale 4846 
upturn 4789 
uranium 4875 
urgency 4863 
urges 4764 
urging 4764 
ussr 4825 4835 
utah 4779 
utilities 4771 
utility 4815 4861 
vacates 4868 
valery 4809 
valued 4861 4893 
van 4823 
vancouver 4765 
variety 4772 
vegas 4803 4804 
vegetables 4744 
vehicle 4771 
venture 4818 4870 
version 4877 
versions 4823 
versus 4796 4819 
veterinarians 4833 
vice 4853 
vice-president 4872 
victoria 4785 
video 4749 4804 4818 
view 4766 4781 4800 
violating 4750 
violation 4750 
virtual 4864 
vision 4809 
visit 4823 
vliet 4823 
volatile 4809 4866 
volatility 4847 4866 
volkswagen 4756 4760 4852 
volume 4800 4810 
vote 4793 
voting 4870 
vowg.f 4756 4760 
vulnerability 4809 
vulnerable 4809 
vw 4756 4760 
wae 4791 
wage 4746 
wagon 4785 
wagons 4785 
wales 4856 
walker 4784 4886 
wall 4800 
walsh 4752 
walter-richter 4812 
wanted 4864 4878 
war 4875 
warburg 4767 
warned 4871 
warning 4800 
warrant 4878 
warranted 4800 
warrants 4753 4837 
warren 4871 
wary 4872 
washington 4744 4752 4764 4771 4790 4811 4846 4860 4868 4882 4884 4891 
washington-based 4871 
waste 4796 
watchdog 4823 
watched 4809 
water 4796 4861 
ways 4764 4864 
weak 4809 
weakened 4842 
weakening 4835 4842 
weaker 4815 
weakness 4809 4864 
weapons 4875 
wear 4802 
weather 4742 
wednesday 4772 4800 4809 4816 4867 
week 4760 4764 4778 4781 4823 4824 4854 4864 4875 4891 
weekend 4824 4854 
weeks 4769 4781 4829 
wegard 4802 
weight 4877 
weighted 4881 
weighting 4873 
weightings 4873 
well-timed 4863 
wellcome 4871 
welsh 4878 
werner 4756 
wesco 4774 
west 4756 4809 4829 4830 4849 4872 4873 
west-germany 4756 4760 4809 4830 4835 4849 4873 
western 4758 4774 4848 4874 4885 
westinghouse 4861 
westland 4823 
white 4752 4891 
wholesale 4787 
wholesalers 4811 
wholly-owned 4846 
widely 4871 
wider 4871 
widespread 4825 
wiesbaden 4760 
wife 4884 
wilf 4878 
wilfred 4791 
william 4793 4868 4884 4891 4893 
willingness 4867 
win 4823 
winds 4742 
winston-salem 4814 
wiping 4891 
witching 4847 4866 
withdraw 4867 
withdrawal 4748 4842 4867 
withstand 4842 
witnessed 4864 
wld 4764 
wo 4809 
woburn 4826 
wolfsburg 4756 4760 
women 4802 
word 4824 
work 4778 4861 4891 
workers 4781 4789 4867 
working 4778 4851 4891 
world 4761 4764 4772 4789 4809 4835 4872 
worldwide 4872 4877 
worth 4807 4816 
wound 4854 
woven 4812 
wpi 4743 4744 4787 
wright 4891 
write 4891 
write-downs 4842 
writedown 4765 4800 
writedowns 4755 4800 
writing 4891 
written 4750 4786 4800 
wrong 4864 
wtel 4784 4886 
wx 4861 
xuto 4824 
year-ago 4810 4811 
year-old 4858 
year-on-year 4741 
year-to-date 4879 
years 4746 4750 4756 4764 4809 4815 4816 4823 4828 4845 4854 4855 4860 4864 4878 4891 
yen 4856 4883 
yeo 4845 
yesterday 4781 4816 4833 4838 4854 4860 4861 4864 4870 4874 4883 4891 
yeutter 4882 
yielded 4864 
yielding 4864 
york 4748 4772 4791 4800 4815 4817 4839 4842 4847 4855 4857 4863 4864 4866 4871 4879 4884 4888 
young 4871 
yoweri 4785 
yr 4792 
zeebregts 4781 
zen 4877 
zenith 4877 
zinc 4744 
zurich 4795 4872 
