'big 10123 
'blue 10123 
'n 10037 
're 10030 10103 
'source 10049 
've 10078 10081 
***** 10035 
****** 10010 10029 10033 10047 10050 10060 10064 10065 10072 10075 10079 10104 10137 10142 10143 10144 
-4 10046 
-4t 10032 
-6 10136 
-ca 10042 
-completes 10018 10026 
-does-not-plan 10078 
-files 10073 10147 
-french-minis 10048 
-g 10149 
-gets-pa 10003 
-mobil 10038 
-needs 10095 
-offer-raises-e 10080 
-offici 10022 
-s 10045 
-says-talks-en 10106 
-see 10024 
-sees-b 10114 
-sells-fre 10052 
-sha 10098 
-strata 10146 
-sugar-and-coc 10014 
-to-build 10006 
-to-get 10020 
-to-ma 10102 
-to-redee 10044 
-to-redeem 10145 
-two-mths 10130 
-unit-a 10058 
-unit-expan 10001 
-unit-r 10148 
-units-se 10093 
-users 10066 
-y 10008 10023 
.06 10146 
/author 10017 10036 10080 10123 10131 
0.6 10045 
0009 10010 10033 10064 
0010 10075 10137 
0011 10029 10072 10142 
0013 10035 10079 10143 
0014 10050 10104 
0015 10047 10060 10065 10144 
0022 10061 
0023 10092 
0024 10076 
0025 10074 
0026 10109 
0032 10108 
0033 10085 
0036 10053 
0038 10002 
0041 10099 10115 
0043 10037 
0045 10042 
0046 10031 10032 
0048 10112 
0050 10028 
0051 10086 
0052 10052 10088 10119 10130 
0054 10019 
0055 10025 10102 
0056 10044 10045 
0058 10058 10105 
0060 10023 10068 
0061 10090 
0062 10008 
0063 10093 
0064 10096 
0065 10098 
0067 10078 10148 
0070 10027 
0071 10022 10094 10128 
0072 10147 
0073 10040 
0076 10129 
0077 10011 10018 10054 10083 
0078 10131 
0079 10057 10087 
0080 10046 
0081 10089 
0082 10021 
0086 10120 
0087 10055 
0089 10097 
0090 10007 10126 
0091 10049 
0092 10036 10139 
0093 10062 10081 10125 
0094 10001 10009 10073 
0096 10114 
0097 10030 10066 10095 
0098 10071 10111 
0099 10123 10149 
0101 10100 
0102 10024 
0103 10003 10067 10069 10127 10135 
0104 10056 10080 10110 10121 
0105 10106 
0106 10034 10116 10140 
0107 10006 10026 10043 10077 10146 
0108 10020 
0109 10017 10118 
0110 10016 10141 10145 
0111 10136 
0112 10103 10117 
0113 10004 10059 10084 10138 
0114 10101 
0115 10048 10091 
0116 10051 10133 
0117 10013 
0118 10107 
0119 10005 10038 10063 10134 
0121 10015 
0123 10082 
0124 10041 10122 
0126 10014 
0127 10070 
0132 10113 10132 
0138 10012 
0140 10124 
0141 10039 
03-26 10001 10002 10003 10004 10005 10006 10007 10008 10009 10010 10011 10012 10013 10014 10015 10016 10017 10018 10019 10020 10021 10022 10023 10024 10025 10026 10027 10028 10029 10030 10031 10032 10033 10034 10035 10036 10037 10038 10039 10040 10041 10042 10043 10044 10045 10046 10047 10048 10049 10050 10051 10052 10053 10054 10055 10056 10057 10058 10059 10060 10061 10062 10063 10064 10065 10066 10067 10068 10069 10070 10071 10072 10073 10074 10075 10076 10077 10078 10079 10080 10081 10082 10083 10084 10085 10086 10087 10088 10089 10090 10091 10092 10093 10094 10095 10096 10097 10098 10099 10100 10101 10102 10103 10104 10105 10106 10107 10108 10109 10110 10111 10112 10113 10114 10115 10116 10117 10118 10119 10120 10121 10122 10123 10124 10125 10126 10127 10128 10129 10130 10131 10132 10133 10134 10135 10136 10137 10138 10139 10140 10141 10142 10143 10144 10145 10146 10147 10148 10149 
1,000 10084 10143 
1,015,800 10120 
1,028 10045 
1,060,848 10008 
1,099,778 10046 
1,104,472 10094 
1,107,000 10097 
1,129,000 10037 
1,177,000 10119 
1,204,080 10046 
1,218 10045 
1,268,847 10097 
1,301,000 10037 
1,329,000 10119 
1,347,000 10097 
1,365,655 10097 
1,500 10141 
1,780,000 10087 
1,800,000 10114 
1-1/4 10009 
1-1/8 10080 
1-3/4 10080 
1-3/8 10080 
1.05 10105 
1.19 10079 
1.3043 10098 
1.34 10130 
1.35 10130 
1.39 10069 
1.5 10045 10090 10133 
1.58 10069 
1.88 10017 
1.98 10103 
1/16 10133 
1/4 10080 
1/8 10009 10133 
10.02 10080 
10.1 10032 
10.2 10011 10108 
10.3 10135 
10.5 10050 10054 10094 
10.6 10008 
10.8 10029 10045 10083 
100,000 10059 10131 
1000 10030 10113 
10001 10001 
10002 10002 
10003 10003 
10004 10004 
10005 10005 
10006 10006 
10007 10007 
10008 10008 
10009 10009 
10010 10010 
10011 10011 
10012 10012 
10013 10013 
10014 10014 
10015 10015 
10016 10016 
10017 10017 
10018 10018 
10019 10019 
10020 10020 
10021 10021 
10022 10022 
10023 10023 
10024 10024 
10025 10025 
10026 10026 
10027 10027 
10028 10028 
10029 10029 
10030 10030 
10031 10031 
10032 10032 
10033 10033 
10034 10034 
10035 10035 
10036 10036 
10037 10037 
10038 10038 
10039 10039 
10040 10040 
10041 10041 
10042 10042 
10043 10043 
10044 10044 
10045 10045 
10046 10046 
10047 10047 
10048 10048 
10049 10049 
10050 10050 
10051 10051 
10052 10052 
10053 10053 
10054 10054 
10055 10055 
10056 10056 
10057 10057 
10058 10058 
10059 10059 
10060 10060 
10061 10061 
10062 10062 
10063 10063 
10064 10064 
10065 10065 
10066 10066 
10067 10067 
10068 10068 
10069 10069 
10070 10070 
10071 10071 
10072 10072 
10073 10073 
10074 10074 
10075 10075 
10076 10076 
10077 10077 
10078 10078 
10079 10079 
10080 10080 
10081 10081 
10082 10082 
10083 10083 
10084 10084 
10085 10085 
10086 10086 
10087 10087 
10088 10088 
10089 10089 
10090 10090 
10091 10091 
10092 10092 
10093 10093 
10094 10094 
10095 10095 
10096 10096 
10097 10097 
10098 10098 
10099 10099 
101-1/2 10009 
10100 10100 
10101 10101 
10102 10102 
10103 10103 
10104 10104 
10105 10105 
10106 10106 
10107 10107 
10108 10108 
10109 10109 
10110 10110 
10111 10111 
10112 10112 
10113 10113 
10114 10114 
10115 10115 
10116 10116 
10117 10117 
10118 10118 
10119 10119 
10120 10120 
10121 10121 
10122 10122 
10123 10123 
10124 10124 
10125 10125 
10126 10126 
10127 10127 
10128 10128 
10129 10129 
10130 10130 
10131 10131 
10132 10132 
10133 10133 
10134 10134 
10135 10135 
10136 10136 
10137 10137 
10138 10138 
10139 10139 
10140 10140 
10141 10141 
10142 10142 
10143 10143 
10144 10144 
10145 10145 
10146 10146 
10147 10147 
10148 10148 
10149 10149 
105.3 10043 
108,000 10027 10040 
108-billion-dlr 10125 
11,004 10045 
11.1 10135 
11.2 10097 
11.4 10106 
11.5 10059 
11.6 10094 10125 
1100 10122 
114,712 10094 10095 
118.7 10105 
119-1/2 10084 
12,418,749 10062 
12,544,866 10062 
12,837,088 10062 
12,987,834 10062 
12.0 10097 
12.3 10011 
123.6 10043 
124.6 10043 
125,000 10032 
126,117 10062 
127,500 10063 
12:12:57.76 10001 
12:13:39.63 10002 
12:15:35.31 10003 
12:17:26.37 10004 
12:19:18.42 10005 
12:20:34.41 10006 
12:21:18.81 10007 
12:21:42.19 10008 
12:22:10.06 10009 
12:23:03.99 10010 
12:26:06.29 10011 
12:26:42.65 10012 
12:27:23.14 10013 
12:27:45.45 10014 
12:28:11.69 10015 
12:30:59.51 10016 
12:33:25.04 10017 
12:33:57.01 10018 
12:34:24.39 10019 
12:37:48.01 10020 
12:38:09.30 10021 
12:38:22.02 10022 
12:40:02.47 10023 
12:40:16.38 10024 
12:40:43.84 10025 
12:40:52.65 10026 
12:41:04.85 10027 
12:41:30.21 10028 
12:43:18.88 10029 
12:44:43.83 10030 
12:46:03.72 10031 
12:46:20.26 10032 
12:48:35.24 10033 
12:49:18.15 10034 
12:49:31.85 10035 
12:50:43.81 10036 
12:50:49.04 10037 
12:50:57.93 10038 
12:59:20.16 10039 
13.6 10008 
13.61 10022 
13.7 10083 
13.82 10080 
13.85 10051 
13.9 10083 
133,067 10021 
135.7 10043 
137.2 10023 
13:00:01.51 10040 
13:00:14.13 10041 
13:00:46.83 10042 
13:06:17.40 10043 
13:06:50.85 10044 
13:07:08.34 10045 
13:08:21.86 10046 
13:08:52.54 10047 
13:09:45.98 10048 
13:09:57.13 10049 
13:11:37.69 10050 
13:14:17.73 10051 
13:15:04.62 10052 
13:17:32.95 10053 
13:25:26.95 10054 
13:29:49.49 10055 
13:30:19.72 10056 
13:32:52.55 10057 
13:38:15.46 10058 
13:40:37.69 10059 
13:44:20.98 10060 
13:45:13.45 10061 
13:46:09.82 10062 
13:48:02.47 10063 
13:53:17.71 10064 
13:55:42.62 10065 
13:57:24.34 10066 
13:57:40.45 10067 
13:57:57.72 10068 
13:58:29.31 10069 
13:59:46.41 10070 
140,000 10032 
142.4 10023 
14:01:18.81 10071 
14:01:53.80 10072 
14:02:31.56 10073 
14:04:36.72 10074 
14:05:29.35 10075 
14:07:24.05 10076 
14:08:01.76 10077 
14:10:59.94 10078 
14:12:19.27 10079 
14:12:28.87 10080 
14:13:08.31 10081 
14:20:32.87 10082 
14:23:37.17 10083 
14:23:52.98 10084 
14:23:57.49 10085 
14:24:01.94 10086 
14:24:08.37 10087 
14:24:12.87 10088 
14:24:20.75 10089 
14:24:37.80 10090 
14:27:58.38 10091 
14:38:30.77 10092 
14:39:20.76 10093 
14:39:26.50 10094 
14:39:35.28 10095 
14:39:42.91 10096 
14:39:52.22 10097 
14:39:57.70 10098 
14:40:02.49 10099 
14:42:44.66 10100 
14:45:37.33 10101 
14:45:53.94 10102 
14:47:27.89 10103 
14:48:22.45 10104 
14:51:59.38 10105 
14:54:19.03 10106 
14:55:43.48 10107 
14:56:22.64 10108 
14:56:26.72 10109 
15.4 10089 
150,746 10062 
15522 10001 
15523 10002 
15524 10003 
15525 10004 
15526 10005 
15527 10006 
15528 10007 
15529 10008 
15530 10009 
15531 10010 
15532 10011 
15533 10012 
15534 10013 
15535 10014 
15536 10015 
15537 10016 
15538 10018 
15539 10019 
15540 10020 
15541 10021 
15542 10022 
15543 10023 
15544 10024 
15545 10025 
15546 10026 
15547 10027 
15548 10028 
15549 10029 
15550 10030 
15551 10017 
15552 10031 
15553 10032 
15554 10033 
15555 10034 
15556 10035 
15557 10036 
15558 10037 
15559 10038 
15560 10039 
15561 10040 
15562 10041 
15563 10042 
15564 10043 
15565 10044 
15566 10045 
15567 10046 
15568 10047 
15569 10048 
15570 10049 
15571 10050 
15572 10051 
15573 10052 
15574 10053 
15575 10054 
15576 10055 
15577 10056 
15578 10057 
15579 10058 
15580 10059 
15581 10060 
15582 10061 
15583 10062 
15584 10063 
15585 10064 
15586 10065 
15587 10066 
15588 10067 
15589 10068 
15590 10069 
15591 10070 
15592 10071 
15593 10072 
15594 10073 
15595 10074 
15596 10075 
15597 10076 
15598 10077 
15599 10078 
15600 10079 
15601 10080 
15602 10081 
15603 10082 
15604 10083 
15605 10084 
15606 10085 
15607 10086 
15608 10087 
15609 10088 
15610 10089 
15611 10090 
15612 10091 
15613 10092 
15614 10093 
15615 10094 
15616 10095 
15617 10096 
15618 10097 
15619 10098 
15620 10099 
15621 10100 
15622 10101 
15623 10102 
15624 10103 
15625 10104 
15626 10105 
15627 10106 
15628 10107 
15629 10108 
15630 10109 
15631 10110 
15632 10111 
15633 10112 
15634 10113 
15635 10114 
15636 10115 
15637 10116 
15638 10117 
15639 10118 
15640 10119 
15641 10120 
15642 10121 
15643 10122 
15644 10123 
15645 10124 
15646 10125 
15647 10126 
15648 10127 
15649 10128 
15650 10129 
15651 10130 
15652 10131 
15653 10132 
15654 10133 
15655 10134 
15656 10135 
15657 10136 
15658 10137 
15659 10138 
15660 10139 
15661 10140 
15662 10141 
15663 10142 
15664 10143 
15665 10144 
15666 10145 
15667 10146 
15668 10147 
15669 10148 
15670 10149 
15:02:11.04 10110 
15:04:13.50 10111 
15:04:50.25 10112 
15:06:05.78 10113 
15:06:43.39 10114 
15:08:35.23 10115 
15:12:50.50 10116 
15:14:41.64 10117 
15:18:34.51 10118 
15:22:24.74 10119 
15:23:02.52 10120 
15:23:15.71 10121 
15:28:04.96 10122 
15:35:19.41 10123 
15:40:09.91 10124 
15:44:50.78 10125 
15:44:58.99 10126 
15:45:37.32 10127 
15:46:25.64 10128 
15:46:32.23 10129 
15:46:55.02 10130 
15:48:29.13 10131 
15:50:15.73 10132 
15:52:29.48 10133 
15:57:04.58 10134 
15:57:18.64 10135 
15:57:28.70 10136 
15:58:06.76 10137 
15:59:56.38 10138 
16.3 10011 
167,236 10021 
16:00:15.11 10139 
16:01:44.44 10140 
16:03:55.68 10141 
16:05:17.29 10142 
16:06:14.46 10143 
16:08:50.12 10144 
16:09:39.26 10145 
16:09:50.97 10146 
16:10:00.24 10147 
16:10:21.05 10148 
16:11:56.50 10149 
17-1/2 10076 
1700 10044 
18,000 10086 
18,750,000 10057 
18.60 10080 
186.4 10130 
19-1/2 10074 
19-24 10140 
19.4 10011 
191,000 10027 10040 
195,000 10089 
195,202 10008 
1957 10063 
1961 10063 
1971 10145 
1975 10091 
1979 10145 
1980 10135 
1980s 10070 
1981 10017 10039 
1983 10063 10090 10114 
1984 10059 10062 10063 
1985 10014 10020 10023 10041 10043 10046 10059 10062 10063 10078 10082 10091 10119 10135 
1986 10011 10017 10021 10023 10025 10041 10045 10046 10052 10062 10073 10078 10080 10097 10100 10105 10106 10112 10129 10130 10135 10140 
1986-88 10082 
1986/87 10120 
1987 10017 10023 10031 10082 10114 10130 10145 
1987/88 10015 10091 10120 10124 
1988 10017 10125 
1989 10017 
1990 10017 10030 10063 10146 
1990s 10106 
1991 10017 10125 
1994 10009 
1998 10051 
1st 10105 10140 
2,000 10089 10131 10143 
2,012,093 10021 
2,056,000 10083 
2,126,954 10021 
2,463,214 10099 
2,465,996 10027 
2,500 10141 
2,509,832 10099 
2,542,000 10083 
2,562,160 10097 
2,564,000 10110 
2,577,000 10089 
2,623,000 10089 
2,695,206 10097 
2,873,300 10022 
2-1/2 10016 
2-1/4 10080 10116 
2-for-1 10050 
2.1 10011 10105 
2.2 10032 
2.20 10017 
2.4 10032 10124 
2.5 10026 10040 10044 
2.51 10011 
2.7 10135 
2.84 10011 
2.85 10017 
20-23 10073 
20.5 10051 
20.58 10011 
200,000 10003 10119 
2000 10043 
2006 10056 
201,129 10062 
2012 10147 
2017 10051 
202,097 10094 
202.8 10130 
21.09 10011 
21.7 10130 
211,000 10032 10089 
218,000 10083 
220.9 10130 
223,000 10116 
223.9 10130 
23,085 10135 
23.5 10045 
232,000 10083 
234,745 10053 
2380 10012 
24-year 10066 
2400 10012 
25.1 10130 
25.2 10011 
2500 10012 
254,285 10087 
26-mar-1987 10001 10002 10003 10004 10005 10006 10007 10008 10009 10010 10011 10012 10013 10014 10015 10016 10017 10018 10019 10020 10021 10022 10023 10024 10025 10026 10027 10028 10029 10030 10031 10032 10033 10034 10035 10036 10037 10038 10039 10040 10041 10042 10043 10044 10045 10046 10047 10048 10049 10050 10051 10052 10053 10054 10055 10056 10057 10058 10059 10060 10061 10062 10063 10064 10065 10066 10067 10068 10069 10070 10071 10072 10073 10074 10075 10076 10077 10078 10079 10080 10081 10082 10083 10084 10085 10086 10087 10088 10089 10090 10091 10092 10093 10094 10095 10096 10097 10098 10099 10100 10101 10102 10103 10104 10105 10106 10107 10108 10109 10110 10111 10112 10113 10114 10115 10116 10117 10118 10119 10120 10121 10122 10123 10124 10125 10126 10127 10128 10129 10130 10131 10132 10133 10134 10135 10136 10137 10138 10139 10140 10141 10142 10143 10144 10145 10146 10147 10148 10149 
261,791 10094 
266,000 10108 
267.7 10043 
27.3 10045 
271,000 10032 
278,000 10089 
28.6 10119 
28.9 10130 
284,945 10008 
29,824 10131 
292,000 10089 
3,086,386 10027 
3,175 10008 
3,200,000 10114 
3,237,235 10053 
3,282,478 10046 
3,464,269 10094 
3,500,000 10114 
3,717 10135 
3,722 10135 
3,895,267 10053 
3-3/8 10017 
3.0 10045 
3.00 10017 
3.04 10116 
3.1 10040 
3.35 10017 
3.37 10145 
3.49 10083 
3.5 10138 
3.55 10116 
3.6 10040 
3.66 10130 
30.6 10099 
304,000 10089 
31-3/8 10017 
31.7 10080 
312.4 10043 
32.6 10043 
33.1 10097 
33.96 10011 
333.8 10037 
34-3/4 10080 
34.4 10099 
34.5 10031 
34.9 10099 
35,768 10131 
37- 10125 
37-3/4 10080 
37.5 10146 
39.9 10057 
398.4 10037 
3rd 10027 10035 10040 10094 
4,000 10134 
4,083,833 10094 
4,384,000 10083 
4,864 10045 
4,904,000 10083 
4.0 10011 10091 
4.04 10145 
4.05 10130 
4.1 10011 
4.23 10145 
4.30 10017 
4.41 10083 
4.7 10017 
40.1 10097 
400,000 10026 
42.9 10008 
423,064 10135 
425,000 10089 
434,682 10135 
450,000 10119 
453,924 10097 
459,000 10083 
46,000 10038 
460,000 10083 
47.4 10099 
47.5 10008 
47.8 10045 
48.09 10011 
496,000 10097 
4th 10032 10037 10046 10053 10083 10089 10097 10108 10119 
5,390 10045 
5,524,000 10023 
5,686,000 10037 
5,896,000 10027 10040 
5-1/2 10009 
5.1 10078 
5.2 10011 
5.25 10011 
5.3 10045 
5.5 10104 10117 
5.7 10146 
5.78 10022 
5/8 10009 
500,000 10028 10128 
51.83 10145 
52.82 10145 
527,065 10046 
537,609 10087 
561,029 10094 10095 
571,000 10097 
58,506 10021 
58-7/8 10080 
58.6 10043 
59,000 10023 
59-5/8 10080 
6,036,000 10108 
6,068,254 10046 
6,561,000 10027 10040 
6,764,004 10022 
6-1/4 10080 
6.3 10135 
6.8 10045 
6.80 10072 
6.9 10125 
60,000 10120 
60-kg 10100 
613,205 10046 
62.7 10045 
622,470 10046 
63,000 10089 
632.5 10110 
64.2 10017 
68-1/4 10116 
68.7 10017 
69.5 10017 
7,291,000 10119 
7,579,547 10046 
7-year 10144 
7.04 10144 
7.05 10072 
7.1 10025 
7.18 10107 
7.2 10078 
7.4 10078 10080 
7.53 10041 
7.60 10041 
7.73 10011 
70,033 10021 
70.5 10017 
700,000 10132 
71-1/8 10080 
71.5 10017 
716,000 10089 
72-1/4 10080 
72.1 10091 
726,816 10097 
73-82 10073 
74.5 10037 
750,000 10022 
77-year-old 10063 
785,000 10023 
8,094,000 10023 
8,168,000 10037 
8,250,222 10053 
8,600,000 10114 
8,637,000 10089 
8,864,000 10083 
8,894,000 10027 10040 
8.2 10032 10045 
8.5 10082 
8.75 10087 
80,000 10063 
801,000 10119 
805,754 10135 
83-3/4 10080 
83.2 10037 
84.09 10041 
857,006 10008 
86.19 10041 
86/87 10120 
861,000 10108 
871,000 10027 10040 
88-1/2 10080 
882,230 10021 
894,362 10135 
9,000 10030 10113 10134 
9,237,296 10062 
9,310,000 10027 10040 
9,438,425 10062 
9-1/8 10051 
9.15 10051 
9.3 10135 
9.6 10036 
90,000 10107 10120 
900,000 10067 
91-day 10072 
91.09 10011 
91.7 10043 
910,000 10120 
937,163 10021 
957,000 10140 
98-page 10059 
99,209 10094 
99.75 10051 
990,000 10027 10040 
`` 10004 10005 10006 10012 10017 10030 10034 10036 10039 10041 10045 10049 10055 10063 10067 10070 10077 10078 10080 10081 10082 10084 10091 10100 10101 10103 10106 10113 10118 10121 10123 10124 10126 10131 10132 10133 10136 10138 10140 10141 
a. 10006 
a/b 10111 
ab 10030 10041 
abated 10059 
ability 10039 10055 
abroad 10124 
absorbing 10139 
abuse 10049 10055 
abuses 10034 10055 
academic 10081 
acceptances 10016 
accepted 10036 
access 10005 10049 10082 10101 10121 
accommodate 10007 
accompanied 10059 
accord 10081 10091 10131 10132 
accords 10091 10131 
account 10036 10039 10055 
accountable 10141 
accountant 10013 10141 
accounting 10082 10141 
accounts 10055 10070 
accrued 10145 
accumulating 10106 
achieve 10136 
achieved 10148 
achievement 10136 
acm 10019 
acms 10019 
acq 10005 10018 10025 10042 10049 10052 10058 10065 10066 10071 10073 10078 10086 10088 10098 10102 10106 10128 10129 10139 10146 
acquire 10025 10088 10129 
acquired 10042 10058 10103 10128 10139 
acquires 10058 
acquiring 10080 10103 
acquisition 10025 10058 10078 10080 10102 10128 10129 
acquisitions 10056 10116 
acres 10086 
across-the-board 10138 
act 10005 10095 10124 
acting 10091 
action 10005 10014 10048 10118 10124 
actions 10049 10056 10117 
active 10013 
activists 10036 
acura 10131 
acuras 10131 
add 10024 
added 10006 10015 10036 10043 10078 10091 10103 10106 10118 10123 10131 10136 
adding 10036 10103 10124 
addition 10007 10103 10133 10145 
additional 10019 10059 10066 10095 10106 
address 10138 
adhesive 10093 
adhesives 10093 
adjusted 10097 10131 
adjustments 10017 10081 10124 
administration 10004 10026 10059 10101 10136 
administrative 10036 
admitted 10036 10063 
adopt 10034 
adopting 10101 
advance 10095 10136 
advanced 10053 
advances 10016 10101 10124 
adversely 10140 
advocated 10049 
aerospace 10093 
affect 10077 10117 10126 10140 
affecting 10036 
affects 10104 10142 
affirmation 10080 
affirmed 10117 10118 
affirms 10104 10142 
africa 10003 
after-tax 10067 10073 
agencies 10034 10102 
agency 10011 10034 10036 10117 10118 10141 
aggressive 10123 
ago 10059 10069 10077 10080 10083 10126 10132 
agree 10121 10124 
agreed 10013 10036 10066 10081 10091 10093 10095 10129 10132 10138 10139 
agreement 10030 10048 10091 10095 10100 10113 10132 10140 10146 
agreements 10071 
agricoles 10124 
agricultural 10015 10039 10045 10124 10125 
agriculture 10004 10039 10070 10082 10120 10138 
agsi 10053 
ahc 10080 
ahead 10080 10106 10123 10124 
aid 10049 10124 10138 
aide 10101 
aids 10020 
aim 10036 
aimed 10036 10059 10101 
aiming 10073 
air 10024 
aires 10024 
airlines 10024 
akron 10006 
ala. 10001 
alameda 10058 
alaskan 10080 
alcoholism 10063 
alevittown 10095 
allan 10121 
allay 10055 
alleged 10034 
allied 10099 
allies 10106 
allocations 10041 
allowed 10049 10103 10131 
alpha 10020 
alpha-interferon 10003 
am-anderson 10063 
am-brazil-cabinet 10077 10126 
am-brazil-strikes 10132 
am-liability 10059 
amb 10105 
amendment 10114 
amerada 10080 
america 10049 10117 10133 
american 10027 10040 10049 10059 10062 10064 10084 10105 10117 10118 10121 10131 10138 
americus 10084 
amex 10084 
amoco 10001 10080 
amount 10071 10078 10102 10120 10122 10123 10125 10133 
amounts 10082 10124 
amstutz 10082 
anadarko 10147 
analyst 10012 10017 10078 10080 10116 10123 
analysts 10017 10039 10049 10080 10081 10118 10123 10131 
analyze 10028 
andalusia 10001 
anderson 10063 
angeles 10024 10108 
anguilla 10063 
anguish 10059 
ann 10134 
announced 10002 10018 10036 10042 10080 10098 10124 10133 10139 
announcement 10118 
annual 10002 10015 10043 10069 10124 10145 
annually 10051 10138 
anonymity 10017 
ansy 10027 10040 
anthony 10014 
anti-inflation 10091 
anticipated 10123 10125 
anticipates 10096 
antitrust 10059 
antiviral 10020 
apartment 10090 
apbi 10127 
apc 10147 
apparently 10106 
appeal 10003 
appeals 10014 
appeared 10138 
applause 10124 
application 10020 10093 
applied 10127 
appointed 10013 10124 
appointments 10013 
appoints 10013 
approach 10091 10101 10138 
approcah 10138 
appropriately 10080 
appropriations 10004 
approval 10026 10071 10088 10102 10136 10146 
approve 10024 10054 10098 
approved 10002 10003 10020 10054 10067 10088 10098 10101 10102 10114 
approximately 10007 
april 10004 10009 10012 10013 10044 10054 10057 10061 10068 10071 10080 10085 10086 10092 10100 10109 10110 10112 10115 10136 
april/may/july 10107 
arabia 10078 
arai 10099 
archbishopric 10134 
architecture 10148 
area 10017 10025 10070 
areas 10049 10069 10124 
argentina 10024 
argue 10118 
arisen 10048 
ariz. 10022 10058 10148 
arms-length 10049 
army 10031 
arranged 10133 
arranger 10016 10060 
arranging 10078 10133 
arrested 10049 
article 10036 
articles 10036 
asia 10003 10043 
asked 10004 10024 10077 10091 10103 10126 
aslk-cger 10009 
assembly 10030 
asset 10080 
assets 10018 10025 10069 10078 10095 10102 10106 10117 10118 
assistant 10059 10081 
associate 10082 
associates 10099 
association 10049 10087 10106 
assurance 10095 
assured 10049 
atlanta 10128 
atlantic 10017 10045 
atorino 10116 
attached 10111 
attack 10004 
attempting 10055 10121 
attention 10034 10080 
attorney 10059 10063 
attractive 10080 
attributed 10039 
audit 10055 10141 
auditing 10141 
auditors 10141 
audits 10141 
aurora 10088 
austerity 10036 
australia 10046 10131 
australian 10080 10106 
author 10017 10036 10080 10123 10131 
authorities 10036 10063 10121 
authority 10121 
authorized 10003 10054 
authorizes 10149 
auto 10030 10113 10131 
automaker 10131 
automakers 10021 
automobile 10070 
automotive 10021 10093 10149 
autos 10017 
availability 10059 
average 10012 10017 10036 10072 10135 10141 10144 
avg 10027 10040 10097 
avoid 10049 10082 10121 10124 
awaiting 10026 
awarded 10028 10144 
awarding 10124 
awards 10059 
b-1 10117 
ba-1 10117 
ba-3 10117 
baa-1 10117 
baa-2 10051 
baa-3 10117 
bac 10117 
bache 10012 
back 10039 10078 10124 10131 
backed 10036 
backlog 10099 
bad 10124 10141 
bags 10100 
baker 10136 
balance 10013 10110 10135 
balanced 10125 
balancing 10125 
bales 10062 
ball 10080 
balladur 10048 
baltimore 10098 
ban 10055 10101 
banco 10132 
bancorp 10088 
bancshares 10025 10102 
bang 10123 
bank 10009 10013 10019 10025 10049 10061 10063 10072 10081 10085 10088 10090 10091 10102 10103 10117 10118 10121 10128 10132 10136 
bankamerica 10104 10117 
bankcorp 10103 
bankers 10103 10118 10132 10133 
banking 10005 10047 10049 10063 10081 10101 10118 10121 10133 10136 
bankrupt 10017 
banks 10025 10049 10091 10095 10103 10118 10121 10128 10132 10133 10138 
bankworkers 10132 
banning 10055 
barney 10116 
barometer 10012 
barrel 10078 10080 10091 
barrels 10038 
barrels/day 10038 
barrels/year 10038 
barriers 10005 10121 
barrister 10013 
base 10091 10117 10128 
based 10003 10017 10129 10146 10148 
basic 10017 
basis 10003 10016 10038 10049 10051 10054 10084 10135 
battery 10018 10052 
bay 10080 
bb-minus 10056 
bb-plus 10056 
bbb-minus 10056 
bbb-plus 10051 
bc- 10042 10069 
bc-******american-brankd 10064 
bc-******bp-managing-dir 10065 
bc-******dun/bradstreet 10029 
bc-******entertainment-p 10033 
bc-******fed's-heller-sa 10075 
bc-******fed's-heller-ur 10047 
bc-******federated-depar 10050 
bc-******general-motors 10143 
bc-******money-market-mu 10079 
bc-******moody's-downgra 10104 
bc-******moody's-may-dow 10137 
bc-******s/p-affirms-chr 10142 
bc-******u.s.-7-year-not 10144 
bc-******uaw-strikes-gm 10010 
bc-*****entertainment-pu 10035 
bc-/bolivia-opens-talks 10134 
bc-/china-switches-u.s. 10120 
bc-/fed's-heller-says-do 10081 
bc-/france-will-fight-ec 10124 
bc-/moody's-downgrades-b 10117 
bc-/ny-traders-say-sovie 10107 
bc-/volcker-opposes-limi 10101 
bc-advanced-genetic-scie 10053 
bc-allied-research-assoc 10099 
bc-american-brands- 10105 
bc-american-nursery-prod 10027 10040 
bc-americus-trust-for-me 10084 
bc-amoco- 10001 
bc-anadarko- 10147 
bc-aslk-cger-finance-iss 10009 
bc-bank-of-montreal-hope 10103 
bc-bankers-see-good-rece 10133 
bc-biogen- 10003 
bc-bp 10080 
bc-bp- 10078 
bc-british 10048 
bc-canada-oil-exports-ri 10011 
bc-cardenas-rules-out-ma 10100 
bc-carson-pirie-scott-an 10076 
bc-cb-and-t- 10102 
bc-cftc-officials-see-no 10034 
bc-cftc-sees-no-trading 10055 
bc-cftc-speculative-limi 10039 
bc-chris-craft-industrie 10068 
bc-circle-k- 10022 
bc-clinical-data- 10028 
bc-cms-enhancements- 10019 
bc-cocoa-chairman-works 10122 
bc-coffee 10014 
bc-combustion-engineerin 10129 
bc-commerce-clearing-hou 10092 
bc-commonwealth-energy-s 10109 
bc-corrected 10038 
bc-cotton-ginnings 10062 
bc-danzar-investment- 10057 
bc-decision-industries- 10140 
bc-dennison-manufacturin 10071 
bc-dexter- 10093 
bc-discus-corp- 10032 
bc-dun/bradstreet- 10045 
bc-eastern-air- 10024 
bc-electro-sensors-inc- 10112 
bc-embargoed-for-1400-es 10072 
bc-entertainment-publica 10067 
bc-exovir- 10020 
bc-fair-lanes- 10098 
bc-falcon-cable-systems 10083 
bc-farm-credit-aid-seen 10138 
bc-fcc-eases-rule-for-ca 10111 
bc-fed's-heller-urges-br 10049 
bc-federated-department 10054 
bc-ferruzzi-paris-unit-s 10139 
bc-fidelity- 10058 
bc-first-financial- 10128 
bc-first-wisconsin- 10025 
bc-freedom-federal- 10090 
bc-gencorp 10006 
bc-goldfield-corp- 10046 
bc-gould 10018 
bc-gould- 10052 
bc-home-savings-bank- 10061 10085 
bc-honda-exports-first-u 10131 
bc-house-members-urge-re 10070 
bc-imre- 10026 
bc-ims-international-spi 10127 
bc-island-telephone 10002 
bc-italian-1986-gdp-up-2 10135 
bc-jones-international-r 10007 
bc-key-house-member-oppo 10004 
bc-lloyd's-appoints-new 10013 
bc-lomak- 10146 
bc-louisiana-pacific- 10086 
bc-martin-lawrence-limit 10108 
bc-most-ec-states-said-t 10015 
bc-motorola- 10148 
bc-old-republic-int'l-co 10074 
bc-outboard-marine- 10051 
bc-p-and-f-industries-in 10097 
bc-paris-g-6-meet-set-no 10091 
bc-pay-'n-pak-stores-inc 10037 
bc-pda-engineering- 10096 
bc-pepco- 10130 10145 
bc-pik-certificates-cost 10082 
bc-pillsbury- 10073 
bc-poland-firm-on-econom 10036 
bc-pru-bache-analyst-rea 10012 
bc-quantech- 10095 
bc-quantech-electronics 10094 
bc-questech-inc- 10008 
bc-report-expects-sharp 10043 
bc-resending 10021 
bc-rockefeller-center-pr 10115 
bc-rowntree-seeks-200-ml 10016 
bc-royal-bank-warns-regu 10121 
bc-royce- 10044 
bc-s.p.i.-suspension- 10031 
bc-saint-gobain-u.s.-sub 10060 
bc-sandustry-plastics-in 10119 
bc-sealed-power- 10149 
bc-security- 10066 
bc-shoe-town-inc- 10023 
bc-smith-barney-cuts-rat 10116 
bc-suburban-bancorp- 10088 
bc-talking-point/conrail 10017 
bc-transworld-trust- 10110 
bc-trinity-industries- 10056 
bc-u.k.-dealers-doubt-hu 10123 
bc-u.k.-growing-impatien 10005 
bc-u.s.-bank-paper-under 10118 
bc-u.s.-home- 10114 
bc-u.s.-sec-mulls-requir 10141 
bc-u.s.-senate-group-eye 10125 
bc-uaw-confirms-talks-at 10113 
bc-uaw-strikes-general-m 10030 
bc-united-savings-initia 10087 
bc-universal-holding-cor 10089 
bc-usx- 10106 
bc-volcker-reaffirms-g-6 10136 
bc-volvo-final-result-im 10041 
bearish 10080 
beat 10080 
beaumont 10038 
beckman 10003 
bedregal 10134 
began 10084 10120 
begin 10006 10020 
beginning 10031 10051 10080 10123 
begins 10015 10123 
begun 10134 
belgian 10009 
belgium 10003 10015 
believed 10123 
believes 10017 10105 
benchmark 10080 
beneficially 10022 
benefit 10055 
benefited 10082 
benefits 10036 10082 
bernard 10095 
bgnf 10003 
bid 10005 10078 10080 10084 
bidding 10078 
big 10017 10123 
biggest 10012 10017 
bilateral 10122 
bill 10101 10136 
billion 10009 10011 10017 10025 10041 10043 10059 10069 10078 10079 10080 10082 10103 10104 10105 10106 10117 10118 10124 10125 10130 10133 10135 10138 10142 
billion-dlr 10125 
bio/dynamics 10127 
biogen 10003 
biologicals 10003 
bioscience 10127 
biotechnology 10003 
bipartisan 10138 
birmingham 10067 
bkb 10118 
blah 10010 10029 10033 10035 10047 10050 10060 10064 10065 10072 10075 10079 10104 10137 10142 10143 10144 
bln 10125 
block 10017 
bloodstream 10026 
bloomington 10032 
blue 10123 
board 10014 10039 10049 10055 10067 10078 10081 10085 10088 10100 10101 10102 10112 10136 10148 
boards 10071 10146 
bodies 10036 
bogota 10100 
bolivia 10134 
bond 10009 
bonds 10009 10051 10123 
boost 10080 10131 
border 10124 
boren 10138 
borrowers 10138 
boston 10028 10118 
bought 10017 10106 10107 
bourse 10139 
bp 10065 10078 10080 10106 10133 
bp.l 10133 
bra 10122 
bradstreet 10045 
brand 10105 
brands 10064 10105 
brasil 10132 
brasilia 10077 10126 
brazil 10077 10100 10103 10118 10126 10132 
brazilian 10077 10103 10126 
breaking 10132 
brian 10013 10082 
bright 10118 
brightest 10080 
bring 10001 10123 
britain 10091 
british 10003 10013 10048 10063 10078 10080 10106 10107 10123 10133 10137 
broad 10049 10138 
broadcast 10111 
broaden 10138 
broadened 10138 
broadly 10091 
broker 10055 10118 10123 
brook 10090 
bros 10014 10127 
brothers 10051 10080 
brought 10091 
bruce 10080 
brussels 10015 
bt 10118 
btr 10098 
budget 10004 10082 10091 10125 10135 
buenos 10024 
buffer 10122 
build 10006 10021 10131 10136 
building 10006 10131 
built 10131 
bulk 10043 
bullish 10012 10123 
bumpy 10017 
burden 10124 
bureau 10045 10062 10138 
burger 10073 
bus 10010 10030 10113 
bus-manufacturing 10030 
buses 10030 
business 10017 10018 10026 10029 10045 10073 10103 10121 10132 10139 
businesses 10018 10045 10106 
businessman 10063 
buy 10022 10025 10080 10087 10116 10118 10122 10146 
buydown 10138 
buyer 10106 
buyers 10118 
buying 10106 10123 
buyout 10129 
buys 10128 
c-e 10129 
cabinet 10077 10126 
cable 10005 10083 10111 
cal 10017 
calamity 10103 
calculated 10135 
calif. 10019 10053 10083 10093 10096 
california 10058 
call 10012 10017 10100 
called 10003 10105 
calling 10044 
cambridge 10003 10109 
campaign 10036 
canada 10011 10072 10103 10121 10131 
canadian 10011 10103 10121 
candidate 10122 
cap 10017 
capacity 10001 10034 
capital 10016 10026 10049 10057 10069 10070 10089 10095 10123 
car 10021 10131 
carcass 10124 
cardenas 10100 
cardiovascular 10028 
care 10121 
careful 10078 
carefully 10078 
carey 10014 
cargoes 10107 
carl 10080 10106 
carpet 10001 
carried 10081 
carries 10016 10133 
carrolton 10102 
carry 10003 10081 10111 
carrying 10082 
cars 10006 10021 10041 10131 
carson 10076 
case 10005 
cases 10003 10005 10017 10132 
cash 10017 10025 10071 10078 10082 10095 10110 10112 10123 10128 
castone 10042 
catalysts 10038 
catalytic 10038 
catholic 10134 
caught 10118 
caused 10041 10059 
causing 10030 
cautious 10091 
cawl.l 10005 
cb 10102 
cbt 10039 
cbtb 10102 
ccc-owned 10082 
cci 10118 
cclr 10092 
ccn 10068 
ceases 10110 
census 10045 10062 
center 10115 10118 
central 10030 10036 10045 10081 10091 10136 
cents 10107 
cereal 10124 
cereals 10124 
certificate 10082 10114 
certificates 10082 
ces 10109 
cesar 10100 
cftc 10004 10034 10039 10055 10070 
chairman 10004 10006 10013 10014 10017 10022 10034 10039 10055 10089 10095 10101 10106 10121 10122 10125 10136 10138 10141 
chance 10078 
chancellor 10048 
change 10017 10024 10039 10100 10121 
changed 10017 10080 10111 
changing 10039 10107 10131 
charge 10008 10071 10089 10111 
charged 10015 
charges 10059 10063 10082 10116 
charles 10014 10101 
charlottetown 10002 
chase 10078 10118 
chemical 10001 10060 10118 
chemicals 10001 
chevron 10080 
chicago 10001 10039 10042 10055 10070 10074 10076 10092 10103 
chief 10006 10012 10017 10041 10095 10100 10141 
chiles 10125 
chimie 10018 10052 
china 10043 10120 
chinese 10043 
chino 10131 
chip 10123 
chl 10118 
chris-craft 10068 
chronin 10030 
chrysler 10142 
church 10063 10134 
chv 10080 
cie 10052 
cigarettes 10105 
cincinnati 10054 
circle 10022 
circulating 10077 
circumstances 10078 
cited 10117 10118 10123 
citicorp 10017 10118 
cities 10017 10134 
city 10063 
civil 10063 
ckp 10022 
claim 10036 
clancy 10014 
clarence 10141 
clarify 10070 
class 10007 10068 
clda 10028 
clear 10030 10080 10124 
clearer 10100 
clearing 10092 
client 10055 
clients 10055 
clifford 10014 
climb 10012 10017 
climb-down 10036 
climbed 10017 10080 
clinical 10003 10020 10028 
close 10091 10110 10139 
closed 10067 10091 10107 
closely 10012 
closing 10069 10071 
cmb 10118 
cms 10019 
co-lead 10133 
co-managed 10051 
coal 10017 10036 
coast 10122 
cob 10134 
cocoa 10014 10122 
cocoas 10122 
coffee 10014 10100 
coking 10043 
cold 10123 
collusion 10059 
colo. 10007 
colombia 10100 
colombian 10100 
columbus 10102 10146 
column 10026 
combination 10017 
combinations 10020 
combined 10009 
combining 10020 
combustion 10129 
comibol 10134 
coming 10012 10114 10123 10124 
commencing 10069 
comment 10048 10081 10103 10141 
commented 10118 
comments 10138 
commerce 10034 10092 
commercial 10001 10016 10049 10063 10117 10118 10133 10138 
commission 10004 10015 10034 10036 10039 10055 10070 10073 10111 10124 10141 10147 
commissioner 10004 10034 
commissioners 10039 10141 
commitment 10036 10049 
commitments 10030 10120 10133 
committed 10016 10133 
committee 10015 10034 10082 10091 10100 10101 10122 10125 10136 
committees 10014 
committing 10066 
commment 10133 
commodities 10034 10082 
commodity 10004 10034 10039 10070 10082 
common 10002 10003 10007 10022 10044 10054 10066 10068 10087 10098 10110 10112 10127 10146 
commonwealth 10057 10109 
communications 10111 
communique 10036 
community 10015 10103 10124 10128 
community-wide 10048 
compagnie 10018 
company 10003 10005 10006 10007 10019 10022 10025 10026 10030 10038 10041 10042 10049 10051 10054 10057 10065 10066 10067 10068 10069 10071 10073 10078 10080 10086 10095 10096 10105 10106 10110 10112 10113 10114 10116 10117 10127 10130 10131 10139 10140 10145 10147 10148 
comparable 10051 
compare 10133 
compared 10021 10041 10069 10080 10091 10095 
compares 10135 
comparison 10017 
compensated 10133 
compensatory 10124 
competition 10017 10133 
competitive 10049 10121 10136 
competitiveness 10082 
complained 10070 
complete 10124 
completed 10004 10018 10026 10078 10122 10133 
completely 10041 
completes 10018 10026 
completing 10020 
completion 10006 10038 10078 
complex 10090 
comply 10013 
component 10148 
components 10006 10026 10038 10084 
comprehensive 10113 
comprise 10009 
compromise 10122 
computer 10018 10140 10148 
computerized 10140 
computers 10096 
concede 10091 10123 
conceded 10082 10141 
concern 10036 10039 10058 10066 10080 10117 
concerns 10034 10055 
concerted 10036 10048 10081 
concession 10036 
concessions 10036 
conditions 10078 
condom 10020 
conduct 10141 
conducted 10063 
conducting 10106 
conference 10059 10078 10121 10124 
confidata 10128 
confidence 10006 10080 10122 
confident 10103 10121 
confine 10123 
confirmed 10113 10117 
confirming 10113 
confirms 10113 
conform 10070 
confrontation 10036 
congress 10034 10039 10125 10136 
congressional 10125 
conjunction 10133 
conn. 10069 10129 
connection 10110 
conrail 10017 
conservation 10004 10034 10039 10055 10070 
conservative 10017 10123 
considerable 10036 10117 
consideration 10103 10136 
considered 10078 
consists 10127 
consolidated 10017 10140 
construction 10038 10086 
consult 10036 
consultants 10043 
consultations 10122 
consults 10149 
consumer 10059 10122 
consumers 10036 10122 10148 
contigencies 10073 
contingent 10071 
continue 10030 10059 10069 10080 10117 10123 10136 
continued 10082 10106 10121 10122 10134 
continues 10045 10095 
continuing 10030 10066 10095 10101 10117 
continuous 10038 
contra 10058 
contract 10030 10031 10089 10107 10113 
contracts 10028 10031 10039 10070 
contrasts 10133 
contributor 10105 
control 10007 10048 10078 10139 
controversial 10063 
convention 10003 
converted 10098 
convertible 10056 10147 
converting 10069 10087 
converts 10038 
cooperate 10091 
cooperation 10091 
core 10013 10069 10117 
corn 10120 10139 
corporate 10007 10118 
corporation 10063 10134 
corporations 10049 10059 
corrected 10038 
correcting 10038 
cost 10004 10082 10138 10141 
cost-cutting 10036 
costa 10058 10096 
costly 10121 
costs 10036 10082 10124 10140 
cotton 10062 
council 10013 10100 10122 
countering 10036 
counterparts 10121 
counties 10058 
countries 10003 10005 10101 10117 10118 10135 10136 
country 10103 10121 10124 10134 10135 
county 10016 
coupon 10009 10051 
court 10063 10080 10106 10132 
courted 10080 
covenants 10095 
cover 10087 10138 
coverage 10059 
covering 10003 10020 10107 10147 
cp 10016 
cpc 10139 
crack 10080 
crane 10017 
create 10006 10017 10039 
creates 10123 
credibility 10036 
credit 10004 10019 10034 10039 10049 10055 10066 10070 10078 10082 10133 10138 
creditors 10146 
credits 10097 
crisis 10059 
criticised 10036 
criticized 10111 
crn 10076 
cronin 10030 
crop 10062 10082 
crops 10124 
cross 10124 
crowley 10082 
crowns 10041 
crr 10017 
crude 10011 10078 10080 10106 
csce 10014 
csp 10129 
ct 10023 
cts/shr 10035 
cubic 10011 
curb 10124 
curbs 10036 
currencies 10048 10091 
currency 10048 10081 10091 10123 10124 10136 
current 10008 10012 10017 10036 10075 10078 10081 10089 10091 10103 10120 10131 10135 
customer 10049 10070 10111 10128 
customers 10111 
cut 10056 10117 10125 10135 
cutbacks 10124 
cuts 10091 10116 
cutting 10124 
czekierska 10036 
d'electro 10018 10052 
d-ill. 10070 
d-mich. 10034 
d-okla. 10138 
d-tenn. 10004 
d.c. 10130 
dallas 10057 
damage 10059 
damages 10059 
damn 10017 
daniel 10082 
danzar 10057 
data 10028 10053 10066 10108 10128 10135 10140 
dauster 10100 
david 10078 10106 10138 
day 10012 10038 10055 10110 
days 10077 10091 10106 10126 10133 
db 10045 
de 10024 10132 
deadline 10030 
deal 10018 10039 10051 10055 10103 10110 10136 10139 
dealer 10101 10103 10123 10149 
dealers 10101 10103 10123 10149 
dealerships 10149 
dealing 10059 
dean 10080 
debentures 10051 10056 10110 10147 
debt 10051 10057 10078 10082 10101 10103 10104 10117 10118 10133 10142 10147 
debt-financed 10056 
debtor 10117 10118 
dec 10094 
december 10003 10011 10023 10067 10095 10106 10146 
decide 10100 10131 
decided 10042 10091 
decision 10116 10131 10140 
decisions 10100 
declare 10103 
declared 10063 10068 10085 
declaring 10063 10103 
decline 10039 10045 10049 
declined 10017 10048 10078 10081 10103 10114 
declining 10043 10133 
decrease 10036 10039 10045 10055 10082 
decreased 10082 
decreasing 10148 
deductibles 10059 
deeply 10063 
defence 10125 
defer 10017 
deferral 10096 
deferred 10039 10090 10096 
deficit 10106 10125 10135 
deficits 10125 
degree 10017 
delay 10078 
delegates 10122 
delegations 10122 
delivery 10049 10082 10107 10120 
demand 10043 10056 10131 
demanding 10132 
demands 10036 10134 
demico 10014 
democrat 10125 
democratic 10101 
demonstrations 10124 
denied 10059 10077 
denis 10122 
dennison 10071 
denominations 10009 
denshin 10005 
denwa 10005 
deny 10101 
department 10017 10024 10050 10054 10120 
dependent 10017 
deposit 10117 
depositors 10063 
deposits 10049 
depreciation 10135 
depressed 10056 
deputy 10036 
derivative 10055 
des 10124 
deserved 10063 
designated 10101 
designed 10055 10124 
designs 10140 
destabilizing 10136 
detailed 10121 
determination 10124 
determine 10017 10081 10103 
detroit 10021 10113 10131 10149 
develop 10093 10117 
development 10004 10019 10034 10039 10042 10055 10070 10135 10140 
device 10026 
dex 10093 
dexploitants 10124 
dexter 10093 
dic 10140 
differences 10124 
differentials 10122 
difficult 10059 10106 
difficulties 10059 
dilson 10077 10126 
dingell 10034 
dip 10017 
diplomats 10015 10036 
dipped 10048 
direct 10067 
direction 10004 
directly 10022 
director 10065 10078 10082 10095 10122 
directors 10007 10055 10114 
directs 10136 
disc 10032 
discipline 10036 
disclose 10018 10136 
disclosed 10052 10058 10086 10129 10140 
discomfort 10106 
discontinue 10067 
discontinued 10008 10023 10046 10067 10094 
discontinues 10033 
discounts 10107 
discourage 10055 
discus 10032 
discuss 10048 10100 10113 
discussed 10048 
discussing 10003 
discussion 10122 10124 
discussions 10106 
disease-related 10026 
dismantling 10124 
disposal 10035 10067 10080 
dispose 10080 
dispositive 10141 
dispute 10030 10121 
disrupt 10124 
distribute 10057 10110 10149 
distributed 10017 10054 
distribution 10110 
distributor 10149 
div 10050 10061 10074 10076 10092 10109 
diversification 10017 10049 
diversify 10123 
diversitech 10006 
divest 10018 
dividend 10054 10057 10061 10068 10074 10076 10085 10109 10112 10115 10145 
dividends 10068 10145 
division 10006 10093 10127 10139 10148 
dlr 10004 10006 10017 10019 10060 10075 10078 10080 10081 10090 10091 10095 10103 10106 10125 10128 10133 10145 10147 
dn 10057 
dnzr 10057 
dole 10017 
dollar 10016 10041 10048 10075 10081 10091 10106 10123 10135 10136 
domestic 10021 10048 10070 10135 
domestically-produced 10015 
domm 10080 
double 10043 
doubled 10059 
doubt 10039 10123 
doubts 10017 10123 
dow 10012 
downgrade 10117 10118 10137 
downgraded 10056 10117 10118 
downgrades 10104 10117 10118 
downward 10017 
dozen 10106 
draft 10122 
drafting 10121 
drake 10014 
dramatically 10017 
draw 10004 10078 
drawings 10016 10133 
drew 10017 10080 
driven 10045 
drop 10039 10041 10043 
dropped 10091 
drought 10124 
drug 10026 
drugs 10028 
dsn 10071 
dual 10055 
due 10004 10009 10051 10056 10077 10078 10096 10122 10124 10126 10132 10133 10140 10147 
dull 10118 
dun 10045 
dun/bradstreet 10029 10045 
dunn 10071 
duplication 10121 
duration 10030 
dutch/shell 10078 
dwight 10063 
e.c 10129 
eager 10030 
eagerly 10017 
earlier 10016 10041 10048 10080 10081 10100 10103 10106 10113 10121 10122 10131 10133 10139 
early 10012 10078 10081 10086 10103 10106 
earmarked 10123 
earn 10002 10008 10017 10023 10027 10032 10035 10037 10040 10041 10046 10050 10053 10054 10057 10061 10064 10067 10068 10073 10074 10076 10083 10085 10089 10090 10092 10094 10095 10096 10097 10099 10105 10108 10109 10110 10112 10114 10115 10119 10130 10140 
earned 10105 10140 
earnings 10017 10025 10056 10071 10090 10096 10105 10114 10116 10140 
ease 10111 
eased 10011 10059 
eases 10111 
easier 10082 
east 10003 10017 10030 10043 10045 
eastern 10024 10123 
ec 10015 10043 10048 10124 
economic 10036 10081 10106 10125 10134 10135 
economics 10138 
economies 10048 
economy 10036 10059 
ecus 10015 
ed 10004 
edge 10070 
edged 10123 
editions 10108 
edmund 10063 
edouard 10048 10122 
edward 10002 10116 
edwin 10059 
effect 10036 10039 10101 
effective 10019 10020 10091 
effectiveness 10091 
effects 10049 
efficacy 10028 
efficiency 10036 10148 
efficient 10121 
effort 10036 10055 
efforts 10059 
eisenhower 10063 
elect 10007 10122 
elected 10013 10014 
election 10123 
electric 10130 10145 
electro-sensors 10112 
electronics 10018 10094 10095 
eligible 10138 
eliminate 10141 
elizabeth 10013 10017 
eller 10022 
emerge 10100 
emphasizes 10017 
employe 10017 
employed 10134 
employees 10017 10018 10052 
ems 10091 
enable 10007 
enact 10059 
encourage 10124 
end 10042 10062 10066 10071 10100 10103 10121 10122 10131 10141 
end-1984 10062 
endanger 10091 
ended 10023 10027 10030 10067 10080 10095 10100 10106 10140 
ending 10063 10073 10114 10140 
endorsements 10138 
ends 10040 
energy 10034 10036 10042 10080 10106 10109 
energy-steel 10080 
engerix-b 10003 
engineer 10017 
engineered 10003 
engineering 10003 10093 10096 10129 
england 10045 10091 
englewood 10007 
enhance 10082 
enhancements 10019 
enlargement 10069 
enquiry 10013 
ensure 10070 
entailing 10036 
enter 10005 10070 
entered 10140 10146 
enterprise 10049 
enterprises 10049 
entertainment 10033 10035 10067 
entire 10127 
entry 10103 
environmental 10059 10129 
epub 10067 
equal 10068 10084 10101 
equipment 10106 10149 
equities 10012 10123 
equity 10078 10123 
erbynn 10122 
erdi.mi 10139 
eridania 10139 
eroded 10123 
est 10030 10044 10113 
established 10026 10118 
estate 10049 
estimated 10017 10021 10051 10141 
estimates 10043 10125 
eugene 10080 
eurobond 10009 
euromarkets 10133 
europe 10123 10131 
european 10003 10015 10020 10026 10048 10106 10123 10124 10139 
european-based 10107 
evading 10063 
evaluates 10149 
evaluating 10028 
evaluation 10078 
evangelist 10063 
evans 10014 10070 
evasion 10063 
evason 10063 
eventually 10030 10131 
evidence 10091 
exceed 10028 10105 
exceeded 10080 
exception 10080 
exceptional 10041 
excessive 10059 
exchange 10007 10014 10017 10034 10039 10055 10063 10073 10084 10091 10123 10136 10141 10147 
exchanged 10007 
exchequer 10048 
exclude 10003 
excludes 10046 10097 
exclusive 10003 
exclusively 10138 
executive 10006 10014 10017 10041 10095 10100 10122 
exempt 10141 
exercise 10044 
existing 10069 10078 10103 10121 10122 10133 
exovir 10020 
expand 10001 10128 10131 
expanded 10024 
expands 10001 
expansion 10001 
expect 10055 10078 10106 10123 
expectation 10117 
expectations 10080 10136 
expected 10006 10017 10021 10043 10071 10077 10101 10110 10116 10118 10122 10126 10133 
expects 10017 10043 10067 10073 10081 10105 10116 10131 10140 
expenses 10140 
expensive 10059 
experience 10095 
experiments 10055 
expert 10036 
expertise 10034 
experts 10015 
expiration 10055 
explained 10078 
explaining 10017 
explore 10017 
export 10036 10100 10131 
exported 10131 
exports 10011 10131 
exposed 10118 
exposure 10117 10118 
express 10005 
expressed 10039 
expressions 10106 
extend 10036 
extension 10049 10103 
external 10013 
extra 10112 
extracts 10135 
extraordinary 10046 10083 10112 10119 10130 
extremely 10080 10133 
exxon 10080 
eyes 10125 
f1727 10001 
f1730 10002 
f1735 10003 
f1745 10004 
f1749 10005 
f1755 10006 
f1761 10007 
f1764 10008 
f1766 10009 
f1768 10010 
f1773 10011 
f1775 10012 
f1779 10013 
f1783 10014 
f1785 10015 
f1797 10016 
f1813 10017 
f1818 10018 
f1823 10019 
f1836 10020 
f1839 10021 
f1840 10022 
f1852 10023 
f1854 10024 
f1858 10025 
f1859 10026 
f1860 10027 
f1864 10028 
f1871 10029 
f1875 10030 
f1880 10031 
f1881 10032 
f1886 10033 
f1887 10034 
f1889 10035 
f1894 10036 
f1895 10037 
f1896 10038 
f1921 10039 
f1926 10040 
f1927 10041 
f1929 10042 
f1955 10043 
f1960 10044 
f1961 10045 
f1966 10046 
f1970 10047 
f1973 10048 
f1974 10049 
f1977 10050 
f1990 10051 
f1992 10052 
f2003 10053 
f2025 10054 
f2040 10055 
f2041 10056 
f2054 10057 
f2069 10058 
f2070 10059 
f2081 10060 
f2082 10061 
f2085 10062 
f2087 10063 
f2104 10064 
f2109 10065 
f2118 10066 
f2119 10067 
f2120 10068 
f2121 10069 
f2122 10070 
f2124 10071 
f2127 10072 
f2130 10073 
f2143 10074 
f2146 10075 
f2150 10076 
f2151 10077 
f2155 10078 
f2157 10079 
f2158 10080 
f2160 10081 
f2173 10082 
f2184 10083 
f2185 10084 
f2186 10085 
f2187 10086 
f2188 10087 
f2189 10088 
f2190 10089 
f2192 10090 
f2198 10091 
f2225 10092 
f2226 10093 
f2227 10094 
f2228 10095 
f2229 10096 
f2230 10097 
f2231 10098 
f2232 10099 
f2239 10100 
f2243 10101 
f2245 10102 
f2250 10103 
f2256 10104 
f2264 10105 
f2269 10106 
f2272 10107 
f2274 10108 
f2275 10109 
f2287 10110 
f2298 10111 
f2303 10112 
f2307 10113 
f2308 10114 
f2312 10115 
f2326 10116 
f2332 10117 
f2352 10118 
f2363 10119 
f2366 10120 
f2367 10121 
f2378 10122 
f2399 10123 
f2415 10124 
f2425 10125 
f2426 10126 
f2428 10127 
f2433 10128 
f2434 10129 
f2437 10130 
f2443 10131 
f2447 10132 
f2454 10133 
f2463 10134 
f2464 10135 
f2465 10136 
f2468 10137 
f2473 10138 
f2474 10139 
f2478 10140 
f2492 10141 
f2497 10142 
f2499 10143 
f2504 10144 
f2507 10145 
f2508 10146 
f2509 10147 
f2511 10148 
f2518 10149 
fabrics 10001 
face 10001 10036 10103 10118 
faced 10134 
faces 10063 10116 
facilities 10133 
facility 10001 10006 10016 10026 10030 10060 10131 10133 
fact 10036 10080 10118 
factor 10012 10123 
factoring 10017 
factors 10116 10135 
factory 10131 
fail 10049 
failed 10030 10063 
failing 10045 10138 
failure 10100 10103 
failures 10029 10045 10141 
fair 10078 10098 10138 
fairly 10103 10133 
fal 10083 
falcon 10083 
fall 10041 10043 10079 10091 10106 10107 10123 
falling 10043 10080 10135 10148 
falls 10124 
farm 10015 10082 10124 10138 
farm-state 10138 
farmers 10082 10124 10138 
farmingdale 10097 
fats 10015 
favorable 10078 
favour 10124 
favourably 10133 
favoured 10091 10135 
fcc 10111 
fds 10054 
feb 10027 10037 10040 10130 10140 
february 10029 10045 10048 10073 10082 10099 10100 10118 10131 
fed 10047 10049 10075 10081 
federal 10011 10039 10049 10063 10081 10082 10088 10090 10101 10111 10121 10136 10141 
federated 10050 10054 
federation 10100 10124 10132 10138 
fee 10016 10111 10133 
fees 10004 10009 10017 
feet 10011 
fell 10011 10116 
felt 10101 10124 
fernand 10101 10136 
ferruzzi 10139 
feshbach 10012 
ffmc 10128 
fidelity 10058 
field 10003 10080 10106 10121 
fight 10124 
figure 10017 10114 10135 
file 10141 
filed 10003 10073 10147 
files 10073 10147 
filter 10105 
final 10041 10062 
finalized 10086 10122 
finance 10009 10048 10077 10095 10100 10117 10121 10126 10136 
financed 10078 
financial 10005 10041 10047 10049 10056 10058 10059 10066 10078 10081 10091 10103 10118 10121 10124 10128 10141 
financially-troubled 10138 
financing 10133 
find 10123 
fine 10133 
fines 10063 
firm 10003 10017 10036 10129 10141 
firmness 10123 
firms 10017 10028 10080 10101 10111 10141 
first-national-super 10069 
first-quarter 10090 
fiscal 10073 10082 10123 10124 
fishing 10045 
fits 10080 
fix 10124 
fixed 10012 10123 
fla. 10046 
flat 10017 
flatly 10124 
flexibility 10082 
flexible 10136 
flights 10024 
float 10091 
flood 10123 
floor 10017 
florida 10125 
flow 10017 10049 10078 10095 
flowing 10012 
fluctuations 10055 
fnf 10058 
fnsea 10124 
focus 10138 
focused 10036 10138 
focusing 10103 
follow 10131 
food 10026 10036 
forecast 10123 
forecasting 10017 
foreign 10070 10101 10103 10118 10134 10141 
foreign-built 10131 
foreign-owned 10131 
foresee 10080 
forestry 10045 
forge 10066 
form 10054 10087 10091 10138 
formal 10003 10106 10136 
formalize 10136 
formally 10003 10122 
formation 10049 
formed 10103 
forming 10047 
forms 10020 
formula 10125 
forthcoming 10123 
forward 10039 10082 10106 10122 
found 10059 10080 10095 10103 10118 
founder 10022 
four-year 10069 
fourth 10005 10073 10096 
fowler 10034 
framework 10136 
framingham 10071 
francaise 10018 10052 
france 10015 10048 10124 10139 
franchise 10105 10117 
francois 10124 
francs 10124 
frank 10030 
fred 10022 
free 10017 10036 10103 10111 10121 
freedom 10090 
freeman 10013 
freight 10017 
french 10018 10048 10052 10124 10139 
frequent 10124 
frfe 10090 
friday 10030 10122 10134 
friends 10106 
fuel 10036 
fulfill 10030 
full 10005 10027 10040 10091 10103 10130 
full-size 10030 
funaro 10077 10126 
functional 10049 
fund 10019 10051 
fundamental 10012 10136 
funds 10012 10079 10095 10123 10134 
future 10006 10041 10055 10067 10082 10123 
futures 10004 10014 10034 10039 10055 10070 
fwb 10025 
g-6 10091 
ga. 10102 
gain 10045 10046 10071 10073 10090 10105 10116 10119 10130 
gaining 10036 
gains 10045 10089 10123 
gallaher 10105 
game 10078 
gao 10082 
gas 10011 10038 10078 10106 10123 
gasoline 10038 
gasoline-producing 10038 
gave 10041 
gaviria 10100 
gdp 10135 
gel 10020 
gencorp 10006 
general 10006 10017 10030 10059 10073 10082 10113 10123 10134 10149 
generally 10059 
generic 10082 
generous 10133 
genetic 10003 10053 
genetically 10003 
genital 10020 
geographic 10049 
gerald 10014 
germain 10101 10136 
germany 10081 
ghana 10122 
giant 10080 10106 
giants 10123 
gilt 10123 
ginnings 10062 
ginsberg 10095 
ginsburg 10095 
giuliani 10063 
give 10049 10070 10082 10124 
giving 10051 10082 10103 10123 
glaxo 10123 
gld 10018 10052 
gm 10010 10030 10113 10143 10149 
gm-branded 10149 
gmt 10122 
gnb 10018 10052 
gnp 10135 
goal 10125 
goals 10067 10136 
gobain 10060 
goldfield 10046 
goldman 10017 
gonzalo 10134 
good 10017 10078 10116 10124 10133 
gosei 10093 
gottlieb 10003 
gould 10018 10052 
governing 10070 
government 10005 10017 10036 10063 10080 10082 10101 10121 10123 10124 10125 10134 10136 
governments 10121 
governor 10049 10081 10091 
governors 10136 
grain 10082 10120 10124 10139 
gramm 10125 
gramm-rudman 10125 
grant 10101 10103 10132 
granted 10003 10087 10090 10121 
great 10020 10039 10121 
greater 10036 10078 10082 10123 
greatest 10045 
greenwood 10087 
greyhound 10030 
gross 10135 
ground 10015 10080 
grounds 10123 
group 10007 10017 10018 10026 10030 10041 10052 10057 10059 10078 10091 10103 10122 10125 10134 10139 10140 10149 
groups 10059 
grow 10006 10017 
growers 10100 
growing 10005 
growth 10019 10067 10135 
gruppo 10139 
guarantee 10128 
guaranteed 10009 10095 10117 
guaranty 10133 
guessing 10091 
guillaume 10124 
guillermo 10134 
guilty 10063 
gulity 10063 
gv 10046 
gy 10006 
gyllenhammar 10041 
half 10016 10078 10080 10091 10106 10125 
halts 10096 
handle 10080 
handled 10049 
hands 10107 
hanover 10118 
hanson 10123 
happening 10100 
hard 10017 
hard-to-replace 10080 
harl 10138 
harm 10036 
harmonized 10121 
harmony 10121 
harris 10103 10116 
hartville 10146 
hasty 10080 
hb 10003 
head 10059 10123 10124 
headed 10134 10140 
health 10125 
hearing 10070 10138 
hearings 10034 
heart 10080 
hearts 10080 
heavily 10123 10131 
heavy 10017 10030 10080 10123 
heavy-duty 10030 
hecht 10095 
heels 10118 
heightened 10055 10056 
held 10057 10078 10080 10106 10128 10129 10134 
heller 10047 10049 10075 10081 
helped 10107 10135 
henry 10095 
hepatitis 10003 
herpes 10020 
hervey 10022 
hess 10080 
high 10059 10080 10103 10117 10144 
high-octane 10038 
higher 10012 10021 10041 10059 10078 10080 10082 10105 10116 10118 10134 10135 10140 
highest 10091 
hike 10065 10078 
hikes 10036 10074 10092 
hiking 10125 
hill 10116 
hilton 10110 
hineman 10039 
hire 10141 
historic 10017 
history 10017 10066 
hit 10017 
hm 10061 10085 
hmc.t 10131 
hmsb 10061 10085 
hockin 10121 
hodgson 10013 
hold 10022 10034 10106 
holders 10044 10110 
holding 10025 10047 10049 10080 10089 10117 
holdings 10007 10022 10127 
holds 10057 
holmes 10080 10106 
home 10013 10061 10085 10114 
honda 10131 
hope 10141 
hoped 10141 
hopeful 10103 
hopes 10078 
hoping 10030 
horsham 10140 
hostile 10106 
hourly 10030 
house 10004 10034 10039 10055 10070 10092 10101 10136 
houses 10107 
houston 10106 10114 
howard 10014 
huge 10080 10123 10133 
human 10026 
hunger 10134 
hygeia 10071 
hysol 10093 
ibj 10009 
ibm 10096 
icahn 10080 
icco 10122 
ichan 10106 
ici 10079 10123 
ico 10100 
ico-coffee 10100 
idea 10049 
identified 10017 10077 10126 
identify 10078 
idles 10143 
ilacqua 10080 
ill. 10018 10074 10088 10090 
illegally 10063 
illinois 10070 
immediately 10019 10030 
immune 10026 
impact 10055 10101 
impatient 10005 
implement 10013 10026 10070 
implementation 10081 10121 
implemented 10055 10081 10136 
implication 10080 
import 10131 
important 10003 10036 10100 
imported 10015 
imports 10011 10043 10131 
improve 10013 10036 
improved 10055 10082 
improvement 10056 10117 10135 
imre 10026 
ims 10127 
inappropriate 10055 
incentive 10049 
inclined 10017 
include 10016 10024 10057 10069 10081 10110 10123 10138 
included 10082 10083 10138 
includes 10008 10016 10023 10089 10094 10119 10130 
including 10003 10017 10018 10019 10036 10052 10059 10078 10082 10117 10125 
income 10012 10041 10063 10082 
incomes 10082 
incorporation 10114 
increase 10007 10024 10039 10045 10054 10078 10080 10123 10124 10131 
increased 10013 10034 10043 10045 10049 10051 10059 10103 10148 
increases 10022 10036 10045 
increasing 10039 10043 10131 
ind 10006 
indebtedness 10124 10147 
independent 10078 10091 
index 10034 10055 10091 
indiana 10006 
indictment 10063 
indies 10063 
indivdiuals 10017 
individual 10055 10133 
individuals 10017 10141 
industies 10068 
industrial 10012 10036 10041 10093 10123 10139 
industrialised 10048 10091 
industrialized 10136 
industrials 10118 
industries 10031 10056 10068 10093 10097 10131 10140 
industry 10017 10045 10059 10070 10080 10082 10103 10134 10141 
inefficient 10121 
inertia 10036 
infection 10003 
inflation 10091 10135 
influence 10103 
influx 10123 
informed 10078 
initial 10017 10061 10085 10087 10110 10127 
initially 10015 
initiative 10036 
institute 10135 
institution 10138 
institutions 10026 10049 10078 10103 10121 10128 
instruments 10055 10123 
insufficient 10135 
insurance 10013 10049 10058 10059 10121 10138 
insure 10121 
int'l 10074 
integra 10131 
integral 10078 
intend 10078 10122 
intent 10042 10066 10071 
intentions 10078 
interbank 10133 
intercable 10007 
interest 10005 10091 10103 10106 10118 10123 10125 10138 
interests 10073 10080 
interferon 10020 
intermediate 10080 
international 10007 10009 10049 10081 10100 10107 10110 10118 10122 10127 10133 10136 10139 10140 
interstate 10087 
intervene 10055 
intervention 10081 10091 10124 10136 
introduce 10105 
introduced 10131 
inventory 10082 
invest 10017 10041 10123 
invested 10017 
investigating 10095 
investment 10006 10017 10049 10057 10080 10084 10103 10123 
investor 10013 10080 10106 10140 
investors 10013 10017 10018 10052 10073 10117 10118 10123 
involve 10121 
involved 10013 10049 10067 10113 
iowa 10138 
irena 10036 
iron 10043 
iron-steel 10043 
irresistible 10091 
irving 10118 
island 10002 
issuance 10082 
issue 10017 10051 10103 10113 10121 10141 10147 
issued 10009 10020 10084 10087 10118 10135 
issues 10009 10030 10080 10113 10118 10123 
issuing 10009 10084 
istat 10135 
italian 10135 10139 
italy 10015 10135 10139 
items 10122 10149 
ivory 10122 
ivory-coast 10122 
j.p. 10118 
jail 10063 
james 10017 10071 10136 10138 
jan 10023 
janeiro 10024 10132 
janesville 10030 
january 10012 10013 10106 
japan 10005 10043 10081 10101 10123 10131 
japanese 10005 10043 10101 10107 10118 10123 10131 
japanese-owned 10131 
jaruzelski 10036 
jeremy 10013 
jericho 10089 
joao 10077 10126 
job 10113 10124 
jobs 10006 10135 
john 10034 10141 
join 10007 
joint 10030 10091 
jointly 10042 10093 10146 
jones 10004 10007 10012 
jordan 10129 
jorge 10100 
jorio 10100 
jose 10077 10126 
joseph 10012 
journalists 10100 
jozef 10036 
jpm 10118 
jr 10071 
juan 10134 
judge 10063 10132 
july 10055 
jumped 10080 
june 10012 10024 10074 10076 10103 10120 10130 
jurisdiction 10034 
jurisdictional 10121 
jury 10059 
kalo 10039 
kanon 10122 
karl 10022 
katz 10014 
keeping 10123 
kent 10037 
kent-moore 10149 
key 10004 10017 10049 10056 
kidder 10147 
kind 10123 10133 
king 10073 
knew 10100 
knock 10017 
kobena 10122 
kochan 10036 
kokusai 10005 
korea 10043 
korean 10063 
kouame 10122 
koziol 10036 
l.f. 10080 10127 
l.p. 10073 
la 10134 
labor 10071 10113 
laboratories 10044 10127 
labour 10123 10132 10134 
lacombe 10124 
lagged 10123 
lagging 10118 
laid 10030 10132 
lakeview 10086 
lane 10070 
lanes 10098 
large 10003 10045 10082 10107 10123 10133 
largely 10141 
larger 10069 10091 10123 
largest 10045 10080 10121 10133 10138 
late 10038 10118 10122 10136 
latest 10079 
latin 10117 10118 
launched 10016 
law 10036 10039 10125 
lawmakers 10141 
lawrence 10108 
laws 10059 
lawson 10048 
lawsuits 10003 
lawton 10125 
lazier 10080 
lead 10009 10015 10017 10051 10073 10101 10133 
leader 10036 10124 
leaders 10134 
leading 10091 10123 
league 10049 
lean 10131 
learning 10055 
leasing 10056 
leave 10091 
lechin 10134 
led 10082 10087 10105 10134 
left 10123 
legal 10073 
legality 10132 
legend 10131 
legislation 10101 10136 10138 
lehman 10014 10080 10127 
leigh-pemberton 10091 
lenders 10103 10138 
lending 10091 10138 
leonard 10095 
lessen 10082 
letter 10042 10066 10071 10101 10136 
level 10012 10017 10045 10059 10075 10081 10091 10117 10124 10131 10133 
levels 10012 10017 10059 10091 10100 10125 
levittown 10094 
lewins 10017 
liabilities 10110 
liability 10059 10114 
libor 10133 
license 10093 
licensed 10003 
licensing 10003 
life 10051 10127 10138 
lifted 10131 
light 10026 10118 
ligigation 10078 
likelihood 10056 10103 
lima 10024 
limit 10039 
limited 10036 10039 10073 10108 
limiting 10055 
limits 10039 10049 10059 10101 10122 
line 10006 10019 10030 10078 10093 10105 10131 
lines 10049 10059 10098 
liquid 10056 10117 
liquidating 10110 
liquidity 10012 10039 10055 10082 
liquids 10078 
lire 10135 
listed 10009 10073 
listing 10139 
liver 10003 
livestock 10124 
living 10036 10103 
lloyd 10013 
loan 10063 10087 10090 10095 
loans 10082 10095 10103 
lobbying 10063 
local 10030 
lock 10136 
locks 10069 
locomotive 10017 
lomak 10146 
lomk 10146 
london 10005 10009 10013 10016 10043 10048 10091 10100 10122 10123 10133 
long 10017 10049 10082 
long-range 10080 
long-term 10080 10117 
longer 10123 
longer-term 10081 
looked 10082 
loosened 10131 
loot 10049 
los 10024 10108 
lose 10141 
loss 10008 10023 10027 10032 10035 10040 10046 10053 10067 10071 10083 10089 10094 10095 10140 
losses 10080 10083 10094 10114 
lost 10063 10067 
lot 10017 
louisiana-pacific 10086 
louvre 10091 
low-octane 10038 
low-paid 10036 
low-priced 10105 
lower 10059 10091 10103 10124 10140 
lowered 10116 
lowering 10017 
loyalty 10017 
lp 10086 
lpx 10086 
lucky 10105 
luncheon 10121 
luxembourg 10003 10009 
luxury 10131 
lynch 10073 
maccia 10014 
mackintosh 10016 
made 10013 10036 10080 10101 10107 10121 10123 10131 
magazine 10036 
mail 10067 
main 10036 10059 10122 
maintain 10049 10106 
maintained 10078 10080 
maintenance 10017 
major 10017 10028 10036 10048 10080 10100 10103 10118 10121 10124 10134 10135 10136 
majority 10015 10132 
majors 10080 
make 10030 10036 10102 10110 10123 10124 10131 10139 10141 
makes 10026 10030 
making 10049 10072 10121 10127 
malibu 10105 
managed 10127 
management 10004 10009 10017 10069 10128 10129 10140 
manager 10009 10017 10051 10100 
managerial 10005 
managers 10014 10133 
managing 10065 10078 
mandates 10133 
manfucturing 10148 
manhattan 10118 
mankowski 10017 
manufacturers 10118 
manufactures 10140 
manufacturing 10001 10006 10026 10071 10123 10131 
marathon 10106 
marched 10134 
margaret 10005 
margin 10016 
margins 10140 
margoshes 10080 
maricorp 10098 
marine 10051 10095 
market 10003 10004 10005 10012 10013 10017 10034 10036 10055 10069 10078 10079 10080 10081 10082 10100 10101 10118 10121 10123 10133 10136 10149 
marketable 10117 
marketing 10001 10003 10067 10070 10082 10140 
markets 10001 10003 10004 10005 10016 10034 10039 10055 10056 10070 10091 10101 10123 10124 
martial 10036 
martin 10108 
mary 10013 
marysville 10131 
mass-circulation 10036 
mass. 10003 10071 10109 
massive 10123 
master 10073 
matchmaking 10080 
mateo 10058 
material 10026 10117 10122 
matters 10113 
maurice 10013 
maximum 10051 
mca 10124 
mcclure 10138 
mcgraw 10116 
mcgraw-hill 10116 
mclean 10008 
md. 10099 
meadows 10018 10052 
means 10078 10095 10123 
measure 10015 
measures 10036 10049 
meat 10124 
media 10036 
mediation 10134 
medical 10026 
medium 10030 10117 
medium- 10030 
meese 10059 
meet 10067 10091 10100 10101 10122 10124 10131 
meeting 10002 10015 10030 10036 10081 10100 10111 10134 10136 
mel 10118 
melbourne 10046 
mellon 10118 
member 10003 10004 10014 10015 
members 10013 10070 10078 
membership 10036 10091 
memoirs 10063 
memorandum 10149 
mental 10059 
mention 10036 10091 
mentioned 10080 
mercantile 10055 
merchandises 10149 
merchants 10004 10039 10055 
merck 10003 10084 
merge 10066 
merger 10034 10066 10088 10098 10102 10146 
merging 10034 
meridian 10042 
meridian-energy 10042 
merit 10017 
merrill 10073 
mesa 10096 
metal 10030 
meters 10011 
mhc 10118 
mhp 10116 
miami 10024 10044 
mich 10010 10030 
mich. 10030 10067 10113 
michigan 10113 
microcomputer 10148 
mid-1988 10006 
mid-1989 10038 
midamerica 10039 
midday 10017 
middle 10045 
midland 10095 
midwest 10017 
milan 10139 
mildly 10123 
miles 10017 10043 
milk 10124 
milling 10139 
million 10036 
millng 10139 
milwaukee 10025 
miners 10134 
minimum 10051 
mining 10134 
minister 10005 10036 10048 10077 10100 10121 10124 10126 10134 
ministerial 10124 
ministers 10048 10124 10136 
ministry 10135 
minn. 10032 10073 
minneapolis 10073 10112 
minneapolis-st. 10025 
minnesota 10018 10025 10052 
minnesota-based 10025 
minor 10122 
minute 10055 
mkpwi 10084 
mkuwi 10084 
mlle 10108 
mlp 10073 
mm 10095 
mob 10038 
mobil 10038 
models 10131 
modernization 10038 
modest 10017 
modifications 10122 
monday 10015 10124 10132 
monetary 10091 10124 
money 10012 10017 10063 10079 10118 10123 
money-fx 10048 10075 10081 10091 10136 
money-supply 10079 
monitoring 10004 
month 10011 10039 10048 10077 10081 10091 10100 10103 10118 10123 10126 10131 
monthly 10106 10124 
months 10017 10020 10039 10067 10069 10078 10101 10124 10132 
montreal 10103 
moody 10051 10104 10117 10137 
moon 10063 
morgan 10051 10118 10133 
morse 10013 
mot 10129 10148 
motivate 10017 
motor 10017 10093 10131 
motorcycle 10131 
motorcycles 10131 
motorola 10148 
motorolo 10148 
motors 10030 10113 10149 
mountain 10045 
mounting 10134 
move 10004 10007 10018 10030 10036 10055 10080 10091 10103 10123 10141 
moved 10123 
movement 10036 10106 
mr 10005 
mr. 10106 
mrk 10003 10084 
mths 10027 10040 10094 10119 10130 
mulls 10141 
multi-currency 10016 
multi-year 10031 
multiple 10016 
muted 10118 
mutual 10079 10087 
mutually 10066 
myung 10063 
n't 10017 10034 10055 10070 10078 10103 10106 10123 10141 
n. 10095 
n.j. 10023 
n.t 10117 
n.y. 10020 10089 10094 10095 10097 
nakasone 10005 
named 10014 10147 
names 10014 
nastro 10014 
nat-gas 10011 
nation 10138 
national 10045 10049 10058 10059 10069 10088 10100 10117 10121 10132 10135 
nationale 10124 
nationalised 10134 
nations 10048 10091 10118 
natural 10011 10078 
natwest 10016 
nazionali 10139 
near-term 10056 
nearby 10107 10122 
nearest 10055 
neck 10020 
needed 10017 10055 10095 10121 
negative 10095 10124 10135 
negligible 10045 
negotiate 10101 
negotiated 10132 
negotiating 10121 10132 10136 
negotiations 10066 10101 10136 
negotiators 10121 
neil 10138 
neill 10013 
net 10008 10023 10027 10032 10037 10040 10046 10049 10053 10080 10083 10089 10094 10097 10099 10105 10106 10108 10114 10119 10130 
newly-appointed 10013 
news 10036 10059 10078 10114 
nigel 10048 
night 10036 10107 
nil 10008 10089 
no-interest 10063 
nominal 10091 
non-event 10118 
non-executive 10013 
non-member 10122 
non-operating 10116 
non-performing 10103 10118 
non-refundable 10051 
non-stop 10024 
non-u.s 10141 
non-union 10113 
nonexclusive 10003 
nonionic 10020 
nonoxynol-9 10020 
nonstop 10024 
noon 10030 
north 10045 10080 10128 10133 
northeast 10017 
northern 10058 10098 
not-prime 10117 
note 10008 10023 10027 10040 10046 10053 10083 10089 10094 10097 10099 10108 10119 10128 10130 10144 
noted 10017 10036 10055 10091 10117 10133 
notes 10016 10056 
notified 10020 
noting 10012 
november 10066 
nowak 10080 
number 10003 10013 10024 10045 10054 10084 10101 
numbers 10091 
nursery 10027 10040 
nv 10009 
ny 10107 
nycsce 10014 
oak 10090 
oakland 10053 
objections 10015 
objectives 10136 
obligation 10089 
obligations 10110 
obtain 10059 
obtained 10019 
occidental 10080 
occur 10003 10012 10056 10073 
occurs 10082 
ocean 10043 
october 10097 10100 10123 
offer 10005 10065 10078 10080 10084 10106 10133 10147 
offered 10133 
offering 10005 10017 10051 10073 10087 10127 10139 10147 
office 10003 10004 10020 10082 10125 
officer 10006 10095 
offices 10025 
official 10016 10022 10036 10078 10133 
officially 10036 
officially-backed 10036 
officials 10030 10034 10134 10138 10141 
offset 10043 10071 
offshore 10063 
ofice 10003 
ohio 10006 10131 10146 
oil 10011 10045 10078 10080 10091 10106 10133 10135 10137 
oil-importing 10135 
oils 10015 
oils/fats 10015 
oilseeds 10124 
okla. 10027 10040 
older 10124 
oldr 10074 
om 10051 
one-for-five 10097 
one-stop 10024 
ontario 10103 
opec 10078 10080 
open 10005 10141 
opened 10084 10134 
opening 10069 10101 
opens 10134 
oper 10097 
operate 10006 10091 
operating 10041 10078 10095 10101 10105 10117 10118 10140 
operation 10133 
operations 10008 10017 10023 10030 10046 10058 10063 10067 10094 10095 10141 
opinion 10003 
opportunities 10041 10123 
opposed 10004 10005 10136 
opposes 10004 10101 
opposition 10036 
optimistic 10012 
optimistically 10080 
option 10016 10051 10056 10087 
options 10016 10055 10070 
opzz 10036 
oquendo 10134 
oral 10020 10091 
order 10055 
ore 10043 
ore. 10086 
oregon 10086 
organise 10124 
organization 10100 10122 10134 10138 
origin 10122 
original 10122 
ostrander 10086 
ottawa 10011 10121 
outboard 10051 
outlay 10082 
outlays 10082 10125 
outlook 10017 10080 
outpaced 10131 
output 10021 10038 10043 10100 10123 10124 10131 
outsiders 10013 
outstanding 10120 10122 10145 10147 
over-the-air 10111 
overallotments 10087 
overhaul 10124 
oversaw 10121 
overseas 10106 10117 10123 10131 
owed 10118 
owned 10098 10103 10139 10146 
ownership 10007 10066 10078 10080 
owns 10078 10117 
oxy 10080 
pace 10036 
pacific 10045 10066 10098 10118 
package 10122 10124 10125 10138 
pact 10091 10146 10149 
paid 10004 10057 10063 10068 10078 10112 10133 
pain 10059 
painewebber 10017 
pak 10037 
palatine 10088 
palmieri 10063 
pan 10024 
panel 10004 10013 10082 
panels 10016 
pap 10036 
paper 10016 10071 10117 10118 10133 
par 10118 10145 
parent 10117 10127 
paris 10048 10081 10091 10136 10139 
park 10099 
parliament 10005 
part 10001 10017 10018 10019 10055 10077 10078 10126 10131 10133 
partial 10147 
partially 10036 10043 
participants 10004 10118 10123 
participation 10103 10123 
parties 10081 10138 
partly 10071 
partner 10073 
partners 10080 10106 
partnership 10073 
parts 10003 10031 10149 
party 10123 
pasadena 10083 
pass 10101 
past 10059 10078 10123 10131 
patch 10080 
patent 10003 10020 
patents 10003 
patran 10096 
pattern 10136 
patti 10080 
paul 10025 10101 10136 
paved 10123 
pay 10009 10036 10037 10061 10074 10076 10080 10092 10110 10132 10134 
payable 10016 10054 10068 10085 10109 10112 10115 
paying 10128 
payment-in-kind 10082 
payments 10071 10082 10103 10110 10118 10125 
payout 10068 10112 10115 
paz 10134 
pda 10096 
pdas 10096 
peabody 10147 
peak 10012 
peasants 10134 
peer 10141 
pehr 10041 
penetration 10001 
penn. 10066 10140 
pension 10014 
pepco 10130 10145 
perceive 10118 
percentage 10078 
perceptions 10118 
performace 10059 
performance 10105 
performed 10141 
period 10021 10027 10124 
periodic 10141 
peripheral 10140 
permits 10111 
permitted 10049 10122 
permitting 10049 10055 
persist 10059 
personally 10095 
pertaining 10082 
petroleum 10078 10080 10106 10123 10133 10137 10146 10147 
pfina 10097 
pharmaceutical 10003 10028 
phenomenon 10055 
phil 10123 
phillips 10004 10034 10039 10055 10070 
phoenix 10022 
photographed 10017 
pickups 10030 
picture 10017 
pik 10082 
pillsbury 10073 
pima 10062 
pirie 10076 
pit 10055 
pittsburg 10093 
place 10059 10077 10080 10126 
placement 10026 
placing 10055 
plan 10004 10018 10026 10039 10065 10067 10078 10080 10106 10122 10125 10141 
planned 10036 10078 10080 10106 10124 10131 10133 10139 
planning 10077 10126 
plans 10006 10025 10055 10080 10086 10103 10106 10136 
plant 10001 10006 10010 10030 10113 10131 10143 
plants 10030 
plastic 10006 
plastics 10006 10119 
players 10123 
plaza 10091 
plc 10003 10005 10013 10016 10078 10080 10106 10133 
pleaded 10063 
pleads 10063 
pleased 10082 
pledge 10124 
pledging 10128 
plunged 10011 
pn 10024 
pnp 10037 
point 10012 10016 10055 10080 10091 10103 10123 
point/conrail 10017 
pointed 10078 10118 
points 10016 10017 10051 10078 10122 
poised 10012 
poland 10036 
policies 10100 10134 
policy 10055 10059 10078 10091 10123 10136 
policy-making 10013 
polish 10036 
political 10014 
polled 10123 
polypropylene 10001 
pom 10130 10145 
pomeroy 10013 
pondering 10103 
pontiac 10010 10030 10113 
poor 10055 10056 10118 
popular 10131 
population 10003 
pork 10124 
portion 10016 
portland 10086 10129 
position 10017 10039 10049 10066 10080 
positions 10039 10080 10100 
positive 10049 
possibility 10017 10103 
possibly 10030 10080 
post 10005 10122 
posted 10045 
potential 10017 10091 10106 
potentially 10136 
potomac 10130 10145 
pound 10091 10107 
pounds 10001 
power 10130 10145 10149 
powers 10005 10121 
practicable 10073 
practice 10069 
praecipuum 10009 
pre-placed 10009 
pre-plaza 10091 
pre-split 10054 
predicted 10012 10106 10123 
predicts 10043 
prefer 10004 
preferred 10091 10117 10145 
premium 10078 
premiums 10059 10124 
prepare 10036 
prepared 10049 10082 
preparing 10004 10015 
prescott 10080 
present 10017 10122 
presented 10017 10122 
preserve 10077 10121 10126 
president 10014 10063 10077 10095 10103 10125 10126 10131 
presidential 10077 10126 
press 10036 10134 
pressure 10017 10091 10117 10118 10141 
pretty 10103 10123 
prevent 10135 
prevented 10131 
preventing 10020 
previous 10011 10014 10063 10091 10135 
previously 10002 10013 10017 10018 10090 10098 10116 10127 10131 
previously-announced 10071 
price 10015 10017 10025 10034 10036 10044 10055 10059 10078 10080 10082 10088 10091 10103 10116 10148 
price-fixing 10015 
priced 10009 10051 
prices 10036 10078 10080 10082 10091 10103 10107 10118 10124 10135 10148 
pricing 10133 
primarily 10067 
primary 10101 
prime 10005 10036 10084 
prime-2 10117 
prime-3 10117 
primes 10084 
prince 10002 
principal 10138 
principle 10077 10091 10126 10129 10139 
prinicipal 10063 
prior 10068 10074 10076 10092 10094 10109 
private 10004 10017 10022 10026 10036 10069 10132 10138 
privately 10129 
privately-held 10042 
privatised 10123 
problem 10004 10017 10059 10091 10096 10103 10106 10117 10118 
problems 10034 10059 10078 10138 
procedures 10136 
proceeds 10026 10110 10147 
process 10004 10136 
processing 10066 10128 
produce 10003 10006 10125 10149 
produced 10122 
producer 10122 10124 10149 
producers 10100 10122 10124 
produces 10038 
product 10006 10049 10135 
production 10011 10021 10030 10036 10043 10078 10106 10124 10131 10134 
productive 10069 
products 10003 10019 10027 10040 10041 10093 10140 10148 
professionals 10013 
professor 10138 
profit 10008 10027 10040 10046 10067 10080 10089 10114 10140 
profit-taking 10017 
profitability 10117 
profitable 10017 10114 
profits 10041 10059 10123 
program 10016 10069 10096 10133 
programs 10111 
progress 10101 10103 10121 
progressing 10016 
progressive 10078 
prohibit 10055 
projected 10021 10100 
prominent 10063 
prompt 10100 10123 
propel 10012 
proper 10141 
properties 10073 10115 
proponents 10138 
proposal 10004 10015 10039 10070 10101 10141 
proposals 10121 10124 
proposed 10005 10015 10036 10055 10070 10124 10125 10136 10141 
prosecutors 10063 
prosorba 10026 
prospects 10117 
protection 10013 10036 
proteins 10003 
protest 10134 
protesting 10124 
protests 10124 
prove 10131 
proved 10091 
provide 10111 10138 
provided 10091 
provinces 10121 
provincial 10121 
provision 10049 
provoke 10107 
pru 10012 
prudential-bache 10012 
prudhoe 10080 
psy 10073 
psychology 10017 
public 10048 10073 10087 10127 10141 
publication 10021 
publications 10033 10035 10067 
publicised 10123 
publicly 10078 10106 
published 10013 
punitive 10059 
purchase 10017 10025 10044 10066 10107 10139 
purchases 10120 10122 
purpose 10133 
purposes 10039 
purse 10091 
push 10017 10036 10124 
put 10114 
qant 10094 10095 
qsv 10073 
qtec 10008 
qtly 10050 10054 10061 10074 10076 10092 10109 
qtr 10027 10032 10035 10037 10040 10046 10053 10083 10089 10094 10097 10105 10108 10109 10114 10119 10140 
quantech 10094 10095 
quarter 10046 10064 10067 10068 10071 10073 10094 10095 10096 10097 10103 10105 10114 10140 
quarterly 10054 10055 10085 10115 
quarters 10114 
quell 10055 
questech 10008 
question 10034 10036 10055 10106 
questions 10034 
quickly 10133 
quotas 10100 
quoted 10036 10078 10131 
r-idaho 10138 
radically 10034 
rail 10017 
railroads 10017 
raise 10039 10059 10078 10080 10103 
raised 10034 10039 10054 10115 
raises 10054 10080 
raising 10039 10051 10095 
rallied 10080 
ranchers 10138 
range 10059 10138 10141 
ranges 10081 
rate 10017 10059 10069 10072 10091 10116 10133 10136 10138 10145 
rated 10051 
rates 10017 10059 10091 10136 
rating 10116 10117 10118 
ratings 10117 10118 
ratio 10078 
raw 10026 10107 
raymond 10124 
rcp 10115 
re-introduce 10100 
re-nationalisation 10123 
re-nominated 10122 
reach 10012 10017 10021 10030 10103 10113 10125 10136 
reached 10091 10113 10122 
reaches 10131 
reaching 10071 
reaction 10118 
ready 10012 
reaffirms 10012 10136 
reagan 10004 10059 10125 
real 10049 10080 10123 10124 10135 
realigned 10007 
realignment 10007 
realigns 10007 
realities 10036 
realize 10140 
realty 10098 
reap 10003 
reason 10006 10059 
reasonable 10141 
recalculated 10135 
receive 10017 10098 10146 
received 10057 10063 10066 10088 10095 10106 10110 10133 10138 
receives 10003 
recent 10039 10055 10106 10116 10123 10124 10133 10136 
recently 10003 10063 10123 10135 
reception 10133 
recession 10017 
reciprocal 10005 
reciprocity 10121 
recognised 10036 
recognition 10090 
recognize 10090 10141 
recombivax 10003 
recommendation 10013 10039 
recommendations 10059 
recommended 10136 
reconstruction 10055 
reconvene 10122 
reconvenes 10122 
record 10054 10057 10061 10064 10068 10074 10076 10085 10092 10105 10109 10112 10114 10115 
recorded 10045 10114 
records 10123 
recovered 10059 
recruited 10133 
red 10036 
redeem 10044 10145 
redeemable 10044 
redemption 10044 
reduce 10013 10096 10103 10124 10136 
reduced 10036 10071 10082 10117 10125 10148 
reduces 10148 
reducing 10091 10124 
reduction 10082 10138 
reductions 10125 
reexamine 10055 
refers 10055 
refinancing 10133 
refinery 10038 
reflected 10056 10116 10117 10118 
reflects 10006 10017 
reform 10049 
reformer 10038 
reforms 10036 10059 10124 
refused 10124 
regarded 10005 
regenerate 10038 
regime 10121 
region 10045 
regional 10118 
regions 10045 
register 10063 
registered 10045 
registration 10073 10147 
regretful 10063 
regular 10068 
regulate 10034 
regulates 10121 
regulation 10013 10034 10049 10121 
regulations 10070 
regulatory 10034 10055 10070 10078 10102 10117 10121 
reinforced 10006 
reinvest 10017 
reinvestment 10017 
reject 10124 
rejected 10003 
related 10082 
relating 10114 
relations 10124 
relationship 10091 10133 
relative 10048 
released 10041 
relief 10138 
relies 10125 
remain 10007 10013 10014 10017 10059 10136 
remainder 10140 
remaining 10007 10107 10122 
remains 10113 10117 
remarks 10082 
remodeling 10069 
removed 10049 
removes 10026 
removing 10121 
renewal 10118 
reorganisation 10123 10124 
rep. 10004 10034 10070 10101 
repayable 10063 
repayment 10090 10147 
replace 10013 10036 
replaced 10036 
replacement 10095 
replacing 10014 
replied 10103 
reply 10005 10124 
report 10013 10041 10043 10059 10135 10140 
reported 10005 10045 10063 10095 
reporters 10078 10081 10100 10103 10124 
reports 10021 10034 10081 10141 
represent 10103 
represented 10110 
republic 10074 
request 10004 
requested 10017 10111 
require 10049 10070 10136 10141 
required 10017 10055 10141 
requirement 10111 10136 
requirements 10070 10149 
requiring 10055 10070 10141 
rescue 10138 
research 10017 10019 10028 10099 10127 
reservations 10015 
reserve 10049 10081 10088 10101 10136 
reserved 10123 
reserves 10078 10080 
reshuffle 10077 10126 
residential 10001 
resignation 10077 10126 
resigned 10013 
resist 10106 
resolve 10121 
response 10034 10055 10080 10106 10118 
responsibilities 10081 
responsible 10017 10138 10141 
rest 10078 10080 10125 
restart 10113 
restated 10036 
restaurant 10073 
restrict 10055 
restrictions 10059 10131 
restructure 10106 
restructured 10080 
restructuring 10106 10140 
result 10041 10090 10122 10124 
resulted 10090 10114 
resulting 10071 10073 
results 10064 10118 
resume 10030 10113 
resuming 10096 
resurrect 10138 
retain 10007 10030 10044 10077 10121 
retaliation 10101 
retire 10051 10124 
retreat 10080 
return 10059 10123 10143 
reuber 10103 
rev 10032 
revamp 10121 
reveal 10133 
revenue 10017 
revenue-ton-miles 10017 
revenues 10080 10096 10125 10140 
reverse 10039 10097 
review 10141 
reviewed 10048 
reviews 10141 
revises 10135 
revolver 10133 
revolving 10133 
revs 10008 10023 10037 10040 10046 10053 10083 10089 10094 10097 10108 10119 10130 
rewards 10003 
reynolds 10006 
richard 10059 
richmond 10026 10071 
ride 10017 
ridge 10128 
rigid 10101 
rigorous 10070 
rio 10024 10132 
rise 10011 10012 10036 10045 10078 10123 10132 10135 
rises 10036 10135 
rising 10021 10043 10045 
risk 10056 10121 10136 
rival 10005 
river 10071 
rlab 10044 
road 10017 
robert 10003 10049 10063 10080 10081 10106 
robertson 10017 
robin 10091 
robinson-humphrey 10087 
rockefeller 10115 
roderick 10106 
rodney 10078 
role 10005 10013 10036 10091 
roll 10039 
rolling 10018 10052 
roman 10134 
rome 10135 
rosario 10080 
rose 10011 10045 10080 10105 10135 
rothschild 10080 10127 
round 10015 10080 
roundtrip 10024 
routine 10100 
rowntree 10016 
royal 10078 10121 
royce 10044 
rsigned 10095 
rudman 10125 
rudolph 10063 
rule 10101 10111 10141 
rules 10055 10070 10122 10141 
rumors 10080 
rumours 10077 
run 10031 10082 10132 
running 10062 10063 10069 10106 
runs 10078 10136 
rural 10004 10034 10039 10055 10070 
s.a. 10117 
s.c. 10087 
s.p.i 10031 
s/p 10051 10056 10142 
sachs 10017 
safeco 10058 
safeguards 10070 
safety 10028 
saint 10060 
saiud 10071 
sale 10017 10018 10022 10052 10070 10071 10073 10090 10106 10110 10130 
sales 10011 10027 10041 10052 10069 10071 10099 10105 10120 10129 10131 10140 
salomon 10051 
sampson 10141 
san 10058 
san-yan 10131 
sandustry 10119 
sanford 10080 
sarney 10077 10126 
sat 10013 
satisfaction 10110 
satisfactory 10071 
satisfied 10106 
satisfy 10110 
saudi 10078 
savings 10009 10061 10082 10085 10087 10090 10125 10140 10148 
sawmill 10086 
sayad 10077 10126 
sc 10078 
scale 10123 
scepticism 10036 
schedule 10024 
scheduled 10030 
schumer 10101 
science 10127 
sciences 10053 10071 10127 10129 
score 10084 
scores 10084 
scott 10076 10131 
scottsdale 10058 
seaborne 10043 
seafirst 10117 
seale 10004 10039 
sealed 10149 
season 10062 10120 
seattle 10026 
seattle-first 10117 
sec 10034 10141 
second-largest 10105 10117 
secondary 10118 
secretary 10017 10063 10081 10134 10136 
sector 10004 10043 10045 10118 10121 10124 
sectors 10036 10059 10118 10121 10124 
secured 10095 
securities 10012 10026 10034 10049 10055 10073 10087 10101 10103 10110 10118 10121 10123 10141 10147 
security 10066 10118 
seek 10139 10141 
seeking 10005 10016 
seeks 10016 10024 10060 
sees 10017 10035 10043 10055 10064 10067 10100 10105 10114 10140 
segment 10045 
segregation 10070 
select 10091 
selected 10069 10149 
self-regulatory 10141 
sell 10017 10071 10080 10086 10106 10139 10140 
sellers 10070 
selling 10003 10009 10118 10145 
sells 10003 10036 10051 10052 10140 
sen 10138 
sen. 10138 
senate 10081 10082 10125 10136 10138 
senators 10138 
send 10131 
senior 10015 10082 10117 10140 
sentencing 10063 
sentiment 10118 
separate 10036 
separating 10121 
september 10091 10103 
serial 10145 
series 10056 10124 10134 10145 
serve 10017 10049 
serves 10014 
service 10084 10117 10130 10149 
services 10005 10047 10049 10081 10121 10125 10128 10129 
session 10080 10100 10122 
set 10038 10063 10091 10100 10106 10111 
sets 10050 10057 10061 10076 10085 10093 10110 
settle 10134 
settlement 10057 10103 10113 
severe 10017 10059 
severna 10099 
shad 10141 
share 10002 10017 10023 10044 10046 10054 10057 10067 10078 10080 10085 10087 10097 10105 10106 10112 10115 10116 10119 10127 10130 10139 10140 10145 10146 
shareholder 10088 10106 
shareholders 10002 10054 10057 10068 10098 10102 10114 10115 10146 
shareowner 10084 
shares 10017 10022 10026 10054 10057 10071 10078 10084 10087 10098 10106 10110 10116 10127 10145 10146 
sharp 10036 10043 10107 10124 
sharply 10012 10036 10043 10048 
shearson 10014 10080 10127 
sheet 10030 
shelard 10025 
shelbyville 10006 
shell 10063 10078 
shied 10118 
shift 10004 
shifting 10013 
ship 10043 
shipment 10107 10131 
shipments 10096 10131 
shipmetns 10096 
shipped 10131 
shipping 10043 10131 
shoe 10023 
shoould 10086 
shopping 10036 
shore 10048 
short 10091 10117 10123 
short-term 10082 10117 10133 
shorten 10124 
shortfall 10100 
shortly 10005 10020 
show 10066 10091 
showed 10135 
shows 10080 
shr 10008 10023 10027 10032 10037 10040 10046 10053 10083 10089 10094 10097 10099 10108 10119 10130 
shrs 10027 10040 10097 
shu 10023 
shut 10038 
shutdown 10038 
shy 10123 
side 10017 10121 
sidelines 10123 
sight 10132 
sign 10149 
signal 10080 
signal-selector 10111 
signalled 10080 
signals 10078 
signed 10066 10071 10132 10149 
significant 10036 10056 10117 10140 
significantly 10138 
signing 10133 
signs 10131 
simon 10078 
simply 10124 
simultaneonsly 10134 
simultaneous 10055 
simultaneously 10013 
single 10122 
sinking 10051 
sir 10013 
situation 10082 10100 10103 10118 
situations 10080 
six-nation 10081 
sizable 10106 
size 10133 
skills 10141 
slightly 10041 10080 10135 
slipped 10011 
slope 10080 
slow 10036 10103 
small 10036 10103 
smaller 10069 
smith 10116 10123 
smithkline 10003 
smokestack 10045 
smooth 10124 
snapped 10017 
so-called 10039 10111 10141 
soared 10011 
social 10036 10134 
software 10096 
sold 10017 10030 10041 10052 10073 10090 10106 10107 10131 
solidarity 10036 
solution 10103 10132 
solve 10034 10106 
sort 10004 
sought 10091 
source 10077 10126 
sources 10036 10078 10107 10133 10134 10139 
south 10043 10045 10063 
south-korea 10043 
southeast 10003 
soviet 10107 
soviets 10107 
sp 10031 
spa 10139 
spacelink 10007 
spark 10036 
spc 10066 10118 
speaking 10103 
special 10015 10049 10057 10100 10133 
specific 10017 10114 10136 
speculate 10078 
speculated 10080 
speculation 10123 
speculative 10039 
speech 10049 10081 10103 10106 
spend 10038 
spending 10048 
spi 10119 
spilf 10031 
spins-off 10127 
spiralling 10124 
split 10002 10050 10054 10097 
splk 10007 
spokesman 10003 10030 10048 10073 10113 10131 10132 
sponsor 10101 
sponsored 10084 
sporadic 10124 
sport 10030 
spot 10039 10107 
spots 10118 
spread 10134 
spring 10124 
spw 10149 
squeeze 10039 
srd 10078 10106 
st 10101 10136 
stabilise 10048 
stabilising 10091 
stability 10048 10059 10078 10106 10136 
stabilized 10059 
stabilizing 10091 
stable 10078 10081 
stage 10103 10106 
stake 10005 
stamford 10129 
stamping 10123 
standard 10055 10056 10065 10078 10080 10103 10106 10118 10133 10137 
standards 10036 
standing 10063 
stanley 10017 10051 
start 10038 10100 10123 10136 
started 10039 
starts 10084 
state 10036 10059 10063 10070 10102 10121 10134 10138 
state-controlled 10132 
statement 10013 10036 10073 10113 10138 10147 
states 10015 10045 10049 10080 10100 10103 10106 10131 10136 
stations 10111 
statistics 10011 10100 10135 
status 10101 
stay 10080 
steady 10049 
steel 10017 10043 
step-by-step 10091 
steps 10081 
sterling 10016 10091 10123 
steven 10017 
stg 10016 
sticking 10122 
stock 10007 10012 10017 10022 10026 10034 10050 10054 10055 10068 10073 10078 10080 10084 10088 10098 10102 10106 10110 10112 10117 10122 10123 10127 10145 
stockholders 10057 
stockholm 10041 
stockpile 10100 
stocks 10055 10080 
stop 10141 10144 
stoppage 10132 
stopped 10030 
storage 10082 
stores 10013 10037 10050 10054 10069 
straddles 10039 
strained 10124 
strata 10146 
strategy 10007 10103 
street 10080 
streets 10134 
strength 10041 10049 
strengthen 10047 10070 
strengthened 10049 
strengthening 10049 
stressed 10082 10121 
stresses 10117 
strike 10030 10105 10132 10134 
strikes 10010 10030 
striking 10113 
strong 10015 10034 10036 10049 10066 10080 10105 10116 10123 
strongest 10066 
strongly 10123 
struck 10030 
structural 10093 
structure 10034 
students 10134 
studies 10028 
study 10059 
subba 10088 
subcommittee 10004 10034 10039 10055 10070 10081 10138 
subcontracting 10113 
subject 10048 10070 10071 10102 10146 
submit 10141 
subordinated 10117 10147 
subsidiaries 10007 10049 10067 10133 
subsidiary 10001 10003 10007 10058 10060 10071 10117 10131 10139 10140 10146 
subsidies 10036 
substantial 10045 
substantially 10039 10095 
substitute 10110 
suburban 10088 
succeed 10095 
success 10082 
successful 10001 10055 10113 
suffering 10059 
sugar 10014 10107 10124 10139 
suggest 10091 
suggested 10106 
sums 10123 
sun 10063 
super 10038 
supermarkets 10069 
supervision 10121 
suppliers 10106 10149 
support 10001 10015 10066 10091 10117 10138 
supported 10049 10133 
supporting 10133 
supports 10059 
suppressed 10036 
surfactant 10020 
surfactants 10020 
surpass 10105 
surplus 10017 10106 
surprise 10118 
surveillance 10004 10055 
survive 10017 
susan 10004 10034 10039 10055 
suspend 10118 
suspended 10100 10103 
suspension 10031 10118 
sustainable 10136 
sustained 10056 
swap 10091 
sweden 10041 
swingline 10016 
swirl 10080 
switch 10111 
switched 10120 
switches 10120 
switzerland 10003 
symbol 10084 
symbolic 10141 
sympathetic 10136 
syndicate 10017 10127 
syndicated 10133 
syndication 10016 
syndicats 10124 
system 10017 10049 10109 10121 10124 10138 
system/3x 10140 
systems 10017 10083 10129 10149 
t-bills 10072 
table 10121 
tables 10049 
tahlequah 10027 10040 
taiwan 10043 10131 
taiwanese 10131 
takeover 10080 10106 
taking 10081 
talk 10106 
talked 10118 
talking 10017 10100 
talks 10030 10048 10066 10100 10103 10106 10113 10121 10134 
tape 10036 
target 10003 10081 10125 
targets 10080 10091 
tax 10015 10017 10039 10063 10097 10116 
taxation 10004 
taxes 10041 10124 
taylor 10121 
team 10134 
technical 10096 10124 
techniques 10003 10093 
telecom 10123 
telecommunications 10005 
telemarketing 10140 
telephone 10002 
telephones 10118 
television 10111 
tempe 10148 
temporarily 10096 
tempted 10017 
ten 10016 10019 
tend 10123 
tender 10016 10080 10133 
tendered 10084 
tenders 10088 
tentative 10113 
term 10014 10017 10091 10117 10123 
terminate 10042 
terminated 10024 10106 
terms 10018 10052 10058 10086 10098 10123 10129 10133 10135 10140 10146 
territory 10130 
test 10005 10020 10091 
testimony 10082 
testing 10127 
tests 10003 10020 
tetsuo 10131 
texaco 10080 
texas 10024 10038 10080 10106 
textile 10070 
thai 10107 
thatcher 10005 
things 10063 10103 10146 
thinks 10017 
thought 10091 
thousands 10134 
three-day-old 10132 
three-member 10013 
three-mln 10004 
thrid 10096 
thrift 10049 
ticker 10084 
timberland 10086 
time 10017 10054 10055 10063 10078 10082 10118 
times 10025 10078 10106 
tobacco 10105 
today 10012 10030 10036 10048 10059 10080 10081 10084 10091 10095 10106 10113 10118 10122 10124 10133 10134 
tokyo 10123 
told 10004 10005 10034 10036 10039 10055 10059 10070 10078 10081 10100 10103 10106 10121 10124 10132 10138 10139 10141 
tom 10121 
tomorrow 10113 
ton-mile 10017 
tonne 10015 10043 
tonnes 10043 10107 10120 
tool 10136 
top 10118 10134 
toronto 10103 
tort 10059 
total 10001 10017 10025 10041 10043 10082 10087 10120 
totaled 10062 10106 
totaling 10120 
totalling 10135 
totally 10078 
totals 10082 
totowa 10023 
tougher 10036 
towbin 10127 
town 10023 
toxicological 10127 
toyoda 10093 
toyota 10093 
track 10123 
trade 10005 10021 10036 10039 10043 10055 10100 10101 10103 10106 10107 10121 10135 10136 
traded 10070 
trader 10118 10123 
traders 10106 10107 10118 
trades 10055 
trading 10004 10034 10039 10055 10070 10073 10080 10084 10103 10106 10110 10118 
traditional 10121 
traditionally 10121 10123 
traffic 10017 
trail 10055 
trails 10055 
trains 10017 
trample 10034 
transaciton 10086 
transaction 10022 
transactions 10049 10136 
transferred 10106 
transferring 10004 
transgressions 10063 
transmission 10020 
transport 10036 
transportation 10017 10024 
transworld 10110 
treasurer 10014 10078 
treasury 10048 10051 10063 10081 10136 
treatment 10020 10039 10063 10070 
tremendous 10017 
trials 10020 
trinity 10056 
triple 10055 
triple-witching 10055 
trn 10056 
troubling 10017 
truck 10010 10021 10030 10113 
trucks 10006 10030 10041 
true 10036 
trust 10063 10084 10110 10118 10123 10133 
tuesday 10139 
turben 10080 
turn 10106 10111 10123 
turned 10133 
tustin 10019 
tv 10111 
two-door 10131 
two-for-one 10002 10054 
two-third 10078 
two-year 10014 
twt 10110 
tx 10080 
txn 10024 
type= 10010 10029 10033 10035 10047 10050 10060 10064 10065 10072 10075 10079 10104 10136 10137 10142 10143 10144 
types 10059 10149 
u.k 10005 10091 10123 10127 
u.k. 10005 10080 10091 10123 
u.k.-based 10105 
u.s 10003 10021 10024 10070 10080 10114 10117 10118 10120 10123 10125 10136 10141 10144 
u.s. 10003 10004 10017 10020 10021 10024 10031 10045 10048 10059 10060 10062 10063 10070 10078 10080 10081 10082 10101 10103 10106 10114 10118 10120 10121 10123 10127 10131 10133 10136 
u.s.-built 10131 
u.s.-made 10131 
ual 10110 
uaw 10010 10030 10113 
ucl 10080 
uh 10114 
uhco 10089 
uk 10003 10005 10013 10016 10043 10048 10091 10122 10123 10133 
ultimate 10007 
unable 10113 
unaffected 10030 
unanimously 10141 
unattractive 10080 
unavailable 10059 
unaware 10118 
uncertainty 10123 
unchanged 10007 10011 10013 10091 
undeclared 10063 
undergo 10141 
undergone 10063 
underlying 10091 
undermined 10118 
underperformed 10118 
undersecretary 10082 
understanding 10091 10149 
undervalued 10091 
underway 10087 
underwriter 10147 
underwriters 10087 
underwriting 10009 10017 10073 
undetermined 10133 
undisclosed 10071 10088 10102 
unemployment 10103 10135 
unification 10063 
unilever 10123 
uninspiring 10123 
union 10030 10066 10107 10113 10124 10134 
unions 10036 10066 
unit 10001 10006 10018 10038 10052 10056 10058 10071 10073 10080 10084 10093 10098 10103 10105 10117 10127 10128 10129 10139 10140 10148 
united 10030 10049 10080 10087 10100 10106 10113 10131 10136 
units 10033 10035 10067 10084 10093 10104 10117 10142 
universal 10089 
university 10134 10138 
unleaded 10038 
unocal 10080 
unproc 10136 
unqualified 10141 
unrelated 10018 
unrest 10134 
unspecificed 10125 
unterberg 10127 
unveiled 10059 
unveiling 10091 
upcoming 10100 
update 10059 10100 
upgrade 10038 
upham 10116 
upland 10062 
ups 10050 10115 
upward 10045 10106 
urged 10070 10136 
urges 10047 10049 
usda 10082 
usefulness 10082 10136 
user 10004 
users 10004 10055 10066 
ussr 10107 
usx 10080 10106 
utilisation 10016 
utilities 10118 
utility 10030 
va. 10008 10071 
vaccine 10003 
valley 10066 10088 
values 10080 
veg-oil 10015 
vehicle 10030 
vehicles 10030 10031 10131 
venture 10030 
verge 10132 
versailles 10124 
version 10136 
versus 10043 
vice 10014 10022 
victory 10123 
view 10080 
viewer 10111 
violation 10059 
virginia 10130 
virus 10003 10020 
visibility 10080 
visited 10017 
vital 10121 
vizcarra 10134 
vmebus 10148 
voiced 10015 
volatile 10123 
volatility 10034 10136 
volcker 10101 10136 
volumes 10148 
voluntarily 10141 
voluntary 10131 
volv.st 10041 
volvo 10030 10041 
voted 10111 10112 10141 
votes 10112 
voting 10007 10013 
voytko 10017 
wage 10036 
wages 10134 
wait 10078 10132 
waivers 10095 
walked 10113 
wall 10080 
wanted 10091 10122 
war 10080 
ward 10021 
warm 10124 
warned 10005 10017 10101 10106 10124 
warning 10036 10124 
warns 10121 
warrant 10044 
warrants 10044 10146 
warsaw 10036 
warts 10020 
wash. 10037 
washington 10004 10026 10034 10039 10049 10055 10059 10062 10070 10078 10082 10101 10111 10120 10125 10130 10136 10138 10141 10145 
waste 10036 
watched 10012 
watchers 10118 
ways 10134 
weakened 10056 
weakening 10041 10121 
weaker 10118 
wearing 10017 
weather 10017 
week 10016 10021 10036 10048 10079 10081 10091 10103 10107 10121 10122 10139 
weekly 10021 10024 10100 
weeks 10077 10124 10126 
weighed 10082 
weinblatt 10095 
welcomed 10036 
welfare 10125 
wellcome 10003 
west 10019 10030 10034 10045 10063 10080 10081 10106 
west-germany 10081 
western 10036 
wet 10139 
wheat 10120 
wheels 10031 
white 10004 
wholly 10103 10146 
wide 10059 
widespread 10081 10122 
willard 10059 
william 10004 10006 10039 
williams 10131 
windsor 10069 
wins 10031 
wireless 10005 
wis. 10025 10030 
wisconsin 10025 
wisely 10017 
witching 10055 
withdraw 10066 10122 
witter 10080 
wojciech 10036 
women 10036 
won 10031 10080 10124 
woodhouse 10014 
word 10124 
words 10049 
work 10055 10103 10113 10122 
worked 10125 
workers 10030 10036 10113 10132 10134 10143 
working 10013 10026 10030 10034 10059 10095 10122 
works 10113 10122 
world 10043 10049 10078 10100 10103 10107 
worried 10123 
worst 10106 
worth 10031 10049 10110 10139 
wrapped 10136 
writers 10125 
written 10003 10136 
wrong 10004 10078 
wrote 10005 
xon 10080 
xovr 10020 
yarn 10001 
yates 10106 
year-ago 10021 10105 
year-end 10041 
year-to-date 10021 
yearend 10025 10041 
years 10017 10031 10041 10051 10063 10071 10080 10082 10124 10125 10141 
yen 10009 
yesterday 10036 10077 10100 10101 10107 10118 
yield 10051 10056 10073 10144 
yielding 10051 
york 10012 10014 10017 10024 10031 10038 10045 10049 10051 10056 10061 10063 10068 10073 10078 10080 10081 10084 10085 10101 10105 10107 10110 10115 10116 10117 10118 10119 10127 10133 10147 
zbigniew 10036 
zuccherifici 10139 
