're 17429 17497 
've 17516 
'why 17432 
****** 17439 17445 17451 17459 17464 17481 17484 17487 17493 17496 17498 17501 
-boe 17514 
-bp-rev 17472 
-caltex 17472 
-cuts 17483 
-declines 17425 
-g 17435 
-official 17464 
-see 17495 
-sell 17488 
-sets 17515 
-to-acquir 17506 
-transa 17422 
..in 17450 
.0935 17504 
/author 17429 17433 17438 17450 17456 17474 17477 17490 17497 17499 
0.02 17477 
0.1 17443 
0.15 17441 17446 17463 17472 
0.2 17460 
0.27758/92 17470 
0.27939/73 17470 
0.3 17427 17457 
0.4 17441 17446 17463 17472 
0.45 17438 
0.6 17427 
0008 17481 
0009 17487 
0010 17496 17498 
0011 17493 
0012 17439 17501 
0013 17451 
0014 17445 17459 17484 
0016 17464 
0027 17489 
0032 17437 
0033 17517 
0036 17483 
0037 17482 
0045 17440 
0046 17518 
0050 17523 
0059 17492 
0062 17421 
0065 17515 
0067 17447 
0070 17473 17485 
0071 17422 
0072 17512 
0073 17506 
0074 17520 
0077 17488 
0078 17432 17442 
0079 17465 
0080 17420 17507 
0081 17467 17468 17504 
0083 17491 17505 
0084 17480 
0086 17423 17486 
0087 17428 
0088 17448 
0089 17425 17429 17453 17455 
0091 17466 17471 
0092 17502 
0093 17472 17500 
0094 17450 17463 
0096 17495 
0097 17449 17460 
0098 17430 17513 
00:08:28.39 17435 
00:24:47.47 17436 
00:26:05.57 17437 
00:28:04.91 17438 
00:30:09.25 17439 
00:30:28.91 17440 
00:32:25.42 17441 
00:35:44.06 17442 
00:36:14.37 17443 
00:52:31.57 17444 
01 17504 
0100 17514 
0102 17452 17497 17519 
0103 17438 17458 17469 17470 
0104 17433 17499 
0105 17436 
0106 17427 
0107 17446 17475 
0108 17476 
0109 17431 17444 17462 17477 17490 17494 17503 17510 17516 
0110 17434 17441 
0111 17479 
0112 17454 17456 17461 
0113 17443 
0114 17457 
0115 17474 17478 17522 
0119 17435 
0123 17508 
0125 17424 17426 
0132 17509 
0140 17511 
0173 17521 
01:17:35.61 17445 
01:19:26.93 17446 
01:19:37.19 17447 
01:25:56.05 17448 
01:33:45.10 17449 
02 17504 
02:05:45.88 17450 
02:13:20.80 17451 
02:19:36.44 17452 
02:26:26.39 17453 
02:33:01.00 17454 
02:40:44.56 17455 
03 17504 
03:01:20.73 17456 
03:17:14.53 17457 
03:32:40.20 17458 
03:45:53.98 17459 
03:52:51.55 17460 
03:56:52.77 17461 
04-29 17420 17421 17422 17423 17424 17425 17426 17427 17428 17429 17430 17431 17432 17433 17434 
04:28:10.10 17462 
04:35:29.58 17463 
04:35:44.48 17464 
04:38:49.95 17465 
04:42:02.76 17466 
04:43:50.83 17467 
04:44:00.47 17468 
04:48:03.41 17469 
04:48:27.24 17470 
04:51:29.57 17471 
04:58:41.89 17472 
05:00:15.68 17473 
05:02:05.63 17474 
05:07:55.27 17475 
05:11:16.43 17476 
05:18:59.85 17477 
05:25:17.68 17478 
06-01 17435 17436 17437 17438 17439 17440 17441 17442 17443 17444 17445 17446 17447 17448 17449 17450 17451 17452 17453 17454 17455 17456 17457 17458 17459 17460 17461 17462 17463 17464 17465 17466 17467 17468 17469 17470 17471 17472 17473 17474 17475 17476 17477 17478 17479 17480 17481 17482 17483 17484 17485 17486 17487 17488 17489 17490 17491 17492 17493 17494 17495 17496 17497 17498 17499 17500 17501 17502 17503 17504 17505 17506 17507 17508 17509 17510 17511 17512 17513 17514 17515 17516 17517 17518 17519 17520 17521 17522 17523 
06-1/4 17504 
08 17504 
08:20:34.59 17479 
08:28:31.04 17480 
08:30:25.79 17481 
08:30:40.70 17482 
08:31:09.31 17483 
08:35:41.08 17484 
08:38:27.91 17485 
08:40:12.93 17486 
08:43:14.04 17487 
08:47:35.27 17488 
08:50:51.31 17489 
08:51:41.01 17490 
08:51:47.38 17491 
08:52:15.20 17492 
08:52:52.28 17493 
08:53:56.02 17494 
08:55:45.31 17495 
08:57:20.25 17496 
08:58:28.17 17497 
09 17504 
09:03:20.03 17498 
09:03:49.51 17499 
09:04:17.30 17500 
09:04:54.15 17501 
09:09:43.36 17502 
09:10:51.33 17503 
09:11:27.85 17504 
09:17:04.26 17505 
09:18:33.15 17506 
09:21:29.20 17507 
09:21:45.97 17508 
09:28:59.43 17509 
09:31:29.90 17510 
09:34:41.28 17511 
09:39:24.04 17512 
09:40:01.44 17513 
09:42:43.91 17514 
09:43:45.49 17515 
09:44:12.12 17516 
09:44:29.16 17517 
09:45:25.82 17518 
09:45:49.01 17519 
09:46:27.25 17520 
09:46:52.56 17521 
09:48:45.44 17522 
09:57:19.95 17523 
1,000 17429 17434 17476 
1,021 17460 
1,028 17480 17486 
1,183 17460 
1,200 17506 
1,229 17480 17486 
1,238,311 17506 
1,260 17460 
1,395 17483 
1,520 17460 
1,595 17483 
1,600 17499 
1,900 17424 
1-1/2 17476 
1-1/4 17425 
1-1/8 17458 
1-jun-1987 17435 17436 17437 17438 17439 17440 17441 17442 17443 17444 17445 17446 17447 17448 17449 17450 17451 17452 17453 17454 17455 17456 17457 17458 17459 17460 17461 17462 17463 17464 17465 17466 17467 17468 17469 17470 17471 17472 17473 17474 17475 17476 17477 17478 17479 17480 17481 17482 17483 17484 17485 17486 17487 17488 17489 17490 17491 17492 17493 17494 17495 17496 17497 17498 17499 17500 17501 17502 17503 17504 17505 17506 17507 17508 17509 17510 17511 17512 17513 17514 17515 17516 17517 17518 17519 17520 17521 17522 17523 
1.0 17456 
1.1 17456 
1.17 17427 
1.3 17441 
1.32 17427 
1.34 17427 17510 17519 
1.40 17427 
1.5 17497 
1.6 17427 17490 
1.69 17507 
1.73 17503 
1.8 17427 17435 
1.80 17456 
1.87 17503 
1.9 17435 17460 
1/2 17456 17476 
10,000 17433 17477 17522 
10-years 17438 
10.0 17421 
10.2 17427 
10.50 17477 
100,000 17426 17497 
100-1/2 17485 
100th 17474 
108,439 17505 
11-nation 17458 
11.2 17460 
11.4 17508 
11.48 17503 
11.5 17434 
11.65 17503 
11.86 17440 
11.9 17469 
110,000 17480 17486 
12,000 17512 
12-1/2 17425 17458 17504 
12.09 17427 
12.33 17427 
12.36 17427 
12.5 17490 
12.58 17427 
12.9 17427 
120-day 17434 
121.50 17440 
126,000 17426 17512 
13-member 17478 
13.5 17469 
13/16 17458 
130.52 17440 
132,000 17512 
133,000 17512 
14.5 17458 
15,706.5 17442 
15.82 17427 
15.91 17427 
15.99 17427 
15:26:09.50 17420 
15:46:11.10 17421 
15:56:24.90 17422 
16,524,000 17508 
16.26 17427 
16.5 17508 
16.6 17478 
16.7 17431 
162e 17483 
166.3 17452 
16:17:56.64 17423 
16:19:24.00 17424 
16:29:16.98 17425 
16e 17483 
17420 17420 
17421 17421 
17422 17422 
17423 17423 
17424 17424 
17425 17425 
17426 17426 
17427 17427 
17428 17428 
17429 17429 
17430 17430 
17431 17431 
17432 17432 
17433 17433 
17434 17434 
17435 17435 
17436 17436 
17437 17437 
17438 17438 
17439 17439 
17440 17440 
17441 17441 
17442 17442 
17443 17443 
17444 17444 
17445 17445 
17446 17446 
17447 17447 
17448 17448 
17449 17449 
17450 17450 
17451 17451 
17452 17452 
17453 17453 
17454 17454 
17455 17455 
17456 17456 
17457 17457 
17458 17458 
17459 17459 
17460 17460 
17461 17461 
17462 17462 
17463 17463 
17464 17464 
17465 17465 
17466 17466 
17467 17467 
17468 17468 
17469 17469 
17470 17470 
17471 17471 
17472 17472 
17473 17473 
17474 17474 
17475 17475 
17476 17476 
17477 17477 
17478 17478 
17479 17479 
17480 17480 
17481 17481 
17482 17482 
17483 17483 
17484 17484 
17485 17485 
17486 17486 
17487 17487 
17488 17488 
17489 17489 
17490 17490 
17491 17491 
17492 17492 
17493 17493 
17494 17494 
17495 17495 
17496 17496 
17497 17497 
17498 17498 
17499 17499 
17500 17500 
17501 17501 
17502 17502 
17503 17503 
17504 17504 
17505 17505 
17506 17506 
17507 17507 
17508 17508 
17509 17509 
17510 17510 
17511 17511 
17512 17512 
17513 17513 
17514 17514 
17515 17515 
17516 17516 
17517 17517 
17518 17518 
17519 17519 
17520 17520 
17521 17521 
17522 17522 
17523 17523 
17:29:50.25 17426 
17:36:38.99 17427 
17:43:41.84 17428 
17:49:13.50 17429 
18.5 17506 
18.59 17477 
18.8 17502 
180,000 17516 
18:20:24.43 17430 
18:26:40.54 17431 
19.24 17440 
19.5 17469 
1926 17457 
1931 17457 
1967 17457 
1970s 17450 17452 17516 
1971 17477 
1972 17468 
1978 17443 
1979 17442 
1980 17500 
1980s 17452 
1981 17429 
1983 17458 17461 17500 
1984 17434 17450 17503 
1984/85 17474 
1985 17433 17443 17449 17454 17474 17477 17490 17508 17511 
1985/86 17460 17469 17474 
1986 17427 17434 17442 17443 17444 17449 17450 17454 17474 17477 17478 17480 17486 17490 17497 17505 17508 17511 
1986/87 17438 17460 17469 17474 17503 17516 
1987 17421 17434 17442 17449 17474 17476 17478 17506 
1987/88 17460 17469 17503 
1988 17454 17460 17474 17477 17520 
1990 17497 17514 
1990s 17433 
1992 17476 17485 17490 
1993 17485 
1996 17471 
1997 17476 
19:02:59.88 17432 
19:22:52.24 17433 
1st 17489 
2,000 17429 17438 17516 
2,100 17434 
2,101 17434 
2,140 17516 
2,250 17443 
2,600 17480 17486 
2,699 17482 
2,880 17471 
2,999 17482 
2-for-1 17504 
2.0 17427 
2.09 17490 
2.1 17457 
2.10 17474 
2.2 17454 17480 17486 17506 
2.3 17427 17456 17469 17490 
2.4 17497 
2.5 17497 
2.67 17427 
2.7 17474 
2.8 17474 17490 
2.87 17503 
2.98 17427 
20,000 17434 
20-man 17429 
20.10 17516 
20.3 17458 
20.61 17516 
200,000 17475 
201.10 17460 
2017 17490 
21,000 17499 
21.1 17427 
213.30 17460 
218-page 17452 
22.2 17491 
22.3 17469 
22015 17423 
22016 17421 
22025 17427 
22059 17432 
22060 17434 
22100 17420 
22101 17428 
22108 17425 
22117 17424 
22127 17422 
22128 17430 
22129 17431 
22135 17429 
22136 17433 
22169 17426 
226,243 17491 
22:38:50.43 17434 
23.5 17506 
23.6 17429 
2300 17472 
24,992.78 17451 
24.1 17442 
240,000 17480 17486 
25.0 17469 
25.05 17508 
25.5 17503 17508 
27-1/2 17504 
27.50 17491 
27.51 17516 
27.85 17516 
275,000 17512 
276,000 17512 
285,000 17512 
29-apr-1987 17420 17421 17422 17423 17424 17425 17426 17427 17428 17429 17430 17431 17432 17433 17434 
29.7 17469 
293,000 17489 
2nd 17496 
3,000 17499 
3,308 17440 17460 
3,319 17505 
3,373 17440 
3,500 17460 
3,999 17482 
3-1/2 17497 
3-for-2 17504 
3.1 17427 17506 
3.11 17427 
3.19 17427 
3.2 17441 17477 
3.21 17427 
3.3 17442 
3.5 17490 
3.52 17427 
3.6 17431 
3.7 17454 17469 
3.70 17427 
3.86 17427 
30-year 17490 
31.6 17469 
312.10 17460 
32,000 17421 
33.8 17442 
34.18 17439 17440 17460 
350,000 17519 
36,721 17505 
37-1/2 17504 
375-450 17443 
39.2 17474 
4,188 17505 
4,495 17483 
4,499 17482 
4,500 17429 
4-7/8 17485 
4.1 17422 
4.3 17449 17511 17513 
4.33 17443 
4.5 17508 
4.6 17508 
4.61 17503 
4.66 17503 
40,100 17505 
40,380 17505 
400,000 17494 
41,140 17508 
41-1/2 17504 
42.5 17460 17469 
44-year-old 17432 
440,000 17519 
441.25 17468 
45,270 17508 
45.5 17480 17486 
46.5 17474 
47-1/2 17504 
47.50 17507 
48,772 17492 
48.5 17508 
493.90 17460 
5,795 17483 
5,833 17508 
5-1/4 17476 
5.0 17456 
5.03 17503 
5.2 17427 
5.5 17497 
5.6 17503 
5.7 17443 
5.8 17460 
5.9 17427 17442 
50,000 17438 
50-minute 17432 
50-pct 17453 
500,000 17434 17516 
51.58 17440 
54.5 17480 17486 
550,000 17519 
5773 17435 
5774 17436 
5775 17437 
5776 17438 
5777 17439 
5778 17440 
5779 17441 
5780 17442 
5781 17443 
5782 17444 
5783 17445 
5784 17446 
5785 17447 
5786 17448 
5787 17449 
5788 17450 
5789 17451 
5790 17452 
5791 17453 
5792 17454 
5793 17455 
5794 17456 
5795 17457 
5796 17458 
5797 17459 
5798 17460 
5799 17461 
5800 17462 
5801 17463 
5802 17464 
5803 17465 
5804 17466 
5805 17467 
5806 17468 
5807 17469 
5808 17470 
5809 17471 
5810 17472 
5811 17473 
5812 17474 
5813 17475 
5814 17476 
5815 17477 
5816 17478 
5817 17479 
5818 17480 
5819 17481 
5820 17482 
5821 17483 
5822 17484 
5823 17485 
5824 17486 
5825 17487 
5826 17488 
5827 17489 
5828 17490 
5829 17491 
5830 17492 
5831 17493 
5832 17494 
5833 17495 
5834 17496 
5835 17497 
5836 17498 
5837 17499 
5838 17500 
5839 17501 
5840 17502 
5841 17503 
5842 17504 
5843 17505 
5844 17506 
5845 17507 
5846 17508 
5847 17509 
5848 17510 
5849 17511 
5850 17512 
5851 17513 
5852 17514 
5853 17515 
5854 17516 
5855 17517 
5856 17518 
5857 17519 
5858 17520 
5859 17521 
5860 17522 
5861 17523 
59.44 17439 17440 
6,000 17512 
6,100 17434 
6,101 17434 
6,500,000 17500 
6.2 17427 
6.3 17432 17434 17506 
6.49 17426 
6.5 17457 
6.5/6.6 17503 
6.58 17503 
6.6 17442 
6.7 17431 
6.71 17427 
6.73 17427 
6.94 17427 
60,000 17473 
600,000 17508 
62.5 17474 
64,000 17497 
64,151 17505 
66.66 17457 
68.62 17459 
68.94 17459 
68.98 17465 
69.3 17429 
7,550 17438 
7,995 17483 
7-3/8 17466 
7.06 17427 
7.3 17449 17469 17511 
7.4 17427 17443 
7.5 17431 17447 
7.7 17449 
7/8 17450 17458 
70.9 17506 
73.5 17477 
73.9 17423 
74.8 17489 
75,000 17499 
75.7 17442 
76.8 17442 
78.02 17440 
78.3 17450 
78.8 17474 
8,095 17483 
8-3/4 17476 
8.2 17431 
8.32 17497 
8.36 17427 
8.38 17427 
8.8 17490 
8.88 17427 
8.9 17506 
80-100 17429 
817,641 17477 
86.1 17490 
868.14 17460 
87.6 17446 17463 17472 
88.1 17489 
9-1/4 17490 
9.05 17427 
9.27 17490 
90.2 17463 17472 
90.6 17446 17463 17472 
91.19 17451 
911,000 17489 
940.64 17460 
96.4 17508 
96.8 17446 17463 17472 
97.7 17450 
=3 17504 
`` 17419 17420 17423 17424 17426 17428 17429 17430 17431 17432 17433 17434 17436 17438 17444 17449 17450 17452 17453 17454 17456 17458 17462 17474 17477 17478 17480 17486 17490 17497 17499 17506 17508 17511 17516 17519 
a-1/a-plus 17490 
aaa 17490 
aame.o 17491 
abandon 17479 
abdallah 17467 
ability 17454 17506 
abroad 17460 17514 
absolute 17438 
abu 17436 
academy 17433 
acb 17504 
accelerating 17514 
acceleration 17474 
acceptance 17490 
access 17449 
accessories 17474 
accomplished 17506 
accord 17458 17478 
account 17433 17438 17509 
accounted 17490 17516 
accounting 17460 17474 
accounts 17438 17458 
accumulated 17442 
accused 17462 
achievable 17454 
acknowledged 17474 
acq 17479 17481 17484 17487 17488 17491 17493 17501 17502 17506 17507 17513 17518 
acquire 17419 17487 17493 17506 17513 
acquired 17491 17499 
acquisition 17491 17518 
acrylic 17449 
act 17430 17444 17456 17457 
action 17452 17502 17509 
activase 17495 
activator 17495 
active 17429 17456 17490 
actively 17499 
activities 17499 17506 
activity 17425 17429 17433 17470 17508 
actual 17429 17497 
actuary 17438 
add 17477 
added 17419 17426 17428 17430 17433 17443 17448 17449 17452 17454 17460 17473 17474 17499 
adding 17432 17433 17477 
addition 17483 17488 
additional 17419 17433 17495 
additionally 17507 17513 
address 17430 17434 
adjusted 17443 
adjusting 17474 
adjustment 17450 17519 
administration 17427 17431 17514 17520 
adminstration 17495 
admissions 17456 
admitted 17432 
adopted 17509 
adopting 17420 
adrian 17478 
advanced 17433 
advances 17450 
advisory 17458 17495 
advocate 17430 17444 
aeg 17479 
affairs 17429 17444 
affect 17474 17494 
affected 17477 17478 17499 17509 
affecting 17452 
affects 17452 
aflatoxin 17477 
afternoon 17434 
ag 17456 17474 
agencies 17458 
agency 17427 17453 17520 
agent 17426 
aggregate 17435 
aggressive 17474 
ago 17427 17478 17512 
agpm 17503 
agree 17422 
agreed 17426 17435 17450 17457 17458 17488 
agreement 17421 17422 17453 17458 17473 17488 17506 17507 17514 17519 
agreements 17502 17519 
agrement 17519 
agricultural 17434 17477 17503 
agriculture 17421 17503 
agriculture's 17503 
ags 17504 
aguayo 17423 
ahead 17433 17438 17478 
ahmed 17426 
ai 17438 17444 17445 17448 17449 17450 17454 17456 17459 17504 
aid 17470 
aig 17504 
aimed 17423 17474 
aiming 17497 
aims 17443 
air 17453 17497 
aircraft 17497 
airfare 17444 
airfares 17444 
airline 17432 17479 
airlines 17444 
airport 17475 
airports 17475 
akbar 17436 
al-aam 17462 
al-rai 17462 
al-rassi 17467 
ala. 17491 
alabama 17491 
alaska 17433 
alexander 17462 
alfred 17429 
alfredo 17423 
algeria 17503 
ali 17436 
alice 17456 
alleged 17426 17453 17500 
allegedly 17474 
alleging 17422 17502 
allegis 17479 
alleviate 17502 
alliance 17461 
allocate 17430 
allocated 17519 
allotment 17510 
allotments 17510 
allowed 17438 17519 
allowing 17446 
alluvial 17457 
aln 17504 
alter 17499 
alternative 17519 
alternatives 17502 
altogether 17426 17477 
aluminium 17458 
am-centam-economy 17428 
am-floods 17521 
am-offshore 17433 
am-silver 17423 
am-usedcars 17508 
amend 17458 
america 17428 17435 17480 17486 17515 
american 17438 17450 17491 17508 
amex 17504 
amoco 17429 
amoco's 17429 
amortized 17465 
amortizes 17465 
amount 17435 17450 17465 17499 17507 17510 
amounted 17465 
analyst 17474 17497 
analysts 17438 17454 17474 17479 17490 17497 
analyze 17506 
angel 17450 
angeles 17430 17515 
angina 17514 
announced 17423 17433 17434 17435 17441 17461 17463 17476 17479 17497 17509 17515 17518 
announcement 17449 17479 17497 17511 
announces 17449 17511 
annual 17429 17438 17450 17454 17497 
annualised 17454 
annually 17429 
annuities 17438 
annum 17476 
answer 17462 
answers 17420 
antagonists 17514 
antagonize 17519 
anthony 17474 
anti-inflation 17432 
anticipated 17507 
anticipating 17456 
antitrust 17452 
apparent 17474 
apparently 17474 
appeared 17478 17508 
appears 17438 17499 
appetities 17490 
appliance 17460 
application 17514 17522 
applications 17497 17514 17520 
applied 17426 
applies 17434 
apply 17434 17477 17497 
appreciation 17456 17460 
approval 17488 17491 17495 17506 17514 17520 
approve 17430 17455 
approved 17434 17435 17495 17506 17520 
approves 17434 
approximately 17476 17507 
april 17420 17421 17422 17423 17424 17426 17427 17428 17429 17430 17431 17432 17433 17434 17438 17442 17456 17459 17460 17480 17486 17503 17519 
arab 17436 
arabia 17419 17519 
aramco 17519 
architecture 17497 
arctic 17430 17433 
arduous 17450 
area 17429 17443 17454 17503 17506 17516 17521 
areas 17430 17433 17520 17521 
argentina 17450 17458 
argi.o 17506 
argosystems 17487 17506 
argosystems' 17506 
arguing 17433 
aristech 17500 
arms 17490 
arnst 17497 
arose 17500 
arrange 17426 
arranged 17488 
arrested 17453 
arrived 17492 
ars 17500 
arterial 17514 
artic 17430 
artifical 17428 
asahi 17420 
asia 17472 
asked 17419 17423 17424 17449 17458 17465 17477 17511 17522 
aspects 17513 
assess 17498 
asset 17438 
asset-backed 17490 
assets 17519 
assigned 17497 
assist 17513 
assistance 17523 
associates 17493 17507 
association 17424 17428 17433 17474 17477 17490 17503 17506 
assuming 17438 17460 
assurance 17438 
atlantic 17491 
attack 17436 17462 17492 17495 17514 
attacked 17464 17492 
attacks 17462 
attempt 17431 17508 
attempting 17458 
attempts 17454 17462 
attend 17450 
attitude 17478 
attracted 17438 
attractive 17438 
auction 17494 
audi 17474 
august 17421 17490 17507 17510 
austerity 17454 17509 
australia 17457 
author 17429 17433 17438 17450 17456 17474 17477 17490 17497 17499 
authorities 17423 17494 
authority 17444 17457 17475 17477 17522 
authorized 17421 17502 17510 
automakers 17490 17508 
automation 17460 
automobile 17490 
avails 17438 
average 17427 17449 17457 17460 17469 17503 17508 
averaged 17427 
avoiding 17477 
avt 17504 
award 17475 
awarded 17475 
aware 17458 
azpurua 17458 
b.c 17480 17486 
ba 17506 
baa 17475 
baa-1 17490 
baby 17509 
back 17430 17450 17461 17462 17499 
backed 17490 
backfire 17452 
backlog 17432 17506 
backs 17424 17431 
bad 17426 17477 
badly 17458 
baker 17420 17429 17450 
balance 17505 17513 
balanced 17454 
bales 17421 
bananas 17443 
banco 17458 
bancorp 17518 
bangladesh 17421 17426 17468 17473 
bank 17423 17434 17435 17437 17448 17450 17454 17456 17458 17465 17466 17470 17474 17485 17490 17518 17523 
bankers 17470 17490 17491 
banking 17428 17458 
bankruptcy 17422 
banks 17428 17450 17456 17458 17465 17469 17470 17474 17490 
banned 17453 
banque 17466 17485 
barclays 17488 
bargaining 17480 17486 
barrel 17419 17429 17431 17433 17478 
barrels 17427 17429 17516 
barriers 17452 
barter 17473 
bas 17475 
base 17442 
based 17438 17450 17460 17507 
basic 17434 17454 
basis 17438 17450 17490 17510 
basket 17434 
bates 17433 
battle 17432 
bayerische 17474 
bbb-plus 17490 
bc-******boeing-co-to-ac 17487 
bc-******computer-associ 17493 
bc-******entertainment-m 17501 
bc-******first-city-indu 17484 
bc-******fluor-retains-s 17498 
bc-******spectra-physics 17481 
bc-******whittaker-chemi 17496 
bc-/bangladesh-authorize 17421 
bc-/bangladesh-keeps-opt 17426 
bc-/cominco-lead/zinc-un 17480 
bc-/reagan-warns-on-furt 17420 
bc-/u.s.-interior-secret 17430 
bc-baa-plc-unit-wins-kan 17475 
bc-bangladesh-to-import 17473 
bc-boeing- 17506 
bc-bundesbank's-schlesin 17445 
bc-bundesbank-reported-t 17448 
bc-canada-southern- 17510 
bc-cbt-proposes-japanese 17522 
bc-china-province-become 17443 
bc-chinese-officials-say 17429 
bc-coastal- 17422 
bc-cominco- 17486 
bc-compaq-computer- 17482 
bc-computer-associates- 17507 
bc-coniston-group-to-con 17479 
bc-dutch-cocoa-processor 17499 
bc-ec-urged-to-act-quick 17444 
bc-entertainment-makes-b 17513 
bc-first-city- 17488 
bc-french-say-wheat-stoc 17503 
bc-ftc 17431 
bc-gas-carrier-escaped-g 17492 
bc-genetech- 17495 
bc-genovese-drug-stores 17489 
bc-genrad- 17425 
bc-german-car-firms-seen 17474 
bc-german-primary-bond-m 17456 
bc-goodman-fielder-unit 17476 
bc-hospital-corp- 17435 
bc-ibj-amortizes-loans-t 17465 
bc-india-plans-more-bomb 17516 
bc-iran-says-it-will-com 17436 
bc-israeli-bank-says-ele 17454 
bc-italian-treasury-deta 17505 
bc-japan-extends-24-bill 17468 
bc-japan-may-external-re 17459 
bc-japan-variable-life-i 17438 
bc-judgement-entered-aga 17500 
bc-kaypro- 17483 
bc-korea-electric-power 17447 
bc-latin-debtors-make-ne 17450 
bc-lebanese-prime-minist 17467 
bc-lebanon-prime-ministe 17464 
bc-mobil-raises-singapor 17463 
bc-moscow-says-will-reta 17462 
bc-national-security- 17491 
bc-norway's-rs-bank-issu 17485 
bc-ny-meat-cutters-union 17424 
bc-occidental- 17515 
bc-pemex-official-says-o 17478 
bc-peru-consumer-prices 17442 
bc-philippine-coconut-ch 17477 
bc-poorer-current-profit 17469 
bc-qt8903/1 17504 
bc-rbc-finance-raising-3 17466 
bc-recent-u.s.-oil-deman 17427 
bc-renison-gc-and-city-r 17457 
bc-saudi-renegotiation-o 17519 
bc-schering-plough- 17520 
bc-seoul-announces-more 17449 
bc-shell 17472 
bc-singapore-oil-compani 17441 
bc-singapore-petroleum-c 17446 
bc-skylark-to-issue-20-b 17471 
bc-slaughter-guesstimate 17512 
bc-smithkline- 17514 
bc-society-for-savings- 17518 
bc-spectra-physics- 17502 
bc-sri-lanka-offers-250 17437 
bc-sri-lankan-tea-worker 17494 
bc-technology 17497 
bc-tokyo-exchange-allows 17455 
bc-tokyo-stock-index-ris 17451 
bc-tories-maintain-lead 17461 
bc-toshiba-corp- 17440 
bc-toshiba-forecasts-11 17460 
bc-toshiba-group-net-34 17439 
bc-toshiba-hopes-exports 17453 
bc-town-and-country-chan 17517 
bc-u.k.-money-market-giv 17523 
bc-u.s.-corporate-financ 17490 
bc-u.s.-study-says-tarif 17452 
bc-venezuela-approves-wa 17434 
bc-venezuela-has-no-plan 17458 
bc-window-for-bank-aid-i 17470 
bc-zambia-cuts-prices-as 17509 
beach 17483 
bearish 17474 
bechtel 17475 
beckman 17514 
began 17499 
begin 17456 17506 
beginning 17503 
behemoths 17497 
beirut 17467 
belief 17431 17456 
believed 17419 17432 17457 17477 17490 
believes 17495 
bellmon 17521 
benchmark 17419 17429 
benefit 17438 17458 17474 
benefits 17431 17434 
benefitted 17474 
benefitting 17419 
bengali 17426 
beverly 17488 
bid 17450 17458 17479 17490 
big 17474 17477 
biggest 17474 17490 
bil 17474 
bil's 17474 
bill 17430 17433 17506 
billion 17422 17429 17431 17435 17438 17439 17440 17447 17449 17450 17452 17456 17458 17459 17460 17465 17468 17471 17474 17479 17490 17497 17505 17508 17511 
billions 17477 17490 
bills 17437 
birthday 17474 
bismuth 17480 17486 
bits 17497 
bkp 17504 
blah 17439 17445 17451 17459 17464 17481 17484 17487 17493 17496 17498 17501 
blamed 17452 17454 
blankets 17509 
blod 17514 
blood 17495 17514 
blown 17432 
bmw 17474 
bmwg.f 17474 
bni 17504 
board 17435 17471 17497 17502 17503 17510 17513 17522 
board's 17502 
boards 17497 17506 
bob 17424 
boehringer 17514 
boeing 17487 17506 
bolivars 17434 
bomb 17467 
bombay 17516 
bond 17438 17447 17456 17458 17471 17485 17490 17497 17505 17522 
bonds 17438 17456 17458 17490 17522 
bonn 17474 
bonus 17434 
bonuses 17434 
boost 17438 17450 
boosted 17474 17478 
borders 17429 
borrow 17456 17479 
borrowers 17456 
borrowing 17456 17505 
boston 17476 17490 17497 
bought 17450 17499 17508 17510 17519 
bounce 17428 
bourse 17456 
boyle 17497 
bp 17472 
bpd 17427 17519 
bradford 17433 
brazil 17450 17474 
brazilian 17474 
breach 17426 17500 
bread 17509 
break 17444 
breakfast 17461 
breaking 17479 17497 
breitschwerdt 17474 
brian 17497 
bridge 17435 
briefing 17433 
bright 17429 
bring 17432 17456 17462 17490 
brings 17449 17468 17511 
britain 17444 17461 
british 17475 17480 17486 
broad-based 17452 
broadcast 17432 
broke 17455 
broken 17453 17497 
brokerage 17497 
brokers 17451 17455 17474 
brothers 17490 
brought 17456 
browbeat 17450 
bruce 17502 
bruno 17454 
brussels 17477 
bryan 17429 
bsm 17499 
budget 17431 17454 
buffer 17499 
build 17475 
building 17450 17475 
built 17475 17497 
built-in 17488 
bulk 17458 17490 
bullet 17466 
bulolo 17457 
bundesbank 17445 17448 
bungener 17485 
buoyant 17438 
bureau 17428 17431 
burnham 17435 17490 
business 17419 17430 17454 17497 17506 17509 
businessmen 17434 17478 
buy 17421 17453 17488 17497 17499 17501 17506 17510 
buyers 17419 17435 17477 17497 
buying 17499 
buyout 17513 
bv 17466 
byblos 17467 
c. 17453 
ca 17507 
cabinet 17426 17434 17494 
cadmium 17480 17486 
cake 17477 
calculated 17490 
calculating 17434 
calculations 17497 
calendar 17456 17490 
calgary 17510 
calif. 17483 17488 17502 17506 
california 17430 17433 
callable 17476 
called 17425 17450 17485 17497 
calls 17458 
calmed 17490 
caltex 17472 
campaign 17454 17461 17494 17503 
campaigns 17508 
canada 17457 17466 17480 17486 17510 
canadian 17480 17486 17510 
cancel 17453 
cancelled 17456 
canyon 17433 
capabilities 17436 17452 
capable 17497 
capel 17474 
capital 17460 17471 17509 
car 17474 17490 17508 
caracas 17434 17458 
caracas-based 17458 
carcass 17424 
carcinogenic 17477 
card 17490 
cardiovascular 17514 
care 17419 
carefully 17478 
cargo 17426 
carried 17457 17461 17474 
carrier 17492 
carry 17497 
carrying 17447 
cars 17474 17490 17508 
cartagena 17450 17458 
cartegena 17450 
cartel 17478 
carvedilol 17514 
case 17452 
cash 17435 17438 17443 17477 17506 17513 
casualty 17491 
catherine 17497 
cattle 17512 
caused 17480 17486 17521 
cautious 17474 
cbt 17522 
cda 17497 
ceased 17457 
ceilings 17441 
celebrated 17470 17474 
cement 17468 
central 17423 17428 17434 17437 17443 17448 17454 17457 17470 17521 
centrist 17461 
cents 17441 17446 17463 17472 17477 17508 
cents/litre 17441 17446 17463 17472 
cents/pound 17477 
century 17429 
cereal 17503 
cereals 17503 
ceylon 17494 
cfk 17504 
cftc 17522 
cgf 17504 
cgp 17422 
chairman 17422 17431 17433 17450 17474 17477 17506 17507 17513 
chaitanya 17477 
challenge 17474 
challenging 17461 
change 17423 17428 17433 17456 17477 17497 17519 
changed 17423 17450 17508 17517 
charge 17456 17506 
charged 17434 
charles 17433 17507 
chartered 17518 
cheaper 17431 17444 17497 
cheaply 17456 
check 17449 
chelsea 17517 
chemical 17477 17500 
chemicals 17468 17500 
chevron 17519 
chicago 17424 17512 17522 
chicago-educated 17428 
chief 17438 17477 17507 
chile 17450 
china 17429 17443 17460 
chinese 17429 
chips 17497 
chocolate 17499 
choudhury 17426 
christian 17467 
chv 17519 
ciba-geigy 17481 17502 
cic 17504 
cigarettes 17449 17511 
cigz.z 17502 
citicorp 17450 
citicorp's 17450 
citizenship 17494 
citt.t 17453 
city 17423 17424 17428 17457 17484 17488 17521 
civil 17521 
ciw 17504 
claim 17497 
claiming 17500 
claims 17474 17497 
clara 17497 
clarification 17474 
class 17474 
classifications 17480 17486 
clause 17458 
cleaning 17521 
clear 17450 17506 
cleared 17432 
clients 17438 
climbed 17452 
clinical 17514 
closed 17425 17521 
closely 17423 
closing 17437 17451 17485 17507 
clot 17495 
clots 17514 
clt.to 17486 
cm-2 17497 
cne 17504 
cnk 17504 
co-managed 17466 
co-managers 17490 
coast 17433 
coastal 17422 
cocoa 17499 
coconut 17477 
coconut-oil 17477 
coconuts 17477 
collapse 17438 
collective 17519 
colombia 17450 
colombo 17437 17494 
colour 17460 
columbia 17480 17486 
combat 17436 
combined 17470 17497 
comfort 17474 
comfortable 17432 17477 
cominco 17480 17486 
coming 17433 17474 17497 
commanding 17490 
comment 17425 17426 17456 17465 17479 17522 
commercial 17424 17429 17458 17497 17516 
commerical 17497 
commerzbank 17456 
commission 17431 17444 17452 17490 17512 17516 17522 
commitments 17435 
committed 17420 17435 17513 
committee 17458 17494 17495 17502 
committees 17480 17486 
commodities 17509 
commodity 17443 17455 17522 
common 17491 17507 
commonly 17452 
communicating 17502 
communications 17506 
communist 17453 
community 17432 17456 17475 17477 17503 
company 17422 17425 17426 17435 17438 17447 17453 17460 17471 17472 17475 17478 17479 17480 17483 17486 17488 17490 17491 17497 17499 17500 17502 17506 17507 17510 17513 17514 17518 17519 17520 
compaq 17482 
comparable 17456 17490 17505 
compared 17442 17456 17503 17505 
compares 17523 
compete 17475 17497 17506 
competition 17431 17444 17460 17474 
competitive 17432 17452 17490 
competitively 17490 
competitiveness 17452 
competitors 17452 17497 
completed 17435 17488 17518 
completely 17453 
complex 17497 
components 17479 
composite 17476 
compound 17514 
compounds 17514 
comprise 17435 
comprised 17522 
comprising 17435 
computer 17460 17482 17483 17493 17497 17507 
computer-related 17460 
computers 17453 17460 17483 17497 
concentrate 17514 17519 
concentrates 17429 
concept 17438 17490 
concern 17430 17444 
concerned 17450 
concerns 17433 
concession 17476 
concluded 17475 
conclusion 17452 
concrete 17444 
cond't 17504 
conditions 17456 17506 
conducted 17461 17513 
confederation 17434 
conference 17433 17448 17453 17454 17460 17474 
confident 17474 17495 
confirmed 17456 17458 17519 
conformance 17456 
congress 17429 17430 17431 17494 
congressmen 17430 
coniston 17479 
conn. 17518 
connection 17497 
conneticut 17518 
conoco 17419 17433 
consciousness 17438 
consecutive 17460 
consents 17479 
conservation 17431 
conservative 17461 17478 
conservatively 17438 
conservatives 17461 
consideration 17519 
considered 17434 17497 
considers 17500 
consistently 17431 
consolidated 17457 
consolidating 17423 
consortium 17475 
constantine 17433 
construction 17449 17511 
consultancy 17475 
consultant 17433 
consulting 17475 
consumer 17434 17442 17443 17449 17452 17499 
consumers 17431 
consumption 17431 17433 17454 
contacted 17509 
contained 17477 17480 17486 
contemplated 17502 
content 17441 17446 
continental 17426 17433 
contingency 17458 
contingent 17510 
continue 17419 17424 17433 17448 17474 17479 17507 
continued 17423 17474 
continuing 17419 17458 
contract 17424 17426 17453 17474 17475 17480 17486 17500 17519 17522 
contracted 17450 17519 
contracts 17474 17480 17486 17519 
contrast 17429 17497 
contribute 17449 
contributed 17433 17474 
contribution 17420 
control 17429 17434 17478 17479 17497 
controls 17434 
convention 17428 
conversion 17471 17476 
convertible 17438 17471 17476 17488 
convinced 17430 
cooperating 17420 
cooperation 17423 
cooperatives 17503 
coordinate 17423 
copper 17509 
copperbelt 17509 
copra 17477 
copra-cake 17477 
corn 17503 17509 
corp. 17508 
corporate 17425 17490 
corporation 17473 17513 
correction 17511 
cost 17431 17452 17480 17486 17508 
costs 17431 17444 17452 17456 17497 17508 17509 
cotton 17421 17443 
cotton-usda 17421 
count 17429 
counterpart 17423 
counterproductive 17420 
countries 17419 17429 17449 17450 17458 17460 17477 17503 17511 
country 17429 17436 17454 17470 17517 
country's 17477 
coupon 17447 17466 17471 17476 17485 
court 17422 17500 17502 
cover 17480 17486 
covering 17490 
covers 17438 17457 17458 
cpi 17432 17434 17442 
cpq 17482 
crammed 17497 
cray 17497 
crazy 17501 17513 
cream 17520 
create 17450 17497 
credit 17435 17438 17450 17458 17466 17468 17476 17490 
creditor 17458 17465 
creditors 17422 
credits 17450 
crisis 17450 17462 
critical 17478 
criticized 17432 
crop 17503 17521 
crops 17443 17477 
crowded 17497 
crude 17419 17427 17429 17430 17431 17433 17478 17516 17519 
crumble 17477 
csw 17510 
csw.to 17510 
ctb 17504 
ctv 17434 
cube 17497 
cubic 17422 17457 17516 
cultivation 17443 
cumene 17500 
curbs 17449 
currency 17419 17438 17448 17452 17456 17474 17490 
current 17428 17429 17432 17448 17450 17456 17465 17469 17474 17477 17478 
curry 17454 
customary 17506 
customers 17497 17506 
customs 17454 
cut 17431 17435 17438 17441 17444 17445 17448 17449 17450 17452 17460 17470 17482 17483 17511 
cut-rate 17508 
cuts 17444 17449 17469 17474 17482 17483 17509 17511 
cutters 17424 
cutting 17450 
cvr30 17504 
cwc 17494 
cyber 17497 
cycle 17433 17477 
cyr 17497 
daig.f 17474 
daily 17422 17426 17427 17448 17465 17522 
daimler 17474 
daimler-benz 17474 
dainik 17426 
daiwa 17447 
dallas 17490 
damage 17521 
damaged 17521 
damages 17500 
dampen 17456 
danger 17477 
dangerous 17477 
daniel 17431 
data 17495 17497 
day 17426 17427 17461 17470 17478 17512 17516 
days 17427 17434 17461 17488 
dd 17433 
de 17456 17458 17488 
dead 17521 
deadline 17509 
deadlock 17444 
deal 17426 17452 17456 17458 17490 17519 
dealers 17424 17456 17470 
dean 17513 
death 17438 
debate 17450 
debt 17435 17450 17458 17490 17515 
debt-equity 17450 
debt-trade 17450 
debtor 17450 
debtors 17450 
debts 17428 17450 17458 17505 
dec 17497 
decade 17497 
decades 17521 
december 17465 17473 17478 17509 17514 
decided 17426 17453 17516 
decision 17423 17450 17458 17478 
decisions 17438 17478 
declare 17480 17486 
declared 17434 17521 
decline 17420 17428 17456 17490 17508 
declined 17425 17426 17465 
declines 17425 
declining 17428 17438 17452 17476 17477 
decrease 17433 
decree 17434 
decrees 17434 
deems 17502 
deep 17433 17444 17457 
deep-water 17433 
deeper 17433 
deeply 17430 
defence 17453 
defense 17497 17506 17521 
defensive 17479 
deficit 17420 17431 17452 
deficits 17452 
definace 17428 
definitive 17488 17507 
del 17423 
delaware 17502 
delaware-chartered 17518 
delayed 17426 
delegation 17429 
deliberate 17470 
delicate 17454 
demand 17420 17427 17433 17438 17450 17452 17469 17474 17478 17490 
demands 17494 
democracy 17432 
democrat-liberal 17461 
denmark 17477 
denominations 17476 
deny 17474 
department 17421 17423 17427 17453 17477 17491 17503 
depend 17429 17438 
dependence 17420 17430 
dependent 17430 17477 
depends 17454 
deplete 17431 
depletion 17431 
deposit 17470 
deposits 17438 17470 
depreciation 17428 
depreciations 17474 
depressed 17433 
depressing 17499 
depth 17457 17516 
deputy 17448 
deregulation 17430 17444 
design 17497 
designated 17474 
designed 17432 17474 17480 17486 17497 
designee 17502 
designess 17502 
desk 17462 
desktop 17483 
destination 17492 
detailed 17450 
details 17447 17505 
detergents 17509 
deteriorating 17450 17452 
deterioration 17428 
determined 17432 17441 
determining 17419 
detrimental 17458 
detroit 17508 
detroit-based 17508 
deutsche 17456 
develop 17433 17477 17497 17514 
developed 17495 17516 
developing 17514 
development 17433 17452 17457 17460 17497 17514 
developments 17425 17450 
devices 17460 
devilish 17477 
dhabi 17436 
dhaka 17426 17468 17473 
di 17433 
died 17467 
diego 17490 
dies 17464 
diesel 17441 17473 
difficult 17428 17503 
digital 17497 
dinar 17470 
direct 17452 
director 17429 17438 17450 17458 17519 
directors 17435 17479 17502 
dis 17504 
disappointed 17433 
disaster 17521 
disbursed 17468 
discarded 17428 
discipline 17478 
disclosed 17468 
disclosure 17438 
discord 17450 
discount 17444 17445 17448 
discounted 17450 
discourage 17450 
discovered 17514 
discovery 17429 
discredit 17477 
discuss 17423 17477 
discussed 17450 
diseases 17514 
disgruntled 17509 
disillusionment 17509 
disinterest 17430 
disk 17483 
dislodge 17461 
disolution 17514 
disorders 17520 
displeasure 17519 
dispute 17422 
dissolving 17495 
distillate 17427 
distributors 17424 
district 17468 
dived 17474 
dividend 17479 17488 
dividends 17438 
division 17475 17500 
divisions 17460 
dlr 17419 17420 17428 17429 17431 17435 17450 17458 17475 17490 17497 17506 17509 17510 
dm/dollar 17474 
dny 17504 
document 17426 
doldrums 17499 
dollar 17419 17420 17428 17456 17460 17469 17470 17474 17476 17490 
dollar-denominated 17490 
dollar-yen 17419 
dollar/mark 17448 
dollars 17419 17456 17477 17490 
domestic 17420 17427 17429 17430 17431 17433 17438 17452 17454 17456 17469 17470 17471 17474 17475 17490 17505 17508 
dominated 17490 
dominion 17490 
donald 17430 17433 
door 17488 
dormancy 17456 
dornbush 17428 
double 17503 
doubled 17474 17506 
doubling 17470 
doubt 17423 
doubted 17423 
downvaluing 17450 
downward 17456 
dozing 17456 
dpc 17504 
dr. 17474 
drag 17469 
dramatic 17433 
dramatically 17497 
drastic 17497 
draw 17450 
drawing 17499 
dredging 17457 
dresdner 17456 
dresser 17433 
drew 17474 
drexel 17435 17490 
dried 17477 
drill 17433 17516 
drilled 17516 
drilling 17429 17430 17433 
drive 17470 17474 
drop 17419 17458 17460 17469 17477 17490 
dropped 17450 
dropping 17428 
drought 17477 
drove 17470 
drug 17489 17495 17514 17520 
drying 17477 
du 17466 
dual 17483 
due 17426 17438 17450 17454 17460 17469 17471 17474 17476 17490 
dumping 17433 
dupont 17433 
dutch 17499 
dutch/shell 17433 
duties 17454 17502 
duty 17460 
dwt 17492 
e-130 17483 
e-40 17483 
earlier 17427 17430 17433 17448 17450 17454 17460 17463 17469 
early 17438 17455 17513 
earn 17440 17443 17457 17489 
earned 17438 
earner 17474 
earnings 17474 17506 
earns 17438 
ease 17420 17474 
east 17454 17480 17486 
eastern 17468 17472 
eberhard 17474 
ec 17444 17477 
economic 17420 17428 17444 17450 17452 17454 17456 17465 17509 
economics 17431 17477 
economies 17450 
economist 17428 
economists 17434 17452 17454 
economy 17431 17432 17448 17452 17454 
economy-wide 17452 
ecra 17450 
eddie 17501 17513 
eddie's 17513 
edge 17499 
edition 17519 
eec 17504 
effect 17434 17449 17456 17511 
effective 17460 17517 
effectively 17478 
efficient 17444 
effort 17423 17431 17479 
efforts 17419 17422 17462 
efh 17504 
egypt 17503 
eia 17427 
eighty-one 17480 17486 
eithe 17483 
elba 17491 
election 17432 17454 17461 
elections 17454 17461 
electric 17447 17460 17469 17488 17490 
electricite 17456 
electronic 17460 17488 17506 
electronics 17460 17506 
element 17419 
elements 17509 
elevator 17426 
eliminate 17477 
elocon 17520 
elsworth 17433 
em 17513 
embedded 17497 
emergency 17521 
emirates 17436 
emphasised 17474 
emphasized 17497 
employee 17435 
employees 17434 17453 17506 
employment 17477 
encouraged 17429 17456 17477 
encouraging 17419 
end 17419 17429 17444 17462 17465 17470 17474 17477 17478 17497 17503 
end-july 17474 
end-march 17438 
end-of-season 17503 
ended 17427 17438 17440 17465 17506 
ending 17442 17456 17460 17469 17506 17516 
endorse 17450 
endowment 17438 
enemy 17490 
energy 17423 17427 17430 17431 17497 
england 17523 
enhance 17506 
enjoin 17502 
enjoy 17461 
enjoyed 17461 
enrique 17450 
ensure 17519 
entered 17461 17500 
enters 17456 
entertaiment 17513 
entertainment 17501 17513 
entire 17443 17510 
entitled 17510 
entrance 17497 
environment 17463 
environment's 17446 
environmental 17430 17433 
environmentally 17430 
envisaged 17478 
equal 17522 
equanimity 17474 
equation 17419 
equipment 17429 17433 17449 17453 17460 17497 17506 17511 
equitable 17438 
equivalent 17497 
equivalents 17444 
escaped 17492 
esop 17435 
essential 17509 
established 17429 
establishes 17434 
estimate 17503 
estimated 17427 17429 17434 17438 17460 17499 17503 17508 
estimates 17503 
eta 17497 
ethylene 17449 
eurobond 17456 17476 
eurobonds 17456 
euromark 17456 
euromarks 17456 
euronote 17476 
europe 17444 17460 17474 17514 
european 17432 17444 17456 17474 17475 17477 17503 17514 
europeen 17466 
euroyen 17447 
evacuated 17521 
evaluation 17514 
eventually 17419 17497 
evidence 17452 
ex-dividend 17504 
ex-partners 17519 
examined 17452 
exceed 17506 
exceeds 17476 
exception 17450 
excess 17478 
excessively 17428 
exchange 17420 17425 17438 17448 17452 17455 17456 17460 17469 17470 17471 17474 17490 17507 17512 
exclude 17477 
excluding 17427 17469 
executing 17454 
executive 17424 17433 17444 17453 17478 17507 
executives 17430 17438 
exert 17462 
exhibition 17497 
existed 17433 
existing 17421 17450 
expand 17506 
expanded 17497 
expanding 17497 
expansion 17458 
expect 17438 17478 17490 
expectations 17460 
expected 17419 17423 17426 17429 17433 17435 17438 17441 17449 17450 17455 17456 17460 17469 17474 17476 17477 17479 17480 17486 17488 17490 17503 17506 17509 17514 17521 
expects 17460 17479 17497 
expedite 17426 17494 
expensive 17431 17433 17456 17497 
expiration 17506 
expire 17510 
expired 17424 17474 17480 17486 
explain 17432 17452 
explained 17490 
exploded 17467 
exploited 17457 
exploration 17419 17430 
exploratory 17433 17516 
explorer 17457 
exploring 17516 
export 17420 17450 17453 17477 
exporters 17474 17478 
exporting 17419 17429 17453 
exports 17420 17450 17452 17453 17460 17477 17503 
exposed 17474 
expressed 17423 17509 
extended 17468 
extends 17468 
extension 17426 
extent 17452 17474 17509 
external 17420 17458 17459 
extra 17483 
extraordinarily 17444 
extraordinary 17474 
extremely 17497 17503 
exxon 17519 
f0013 17435 
f0021 17436 
f0022 17437 
f0024 17438 
f0027 17439 
f0028 17440 
f0033 17441 
f0038 17442 
f0039 17443 
f0049 17444 
f0062 17445 
f0063 17446 
f0064 17447 
f0069 17448 
f0074 17449 
f0092 17450 
f0102 17451 
f0106 17452 
f0113 17453 
f0117 17454 
f0122 17455 
f0138 17456 
f0162 17457 
f0177 17458 
f0202 17459 
f0210 17460 
f0212 17461 
f0251 17462 
f0257 17463 
f0258 17464 
f0259 17465 
f0267 17466 
f0271 17467 
f0272 17468 
f0276 17469 
f0277 17470 
f0283 17471 
f0288 17472 
f0295 17473 
f0302 17474 
f0317 17475 
f0324 17476 
f0337 17477 
f0348 17478 
f0709 17479 
f0724 17480 
f0728 17481 
f0730 17482 
f0734 17483 
f0761 17484 
f0768 17485 
f0773 17486 
f0781 17487 
f0790 17488 
f0795 17489 
f0796 17490 
f0797 17491 
f0798 17492 
f0800 17493 
f0803 17494 
f0811 17495 
f0816 17496 
f0819 17497 
f0830 17498 
f0833 17499 
f0837 17500 
f0840 17501 
f0859 17502 
f0860 17503 
f0866 17504 
f0889 17505 
f0895 17506 
f0905 17507 
f0906 17508 
f0917 17509 
f0924 17510 
f0937 17511 
f0952 17512 
f0954 17513 
f0963 17514 
f0965 17515 
f0968 17516 
f0971 17517 
f0973 17518 
f0974 17519 
f0978 17520 
f0980 17521 
f0985 17522 
f1003 17523 
f2404 17420 
f2446 17421 
f2464 17422 
f2541 17423 
f2546 17424 
f2583 17425 
f2773 17426 
f2807 17427 
f2830 17428 
f2839 17429 
f2875 17430 
f2882 17431 
f2933 17432 
f2957 17433 
f3033 17434 
face 17426 17469 17522 
faces 17474 
facility 17476 
facing 17432 
fact 17452 17453 17458 17474 17499 17519 
factor 17419 17452 17456 17478 
factors 17452 17456 
fahd 17478 
failing 17462 
fails 17433 
failure 17426 17430 
fairly 17452 17499 
faked 17474 
fall 17420 17428 17429 17433 17454 17460 17469 17474 17477 17490 
falling 17434 17474 
falls 17469 
fares 17444 
fargo 17435 
farm 17443 17477 
farmers 17443 17477 17521 
farmland 17443 
fast 17490 
faster 17431 17497 
fastest 17497 
fasting 17470 
fats 17477 
faulty 17426 
favor 17430 17519 
favors 17419 
favour 17454 17474 
favourable 17450 17456 
fcy 17488 
fda 17495 17520 
fear 17450 
fears 17428 17490 
february 17434 17450 17456 17458 17516 17519 
federal 17422 17430 17431 17452 17502 17521 17522 
fee 17430 17431 17456 
feed 17503 
feeds 17477 
fees 17500 
feet 17422 17429 17433 
felipe 17432 
fell 17427 17438 17443 17450 17460 17469 17471 17474 
felt 17458 
ferocity 17444 
fewer 17432 
fidelity 17491 
fiduciary 17502 
field 17433 17450 17457 17506 17516 
fielder 17476 
fields 17422 
fifteen 17509 
figueroa 17423 
figure 17474 17503 
figures 17423 17433 17438 17443 17474 17477 17490 17512 
file 17456 
filed 17490 17500 17502 
filings 17490 
film 17449 
final 17474 17476 17514 
finalize 17514 
finally 17497 
finance 17438 17449 17450 17458 17466 17468 17490 17511 
financed 17505 
finances 17450 
financial 17426 17428 17438 17448 17450 17497 
financially 17502 
financing 17435 17488 17490 17513 
financings 17490 
find 17419 17430 17435 17452 
finds 17431 
fines 17434 
fired 17492 
firings 17434 
firm 17432 17435 17490 17506 
firms 17422 17438 17469 17474 17475 17497 
fiscal 17438 17506 
fischer 17474 
fish-farming 17443 
five-year 17422 17433 17477 
fix 17430 
fixed 17438 17474 17509 
fixed-income 17490 
fixed-rate 17490 
flat 17474 
fledgling 17429 
floated 17457 
floating 17433 
flooding 17521 
floods 17521 
floor 17512 
floppy 17483 
florida 17497 
flow 17452 17470 17497 
flows 17450 
fluctuation 17522 
fluctuations 17438 17474 
fluor 17498 
flying 17467 
fnb 17504 
focus 17452 17474 
follow 17423 17478 17519 
food 17424 17426 17477 17495 17509 17514 17520 
foodgrain 17443 
foods 17434 17509 
foot 17497 
force 17431 17453 17462 17480 17486 
forced 17450 17467 
forceful 17462 
forces 17428 17436 17509 
forecast 17460 17503 17523 
forecasts 17428 17460 17469 
foreign 17428 17429 17430 17431 17436 17438 17448 17450 17452 17456 17458 17460 17462 17474 17475 17490 17505 
foreseeable 17450 
foresees 17428 
form 17434 
formality 17519 
formed 17509 17513 
forms 17452 17518 17520 
forward 17450 17474 
fostering 17420 
found 17431 17452 17497 
foundation 17519 
foundered 17444 
fpc 17504 
frame 17430 
frames 17497 
franc 17485 
france 17456 17503 
francisco 17495 
francs 17466 
frank 17506 
frankfurt 17456 17474 
fraud 17474 
free 17438 17449 17513 
freeze 17423 17434 
freight 17426 
french 17503 
frequent 17490 
fresh 17477 
freshwater 17443 
friction 17449 17460 17475 17511 
friday 17495 17499 17521 
front-runners 17450 
ftc 17431 17452 
fuel 17427 17430 17434 17441 17473 
full 17474 
fully 17457 
functions 17497 
fund 17435 17438 
fundamental 17519 
funds 17435 17438 17470 
fusion 17497 
futre 17497 
future 17419 17450 17474 
futures 17522 
g-7 17450 
gain 17458 17479 
gained 17450 
gains 17454 17456 
gangs 17509 
gary 17497 
gas 17422 17427 17430 17433 17441 17446 17463 17469 17472 17492 17515 17516 
gasoline 17427 17430 17431 
gather 17490 
gatt 17450 
gave 17443 17447 17516 
gc 17457 
gdp 17454 
gdxa.o 17489 
gec 17504 
geer 17433 
gen 17425 
gene.o 17495 
general 17419 17432 17434 17438 17452 17461 17490 17508 
generale 17466 
generally 17474 
generate 17450 
generators 17460 
genetech 17495 
geneva 17485 
genovese 17489 
genrad 17425 
genuine 17456 17462 
georgia 17490 17491 
german 17448 17456 17474 
germany 17456 17458 17477 17514 
germany's 17474 
girozcentrale 17456 
give 17424 17432 17476 
giving 17461 
global 17438 
gm 17441 17446 17463 17472 17490 17508 
gm/lead 17446 
gm/litre 17441 
gmbh 17514 
go-it-alone 17509 
gold 17455 17457 17498 
goldfields 17457 
goldman 17490 17497 
gonzalez 17432 
good 17429 17458 17460 17474 17477 17516 
goodman 17476 
goods 17434 17449 17452 17453 17454 17460 17511 
gov 17521 
government 17423 17426 17429 17430 17431 17432 17433 17434 17438 17449 17452 17453 17454 17456 17458 17477 17509 17511 17522 
governments 17423 17444 
governor 17454 
govette 17488 
gps 17504 
gr 17504 
grade 17446 17457 17463 17490 
grades 17441 17446 
gradually 17443 
grain 17426 17443 17503 17509 17521 
grams 17457 
grandpa 17474 
grant 17450 
granted 17426 17434 17450 17506 
grants 17468 
gravel 17457 
great 17454 
greater 17424 17430 17431 17444 17450 17474 17497 
greece 17456 
green 17433 
grew 17454 
gross 17427 17454 
ground 17477 
grounding 17432 
group 17424 17430 17434 17439 17440 17444 17450 17456 17458 17460 17465 17474 17477 17478 17479 17490 17491 17497 17502 
grow 17438 
growing 17452 17470 17478 
grows 17438 
growth 17420 17432 17452 17454 
growth-oriented 17450 
gsx 17504 
guanajuato 17450 17458 
guang 17429 
guangdong 17443 
guarantee 17435 17438 17458 
guaranteed 17476 
guarantees 17438 
guaranty 17458 
guesstimated 17512 
guesstimates 17512 
guesstimating 17512 
guinea 17457 
gulf 17433 17436 17462 17470 17492 
gunboat 17492 
gurria 17450 
gutzwiller 17485 
h.c.f 17474 
half 17454 
handed 17423 
handful 17461 17497 
hands 17508 
happen 17477 
happened 17477 17478 
hard 17433 17483 
harm 17454 
harming 17454 
harris 17461 
hart-scott-rodino 17506 
hartford 17518 
harvest 17503 
harvests 17477 
haul 17519 
hayashi 17438 
hca 17435 
head 17423 17462 17490 17512 
headlines 17450 
health 17520 
heart 17477 17495 17514 
heaviest 17490 
heavy 17457 17460 17474 17521 
hectare 17443 17503 
hectares 17443 17477 17503 
hedge 17474 
hedging 17474 
held 17471 17510 
helicopter 17464 17467 
helmut 17448 
helped 17456 17460 
helping 17438 
henry 17521 
hertz 17508 
high 17438 17452 17453 17456 17457 17469 17473 17474 17477 17503 17516 
higher 17419 17441 17454 17470 17477 17503 
highest 17444 
highlighted 17474 
highly 17497 
hilke 17452 
hills 17488 
hit 17433 17450 17459 17462 17490 
hitting 17470 
hlt 17504 
hoare 17488 
hodel 17430 17433 
hog 17512 
hold 17419 17449 17497 
holders 17438 17515 
holding 17449 17499 17518 
holdings 17502 17506 
holds 17497 17502 
hole 17456 
holiday 17424 17470 17512 
holiday-shortened 17490 
home 17458 17460 17474 17488 
homes 17521 
hon 17497 
honeywell 17497 
honeywell-nec 17497 
hong 17443 17476 
honor 17480 17486 
hope 17419 17478 
hoped 17453 17499 
hopes 17453 17490 
hoping 17456 
hopwood 17497 
horizon 17454 
hospital 17435 17467 
hospitals 17435 
host 17497 
hotel 17479 
hou 17429 
hours 17472 
house 17490 17512 
houses 17497 17521 
housing 17488 
houston 17422 17429 17433 17482 17513 
houston-based 17422 
hpc 17504 
huayta 17423 
huff 17433 
huge 17438 17474 17497 
hughes 17429 
hurt 17431 17452 17453 17458 
hybrid 17497 
hypertension 17514 
ibj 17465 
ibjt.t 17465 
ibm 17483 
icco 17499 
ichiro 17438 
ichirou 17438 
icreasingly 17433 
idea 17450 17477 
ideal 17448 17497 
ideas 17450 
identified 17423 
iea 17444 
iemura 17453 17460 
iglesias 17450 
ignited 17490 
ii 17482 
illegal 17432 17453 
illegally 17453 
image 17474 
imbalances 17420 
imf 17450 17509 
impact 17452 
imperial 17490 
implemented 17458 
implementing 17420 
implicitly 17450 
import 17430 17431 17449 17460 17473 17509 17511 
important 17419 17432 17454 17478 
imported 17452 17508 
importer 17443 
importing 17443 
imports 17427 17430 17431 17433 17452 17468 17477 
impose 17426 17430 17438 
impoverish 17477 
impressive 17438 
improve 17419 
improved 17460 
improvement 17474 
improving 17474 17488 
inadequate 17502 
incentive 17456 17508 
incentives 17430 
include 17433 17450 
included 17422 17433 17491 17506 
including 17433 17438 17449 17453 17460 17465 17490 17499 17502 17511 17513 
income 17450 17458 17477 
incomes 17478 
increase 17431 17433 17434 17450 17452 17454 17460 17469 17477 17478 17480 17486 17488 17497 17503 17505 17508 
increased 17452 17460 17478 
increases 17429 17434 17480 17486 
increasing 17433 17454 17470 
increasingly 17432 17474 
incumbent 17461 
independent 17435 17444 17453 17469 
index 17442 17451 
india 17516 
indian 17494 
indicating 17425 
indication 17499 
indicator 17454 
indirectly 17456 
indium 17480 17486 
individual 17441 17519 
indonesia 17477 
industrial 17420 17452 17465 
industries 17433 17452 17469 17484 17488 
industry 17429 17431 17433 17438 17441 17446 17452 17455 17472 17474 17477 17497 17499 17519 
industry-specific 17452 
inflammatory 17520 
inflation 17432 17434 17442 17449 17454 17480 17486 17490 
influence 17452 
information 17423 17427 17453 
informed 17426 
ing 17474 
inherent 17488 
initially 17497 17514 
initiatives 17450 
inject 17430 
injured 17467 
injuries 17464 17467 17521 
innovative 17474 17497 
instability 17478 
installed 17497 
institute 17428 17442 17444 17469 17503 
institutions 17497 
instruction 17497 
instructions 17497 
instrument 17438 
instruments 17438 
insurance 17438 17469 17491 
insurer 17438 
insurers 17438 
intelligence 17492 17519 
intend 17477 
intended 17423 
intention 17458 
interbank 17470 
interchanges 17422 
intercrop 17477 
interest 17419 17428 17433 17438 17445 17448 17450 17456 17458 17469 17470 17491 17500 
interested 17433 
interests 17444 17502 
interfere 17436 
interfered 17422 
interference 17431 17436 
interior 17430 17433 17467 
intermittent 17499 
internal 17497 
international 17428 17429 17433 17444 17455 17475 17478 17499 17506 17507 
internationale 17466 
intervention 17428 17436 17448 17503 
interview 17429 17432 17448 17462 17474 17477 
introduce 17444 
introduced 17430 17438 
introducing 17490 
invested 17438 
investigate 17502 
investment 17438 17452 17460 17474 17490 17502 
investments 17438 17490 
investor 17476 17479 17490 17502 
investors 17438 17450 17456 17490 17491 
invitation 17428 
invoke 17458 
involving 17433 
iran 17419 17436 17462 
iran-iraq 17462 
iranian 17436 17462 17492 
iraq 17419 
israel 17454 
israeli 17454 
issuance 17476 
issue 17425 17426 17433 17447 17456 17458 17466 17471 17476 17485 17488 17490 
issued 17490 
issuers 17490 
issues 17454 17456 17476 17480 17485 17486 17490 17505 
issuing 17476 
italian 17505 
italy 17505 
itcf 17503 
items 17449 17509 17511 
itoh 17453 
ivanov 17462 
jaffray 17497 
jaime 17434 
jam 17506 
james 17420 17474 
janata 17426 
january 17519 
japan 17420 17438 17440 17448 17453 17455 17458 17459 17460 17465 17468 17469 17471 17474 17475 17478 17497 17522 
japanese 17419 17420 17438 17453 17468 17469 17474 17475 17478 17497 17522 
jazz 17474 
jeopardize 17430 
jeremy 17499 
jerusalem 17454 
jewelry 17517 
jml 17504 
job 17424 17480 17486 
john 17433 17452 17490 17519 
joint 17419 17438 17457 17497 17506 17519 
jorge 17450 17458 
jose 17477 17502 
joseph 17474 
jr 17433 
judgement 17454 17500 
judgment 17500 
july 17449 17454 17468 17471 17476 17485 17511 17515 
jun 17504 
june 17436 17437 17438 17440 17441 17443 17444 17446 17447 17448 17449 17450 17452 17453 17454 17455 17456 17457 17458 17460 17461 17462 17463 17465 17466 17467 17468 17469 17470 17471 17472 17473 17474 17475 17476 17477 17478 17479 17480 17482 17483 17485 17486 17488 17489 17490 17491 17492 17494 17495 17497 17499 17500 17502 17503 17505 17506 17507 17508 17509 17510 17511 17512 17513 17514 17515 17516 17517 17518 17519 17520 17521 17522 17523 
justification 17502 
justify 17432 
kalbag 17477 
kansai 17475 
karami 17464 17467 
karen 17429 
kasahara 17419 
kaunda 17509 
kaypro 17483 
keeping 17426 
keith 17450 
keizai 17445 17448 17465 
key 17419 17438 
keys 17433 
keystone 17433 
killed 17467 17509 
kimberley 17480 17486 
kina 17457 
kinds 17419 
king 17478 
klt 17504 
km 17516 
kmb 17504 
kmg 17504 
kong 17443 17476 
kono 17438 
korea 17447 17449 17511 
korean 17449 
kpro.o 17483 
kredietbank 17466 
kuenheim 17474 
kurz 17485 
kuwait 17462 17470 
kuwaiti 17436 17470 
kwacha 17509 
kyodo 17453 
l. 17433 
l40 17461 
label 17497 
laboratories 17497 
labour 17432 17452 17461 17509 
labour-intensity 17443 
lack 17444 17452 
laid 17497 
lajous 17478 
lambert 17435 17490 
land 17429 17477 
landesbank 17456 
landing 17467 
landslide 17461 
lanka 17437 17494 
lankan 17494 
lap 17453 
large 17438 17490 
large-scale 17448 
largely 17508 
larger 17438 
largest 17438 17465 17497 17521 
late 17433 17516 17523 
latest 17424 17429 17523 
latin 17428 17450 
launch 17474 17494 
launched 17447 17456 17476 17494 
launching 17485 
law 17456 
laws 17502 17508 
lawsuit 17502 
lawsuits 17422 
lawyer 17422 
lax 17444 
lay 17477 
lay-offs 17434 
lbs 17421 
lce 17504 
lead 17430 17441 17446 17447 17456 17461 17463 17466 17471 17472 17476 17480 17485 17486 17519 
lead-zinc 17480 17486 
lead/zinc 17480 
leader 17497 17506 
leaders 17450 17509 
leading 17423 17431 17456 17474 
leap 17497 
leapfrog 17497 
leapt 17474 
learned 17478 
leasing 17433 
leave 17424 
lebanese 17467 
lebanon 17464 17467 
led 17450 17454 17456 17477 17479 17490 
left 17492 17521 
leg 17436 
legal 17456 
legals 17500 
leigh 17508 
lending 17450 
lenient 17426 
leonel 17423 
lesser 17474 
lessons 17478 
letter 17450 17490 17502 
level 17419 17433 17448 17450 17452 17474 17477 17478 17497 17499 
levels 17428 17431 17448 17477 17478 
levy 17477 
liabilities 17456 17465 
liberalise 17446 
libor 17458 
lichtblau 17519 
liechtenstein 17474 
life 17438 17457 17491 
lift 17509 
lifting 17454 
liftings 17519 
lima 17423 17442 
limit 17449 17511 
limited 17450 17510 
limiting 17431 
limits 17450 17519 17522 
line 17446 17449 17463 17465 17503 17511 
lined 17458 
lines 17430 17458 
link 17450 
linked 17474 17508 
lion 17490 
liquified 17492 
lire 17505 
listed 17469 17476 
listing 17456 
literature 17457 
live 17432 
livestock 17424 17477 
living 17480 17486 
lloyd 17497 
lloyds 17492 
loading 17426 17438 
loan 17435 17450 17468 17490 17505 17508 
loans 17435 17450 17458 17465 17468 
lobbied 17433 
lobby 17477 
local 17424 17426 17429 17430 17472 
locals 17480 17486 
locks 17488 
log 17504 
london 17426 17444 17447 17461 17474 17476 17477 17492 17523 
long 17430 17438 17476 17477 17478 17480 17486 17490 17499 17505 17519 
long-run 17420 17431 
long-term 17431 17438 17522 
longer 17470 
loosening 17480 17486 
los 17430 17515 
lose 17450 17456 
loss 17426 17434 17460 17496 
losses 17438 17457 17460 17474 17521 
lost 17452 17454 
lot 17477 
louisiana 17433 
lovell 17499 
low 17433 17443 17448 17450 17456 
low-pollution 17474 
lower 17441 17446 17449 17456 17460 17469 17497 17509 17511 
lowered 17456 
lowering 17454 17479 
lrt 17504 
lte 17463 
lubbock 17521 
lusaka 17509 
lusinchi 17434 
luxembourg 17466 
luxembourgeoise 17466 
luxury 17474 
macao 17443 
machine 17453 17497 
machinery 17468 
machines 17497 
made 17423 17431 17438 17450 17454 17458 17467 17469 17474 17502 17513 
madison 17520 
madrid 17432 
magazine 17443 17453 17474 
maghreb 17503 
mailed 17502 17515 
main 17480 17486 17509 
maintain 17419 17426 17431 17444 17448 17461 17474 
maintained 17461 17478 
maintaining 17448 17461 
maintenance 17432 17480 17486 
maize 17503 17509 
majeire 17486 
majeure 17480 
major 17420 17422 17438 17443 17469 17474 17475 17497 17520 
majority 17461 
make 17420 17432 17443 17444 17450 17452 17456 17479 17497 
maker 17474 17497 
makes 17488 17506 17513 
making 17431 17502 17518 
malaysia 17477 
management 17424 17438 17453 17476 17505 
manager 17429 17438 17447 17466 17471 17476 17485 17499 
managers 17438 17456 
managing 17438 
mancera 17423 
mandate 17458 
mandates 17456 
maneuvers 17479 
manila 17477 
mannheim 17514 
manuel 17458 
manufacture 17429 
manufacturer 17499 
manufacturers 17474 17497 17499 
manufacturing 17433 17469 17517 
marathon 17433 
marcano 17450 17458 
margaret 17461 
margin 17424 17458 17461 
marginal 17461 
marginally 17516 
marine 17433 17490 
mark 17456 17458 17474 
market 17422 17423 17425 17428 17429 17431 17438 17448 17449 17450 17452 17456 17460 17470 17471 17474 17488 17490 17497 17499 17505 17508 17514 17523 
marketing 17419 17501 17513 17514 17520 
marketplace 17452 
markets 17428 17443 17478 17490 17497 17514 17520 
marks 17456 17474 
mass. 17517 
massachusetts 17428 
massive 17497 
match 17474 
materialized 17450 
matter 17430 17497 
maturing 17438 17471 
maturity 17447 17522 
maximize 17502 
maximum 17499 
mazo 17423 
mb 17483 
mcd 17504 
mcdade 17422 
meal 17477 17509 
meal-feed 17477 
means 17430 17432 17436 17480 17486 
meant 17474 17497 
measure 17434 
measured 17427 
measures 17434 17444 17479 17511 
meat 17424 17477 
media 17474 
medical 17460 
medicines 17514 
medium 17505 
meet 17423 17430 17477 17478 17480 17486 
meeting 17426 17429 17450 17458 17471 17474 17478 17502 17513 
meetings 17423 17450 
melville 17489 
member 17429 
members 17424 17455 17477 17494 
membership 17424 17480 17486 
memorial 17512 
mercantile 17512 
merchants 17434 
merger 17506 17507 17513 
mergers 17452 
met 17423 17434 17450 
metal 17423 17455 
metallurgy 17423 
methods 17443 17499 
metres 17457 17477 17516 
mexican 17423 17450 
mexicanos 17478 
mexico 17423 17433 17450 17458 17478 
michael 17454 
mid-1986 17433 
mid-april 17503 
mid-june 17455 17471 
middle 17454 
midland 17490 
midnight 17472 
miguel 17423 
mild 17514 
mile 17508 
miles 17480 17486 17497 17508 
military 17497 17506 
million 17477 
millions 17443 
mine 17462 17480 17486 
mines 17423 
ming 17429 
minicomputer 17497 
minimum 17522 
mining 17419 17423 17457 
minis 17497 
minister 17423 17432 17436 17450 17458 17461 17464 17467 
ministerial 17450 
ministers 17450 
ministry 17423 17426 17429 17438 17441 17446 17449 17450 17455 17462 17463 17468 17503 17511 
minor 17509 
minute 17497 
mip 17504 
mismanagement 17474 
missed 17492 
mit 17428 
mix 17438 
mixed 17474 
mm 17490 17504 
mmr 17504 
mob 17519 
mobil 17463 17519 
mobile 17521 
model 17474 17483 17497 
models 17482 17483 17497 17508 
moderate 17514 
modernise 17432 
modestly 17419 
moment 17419 17499 
momentum 17431 17456 17490 
monday 17519 
money 17438 17523 
money-fx 17420 17428 17523 
monitor 17506 
monopolistic 17444 
montevideo 17450 
month 17434 17438 17447 17449 17450 17456 17462 17470 17477 17478 17497 
months 17428 17438 17442 17450 17453 17478 17490 17505 17506 17519 
moody 17490 
moratorium 17450 
morgan 17458 17497 
mori 17438 17461 
morning 17492 17502 
morobe 17457 
morocco 17503 
mortality 17495 
mortgage 17490 
moscow 17462 
motoren 17474 
motorists 17508 
motors 17490 17508 
moulds 17477 
move 17426 17433 17446 17450 17455 17458 17470 17474 17497 17499 
moved 17499 
moves 17444 17450 
moving 17519 
mpi 17504 
mrs 17504 
multilateral 17458 
municiple 17433 
munk 17429 
n't 17419 17423 17432 17438 17474 17477 
n.j. 17520 
n.y. 17489 
na 17435 17490 
named 17426 
nasdaq 17517 
nashville 17435 
nat-gas 17422 17430 17492 17516 
nation 17429 17430 17434 17452 
national 17428 17430 17433 17442 17443 17454 17491 17503 
nations 17420 17429 17450 17456 
natural 17422 17430 17515 17516 
ncb 17504 
near-record 17521 
near-term 17433 
nec 17497 
necessity 17434 
needed 17452 
needing 17433 
negative 17456 
negotiate 17458 17513 
negotiated 17480 17486 17513 
negotiating 17453 
negotiations 17424 17444 17450 17480 17486 17519 
nelson 17452 
nervousness 17470 
net 17431 17439 17440 17460 17479 17489 
netherlands 17477 17499 
newer 17508 
newly-industrialised 17460 
news 17429 17453 17454 17460 17474 
newspaper 17420 17445 17448 17462 17497 
nibbling 17499 
nicandros 17433 
nihon 17448 17465 
nine-year 17471 
nipn.t 17497 
nippon 17419 17438 
nomura 17471 
non-broker 17455 
non-callable 17466 
non-ec 17503 
non-food 17477 
non-rescheduled 17458 
non-violent 17494 
nontransferable 17510 
north 17467 
north-west 17516 
northern 17467 17509 17521 
norway 17477 17485 
not-used 17420 17421 17422 17423 17424 17425 17426 17427 17428 17429 17430 17431 17432 17433 17434 
note 17454 17512 
noted 17420 17474 17490 17519 
notes 17456 
notices 17515 
notification 17506 
noting 17457 
november 17438 17454 
novon 17497 
npk 17504 
ns 17491 
nsic.o 17491 
number 17429 17433 17435 17449 17460 17490 17497 17511 17520 
nursing 17450 
nuton 17488 
nutone 17484 17488 
ny 17424 
nyhammer 17492 
nyse 17425 17504 
nyt 17504 
obligations 17519 
obliged 17499 
observers 17509 
obsessed 17490 
obtain 17495 
obtains 17458 
occidental 17515 
occur 17515 17519 
occuring 17514 
ocean 17433 
oceaneering 17433 
oceans 17433 
ocer 17433 
ocs 17433 
octane 17446 17463 17472 
october 17438 17477 17490 
oec 17504 
offensive 17474 
offer 17424 17437 17438 17481 17502 17506 17510 17513 
offered 17480 17486 17508 
offering 17438 17490 17510 
offerings 17490 
offers 17437 17470 
office 17434 17438 17460 17480 17486 
officer 17424 
officers 17506 
official 17423 17426 17429 17443 17446 17449 17450 17455 17460 17462 17467 17478 17503 17511 17519 
officially 17426 
officials 17423 17426 17429 17432 17447 17449 17450 17468 17472 17473 17479 17503 17521 
offset 17434 
offshore 17429 17430 17433 17516 
oil 17419 17427 17429 17430 17431 17433 17441 17446 17452 17458 17463 17469 17473 17477 17478 17516 17519 
oilfield 17429 
oilpatch 17429 
ointment 17520 
oklahoma 17521 
oliver 17431 
once-daily 17520 
one-day 17494 
one-fourth 17477 
one-month 17470 
one-third 17429 17477 
one-year 17470 
ongc 17516 
ongoing 17419 
onic 17503 
opec 17419 17430 17478 
open 17426 17436 
operate 17506 17508 
operated 17457 
operating 17440 17488 17499 
operation 17429 17457 
operations 17474 17497 17498 17499 17505 
operator 17457 
operators 17465 
opinion 17461 
opportunities 17497 
opposed 17431 17434 17477 
opposes 17430 
opposition 17461 17477 
optimisim 17433 
optimism 17429 
optimistic 17433 17474 
option 17458 17476 17506 17510 
options 17426 17438 17497 
orange 17443 
oranges 17443 
order 17449 17450 17454 17461 
ordered 17509 
orders 17433 17474 
ordinary 17488 
ore 17480 17486 
organisation 17461 17503 
organization 17419 17429 17499 
origin 17494 
original 17458 17510 
originally 17477 17478 
orleans 17433 
osamu 17453 17460 
oscar 17422 
ounces 17423 17457 
outbreaks 17509 
outer 17433 
outlets 17419 
outlook 17429 17474 
outpaced 17452 
output 17423 17427 17477 17478 17480 17486 17516 
outstanding 17458 17465 17506 17507 17513 
overbought 17477 
overlifting 17519 
overnight 17470 
overseas 17443 17453 17460 17469 17520 
oversupply 17433 
overturned 17500 
owed 17450 
owned 17435 17506 17519 
ownership 17435 17508 
owns 17435 17479 
oxford 17477 
oxy 17515 
pace 17480 17486 17490 
pacific 17500 
package 17450 
packages 17458 17508 
pact 17480 17486 17514 17519 
paid 17438 17456 
palm 17477 
palm-oil 17477 
panacea 17450 
panama 17428 
panamanian 17492 
panorama 17450 
papaya 17443 
papua 17457 
par 17466 17476 17485 17522 
par-priced 17471 
parallel 17497 
parallism 17497 
parent 17453 17460 17497 17500 17518 
paribas 17466 
paris 17503 
parliamentary 17461 
part 17433 17443 17457 17509 17516 
participants 17490 
participate 17429 
parties 17502 
partners 17479 17514 17519 
parts 17443 17477 
party 17432 17461 
passed 17508 
past 17454 17457 17490 
path 17454 
patrol 17509 
patrolled 17509 
patterns 17497 
pay 17426 17434 17435 17450 17454 17476 17479 17507 
pay-out 17485 
paying 17450 
payment 17466 17471 17476 
payments 17450 17458 
payroll 17497 
pc-compatible 17483 
pca 17477 
peace 17454 
peak 17429 
peking 17443 
pemex 17478 
penalty 17426 
pending 17422 
percentage 17438 17449 
perceptibly 17444 
perception 17433 
perform 17497 
performance 17433 17438 17474 
period 17426 17427 17438 17442 17456 17476 17499 17505 17506 
permanent 17450 
personal 17460 17497 
persuaded 17477 
peru 17423 17442 
peruvian 17423 
pessimistic 17474 
peter 17433 
petrol 17441 17446 17463 17472 
petroleos 17478 
petroleum 17419 17427 17429 17431 17433 17446 17473 17510 17515 17519 
pfennig 17456 
phase 17456 
phenomena 17452 
philadelphia 17514 
philip 17452 
philippine 17477 
philippines 17450 17477 
phillips 17474 
photographic 17449 
physical 17497 
picinich 17490 
pilot 17467 
pin 17504 
pinned 17474 
pipe 17433 17449 
pipeline 17422 17515 
piper 17497 
pittsburgh 17500 
piw 17519 
pl 17421 
place 17428 17443 17458 17490 
placement 17466 17471 
placer 17457 
placid 17433 
plan 17422 17433 17435 17445 17448 17450 17518 
planes 17432 
planned 17458 17478 
planning 17419 
plans 17447 17450 17458 17474 17479 17497 17516 
plant 17458 17460 17468 
planted 17477 17503 
planting 17477 
plantings 17503 
plasminogen 17495 
plateau 17516 
platforms 17433 
playing 17474 
plc 17475 17476 17488 
pledged 17436 
pledges 17432 
pm-korea-tariff 17511 
pm-spain 17432 
png 17457 
point 17438 17450 17456 17470 17474 17522 
point-of-sales 17460 
pointed 17474 
points 17449 17451 17490 17522 
poised 17456 
police 17453 17509 
policies 17420 17423 17438 17450 17452 
policy 17423 17425 17448 17449 17474 17511 
political 17454 17458 
politically 17509 
politicians 17454 
poll 17461 
polling 17461 
pollution 17433 
polysaturated 17477 
poor 17469 17490 
poorer 17469 
pop 17504 
population 17477 
porsche 17474 
port 17467 
portable 17482 
portion 17491 
position 17428 17444 17450 17477 17502 
positive 17505 
possibility 17478 
possibly 17457 
poultry 17424 
pounce 17490 
power 17434 17447 17468 17469 17490 17497 
powerful 17436 17478 
pr 17504 
practice 17454 
practices 17444 17452 
prayer 17494 
pre-payments 17515 
precious 17423 17455 
precisely 17450 
predecessor 17500 
predict 17454 17474 
predicted 17428 
predicting 17474 17497 
predicts 17428 17474 
prefer 17419 
preference 17488 
preferred 17435 
prejudgment 17500 
preliminary 17423 17503 
premature 17503 
premium 17438 17456 17476 
premiums 17438 
prepare 17480 17486 
present 17456 17502 
president 17420 17423 17433 17434 17436 17448 17460 17478 17497 17506 17509 17521 
presidents 17450 
press 17433 17448 17453 17494 
pressed 17480 17486 
pressure 17458 17475 17477 
pretax 17440 
prevailing 17450 
prevent 17430 17436 17509 
preventing 17428 17514 
previous 17441 17457 17458 17469 17472 17490 17516 
previously 17435 17441 17446 17463 17515 17518 
price 17419 17423 17426 17429 17434 17442 17446 17449 17471 17476 17478 17485 17490 17497 17499 17508 17509 17519 17522 
priced 17429 17466 17476 17490 17497 
prices 17419 17422 17423 17429 17430 17433 17434 17438 17441 17442 17443 17446 17452 17460 17463 17469 17472 17477 17478 17482 17483 17499 17507 17509 17519 
pricing 17419 17443 17446 17476 17490 
primary 17434 17456 
prime 17432 17461 17464 17467 
primitive 17443 
principal 17450 
principle 17457 
prior 17508 
priority 17438 
private 17423 17434 17454 17458 17466 
privately 17458 
pro-government 17426 
probable 17423 
problem 17450 17452 17474 17497 
problems 17432 17458 17474 
procedures 17494 
proceed 17419 
proceedings 17422 
process 17430 17450 17477 17497 
processing 17477 17480 17486 17497 17506 
processor 17499 
processors 17460 17497 17499 
procurement 17453 
produced 17457 17480 17486 17516 
producer 17423 17478 
producers 17431 17434 17474 17503 
producers' 17503 
producing 17430 17432 17474 17477 
product 17454 17477 
production 17422 17423 17427 17429 17430 17469 17477 17478 17480 17486 17494 17516 
productive 17452 17457 
productivity 17443 
products 17427 17433 17449 17452 17477 17480 17486 17488 17497 17499 17514 
profile 17474 
profit 17460 17469 17474 17496 
profitable 17443 17456 
profits 17419 17430 17431 17444 17469 17474 
program 17433 17454 17477 17509 
programme 17454 17474 
programs 17431 
progressively 17457 
project 17475 
projected 17514 
projects 17429 17433 
promise 17497 
promised 17494 
promote 17420 
prompted 17429 17450 
promptly 17506 
propel 17497 
propelled 17490 
proper 17454 
properly 17477 
proposal 17522 
proposals 17431 17444 17450 
proposed 17422 17450 17477 17522 
proposes 17522 
proposing 17433 
prorated 17506 
prospect 17450 
prospecting 17457 
prospects 17516 
prospectus 17456 
protect 17423 17436 17444 17452 17502 
protected 17474 
protectionist 17450 17452 17477 
protest 17450 17494 
protests 17432 
provide 17429 17433 17435 17495 17497 
provided 17422 17523 
province 17443 17457 
provisional 17505 
provisions 17474 
provoke 17509 
prudential 17438 
pshg.f 17474 
pte 17446 17463 17472 
public 17425 17434 17438 17450 17454 17458 17461 17471 17505 17522 
publications 17519 
publish 17474 
published 17462 
published-testset 17420 17421 17422 17423 17424 17425 17426 17427 17428 17429 17430 17431 17432 17433 17434 
pulbishing 17483 
pump 17441 17446 17463 17472 
purchase 17421 17488 17513 17519 
purchased 17513 
purchasing 17434 17500 
pursuit 17479 
push 17444 17450 17454 
pushed 17454 
put 17420 17428 17450 17461 17474 17475 17476 
putting 17477 
qtr 17489 17496 
qualify 17450 
qualities 17474 
quality 17474 
quantity 17474 
quarter 17434 17435 17474 17478 17519 
question 17450 
questions 17420 
quick 17426 
quicker 17431 
quickly 17438 17444 
quiet 17456 
quotas 17452 
quoted 17433 17448 17522 
quoting 17453 
race 17490 
radar 17506 
rains 17521 
raise 17419 17428 17430 17431 17438 17450 17458 17463 17466 
raised 17430 17433 
raises 17428 17463 
raising 17452 17466 17513 
ramadan 17470 
ran 17511 
range 17474 
ranged 17509 
ranging 17431 17434 
ras 17492 
rashid 17467 
ratcliffe 17456 
rate 17426 17432 17434 17438 17448 17454 17458 17460 17470 17509 
rate-nihon 17445 
rated 17490 
rates 17420 17428 17438 17448 17450 17452 17456 17469 17470 17474 
rating 17458 
ratio 17443 17450 
rb 17433 
rbc 17466 17504 
re-examine 17457 
re-exported 17452 
reach 17432 17454 17497 
reached 17458 17488 17506 17516 
react 17438 
reaction 17450 17460 
reading 17433 
reagan 17420 17431 17436 17521 
real 17454 
realizing 17488 
rearranged 17519 
reason 17497 
reasonable 17419 
reasoning 17423 
reasons 17502 
reassured 17474 
receivables 17490 
receive 17438 17507 
received 17435 17522 
recent 17427 17433 17450 17456 17469 17474 17490 
recently 17458 17490 17499 
receptor 17514 
recession 17465 
recieve 17488 
recognize 17497 
recognized 17450 
recognizes 17428 
recommendation 17502 
recommended 17495 
record 17451 17452 17459 17474 17503 17508 17510 
record-breaking 17474 
recovered 17457 
recoveries 17490 
recovering 17433 
recovery 17460 17469 17490 
recycle 17469 
red 17521 
redeemptions 17515 
reduce 17420 17431 17432 17449 17452 17458 17509 17511 
reduced 17419 17458 17460 17469 17470 17483 17512 
reducing 17420 
reductions 17509 
reed 17429 
referred 17456 
referring 17474 17490 
refers 17457 
refinancing 17450 
refiners 17431 17469 
refinery 17427 
refining 17419 
reflected 17460 
reform 17443 17477 
reforms 17420 
refuge 17430 17433 
region 17436 17443 17450 17509 
region's 17450 
regional 17450 17462 
registered 17515 
registration 17490 
registrations 17474 17520 
regular 17438 
regulation 17431 
regulations 17446 17452 17463 17494 
regulators 17522 
reinforcements 17509 
reinhard 17474 
reitman 17474 
reject 17502 
rejected 17424 17480 17486 17502 
rejects 17424 17480 17481 17486 17502 
rel 17502 
relationship 17419 17452 17474 
relative 17452 17456 
relaxation 17444 
released 17434 17503 
relevant 17478 
reliance 17502 
relief 17450 17521 
reluctant 17450 17499 
remain 17419 17424 17456 17474 17478 17499 17508 
remains 17470 17478 17490 17495 
remarked 17490 
remarks 17478 
remote 17429 17450 
removal 17449 
remove 17460 17479 
renegotiate 17450 17458 
renegotiation 17519 
renegotiations 17519 
renison 17457 
rental 17479 
reopening 17480 17486 
reorganization 17422 17435 
repaid 17458 
repay 17450 
repaying 17458 
repayment 17465 
repeal 17430 
repeated 17461 
repetition 17478 
replace 17509 
report 17427 17438 17444 17452 17453 17454 17460 17465 17474 
reported 17426 17429 17448 17457 17474 17506 17515 17521 
reporters 17436 
reports 17474 
representation 17502 
representative 17480 17486 
representatives 17512 
representing 17424 17480 17486 
represents 17497 
republicbank 17490 
request 17434 
requested 17425 17480 17486 17513 17522 
requests 17455 
require 17419 
requirement 17505 
requirements 17430 
requires 17429 
rescheduling 17458 
research 17428 17452 17460 17469 17477 17497 17503 17519 
reserve 17433 
reserves 17429 17431 17450 17459 
residents 17509 17521 
residual 17427 
resignation 17502 
resigned 17502 
resist 17444 
resolve 17430 
resounding 17432 
resources 17429 17450 17457 17490 
response 17434 17455 17462 
responsibility 17514 
responsible 17433 
rest 17429 17477 
restore 17458 
restrictions 17452 
restructured 17458 
restructuring 17435 17450 17458 
result 17461 17479 17503 
resulted 17426 
resulting 17490 17507 
results 17438 17460 17474 
retail 17419 17483 17508 
retails 17483 
retain 17507 
retained 17513 
retains 17498 
retaliate 17462 
retirement 17438 17515 
return 17456 17473 17474 
return-minded 17438 
returned 17470 17521 
returns 17438 17469 
revaluation 17509 
revenues 17419 17431 17480 17486 17497 17505 
reverse 17508 
revert 17519 
review 17443 17450 17478 
revise 17446 17458 17472 
revised 17441 17458 
revises 17446 
revising 17458 
revision 17446 
revive 17456 
reviving 17456 
revolving 17435 17476 
reynolds 17513 
rgc 17457 
rgfj.s 17457 
rig 17429 
rights 17494 17499 17510 
rigid 17477 
rigs 17429 17433 
rioting 17509 
riots 17509 
rise 17429 17434 17442 17450 17454 17456 17460 17465 17469 17474 17477 
risen 17477 
rises 17449 17451 17452 
rising 17433 17450 17452 17474 
risk 17438 
rivers 17521 
roadblocks 17509 
robert 17502 
rocket 17492 
rogaland 17485 
rome 17505 
romero 17477 
ronald 17433 
rooney 17474 
root 17477 
rose 17427 17438 17442 17449 17454 17460 17490 17506 17508 
rotterdam 17499 
royal 17433 17466 
rpt 17457 17490 
rs 17485 
rubber 17455 
rudiger 17428 
rules 17452 17474 17480 17486 
rumors 17425 
run 17438 17508 
runs 17427 
rupees 17437 
s. 17433 
sa 17466 
sachs 17490 17497 
safer 17444 
sagging 17429 
salaries 17434 
sale 17433 
sales 17419 17422 17423 17429 17433 17438 17440 17460 17469 17474 17489 17497 17506 17508 
salomon 17490 
same-maturity 17490 
same-rated 17490 
sample 17508 
san 17490 17495 17502 
santa 17497 
satisfied 17448 
saturday 17449 17453 
saudi 17419 17478 17519 
saudi-arabia 17519 
saudis 17519 
saves 17456 
savings 17490 17518 
sbo 17504 
scale 17516 
scandal 17474 
sceptical 17474 
schedule 17426 17519 
scheduled 17423 17426 17478 17490 17520 
scheme 17477 
schemes 17450 
schering-plough 17520 
schlesinger 17445 17448 
schuldschein 17456 
science 17433 
scrambled 17470 
sdr 17499 
sdrs 17499 
sea 17429 
sealanes 17436 
seat 17467 17474 
seats 17461 
seattle 17506 
sec 17490 
secondary 17450 
secrecy 17444 
secretary 17420 17430 17433 
secretiveness 17444 
section 17469 17497 
sector 17423 17428 17434 17458 17469 17474 17505 
secured 17435 
securities 17447 17471 17484 17490 17502 17506 
security 17431 17433 17488 17491 
seek 17426 17456 17458 17479 17500 
seeking 17458 17488 17497 17502 
seeks 17501 
sees 17495 
segments 17497 
sell 17422 17473 17483 17488 
sellers 17491 
selling 17476 17490 17499 
sells 17484 17488 
semiconductor 17460 
semiconductors 17460 
send 17456 
senior 17426 17428 17435 17450 17453 17460 
sensitive 17430 
sentiment 17499 
seoul 17447 17449 17511 
separate 17435 17438 17480 17486 17519 
separately 17450 
september 17421 17450 17465 17474 17503 
sequentially 17497 
series 17474 17515 
service 17433 17450 
services 17444 17452 17475 
set 17438 17441 17446 17450 17457 17471 17472 17474 17476 17478 17494 17507 17509 17521 
setback 17474 
setbacks 17450 
sets 17515 
setting 17468 
settle 17422 
settlement 17422 17438 
settling 17422 
seven-hectares 17477 
severance 17434 
severe 17521 
sgp 17520 
shafi 17426 
shaping 17438 
share 17438 17452 17471 17474 17476 17479 17487 17490 17491 17501 17502 17506 17507 17508 17510 17513 
shareholder 17479 17488 
shareholders 17479 17488 17506 17507 17510 17513 
shares 17488 17491 17506 17507 17510 17513 
sharp 17429 17454 17460 17469 17477 17490 
sharply 17430 17470 17511 
shearson 17498 
shelf 17433 17490 
shell 17433 17472 
shelters 17521 
shelve 17465 
shift 17438 17497 
shifting 17452 
shifts 17438 17452 
shimbun 17420 17465 
ship 17421 17426 17436 17462 17492 
shipment 17426 
shipments 17453 17497 
shipped 17426 17473 17497 
shipping 17465 17492 
ships 17462 
shops 17509 
short 17460 17499 
short-run 17420 
short-term 17438 17448 17470 
shorter 17456 
shortfall 17452 
shortly 17515 
show 17454 17477 
showed 17438 17461 17477 17505 17508 
showing 17433 17444 
shows 17508 
shr 17440 17489 17496 
shrontz 17506 
shrugged 17474 
shun 17490 
shut 17470 17480 17486 
sick 17424 
side 17474 
sidelines 17490 
sides 17477 
siess 17433 
sign 17474 17509 
signal 17506 
signaled 17490 
signals 17506 
signed 17426 17473 17476 17507 17514 17519 
significant 17428 17452 17502 
significantly 17474 17506 
signs 17433 
silo 17426 
silver 17423 
similar 17419 17480 17486 17511 
simply 17499 
simulate 17497 
singapore 17441 17446 17463 17472 
single 17438 
sites 17480 17486 
sitting 17430 17477 17490 
situation 17497 
six-billion 17475 
six-year 17447 17466 
size 17497 
skb 17514 
skin 17520 
sklk.t 17471 
sky-high 17444 
skylark 17471 
slated 17490 
slaughter 17512 
slide 17474 
slightly 17433 17474 17508 
slipping 17508 
slm 17504 
slower 17432 
slowly 17478 
smaby 17497 
small 17490 17497 17509 
smelter 17480 17486 
smith 17508 
smithkline 17514 
sns 17504 
soap 17509 
soaring 17428 
social 17461 
socialist 17432 
society 17433 17518 
socs.o 17518 
soft 17503 
soften 17478 
solana 17483 
sold 17429 17446 17463 17490 
solid 17474 
solutions 17450 
solve 17497 
sony 17438 
sophisticated 17438 
sought 17424 17449 17519 
source 17420 17475 
sources 17430 17438 17456 17458 17464 17467 17494 17499 17519 
south 17422 17429 17443 17449 17495 17511 
south-korea 17449 17511 
southern 17490 17510 
soviet 17453 17462 17473 
soybean 17477 
space 17477 
spain 17432 17474 
spaniards 17432 
spanish 17474 
sparebanken 17485 
sparked 17508 
sparkling 17438 
spc 17446 17463 
speakers 17497 
speaking 17450 17458 
special 17488 17499 17502 
specialise 17438 
specialized 17497 
specific 17497 
spectra-physics 17481 17502 
speculation 17450 
speed 17473 17494 17497 
speeding 17431 
spell 17497 
spending 17433 17457 17460 17474 17477 17505 
spin 17435 
split 17504 
spoke 17428 
spokesman 17423 17465 17475 17494 17499 17508 17516 
spokeswoman 17463 
sponsor 17428 
sporty 17474 
spot 17422 
spotlight 17450 
spots 17429 
spr 17427 
spread 17450 17456 17458 
spreads 17450 
spudded 17516 
spy 17502 
square 17477 
srd 17433 
sri 17437 17494 
sri-lanka 17437 17494 
stabilised 17516 
stability 17419 17420 17448 17454 
stabilize 17456 
stabilized 17433 
stable 17448 17450 17456 17477 17490 
stage 17503 
staid 17474 
stake 17491 
standard 17433 17477 17490 17497 
standards 17477 
standing 17456 
stanley 17497 
staple 17509 
start 17477 
started 17499 
starting 17458 17474 17516 
startup 17497 
starvation 17497 
state 17431 17478 17497 17500 17521 
state-backed 17456 
state-owned 17516 
stated 17502 
statement 17425 17431 17457 17471 17475 17490 17494 17506 
states 17420 17426 17429 17430 17449 17452 17453 17462 17511 
statistics 17442 
status 17427 
statutory 17456 
stavanger 17485 
stay 17477 17499 
steady 17419 17428 17470 
steel 17458 17468 17500 
steelworkers 17480 17486 
steep 17429 17465 
stem 17470 
step 17499 
stephen 17474 
stepping 17462 17477 
steps 17502 
steroid 17520 
stg 17476 17523 
stimulate 17430 
stock 17425 17435 17438 17451 17469 17471 17479 17497 17499 17502 17504 17506 17507 17510 
stockholders 17502 
stocking 17477 
stocks 17438 17503 17504 
stood 17474 
store 17450 
stores 17489 
story 17474 
strategic-metal 17480 17486 
strategies 17438 
strategy 17432 17450 17509 
stratospheric 17497 
street 17479 17490 17497 
streets 17509 
strength 17469 17474 
strengthen 17419 
strenuously 17433 
stressed 17474 
stretched 17450 
strike 17480 17486 17494 
striking 17454 
stroke 17450 
strong 17438 17444 17456 17474 
stronger 17420 
structural 17420 17519 
structures 17516 
study 17431 17452 17455 17474 17508 
subject 17441 17488 17491 17506 
submission 17514 
submitted 17450 17514 17520 
subordinated 17435 
subscribing 17510 
subscription 17485 
subsequently 17492 
subsidiaries 17465 17488 
subsidiary 17433 17453 17466 17475 17497 17506 17515 
subsidies 17452 17454 17509 
substantial 17429 
substitute 17477 
succeeded 17479 
success 17419 17454 17456 
successes 17454 
successful 17457 
successive 17477 
sued 17422 
suffered 17474 
suffering 17474 
sugar 17443 17509 
sugarcane 17443 
suggest 17453 
suisse 17476 
suit 17500 
sullivan 17480 17486 
summer 17432 17456 
summit 17450 17456 
sun 17477 
sunday 17426 
sunnyvale 17506 
super 17497 
supercomputer 17497 
supercomputers 17497 
supercomputing 17497 
superiority 17474 
supermicrocomputers 17483 
superminicomputers 17497 
superpower 17436 
superpowers 17436 
supers 17497 
supplied 17427 
supplier 17426 
suppliers 17426 17433 
supplies 17430 
supply 17443 17478 
support 17422 17428 17430 17477 17499 
supporting 17452 
supportive 17433 
supports 17430 
supranational 17456 
surge 17490 
surging 17478 
surplus 17449 17511 
surprise 17503 
surprising 17503 
surrendered 17438 
survey 17461 17508 
surveyed 17469 
survive 17438 
suspended 17423 17494 
suspending 17423 
suspension 17423 17470 
suspicion 17453 
sustain 17478 
sustaining 17420 
swap 17456 
swaps 17456 
sweep 17461 
sweeping 17509 
swelling 17452 
swiss 17485 
switch 17456 
switched 17443 17474 
switzerland 17485 17490 
sydney 17457 17476 
sylhet 17468 
symbol 17517 
syndicate 17435 17456 17490 
syndicates 17490 
system 17443 17483 17497 
systems 17460 17497 17506 
t-bills 17437 
tabluated 17490 
tactics 17499 
tags 17497 
tailings 17457 
taka 17426 
takes 17523 
taking 17455 17456 17490 
talk 17477 
talks 17423 17453 17458 17502 
tanker 17462 17465 
tankers 17433 17436 
tanura 17492 
tappmeyer 17433 
target 17432 
tariff 17431 17449 17511 
tariffs 17431 17449 17452 17511 
tax 17430 17438 17474 17477 17508 17513 
taxes 17449 17511 
tbc 17506 
tcjca.o 17517 
tea 17494 
technical 17474 17480 17486 
technologically 17433 
technologies 17433 17497 
technology 17428 17433 17453 17474 17497 
technology/supercomputer 17497 
telecommunication 17460 
telephone 17509 
televised 17434 
television 17432 17460 17461 
temples 17494 
ten 17433 
tended 17477 
tendency 17477 17478 
tender 17437 17481 17502 17506 
tendered 17506 
tenn. 17435 
tension 17454 17470 
tentative 17480 17486 
tentatively 17490 
term 17430 17435 17477 17505 17519 
terminal 17475 
terms 17438 17450 17458 17468 17476 17478 17507 17519 
test 17435 17436 17437 17438 17439 17440 17441 17442 17443 17444 17445 17446 17447 17448 17449 17450 17451 17452 17453 17454 17455 17456 17457 17458 17459 17460 17461 17462 17463 17464 17465 17466 17467 17468 17469 17470 17471 17472 17473 17474 17475 17476 17477 17478 17479 17480 17481 17482 17483 17484 17485 17486 17487 17488 17489 17490 17491 17492 17493 17494 17495 17496 17497 17498 17499 17500 17501 17502 17503 17504 17505 17506 17507 17508 17509 17510 17511 17512 17513 17514 17515 17516 17517 17518 17519 17520 17521 17522 17523 
testing 17433 17497 
texaco 17519 
texas 17422 17500 17513 17521 
thatcher 17461 
thing 17428 17432 
things 17497 17502 
thinking 17497 
thomas 17422 
thorndyke 17497 
thought 17450 17474 
thousands 17494 
threat 17477 
threatened 17521 
three-day 17428 17494 
three-month 17437 
three-year 17480 17486 
thromboxane 17514 
thursday 17521 
ticker 17517 
tight 17470 
tii 17504 
time 17419 17429 17430 17433 17434 17438 17448 17454 17458 17474 17490 17497 17499 
times 17438 17461 
tissue 17495 
tjca.o 17517 
tka 17504 
tlr 17504 
tobacco 17449 17511 
tocom 17455 
today 17419 17425 17426 17430 17435 17441 17446 17449 17456 17463 17470 17471 17479 17494 17497 17509 17511 17517 17523 
today's 17512 
tokyo 17438 17440 17448 17451 17453 17455 17460 17465 17469 17471 17475 17478 
told 17423 17426 17429 17432 17436 17438 17448 17453 17454 17455 17458 17460 17462 17475 17478 17499 
tomorrow 17490 
tomorrow-next 17470 
tonight 17434 17472 
tonne 17426 17457 17499 17503 
tonnes 17426 17429 17443 17477 17499 17503 17516 
tons 17473 17480 17486 
tool 17429 17497 
tools 17433 
top 17453 17474 
top-flight 17490 
topical 17520 
topping 17438 
tories 17461 
tornadoes 17521 
toshiba 17439 17440 17453 17460 
total 17429 17438 17443 17455 17456 17457 17458 17460 17468 17477 17497 17499 17508 17516 17523 
totalled 17456 17460 17480 17486 17505 
totalling 17505 
totally 17426 17477 
totals 17499 
touch 17477 
tour 17436 
town 17467 17517 
towns 17509 
tracts 17433 
trade 17420 17431 17441 17446 17449 17450 17452 17455 17458 17460 17478 17494 17511 17522 
trader 17490 
traders 17470 17477 17479 17490 17499 17512 
trading 17450 17497 17522 
trail 17480 17486 
tranches 17456 
transaction 17435 17488 17507 17513 
transamerican 17422 
transamerican's 17422 
translated 17461 
transport 17422 
transportable 17483 
transportation 17422 
trauma 17478 
traveller 17444 
tread 17454 
treasurers 17490 
treasuries 17490 
treasury 17420 17437 17490 17505 
treat 17514 
treated 17450 17458 
treating 17495 
trees 17477 
trend 17423 
tripoli 17467 
troops 17509 
trouble 17509 
troy 17423 
true 17497 
trx 17504 
tsba.t 17440 17453 17460 
tumbling 17478 
tunisia 17503 
turf 17474 
turn 17474 
turnaround 17433 
turned 17508 
tv-am 17461 
twister 17521 
two-to-five 17430 
two-week 17456 
two-year 17480 17486 
tx 17519 
type= 17439 17445 17451 17459 17464 17481 17484 17487 17493 17496 17498 17501 17504 
typical 17477 17508 
u.k 17523 
u.k. 17461 17476 
u.s 17427 17430 17438 17452 17453 17460 17474 17477 17490 17495 17508 17514 
u.s-based 17475 
u.s. 17419 17421 17427 17428 17429 17430 17431 17433 17438 17444 17449 17452 17453 17460 17473 17474 17475 17476 17490 17497 17500 17503 17504 17508 17510 17511 17514 17520 
uae 17436 
uccel 17493 17507 
uce 17507 
ufcw 17424 
uk 17444 17461 17476 17492 17523 
ultimate 17429 
unable 17450 
unavailable 17479 
unaware 17426 
uncertain 17419 
uncertainty 17456 
unchanged 17423 17474 
uncomfortably 17474 
underlift 17519 
undermine 17431 
understand 17432 
understood 17453 
underway 17514 
underwrite 17458 
underwriter 17490 
underwriters 17490 
underwriting 17456 17476 
underwritten 17488 
unemployed 17509 
unfair 17502 
unhappy 17499 
unintentional 17474 
union 17424 17452 17453 17473 17480 17486 17490 17494 17500 17503 
unit 17474 17475 17476 17490 
united 17420 17424 17426 17429 17436 17449 17452 17462 17480 17486 17511 
units 17484 17488 17497 17508 
unity 17454 
university 17428 17497 
university's 17477 
unjustified 17500 
unp 17500 
unprecedented 17508 
unpredicatble 17497 
unpredictable 17497 
unproc 17504 
unrest 17432 
unsecured 17422 17435 17471 
unsolicited 17502 
unspecified 17465 
unstable 17423 
unusual 17425 
up-market 17474 
updated 17474 
upstream 17419 
upward 17423 
urged 17444 
urgent 17444 
uruguay 17450 
usda 17503 
uss 17500 
ussr 17453 17462 17473 
usual 17509 
usx 17433 17500 
utilities 17469 
utility 17469 17490 
valley 17457 
valor 17488 
valued 17421 
values 17457 17488 
vancouver 17480 17486 
variable 17438 
variables 17438 17497 
vary 17443 
varying 17450 
vda 17474 
veg-oil 17477 
vegetable 17477 
vegetables 17443 
vehicle 17479 
vehicles 17490 
velayati 17436 
venalum 17458 
vendors 17497 
venezuela 17434 17450 17458 
venezuelan 17434 
venice 17450 17456 
venture 17438 17457 17497 
ventures 17419 
version 17474 
versus 17512 
vessel 17492 
vice 17433 17460 17478 
vice-president 17453 
victims 17495 
victory 17432 
vienna 17478 
view 17425 17426 17454 17474 
views 17474 
vilates 17502 
violate 17434 
violence 17432 17462 
violent 17432 17462 
virginia 17490 
virtually 17490 17497 
visit 17477 
visited 17490 
visiting 17436 
volatile 17428 17509 
volkswagen 17474 
volume 17456 17478 17508 17519 
volumes 17508 17519 
voluntary 17450 
von 17474 
vote 17480 17486 
voted 17480 17486 17502 
votes 17432 
voting 17494 17510 
vowg.f 17474 
vulnerable 17474 
vw 17474 
wage 17434 17480 17486 
wages 17454 
waiting 17433 17490 17499 17506 
wako 17469 
wall 17479 17490 17497 
walman 17429 
wang 17507 
war 17419 17462 
warfare 17506 
warn 17474 
warned 17436 17454 
warning 17477 
warns 17420 
warrants 17435 17488 
washington 17420 17421 17427 17431 17449 17452 17511 17522 
washita 17521 
water 17429 17433 
waters 17433 
wave 17432 
ways 17477 17497 
wbo 17504 
weak 17429 17474 
weakened 17419 
weaker 17460 
weapons 17497 
weather 17426 17497 
wedd 17488 
wednesday 17470 
week 17423 17429 17433 17450 17453 17456 17461 17473 17479 17490 17492 17497 17509 17512 17515 17521 
weekend 17476 17521 
weekly 17427 17453 17519 
weeks 17427 17490 
weighing 17431 
wells 17433 17435 17516 
werke 17474 
werner 17474 
west 17448 17456 17458 17474 17477 17514 
west-germany 17456 17474 
westdeutsche 17456 
western 17429 17475 
wet 17477 
wheat 17426 17503 17521 
whet 17490 
whittaker 17496 
wholesale 17441 17449 
wholesalers 17424 
wholly 17506 
wholly-owned 17466 
widely-forecast 17433 
widen 17449 
widespread 17432 
wil 17507 
wildlife 17430 17433 
wilfredo 17423 
williams 17474 
wilson 17424 
win 17450 17461 
windfall 17430 17469 
window 17470 
wing 17497 
wins 17475 
wiring 17497 
wirtschaftswoche 17474 
withdraw 17422 
withholding 17438 
witter 17513 
wlc 17504 
wo 17423 17474 17477 
won 17432 17458 
word 17460 
work 17432 17452 17475 17495 17497 17514 
work-to-rule 17432 
worked 17458 
workers 17424 17434 17480 17486 17494 
working 17423 17429 17433 
works 17423 17428 
workstations 17460 
world 17419 17420 17423 17429 17433 17444 17450 17452 17453 17465 17469 17477 17497 
world's 17428 
worldwide 17497 
worries 17490 
worth 17437 17453 17465 17473 17477 17479 
wre 17504 
write-off 17465 
writedown 17506 
writing-off 17450 
written 17420 17452 17465 
wrongly 17422 
wrote 17474 
wyatt 17422 
xianglin 17429 
xon 17519 
yale 17484 17488 
yarn 17449 
yates 17429 
year-ago 17427 17474 17477 17506 
year-end 17428 
year-on-year 17460 
year-to-date 17427 
yearly 17508 
years 17422 17430 17433 17450 17454 17456 17458 17460 17468 17469 17474 17477 17497 17508 17516 
yen 17438 17439 17440 17447 17460 17465 17468 17469 17471 17474 17475 17522 
yesterday 17424 17428 17502 17521 
yield 17456 17476 17490 17503 
yielded 17516 
yielding 17490 
yields 17438 17456 17490 17503 
york 17424 17425 17426 17450 17479 17490 17507 17519 
yoshiko 17438 
young 17497 
youths 17509 
yuan 17443 
zambia 17509 
zambian 17509 
zb 17480 
zhai 17429 
zinc 17480 17486 
zoete 17488 
