'll 17070 
****** 17044 17045 17046 
-3r 17032 
-3rd 17034 
-apro 17113 
-b.c.-wo 17109 
-bangemann 17119 
-cites-l 17100 
-completes-f 17029 
-executives 17012 
-increases 17124 
-intro 17009 
-isuzu-in-u.k.-tru 17094 
-launches-syst 17026 
-may-iss 17008 
-names-new 17002 
-net-drop 17096 
-phibro-e 17133 
-raises-he 17102 
-restructure 17130 
-sets-ne 17086 
-submits-h 17108 
-ti 17014 
-to-sell-o 17015 
-to-supply 17125 
-toyota-joint 17116 
-unit-chairm 17019 
-v 17016 
/author 17018 17023 17036 17070 17083 
0.05 17027 
0.2 17027 17077 17091 17101 
0.20 17011 
0.25 17011 
0.27000 17018 
0.27095/129 17018 
0.3 17091 17101 
0.4 17091 17098 17128 
0.5 17042 17074 17101 
0.50 17102 
0.6 17027 
0.66695 17007 
0.66695-0.68 17007 
0.6684 17007 
0.66845 17007 17118 
0.66845-0.6840 17007 
0.6689 17007 
0.6693 17007 
0.67025 17007 
0.6713 17007 
0.6718 17007 
0.6719 17007 
0.6723 17007 
0.67275 17007 
0.6735 17007 
0.6759 17007 
0.6789 17007 
0.68 17007 
0.6819 17007 
0.6840 17007 
0.7 17085 17091 
0.8 17085 
0.9 17091 
0011 17044 
0012 17045 17046 
0036 17028 
0038 17022 
0039 17132 
0041 17016 
0043 17021 17031 
0044 17032 
0053 17006 17035 
0054 17002 
0058 17025 
0059 17005 17127 
0061 17124 
0062 17095 
0064 17102 
0065 17019 17129 
0067 17133 
0068 17052 17108 
0070 17034 
0072 17015 17037 
0074 17089 
0076 17008 
0078 17121 
0079 17013 17097 
0081 17003 17104 17130 
0082 17009 17048 17115 
0083 17012 17017 17079 17083 17105 
0085 17066 
0086 17041 17082 17098 17109 17120 17125 
0088 17038 17057 
0089 17090 
0090 17096 17100 
0091 17026 17027 17107 
0092 17087 
0094 17065 17067 17093 17116 17118 
0095 17004 17020 17131 
0096 17091 17126 
0097 17036 17117 
0098 17030 17112 
0099 17061 17063 17064 17081 17086 
0100 17094 17103 17111 
0101 17011 17042 
0102 17029 17053 
0103 17059 17070 17080 17092 
0104 17033 17049 17078 17113 
0105 17007 17069 17073 17101 17114 
0106 17010 17023 17054 17058 17060 
0107 17039 17055 17062 17071 17074 17076 17077 17099 
0108 17051 17056 
0109 17018 17072 17122 17134 
0110 17047 
0111 17043 17075 17084 17128 
0112 17024 
0113 17106 
0114 17068 
0115 17001 17014 17050 17085 17088 
0117 17110 
0119 17119 
0120 17123 
0138 17040 
04-21 17001 17002 17003 17004 17005 17006 17007 17008 17009 17010 17011 17012 17013 17014 17015 17016 17017 17018 17019 17020 17021 17022 17023 17024 17025 17026 17027 17028 
04-23 17029 17030 17031 17032 17033 17034 17035 17036 17037 17038 17039 17040 17041 17042 17043 17044 17045 17046 17047 17048 17049 17050 17051 17052 17053 17054 17055 
04-24 17056 17057 17058 17059 17060 17061 17062 17063 17064 17065 17066 17067 17068 17069 17070 17071 17072 17073 17074 17075 17076 17077 17078 17079 17080 17081 17082 17083 17084 17085 17086 17087 17088 17089 17090 17091 17092 17093 17094 17095 17096 17097 17098 17099 17100 17101 17102 17103 17104 17105 17106 17107 17108 17109 17110 17111 17112 17113 17114 17115 17116 17117 17118 17119 17120 17121 17122 17123 17124 17125 17126 17127 17128 17129 17130 17131 17132 17133 17134 
06:10:35.04 17056 
06:16:49.25 17057 
06:18:18.37 17058 
06:34:22.72 17059 
06:48:14.73 17060 
06:54:11.82 17061 
07:03:23.39 17062 
07:14:16.83 17063 
07:21:43.09 17064 
07:22:09.79 17065 
07:23:50.50 17066 
07:26:38.57 17067 
07:28:06.22 17068 
07:54:16.72 17069 
08:05:55.09 17070 
08:22:48.54 17071 
08:23:17.24 17072 
08:28:22.67 17073 
08:36:19.96 17074 
08:37:06.39 17075 
08:39:45.06 17076 
08:44:46.92 17077 
08:45:02.17 17078 
08:47:39.31 17079 
08:48:51.41 17080 
08:52:42.34 17081 
09:00:36.72 17082 
09:05:21.63 17083 
09:11:48.08 17084 
09:16:58.52 17085 
09:18:30.33 17086 
09:18:44.31 17087 
09:29:16.99 17088 
09:34:21.09 17089 
09:43:24.20 17090 
0speculation 17047 
1,100 17023 
1,466,000 17035 
1,500 17026 
1,647,481 17004 
1,701,000 17007 
1-1/2 17011 
1.07 17096 
1.16 17099 
1.2 17061 17067 
1.21 17034 
1.3 17091 
1.38 17034 
1.41 17010 
1.4510 17088 
1.4548 17088 
1.4560/75 17088 
1.46 17010 
1.5 17042 17085 
1.54 17034 
1.64 17014 
1.67 17032 
1.7 17085 17091 17115 
1.71 17096 
1.77 17014 
1.7969 17064 
1.8 17059 
1.81 17059 
1.8344 17118 
1.8369 17118 
1.9 17085 
10.3 17036 
10.5 17054 
10.9 17053 
10.93 17055 
100,000 17001 17009 17131 
100.4 17034 
1000 17129 
105,000 17122 
109.11 17042 
10:02:29.91 17091 
10:10:11.37 17092 
10:11:40.65 17093 
10:12:31.76 17094 
10:22:39.00 17095 
10:31:44.23 17096 
10:43:35.83 17097 
10:48:51.00 17098 
10:50:18.12 17099 
10:51:04.17 17100 
10:57:23.61 17101 
11,200 17079 
11.1 17042 
11.29 17034 
11.3 17042 
11.4 17063 
11.5 17004 
11.6 17034 
11.9 17034 
110,000 17109 
110.77 17042 
1100 17064 
115.9 17014 
11:09:38.67 17102 
11:10:16.57 17103 
11:10:37.74 17104 
11:19:05.03 17105 
11:20:56.30 17106 
11:22:35.11 17107 
11:31:18.91 17108 
11:35:01.50 17001 
11:37:33.52 17002 
11:38:04.12 17003 
11:39:16.40 17109 
11:40:48.73 17110 
11:41:34.25 17111 
11:44:00.53 17004 
11:45:56.03 17005 
11:46:50.46 17112 
11:48:52.59 17113 
11:49:31.32 17006 
11:50:02.02 17114 
11:52:37.63 17007 
11:55:33.03 17008 
11:55:57.82 17009 
11:56:05.90 17115 
11:57:12.23 17116 
12.56 17034 
1200 17088 
121,000 17090 
121.4 17035 
124,000 17131 
124.2 17014 
126,000 17090 
126,524 17104 
128,000 17090 
12:02:57.56 17117 
12:04:11.03 17010 
12:04:49.88 17118 
12:07:15.93 17119 
12:07:42.60 17120 
12:09:23.59 17121 
12:11:18.43 17011 
12:13:27.73 17012 
12:13:34.25 17013 
12:14:27.18 17014 
12:15:12.80 17015 
12:17:02.35 17016 
12:17:09.99 17017 
12:17:49.31 17018 
12:18:34.57 17122 
12:22:42.86 17123 
12:23:33.91 17019 
12:25:23.51 17124 
12:26:00.70 17125 
12:28:08.02 17020 
12:28:16.49 17126 
12:28:56.31 17127 
12:30:46.85 17128 
12:36:27.62 17021 
12:36:47.82 17129 
12:39:08.68 17022 
12:39:55.30 17023 
12:41:07.11 17130 
12:42:37.02 17024 
12:43:46.43 17131 
12:43:50.14 17132 
12:46:35.95 17133 
12:47:33.66 17025 
12:48:28.99 17026 
12:49:58.10 17134 
12:53:58.04 17027 
13.00 17034 
1320 17088 
136,000 17090 
139.05 17064 
139.50 17044 
139.6 17037 
139.80 17064 
13:00:06.84 17028 
14.1 17063 
14.78 17109 
140.00 17041 17066 
140.55 17041 17066 
140.70/80 17041 17066 
1400 17012 17129 
141.15 17041 17066 
15,000 17092 
15.04 17034 
15.1 17032 
15.5 17034 
15.8 17034 
150,000 17059 
153.3 17061 
16-21 17123 
16-5/8 17063 
16.6 17091 
1600 17012 
1670 17030 
1671 17029 
1672 17031 
1673 17032 
1674 17033 
1675 17034 
1676 17035 
1677 17036 
1678 17037 
1679 17038 
1680 17039 
1681 17040 
1682 17041 
1683 17042 
1684 17043 
1685 17044 
1686 17045 
1687 17046 
1688 17047 
1689 17048 
169.8 17023 17083 
1690 17049 
1691 17050 
1692 17051 
1693 17052 
1694 17053 
1695 17054 
1696 17055 
17.0 17037 
17.21 17101 
17.50 17052 
17.66 17034 
17.75 17052 
17.8 17034 
17.85 17101 
1700 17003 
17001 17001 
17002 17002 
17003 17003 
17004 17004 
17005 17005 
17006 17006 
17007 17007 
17008 17008 
17009 17009 
17010 17010 
17011 17011 
17012 17012 
17013 17013 
17014 17014 
17015 17015 
17016 17016 
17017 17017 
17018 17018 
17019 17019 
17020 17020 
17021 17021 
17022 17022 
17023 17023 
17024 17024 
17025 17025 
17026 17026 
17027 17027 
17028 17028 
17029 17029 
17030 17030 
17031 17031 
17032 17032 
17033 17033 
17034 17034 
17035 17035 
17036 17036 
17037 17037 
17038 17038 
17039 17039 
17040 17040 
17041 17041 
17042 17042 
17043 17043 
17044 17044 
17045 17045 
17046 17046 
17047 17047 
17048 17048 
17049 17049 
17050 17050 
17051 17051 
17052 17052 
17053 17053 
17054 17054 
17055 17055 
17056 17056 
17057 17057 
17058 17058 
17059 17059 
17060 17060 
17061 17061 
17062 17062 
17063 17063 
17064 17064 
17065 17065 
17066 17066 
17067 17067 
17068 17068 
17069 17069 
17070 17070 
17071 17071 
17072 17072 
17073 17073 
17074 17074 
17075 17075 
17076 17076 
17077 17077 
17078 17078 
17079 17079 
17080 17080 
17081 17081 
17082 17082 
17083 17083 
17084 17084 
17085 17085 
17086 17086 
17087 17087 
17088 17088 
17089 17089 
17090 17090 
17091 17091 
17092 17092 
17093 17093 
17094 17094 
17095 17095 
17096 17096 
17097 17097 
17098 17098 
17099 17099 
171.7 17037 
17100 17100 
17101 17101 
17102 17102 
17103 17103 
17104 17104 
17105 17105 
17106 17106 
17107 17107 
17108 17108 
17109 17109 
17110 17110 
17111 17111 
17112 17112 
17113 17113 
17114 17114 
17115 17115 
17116 17116 
17117 17117 
17118 17118 
17119 17119 
17120 17120 
17121 17121 
17122 17122 
17123 17123 
17124 17124 
17125 17125 
17126 17126 
17127 17127 
17128 17128 
17129 17129 
17130 17130 
17131 17131 
17132 17132 
17133 17133 
17134 17134 
18-1/8 17063 
18.06 17101 
18.08 17101 
18.25 17052 
18.48 17101 
18.5 17023 17034 
18.9 17031 
18.90 17101 
185,000 17054 
189.9 17112 
18:32:18.42 17029 
18:34:33.58 17030 
18:37:03.79 17031 
18:45:40.42 17032 
18:56:03.00 17033 
18:59:23.50 17034 
19,000 17090 
19-1/2 17063 
19.11 17101 
19.35 17101 
19.44 17096 
19.53 17101 
19.6 17079 
19.74 17101 
192.8 17032 
1962 17039 
1967 17106 
1974 17106 
1976 17004 
1978 17088 
1980 17106 
1981 17023 
1983 17023 
1984 17018 17116 
1985 17015 17023 17060 17074 17084 17092 
1985/86 17010 
1986 17014 17015 17018 17023 17036 17042 17057 17059 17060 17061 17062 17079 17084 17085 17094 17096 17099 17100 17101 17103 17104 17107 17109 17114 17123 
1986/87 17010 17131 
1987 17009 17011 17013 17023 17031 17034 17040 17043 17057 17059 17079 17085 17106 17116 17121 17128 
1988 17023 17049 17059 17085 
1988/89 17075 
1989 17074 
1990 17024 17060 17094 
1991 17023 
1992 17024 
1994 17112 
19:00:51.40 17035 
19:02:27.01 17036 
19:08:09.42 17037 
19:36:56.77 17038 
19:48:08.94 17039 
19:48:47.25 17040 
1st 17031 17037 17084 
2,500 17026 
2,882.6 17091 
2.0 17085 17091 
2.1 17085 
2.2 17029 17084 17085 17109 
2.27 17062 
2.3 17085 
2.33 17032 
2.39 17034 
2.4 17085 17091 
2.5 17036 17051 17071 17085 17091 
2.6 17013 
2.8 17031 17050 17068 17074 17085 17101 
2.82 17103 
2.9 17013 
2.92 17057 
20,000 17054 
20.16 17101 
20.8 17127 
20.9 17014 
200,000 17059 
2002 17087 
201.2 17037 
20:21:46.09 17041 
20:24:10.50 17042 
20:30:17.87 17043 
20:35:24.14 17044 
21-apr-1987 17001 17002 17003 17004 17005 17006 17007 17008 17009 17010 17011 17012 17013 17014 17015 17016 17017 17018 17019 17020 17021 17022 17023 17024 17025 17026 17027 17028 
21.1 17032 
21.6 17031 
21651 17001 
21652 17002 
21653 17003 
21654 17004 
21655 17005 
21656 17006 
21657 17007 
21658 17008 
21659 17009 
21660 17010 
21661 17011 
21662 17012 
21663 17013 
21664 17014 
21665 17015 
21666 17016 
21667 17017 
21668 17018 
21669 17019 
21670 17020 
21671 17021 
21672 17022 
21673 17023 
21674 17024 
21675 17025 
21676 17026 
21677 17027 
21678 17028 
21679 17056 
21680 17057 
21681 17058 
21682 17059 
21683 17060 
21684 17061 
21685 17062 
21686 17063 
21687 17064 
21688 17065 
21689 17066 
21690 17067 
21691 17068 
21692 17069 
21693 17070 
21694 17071 
21695 17072 
21696 17073 
21697 17074 
21698 17075 
21699 17076 
217,000 17010 
21700 17077 
21701 17078 
21702 17079 
21703 17080 
21704 17081 
21705 17082 
21706 17083 
21707 17084 
21708 17085 
21709 17086 
21710 17087 
21711 17088 
21712 17089 
21713 17090 
21714 17091 
21715 17092 
21716 17093 
21717 17094 
21718 17095 
21719 17096 
21720 17097 
21721 17098 
21722 17099 
21723 17100 
21724 17101 
21725 17102 
21726 17103 
21727 17104 
21728 17105 
21729 17106 
21730 17107 
21731 17108 
21732 17109 
21733 17110 
21734 17111 
21735 17112 
21736 17113 
21737 17114 
21738 17115 
21739 17116 
21740 17117 
21741 17118 
21742 17119 
21743 17120 
21744 17121 
21745 17122 
21746 17123 
21747 17124 
21748 17125 
21749 17126 
21750 17127 
21751 17128 
21752 17129 
21753 17130 
21754 17131 
21755 17132 
21756 17133 
21757 17134 
21:19:18.12 17045 
21:25:22.52 17046 
21:28:14.05 17047 
21:34:36.89 17048 
21:38:26.85 17049 
21:40:47.37 17050 
220.7 17023 
22:03:13.44 17051 
22:49:55.57 17052 
23-apr-1987 17029 17030 17031 17032 17033 17034 17035 17036 17037 17038 17039 17040 17041 17042 17043 17044 17045 17046 17047 17048 17049 17050 17051 17052 17053 17054 17055 
236,000 17010 
23:12:19.63 17053 
23:51:21.93 17054 
23:57:39.18 17055 
24,000 17131 
24-apr-1987 17056 17057 17058 17059 17060 17061 17062 17063 17064 17065 17066 17067 17068 17069 17070 17071 17072 17073 17074 17075 17076 17077 17078 17079 17080 17081 17082 17083 17084 17085 17086 17087 17088 17089 17090 17091 17092 17093 17094 17095 17096 17097 17098 17099 17100 17101 17102 17103 17104 17105 17106 17107 17108 17109 17110 17111 17112 17113 17114 17115 17116 17117 17118 17119 17120 17121 17122 17123 17124 17125 17126 17127 17128 17129 17130 17131 17132 17133 17134 
240,000 17109 
241.3 17032 
246,000 17010 
250,000 17054 
257,000 17090 
262,242 17011 
27.8 17037 17067 
275.4 17014 
280,000 17090 
284.7 17062 
285,000 17115 
287,000 17090 
29-may 17083 
291,000 17118 
296,000 17131 
2nd 17035 
3,132,000 17096 
3,200 17109 
3,603.9 17091 
3,701,000 17007 17118 
3-4.5 17121 
3.0 17085 
3.05 17057 
3.06 17062 
3.07 17062 
3.1 17085 
3.5 17122 
3.8 17128 
300,000 17009 17059 17092 
31.19 17099 
311,000 17090 
32-km 17054 
323.0 17031 
33,200 17131 
33.33 17101 
33.7 17034 
33.9 17013 
331,866 17059 
338,000 17118 
340,000 17131 
341,000 17035 
35,000 17090 
350,000 17059 
351.50 17105 
352.1 17031 
359.6 17112 
37.1 17014 
370,000 17131 
375,000 17010 
38.6 17094 
380,000 17007 17025 
390,776 17059 
3rd 17032 17034 
4,000 17021 
4,143 17079 
4,798,000 17032 
4.1 17085 
4.3 17047 17061 17072 
4.5 17085 17121 
4.57 17010 
4.60 17034 
4.647 17010 
4.651 17010 
4.9 17050 17068 
40,000 17090 17094 
400,000 17059 
41.1 17013 
419.0 17034 
42.5 17101 
428,000 17015 
43-km 17054 
43.05 17101 
445,000 17067 
45.50 17101 
450,000 17059 
46.1 17086 
46.26 17101 
46.3 17035 
46.5 17101 
470,000 17059 
473.1 17034 
48,000 17015 
49.25 17102 
49.7 17093 
49.9 17004 
5,000 17075 17132 
5,085,000 17096 
5,954,000 17034 
5-for-4 17113 
5.1 17012 17115 
5.2 17036 17077 
5.4 17091 
5.7 17025 
50,000 17022 17054 17131 
50-50 17103 
50.1 17053 
50.29 17055 
500,000 17094 
51.0 17034 
54,000 17057 
54.5 17082 
55,000 17090 
550,000 17059 
576,990 17059 
58.4 17035 
58.6 17023 
6,000 17103 17105 
6,636,000 17034 
6-1/2 17018 
6-1/4 17036 
6-3/8 17036 
6-7/16 17005 
6.2 17093 17128 
6.3 17027 
6.41 17010 
6.601 17010 
6.606 17010 
60.7 17013 
600,000 17025 
621,000 17010 
627,000 17010 
629,000 17118 
630,000 17001 
647.5 17112 
66.8 17032 
67.05 17062 
67.21 17062 
68.9 17055 
69.8 17013 
7,434,000 17037 
7.1 17037 
7.4 17013 17014 17085 17091 
7.5 17082 17114 
7.6 17075 
7.69 17055 
7.8 17074 
70.56 17062 
71.7 17029 
74.77 17062 
767,000 17035 
767-200 17049 
767-300er 17049 
8,000 17132 
8,663,000 17032 
8-1/8 17024 
8-10 17070 
8-5/8 17024 
8.1 17018 
8.21 17024 
8.3 17027 
8.661 17024 
8.9 17091 
82.8 17014 
860,000 17131 
87,000 17057 
881,000 17015 
89.7 17032 
9-13/16 17089 
9-7/8 17089 
9.7 17013 
903,000 17035 
905,000 17131 
92.08 17062 
95.00 17022 
95.9 17035 
950,000 17007 17059 
96.3 17093 
98.55 17062 
98.7 17099 
99.48 17042 
99.775 17024 
99.85 17024 
994,000 17092 
^m 17039 
`` 17004 17013 17017 17018 17023 17033 17036 17038 17039 17048 17054 17056 17058 17065 17070 17074 17079 17083 17084 17086 17088 17097 17098 17101 17103 17110 17114 17119 17121 17125 17126 17128 17130 17131 17133 
a-3 17024 
a/s 17056 17097 
aaa 17087 
abandoned 17018 17039 
abdul-aziz 17018 
abe 17033 17070 17083 17126 
abely 17019 
abm 17122 
absence 17065 
absorb 17084 
accelerated 17052 
accept 17059 
acceptable 17027 17084 17125 
acceptance 17007 17012 
acceptances 17053 
accepted 17059 17114 
access 17092 
accession 17092 
accommodative 17036 17119 
accomplished 17126 
accord 17058 17074 17092 17126 
accordance 17080 
accords 17119 
account 17119 
accounting 17114 
accounts 17036 17126 
accumulate 17131 
accumulated 17023 
accurate 17117 
acknowledged 17070 
acq 17004 17012 17015 17025 17039 17046 17048 17053 17076 17079 17081 17082 17086 17099 17103 17110 17115 17122 17127 17134 
acquire 17053 17081 17086 
acquired 17025 17096 17110 17115 17127 
acquires 17004 17122 17127 
acquisition 17079 
across-the-board 17023 
act 17004 17023 17039 
acting 17004 
action 17004 17017 17030 17065 17069 17078 17083 17088 17134 
active 17083 17120 
activities 17008 17096 17103 
activity 17018 
actual 17010 17059 
adb 17087 
adb-africa 17087 
add 17036 
added 17018 17023 17058 17059 17067 17074 17083 17094 17099 17111 17117 
adding 17050 17058 17068 
additional 17004 17008 17011 17075 17083 17103 17105 17122 
additions 17036 
adds 17005 
adequate 17050 17068 17075 
adjourned 17076 
adjusted 17091 
adjustments 17096 17126 
administration 17003 17023 17033 17119 17121 17128 
adminstration 17126 
advanced 17026 17098 
advancing 17103 
advantageous 17007 
advertising 17013 
advest 17122 
adviser 17004 
advisory 17047 17072 
advocate 17040 17043 
affect 17095 
affected 17018 17027 17042 17104 17130 
affects 17104 
affiliate 17094 
affiliates 17108 
affirmative 17076 17099 
africa 17057 17059 
african 17075 17087 
afternoon 17089 
agencies 17017 
agency 17050 17068 17121 
ago 17013 17014 17039 17062 17067 17090 17096 
agree 17070 17109 
agreed 17004 17015 17036 17040 17043 17059 17069 17073 17074 17078 17082 17086 17126 
agreement 17043 17054 17074 17083 17084 17086 17092 17110 17119 17121 
agreements 17005 17036 
agricultural 17125 
agriculture 17010 17126 
agrio 17054 
ahead 17064 17119 
ahed 17008 
ahm.to 17008 
aid 17045 17047 17072 17121 
aii 17015 
ail 17002 
ailing 17121 
aim 17056 
aimed 17009 17086 
aiming 17036 
aims 17060 
aircraft 17049 
airways 17049 
al 17120 
al-sabah 17018 
ala. 17013 
alan 17036 
alarm 17128 
alarmed 17128 
alberta 17079 
ald 17093 
alfred 17014 
all-time 17088 
allegations 17080 17134 
alleged 17080 
alleviate 17033 
allied-signal 17093 
allocation 17037 
allocations 17106 
allowed 17123 
allowing 17018 17131 
alternative 17125 
altex 17015 
alton 17007 
am-centam-coffee 17038 
am-comsat 17039 
am-trade-abe 17083 
amc 17086 
amca 17002 
amending 17124 
america 17103 17109 
american 17003 17026 17028 17038 17058 17083 17086 17126 
americans 17023 
amid 17018 17041 17066 
amo 17086 
amoco 17012 17125 
amount 17001 17041 17066 17119 
amounted 17074 17107 
amounts 17047 17064 17072 17092 17125 
amsterdam 17069 17078 
analysis 17039 
analyst 17123 
analysts 17023 17040 17043 17070 17094 17103 
anchored 17058 
andover 17029 
anger 17083 
angry 17033 
announced 17014 17027 17029 17039 17053 17055 17063 17099 17103 17125 17127 
announcement 17048 17051 17071 17098 
announces 17118 
annual 17004 17016 17017 17023 17036 17051 17058 17071 17074 17075 17091 17099 17128 
anti-inflation 17058 
anticipated 17011 17036 17094 17116 
antifraud 17030 
antilles 17004 
antitrust 17004 
antonio 17080 
anxious 17040 17043 
api 17003 17028 
apparel 17074 17084 
apparent 17036 17039 17069 17078 17093 
apparently 17036 17039 
appealed 17030 
appeals 17030 
appears 17039 17055 17125 
application 17039 
applied 17085 
applies 17030 
apply 17004 
appoint 17043 
appointed 17002 
appropriations 17114 
approval 17023 17076 17099 
approvals 17082 
approve 17083 17099 
approved 17016 17020 17023 17053 17076 17099 17113 17114 17124 17127 
approving 17023 
april 17001 17002 17003 17004 17005 17006 17007 17008 17009 17010 17011 17012 17013 17014 17015 17016 17017 17018 17019 17020 17021 17022 17023 17024 17025 17026 17027 17028 17029 17030 17031 17032 17033 17034 17035 17036 17037 17038 17039 17040 17041 17042 17043 17047 17048 17049 17050 17051 17052 17053 17054 17055 17056 17057 17058 17059 17060 17061 17062 17063 17064 17065 17066 17067 17068 17069 17070 17071 17072 17073 17074 17075 17076 17077 17078 17079 17080 17081 17082 17083 17084 17085 17086 17087 17088 17089 17090 17091 17092 17093 17094 17095 17096 17097 17098 17099 17100 17101 17102 17103 17104 17105 17106 17107 17108 17109 17110 17111 17112 17113 17114 17115 17116 17117 17118 17119 17120 17121 17122 17123 17124 17125 17126 17127 17128 17129 17130 17131 17132 17134 
aproves 17113 
arabica 17001 
ardmore 17108 
area 17010 17067 17102 
areas 17103 17130 
argentina 17092 
argentine 17092 
argus 17120 
arisen 17047 17072 
arm 17039 
arrange 17005 
arrangement 17120 
arrangements 17101 
arranging 17036 
article 17119 
asian 17051 17071 
asked 17065 17083 
assembles 17094 
asset 17096 17100 
assets 17015 17034 17061 17063 17099 17110 
assigned 17087 
assistance 17075 17089 17121 
associates 17006 
association 17030 17067 17073 17123 
associations 17114 
assumption 17036 
att 17026 
attachment 17070 
attack 17023 
attacked 17117 
attacking 17043 
attacks 17018 17117 
attempt 17018 17094 
attempted 17083 
attract 17020 
attributable 17008 
auctions 17001 
august 17049 
australia 17042 17052 17053 17059 17127 
australian 17042 17049 17052 
author 17018 17023 17036 17070 17083 
authorisation 17131 
authorised 17131 
authorities 17058 
authorize 17109 
authorized 17124 
authorizing 17109 
auto 17104 
automaking 17116 
automatic 17023 
availability 17110 
average 17027 17036 17096 17107 17109 
avowed 17075 
awarded 17118 
awards 17007 17118 
awareness 17018 
b.c 17109 
ba.n 17049 
back 17023 17085 17129 17131 
backbone 17018 
backlash 17043 
bad 17060 
badly 17023 
baghdad 17117 
bags 17001 17060 
baker 17126 
balance 17023 17062 17106 
balanced 17023 
balances 17036 
balancing 17018 
balao 17054 
baldrige 17084 
ballots 17055 
bancshares 17099 
band 17089 
bangemann 17119 
bank 17014 17018 17034 17036 17041 17042 17051 17052 17058 17061 17062 17063 17064 17065 17066 17069 17071 17075 17077 17078 17081 17087 17088 17089 17099 17106 17111 17112 17114 17119 
banker 17018 
bankers 17014 17018 17077 
banking 17005 17018 17036 17052 17106 17114 
banks 17036 17042 17058 17069 17077 17078 
barber 17119 
barclay 17002 
barely 17010 
barge 17102 
barley 17010 
barrel 17054 17101 
barrels 17054 
barriers 17126 
bartlesville 17100 
base 17117 
based 17007 17011 17038 
basel 17056 
basic 17026 
basis 17024 17058 17075 17092 17107 
basket 17018 
basle 17085 
battle 17023 
bay 17082 
bc-/-fed-adds-reserves-v 17005 
bc-/baker-says-g-7-wants 17126 
bc-/chrysler- 17086 
bc-/exxon- 17096 
bc-/fed-data-provide-new 17036 
bc-/fed-spokesman-says-n 17098 
bc-/mint-reviews-offers 17007 
bc-/phillips- 17100 
bc-/texas-commerce- 17099 
bc-/u.s.-personal-income 17091 
bc-abm-gold-to-raise-int 17122 
bc-ahed- 17008 
bc-altex- 17015 
bc-amca- 17002 
bc-amoco- 17125 
bc-api-oil-inventory-rep 17003 
bc-api-said-statistics-t 17028 
bc-att- 17026 
bc-australia's-m-3-money 17042 
bc-bank-board-chairman-s 17114 
bc-bank-of-japan-interve 17041 17066 
bc-bank-of-spain-raises 17063 
bc-bankers-confirm-japan 17077 
bc-bankers-trust- 17014 
bc-bethlehem-steel-corp 17095 
bc-brazil-fund-should-st 17020 
bc-bundesbank-bought-dol 17064 
bc-canada-stock-purchase 17107 
bc-capital-associates- 17006 
bc-china-textile-exports 17084 
bc-cominco- 17109 
bc-commonwealth-edison- 17024 
bc-consolidated-gas- 17093 
bc-continental- 17134 
bc-correction 17133 
bc-creative-monetary-pol 17018 
bc-csx- 17019 
bc-danish-sugar-beet-pla 17097 
bc-dealers-see-moderate 17069 17078 
bc-denmark's-novo-indust 17056 
bc-dollar-trades-at-post 17044 
bc-dome- 17012 
bc-duquesne-light- 17017 
bc-ec-to-offer-argentina 17092 
bc-ecuador-to-use-colomb 17054 
bc-elders-acquires-95-pc 17127 
bc-elders-purchase-of-ca 17053 
bc-energex-minerals- 17011 
bc-european-beet-sowings 17123 
bc-exxon- 17102 
bc-fairchild 17004 
bc-farm-credit-seen-need 17121 
bc-ferro- 17124 
bc-french-beet-planters 17067 
bc-french-winter-cereal 17010 
bc-friedman-industries- 17076 
bc-gca- 17029 
bc-german-growth-will-no 17119 
bc-glenfed-inc- 17034 
bc-gm 17094 
bc-gm- 17116 
bc-hagensborg-resources 17111 
bc-horizon-industries-in 17035 
bc-hudsons 17082 
bc-hyundai 17104 
bc-ibc-coffee-auctions-t 17001 
bc-imark-inds- 17016 
bc-india-aims-to-export 17060 
bc-iraq-says-it-hit-two 17117 
bc-japan-agency-urges-wa 17050 17068 
bc-japan-buys-4,000-tonn 17021 
bc-japan-buys-up-to-8,00 17132 
bc-japan-dockworkers-str 17073 
bc-japan-does-not-intend 17051 17071 
bc-japan-has-no-plans-fo 17047 17072 
bc-japan-ruling-party-pr 17075 
bc-japanese-buyers-accep 17059 
bc-japanese-parliament-p 17040 17043 
bc-jim-walter- 17113 
bc-loctite-corp- 17032 
bc-many-major-nations-ye 17045 
bc-moody's-rates-adb's-s 17087 
bc-nakasone-expected-to 17070 
bc-national-mutual-cuts 17052 
bc-new-york-times- 17013 
bc-no-swiss-national-ban 17065 
bc-noble- 17108 
bc-norwegian-central-ban 17062 
bc-petranol-in-takeover 17110 
bc-phibro-energy-chairma 17120 
bc-philips-plans-medical 17103 
bc-qantas-to-buy-extende 17049 
bc-rorer-group-inc- 17037 
bc-royal-resources 17025 
bc-sears- 17130 
bc-sec 17030 
bc-service-resources- 17081 
bc-shell-canada- 17079 
bc-sierra-health 17115 
bc-slaughter-guesstimate 17090 
bc-south-korea-buys-50,0 17022 
bc-southam-inc- 17031 
bc-spain-maintains-five 17027 
bc-spanish-sunoil-export 17131 
bc-standard-oil-says-bp 17048 
bc-standard-oil-says-bri 17046 
bc-suharto-party-set-for 17055 
bc-swiss-committed-to-jo 17058 
bc-swiss-growth-seen-slo 17085 
bc-swiss-say-they-interv 17088 
bc-taiwan-to-tender-up-t 17057 
bc-taiwan-wins-revised-t 17074 
bc-traders-confirm-some 17105 
bc-u.k.-money-market-giv 17089 
bc-u.s.-congress-still-a 17033 
bc-u.s.-mint-announces-c 17118 
bc-u.s.-productivity-rep 17129 
bc-u.s.-west- 17009 
bc-ubs-confirms-first-qu 17061 
bc-valero-partners- 17080 
bc-venezuela-re-establis 17101 
bc-washington-budget 17023 
bc-white-house-says-marc 17128 
bc-world-bank-loans-moro 17112 
bc-zimbabwe-banking-corp 17106 
bearing 17018 
bearish 17041 17066 
bedford 17094 
bedrijswagenfabriek 17094 
beet 17067 17097 17123 
beet-growing 17123 
began 17005 17008 17073 17116 
begin 17054 17084 17120 
beginning 17038 17050 17068 17113 
behalf 17004 
belgium 17092 
belief 17070 
believed 17033 17036 17059 17069 17070 17078 
believes 17008 17023 17070 
ben 17099 
benefits 17079 
berne 17058 
bet 17070 
bethlehem 17095 
bid 17012 17026 17050 17053 17068 17093 17108 
bidder 17093 
bidding 17093 
bids 17093 
bigger 17131 
biggest 17103 
bilateral 17112 
bill 17023 17043 17083 17114 
billington 17121 
billion 17012 17023 17034 17036 17042 17061 17062 17074 17075 17083 17084 17087 17091 17096 17099 17103 17107 17114 17121 
bills 17036 17089 17114 
bipartisan 17023 17083 
blah 17044 17045 17046 
blamed 17085 
bleached 17105 
blll.l 17094 
blow 17040 17043 
board 17030 17034 17048 17088 17098 17113 17114 17119 17121 17124 17134 
bob 17098 
boeing 17049 
bogota 17054 
bond 17017 17051 17071 17077 17087 
bonds 17024 17030 17087 17107 
bonn 17119 
boost 17040 17043 17060 17075 
boosted 17123 
boosting 17119 
bop 17106 17119 
border 17054 
bore 17058 
borrow 17023 17036 
borrowing 17018 17087 
borrowings 17034 17036 
boston 17020 17048 
bottoming 17050 17068 
bought 17021 17022 17023 17025 17041 17064 17065 17066 17088 17089 17105 17115 17132 
boycotts 17043 
bp 17048 
bp.l 17048 
bpd 17054 
brazil 17001 17020 
brazilian 17001 17014 17020 
breaching 17058 
breakdown 17084 
breakthrough 17073 
breathing 17074 
brest 17103 
brewer 17053 
brewery 17127 
brewing 17023 
bring 17103 
brings 17089 17102 
briquettes 17118 
britain 17094 17103 
british 17011 17046 17048 17109 17111 
brittain 17014 
broadcasting 17013 
broader 17018 17056 
broadest 17063 
broken 17039 
brokerage 17018 
brokers 17030 17044 
bros 17120 
bros. 17133 
brothers 17007 17020 17024 17118 17120 
brought 17128 
brussels 17092 
bs 17095 
bt 17014 
budget 17023 17040 17043 17058 17075 
budgetary 17075 
building 17042 
built 17054 
bulk 17060 
bullion 17122 
bundesbank 17064 17065 17088 17119 
burden 17114 
business 17013 17026 17070 17079 17082 17105 17120 17130 
businesses 17026 17037 
businessman 17025 17076 
butane 17101 
buy 17004 17020 17049 17059 17064 17115 17122 
buyer 17015 
buyers 17059 
buying 17021 17053 
buys 17004 17021 17022 17132 
bv 17094 
byrd 17083 
ca 17070 
cabinet 17050 17068 
cable 17013 
caii.o 17006 
calculates 17018 
calendar 17007 17057 17059 17074 
calgary 17012 17079 
calhoun 17035 
calif. 17034 17115 17116 
california 17110 17122 
californian 17110 
call 17063 
callable 17087 
called 17009 17017 17075 
calling 17023 17130 
calls 17023 17075 17119 
camdessus 17119 
cameron 17093 17108 
campaign 17010 
canada 17002 17008 17011 17012 17021 17022 17031 17053 17079 17082 17087 17104 17107 17109 17111 17122 17127 17132 
canadian 17021 17022 17053 17079 17082 17107 17111 17122 17132 
capable 17103 
capacity 17017 17054 
capital 17006 17017 17018 17047 17056 17072 17081 17087 17110 17122 17126 
capped 17018 
care 17134 
cargill 17007 
cargo 17049 
cargoes 17057 17105 
caribbean 17103 
carling 17053 17127 
carolina 17023 
carry 17004 17049 
cars 17104 
carter 17023 
case 17017 17030 17080 
caseload 17114 
cases 17114 
cash 17029 17060 17099 17110 17113 
cast 17099 
castellvi 17076 
catch 17123 17126 
categories 17011 17080 
cathodes 17118 
cattle 17090 
caused 17023 17085 17131 
causing 17060 
cautious 17119 
ceased 17101 
ceiling 17075 
cent 17102 17128 
center 17130 
centers 17130 
centigrade 17123 
central 17018 17038 17041 17051 17058 17062 17063 17066 17069 17071 17078 17108 17119 
centre 17054 
cents 17054 
cereal 17010 
cereals 17010 17092 
cerro 17007 
certify 17121 
cgb 17067 
chairman 17002 17014 17019 17053 17070 17099 17114 17119 17120 17133 
championed 17070 
chances 17070 
change 17070 
changed 17010 17050 17068 
changing 17130 
channing 17018 
chaotic 17084 
charge 17043 17096 
charges 17023 17037 17102 17106 
chariman 17133 
charles 17074 
chas 17081 
cheap 17018 
cheaper 17018 
check 17007 
checking 17036 
checking-account 17036 
chemical 17036 17079 17099 
chemicals 17096 
chen 17074 
chevrolet 17116 
chicago 17036 17090 17125 17130 
chief 17002 17019 17061 17099 17133 
china 17084 
china-u.s 17084 
chinese 17084 
chips 17023 
chl 17099 
chrysler 17086 
cif 17105 
circle 17013 17126 
circulated 17098 
cited 17100 
cites 17100 
citing 17030 17036 17096 
civil 17030 
ckb 17127 
claims 17027 17080 
clarifies 17133 
clarify 17077 
classifications 17109 
clayton 17119 
clear 17018 17023 17036 17075 17119 17126 17131 
clearance 17004 17131 
clearances 17004 
cleared 17099 
cleveland 17048 17124 
clobbered 17023 
close 17041 17066 17083 17088 
closed 17053 17083 17099 
closer 17099 
closing 17076 
closures 17003 
clt 17109 
cng 17093 
cnr.to 17082 
co-managed 17024 
co-managing 17122 
code 17124 
coffee 17001 17038 
coffee-growing 17038 
coinciding 17083 
coins 17042 
cold 17067 
collateral 17036 17121 
collateral-sharing 17121 
colo 17006 
colo. 17006 
colombia 17054 
colombian 17054 
colorado 17006 
columbia 17011 17109 17111 
combat 17083 
combined 17081 17099 
combining 17103 
cominco 17109 
coming 17023 
commenting 17047 17072 17096 
comments 17039 17120 
commerce 17060 17084 17091 17099 17129 
commercial 17017 17094 
commission 17004 17017 17020 17025 17030 17039 17055 17061 17080 17090 17115 
commissions 17027 
commitment 17081 
commitments 17110 17126 
committed 17058 17126 
committee 17023 17048 17057 17114 
committments 17126 
commodities 17079 
common 17004 17006 17025 17029 17096 17113 17115 17124 17127 
commonwealth 17024 
communications 17026 17039 
communist-led 17027 
community 17092 17125 17131 
company 17003 17004 17006 17008 17009 17011 17013 17016 17019 17026 17029 17048 17056 17076 17079 17081 17093 17095 17096 17099 17101 17103 17104 17110 17111 17113 17115 17116 17120 17124 17125 17133 
comparable 17024 17069 17078 
compared 17010 17013 17042 17054 17057 17062 17063 17079 17089 17096 17100 
compensation 17092 
compensatory 17060 
competition 17096 
competitiveness 17126 
competitor 17103 
complaint 17030 
complete 17111 17130 
completed 17029 17039 17100 17123 
completes 17029 
completing 17021 
completion 17086 
comply 17039 
comprised 17105 
compromise 17043 
comptroller 17099 
compulsorily 17053 
compute 17129 
computer 17130 
computers 17023 17083 
comsat 17039 
comsat-contel 17039 
comsat.comsat 17039 
conable 17119 
concentrating 17082 
concentration 17075 
concern 17097 17104 
concerted 17058 17065 17069 17078 17088 
concluded 17105 
conclusion 17084 
conclusions 17036 
condition 17101 
conditional 17050 17068 
conditions 17013 17050 17068 17097 17123 
conference 17012 17054 17084 17098 
configuration 17009 
confirm 17077 17105 
confirmation 17117 
confirmed 17077 17105 
confirms 17061 
congress 17023 17033 17036 17039 17083 
congressional 17023 17039 17083 
congressman 17083 
congressmen 17083 
conn. 17032 17120 
conservative 17070 
considerable 17086 
consideratble 17096 
consideration 17023 
considers 17134 
consistent 17036 
consolidate 17130 
consolidated 17093 
consolidation 17130 
constantly 17126 
constructed 17017 
construction 17111 
consult 17004 
consumer 17027 17085 17098 
consumption 17085 17091 17106 17131 
cont.o 17134 
container 17073 
contel 17039 
continental 17134 
continue 17002 17013 17023 17048 17058 17073 17081 17085 17097 17100 17119 17125 
continued 17047 17072 17096 17106 17107 
continuing 17048 
contract 17004 17096 17102 17109 
contracted 17054 
contraction 17018 
contracts 17059 17080 17109 17118 
contrary 17083 
contrasting 17096 
contrasts 17106 
contribute 17075 
contributing 17096 
control 17009 17063 17096 17115 
controlled 17076 
controls 17004 17023 17070 
controversial 17040 17043 
convinced 17033 17036 
cool 17123 
cooperating 17126 
cooperation 17058 17075 
coordination 17126 
cope 17094 
copenhagen 17056 17097 
copper 17007 17118 
copper/nickel 17118 
core 17082 
corn 17057 17092 
corporate 17043 17082 17096 17103 
corporation 17039 17105 17106 
correcting 17027 
correction 17058 17133 
corresponded 17119 
cost 17007 17049 17054 17058 17083 17096 17112 17118 
cost-effectively 17114 
costa 17038 
costa-rica 17038 
costing 17054 
costs 17018 17037 17096 
council 17043 17070 17073 
counted 17055 
counter 17105 17126 
countries 17038 17047 17058 17072 17075 17087 17104 17123 
country 17038 17084 17097 
county 17080 
coupon 17024 
court 17023 17030 17080 17134 
cover 17121 17122 
cpi 17027 17085 17098 17128 
cq 17039 
create 17017 17056 17058 17103 
created 17039 
creating 17099 
creative 17018 
creativity 17018 
credit 17017 17036 17051 17071 17111 17121 
creditbank 17111 
creditors 17029 
credits 17034 
critical 17039 
criticized 17012 
critics 17023 
crop 17038 17123 
crops 17123 
crowns 17062 
crs 17039 
crude 17003 17028 17054 17079 17093 17096 17100 17101 17108 17110 
crushers 17132 
csx 17019 
ct 17007 17016 17109 
ct. 17007 
ctc 17039 
cuba 17059 
cuban 17059 
cubic 17079 
curbing 17047 17072 
curbs 17083 
currencies 17018 17119 
currency 17014 17018 17041 17047 17058 17065 17066 17069 17072 17074 17078 17099 17100 17106 17119 
current 17011 17017 17018 17023 17026 17050 17068 17070 17075 17077 17113 17116 17119 17120 
customers 17009 17017 17080 17102 17130 
customs 17060 
customs-cleared 17050 17068 
cut 17014 17018 17043 17051 17052 17071 17075 17077 17106 17116 17118 17119 
cutbacks 17116 
cuts 17018 17023 17052 17116 17119 
cwe 17024 
d-wis 17114 
daf 17094 
daily 17036 17084 
damage 17054 17058 17070 
dana 17036 
danforth 17083 
dangers 17126 
danish 17056 17097 
danish-based 17056 
danske 17097 
danziger 17118 
darien 17007 
darkest 17070 
dasmunsi 17060 
data 17009 17026 17036 17042 17129 
dauster 17001 
day 17011 17036 17054 17079 17089 17116 
days 17007 
daytime 17123 
de 17027 17097 17101 
dead 17043 17070 
deak 17007 
deal 17024 17070 17094 17099 17110 17114 
dealer 17008 
dealers 17005 17030 17036 17041 17064 17065 17066 17069 17078 17088 
dealings 17004 
death 17070 
debate 17043 
debenture 17079 
debentures 17077 
debt 17023 17029 17079 17081 17082 17094 17106 
debt-ridden 17075 
debts 17054 
dec 17104 
december 17020 17036 17099 17116 
decide 17004 17049 
decided 17001 17002 17077 17101 
decision 17017 17030 17043 17083 
decline 17041 17061 17066 17091 17100 17126 
declined 17084 17088 17091 17096 
declining 17080 
defeat 17070 
defeated 17070 
defendants 17134 
defense 17004 17023 17080 
deficit 17023 17043 17058 17083 17119 
deficits 17023 17083 
definitive 17086 
defuse 17083 
degree 17036 
degrees 17123 
dehesa 17027 
delay 17059 17129 
delayed 17036 17043 17123 
delays 17059 
delegates 17038 
delhi 17060 
deliberately 17131 
delicate 17018 
delivered 17080 
deliveries 17059 
delivery 17007 17049 17057 17059 
demand 17050 17068 17075 17079 17085 17094 17112 17125 17131 
democracies 17040 17043 
democrat 17023 17083 17121 
democratic 17040 17043 17047 17055 17070 17072 17075 17083 
democrats 17023 
den 17111 
denied 17017 
denies 17017 
denmark 17056 17097 
denver 17015 
deny 17120 
deodorised 17105 
department 17004 17082 17091 17129 
depending 17009 
depends 17083 
deposit 17036 
deposits 17034 17042 17075 
depreciated 17106 
depreciation 17036 
depress 17096 
deputy 17070 
derivative 17134 
des 17086 17112 
describing 17008 
design 17023 
designed 17018 
desirable 17058 
details 17001 17021 17048 17092 17094 17111 17132 
detected 17069 17078 
deteriorated 17106 
detroit 17086 
develop 17111 
developed 17009 17011 17075 
development 17017 17051 17055 17071 17075 17087 17110 
developments 17119 
develops 17122 
devoted 17126 
diet 17070 
difficult 17077 
dilemma 17023 
dinar 17018 
diplomatic 17070 
dipping 17088 
direct 17005 17018 
directed 17083 
directly 17130 
director 17002 17038 17119 17120 
directors 17016 17048 17121 17124 
disappointing 17085 
disclose 17030 
disclosed 17015 17030 17121 
disclosure 17030 
discount 17036 17051 17071 17131 
discount-window 17036 
discuss 17012 
discusses 17039 
discussing 17110 17126 
discussions 17008 17048 
dismissed 17030 17134 
dispelling 17098 
dispute 17023 
distillates 17101 
distinct 17018 
distorted 17036 
distribute 17038 
distributed 17009 17113 
distribution 17038 17103 
district 17080 
districts 17121 
diversified 17007 
diversify 17018 17074 
divestment 17096 
dividend 17016 17113 
division 17004 17013 17103 
dlr 17009 17012 17014 17023 17024 17041 17044 17045 17047 17048 17064 17065 17066 17072 17079 17088 17112 17126 
dmp 17012 
dock 17073 
dockworkers 17073 
dokkyo 17070 
dole 17083 
dollar 17018 17023 17036 17041 17044 17047 17050 17058 17061 17064 17066 17068 17069 17072 17074 17077 17078 17079 17085 17088 17106 17126 
dollar-defense 17036 
dollar-denominated 17079 
dollar-yen 17088 
dollars 17041 17064 17065 17066 17069 17078 17088 
dome 17012 
domestic 17018 17023 17050 17060 17068 17075 17083 17085 17096 17131 
domination 17039 
dominican 17038 
doorne 17094 
doorstep 17018 
double 17114 
doubled 17106 
doubling 17023 17075 17094 17107 
doubted 17070 
doubtful 17083 
downgraded 17017 
downs 17117 
downward 17023 
dqu 17017 
draw 17036 
drawing 17062 
drew 17075 
drilled 17097 17123 
drilling 17054 
drl 17096 
drop 17091 17096 17131 
dropped 17039 17043 17083 17101 
drops 17096 
drumming 17070 
du 17112 
dual 17101 
due 17013 17017 17024 17040 17043 17048 17050 17068 17079 17084 17087 17091 17097 17100 17128 17131 
dumping 17083 
duquesne 17017 
dutch 17069 17078 17103 
duty 17060 
earlier 17014 17027 17053 17059 17064 17065 17077 17091 17120 17127 
early 17023 17050 17051 17068 17070 17071 17079 
earn 17017 17031 17032 17034 17035 17037 17054 17113 
earnings 17013 17014 17061 17079 17096 
earthquake 17054 
ease 17051 17071 
easier 17070 
easing 17058 
east 17007 17064 17108 
easter 17003 17023 
easy 17055 
ec 17092 17131 
economic 17011 17017 17023 17047 17050 17058 17068 17072 17075 17106 17119 17126 
economics 17036 17085 17119 
economies 17119 
economists 17027 17036 17043 
economy 17018 17027 17040 17043 17047 17050 17068 17072 17083 17084 17085 17106 17119 17126 
econonic 17050 17068 
ecuador 17038 17054 
ecuadorean 17054 
edible 17131 
edison 17024 
edition 17084 
edt 17003 17012 17129 
edwin 17114 
effect 17043 17047 17050 17068 17072 17077 17116 17119 
effective 17052 17095 17101 17102 17116 17117 
effects 17050 17058 17068 
efficiency 17096 
efforts 17017 17063 17083 17096 17121 17126 
egx 17011 
eindhoven 17103 
elderly 17070 
elders 17007 17053 17127 
elect 17007 
election 17055 
elections 17043 17055 
electorate 17055 
electric 17049 17103 
electrolytic 17007 17118 
elements 17023 
elliott 17053 
elxa.s 17053 
emergency 17047 17054 17072 
emotional 17070 
emphasis 17018 
emphasize 17126 
employs 17103 
enable 17004 
enacted 17017 17023 
enagage 17036 
encompass 17126 
encourage 17018 
encouraged 17018 
encouraging 17018 
end 17019 17027 17036 17040 17074 17083 17094 17096 17100 17121 17123 
end-february 17042 
end-march 17061 
end-october 17043 
ended 17023 17035 17036 
ending 17103 17131 
ends 17070 
energex 17011 
energy 17003 17019 17054 17080 17093 17120 17128 17133 
enforcement 17023 
engines 17049 
england 17089 17094 
enhance 17110 
enhanced 17079 
enhancements 17026 
ensure 17050 17068 
entered 17005 17023 
enterprise 17126 
entire 17007 17082 17118 17123 
entities 17004 
entitled 17076 
entity 17004 
envoy 17033 17083 17119 
envy 17126 
enzymes 17056 
epa 17050 17068 
equal 17113 
equaled 17014 
equally 17083 
equipment 17006 17029 17075 17085 17103 17125 
equitable 17084 
equity 17081 
equivalent 17036 17042 
ernest 17023 
error 17027 
erupt 17083 
espinosa 17054 
estate 17082 
estimate 17010 17018 17036 17131 
estimated 17023 17036 17059 17069 17078 17089 17094 17099 
estimates 17010 17038 17060 
eugene 17093 
europe 17058 17123 
european 17056 17087 17092 17123 17131 
evaluation 17011 
event 17070 17098 
events 17008 
eventually 17026 
evidence 17036 17065 17083 
exact 17018 
exceed 17054 17106 
exceeding 17123 
excellent 17067 
excess 17017 
excessive 17030 
exchange 17004 17014 17018 17020 17025 17030 17047 17050 17061 17062 17068 17069 17072 17078 17090 17110 17115 17119 17126 
exchanged 17029 
excise 17060 
excludes 17031 17034 
excluding 17091 
executive 17002 17019 17038 17061 17070 17099 17120 17133 
executives 17012 
exemption 17060 
existing 17054 17110 
exludes 17037 
expand 17050 17068 17075 17112 
expanding 17058 
expansionary 17018 17119 
expansive 17058 
expect 17004 17036 17083 17119 
expectations 17077 
expected 17020 17023 17027 17047 17057 17059 17070 17072 17074 17075 17076 17083 17085 17112 17114 17131 
expects 17003 17036 17079 17100 17112 
expended 17047 17072 
expenditures 17091 
expense 17079 
expire 17040 17043 17048 17109 
expired 17127 
explain 17075 
explained 17130 
exploitation 17054 
exploration 17054 17080 17096 17108 
explore 17081 
explorer 17079 
explores 17122 
export 17038 17054 17060 17074 17094 17101 17111 17131 
export-import 17075 
exportable 17092 
exporters 17131 
exporting 17074 
exports 17050 17054 17060 17068 17074 17084 17085 17092 17106 17119 
expressed 17070 
extended 17046 17048 17049 17074 
extends 17048 
extension 17054 
extent 17058 17088 
external 17106 17126 
extraordinary 17031 17034 
extras 17095 
exxon 17096 17102 
f-4 17117 
f.n 17094 
f.o 17123 
f0001 17055 
f0368 17056 
f0376 17057 
f0379 17058 
f0409 17059 
f0423 17060 
f0430 17061 
f0444 17062 
f0463 17063 
f0469 17064 
f0471 17065 
f0474 17066 
f0488 17067 
f0493 17068 
f0538 17069 
f0558 17070 
f0610 17071 
f0612 17072 
f0623 17073 
f0657 17074 
f0659 17075 
f0670 17076 
f0696 17077 
f0697 17078 
f0708 17079 
f0714 17080 
f0734 17081 
f0750 17082 
f0766 17083 
f0791 17084 
f0811 17085 
f0818 17086 
f0820 17087 
f0848 17088 
f0874 17089 
f0892 17090 
f0974 17091 
f1005 17092 
f1014 17093 
f1019 17094 
f1052 17095 
f1097 17096 
f1149 17097 
f1165 17098 
f1170 17099 
f1176 17100 
f1195 17101 
f1265 17102 
f1270 17103 
f1273 17104 
f1313 17105 
f1322 17106 
f1328 17107 
f1358 17108 
f1395 17109 
f1400 17001 
f1404 17110 
f1410 17111 
f1416 17002 
f1418 17003 
f1432 17112 
f1439 17113 
f1442 17004 
f1446 17005 
f1448 17114 
f1466 17006 
f1469 17115 
f1476 17116 
f1486 17007 
f1500 17008 
f1502 17117 
f1503 17009 
f1510 17118 
f1531 17119 
f1534 17120 
f1537 17010 
f1546 17121 
f1591 17011 
f1595 17122 
f1605 17012 
f1606 17013 
f1611 17014 
f1618 17015 
f1621 17123 
f1633 17016 
f1634 17017 
f1636 17124 
f1638 17018 
f1640 17125 
f1651 17126 
f1655 17127 
f1661 17128 
f1672 17019 
f1702 17020 17129 
f1716 17130 
f1728 17131 
f1729 17132 
f1739 17133 
f1751 17134 
f1756 17021 
f1763 17022 
f1766 17023 
f1778 17024 
f1796 17025 
f1800 17026 
f1823 17027 
f1842 17028 
f3036 17029 
f3040 17030 
f3044 17031 
f3052 17032 
f3056 17033 
f3060 17034 
f3062 17035 
f3063 17036 
f3066 17037 
f3073 17038 
f3076 17039 
f3077 17040 
f3091 17041 
f3092 17042 
f3094 17043 
f3095 17044 
f3111 17045 
f3114 17046 
f3115 17047 
f3117 17048 
f3120 17049 
f3123 17050 
f3135 17051 
f3162 17052 
f3171 17053 
f3186 17054 
face 17070 
faced 17094 
faces 17018 
facilities 17103 
facility 17116 17130 
fact 17036 
faction 17070 
factor 17058 17091 
factories 17083 
factors 17036 
failed 17076 17083 17088 
fails 17043 
fair 17017 17036 17074 
fairchild 17004 
fall 17018 17036 17047 17050 17068 17072 17077 17085 17126 
falling 17041 17066 17077 17096 17131 
family 17013 17026 17081 
farm 17083 17121 
farmers 17091 17123 17125 
farming 17111 
fast 17085 
fate 17083 
favor 17076 17109 
favour 17018 
favourable 17067 
favoured 17119 
favourite 17018 
fca 17121 
fear 17043 
fears 17018 17023 
feasable 17011 
february 17010 17018 17027 17042 17050 17058 17062 17068 17091 17094 17107 17119 17126 
fed 17005 17036 17088 17098 
federal 17004 17005 17034 17036 17039 17088 17093 17098 17114 17119 17121 17134 
federation 17074 
fee 17009 
feed 17022 
feeling 17033 
fees 17018 
fell 17014 17050 17068 17092 
fellow 17070 
fen 17004 
fernandez 17038 
ferro 17124 
fiat 17094 
fiat.mi 17094 
field 17103 17110 
fight 17017 17023 17070 
fighting 17083 
figure 17027 17062 
figures 17036 17047 17054 17055 17072 
filed 17030 17039 17134 
filing 17004 
filter 17060 
final 17047 17072 17075 17085 17096 17099 
finalised 17001 17094 
finalized 17111 
finance 17047 17070 17072 17075 
financed 17023 
financial 17006 17023 17029 17094 17098 17114 17121 
financiers 17023 
financing 17075 17081 17111 
find 17070 
finding 17030 
fine 17123 
finishes 17070 
firm 17039 17049 17050 17068 17120 
firmed 17036 
firms 17007 17039 17074 
first-quarter 17129 
fiscal 17015 17023 17043 17075 
fitzwater 17083 17128 
five-year 17011 17077 
fix 17064 
fixed 17018 17064 
fixing 17064 
fla. 17113 
flat 17014 
flexibility 17018 
flexible 17075 
flies 17119 
flight 17018 
floor 17090 
flow 17126 
flowing 17126 
fob 17022 
focus 17126 
foe 17124 
follow 17004 
food 17027 
force 17069 17078 
forced 17036 17040 17043 
ford 17094 
forecast 17010 17128 
foreign 17004 17014 17020 17047 17061 17062 17069 17072 17075 17078 17083 17084 17100 17106 17107 17126 
foreigners 17023 17107 
form 17070 17094 17113 17120 
formed 17094 17116 17133 
fort 17037 
forthcoming 17126 
foster 17126 
found 17080 17125 
fourth 17061 17096 17099 17100 
france 17010 17067 17103 17123 
francs 17061 17088 
frankfurt 17064 17065 17088 
frd 17076 
free 17004 17036 
fremont 17116 
french 17010 17067 
frenchman 17110 
fresh 17083 
friction 17023 17083 
frictions 17083 
friday 17003 17028 17048 
friedman 17076 
friend-of-the-court 17030 
friendly 17081 
front 17023 
frosts 17123 
fslic 17114 
ftc 17004 
fuel 17101 
fuel-efficient 17049 
fueled 17083 
fuelled 17027 
fulfilled 17119 
full 17014 17023 17060 17101 
fully 17111 17126 
fund 17004 17020 17036 17075 
fundamental 17058 
fundamentals 17058 17119 
funding 17110 
funds 17005 17018 17036 17075 17111 17114 
furnish 17118 
future 17008 17070 17119 
g-7 17126 
ga. 17035 
gain 17031 17037 17091 17096 17100 
gaining 17091 
gains 17013 17055 
gallon 17101 17102 
gap 17114 
gas 17079 17080 17093 17096 17100 17101 17125 
gasoline 17101 17125 
gathers 17036 
gatt 17092 17126 
gave 17054 17070 17084 17092 
gbl.to 17122 
gca 17029 
gdp 17018 
ge 17049 
ge.n 17103 
gec 17103 
gec.l 17103 
general 17030 17049 17056 17070 17092 17094 17103 17116 
generally 17067 17114 
generated 17018 
generating 17070 
generation 17096 
geneseo 17016 
geneva 17056 17092 
george 17004 17119 
gephardt 17083 
gerald 17007 
german 17119 17123 
germany 17065 17083 17087 17103 17119 
gesture 17069 17078 
get-tough 17023 
giants 17023 
giving 17004 
glendale 17034 
glenfed 17034 
gln 17034 
global 17023 
gloeilampenfabrieken 17103 
glut 17070 
gm 17094 17116 
gmt 17064 17088 17129 
gnp 17018 17047 17072 17085 17119 
goal 17023 
gold 17011 17062 17096 17106 17122 
gold-bearing 17122 
goldenball 17122 
goldenbell 17122 
golkar 17055 
good 17036 17047 17067 17072 17097 17123 
goods 17023 17075 17083 17126 
government 17004 17005 17023 17027 17040 17043 17050 17053 17060 17063 17068 17070 17075 17098 17119 17131 
governor 17018 17051 17071 
grade 17087 
grades 17101 
grain 17010 17022 17057 17092 
gramm 17023 
gramm-rudman-hollings 17023 
granted 17122 
graphic 17009 
grapple 17070 
grave 17070 
gray 17114 
great 17043 
greater 17114 17126 
greedy 17070 
grew 17061 17114 
grip 17036 
gross 17079 
group 17004 17013 17029 17037 17038 17083 17085 17094 17103 17106 17110 17126 17134 
groups 17019 17095 17101 
grow 17023 17085 
growers 17038 17123 
growing 17018 17083 
growth 17042 17047 17050 17058 17063 17068 17072 17074 17075 17084 17085 17119 17126 
guarantee 17111 
guaranteed 17111 
guarantees 17092 
guatemala 17038 
guesstimated 17090 
guesstimates 17090 
guesstimating 17090 
guilders 17069 17078 17103 
guillermo 17027 17054 
guilty 17083 
guinea 17038 
gulf 17018 17093 17108 17117 
gyrate 17023 
ha 17010 
hagensborg 17111 
hailed 17043 
hakata 17073 
half 17075 17103 
half-hour 17064 
hallwood 17029 
halt 17126 
halted 17054 17073 
halting 17126 
halved 17106 
hampshire 17023 
hand 17083 
handle 17026 17043 
hands 17063 
hang 17070 
hara 17043 
harare 17106 
harbor 17102 
harbour 17073 
hard 17010 
hardline 17083 
harm 17126 
hart-scott-rodino 17004 
harvest 17131 
harvested 17010 
harvests 17038 
haven 17018 
hbc.to 17082 
head 17090 
headline 17133 
headlined 17133 
headquarters 17006 17048 17092 17103 
heads 17043 
health 17115 
healthy 17114 
heard 17083 
hearing 17114 
heat 17023 17102 
heating 17102 
heavily 17018 17045 17047 17072 
heavy 17064 17094 17101 
hectares 17010 17067 17123 
held 17001 17004 17042 17076 17093 17131 
helmut 17119 
helped 17014 17096 
hgs.v 17111 
high 17023 17027 17030 17076 17084 17093 17108 17119 
high-grade 17011 
high-level 17047 17072 
higher 17017 17023 17027 17060 17061 17079 17096 17128 
highest 17036 
highs 17058 
hike 17109 17128 
hikes 17023 
hinted 17119 
hintz 17019 
historic 17038 
hit 17018 17058 17083 17094 17117 
hits 17117 
hog 17090 
hold 17012 17036 17038 17081 17119 17131 
holder 17099 
holders 17099 17113 
holding 17083 17131 
holdings 17042 17053 17062 
holds 17004 17094 
holiday 17003 17028 17051 17071 
holland 17002 
hollings 17023 
home 17034 17083 17114 
hong 17074 
hong-kong 17074 
honoring 17083 
hood 17104 
horizon 17035 
hostile 17083 
hour 17109 
house 17023 17040 17043 17083 17090 17114 17128 
houston 17076 17099 
hrzn 17035 
hubert 17110 
hudson 17082 
huge 17023 17036 
huntsville 17013 
hurdles 17099 
hurt 17017 17018 
hwg 17029 
hyundai 17104 
ibc 17001 
ibm 17009 
ico 17038 
ico-coffee 17038 
idea 17023 
ifc 17020 
ii 17023 
iii 17014 
ill 17007 
ill. 17016 
imar.o 17016 
imark 17016 
imbalance 17033 
imbalances 17058 17126 
imf 17119 
impact 17004 17079 17096 
impair 17004 
impaired 17079 
implemented 17029 17106 
import 17057 17075 17092 17105 17106 
important 17047 17058 17070 17072 17103 17126 
importers 17057 
imports 17040 17043 17057 17059 17075 17092 17106 17131 
impose 17083 17114 
imposed 17075 17083 
impossibility 17051 17071 
improve 17096 17100 17112 
improved 17097 17106 
improvement 17079 17096 
improvements 17004 
improving 17075 
inaugurated 17054 
inc. 17133 
inca 17122 
include 17007 17075 17087 17092 
included 17006 17007 17027 17083 17096 17110 
includes 17013 17037 
including 17023 17049 17083 17099 17101 
income 17014 17036 17043 17054 17091 17100 17129 
inconceivable 17036 
increase 17011 17027 17043 17063 17075 17079 17084 17091 17095 17102 17109 17110 17113 17114 17122 17128 
increased 17014 17079 
increases 17008 17013 17027 17095 17124 
increasing 17124 
increasingly 17027 
increments 17007 
incurred 17014 
indemnification 17124 
independence 17106 
independent 17048 17117 
index 17027 
india 17038 17060 17105 
indian 17105 
indirect 17070 
individual 17004 
individually 17004 
indonesia 17055 
inds 17016 
industri 17056 
industrial 17040 17043 17106 17119 17126 
industrialised 17070 
industries 17004 17015 17016 17035 17076 
industry 17012 17070 17101 17106 17120 
inflation 17018 17027 17058 17098 17128 17131 
information 17003 
inherited 17023 17070 
inhibit 17092 
initial 17009 17096 17122 
initiatives 17106 
injections 17036 
inoki 17070 
inquiry 17109 
inside 17073 
insignificant 17054 
insisted 17073 
insolvent 17114 
inspection 17104 
institute 17001 17003 17027 17028 17038 17070 17085 17111 17126 
institutions 17020 17114 
insulin 17056 
insurance 17114 
intact 17130 
intellectual 17126 
intelstat 17039 
intend 17051 17071 
intended 17112 17121 
intends 17126 
intense 17096 
intent 17004 17086 
intention 17115 
inter-bank 17018 
interational 17122 
interbank 17063 
intercepted 17117 
interest 17014 17018 17023 17029 17051 17052 17056 17063 17071 17075 17077 17079 17082 17093 17110 17119 17122 
interested 17020 
interests 17084 17122 
intermittent 17043 
international 17002 17007 17023 17038 17039 17053 17058 17070 17079 17096 17103 17122 
intervene 17064 
intervened 17041 17045 17047 17064 17065 17066 17069 17072 17078 17088 
intervenes 17041 17066 
intervention 17047 17058 17065 17069 17072 17078 17088 
interview 17033 17061 17131 
intrastate 17080 
introduce 17040 17043 17070 
introduced 17009 17026 17043 17060 17070 
introduces 17009 
inventories 17028 
inventory 17003 17037 17096 
investment 17004 17008 17017 17018 17025 17075 17085 17103 17115 17127 
investments 17018 17020 17119 
investor 17004 17018 17107 17115 
investors 17018 17020 17056 17087 17107 
involve 17056 17080 17092 17094 
involved 17047 17072 17094 
involving 17023 17030 
ipi 17106 17129 
iran 17117 
iran- 17018 
iranian 17018 17117 
iraq 17018 17117 
iraqi 17117 
iri.to 17122 
iron-steel 17095 
irreparable 17070 
island 17093 
isobutane 17101 
issue 17008 17024 17043 17070 
issued 17003 17039 17048 17056 17087 
issues 17017 17083 17086 17126 
issuing 17008 17056 
isum.t 17094 
isuzu 17094 
italy 17103 
item 17070 
items 17096 
iveco 17094 
ixl 17053 17127 
izuzu 17094 
jakarta 17055 
james 17025 17126 
james-baker 17126 
jamestown 17122 
janet 17070 
january 17027 17043 17059 17091 
japan 17021 17023 17033 17036 17040 17041 17043 17044 17047 17050 17051 17058 17059 17064 17066 17068 17070 17071 17072 17073 17075 17077 17083 17087 17103 17107 17119 17126 17132 
japanese 17023 17033 17040 17043 17047 17051 17059 17070 17071 17072 17073 17083 17094 17126 17132 
japanese-u.s 17083 
javier 17054 
jeffrey 17036 
jeopardized 17004 
jet 17101 
jim 17113 17121 
jimmy 17023 
job 17070 17109 
jobs 17083 17085 
john 17012 17053 17076 17083 17130 
johnson 17036 
join 17017 17120 
joint 17043 17054 17057 17058 17094 17103 17116 
joint-venture 17116 
jorio 17001 
jose 17038 
joseph 17019 
judgement 17050 17068 
judgment 17083 
july 17022 17105 17113 17121 17131 
june 17021 17040 17043 17057 17070 17091 17105 17113 17120 17132 
june/early 17022 
jungle 17054 
jury 17080 
justice 17004 
jwc 17113 
kansas 17083 
kaplan 17120 
keeping 17131 
kenneth 17002 
kenzaburo 17043 
kerosene 17101 
key 17018 17023 17036 
kiichi 17047 17070 17072 
kill 17040 17043 
kilo 17060 17131 
kilos 17060 
kimberley 17109 
kit 17094 
kitakyushu 17073 
km 17054 
kobe 17073 
kong 17074 
korea 17022 17074 17083 
korean 17074 17104 
kuwait 17018 
kuwaiti 17018 
ky. 17025 
kyodo 17043 
la 17027 
labelled 17023 
labor 17129 
lacks 17114 
lago 17054 
land-based 17111 
languetin 17058 
large 17023 17038 17047 17072 17075 17083 17096 17117 
large-scale 17075 
largely 17126 
largest 17084 17097 17099 17107 17127 
last-half 17021 17132 
lastest 17096 
lasting 17058 
late 17022 17023 17036 17070 17075 17076 
late-sown 17123 
launches 17026 
law 17017 17023 17030 17039 
laws 17030 
layoffs 17116 
lb 17007 17118 
lbs 17007 17118 
ldp 17043 17047 17070 17072 17075 
lead 17024 17109 
lead-free 17125 
lead-zinc 17109 
leaded 17101 17125 
leader 17012 17083 
leaders 17040 17043 17070 17083 
leading 17040 17043 17096 17126 
leaning 17018 
leases 17093 
leasing 17006 
leave 17077 
leaves 17040 17043 17047 17051 17071 17072 17131 
leaving 17131 
led 17007 17075 
leeds 17036 
left 17010 17036 17120 
legal 17039 
legislation 17017 17023 17083 17126 
legislators 17017 17023 
lend 17121 
lending 17018 17087 17121 
letter 17039 17083 17086 
level 17023 17061 17077 17084 17119 
levels 17038 17106 
levied 17070 
levy 17070 
liabilities 17036 
liability 17080 
liberal 17012 17040 17043 17047 17070 17072 17075 
license 17009 
licht 17123 
life 17011 17024 
lifting 17083 
light 17017 17101 
likley 17083 
limit 17004 17027 17074 17084 
limited 17023 17125 
lin 17115 
line 17026 17075 17111 
lines 17026 
link 17054 17094 
liquid 17063 
liquidity 17087 17089 
liquids 17079 
listed 17056 
listing 17056 
listings 17056 
lively 17080 
livestock 17090 
living 17126 
ln 17032 17035 
loan 17014 17034 17112 17114 
loan-losses 17014 
loans 17014 17034 17112 
loc 17032 
local 17018 17039 17043 
located 17120 
location 17130 
locations 17130 
loctite 17032 
london 17001 17056 17089 17094 17105 17110 
long 17011 17048 17058 17070 17109 17119 17125 
long-term 17077 
longer 17130 
looked 17027 
loosen 17109 
losing 17094 
loss 17014 17015 17034 17035 17037 17043 17070 17079 17092 17094 17100 
losses 17014 17094 17100 17114 17121 
lost 17054 17074 
louis 17007 
louisville 17025 
louvre 17058 17119 17126 
love 17099 
low 17036 17041 17044 17050 17064 17066 17068 17088 17094 17131 
lower 17014 17023 17027 17030 17036 17040 17043 17052 17061 17079 17096 17100 17116 17119 
lowest 17007 17052 17091 
lows 17058 
lp 17080 
lpg 17101 
ltd. 17079 
luton 17094 
lynch 17020 17030 17036 
m-1 17036 
m-3 17042 
m-4 17063 
macroeconomic 17126 
made 17048 17049 17050 17055 17059 17068 17077 17083 17086 17092 17101 17126 
madrid 17027 17063 17131 
magazine 17013 
magnitude 17036 
main 17038 17085 17108 
mainstay 17070 
maintained 17027 
maintains 17027 
maize 17057 17092 
major 17004 17017 17018 17023 17040 17043 17045 17047 17072 17084 17126 17131 
majority 17023 
make 17004 17018 17075 17123 
make-up 17018 
maker 17029 17119 
makers 17074 
making 17051 17060 17071 17094 17119 
malcolm 17084 
managed 17122 
management 17004 17073 17075 
manager 17024 17130 
manages 17122 
managing 17009 17119 
mandate 17023 
mandates 17039 
manufacture 17094 
manufactured 17075 
manufacturers 17094 
manufactures 17094 
manufacturing 17029 17091 17094 17106 17116 
map 17038 
margins 17079 17096 
mario 17038 
mark 17119 
mark-up 17030 
mark-ups 17030 
marked 17023 
market 17005 17006 17018 17036 17041 17051 17064 17065 17066 17069 17071 17077 17078 17083 17088 17089 17092 17094 17098 17101 17105 17130 
marketing 17094 17096 17131 
markets 17023 17047 17058 17065 17069 17072 17078 17080 17083 17084 17096 17098 17130 
marks 17064 
marlin 17083 17128 
maroc 17112 
martin 17119 
maryland 17134 
masamichi 17070 
mass. 17029 
matched 17091 
matching 17103 
materials 17007 
maximum 17054 
may/first-half 17021 17132 
mccarthy 17036 
mdt 17012 
means 17070 
measure 17063 17083 17126 
measured 17018 
measures 17018 17023 17047 17050 17058 17068 17072 17075 
mechanicsburg 17134 
mechanism 17023 17104 
mediation 17040 17109 
medical 17103 17134 
meet 17012 17023 17027 17038 17119 17121 17126 17131 
meeting 17004 17017 17038 17048 17051 17056 17058 17071 17076 17083 17099 17103 17126 
meetings 17083 
meets 17070 
melbourne 17052 
member 17054 17070 17087 17121 
members 17081 17114 
memorandum 17094 
mercantile 17090 
merchant 17117 17118 
merger 17039 17076 17081 17099 17103 
merit 17134 
merlin 17026 
merrill 17020 17030 17036 
met 17048 17083 17134 
metals 17007 17118 
meters 17079 
methods 17007 
metropolitan 17130 
mexico 17038 17093 17108 
michael 17023 
michel 17119 
michio 17070 
mid-1987 17049 
mid-april 17123 
midnight 17043 17048 
midwest 17125 
mild 17038 
milds 17038 
military 17094 17117 
millions 17083 
mine 17109 17122 
minerals 17011 
mines 17054 
minimal 17069 17078 
minimum 17001 17007 17101 
mining 17106 
minister 17040 17043 17047 17051 17054 17060 17070 17071 17072 17075 17083 17119 
ministers 17050 17054 17068 
ministry 17010 17075 
minneapolis 17007 
mint 17007 17118 
missed 17023 
misses 17023 
missouri 17083 
mistake 17070 
mixed 17085 
miyazawa 17045 17047 17070 17072 
model 17116 
models 17104 
moderate 17041 17066 17069 17078 17083 
moderately 17096 
modernize 17112 
modest 17036 
monday 17109 
monetary 17018 17036 17058 17075 
money 17018 17023 17036 17042 17058 17063 17070 17089 17114 
money-fx 17005 17018 17041 17044 17047 17058 17063 17064 17065 17066 17068 17069 17072 17078 17088 17089 17126 
money-supply 17036 17042 17051 17063 
monitor 17009 
montebello 17115 
month 17018 17019 17038 17043 17050 17052 17054 17061 17062 17068 17091 17107 17123 17128 
month-on-month 17050 17068 
monthly 17001 17050 17062 17068 17092 
months 17001 17020 17042 17043 17061 17063 17083 17106 17107 17128 
moody 17024 17087 
moore 17098 
morgan 17024 
morocco 17112 
mortgage 17024 
moslem-based 17055 
motion 17104 
motor 17085 17094 17116 
motorists 17125 
motors 17086 17094 17116 
move 17040 17043 17070 
moved 17023 17101 17129 
movements 17073 17101 
moving 17036 17069 17078 17099 
mths 17032 17034 17035 
municipal 17030 
mutual 17004 17036 17042 17052 
n't 17036 17070 17121 
n.v. 17004 
n.y. 17007 17118 
nagoya 17073 
nakasone 17040 17043 17047 17051 17070 17071 17072 17075 17083 
named 17023 17134 
names 17002 
nanaimo 17111 
naphtha 17101 
nasdaq 17006 
nat-gas 17079 17080 17093 17096 17100 17101 17108 
nation 17058 17070 17099 17128 
national 17006 17027 17030 17042 17052 17055 17058 17065 17073 17088 17112 17129 17130 
nationale 17086 
nationalist 17055 
nations 17038 17045 17047 17054 17070 17072 17074 17075 17083 17087 17119 17126 
nationwide 17130 
natural 17079 17080 17093 17096 
naval 17117 
nbl 17108 
needed 17076 17114 
needing 17121 
negative 17096 
negotiate 17094 
negotiated 17023 
negotiating 17101 
negotiations 17073 17074 17084 
net 17014 17031 17032 17034 17035 17036 17037 17096 17100 17107 17114 17122 
netback 17101 
netcenter 17009 
netherlands 17004 17069 17078 17103 
network 17009 17112 17121 
networks 17009 17103 
neutral 17018 
newington 17032 
newly 17017 
news 17012 17043 17047 17054 17072 17098 
newspaper 17013 17061 17070 17119 
newspapers 17013 
nickel 17118 
nigeria 17054 
night 17003 17036 17077 17123 
nights 17003 
nikolaus 17061 
noble 17108 
noboru 17070 
non-accruable 17014 
non-accrual 17014 
non-borrowing 17087 
non-callable 17024 
non-ec 17092 
non-interest 17014 
non-oil 17018 
nonfarm 17129 
normal 17097 
norske 17111 
north 17103 
northern 17018 
norway 17062 
norway-based 17111 
norwegian 17062 17111 
not-used 17001 17002 17003 17004 17005 17006 17007 17008 17009 17010 17011 17012 17013 17014 17015 17016 17017 17018 17019 17020 17021 17022 17023 17024 17025 17026 17027 17028 17056 17057 17058 17059 17060 17061 17062 17063 17064 17065 17066 17067 17068 17069 17070 17071 17072 17073 17074 17075 17076 17077 17078 17079 17080 17081 17082 17083 17084 17085 17086 17087 17088 17089 17090 17091 17092 17093 17094 17095 17096 17097 17098 17099 17100 17101 17102 17103 17104 17105 17106 17107 17108 17109 17110 17111 17112 17113 17114 17115 17116 17117 17118 17119 17120 17121 17122 17123 17124 17125 17126 17127 17128 17129 17130 17131 17132 17133 17134 
note 17023 17027 17031 17034 17037 
noted 17018 17058 17092 17119 17123 
notes 17042 
notice 17004 17030 
notification 17004 
notifications 17004 
notified 17004 
nova 17116 
november 17039 17091 
novia 17111 
novo 17056 
nuclear 17017 
number 17076 17086 17114 17124 
numbers 17023 
nutshell 17023 
nv 17103 
nvo.co 17056 
nyt 17013 
o'keefe 17053 17127 
o'malley 17120 17133 
objected 17004 
obligated 17004 
observer 17070 
obtained 17048 
occasion 17058 
occupation 17070 
oct. 17023 
october 17040 17070 17113 
offer 17018 17023 17048 17053 17092 17127 
offered 17001 17007 17081 17109 17120 
offering 17024 17122 
offers 17007 17081 
office 17012 17070 17112 
officer 17002 17019 17099 17133 
officers 17134 
offices 17130 
official 17043 17075 17092 
officials 17027 17050 17051 17055 17068 17071 17075 17083 17121 
offset 17043 17054 17079 
offsetting 17014 
offshore 17093 
ohio 17124 
ohio-based 17103 
oil 17003 17012 17015 17018 17028 17046 17048 17054 17079 17093 17096 17100 17101 17102 17108 17110 17117 17120 17125 17131 17133 
oilfield 17015 
oilfields 17054 
oils 17131 
oilseed 17010 17021 17131 17132 
okla. 17100 17108 
olein 17105 
olin 17007 
one-for-50 17029 
one-point 17063 
one-third 17083 
one-year 17040 17043 
opec 17054 17101 17128 
open 17011 17023 17064 17065 17083 17104 
opened 17023 17041 17066 17083 
opening 17083 
oper 17031 17034 17037 
operate 17130 
operating 17013 17020 17114 
operation 17011 17017 17111 
operations 17015 17042 17094 17096 17103 17109 
opinion 17043 17048 17070 
opportunity 17017 
opposed 17023 
opposition 17012 17023 17036 17043 
option 17122 
options 17049 
order 17001 17049 17054 
orderly 17101 
orders 17074 
ordinary 17053 17056 
ore 17109 17122 
organisation 17038 
organization 17130 
original 17074 
originally 17043 17075 17086 
osaka 17051 17071 17073 
oslo 17062 
ostensibly 17023 
ottawa 17012 17107 
ounce 17011 
outflow 17018 
outflows 17047 17072 
outlays 17075 
outlet 17018 
outlets 17130 
outlook 17085 
output 17060 17094 17131 
outstanding 17004 17013 17025 17036 17053 17107 17113 17115 
over-allotments 17122 
overhaul 17018 
overnight 17036 17063 
overseas 17075 17084 17096 
owned 17048 17056 17080 17086 17093 17101 17104 17106 17110 
owning 17094 
p. 17024 17081 
pa 17134 
pa. 17037 17095 
pace 17036 
pacific 17054 17081 
package 17036 17075 
packet 17060 
pact 17083 
paid 17007 17016 17080 
painewebber 17122 
paise 17060 
palm 17105 
palm-oil 17105 
panel 17047 17072 
paper 17023 17060 17119 
papua 17038 
paragraph 17133 
paris 17010 17058 17067 
parking 17036 
parliament 17012 17040 17043 17060 17070 
parliamentary 17043 
parrish 17015 
part 17018 17058 17063 17082 17103 
participate 17038 
participated 17108 
participating 17020 
parties 17043 17119 
partisan 17023 17039 
partly 17036 17085 17106 
partner 17093 
partners 17080 17093 17119 
partnership 17017 
parts 17123 
party 17012 17040 17043 17047 17055 17070 17072 17075 
pass 17040 17043 17083 17108 
passage 17023 17043 
passed 17023 17040 17043 17114 17128 
passengers 17049 
passes 17043 
past 17018 17038 17058 17075 17083 17094 17126 
path 17023 
pattern 17036 
paul 17119 
paulo 17020 
paving 17083 
pay 17023 17036 17054 17080 
payable 17113 
payback 17011 
payment 17007 17016 17113 
payments 17106 
payrolls 17091 
pbx 17026 
pdvsa 17101 
peace 17070 
peking 17084 
penalize 17083 
pending 17098 17099 17114 
pennsylvania 17017 
perceive 17038 
perception 17083 
performance 17061 17079 17106 
period 17007 17036 17054 17061 17084 17096 17100 17123 
permanent 17042 
permit 17123 
perrodo 17110 
perry 17017 17054 
persists 17123 
personal 17083 17091 17130 
peru 17038 
pesetas 17131 
pet-chem 17079 
peter 17115 
petranol 17110 
petroleos 17101 
petroleum 17003 17012 17028 17046 17048 17079 17082 17093 17100 
pglo.as 17103 
phantom 17117 
phibro 17118 17120 17133 
phil 17023 
philipp 17007 17118 
philips 17103 
phillips 17100 
phones 17026 
physician 17115 
picker 17103 
picture 17085 17126 
pierre 17058 
pipeline 17054 
pipelines 17080 
pits 17011 
pitting 17023 
pittsburgh 17017 17093 
place 17001 17008 17088 
placing 17014 
plan 17023 17029 17040 17043 17070 17075 17083 17092 
planes 17117 
planned 17054 17095 17098 17119 
planning 17050 17051 17068 17071 17103 
plans 17001 17028 17047 17060 17070 17072 17103 17113 17116 17119 
plant 17017 17075 17085 17094 17116 
planters 17067 
planting 17097 
plantings 17010 17067 
play 17018 
plc 17048 17053 17094 17103 17110 
pledge 17119 
point 17064 17077 
pointed 17036 17126 
points 17024 17073 
policies 17017 17058 17070 17087 17119 17126 
policy 17018 17036 17051 17058 17071 17075 17106 17119 17126 17131 
political 17036 17040 17043 17069 17070 17078 
politicians 17070 
polls 17055 
pony 17104 
popular 17070 
port 17054 
portion 17023 
portions 17125 
ports 17073 
position 17026 17030 17081 17106 
positioned 17126 
positive 17058 17096 
posner 17023 
possibility 17054 17081 
possibly 17051 17071 17121 
post-split 17113 
post-war 17044 17050 17064 17068 
posted 17101 
postes 17112 
posting 17101 
postings 17101 
postpone 17059 
postponement 17059 
postponements 17059 
posture 17036 
potential 17038 
power 17096 17106 
powerful 17070 
practices 17083 
pratt 17049 
pre-split 17113 
predict 17023 
predicted 17040 17085 
preferred 17004 
preliminary 17073 
preparation 17067 
prepared 17018 17119 
prepares 17023 17075 
preparing 17023 
prepayment 17034 
presence 17110 
present 17043 
president 17001 17002 17017 17019 17023 17055 17058 17083 17119 
press 17023 17038 17084 
pressing 17083 
pressure 17023 
prevailing 17013 17052 17058 17096 
prevent 17041 17058 17066 17088 
prevented 17036 
previous 17010 17018 17041 17062 17066 17079 17107 
previously 17014 17029 17036 17048 17091 17125 17127 
price 17008 17015 17018 17021 17026 17027 17037 17095 17101 17102 17128 17131 17132 
priced 17024 
prices 17007 17023 17027 17079 17085 17095 17096 17098 17100 17101 17128 17131 
primarily 17096 
primary 17080 
prime 17040 17043 17047 17051 17052 17070 17071 17072 17075 17077 17083 
principle 17058 
prior 17004 
priority 17080 
private 17030 17042 17075 17085 17109 
priya 17060 
problems 17017 17023 17121 
procedures 17075 17114 
proceed 17053 
proceeds 17036 17082 17122 
process 17023 
processes 17122 
processing 17109 
procure 17118 
procurement 17075 
produce 17058 17116 
produced 17104 17109 17123 
producer 17018 17056 
producers 17080 17131 
producing 17036 17038 17093 
product 17009 17026 17096 17101 17125 17129 
production 17038 17079 17094 17096 17100 17103 17106 17108 17116 17119 
productive 17018 17126 
productivity 17129 
products 17026 17079 17083 17092 17096 17101 17103 
professional 17103 
professor 17070 
profit 17013 17035 17037 17096 
profitability 17011 
profits 17061 17096 17122 
program 17075 17082 17100 
progress 17023 17083 17086 17123 17126 
prohibit 17030 
project 17011 17103 17112 
projected 17036 17106 
prominence 17023 
promise 17023 
promised 17075 17083 
promises 17023 17083 
promising 17023 17061 
promote 17075 17126 
promoting 17126 
prompt 17018 
propane 17101 
properties 17019 17122 
property 17031 17126 
proposal 17040 17043 
proposals 17094 
propose 17023 
proposed 17012 17039 17076 17109 
prospect 17018 
protectionist 17126 
protested 17039 
protracted 17023 
prove 17043 
proven-probable 17011 
provide 17036 17076 17112 17114 17118 
provided 17048 17075 17087 17089 
providing 17112 
provision 17014 17092 
provisional 17055 
provisions 17030 17124 
provoke 17018 
proxmire 17114 
public 17030 17043 17063 17075 17085 17122 
published 17008 17119 
published-testset 17001 17002 17003 17004 17005 17006 17007 17008 17009 17010 17011 17012 17013 17014 17015 17016 17017 17018 17019 17020 17021 17022 17023 17024 17025 17026 17027 17028 17056 17057 17058 17059 17060 17061 17062 17063 17064 17065 17066 17067 17068 17069 17070 17071 17072 17073 17074 17075 17076 17077 17078 17079 17080 17081 17082 17083 17084 17085 17086 17087 17088 17089 17090 17091 17092 17093 17094 17095 17096 17097 17098 17099 17100 17101 17102 17103 17104 17105 17106 17107 17108 17109 17110 17111 17112 17113 17114 17115 17116 17117 17118 17119 17120 17121 17122 17123 17124 17125 17126 17127 17128 17129 17130 17131 17132 17133 17134 
pump 17054 
pump-priming 17075 
pumped 17054 
pumping 17054 
purchase 17007 17029 17037 17053 
purchased 17001 17107 
purchases 17004 17023 17075 17096 17105 17107 
purchasing 17106 
purge 17070 
purpose 17101 
purposes 17075 17115 17131 
pursestrings 17023 
pursue 17119 
pushed 17027 17063 17064 
put 17010 17023 17047 17072 
puts 17074 
qantas 17049 
qtr 17014 17031 17032 17034 17035 17037 17096 
quake 17054 
quantities 17092 
quantity 17007 
quantum 17004 
quarter 17009 17013 17014 17026 17047 17061 17072 17079 17084 17096 17100 17101 
quarterly 17106 17113 
quarters 17013 17061 17100 
question 17083 
quickly 17083 
quota 17054 
quotas 17038 17106 
raids 17117 
railroad 17080 
raise 17004 17036 17074 17122 
raised 17029 17102 
raises 17004 17063 17102 17111 
raising 17024 17095 
rally 17077 
ram 17043 
range 17009 17049 17083 17101 17106 
ranged 17101 
ranging 17007 17083 
ranjan 17060 
rape 17010 
rapeseed 17010 17021 17132 
rapid 17098 
rapidly 17103 
ratably 17080 
rate 17013 17017 17018 17027 17036 17051 17052 17071 17077 17084 17091 17116 17126 17128 
rated 17024 
rates 17017 17018 17023 17050 17052 17063 17068 17075 17077 17079 17087 17119 17126 
rating 17017 17087 
ratzeburg 17123 
raw 17007 17059 17131 
rbd 17105 
re-elected 17124 
re-established 17101 
re-establishes 17101 
reach 17043 17061 17084 17121 
reached 17084 
reaching 17085 17086 
read 17133 
readings 17070 
ready 17023 17083 
reagan 17023 17033 17083 
real 17038 17082 17083 17106 
realistic 17119 
realities 17023 
reality 17023 17047 17072 
reappointment 17002 
reasons 17036 
rebate 17060 
recall 17104 
recalled 17104 
recapitalization 17114 
receive 17099 17111 
received 17007 17053 17081 
recent 17008 17017 17018 17038 17043 17050 17058 17068 
recently 17004 17017 17060 17097 17100 17126 
recess 17023 
recomendation 17027 
recommendation 17048 
recommendations 17047 17072 
record 17016 17023 17041 17061 17066 17083 17084 17107 17113 
recorded 17079 
recycle 17075 
recycled 17075 
redemptions 17036 
reduce 17075 17082 17119 17126 
reduced 17018 17060 17067 17094 17096 17116 
reducing 17036 
reduction 17058 17092 
reference 17050 17068 
referred 17101 
refined 17096 17105 
refiners 17059 
refining 17096 
reflecting 17036 17059 17096 
reflects 17087 17130 
reform 17038 17070 17106 
reforms 17075 
refunding 17024 
refusing 17023 
regie 17086 
region 17117 
regional 17013 
regions 17123 
regular 17092 17113 
regularly 17048 
regulations 17124 
regulatory 17017 17082 17099 17121 
rei 17070 
reiterated 17109 
rejected 17059 
related 17023 
relation 17058 
relations 17033 
relationship 17033 
relative 17033 
release 17028 17129 
released 17003 17028 17036 17055 17083 
relinquished 17058 
reluctant 17043 
remain 17070 17074 17083 17086 17126 17130 
remained 17014 17123 
remaining 17013 17093 17096 
remains 17050 17068 
reminded 17030 
removal 17079 
remove 17126 
rena.pa 17086 
renault 17086 
renewed 17050 17068 17126 
reorganization 17096 
repaired 17054 
repayment 17081 
repercussions 17023 
replace 17026 
replaced 17019 
reply 17109 
report 17003 17008 17028 17047 17050 17067 17068 17072 17098 17121 17129 17130 
reported 17013 17014 17065 17069 17078 17079 17091 17096 
reporters 17001 17043 17047 17050 17068 17072 
reports 17088 
repos 17036 
representatives 17090 
representing 17053 17096 
represents 17109 
republic 17038 17119 
republican 17023 17083 
republicans 17023 
repurchase 17005 17036 
repurchases 17005 
request 17004 17059 
requests 17075 
require 17026 17080 17121 
required 17030 17036 17121 
requirements 17030 
requiring 17018 
rescheduled 17129 
research 17039 
reserve 17005 17036 17042 17088 17098 17119 
reserves 17005 17011 17036 17062 
residents 17107 
resigned 17120 17133 
resolve 17017 17114 
resolved 17058 17086 
resources 17025 17079 17081 17106 17111 17114 17122 
respect 17110 
responding 17051 17071 
response 17004 17077 17101 
rest 17053 17057 
restated 17013 
restraint 17106 
restriction 17004 
restrictions 17004 
restrictive 17036 
restructure 17094 17130 
restructured 17039 
restructures 17130 
restructuring 17029 17037 17047 17072 17096 17130 
resubmit 17004 
result 17017 17023 17067 17076 17080 17106 
resulted 17042 17096 
resulting 17023 17037 
results 17055 17061 17096 17123 
resume 17054 
resurrected 17070 
retail 17018 
retaliation 17083 
retaliatory 17023 
retire 17019 
retirement 17079 
retires 17019 
return 17017 17101 
returned 17023 17117 
returning 17101 
revamp 17070 
revenue 17070 17079 
revenues 17015 17043 17096 
reverse 17029 17030 
review 17007 17043 17075 17106 
reviewing 17036 
reviews 17007 
revised 17042 17074 17091 
revive 17018 
revlon 17037 
revs 17031 17032 17034 17035 17037 
rica 17038 
rican 17038 
richard 17083 
rise 17027 17036 17042 17047 17050 17061 17062 17063 17068 17072 17091 17098 17128 17131 
risen 17074 
rises 17027 
rising 17085 17091 
risk 17018 
rivals 17074 
robert 17019 17083 
robust 17047 17072 
robusta 17001 
roebuck 17130 
role 17018 
rollins 17130 
root 17023 
ror 17037 
rorer 17037 
rory 17018 
rose 17013 17014 17027 17063 17074 17084 17091 
rot.l 17053 
rothmans 17053 
roughly 17018 
rover 17094 
roxy 17082 
royal 17025 17042 17052 
royalty 17079 
rpt 17010 
rrco.o 17025 
rudman 17023 
rulemaking 17030 
rules 17030 17080 17109 
ruling 17040 17043 17047 17055 17070 17072 17075 
ruling/opposition 17043 
rumors 17098 
rumours 17051 17071 
run 17011 17054 17069 17078 
running 17064 
runs 17054 17119 
safely 17117 
sagging 17040 17043 
salaries 17091 
sale 17001 17012 17029 17031 17037 17082 17092 17093 17108 
salem 17018 
sales 17001 17007 17036 17040 17043 17059 17069 17070 17078 17079 17092 17096 17100 17106 17107 17116 17130 
salmon 17111 
salomon 17020 17024 17120 17133 
samedan 17108 
samurai 17087 
san 17038 17080 
sanctions 17083 
sao 17020 
satellite 17039 
satisfaction 17058 
satisfactory 17027 17061 17084 
satisfy 17112 
satoshi 17051 17071 
saturday 17090 
savings 17042 17096 17114 
sb 17120 
sbgz.z 17061 
scale 17011 
schack 17017 
schedule 17073 17097 17116 
scheduled 17004 17043 17048 17059 17098 
scheme 17070 
schlesinger 17119 
school 17070 
science 17070 
scored 17117 
scotia 17111 
scramble 17036 
scrap 17043 
sea-land 17019 
sears 17130 
season 17010 
seasonal 17027 
seasonally 17091 
sec 17030 
secondary 17077 
secretary 17027 17070 17084 17119 17126 
section 17095 
sector 17018 17042 17075 
sectors 17061 
secure 17110 
securities 17004 17005 17020 17024 17025 17030 17061 17099 17115 
security 17004 17070 17081 
seed 17131 
seek 17023 17039 17119 17131 
seeking 17007 17115 
sees 17013 17036 17079 
segment 17054 
segments 17079 
sell 17001 17015 17082 17125 17130 
sell-out 17012 
selling 17064 17069 17078 17122 
sells 17024 17082 
semi-conductor 17023 
semiconductor 17029 17083 
semiconductors 17083 
sen. 17083 
senate 17023 17083 17114 
senator 17083 
senators 17023 17083 
senior 17012 17070 17087 
senn 17061 
sentiment 17041 17066 17083 
separate 17030 
sept. 17023 
september 17038 17054 17070 17074 17088 
series 17001 17023 17083 
served 17096 
service 17006 17015 17039 17043 17049 17081 17087 17106 17112 17125 
services 17015 17115 17126 
session 17038 17070 
set 17001 17018 17023 17041 17047 17055 17057 17066 17072 17080 17086 17088 17101 17109 
setback 17040 17043 
sets 17083 17086 
setting 17039 
settlements 17027 
severe 17033 17097 
shapes 17095 
share 17013 17014 17046 17048 17056 17079 17081 17082 17093 17096 17099 17100 17101 17103 17113 17122 
shareholders 17004 17017 17048 17076 17081 17099 17124 
shares 17004 17008 17025 17029 17048 17053 17056 17076 17082 17096 17100 17113 17115 17122 17124 17127 
sharp 17018 17050 17068 17128 
sharply 17036 17096 
shc.to 17079 
sheet 17062 
sheikh 17018 
shell 17079 
shift 17106 
shifting 17018 
shimbun 17070 
shimizu 17073 
shintaro 17033 17070 17083 17126 
ship 17073 17093 17108 17117 
shipment 17021 17022 17059 17105 17132 
shippers 17073 
shipping 17018 17117 
ships 17117 
shiratori 17070 
shoal 17093 17108 
short 17058 
shortage 17036 17089 
shortfall 17060 
shortly 17043 
shot 17117 
show 17013 17050 17068 17092 
showdown 17023 
showed 17027 17033 17055 17079 17096 
showery 17067 
shown 17083 
shr 17031 17032 17034 17035 17037 
shrank 17018 
shultz 17119 
side 17023 17054 
sidney 17118 
sie 17115 
sierra 17115 
sight 17073 
sign 17036 17101 
signed 17086 17094 
signers 17083 
signficant 17119 
significant 17004 17018 17076 17079 17119 
significantly 17004 17018 17079 17096 17106 
signing 17054 
signs 17050 17068 
similar 17023 17059 17074 
single 17049 17130 
situation 17061 17084 
size 17009 
skeptical 17070 17083 
slashing 17023 
slaughter 17090 
slice 17014 
slides 17023 
slightly 17036 
slow 17050 17068 17085 
slowdown 17085 17091 
slowing 17085 17119 17128 
slp 17093 
sluggish 17050 17068 
slump 17018 
small 17023 17026 17064 17094 
smaller 17094 
smelter 17109 
sna 17009 
snyder 17070 
so-called 17070 
soar 17107 
society 17042 17075 
soft 17010 17100 
soften 17096 
software 17026 
soil 17067 
sold 17023 17059 17088 17104 
sole 17121 
solely 17025 17115 
son.to 17122 
sonora 17122 
sooner 17121 
sorg 17081 
sorghum 17092 
soro 17004 
soros 17004 
sought 17059 17126 
sound 17087 
source 17023 17101 
sources 17018 17021 17022 17043 17059 17077 17092 17101 17112 17117 17120 17132 
south 17022 17023 17057 17059 17074 17083 17093 17104 
south-korea 17022 17074 17104 
southam 17031 
southern 17094 
soviet 17123 
sowing 17010 17097 
sowings 17010 17067 17123 
sown 17067 17123 
spa 17094 
space 17074 
spain 17027 17063 17092 17131 
spanish 17027 17092 17131 
spares 17049 
spc 17081 
speaker 17043 
speaking 17054 
special 17033 17050 17062 17068 17070 17076 17083 17092 17126 
specialised 17103 
speculation 17072 
speculative 17018 
speech 17126 
spending 17023 17083 17085 17091 
spirit 17026 17039 
spirt 17039 
split 17013 17029 17113 
spokesman 17005 17020 17048 17057 17063 17065 17073 17074 17083 17088 17094 17097 17098 17103 17109 17117 17120 17128 17131 
sponsoring 17083 
spot 17126 
spreading 17023 
spring 17023 17067 17097 
springs 17006 17019 
spur 17018 17083 
squeezing 17106 
sr 17081 
src 17081 
srd 17048 
srg 17081 
st. 17007 
stabilisation 17058 
stabilise 17050 17068 17119 
stabilised 17058 
stability 17119 17126 
stable 17074 17101 17126 
staffs 17130 
stages 17023 
staggering 17036 
stake 17004 17025 17081 17082 17094 17110 17122 
stamford 17007 17120 
stance 17083 17119 
stand 17002 
standard 17007 17046 17048 17126 
stanley 17024 
start 17001 17018 17020 17042 17043 17067 17094 17103 17131 
started 17036 17052 17075 
starting 17006 17023 17075 
starts 17026 17133 
state 17017 17027 17060 17101 17105 17106 17119 
state-owned 17049 17094 
statement 17036 17049 17053 17056 17098 17110 
states 17020 17023 17058 17083 17084 17104 17119 
stating 17070 
stations 17125 
statistic 17003 
statistics 17027 17028 17092 17107 
status 17014 
statutes 17039 
stc 17105 
steadied 17088 
steadily 17064 
steel 17095 
steelworkers 17109 
stemming 17043 17079 
step 17040 17043 17070 17099 
steps 17075 17126 
stg 17089 17094 
stimulate 17018 17047 17072 17083 17119 17126 
stimulating 17018 
stimulation 17119 
stm.to 17031 
stock 17004 17006 17008 17013 17018 17023 17025 17029 17036 17056 17107 17113 17115 17122 
stockholders 17113 
stockpiled 17106 17131 
stocks 17020 17107 17131 
stop 17064 
stopped 17094 
stores 17082 
story 17133 
strategic 17131 
strategy 17038 17101 
stream 17070 
street 17036 17076 
strengthen 17018 17026 
strengthened 17058 17096 
strengthening 17018 17126 
stressed 17126 
stretch 17054 
stricken 17023 
strife 17083 
strike 17073 17109 
strikes 17027 
strong 17074 17096 17126 
stronger 17018 17058 17079 17096 
strongly 17058 17119 
struck 17119 
structural 17095 
structure 17039 17067 
stuckert 17025 
study 17039 17085 
styrene 17079 
subcommittee 17114 
subject 17082 17099 
submits 17108 
submitted 17007 17050 17068 17108 
submitting 17007 
subsidiary 17009 17015 17053 17081 17093 17094 17102 17103 17108 17120 17133 
subsidies 17091 
substantial 17055 17058 17103 17106 17110 17126 
substitutes 17092 
succeed 17002 
success 17023 
suffered 17070 
sufficient 17125 
sugar 17059 17067 17097 17123 
suggested 17036 17065 17121 
suggesting 17098 
suharto 17055 
suit 17134 
sukkerfabrikker 17097 
sullivan 17109 
sulphur 17019 17079 17101 
sumita 17051 17071 
summit 17040 17043 17070 
sun 17093 
sun-oil 17131 
sunflower 17131 
sunoil 17131 
sunseed 17131 
supercomputers 17075 17083 
supplementary 17075 
supplier 17084 
suppliers 17029 17084 
supply 17005 17036 17042 17058 17059 17063 17080 17094 17118 17125 
support 17023 17036 17041 17047 17060 17066 17070 17072 17087 17130 
supported 17114 
supreme 17023 
surface 17047 17072 
surge 17036 
surplus 17031 17036 17075 17080 17106 17131 
surpluses 17023 17075 
survival 17070 
survive 17070 
suspended 17121 
sustainable 17084 
sustained 17050 17068 
sutton 17080 
swallow 17070 
sweeping 17036 
swiss 17056 17058 17065 17085 17088 
switching 17018 
switzerland 17058 17061 17065 17085 17088 
sydney 17042 17049 17053 
system 17005 17006 17026 17043 17070 17121 17128 
systems 17009 17026 17103 17130 17134 
tacit 17023 
tag 17026 
taipei 17057 17074 
taiwan 17057 17074 17083 
taiwanese 17074 
take-or-pay 17080 
takeover 17012 17110 17127 
takes 17023 
takeshita 17070 
taking 17023 17110 
talk 17023 17101 
talks 17038 17073 17109 17110 17119 17126 
tampa 17113 
tankers 17117 
target 17023 17027 17055 17057 17063 17086 17131 
targeted 17086 
targets 17023 17117 
targetting 17036 
tariff 17070 
tariffs 17023 17083 17092 
tax 17023 17034 17040 17043 17060 17070 17075 17079 17119 
taxable 17014 
taxes 17023 17036 17043 
tcb 17099 
tea 17060 
technically 17039 
technologies 17049 
technology 17103 
telecommunications 17112 
telegraph 17026 
telephone 17026 17039 17112 17131 
telephones 17026 
television 17083 
televisions 17023 
telex 17112 
telling 17083 
temperatures 17123 
temporary 17005 
tend 17092 
tender 17046 17048 17057 17105 17127 
tensions 17083 
term 17040 17043 17058 17070 17117 17119 
terminate 17039 
terms 17018 17029 17047 17072 17074 17083 17106 17124 
test 17029 17030 17031 17032 17033 17034 17035 17036 17037 17038 17039 17040 17041 17042 17043 17044 17045 17046 17047 17048 17049 17050 17051 17052 17053 17054 17055 
texas 17023 17080 17093 17099 
textile 17074 17084 
textiles 17084 
thailand 17059 
thomas 17120 17133 
thought 17055 17070 
thoughts 17018 
thousands 17083 
threat 17131 
three-person 17121 
three-year 17124 
thresholds 17058 
thrift 17114 
thrifts 17114 
thursday 17048 
tied 17018 17096 
ties 17014 17083 
tighten 17036 
tightened 17036 17119 
tightening 17036 
tighter 17036 
time 17004 17007 17018 17023 17036 17043 17070 17075 17083 17096 17120 
times 17013 17080 17092 
tlelphones 17026 
today 17006 17018 17027 17036 17039 17050 17065 17068 17069 17077 17078 17090 17098 17102 17105 17117 17121 17126 
token 17069 17078 
tokyo 17033 17040 17041 17043 17044 17047 17050 17051 17059 17066 17068 17070 17071 17072 17073 17075 17077 17087 
told 17001 17004 17017 17020 17023 17025 17043 17047 17050 17051 17057 17058 17060 17068 17070 17071 17072 17074 17083 17084 17088 17114 17115 17126 17131 
tomorrow 17004 17012 
ton 17011 17095 
tonight 17003 17028 
tonne 17022 17101 17105 17131 
tonnes 17021 17022 17057 17059 17079 17092 17131 17132 
tons 17011 17109 
tools 17015 17083 
top 17087 
top-flight 17087 
topic 17038 
toronto 17002 17008 17031 17082 17104 17127 
torrance 17110 
total 17004 17025 17036 17055 17059 17074 17082 17089 17107 17112 17115 
totaled 17093 
totalled 17062 17103 
totalling 17057 
totally 17134 
tough 17070 17083 
town 17103 
toyota 17116 
tract 17108 
tracts 17093 17108 
trade 17004 17006 17018 17021 17022 17023 17033 17036 17059 17068 17070 17074 17075 17083 17084 17085 17092 17101 17105 17106 17119 17126 17132 
traders 17059 17090 17102 17105 
trades 17044 
trading 17005 17014 17023 17042 17050 17061 17068 17105 17119 17120 17133 
trail 17109 
tranches 17024 
transaction 17099 17100 
transactions 17030 
transfer 17007 17042 
transmission 17082 
transport 17054 
transportation 17073 
trautman 17083 
treasuries 17024 
treasury 17008 17024 17036 17096 17126 
trebled 17106 
trend 17027 17050 17052 17068 
trillion 17023 
trip 17119 
trounced 17023 
truck 17094 
trucks 17094 
trust 17014 17075 
tuesday 17003 17073 
tumaco 17054 
tumbled 17101 
turn 17018 17058 17083 
turner 17012 
turnover 17103 
tv 17013 
two-day 17005 17038 
two-for-one 17013 
two-month-old 17027 
two-tranche 17024 
two-week 17036 
two-year 17109 
type= 17044 17045 17046 17133 
types 17125 
typical 17009 
u.k 17089 17094 
u.k. 17094 
u.s 17005 17009 17033 17036 17041 17043 17057 17066 17070 17074 17083 17084 17091 17099 17118 17126 17129 
u.s. 17003 17007 17009 17018 17023 17028 17030 17033 17036 17039 17040 17047 17056 17057 17058 17072 17074 17075 17079 17083 17084 17087 17088 17092 17103 17107 17110 17118 17119 17122 
u.s.-based 17103 
u.s.-japan 17083 
u.s.a. 17102 
ubs 17061 
ugc.v 17122 
uk 17001 17046 17048 17089 17094 17105 17110 
ukraine 17123 
unable 17048 
unanimous 17023 
uncertain 17083 
uncertainties 17018 
uncertainty 17017 17119 
unchanged 17010 17062 17077 17091 
underlying 17050 17068 17106 
undermine 17033 
undermined 17033 
undermines 17017 
understanding 17033 17094 
underway 17023 
underwriters 17122 
undisclosed 17030 
unemployment 17085 
uneven 17013 
unexpectedly 17036 
unfair 17038 17083 
unfavourable 17123 
unfinished 17070 
unhappiness 17120 
uniform 17013 
unilaterally 17119 
union 17027 17061 17093 17109 17123 
unionized 17109 
unions 17027 17073 
unit 17019 17049 
united 17020 17023 17042 17049 17055 17058 17083 17084 17104 17109 17116 17119 17122 
university 17070 17085 
unleaded 17101 
unnamed 17110 
unpopular 17070 
unproc 17133 
unsecured 17121 
unspecified 17001 17023 17110 
unusual 17023 
unusually 17096 
unveiled 17075 
upwardly 17091 
upwards 17027 
urged 17075 
urges 17050 17068 17106 
urging 17030 
usines 17086 
ussr 17059 17123 
usual 17003 17117 
usw 17009 
utility 17017 
utmost 17040 17043 
utx 17049 
va. 17019 
valero 17080 
van 17094 
vancouver 17011 17022 17111 
vans 17094 
veg-oil 17105 17131 
vehicle 17104 
vehicles 17094 17116 
venezuela 17054 17101 
venezuelan 17076 
venice 17070 
venture 17094 17103 17116 
ventures 17018 
verbally 17043 
vermilion 17108 
versus 17010 17014 17090 
vice 17019 17120 
vice-president 17119 
victory 17043 
view 17033 17058 
vigorous 17103 
violate 17030 17039 
virginia 17083 
virtual 17051 17071 
visit 17075 17083 
vlo 17080 
vlp 17080 
vociferously 17043 
voice 17026 
volatile 17101 
volcker 17119 
volume 17013 17050 17068 17080 
volumes 17079 
voluntary 17104 
von 17017 
vote 17023 17055 17076 17099 17121 
voted 17023 17076 17109 
votes 17016 17043 17055 
voting 17004 17099 
w. 17019 
wage 17027 17109 
wages 17091 
wait-and-see 17083 
waking 17023 
wall 17036 
walter 17113 
wanted 17036 17119 
war 17018 17023 
ward 17036 
warm 17123 
warned 17004 17126 
warning 17104 
warns 17030 17106 
warplanes 17117 
warrants 17029 
warren 17023 
washington 17004 17007 17023 17025 17030 17033 17036 17037 17039 17040 17043 17047 17051 17071 17072 17074 17075 17083 17091 17098 17112 17114 17115 17118 17119 17121 17126 17128 17129 
watanabe 17070 
watch 17050 17068 17128 
wave 17027 17058 
ways 17047 17072 
weaker 17085 
weakest 17091 
weather 17060 17067 17097 17123 
wednesday 17003 17036 17093 
week 17003 17007 17023 17036 17040 17043 17047 17051 17069 17071 17072 17074 17075 17076 17077 17078 17083 17090 17092 17094 17097 17099 17119 17123 17127 
weekend 17073 17105 17119 
weekly 17001 17003 17028 
weeks 17001 17023 17036 17039 17043 17097 
weighted 17018 
welcomed 17119 
wesley 17017 
west 17009 17065 17083 17087 17093 17103 17108 17119 17123 
west-germany 17064 17119 17123 
westcoast 17082 
western 17051 17070 17071 17123 
westpac 17052 
wet 17097 
wheat 17010 17022 
wheatley 17036 
whichever 17007 
white 17019 17023 17083 17128 
whitney 17049 
wholly 17104 
wholly-owned 17015 
wide 17083 17095 
widely 17023 
wildly 17023 
william 17002 17114 
win 17055 
window 17036 
winnipeg 17021 17022 17132 
wins 17074 17080 
winter 17010 17067 17097 
wire 17007 
withdraw 17023 
withdrawn 17004 
withholding 17083 
witnessed 17036 
wo 17070 
woes 17023 
won 17055 17074 
work 17004 17075 
worked 17126 
worker 17109 
workers 17027 17073 17109 
working 17081 
works 17075 
world 17023 17083 17103 17112 17119 17126 
world-wide 17058 
worldbank 17112 
worldwide 17103 
worrying 17023 
worst 17023 
worth 17023 17048 17075 17083 17089 17099 
wound 17023 
write 17070 
wrote 17119 
wtc 17082 
xon 17096 17102 
yasuhiro 17040 17043 17047 17051 17070 17071 17072 17075 17083 
year-ago 17013 17037 17100 
year-earlier 17084 
year-old 17030 
years 17002 17011 17018 17038 17054 17070 17075 17092 17094 17121 17126 
yen 17041 17044 17047 17050 17064 17065 17066 17068 17069 17072 17075 17077 17078 17087 17088 
yesterday 17018 17022 17041 17045 17047 17052 17056 17063 17066 17072 17119 17127 
yeutter 17119 
yield 17024 17077 
yielded 17027 
yokkaichi 17073 
yokohama 17073 
york 17003 17004 17005 17009 17013 17014 17024 17026 17028 17033 17036 17041 17048 17056 17066 17081 17087 17096 17099 17101 17102 17118 17120 17122 17133 
young 17081 
zbc 17106 
zero-coupon 17030 
zimbabwe 17106 
zinc 17109 
zone 17054 
zse 17056 
zurich 17056 17061 17065 17088 
