're 1085 1190 
'target 1088 
****** 1035 1049 1050 1058 1091 1107 1109 1120 1164 1165 1166 1167 1180 
-1s 1017 1192 
-2nd 1177 
-4t 1011 1191 
-and-pi 1153 
-ashton-t 1143 
-buy 1127 
-chang 1027 
-chese 1104 
-debt-lowe 1186 
-discounts-t 1073 
-extends-l 1037 
-f 1144 
-februa 1179 
-february 1114 1121 
-february-ca 1139 
-files-fo 1061 
-forms 1045 
-ge 1168 
-guinea-set-u 1156 
-has-new-da 1041 
-has-un 1062 
-ho 1021 1150 
-hol 1098 
-in-jo 1097 
-in-p 1171 
-in-pact-w 1146 
-installs-c 1149 
-intersects 1072 
-offi 1004 
-s 1042 1126 
-says-amr- 1006 
-says-orde 1060 
-see 1105 
-seeks-t 1074 
-sets-some-pho 1095 
-signs-c 1113 
-swaps-st 1031 
-to 1123 
-to-buy 1020 1159 
-to-cl 1133 
-to-ma 1083 
-to-mak 1028 
-to-sell 1099 
-unit 1187 
-vo 1065 
-wi 1172 
-year 1117 
.they 1093 
0.01 1018 
0.2 1058 1102 
0.22 1072 1082 
0.3 1079 
0.33 1072 1082 
0.5 1079 
0.51 1158 
0.55 1153 
0.6 1068 
0.65 1158 
0.75 1044 
0.8 1068 
0.9 1147 
0007 1165 
0009 1109 1180 
0010 1120 
0011 1091 1107 
0012 1166 1167 
0013 1049 1058 
0014 1035 1164 
0017 1050 
0022 1170 
0024 1009 
0025 1065 1066 1090 
0026 1117 
0027 1143 
0028 1044 1092 
0029 1153 
0031 1017 1135 1151 
0033 1157 
0034 1124 
0035 1122 
0036 1192 
0039 1145 
0040 1128 1169 
0041 1033 1177 
0042 1070 
0044 1013 1074 1087 
0046 1038 1063 1182 
0047 1106 
0048 1031 
0049 1004 1064 
0050 1146 
0051 1119 1138 
0052 1059 1158 1185 
0053 1084 
0054 1007 
0055 1028 1108 1161 
0056 1134 1172 
0057 1057 
0058 1010 
0059 1071 
0060 1039 1125 
0061 1016 1189 
0062 1075 
0063 1080 1096 1178 
0064 1011 1136 
0065 1127 1130 
0066 1139 
0067 1062 1097 1101 1111 1123 1181 
0068 1041 1150 
0069 1045 1162 1176 1191 
0070 1037 
0071 1029 
0073 1171 
0074 1154 1159 
0075 1025 1051 1137 
0076 1006 
0077 1113 
0078 1014 1160 
0079 1027 1036 1083 
0080 1003 1012 
0081 1042 
0082 1032 1052 
0084 1105 1121 1129 
0085 1068 1102 
0086 1021 1040 
0087 1056 1114 
0088 1060 
0089 1144 1188 
0090 1149 1183 
0091 1018 1046 
0092 1163 1186 
0093 1098 1099 
0094 1008 1104 1173 
0095 1001 1140 
0096 1020 1067 1089 1147 
0097 1055 1076 1086 1179 
0098 1175 
0099 1019 1026 1030 1069 1079 1152 
0100 1073 1081 
0101 1005 1047 1082 1094 1133 
0102 1078 1156 1174 1187 
0104 1155 
0105 1043 1061 1126 1142 1190 
0106 1023 1072 1100 1116 1193 
0107 1054 1103 
0108 1024 1053 1132 
0110 1118 
0112 1110 1112 
0113 1095 1141 
0114 1077 1131 
0116 1168 
0119 1115 
0121 1048 
0122 1034 
0129 1148 
0133 1015 
0137 1002 
0140 1022 
0142 1184 
0149 1085 
0155 1088 
0164 1093 
03-03 1001 1002 1003 1004 1005 1006 1007 1008 1009 1010 1011 1012 1013 1014 1015 1016 1017 1018 1019 1020 1021 1022 1023 1024 1025 1026 1027 1028 1029 1030 1031 1032 1033 1034 1035 1036 1037 1038 1039 1040 1041 1042 1043 1044 1045 1046 1047 1048 1049 1050 1051 1052 1053 1054 1055 1056 1057 1058 1059 1060 1061 1062 1063 1064 1065 1066 1067 1068 1069 1070 1071 1072 1073 1074 1075 1076 1077 1078 1079 1080 1081 1082 1083 1084 1085 1086 1087 1088 1089 1090 1091 1092 1093 1094 1095 1096 1097 1098 1099 1100 1101 1102 1103 1104 1105 1106 1107 1108 1109 1110 1111 1112 1113 1114 1115 1116 1117 1118 1119 1120 1121 1122 1123 1124 1125 1126 1127 1128 1129 1130 1131 1132 1133 1134 1135 1136 1137 1138 1139 1140 1141 1142 1143 1144 1145 1146 1147 1148 1149 1150 1151 1152 1153 1154 1155 1156 1157 1158 1159 1160 1161 1162 1163 1164 1165 1166 1167 1168 1169 1170 1171 1172 1173 1174 1175 1176 1177 1178 1179 1180 1181 1182 1183 1184 1185 1186 1187 1188 1189 1190 1191 1192 1193 
09:18:21.26 1001 
09:19:31.96 1002 
09:20:23.32 1003 
09:21:39.11 1004 
09:25:48.88 1005 
09:27:51.06 1006 
09:30:07.60 1007 
09:30:48.45 1008 
09:32:34.04 1009 
09:33:32.98 1010 
09:35:03.37 1011 
09:37:19.17 1012 
09:37:43.02 1013 
09:37:53.73 1014 
09:38:16.31 1015 
09:38:28.76 1016 
09:38:33.69 1017 
09:41:45.44 1018 
09:45:18.22 1019 
09:45:29.48 1020 
09:45:54.32 1021 
09:46:36.82 1022 
09:46:55.59 1023 
09:47:47.16 1024 
09:48:24.78 1025 
09:49:23.53 1026 
09:49:45.02 1027 
09:50:34.51 1028 
09:53:44.44 1029 
09:57:02.21 1030 
09:58:00.11 1031 
1,000 1086 1089 1141 1163 
1,002,000 1135 
1,0053,234 1009 
1,088,000 1101 
1,135,000 1010 
1,200,000 1080 
1,263 1179 
1,318,000 1010 
1,324,000 1011 
1,339 1096 
1,363,000 1160 
1,410 1179 
1,411 1072 1082 
1,413,000 1059 
1,425,000 1003 
1,439,000 1101 
1,470 1012 
1,500 1081 
1,507 1012 
1,540,000 1184 
1,541,000 1188 
1,553,000 1188 
1,568,941 1009 
1,648,000 1128 
1,656,000 1063 
1,662,000 1191 
1,694,000 1160 1176 
1,701,000 1101 
1,776,000 1059 
1,778,110 1177 
1,823,000 1117 
1,838,000 1176 
1,933,107 1177 
1-1/4 1014 1086 1089 1163 
1-1/8 1140 
1-3/8 1056 1141 
1-5/8 1012 
1-7/8 1012 
1.0 1023 1068 1102 
1.05 1191 
1.07 1011 
1.1 1042 1049 1068 1079 
1.10 1124 
1.14 1019 
1.19 1134 1178 
1.2 1058 1102 
1.20 1087 
1.22 1109 1124 
1.23 1011 
1.25 1019 1044 1067 
1.27 1138 1181 
1.28 1134 
1.3 1112 
1.30 1105 
1.35 1096 1140 
1.36 1047 
1.38 1087 
1.4 1153 
1.48 1178 
1.5 1061 1078 1120 1125 1178 
1.55 1044 
1.58 1128 
1.59 1191 
1.6 1036 1102 
1.60 1105 
1.63 1096 
1.65 1158 
1.7 1023 1147 
1.80 1010 
1.87 1047 
1.89 1067 
1.9 1050 
1.93 1007 
1.94 1044 1100 
1.96 1044 
1/4 1086 1089 1163 
1/8 1141 
1/february 1067 
10,000 1086 1089 1141 1163 
10-13/16 1008 
10-7/8 1008 
10.3 1123 1174 
10.4 1080 1087 
10.5 1019 1033 1160 
10.6 1070 
10.7 1026 
10.9 1160 
100,000 1036 
100,700 1036 
100-1/4 1119 
100-3/4 1086 1089 
100-3/8 1141 
100-5/8 1163 
100.5 1124 
1000 1028 1077 
1001 1001 
1002 1002 
1003 1003 
1004 1004 
1005 1005 
1006 1006 
1007 1007 
1008 1008 
1009 1009 
101-1/2 1056 
101-3/4 1014 1141 
101.1 1108 
101.2 1188 
101.9 1132 
1010 1010 
1011 1011 
1012 1012 
1013 1013 
1014 1014 
1015 1015 
1016 1016 
1017 1017 
1018 1018 
1019 1019 
1020 1020 
1021 1021 
1022 1022 
1023 1023 
1024 1024 
1025 1025 
1026 1026 
1027 1027 
1028 1028 
1029 1029 
103,700 1067 
1030 1028 1030 
1031 1031 
1032 1032 
1033 1033 
1034 1034 
1035 1035 
1036 1036 
1037 1037 
1038 1038 
1039 1039 
104.0 1132 
104.3 1054 
1040 1040 
1041 1041 
1042 1042 
1043 1043 
1044 1044 
1045 1045 
1046 1046 
1047 1047 
1048 1048 
1049 1049 
1050 1050 
1051 1051 
1052 1052 
1053 1053 
1054 1054 
1055 1055 
1056 1056 
1057 1057 
1058 1058 
1059 1059 
1060 1060 
1061 1061 
1062 1062 
1063 1063 
1064 1064 
1065 1065 
1066 1066 
1067 1067 
1068 1068 
1069 1069 
107.5 1124 
1070 1070 
1071 1071 
1072 1072 
1073 1073 
1074 1074 
1075 1075 
1076 1076 
1077 1077 
1078 1078 
1079 1079 
1080 1080 
1081 1081 
1082 1082 
1083 1083 
1084 1084 
1085 1085 
1086 1086 
1087 1087 
1088 1088 
1089 1089 
1090 1090 
1091 1091 
1092 1092 
1093 1093 
1094 1094 
1095 1095 
1096 1096 
1097 1097 
1098 1098 
1099 1099 
10:00:52.96 1032 
10:00:57.16 1033 
10:01:14.42 1034 
10:01:28.07 1035 
10:02:11.63 1036 
10:02:22.46 1037 
10:05:32.60 1038 
10:07:42.19 1039 
10:08:28.26 1040 
10:12:44.89 1041 
10:14:49.98 1042 
10:15:06.95 1043 
10:16:12.11 1044 
10:16:24.19 1045 
10:17:43.59 1046 
10:20:45.46 1047 
10:23:39.80 1048 
10:26:35.62 1049 
10:29:04.26 1050 
10:29:32.44 1051 
10:31:10.05 1052 
10:32:15.36 1053 
10:33:48.56 1054 
10:34:47.47 1055 
10:35:22.38 1056 
10:37:40.72 1057 
10:38:18.98 1058 
10:38:44.01 1059 
10:39:00.13 1060 
10:40:22.86 1061 
10:40:34.06 1062 
10:41:05.96 1063 
10:41:11.13 1064 
10:41:36.86 1065 
10:41:41.92 1066 
10:44:50.56 1067 
10:46:56.99 1068 
10:47:04.45 1069 
10:51:22.13 1070 
10:51:40.11 1071 
10:53:04.16 1072 
10:56:04.53 1073 
10:58:14.10 1074 
10:59:14.04 1075 
11,000 1030 
11,209 1192 
11,921,000 1188 
11.0 1111 
11.1 1111 1178 
11.2 1111 1117 
11.3 1112 1137 
11.5 1131 
11.50 1153 
11.6 1132 
110,552 1114 1121 
1100 1100 
1101 1101 
1102 1102 
1103 1103 
1104 1104 
1105 1105 
1106 1106 
1107 1107 
1108 1108 
1109 1109 
1110 1110 
1111 1111 
1112 1112 
1113 1113 
1114 1114 
1115 1115 
1116 1116 
1117 1117 
1118 1118 
1119 1119 
112.4 1191 
1120 1120 
1121 1121 
1122 1122 
1123 1123 
1124 1124 
1125 1125 
1126 1126 
1127 1127 
1128 1128 
1129 1129 
113.5 1191 
1130 1130 
1131 1131 
1132 1132 
1133 1133 
1134 1134 
1135 1135 
1136 1136 
1137 1137 
1138 1138 
1139 1139 
114,108,000 1124 
114.1 1152 
1140 1140 
1141 1141 
1142 1142 
1143 1143 
1144 1144 
1145 1145 
1146 1146 
1147 1147 
1148 1148 
1149 1149 
1150 1150 
1151 1151 
1152 1152 
1153 1153 
1154 1154 
1155 1155 
1156 1156 
1157 1157 
1158 1158 
1159 1159 
1160 1160 
1161 1161 
1162 1162 
1163 1163 
1164 1164 
1165 1165 
1166 1166 
1167 1167 
1168 1168 
1169 1169 
1170 1170 
1171 1171 
1172 1172 
1173 1173 
1174 1174 
1175 1175 
1176 1176 
1177 1177 
1178 1178 
1179 1179 
1180 1180 
1181 1181 
1182 1182 
1183 1183 
1184 1184 
1185 1185 
1186 1186 
1187 1187 
1188 1188 
1189 1189 
119,100 1036 
1190 1190 
1191 1191 
1192 1192 
1193 1193 
11:00:25.62 1076 
11:03:13.11 1077 
11:05:14.96 1078 
11:06:57.66 1079 
11:07:09.72 1080 
11:07:31.92 1081 
11:07:42.14 1082 
11:08:06.12 1083 
11:08:29.13 1084 
11:09:05.07 1085 
11:09:39.26 1086 
11:10:29.14 1087 
11:10:54.08 1088 
11:12:24.65 1089 
11:12:59.90 1090 
11:13:46.07 1091 
11:13:55.82 1092 
11:14:17.27 1093 
11:14:46.57 1094 
11:14:54.99 1095 
11:15:00.11 1096 
11:15:13.30 1097 
11:15:38.15 1098 
11:16:08.30 1099 
11:18:52.62 1100 
11:20:13.22 1101 
11:20:31.19 1102 
11:20:52.00 1103 
11:21:06.62 1104 
11:22:53.85 1105 
11:24:16.28 1106 
11:25:35.58 1107 
11:26:01.24 1108 
11:29:01.90 1109 
11:29:55.96 1110 
11:31:30.98 1111 
11:33:02.52 1112 
11:33:58.90 1113 
11:36:21.71 1114 
11:37:24.42 1115 
11:38:10.46 1116 
11:38:17.73 1117 
11:41:51.86 1118 
11:42:00.41 1119 
11:42:03.86 1120 
11:43:20.48 1121 
11:43:24.66 1122 
11:43:30.14 1123 
11:44:14.11 1124 
11:45:17.71 1125 
11:47:16.46 1126 
11:47:52.86 1127 
11:48:07.48 1128 
11:48:33.00 1129 
11:48:54.43 1130 
11:49:05.15 1131 
11:49:19.75 1132 
11:49:36.90 1133 
11:49:54.80 1134 
11:50:02.06 1135 
11:50:07.90 1136 
11:50:25.33 1137 
11:50:49.07 1138 
11:51:01.94 1139 
11:51:31.08 1140 
11:53:21.17 1141 
11:58:08.63 1142 
11:58:47.35 1143 
11:59:25.44 1144 
11:59:39.49 1145 
12,006,000 1134 
12,231,000 1138 
12,316,000 1188 
12-1/2 1140 
12-inch 1041 
12.0 1135 
12.05 1044 
12.1 1035 1036 1040 1087 1137 
12.19 1108 
12.2 1181 
12.23 1101 
12.3 1010 1096 
12.38 1044 
12.4 1040 
12.6 1040 
12.7 1036 
12.9 1112 
121,997 1177 
123,092 1114 1121 
124,409,000 1184 
126.9 1084 
127,000 1101 
127,100 1036 
127.3 1070 
12:01:30.74 1146 
12:03:50.63 1147 
12:07:28.54 1148 
12:07:47.71 1149 
12:08:09.02 1150 
12:08:27.83 1151 
12:09:34.85 1152 
12:11:00.65 1153 
12:11:16.95 1154 
12:13:38.79 1155 
12:13:48.90 1156 
12:14:01.26 1157 
12:14:16.22 1158 
12:16:30.77 1159 
12:16:37.80 1160 
12:17:44.97 1161 
12:20:05.01 1162 
12:21:14.27 1163 
12:21:57.40 1164 
12:22:41.38 1165 
12:25:40.60 1166 
12:27:35.82 1167 
12:31:42.69 1168 
12:32:55.67 1169 
12:33:23.12 1170 
12:33:33.34 1171 
12:35:04.69 1172 
12:36:07.37 1173 
12:38:59.20 1174 
12:40:56.58 1175 
12:43:33.36 1176 
12:43:47.29 1177 
12:43:56.53 1178 
12:45:48.33 1179 
12:46:21.36 1180 
12:48:12.59 1181 
12:48:38.30 1182 
12:48:58.53 1183 
12:49:09.01 1184 
12:53:09.38 1185 
12:54:11.28 1186 
12:54:48.79 1187 
12:54:57.73 1188 
12:55:04.17 1189 
12:55:12.85 1190 
12:55:22.54 1191 
12:55:41.33 1192 
12:56:05.10 1193 
13,000 1010 1030 1081 
13,098,000 1134 
13-bank 1140 
13.35 1108 
13.5 1011 
13.74 1100 
13.89 1016 
130,998 1009 
133,265 1067 
14-inch 1041 
14-year-old 1156 
14.0 1084 
14.33 1108 
140,389,000 1124 
140.4 1152 
146.00 1096 
149.4 1080 
15,474,000 1188 
15,492,000 1188 
15-20 1088 
15-july 1185 
15-mln-dlr 1172 
15.3 1137 
15.33 1019 
15.4 1003 
15.5 1137 
15.7 1011 1054 
15.9 1135 
150,000 1041 
153.3 1134 
154.2 1054 
155,467,000 1184 
159.6 1154 
16,673 1139 1145 
16.1 1132 
16.2 1156 
16.5 1159 
16.6 1003 1080 1147 
160.5 1084 
161,000 1017 
163.8 1070 
16321 1001 
16322 1002 
16323 1003 
16324 1004 
16325 1005 
16326 1006 
16327 1007 
16328 1008 
16329 1009 
16330 1010 
16331 1011 
16332 1012 
16333 1013 
16334 1014 
16335 1015 
16336 1016 
16337 1017 
16338 1018 
16339 1019 
16340 1020 
16341 1021 
16342 1022 
16343 1023 
16344 1024 
16345 1025 
16346 1026 
16347 1027 
16348 1028 
16349 1029 
16350 1030 
16351 1031 
16352 1032 
16353 1033 
16354 1034 
16355 1035 
16356 1036 
16357 1037 
16358 1038 
16359 1039 
16360 1040 
16361 1041 
16362 1042 
16363 1043 
16364 1045 
16365 1044 
16366 1046 
16367 1047 
16368 1048 
16369 1049 
16370 1050 
16371 1051 
16372 1052 
16373 1053 
16374 1054 
16375 1055 
16376 1056 
16377 1057 
16378 1058 
16379 1059 
16380 1060 
16381 1061 
16382 1062 
16383 1063 
16384 1064 
16385 1065 
16386 1066 
16387 1067 
16388 1068 
16389 1069 
16390 1070 
16391 1071 
16392 1072 
16393 1073 
16394 1074 
16395 1075 
16396 1076 
16397 1077 
16398 1078 
16399 1079 
16400 1080 
16401 1081 
16402 1082 
16403 1083 
16404 1084 
16405 1085 
16406 1086 
16407 1087 
16408 1088 
16409 1089 
16410 1090 
16411 1091 
16412 1092 
16413 1093 
16414 1094 
16415 1095 
16416 1096 
16417 1097 
16418 1098 
16419 1099 
16420 1100 
16421 1101 
16422 1102 
16423 1103 
16424 1104 
16425 1105 
16426 1106 
16427 1107 
16428 1108 
16429 1109 
16430 1110 
16431 1111 
16432 1112 
16433 1113 
16434 1114 
16435 1115 
16436 1116 
16437 1117 
16438 1118 
16439 1119 
16440 1120 
16441 1121 
16442 1122 
16443 1123 
16444 1124 
16445 1125 
16446 1126 
16447 1127 
16448 1128 
16449 1129 
16450 1130 
16451 1131 
16452 1132 
16453 1133 
16454 1134 
16455 1135 
16456 1136 
16457 1137 
16458 1138 
16459 1139 
16460 1140 
16461 1141 
16462 1142 
16463 1143 
16464 1144 
16465 1145 
16466 1146 
16467 1147 
16468 1148 
16469 1149 
16470 1150 
16471 1151 
16472 1152 
16473 1153 
16474 1154 
16475 1155 
16476 1156 
16477 1157 
16478 1158 
16479 1159 
16480 1160 
16481 1161 
16482 1162 
16483 1163 
16484 1164 
16485 1165 
16486 1166 
16487 1167 
16488 1168 
16489 1169 
16490 1170 
16491 1171 
16492 1172 
16493 1173 
16494 1174 
16495 1175 
16496 1176 
16497 1177 
16498 1178 
16499 1179 
165,000 1101 
16500 1180 
16501 1181 
16502 1182 
16503 1183 
16504 1184 
16505 1185 
16506 1186 
16507 1187 
16508 1188 
16509 1189 
16510 1190 
16511 1191 
16512 1192 
16513 1193 
166,000 1003 
166.3 1134 
167,700 1067 
169.1 1080 
17.0 1132 
17.1 1087 
17.2 1132 1179 
17.5 1011 1147 
17.6 1011 
172.0 1096 
177.5 1154 
18,651 1139 1145 
18.2 1191 
18.6 1132 
18.8 1165 1179 
187,000 1101 
189,000 1101 
189,388 1192 
19,034 1190 
19,500 1118 
19.6 1132 
193.4 1138 1181 
1948 1093 
1967 1093 
1978 1104 1147 
1980 1030 
1981 1084 
1983 1129 1149 
1984 1023 
1985 1003 1011 1020 1026 1068 1079 1080 1081 1084 1088 1100 1102 1132 1142 1155 1178 1182 1188 
1986 1007 1010 1011 1013 1015 1019 1024 1026 1029 1030 1036 1040 1041 1044 1047 1059 1068 1076 1079 1080 1081 1084 1085 1100 1101 1102 1103 1104 1105 1111 1123 1132 1133 1134 1138 1139 1140 1143 1147 1173 1174 1176 1179 1181 1182 1188 1190 1191 
1986/87 1054 
1987 1021 1027 1030 1034 1047 1048 1063 1068 1081 1084 1103 1105 1116 1134 1152 1160 1190 1192 
1988 1006 1041 1060 1110 1190 
1989 1060 1113 
199.0 1108 1132 
1990 1156 
1991 1103 
1992 1014 1086 1089 1163 
1995 1021 
1997 1056 1136 1141 
1998 1031 
1st 1017 1063 1109 1111 1122 1124 1157 1160 1176 1192 
2,048,0000 1010 
2,064 1072 1082 
2,336,000 1191 
2,372,457 1033 
2,374,000 1084 1122 
2,435 1057 
2,793,677 1157 
2,800,000 1039 
2,835,000 1188 
2,837,288 1080 
2,843,520 1033 
2,877,000 1160 1176 
2,978 1139 1145 
2,987,000 1122 
2-for-1 1071 
2.0 1079 1103 1147 1152 
2.01 1132 
2.07 1101 
2.1 1102 
2.11 1080 
2.14 1026 
2.2 1152 
2.20 1100 
2.21 1132 
2.23 1047 
2.27 1100 
2.28 1010 
2.3 1023 1050 1178 
2.5 1019 1073 
2.53 1158 
2.59 1178 
2.6 1041 
2.61 1084 
2.77 1100 
2.8 1068 
2.9 1132 
2.96 1067 
2.99 1067 
20.5 1128 
200.7 1143 
203,513,000 1184 
204,000 1117 
205.7 1132 
21,177 1114 1121 
21.3 1054 
21.5 1063 
211.7 1138 1181 
216,987 1114 1121 
216.2 1188 
22.3 1096 
222,000 1101 
224.7 1178 
225,000 1061 
229,463 1020 
23.7 1181 
23.8 1181 
231,256 1157 
233,000 1067 
238,821,000 1184 
239,500 1118 
24,839,000 1084 
24.00 1108 1118 
24.1 1087 
24.2 1181 
24.3 1017 1096 
24.4 1181 
24.5 1147 1170 1181 
24.7 1143 
24.8 1007 
243.6 1011 
244,000 1080 
247,489 1177 
249,814 1015 
25,000 1136 
25.375 1074 
25.4 1010 
25.6 1054 
25.7 1128 
250,000 1034 1048 
251,000 1067 
255,266,000 1184 
257,941 1114 1121 
257.5 1011 
26,195 1015 
26.0 1191 
26.5 1017 
26.7 1191 
26.8 1168 
260.0 1059 
261.7 1178 
27,301 1177 
27.2 1013 
27.648 1118 
27.7 1112 
270,000 1080 
276.5 1179 
28.0 1096 
28.00 1174 
28.4 1063 1123 
28.5 1066 
28.7 1070 
284,000 1067 
29,00000 1137 
29.2 1132 
29.5 1096 
29.7 1132 
29.9 1019 
299,000 1137 
2nd 1111 1134 1177 
3,002,000 1191 
3,103,000 1111 
3,148,000 1184 
3,243,000 1063 
3,337,000 1084 
3,435 1057 
3,508,000 1184 
3,676,296 1157 
3,722,000 1111 
3,772,000 1003 
3,781,970 1177 
3,808 1139 1145 
3,916,000 1031 
3-1/2 1129 
3-for-2 1063 
3.1 1068 1079 
3.22 1100 
3.251 1154 
3.28 1159 
3.286 1154 
3.3 1068 1079 1178 
3.35 1140 
3.37 1080 
3.4 1019 
3.40 1044 
3.50 1018 
3.54 1108 
3.6 1147 
3.65 1044 1047 
3.67 1108 
3.69 1019 
3.70 1016 
3.8 1147 
3.81 1019 
3.85 1016 
3.95 1132 
3/8 1086 1089 1163 
30,142,000 1138 
30,732 1009 
30.0 1096 
30.1 1181 
30.11 1174 
300,000 1034 1048 
3000 1041 
305,082 1015 
31,429,000 1138 
31.4 1181 
31.8 1111 
32.1 1188 
32.7 1007 1084 
327,000 1137 
328.5 1179 
33.0 1111 
33.3 1054 
33.9 1122 
336,750 1067 
34.4 1137 
341,730 1157 
35.2 1122 
35.99 1174 
36.34 1174 
36.8 1122 
360,537 1020 
362,000 1036 
367,000 1017 
37,207 1139 
37.8 1080 
375,061 1080 
379.7 1059 
38.26 1174 
39,834 1114 1121 
39.9 1080 
391,000 1003 
391.6 1070 
3rd 1049 1050 1087 
4,067,000 1011 
4,077,000 1138 1181 
4,310,000 1128 
4,440 1021 
4,479,000 1007 
4,688,000 1191 
4,880,000 1087 
4,881,000 1084 
4,913,000 1184 
4,937,378 1080 
4,939,895 1080 
4-5/8 1119 
4.1 1026 
4.11 1016 
4.14 1100 
4.3 1084 
4.35 1132 
4.5 1024 1079 1108 1127 1132 
4.7 1118 
4.76 1100 
4.8 1112 
40,000 1010 
40,292,000 1138 
40,586 1139 
40.5 1070 
40.8 1160 1176 
401,179 1033 
41.8 1087 
44.1 1137 
44.3 1160 1176 
446.2 1096 
449.6 1105 
45.7 1096 
45.85 1174 
4500 1041 
451,000 1128 
470,000 1135 
475,000 1160 1176 
479,000 1103 
49,000 1036 
49.1 1132 
49.6 1084 
493.9 1059 
495.6 1059 
4th 1003 1011 1033 1049 1050 1070 1080 1084 1091 1096 1101 1108 1135 1137 1138 1143 1178 1181 1188 1191 
5,000 1014 1056 1151 
5,200,000 1080 
5,216,000 1011 
5,429,000 1011 
5,545,000 1003 
5,632 1030 
5,948,000 1138 
5-1/2 1112 
5-1/4 1112 
5-3/4 1112 
5-3/8 1112 
5-5/16 1112 
5-9/16 1112 
5.04 1100 
5.1 1178 
5.2 1084 
5.3 1084 
5.5 1131 1142 1155 
5.6 1026 1054 
5.75 1131 
5.8 1068 
5.9 1036 1181 
5/8 1014 1056 1141 
50,000 1014 1021 1067 
50-mln 1055 
50.17p 1019 
50/50 1131 
5000 1041 
501,807 1031 
507,000 1117 
508,392 1040 
51,187,000 1007 1024 
52,000 1067 
52.5 1087 
521,219 1040 
521.2 1070 
53,000 1036 
53,056 1190 
53,412,000 1007 
53,800 1067 
53.4 1024 
530,587 1040 
534,000 1191 
535,460 1067 
539378419 1045 
54,500 1067 
54.9 1013 
55,200 1067 
56.0 1112 
562.01 1147 
565,106 1177 
576,000 1010 
580,000 1003 
580,955 1015 
59,000 1036 
59.8 1178 
597.3 1059 
6,000,000 1080 
6,037,640 1080 
6,050,000 1084 
6,197,000 1087 
6,346,000 1111 
6,492,000 1134 
6,536,008 1080 
6,600 1060 
6,600,000 1138 1181 
6,6069 1139 
6,631 1139 
6-1/4 1112 1125 
6-3/16 1078 
6.0 1084 
6.149 1042 
6.18 1078 
6.27 1084 
6.3 1036 
6.35 1191 
6.8 1035 1036 1041 
61,384,000 1184 
61.3 1111 
64,000 1067 
64,013,000 1084 
645,000 1101 
65.9 1111 1124 
66.4 1124 
665.5 1096 
666.7 1179 
67.7 1108 1132 
673.4 1138 1181 
6800 1041 
681,374 1033 
69,986,000 1184 
7,000 1067 1081 
7,046,000 1134 
7,241,000 1188 
7,585,000 1111 
7-1/2 1031 
7-3/4 1014 
7-5/8 1136 
7.18 1132 
7.26 1106 
7.28 1106 
7.42 1105 
7.5 1042 1053 
7.6 1178 
7.68 1100 
7.97 1132 
7/8 1140 
700,000 1041 
705.3 1059 
71,000 1137 
712,000 1042 
716,000 1036 
72.3 1178 
72.50 1019 
728,000 1036 
729,000 1010 
73.1 1188 
740.2 1044 
747.9 1011 
75,000 1067 
75.4 1132 
753.5 1138 1181 
767-200 1060 
767-300 1060 
767-300er 1006 1060 
768,000 1036 
78,000 1160 1176 
785,000 1080 1188 
79.6 1134 
796,613 1177 
8,000 1081 
8,519,677 1137 
8,800,000 1137 
8,863,000 1138 
8-1/2 1163 
8-1/8 1056 
8-3/4 1086 1089 
8.0 1112 
8.17 1091 1108 
8.25 1078 
8.5 1042 
8.81 1100 
809,000 1137 
817,000 1128 
82.8 1124 
821.2 1044 1047 
84.4 1124 
841,000 1137 
85.7 1134 
86,456,000 1184 
870p 1103 
885p 1103 
89,000 1101 
9,381,000 1084 
9,382,000 1096 
9,699,535 1033 
9-7/8 1141 
9.2 1084 
9.3 1036 
9.49 1044 
9.5 1103 
9.50 1153 
9.7 1042 
9.8 1044 
91,898 1033 
91-day 1106 
92,623 1192 
920,000 1188 
93,483 1192 
94,000 1036 
94,600 1036 
956,000 1137 
96.7 1124 
98,20000 1033 
98.217 1106 
98.392 1154 
98.401 1154 
98.7 1124 
989.5 1011 
99,000 1137 
99-3/4 1136 
`` 1019 1022 1023 1026 1027 1041 1053 1073 1077 1081 1085 1088 1093 1099 1110 1115 1131 1133 1140 1152 1162 1190 1193 
a-minus 1186 
a300 1060 
a300-600r 1006 1060 
aapl 1116 
ab 1014 1044 1047 1074 
abdul 1093 
ability 1083 1098 
abroad 1021 
abx 1038 
accept 1043 1183 
acceptance 1010 
accepted 1131 
access 1110 
accessible 1041 
accommodate 1041 
accord 1110 1140 
accordance 1024 
account 1050 1062 1095 1100 1112 
accountants 1024 
accounted 1032 
accounting 1003 1024 1044 1059 1080 1084 1168 
accounts 1013 1047 1062 1099 
accruals 1080 
accu 1069 
accu-weather 1069 
achievement 1140 
acpt 1010 
acq 1020 1029 1032 1039 1074 1076 1099 1103 1104 1118 1123 1153 1159 1164 
acquire 1039 1153 1186 
acquired 1013 1029 1031 1074 1080 1098 1104 1179 1187 
acquires 1029 
acquiring 1073 1153 
acquisition 1019 1039 1074 1098 1186 
acquisitions 1019 1144 
act 1105 1153 
action 1053 1062 1093 
activities 1019 1076 1152 
activity 1062 
acustar 1062 
acustar-corp 1062 
adbe 1130 
adc 1122 
adct 1122 
add 1019 1021 1078 1105 1152 
added 1015 1019 1022 1026 1041 1069 1079 1105 1110 1112 1113 1133 1190 
adding 1073 1081 1110 1113 1133 1140 
addition 1008 1159 
additional 1005 1020 1042 1061 1084 1103 1113 
additions 1095 
adds 1021 1125 
adjusted 1036 1067 1068 1100 1102 1111 
adjustment 1036 1042 1079 
adjustments 1003 
administration 1085 1110 
administrative 1030 
administrator 1131 
admit 1022 
adobe 1130 
adopt 1116 
adr 1044 
advance 1131 
advances 1112 
adverse 1152 
advertising 1103 
advised 1133 
advisor 1153 
advisory 1140 
aero 1025 
aeroe 1025 
aerospace 1149 1186 
affected 1187 
affects 1166 
affiliate 1031 1159 
affiliated 1074 
afrcian 1099 
africa 1077 1099 
african 1077 1099 
afternoon 1008 
ag 1001 1076 1141 
agency 1030 1043 1100 1102 1158 1163 
agents 1103 
ago 1001 1036 1067 1112 1114 1121 1139 1145 1152 1172 
agree 1126 1153 
agreed 1020 1053 1097 1099 1140 1153 1156 1159 
agreement 1020 1032 1034 1039 1048 1052 1085 1099 1126 1133 1140 1146 1153 1156 1171 1187 
agreements 1078 1125 1133 
agrees 1126 
agricultural 1133 1175 
agriculture 1094 1131 
ahead 1110 
aid 1123 
aids 1104 
aim 1005 1116 1148 
aimed 1019 1076 1190 
aiming 1190 
air 1043 
airbus 1006 1060 1073 
aircraft 1006 1073 1149 
airlines 1073 
akron 1133 
al-atassi 1093 
albert 1173 
alberta 1007 1013 1024 
albuquerque 1150 
allan 1152 
alliant 1116 
allowed 1001 1105 
allowing 1037 1085 
alnt 1116 
alto 1130 
altogether 1190 
aluminium 1140 
am-mideast-citrus 1093 
amc 1139 1145 
amend 1015 
america 1019 1052 1095 1133 
american 1016 1028 1034 1038 1044 1048 1052 1064 1073 1083 1095 1135 1137 1139 1140 1145 1152 1184 
amex 1153 
amgd 1135 
amo 1139 
amortisations 1140 
amount 1099 1112 
amounted 1054 
amounts 1069 
amr 1006 1060 1073 
amsterdam 1021 1055 1112 
amts 1063 
anaheim 1157 1189 
analyst 1085 1190 
analysts 1078 1085 
angeles 1033 1135 
angleton 1160 1176 
angus 1019 
animal 1054 
anitec 1111 1144 
announced 1006 1038 1060 1073 1180 
announcement 1028 1062 1083 1103 1153 
announcing 1073 
annual 1036 1103 1104 1154 1167 1182 
annually 1103 
annum 1141 
antc 1111 1144 
anthony 1046 
antibiotic 1097 
anticipated 1019 
apci 1116 
apollo 1116 
apple 1116 
applications 1146 1149 1171 1189 
appreciation 1002 
approval 1020 1039 1092 1133 1142 1155 
approvals 1052 1153 
approve 1150 
approved 1042 1053 1074 1076 1126 1150 1153 
approximately 1019 1021 1046 
april 1014 1018 1042 1056 1059 1060 1066 1071 1072 1082 1086 1089 1090 1097 1102 1110 1136 1140 1141 1142 1151 1155 1163 1170 1173 1181 
arab-israel 1093 
arabia 1067 
arap 1026 
architectures 1116 
areas 1069 1094 
argi 1172 
argosystems 1172 
ariz. 1015 1192 
army 1168 
arrange 1005 1125 
arranged 1189 
arrangement 1153 
arranging 1078 
arrived 1077 1175 
arrives 1175 
article 1022 
artificial 1041 
artists 1115 
asc 1016 
ashton-tate 1143 
asia 1021 
asia/pacific 1021 
asked 1002 1131 1183 
assets 1032 1044 1047 1059 1073 1124 
assistance 1008 
assistant 1131 
associates 1103 
association 1025 1030 1059 1101 1187 
associations 1002 1115 
assumed 1004 
assurance 1025 
atlanta 1032 
atlantic 1060 
att 1095 
attacking 1077 
attractive 1081 
attributable 1019 
attributed 1132 
au 1096 
auction 1106 1127 
auditors 1015 
august 1003 1080 1081 1129 1138 
aus 1092 1096 
ausimont 1092 1096 
auspices 1148 
authorise 1142 1155 
authorised 1142 1155 
authorities 1039 1093 1163 
authority 1057 1067 1085 1162 
automaker 1121 
automated 1041 
automation 1189 
average 1036 1079 1080 1081 1103 1106 1143 1153 1154 1190 
averaged 1078 
averting 1110 
avg 1010 1011 1080 1096 1111 1124 1137 1160 1181 1188 
awarded 1043 1168 
azpurua 1140 
b.v. 1055 
ba 1006 1060 1073 
back 1019 1026 
backlog 1122 1172 
bacn 1076 
badly 1047 
bailing 1046 
balance 1026 1174 
baldrige 1023 
banca 1005 1076 
band 1008 
bang 1042 
bangor 1042 
bank 1002 1005 1008 1012 1039 1055 1056 1076 1086 1089 1109 1112 1115 1119 1124 1136 1141 1142 1152 1154 1155 1156 1159 1174 1175 1193 
bank/canada 1152 
bankamerica 1076 
banking 1005 1053 1064 1088 1115 1123 1125 
banks 1053 1098 1112 1140 1174 
banned 1110 
banque 1142 1155 
barely 1112 
barley 1057 1067 
barney 1144 
barrel 1026 
barrick 1038 
base 1042 1186 
based 1040 1067 1080 
baseline 1041 
basic 1124 
basis 1041 
basle 1001 
bass 1104 
battle 1110 
bbb 1186 
bbdo 1138 
bbl 1142 1155 
bblb.b 1142 1155 
bc- 1062 1075 1124 
bc-******beneficial-corp 1164 
bc-******fed-sets-1.5-bi 1120 
bc-******firestone-to-cl 1107 
bc-******u.s.-single-fam 1035 
bc-******walgreen-co-feb 1165 
bc-/-fed-adds-reserves-v 1125 
bc-/-fed-expected-to-add 1078 
bc-/belgian-minister-see 1110 
bc-/u.s.-commerce-secret 1023 
bc-/u.s.-home-sales-fell 1036 
bc-/u.s.-sets-corn-defic 1131 
bc-abms-copper-stocks 1184 
bc-acceptance-insurance 1010 
bc-adc-telecommunication 1122 
bc-adobe-systems- 1130 
bc-aero-services- 1025 
bc-amc- 1139 
bc-amc-february-car-outp 1145 
bc-american-barrick 1038 
bc-american-stores- 1016 
bc-american-vanguard-cor 1135 
bc-amr- 1073 
bc-anitec-image- 1144 
bc-anitec-image-technolo 1111 
bc-argosystems- 1172 
bc-att- 1095 
bc-ausimont-compo- 1092 
bc-ausimont-compo-nv- 1096 
bc-bangor-hydro- 1042 
bc-banking-chairman-urge 1115 
bc-bbl-shareholders-auth 1142 1155 
bc-belgian-unemployment 1040 
bc-bergsten-urges-moneta 1088 
bc-berkshire-gas-co- 1066 
bc-beryllium-int'l-sets 1048 
bc-beryllium-int'l-signs 1034 
bc-boeing- 1060 
bc-bogert-oil- 1127 
bc-browning-ferris- 1043 
bc-calmar- 1074 
bc-canada-4th-qtr-curren 1050 
bc-canada-current-accoun 1100 
bc-canada-december-gdp-g 1102 
bc-canada-december-gdp-u 1058 
bc-canada-gdp-rises-3.1 1068 
bc-canada-industrial-pro 1158 
bc-canada-real-4th-qtr-g 1049 
bc-canonie-environmental 1162 
bc-caribbean-select- 1018 
bc-carme-inc- 1177 
bc-charming-shoppes-inc 1070 
bc-chilean-consumer-pric 1147 
bc-china-calls-for-bette 1022 
bc-chrysler- 1114 1121 
bc-coffee-talks-collapse 1085 
bc-community-bank- 1039 
bc-computer-companies-fo 1116 
bc-continental- 1105 
bc-copper-study-group-co 1148 
bc-correction 1143 
bc-cray- 1149 
bc-dai-ichi-hotel-swiss 1012 
bc-danish-reserves-rise 1174 
bc-dasa-corp- 1117 
bc-datacorpy- 1171 
bc-datamag-inc- 1192 
bc-deutsche-bank-unit-is 1141 
bc-dimis- 1037 
bc-distributed-logic-cor 1157 
bc-dutch-money-market-de 1112 
bc-east-europe-wheat-win 1069 
bc-ec-industry-output-gr 1079 
bc-electrospace- 1168 
bc-firestone- 1133 
bc-first-federal-savings 1059 
bc-ford-canada 1091 1108 
bc-ford-canada-dividend 1167 1182 
bc-ford-canada-profit 1132 
bc-ge- 1006 
bc-general-automation- 1189 
bc-gm-hopes-for-five-fol 1081 
bc-grease-monkey-holding 1009 
bc-guarantee- 1187 
bc-gulf-barge-srw-wheat 1185 
bc-gulf-resources-and-ch 1084 
bc-hallwood-group- 1046 
bc-holiday-corp- 1021 
bc-home-federal-of-the-r 1101 
bc-home-shopping- 1126 
bc-inland- 1061 
bc-intek-diversified-cor 1033 
bc-intermedics-inc- 1160 1176 
bc-intl-finance-corp-in 1136 
bc-italian-government-ha 1180 
bc-italian-government-re 1183 
bc-italian-prime-ministe 1129 
bc-italy's-bnl-negotiati 1076 
bc-italy's-bnl-to-issue 1005 
bc-japan-buys-5,000-tonn 1151 
bc-kasler-corp- 1017 
bc-kenyan-economy-faces 1026 
bc-knutson-mortgage- 1173 
bc-knutson-mortgage-corp 1090 
bc-kodak- 1041 
bc-lac- 1072 
bc-lard-consumption 1054 
bc-lifetime- 1028 1159 
bc-london-options-market 1190 
bc-loral- 1186 
bc-loral-downgrade 1166 
bc-lsb-industries-inc- 1080 
bc-lyphomed- 1097 
bc-mark-resources-inc 1013 
bc-material-sciences 1118 
bc-mclean-industries- 1052 
bc-minstar-inc- 1011 
bc-modular-technology- 1161 
bc-mony-funding-issues-1 1056 
bc-more-gold-detected-at 1082 
bc-national-fsi-inc- 1003 
bc-nexxus- 1113 
bc-nigeria 1156 
bc-north-american-biolog 1137 
bc-norton- 1099 
bc-occidental- 1004 
bc-omnicom-group- 1170 
bc-omnicom-group-inc- 1138 1181 
bc-ontario-treasury-bill 1106 
bc-paine-webber-resident 1169 
bc-pansophic-systems- 1071 
bc-pansophic-systems-inc 1087 
bc-pantera- 1153 
bc-pharmacia-ab- 1044 
bc-pharmacia-forecasts-h 1047 
bc-pillsbury-co- 1065 
bc-pizza-inn- 1083 
bc-precambrian-shield 1007 
bc-precambrian-takes 1024 
bc-proxmire-vows-quick-a 1053 
bc-raytech-corp- 1191 
bc-regal-int'l- 1098 
bc-reserve-oil- 1150 
bc-royal-bank-of-canada 1109 
bc-royal-bank-sees-impro 1193 
bc-royal-bank/canada-see 1152 
bc-saab-scania-issues-15 1014 
bc-saatchi-and-saatchi-b 1103 
bc-sandoz-plans-weedkill 1001 
bc-sapporo-breweries-pla 1119 
bc-sara-lee- 1020 
bc-savin- 1146 
bc-scotia-mortgage-issue 1086 1089 
bc-scott's-hospitality 1029 
bc-small-quantity-of-u.k 1057 
bc-societe-generale-dutc 1055 
bc-supradur-cos-inc- 1128 
bc-swiss-money-market-pa 1154 
bc-taiwan-rejects-textil 1002 
bc-three-killed-in-south 1077 
bc-toll-brothers-inc- 1063 
bc-transform-logic- 1015 
bc-tri-star- 1027 
bc-tylan-corp- 1123 
bc-u.k.-money-market-giv 1008 
bc-u.k.-wheat-and-barley 1067 
bc-unicorp-american- 1064 
bc-unilever's- 1104 
bc-unilever-has-improved 1019 
bc-united-guardian- 1051 
bc-united-healthcare-cor 1188 
bc-venezuela-plans-new-b 1140 
bc-victoria-state-body-i 1163 
bc-video-display- 1032 
bc-vwr-corp- 1045 
bc-walgreen- 1179 
bc-wallace-computer-serv 1134 
bc-willcox-and-gibbs-inc 1178 
bc-world-bank-team-arriv 1175 
bc-yankee- 1031 
bc-yugoslavia-wheat-free 1094 
bc-zimbabwe-coffee-outpu 1030 
bearing 1080 
beauty 1104 
began 1054 1077 1125 1148 
begin 1041 1156 
beginning 1041 1079 1190 
begun 1162 
behalf 1159 
behaviour 1022 
beijar 1074 
belgian 1040 1110 
belgium 1040 1079 1110 1142 1155 
belgrade 1094 
believed 1110 
believes 1025 
bell 1098 
belt 1026 
beneficial 1164 
benefit 1040 1105 
benefits 1133 
bensalem 1070 
benson 1141 
bergsten 1088 
berkshire 1066 
bernardino 1017 
bernbach 1138 
beryllium 1034 1048 
bethpage 1149 
bettino 1129 1183 
beverly 1113 
bewtween 1060 
bfi 1043 
bga 1066 
bgas 1066 
bic 1020 
bid 1185 
bids 1057 1185 
big 1110 
biggest 1148 
bilateral 1022 
bill 1046 1053 1085 1106 1115 1185 
billion 1016 1019 1026 1041 1044 1047 1050 1053 1060 1073 1078 1088 1100 1108 1112 1115 1120 1124 1125 1132 1140 1142 1152 1155 1174 1175 
bills 1008 1095 1106 
binghamton 1111 1144 
biologicals 1137 
black 1077 
blah 1035 1049 1050 1058 1091 1107 1109 1120 1164 1165 1166 1167 1180 
blamed 1047 
blocking 1093 
blocks 1093 
bloomington 1062 1090 1133 1173 
bnl 1005 1076 
board 1018 1044 1074 1098 1126 1133 1142 1155 1161 
boeing 1006 1060 1073 
bogert 1127 
boget 1127 
bogo 1127 
bond 1005 1014 1056 1086 1089 1136 1163 1190 
bonds 1005 
bonus 1095 
book 1190 
boom 1026 
boosted 1132 
bop 1050 1100 
borrower 1152 
borrowers 1152 
borrowing 1047 1140 
boston 1005 1061 1084 1116 1117 
bought 1008 1151 
bowman 1115 
branch 1005 
brazil 1152 
break 1112 
breweries 1119 
briefing 1081 
briefly 1037 
bring 1019 1053 1067 1093 1103 
brings 1008 
british 1057 
broadening 1186 
brook 1071 1087 
brothers 1063 
brought 1036 1094 1110 1138 
browning-ferris 1043 
brussels 1040 1142 1155 
bruxelles 1142 1155 
buck 1115 
budget 1026 1068 1131 
build 1043 1162 
building 1023 
bunu 1156 
bureau 1054 1184 
burnham 1075 1153 
bushel 1131 
business 1002 1019 1021 1022 1027 1032 1037 1041 1045 1053 1068 1080 1084 1099 1130 1159 1161 1164 1173 1183 
business-to-business 1041 
businesses 1019 1027 1095 1104 
businessmen 1022 
buy 1020 1061 1076 1098 1126 1153 1159 
buyer 1032 
buyers 1123 1133 
buying 1103 1175 
buyout 1083 1153 
buys 1103 1127 1151 
bytes 1041 
c. 1004 1088 
c.v 1055 
cable 1032 1126 
calendar 1027 1179 
calgary 1007 1013 1024 
calif. 1017 1113 1123 1130 1143 1157 1171 1172 1177 1189 
call 1112 1185 
callable 1141 
called 1022 1077 1115 
calls 1022 1042 
calmar 1074 
calmark 1074 
cambior 1072 1082 
campaign 1041 
canada 1007 1013 1024 1038 1049 1050 1058 1068 1072 1081 1082 1089 1091 1097 1100 1102 1106 1108 1109 1124 1132 1151 1152 1158 1163 1167 1182 1193 
canadaian 1163 
canadian 1024 1086 1089 1097 1114 1121 1132 1151 1158 1163 
cano 1162 
canonie 1162 
capability 1060 
capacity 1041 
capital 1005 1026 1029 1042 1100 1115 1141 1142 1152 1155 1174 1193 
capitalisation 1140 
captured 1093 
car 1114 1121 1132 1139 1145 
caracas 1140 
carcass 1110 
care 1159 
cargo 1060 
caribbean 1018 1060 
carmaker 1081 
carme 1177 
carnival 1112 
carriers 1126 
carry 1005 1156 
carryforward 1176 1188 
carryforwards 1160 
carryfoward 1191 
carrying 1136 
carson 1123 
cartagena 1140 
case 1046 1140 
cases 1115 
cash 1047 1074 1083 1112 1131 1153 1167 
cash/certs 1131 
casual 1104 
catch 1094 
catering 1021 
cathode 1184 
cathodes 1184 
cattle 1110 
cattlemen 1110 
caused 1047 1168 
causing 1093 
caution 1115 
cbm.n 1019 
cbsi 1039 
ccur 1116 
cd 1055 
cdii 1083 
celebrate 1112 
census 1054 
center 1021 
central 1002 1008 1055 1112 1118 1174 
centres 1140 
cents 1026 
cephalexin 1097 
cereals 1057 1067 
certificate 1055 1131 
certificates 1131 1154 
certs 1131 
cfg-80c2 1006 
chain 1016 1021 
chairman 1004 1019 1046 1053 1073 1115 1152 1173 1190 
chamber 1129 
chamberlain 1190 
chance 1043 
chances 1053 
chang 1002 
change 1019 1022 1084 1092 1110 1150 
changed 1084 1112 
changeoover 1132 
changeover 1132 
changing 1027 1150 
chapter 1098 
charge 1084 1093 1133 1181 
charged 1080 
charges 1011 1015 1059 1080 
charming 1070 
charter 1093 
chartered 1024 
cheap 1026 
chemical 1019 1084 1146 
chen 1022 
chesebrough 1019 1104 
chesebrough-pond 1019 1104 
chi-cheng 1002 
chicago 1020 1061 1075 1161 
chief 1004 1046 1105 1159 
chile 1147 1148 
chilean 1147 
china 1021 1022 
chinese 1022 
choice 1095 1171 
chrispus 1175 
chrs 1070 
chrysler 1114 1121 
circulation 1112 
circumstances 1047 
citicorp 1056 
cities 1021 
citing 1021 
citrus 1093 
city 1016 1021 1034 1048 1080 1127 1133 
clash 1077 
class 1018 1060 1075 
classes 1190 
classified 1146 
classifying 1021 
clayton 1110 
cleanup 1162 
clear 1026 
cleared 1043 
clearwater 1126 
cleveland 1103 
climate 1080 
clmi 1074 
close 1103 1107 1131 1133 1190 
closed 1153 
closings 1133 
closure 1084 
clt 1034 
co. 1190 
coal 1007 1024 
coalition 1129 1183 
coalitions 1129 
cobalt 1156 
coffee 1026 1030 1085 
cohasset 1031 
coincide 1022 
cold 1061 1094 
collapse 1085 
college 1069 
collins 1101 
colo 1043 
colo. 1101 
colorado 1043 
columbia 1169 
combination 1187 
combine 1138 
combined 1014 1056 1138 1141 1193 
cominco 1034 1048 
comment 1028 
commerce 1023 1036 
commercial 1006 1022 1030 1053 1112 1142 1155 1174 
commission 1015 1042 1061 1118 1144 
commissioner 1115 
commitment 1041 1126 
committed 1064 1126 
committee 1053 1074 1115 1133 1140 1190 
commodity 1131 
common 1018 1025 1031 1037 1039 1046 1063 1075 1080 1118 1126 1153 
communications 1041 1095 1168 
communique 1156 
community 1039 1067 1079 1093 1110 
company 1001 1003 1006 1015 1016 1019 1021 1025 1028 1029 1032 1041 1042 1043 1046 1047 1052 1059 1060 1073 1077 1080 1083 1084 1098 1099 1103 1104 1105 1113 1114 1123 1126 1127 1132 1133 1138 1150 1156 1159 1161 1164 1172 1179 1189 1192 
company's 1041 1063 
comparable 1080 1139 
compared 1011 1012 1024 1026 1036 1040 1067 1079 1112 1114 1121 1132 1147 1158 1174 1179 
compares 1008 1040 
comparison 1185 
compatibal 1041 
compensation 1015 
competition 1132 
competitive 1186 
competitor 1098 
complained 1093 
complete 1153 1162 
completed 1019 1038 1039 1072 1082 1156 
completes 1038 
completing 1019 
completion 1153 
compo 1092 1096 
comprise 1014 
comprised 1054 1067 
comprising 1008 
compromise 1110 
computer 1116 1131 1134 1149 
computer-assisted 1041 
computer-based 1168 
computers 1116 1189 
computing 1116 
concentrate 1021 
concentrating 1019 
concept 1083 
concerned 1094 
concession 1014 1056 1086 1089 1141 1163 
conclude 1133 
concurrent 1116 
condition 1047 
conditions 1025 1094 1153 1156 
conduct 1034 1048 
conducts 1052 
conference 1005 1073 1076 1110 1148 1190 
configuration 1060 
conform 1015 
congress 1022 1085 1140 
congressional 1110 
conn. 1104 1146 1191 
connection 1153 
conosolidation 1138 
conservative 1190 
considerable 1019 
consideration 1103 
considered 1148 
consisting 1153 
consolidate 1190 
consolidated 1132 
consortium 1005 1073 
constituents 1190 
constitute 1046 
constitutes 1093 
construction 1043 1045 
consultant 1161 
consulting 1103 
consumer 1019 1023 1045 1147 1148 1193 
consuming 1148 
consummate 1052 
consumption 1054 
contacted 1094 1123 1140 
contest 1059 
continental 1105 
continue 1025 1029 1045 1051 1099 1112 1113 1152 1161 1183 
continued 1002 1133 1152 1190 
continuing 1133 1190 
continuous 1061 
contract 1045 1051 1130 1133 1162 1168 1172 
contracted 1079 1150 
contracts 1113 1190 
contributing 1034 1048 
control 1022 1168 
controversial 1110 
conventions 1093 
converted 1046 
convertible 1005 1020 1031 1061 1144 
convinced 1140 
convincing 1085 
copenhagen 1174 
copper 1148 1184 
cor 1042 
core 1019 
corfp 1032 
corn 1131 
corner 1190 
corporate 1061 1062 1181 
corporation 1081 
correction 1088 1143 
correspond 1190 
cos 1031 1128 
cossiga 1129 1183 
cost 1020 1024 1034 1042 1048 1084 1132 1133 1175 
costing 1043 
costs 1019 1042 1043 1080 1132 1133 1138 
counsellor 1022 
counselor 1094 
countries 1021 1022 1067 1088 1093 1110 1148 1152 1156 
country 1026 1030 1067 1097 1140 
county 1131 1162 
coupled 1026 
coupon 1012 1086 1089 1136 
cover 1061 1069 1110 1156 
covered 1047 1133 
covering 1051 
covers 1168 
cpi 1147 
crandall 1073 
cranford 1052 
craxi 1129 1183 
cray 1149 
cray-1m/2300 1149 
create 1093 
credit 1005 1010 1012 1076 1095 1140 1152 1193 
credited 1067 
creditor 1140 
credits 1095 1101 1137 
creditwatch 1186 1187 
creditworthiness 1187 
crept 1026 
criticised 1175 
croo 1110 
crop 1094 
crops 1069 
crowley 1052 
crowns 1044 1047 1174 
crude 1026 
cse 1018 
csecs= 1045 
csel 1018 
ct 1018 1137 1176 1177 
cuellar 1093 
cumulative 1061 1067 1068 1084 
curacao 1141 
curbs 1022 
currency 1002 1019 1047 1088 1112 1190 
current 1041 1050 1097 1100 1103 1112 1126 1176 1183 
customer 1060 1078 1120 1125 1171 
customers 1042 1095 
customs 1067 1085 
cut 1012 1042 1118 
cuts 1042 1167 1182 
cycles 1027 
cyr 1149 
czechoslovakia 1069 
d'affaires 1093 
d'america 1076 
d'italia 1076 
d-n.j. 1085 
d-r.i. 1115 
dai-ichi 1012 
daily 1190 
dallas 1003 1046 1083 1115 1153 
damage 1094 
dane 1138 
daniel 1026 
danish 1174 
dasa 1117 
data 1041 1095 1135 1168 1192 
datacopy 1171 
datacorpy 1171 
datamag 1192 
dated 1094 
davis 1004 
days 1037 1153 1156 1171 
dbkg.f 1076 
dcpy 1171 
de 1055 1093 1110 
deadline 1110 
deal 1022 1073 1110 
dealers 1025 1112 1121 1125 
dealings 1118 
deals 1110 
dean 1075 1153 
debate 1110 
debentures 1031 1144 
debt 1019 1046 1112 1140 1144 1152 1166 1186 1187 
debt-servicing 1152 
debtors 1140 
debts 1026 1115 
dec 1035 1080 1084 1191 1192 
december 1023 1036 1054 1058 1076 1079 1102 1147 1148 1158 1184 
decided 1018 1076 1140 1156 1190 
decision 1015 1042 1131 1183 1190 
declared 1173 
decline 1023 1026 1036 1105 1132 1158 
declined 1019 1076 1083 1121 1132 1139 1145 
declines 1023 1139 1145 
declining 1141 
decrease 1084 
decreased 1184 
deerfield 1179 
defense 1186 
deferred 1080 1084 1105 
deficiency 1131 
deficit 1026 1047 1050 1088 1100 1175 
deficits 1022 1100 
define 1140 
definition 1053 
definitive 1039 1153 1187 
degrees 1069 
del 1005 1076 
delayed 1028 1083 1094 1131 
delegates 1148 
deliver 1172 
deliveries 1006 1041 1060 
delivery 1060 
demand 1068 
demands 1022 1053 
denmark 1174 
denominations 1014 1055 1056 1086 1089 1136 1141 1163 
denver 1009 
denying 1073 
department 1023 1036 1043 1094 1106 1131 
deposit 1053 1055 
depositary 1005 
deposited 1055 
depository 1044 
deposits 1053 1059 1124 
depressed 1148 
depth 1072 1082 
deputy 1131 
derivative 1060 
des 1133 
description 1130 
deserted 1190 
design 1149 1162 1168 
designated 1133 
designed 1060 1115 
desktop 1171 
destination 1021 
destinations 1067 
details 1001 1005 1057 1076 1083 1113 1140 
detected 1082 
detergents 1019 
deteriorate 1186 
determine 1088 
determined 1062 
detroit 1114 1121 1139 1145 
deutsche 1076 1141 
develop 1034 1048 
development 1026 1043 1046 1083 1140 1148 
device 1149 
dialysis 1051 
diamonds 1156 
differences 1110 
difficult 1026 
difficulties 1022 1152 
digital 1172 
diluted 1124 
dilution 1019 
dilutive 1080 
dim 1020 
dimis 1037 
diplomats 1175 
direct 1088 
directed 1126 
direction 1104 
directly 1078 
director 1019 1088 1140 1159 1161 
directors 1074 1161 
disagreement 1015 
disaster 1093 
discard 1022 
discipline 1026 
disclose 1060 1118 
disclosed 1029 
discontinued 1011 1084 1128 1160 1176 
discount 1095 1105 
discounts 1073 1095 
discovered 1062 
discuss 1083 
discussing 1098 1133 
discussion 1061 1148 
discussions 1133 
disinfectant 1051 
disk 1041 
disks 1041 
display 1032 
disposal 1019 1043 
disposals 1019 
dispose 1127 
disproportionate 1099 
distressed 1133 
distribute 1045 
distributed 1097 1157 
distribution 1027 1032 1045 1081 
disy 1041 
div 1059 1065 1066 1090 1169 1170 1181 1182 
divergence 1019 
diversified 1033 1104 
dividend 1019 1044 1063 1065 1071 1167 1169 1173 1182 
dividends 1080 
division 1021 1041 1104 
divisions 1041 
dlog 1157 
dlr 1005 1007 1010 1014 1024 1037 1038 1041 1056 1059 1076 1086 1089 1100 1120 1132 1136 1140 1152 1163 1168 
dmag 1192 
dms 1037 
dollar 1002 1047 1081 1096 
domestic 1026 1030 1068 1102 1132 
dominate 1175 
donaldson 1144 
donors 1175 
dormancy 1094 
double 1021 1190 
doubled 1184 
downward 1015 1036 
doyle 1138 
doyon 1072 1082 
drafts 1080 
drain 1115 
drawing 1040 1047 
drexel 1075 1153 
drill 1072 1082 
drilled 1082 
drilling 1034 1048 1072 1127 
drives 1041 
drop 1019 1023 1068 1069 1193 
dropped 1019 1112 1140 1184 
drug 1097 
drugs 1097 
drugstores 1179 
dry 1094 
due 1002 1012 1014 1019 1024 1025 1031 1056 1081 1086 1089 1094 1131 1132 1136 1141 1148 1163 1175 
duplicate 1138 
dutch 1055 1112 
e.f. 1075 
earlier 1006 1019 1024 1073 1079 1085 1132 1152 1162 1168 1173 
early 1006 1026 1072 1078 1080 1082 1088 1094 1140 1156 
earmarked 1114 
earn 1003 1007 1009 1010 1011 1013 1015 1016 1017 1019 1024 1030 1033 1044 1047 1059 1063 1065 1066 1070 1071 1080 1084 1087 1090 1091 1095 1096 1101 1105 1108 1109 1111 1117 1122 1124 1128 1134 1135 1137 1138 1143 1152 1157 1160 1167 1169 1170 1173 1176 1177 1178 1181 1182 1188 1191 1192 1193 
earned 1016 1030 
earnings 1016 1019 1027 1044 1047 1080 1084 1105 1132 1152 1173 1193 
ease 1022 
eases 1085 
easing 1022 
east 1069 1072 1077 1082 1093 
east/africa 1021 
eastern 1069 
eastman 1041 
eatontown 1037 
ec 1067 1079 1093 1110 
economic 1026 1093 1175 
economics 1088 
economist 1175 
economists 1078 
economy 1023 1026 1060 1140 1148 
edgar 1118 
edges 1106 
edible 1054 
editorial 1022 
effect 1042 1084 1110 1152 
effective 1037 1042 1046 1071 1084 1140 
effects 1019 
efficiencies 1132 
efforts 1084 
efh 1075 
efibanca 1005 
egypt 1093 
eighth 1021 
ek 1041 
elaborate 1016 
ele 1168 
elected 1018 1161 
electric 1006 1150 
electronic 1130 1190 
electronics 1159 1160 1186 
electrospace 1168 
elements 1130 
eli 1097 
eligible 1190 
eliminate 1015 
elimination 1138 
embassy 1022 
emerged 1094 
emerging 1041 
employee 1015 
empty 1190 
en 1055 
enabling 1076 
encourage 1018 
encouraged 1190 
encouraging 1026 
end 1019 1021 1027 1040 1134 1147 1148 1184 1190 
end-1987 1019 
end-of-winter 1112 
ended 1015 1016 1027 1032 1077 1103 1122 1138 1152 1157 
ending 1027 1055 1103 1173 
endorsed 1093 1115 
energy 1080 1152 
engine 1132 
engineering 1149 
engines 1006 
england 1008 
enhance 1187 
enhances 1186 
enormously 1088 
enter 1001 1078 1159 
entered 1039 1076 1125 
entering 1026 
entry 1097 
environmental 1043 1162 
environments 1130 
envoy 1093 
equal 1011 1036 1084 
equals 1147 
equipment 1023 1051 1068 1095 
equities 1190 
equity 1005 1012 1019 1190 
equivalent 1030 1080 1095 1110 
erasable 1041 
essex 1132 
est 1028 
establishment 1053 
estate 1064 
estimated 1073 1156 
estimates 1152 
eurobond 1014 1056 1086 1089 1141 1163 
eurobonds 1005 
euromarket 1005 
europe 1021 1069 1081 1110 1190 
europe/middle 1021 
european 1019 1067 1073 1079 1081 1093 1110 
eurostat 1079 
evaluate 1074 
evaluation 1104 
evendale 1006 
evidence 1094 
exact 1140 
exceeded 1036 1041 1104 
exception 1025 
excess 1097 
exchange 1002 1015 1026 1028 1046 1047 1061 1083 1088 1118 1126 1144 1175 1185 1190 1193 
exchangeable 1061 
exchanged 1153 
excise 1067 
exclude 1114 1121 
excludes 1010 1011 1084 1128 1137 1160 1176 
excluding 1132 
exclusive 1051 
executive 1030 1046 1118 1133 1159 
executives 1053 
exercisable 1018 
exercise 1012 1018 
exercised 1037 
exercising 1037 
exhibition 1027 
existence 1190 
existing 1029 1032 1041 
expand 1021 1022 
expanded 1102 
expansion 1019 1021 1076 1103 
expecetd 1105 
expect 1026 1078 1112 1175 
expected 1019 1039 1041 1069 1072 1078 1082 1113 1156 1175 1190 
expects 1016 1027 1032 1113 1173 1193 
expenditure 1026 
expense 1015 
expenses 1059 1138 
expiration 1037 
expires 1097 
expiring 1037 
explained 1046 1126 
exploration 1156 
explosives 1043 
export 1023 1085 1093 1132 
exported 1067 
exporter 1026 
exporters 1002 
exports 1022 1023 1030 1067 
expressed 1098 
extend 1052 
extended 1037 1156 
extended-range 1060 
extends 1037 
extension 1126 
extent 1062 
external 1026 
extinquishment 1080 
extra 1182 
extraodinary 1080 
extraordinary 1011 1178 1188 
extremely 1022 
f.j 1153 
f0001 1153 
f0003 1154 
f0017 1155 
f0018 1156 
f0020 1157 
f0022 1158 
f0024 1159 
f0025 1160 
f0032 1161 
f0041 1162 
f0047 1163 
f0051 1164 
f0055 1165 
f0060 1166 
f0069 1167 
f0076 1168 
f0083 1169 
f0087 1170 
f0088 1171 
f0096 1172 
f0103 1173 
f0109 1174 
f0114 1175 
f0125 1176 
f0127 1177 
f0128 1178 
f0134 1179 
f0136 1180 
f0142 1181 
f0144 1182 
f0146 1183 
f0147 1184 
f0162 1185 
f0169 1186 
f0173 1187 
f0174 1188 
f0175 1189 
f0176 1190 
f0177 1191 
f0180 1192 
f0183 1193 
f0288 1001 
f0295 1002 
f0296 1003 
f0301 1004 
f0308 1005 
f0313 1006 
f0314 1007 
f0316 1008 
f0323 1009 
f0331 1010 
f0333 1011 
f0338 1012 
f0339 1013 
f0340 1014 
f0341 1015 
f0342 1016 
f0343 1017 
f0346 1018 
f0356 1019 
f0357 1020 
f0358 1021 
f0360 1022 
f0361 1023 
f0366 1024 
f0367 1025 
f0373 1026 
f0375 1027 
f0378 1028 
f0389 1029 
f0399 1030 
f0401 1031 
f0408 1032 
f0409 1033 
f0410 1034 
f0411 1035 
f0415 1036 
f0416 1037 
f0441 1038 
f0445 1039 
f0447 1040 
f0456 1041 
f0467 1042 
f0469 1043 
f0472 1044 
f0473 1045 
f0484 1046 
f0494 1047 
f0504 1048 
f0508 1049 
f0518 1050 
f0519 1051 
f0524 1052 
f0528 1053 
f0540 1054 
f0546 1055 
f0548 1056 
f0559 1057 
f0564 1058 
f0568 1059 
f0569 1060 
f0577 1061 
f0579 1062 
f0584 1063 
f0585 1064 
f0589 1065 
f0590 1066 
f0601 1067 
f0609 1068 
f0610 1069 
f0631 1070 
f0632 1071 
f0636 1072 
f0644 1073 
f0655 1074 
f0661 1075 
f0664 1076 
f0679 1077 
f0687 1078 
f0700 1079 
f0702 1080 
f0705 1081 
f0707 1082 
f0709 1083 
f0711 1084 
f0713 1085 
f0717 1086 
f0720 1087 
f0721 1088 
f0725 1089 
f0730 1090 
f0734 1091 
f0735 1092 
f0736 1093 
f0739 1094 
f0740 1095 
f0741 1096 
f0742 1097 
f0743 1098 
f0746 1099 
f0757 1100 
f0762 1101 
f0763 1102 
f0766 1103 
f0767 1104 
f0775 1105 
f0780 1106 
f0781 1107 
f0783 1108 
f0792 1109 
f0795 1110 
f0804 1111 
f0813 1112 
f0822 1113 
f0836 1114 
f0844 1115 
f0850 1116 
f0851 1117 
f0856 1118 
f0857 1119 
f0858 1120 
f0867 1121 
f0868 1122 
f0869 1123 
f0871 1124 
f0875 1125 
f0880 1126 
f0883 1127 
f0885 1128 
f0886 1129 
f0888 1130 
f0889 1131 
f0890 1132 
f0891 1133 
f0893 1134 
f0894 1135 
f0895 1136 
f0897 1137 
f0899 1138 
f0900 1139 
f0903 1140 
f0911 1141 
f0925 1142 
f0926 1143 
f0927 1144 
f0929 1145 
f0939 1146 
f0950 1147 
f0983 1148 
f0986 1149 
f0989 1150 
f0992 1151 
f0995 1152 
fabrics 1045 
faces 1026 
facilities 1022 1138 
facility 1149 1189 
factors 1026 1079 
factory 1054 
failed 1025 1142 1155 
failure 1085 
fall 1002 1023 1036 1058 1069 1088 1094 
falling 1019 1140 1158 
falls 1040 
falmouth 1104 
family 1041 
fargo 1189 
farmers 1093 1094 1131 
fast 1103 1115 
fats 1054 1110 
favorable 1168 
favour 1026 
favourable 1022 
fc 1108 1132 1182 
feasibility 1034 1048 1156 
feb 1063 1118 1176 
february 1002 1027 1032 1037 1040 1060 1067 1068 1094 1114 1121 1139 1140 1145 1147 1165 1174 1179 1190 
fed 1078 1120 1125 
federal 1042 1051 1053 1059 1078 1100 1101 1102 1115 1125 1154 1158 1187 
federation 1002 
fee-based 1193 
feed 1057 
feeding 1110 
fees 1014 
feet 1072 1082 
fell 1023 1026 1035 1036 1040 1079 1102 1132 1152 1184 
fernand 1115 
fertiliser 1001 
festival 1112 
ffkz 1059 
fiber 1041 
field 1093 1094 1127 1162 
fields 1077 
fighting 1077 
figures 1003 1022 1054 1067 1081 1114 1121 1174 1179 
file 1027 
filed 1042 1144 
files 1061 1144 
filing 1025 1042 1118 
final 1042 1068 1131 1190 
finalised 1140 
finance 1019 1026 1031 1068 1136 1140 1141 1156 1163 1175 
financed 1140 
finances 1140 
financial 1005 1044 1047 1053 1105 1140 1153 1156 1186 1187 
financially 1046 
financing 1083 1153 1175 1189 
fir 1133 
firestone 1107 1133 
firm 1064 1118 1123 1156 
firms 1001 1047 1156 
fiscal 1015 1027 1173 
fitzgerald 1019 
five-fold 1081 
five-month 1131 
five-party 1129 1183 
five-year 1005 1012 1078 1119 
fix 1002 
fixed 1052 1088 1095 
fla. 1018 1126 
flat 1019 
flexible 1088 
flights 1060 
floor 1053 1190 
flow 1026 
flurries 1069 
flyers 1115 
focus 1021 1041 
focusing 1116 
food 1029 
foods 1019 
forbearance 1115 
forbid 1110 
force 1171 
ford 1091 1108 1132 1167 1182 
forecast 1008 1047 1068 
forecaster 1069 
forecasts 1047 1103 
foreign 1001 1005 1026 1076 1110 1140 1175 1193 
forgiveness 1115 
form 1001 1053 1063 1074 1097 1112 1116 
forma 1003 
formed 1045 1064 1116 
forms 1045 
fort 1101 
fortune 1041 
forty-five 1190 
forum 1116 1148 
foundation 1130 
four-member 1175 
fourth 1015 1019 1068 1100 1132 1133 
franc 1012 1119 
france 1067 
francesco 1129 1183 
francs 1142 1154 1155 
frank 1085 
fred 1088 
frederick 1161 
free 1044 1094 
french 1020 1055 1190 
fresh 1105 
friday 1140 1148 
friedrich 1080 
frugal 1026 
fruit 1075 1093 
fruit-of-the-loom-in 1075 
fry 1081 
fsi 1003 
fslic 1115 
ft-se 1190 
ftse-100 1190 
fuel 1042 
fuji 1119 
fulfil 1140 
fulfilling 1022 
full 1019 1022 1024 1053 1059 1062 1068 1080 1084 1100 1132 
full-year 1132 
fulling 1041 
fund 1053 1061 1115 1175 
fundamental 1140 
funding 1056 1156 
funds 1047 1078 1112 1125 
furnace 1123 
furniture 1045 
future 1005 1015 1099 1103 1113 1127 1142 1155 1190 1193 
g.h 1104 
gain 1011 1032 1035 1068 1080 1084 1102 1128 1178 
gains 1010 1102 1138 
garlem 1131 
gas 1024 1066 1084 
gave 1076 1110 
gaza 1093 
gdp 1049 1058 1068 1102 
ge 1006 
gearing 1019 
gem 1113 
gena 1189 
general 1006 1026 1061 1081 1093 1152 1168 1189 
generale 1055 
generalised 1022 
generated 1047 1150 
generating 1041 
generic 1131 
geneva 1081 1093 1148 
geoffrey 1190 
george 1022 
germain 1115 
german 1076 
germany 1067 1081 
germination 1094 
gfcc 1187 
gibbs 1178 
gic 1105 
gigabytes 1041 
gilt 1190 
gilts 1190 
give 1001 1022 1154 1156 
giving 1115 1130 
glendale 1187 
global 1055 1099 
gm 1081 
gmhc 1009 
gnp 1049 1058 1068 1102 
gold 1038 1072 1077 1082 1112 1156 
goldberger 1161 
goldman 1061 
goods 1019 1022 1023 1102 1179 
goodyear 1186 
government 1002 1020 1026 1078 1106 1125 1129 1140 1147 1154 1172 1175 1180 1183 1190 
governor 1002 
gq 1149 
graded 1072 1082 
gradually 1105 
grain 1057 1067 1069 1094 1131 1185 
gramm-rudman 1131 
granted 1153 
granting 1053 
gre 1084 
grease 1009 
greece 1079 
grew 1100 
gross 1068 1102 
ground 1162 
group 1019 1021 1044 1046 1047 1075 1076 1116 1118 1138 1140 1148 1170 1181 
groups 1077 
growers 1030 
growing 1099 1103 
grown 1057 1067 
growth 1019 1026 1068 1079 1094 1102 1190 1193 
grumman 1149 
grumman's 1149 
gsp 1022 
guarantee 1187 
guaranteed 1038 1056 1086 1089 1119 1141 1163 
guarantees 1012 
guaranty 1014 
guarini 1085 
guidelines 1024 
guilder 1019 1055 
guilders 1019 1055 1112 
guinea 1156 
guinean 1156 
gulf 1084 
gumbiner 1046 
gundy 1086 1089 1163 
gurantee 1187 
h. 1161 
haighton 1055 
half 1037 1111 1131 1190 
hallwood 1046 
halt 1002 
halted 1062 1153 
hampered 1098 
hand 1129 
handle 1045 1183 
handled 1045 
harare 1030 
hard 1085 1115 
hardware 1041 
harper 1138 
harris 1123 1144 
harvey 1161 
hazardous 1043 
head 1129 1183 
heading 1026 
headquarters 1153 
health 1043 1051 1104 1110 1159 
healthcare 1188 
healthy 1193 
hearing 1115 
heavy 1019 1093 
hedging 1190 
held 1074 1098 1148 1156 1174 1184 
herbicides 1001 
herman 1110 
hgca 1057 1067 
hia 1021 
high 1022 1026 1100 1115 1190 
high-density 1041 
high-quality 1104 
high-tech 1044 1047 
higher 1047 1103 1105 1152 
highest 1079 
highest-capacity 1041 
highly 1193 
hills 1113 
hillside 1134 
history 1026 
hit 1047 
hold 1002 1088 
holders 1037 1150 1181 
holderson 1173 
holding 1009 1105 
holdings 1010 
holds 1098 
hole 1072 1082 
holiday 1021 1112 
home 1035 1036 1057 1067 1097 1101 1115 1126 
homes 1036 
hong 1002 
hoped 1019 1085 1110 
hopes 1081 1116 1140 
hormone 1110 
hormones 1110 
horsham 1063 
hosiery 1020 
hospal 1051 
hospital 1051 1097 
hospitality 1029 
hostel 1077 
hotel 1012 1021 
hotels 1021 
house 1026 1088 1115 1129 
household 1019 
housing 1035 1036 
houston 1043 
hrok 1101 
hsn 1126 
hutton 1075 
hwg 1046 
hydro 1042 
hydro-electric 1042 
hydrogenated 1054 
iad 1061 
ibm 1130 
ico 1085 
ico-coffee 1085 
idcc 1033 
idea 1077 
identical 1110 1129 
ill. 1004 1071 1087 1097 1133 1134 1179 
illinois 1107 
image 1111 1140 1144 1171 
imbalance 1088 
imf 1175 
immediately 1005 1034 1046 1048 1085 1129 1140 1168 
impact 1047 1105 1152 
imperative 1026 
implications 1186 1187 
important 1022 1140 1190 
importer 1067 
imports 1022 1076 1085 1174 
imposed 1025 
imposing 1110 
improve 1148 
improved 1019 1132 1140 1193 
improvement 1132 
improvements 1019 
in-kind 1131 
in-process 1184 
inaccurate 1022 
inch 1069 
inches 1069 
include 1007 1013 1021 1044 1116 1179 
included 1025 
includes 1020 1054 1059 1080 1084 1101 1126 1149 1178 1181 1182 1188 1191 
including 1041 1044 1061 1095 1112 1153 1174 1184 
income 1011 1042 1080 1093 1132 1140 1188 1193 
incorporate 1041 1127 
increase 1019 1026 1036 1042 1053 1059 1068 1076 1142 1152 1155 
increased 1019 1030 1060 1067 1079 1132 1184 
increases 1005 1147 
increasing 1019 1047 1084 
ind. 1162 
independent 1041 1098 
index 1023 1147 1190 
indexed 1038 
indication 1026 
indicator 1023 
indirect 1125 
indirectly 1078 
industrial 1023 1041 1079 1099 1158 
industrie 1006 1060 1073 
industries 1043 1052 1061 1080 1102 1150 1162 1175 
industry 1021 1073 1079 1102 1103 1116 1132 1152 1186 
inedible 1054 
inflation 1026 1147 
inflow 1100 
influences 1022 
inform 1041 
information 1041 
infrared 1146 
infusaid 1160 
initial 1003 1075 1095 1103 1173 
initially 1041 1156 
initiative 1148 
injectable 1097 
injured 1077 
inland 1061 
inn 1021 1083 1153 
inside 1110 
insist 1140 
insititute 1024 
installed 1149 1162 
installs 1149 
institute 1088 1147 
institution 1076 1115 
institutional 1005 1031 
institutions 1029 1053 1115 
instruments 1051 
insurance 1010 1053 1056 1105 1115 1159 1164 
int'l 1034 1048 1098 
intangible 1044 1047 
integrate 1041 
integrated 1116 
intek 1033 
intelligence 1041 
intends 1127 1159 
intent 1001 
inter-market-maker 1190 
interest 1008 1020 1078 1098 1112 1120 1125 1132 1140 1154 1175 
interested 1073 
interests 1127 
intermedics 1160 1176 
intermedics-intraocular 1047 
international 1005 1021 1022 1031 1034 1048 1085 1088 1098 1113 1130 1133 1136 1152 1175 
interpreter 1130 
intersection 1072 1082 
intersections 1072 1082 
intersects 1072 
intervention 1057 1088 
intl 1136 
intraocular 1160 
introduced 1085 1148 1190 
introducing 1041 
inventories 1184 
investigation 1062 1077 
investment 1001 1010 1020 1056 1061 1064 1068 1074 1100 1118 1123 
investments 1144 
investor 1031 1118 
investors 1005 
invited 1156 
involved 1076 1156 
involvement 1015 
iot 1034 
iowa 1107 1133 
ipi 1079 1158 
iron 1140 1156 
iron-steel 1156 
israel 1093 
israeli 1093 
issue 1005 1012 1038 1055 1085 1110 1119 1136 1141 1154 1186 
issued 1005 1020 1029 1067 1154 1156 
issues 1005 1014 1056 1086 1089 1141 1163 1175 
issuing 1014 1056 1086 1089 1141 1163 
italian 1005 1076 1096 1129 1180 1183 
italian-soviet 1076 
italy 1005 1067 1076 1129 1180 1183 
item 1143 
items 1044 1047 
itm 1160 1176 
jacques 1142 1155 
jaime 1140 
james 1081 
jan 1017 1035 1063 1070 1084 1087 1122 1124 1157 1177 
january 1016 1023 1025 1026 1036 1040 1054 1067 1105 1110 1134 1147 1152 1154 1174 1184 1186 1192 
japan 1012 1079 1151 1159 
javier 1093 
jeep 1139 1145 
jenrette 1144 
jet 1060 
jobless 1040 
jobs 1040 
johannesburg 1077 
john 1105 
join 1156 
joint 1001 1034 1048 1061 1064 1097 1144 1171 
joint-lead 1141 
jointly 1072 1082 
jong 1055 
jorge 1140 
july 1023 1067 1185 
june 1027 1060 1179 1185 
kahn 1123 
kalamazoo 1059 
kampala 1175 
kasl 1017 
kasler 1017 
katrine 1175 
kebo 1074 
keboo 1074 
keflex 1097 
kenya 1026 
kenyan 1026 
key 1021 
kidney 1051 
killed 1077 
kims 1041 
kinds 1022 
kiyonga 1175 
kleinwort 1141 
kms 1077 
knives 1077 
knm 1173 
knmc 1090 1173 
know-how 1044 1047 
knutson 1090 1173 
koba 1159 
kodak 1041 
kong 1002 
korea 1002 1067 
l.l 1115 
l986 1030 
lac 1072 1082 
lace 1159 
lack 1142 1155 
lading 1185 
lagos 1156 
lake 1016 1034 1048 
lambert 1075 1142 1153 1155 
language 1130 
lapsed 1085 
lard 1054 
large 1024 
largely 1081 1190 
larger 1112 
largest 1006 1021 1036 1067 1102 1142 1148 1153 1155 1159 1187 1190 
late 1072 1082 1094 1113 
latin 1140 
launch 1019 1060 
launches 1055 
launching 1055 1119 
lavoro 1005 
lavoro-bnl 1076 
law 1105 
laws 1022 
lbs 1054 1184 
lead 1012 1014 1026 1056 1084 1086 1089 1119 1136 1163 
lead-managed 1005 
leader 1053 
leaders 1110 1140 
leadership 1133 
leading 1023 1190 
league 1053 1115 
lease 1052 1095 
leasing 1189 
leathers 1045 
leaving 1118 1129 
led 1005 1026 1041 1075 1118 1133 1175 
lee 1020 
left 1015 1068 1190 
legislation 1022 1053 1085 1115 
legitimacy 1093 
lei 1023 
lesser 1153 
letter 1001 1093 
level 1002 1019 1036 1102 
leveraged 1153 
lft 1028 1159 
liabilities 1084 
liberia 1156 
libor 1140 
library 1041 
license 1146 
licensing 1130 
life 1037 1056 1159 
lifetime 1028 1159 
light 1069 1132 
lilly 1097 
limit 1022 1140 
limited 1041 1133 
limited-service 1053 
limits 1140 
line 1019 1076 1094 1097 1123 
lines 1052 
linked 1005 
lipton 1019 
liquidation 1061 
liquidity 1047 
lire 1096 
lisbon 1021 
listed 1005 1014 1056 1086 1089 1136 1141 1163 
listing 1005 1014 
livestock 1110 
lkb-produkter 1047 
lly 1097 
lmed 1097 
loaded 1041 
loan 1020 1053 1059 1101 1115 1152 1187 
loans 1053 1059 1112 1124 1140 1152 
local 1002 1077 1133 
locals 1133 
locations 1133 
lodging 1021 
logic 1015 1157 
lombard 1004 
london 1005 1008 1014 1019 1026 1056 1057 1067 1085 1086 1089 1103 1136 1141 1163 1190 
long 1052 1086 1089 1118 
long-term 1012 1104 
longer 1026 
loom 1075 
lor 1186 
loral 1166 1186 
los 1033 1135 
losing 1002 
loss 1003 1007 1010 1011 1013 1015 1017 1019 1024 1080 1084 1101 1117 1128 1132 1138 1152 1157 1160 1176 1181 1188 1191 1192 
losses 1080 1093 1152 
lost 1032 
louis 1153 1185 
low 1081 
lower 1016 1023 1042 1132 1140 1152 1184 
lowered 1166 1186 
lowest 1069 
loyal 1140 
loynes 1105 
lsb 1080 
lse 1190 
ltd. 1012 
lufkin 1144 
lusinchi 1140 
luxembourg 1005 1056 1079 1086 1089 1136 1141 1163 
lynch 1075 
lyon 1161 
lyon/atlas 1021 
lyphomed 1097 
mabon 1144 
machetes 1077 
machines 1051 1130 
made 1008 1019 1026 1060 1073 1097 1103 1110 1131 1140 
magnetic 1041 
mailed 1131 
main 1005 1023 1026 
maine 1042 
maine-based 1104 
maintain 1026 
maintaining 1175 
major 1073 1088 1098 1103 1113 1148 1174 
majority 1053 1159 
makde 1099 
make 1028 1039 1062 1073 1083 1131 1190 
maker 1104 
makers 1002 
makes 1042 1081 
making 1053 1069 1083 
malcolm 1023 
managed 1115 
management 1014 1029 1041 1056 1086 1089 1099 1131 1141 1163 
manager 1012 1014 1056 1086 1089 1119 1136 1141 1163 
managing 1161 
manually 1041 
manuel 1140 
manufactured 1081 1132 
manufacturer 1020 
manufacturers 1045 
manufacturing 1032 1045 1102 1132 
marcano 1140 
margarine 1019 
margin 1140 
margins 1019 
maribor 1094 
maritime 1052 
mark 1013 1024 
markedly 1131 
marker 1140 
market 1008 1022 1036 1041 1057 1076 1078 1097 1112 1125 1132 1148 1152 1153 1154 1156 1190 
market's 1190 
marketed 1097 1099 
marketing 1051 1054 1097 1171 
markets 1005 1110 1141 1156 1190 
mart 1179 
mass 1041 
mass. 1031 1066 1092 1096 1099 
master 1080 1133 
material 1118 1184 
materialise 1140 
materials 1043 1150 
mclean 1052 
md 1169 
means 1085 
measured 1147 
measures 1093 1148 1186 
meat 1110 
meats 1110 
medi 1179 
media 1041 
media-independent 1041 
median 1036 
medium-depth 1127 
meet 1025 1053 1110 
meeting 1074 1103 1116 1142 1148 1155 
member 1041 
members 1026 1053 1133 
membrs 1133 
memory 1041 
memphis 1021 
mer 1075 
merchandise 1100 
merchants 1185 
merge 1153 
merger 1138 1153 
mergers 1138 
merrill 1075 
metal 1184 
metallurgical 1034 1048 
method 1024 
mi 1052 
miami 1137 
mich. 1059 
michael 1019 1068 
microfilm 1041 
microfilm-based 1041 
mid-1987 1041 
mid-march 1005 
mid-month 1131 
mid-year 1041 
midcon 1004 
middle 1093 
midland 1098 
mifergui-nimba 1156 
mii 1052 
miles 1060 
military 1146 
mill 1061 1184 
million 1162 
mills 1184 
milo 1185 
mine 1034 1048 1072 1082 
mineral 1007 1024 
minerals 1072 1082 1150 
mines 1156 
mining 1084 1099 1102 
minister 1068 1110 1129 1140 1156 1175 1183 
ministry 1001 
minn. 1011 1062 1065 1090 1173 
minneapolis 1011 1065 1122 1149 1188 
minstar 1011 
minus 1069 1131 
minutes 1077 
mismanaged 1115 
mission 1175 
mitchel 1162 
mnst 1011 
mo. 1153 
mobile 1168 
model 1081 1171 
modified 1053 
modular 1161 
moi 1026 
moines 1133 
momentun 1045 
monday 1131 
monetary 1088 1175 
money 1008 1032 1112 1154 1175 
money-fx 1008 1088 1112 1154 
monitor 1085 
monkey 1009 
monohydrate 1097 
month 1055 1076 1085 1094 1102 1112 1114 1142 1147 1155 1175 1179 1190 
monthly 1095 1102 1174 
months 1001 1036 1043 1052 1068 1079 1103 1110 1133 1147 1169 
montreal 1124 1152 1193 
mony 1056 
moratorium 1053 
more-than-a-terabyte 1041 
morgan 1014 
morning 1028 1069 1083 
mortgage 1086 1089 1090 1173 
moscow 1076 
motion 1027 
motor 1081 1091 1108 1132 1182 
motors 1081 1139 1145 
mou'men 1093 
mountain 1171 
mountains 1034 1048 
move 1076 1088 1142 1155 1187 1190 
movements 1019 1047 
mpuc 1042 
msc 1118 
mths 1080 1087 1134 1138 1177 
mtik 1161 
multi-mln 1041 
musa 1156 
mutual 1056 1159 
n't 1140 
n.j. 1025 1037 1052 1074 1095 
n.m. 1150 
n.v. 1104 
n.y 1149 1162 
n.y. 1039 1051 1111 1128 1144 
nairobi 1026 
named 1022 1032 1161 
nameplates 1132 
names 1161 
nasd 1025 
nasdaq 1025 1153 
nassau 1162 
national 1003 1025 1040 1147 1154 
national-gottesman 1118 
nations 1093 1110 1148 
natural 1156 
naugahyde 1045 
nazionale 1005 1076 
nbio 1137 
needed 1022 1023 1061 1085 1088 
needham 1138 
negative 1047 1186 
negotiating 1076 1148 
negotiation 1153 
negotiations 1140 1152 
nerio 1005 1076 
nesi 1005 1076 
net 1003 1007 1009 1010 1011 1016 1017 1023 1026 1033 1042 1059 1063 1070 1080 1084 1087 1096 1100 1101 1105 1108 1111 1117 1122 1123 1124 1128 1132 1134 1135 1137 1138 1143 1152 1157 1160 1174 1176 1177 1178 1181 1188 1191 1192 
netherlands 1055 1112 
network 1116 1126 1168 
networked 1041 
networking 1116 
networks 1116 
newly 1020 
news 1005 1028 1030 1076 1081 1083 1110 1190 
newspaper 1022 
nexx 1113 
nexxus 1113 
nfs 1003 
nfsi 1003 
niall 1019 
nichols 1039 
nickel 1156 
nigeria 1156 
nigerian 1156 
night 1069 1077 1140 
nights 1069 
nil 1009 
nippon 1061 1159 
non-accrual 1152 
non-callable 1056 1086 1089 1163 
non-merchandise 1100 
non-recurring 1138 
non-transferrable 1153 
non-woven 1045 
nonbank 1053 
nonthrift 1053 
normal 1022 1183 
north 1019 1060 1133 1137 1152 
northeast 1073 
northern 1069 
northwest 1094 
norton 1099 
note 1003 1007 1010 1011 1013 1055 1059 1063 1080 1096 1101 1108 1111 1128 1134 1135 1137 1138 1160 1169 1176 1178 1181 1182 1188 1191 1192 
noted 1019 1020 1073 1079 
notes 1012 1038 1078 1084 1098 1112 1119 
notified 1133 
noting 1019 1041 
nov 1009 
nova 1086 1089 
novato 1177 
november 1013 1058 1102 1158 1169 
novopharm 1097 
nrt 1099 
nugent 1144 
number 1005 1036 1040 1044 1046 1080 1116 1121 1126 
nv 1019 1031 1092 1096 1141 
o.c 1004 
oak 1071 1087 
oakville 1108 1132 1182 
objective 1041 
obligations 1140 
obtained 1052 
obtaining 1005 
occidental 1004 
occupation 1093 
occupied 1093 
occurred 1088 
occurring 1102 
october 1015 1036 1054 1111 1133 1169 
off-floor 1190 
off-the-road 1133 
offer 1098 1126 1185 
offered 1073 1085 1126 1185 
offering 1003 1061 1075 1104 1144 
offers 1104 1185 
offical 1175 
office 1040 1076 1079 1131 1168 1171 
officer 1004 1046 1105 1159 
official 1004 1022 1046 1049 1050 1058 1088 1131 1156 1174 
officials 1005 1076 1081 1094 1110 1156 1180 1183 
offset 1042 1100 1132 
ogden 1150 
ohio 1006 1133 
ohta 1159 
oil 1024 1026 1046 1084 1110 1127 1140 1150 
oils 1054 1110 
oils/fats 1110 
oilseed 1151 
okalhoma 1127 
oklahoma 1080 1107 1127 1133 
om 1138 1181 
omaha 1010 
omb 1131 
omcm 1138 1170 1181 
omnicom 1138 1170 1181 
on-line 1041 
once-off 1044 1047 
one-time 1059 
one-year 1053 1189 
ongoing 1104 
ontario 1106 1108 1132 1182 
oolders 1055 
open 1021 
open-ended 1041 
opened 1078 
opening 1026 1076 1081 1105 
oper 1010 1011 1084 1128 1137 1160 1176 
operate 1029 1043 1060 1126 
operated 1127 1179 
operates 1019 
operating 1002 1004 1011 1019 1080 1084 1133 1160 1176 
operation 1005 1019 1133 1169 
operations 1007 1011 1024 1032 1047 1080 1084 1099 1103 1113 1128 1131 1132 1138 1152 1160 1176 
operator 1034 1048 1126 
operators 1126 
opportunities 1133 
opposed 1110 
oprder 1006 
optical 1041 
optical-disk-based 1041 
optics 1041 
optimistic 1094 
option 1052 1061 1098 1126 1153 1190 
option-granting 1015 
options 1015 1126 1168 1190 
oral 1097 
order 1006 1060 1073 1168 1171 
ordered 1168 
orders 1002 1023 1060 1171 
ordinary 1005 1026 
ore 1140 1156 
organic 1019 
organization 1085 1127 1133 
original 1003 
originally 1156 
otaining 1153 
other's 1097 
ottawa 1029 1068 1100 1102 1158 
ounce 1072 1082 
ousmane 1156 
out-of-date 1022 
outcome 1133 1152 
outlines 1140 
outlook 1152 
output 1001 1030 1079 1102 1114 1121 1139 1145 
outright 1008 
outstanding 1080 
over-the-counter 1062 
overallotments 1061 
overnight 1151 
overseas 1081 1132 
oversee 1099 
owned 1013 1024 1038 1072 1074 1082 1108 1132 1153 
owner 1034 1048 
owns 1046 1074 1159 
oxy 1004 
pa. 1069 
package 1133 
pact 1034 1097 1130 1146 1171 1189 
page 1130 
paid 1019 1044 1047 1063 1159 
paine 1169 
palace 1183 
palo 1130 
pan 1073 
pansophic 1071 1087 
pant 1153 
pantera 1153 
paper 1022 1154 
par 1055 1141 
parent 1073 1132 
paris-based 1020 
parital 1169 
parities 1047 
parliament 1026 
parsippany 1095 
part 1021 1041 1076 1115 
partially 1132 
participants 1116 
parties 1133 
partly 1047 1068 1078 
partners 1046 
parts 1019 1080 
party 1129 
passed 1085 
passenger 1060 
past 1094 
patent 1097 
pay 1059 1065 1066 1071 1076 1090 1095 1105 1169 1170 1182 
payable 1080 1173 1181 
paying 1014 1019 1056 1086 1089 1115 1141 1163 
payment 1012 1014 1052 1056 1086 1089 1119 1131 1141 1154 1163 
payments 1026 1095 1103 1112 1131 1140 
payout 1170 1182 
pays 1056 1066 1086 1089 1141 1163 
pbx 1095 
peak 1026 
peking 1022 
pence 1103 
pending 1028 1083 1153 
penn. 1063 1070 
pension 1084 
percentage 1052 
perez 1093 
performance 1019 1173 
period 1052 1054 1067 1080 1086 1089 1103 1126 1139 1147 1175 
periods 1011 1112 1122 1134 1188 1193 
permit 1133 
permits 1023 1043 
permitted 1153 
persuade 1022 
petroleum 1004 1098 
phab 1044 1047 
phab-st 1044 
pharmaceutical 1097 
pharmacia 1044 1047 
phase 1026 
phone 1095 
photographic 1041 
pickup 1023 
picture 1027 
pictures 1027 
pik 1131 
pillsbury 1065 
pittsfield 1066 
pizza 1083 1153 
place 1019 
placement 1136 
placing 1005 1136 
plan 1021 1084 1126 1140 
planned 1001 1019 1186 1190 
plans 1001 1021 1119 1126 1130 1133 1140 1142 1155 1159 1190 
plant 1023 1034 1048 1068 1077 1132 1133 1150 
plants 1107 1133 
platform 1103 
plc 1019 1103 1190 
plea 1002 
pledge 1088 
pledged 1110 
plessey 1190 
plyl.l 1190 
pn 1071 1073 
pns 1071 1087 
point 1141 
pointed 1041 
poland 1067 1069 
police 1077 
policies 1088 1175 
policy 1076 1133 
political 1140 
poor 1156 1166 1186 1187 
population 1040 
porter 1162 
portion 1046 1061 1175 
portugal 1079 
position 1046 1073 1097 1186 1190 1193 
positions 1190 
positive 1187 
possibility 1073 
possibly 1052 
post 1046 
post-tax 1103 
post-war 1183 
posted 1185 
postpone 1110 
postscript 1130 
postwar 1129 
potential 1022 1105 1123 1146 1152 
potentially 1168 
poulenc 1051 
pound 1026 
power 1006 1156 
powerful 1041 
powers 1053 
practices 1110 
pre-split 1071 
pre-tax 1019 1084 
precambrian 1007 1013 1024 
precisely 1140 
predict 1133 
predicted 1068 
predicting 1190 
prefer 1088 
preference 1022 
preferred 1028 1046 1061 1080 1130 
prejudice 1022 
preliminary 1034 1048 
premature 1152 
premium 1047 
presence 1021 
present 1029 1047 1088 1190 
president 1004 1005 1026 1076 1118 1129 1140 1142 1155 1161 
presidential 1183 
press 1073 
pressure 1002 1078 
pressures 1099 
pretax 1101 1103 
prevent 1026 
preventing 1022 
preview 1081 
previous 1036 1067 1068 1112 1190 
previously 1015 1019 1036 1038 1072 1080 1082 1153 
price 1012 1018 1026 1036 1055 1057 1081 1106 1147 1151 1153 1154 1159 
priced 1014 1056 1086 1089 1119 1136 1141 1163 
prices 1019 1026 1081 1118 1147 1148 1152 
primarily 1021 1138 
primary 1080 1093 
prime 1129 1183 
principal 1027 1140 
principle 1052 1153 1187 
principles 1044 1140 
printed 1022 
prior 1013 1024 1059 1065 1090 1132 1160 1169 1173 1182 
priority 1140 
private 1005 1069 1127 1136 1140 1152 1159 1174 
privately 1136 
privately-held 1097 
pro 1003 
problem 1062 1131 
problems 1026 1152 1156 
procedure 1015 1183 
procedures 1133 
proceed 1098 1168 
proceeds 1061 1144 
process 1019 1034 1048 1054 1150 
processing 1034 1048 1172 
produce 1001 1088 
produced 1026 1030 
producer 1148 
producers 1131 
producing 1102 1148 
product 1068 1097 1102 1123 1132 
production 1001 1030 1054 1079 1093 1113 1114 1121 1132 1139 1145 1156 1158 1168 
products 1019 1041 1054 1095 1097 1099 1130 
profit 1002 1003 1007 1010 1011 1015 1017 1019 1024 1044 1080 1084 1101 1117 1132 1133 1138 1152 1157 1181 1188 1191 1192 
profitability 1152 
profitable 1099 1193 
profits 1019 1103 
program 1095 1126 1131 1132 1175 1186 1189 
programme 1055 
programs 1126 1132 
progress 1110 1140 
prohibit 1053 
project 1156 1162 
projected 1081 1175 
projects 1064 1140 
prominent 1067 
promote 1116 
promoted 1094 
prompted 1042 
promptly 1053 
properties 1007 1021 1024 
property 1034 1048 
proposal 1083 1110 1148 
proposed 1020 1044 1061 1085 1110 1131 1144 1148 1153 1175 
proscribe 1053 
prospect 1156 
prospective 1133 
prospectus 1019 
protect 1110 1115 
protection 1043 1094 
protectionist 1022 
protests 1168 
protocols 1116 
provide 1022 1053 1084 1099 1103 1148 1175 
provided 1008 1080 
providing 1113 1115 
provision 1080 1105 1152 
provisional 1174 
provisions 1101 1138 1152 
proxmire 1053 
proxy 1059 
psy 1065 
pty 1099 
public 1003 1042 1061 1075 1112 1140 1152 1163 1173 1174 1192 
published 1019 1022 1093 
publishing 1130 1171 
puerto 1179 
purchase 1003 1018 1019 1020 1037 1076 1095 1103 1133 1150 1171 
purchased 1127 
purchases 1008 
purex 1162 
purpose-built 1190 
purposes 1061 
pursue 1064 
pwm 1169 
pza 1083 1153 
qtlry 1066 1170 
qtly 1059 1065 1090 1181 
qtr 1003 1011 1017 1033 1049 1050 1059 1063 1065 1070 1080 1084 1087 1091 1096 1101 1108 1109 1111 1122 1124 1134 1135 1137 1138 1143 1157 1160 1169 1173 1176 1177 1178 1181 1188 1191 1192 
qtrly 1066 1169 
quality 1152 
quantity 1041 1057 
quarter 1011 1015 1019 1027 1068 1084 1100 1101 1132 1133 1137 1140 1143 1149 1152 1173 1193 
quarterly 1065 1071 1090 1173 
quarters 1068 
quebec 1072 1082 
quelled 1077 
quick 1053 
quickly 1022 1085 
quirinal 1183 
quorum 1142 1155 
quotas 1085 
quotation 1025 
quoted 1002 1153 
quoting 1067 
radioactive 1043 
raise 1026 1142 1155 
raised 1142 1154 1155 
ramsden 1159 
ran 1156 
randomly 1041 
range 1041 1190 
ranges 1088 
ranging 1118 
rank 1041 
rapeseed 1151 
rapid 1190 
rapidly 1043 
rate 1002 1026 1036 1040 1042 1068 1078 1088 1126 1140 
rated 1187 
rates 1042 1047 1088 1112 1140 1175 
ratings 1186 
ratio 1131 
ray 1191 
raytech 1191 
reach 1021 1030 1085 1133 1140 
reached 1032 1036 1052 1133 1146 
react 1043 
read 1143 
ready 1053 
reagan 1085 
real 1044 1049 1064 1068 
realise 1019 
realized 1010 
realty 1169 
reason 1004 1110 
reasons 1023 
recapitalize 1053 
receipt 1044 
receipts 1005 
receive 1037 1052 1095 1126 1131 1153 
received 1006 1083 
receives 1046 
receiving 1053 
recent 1019 1022 1190 
recently 1083 1104 
recipient 1067 
recognition 1188 
recognized 1138 
record 1021 1036 1059 1065 1066 1071 1090 1129 1169 1170 1172 1173 1181 1182 1183 1193 
recorded 1079 
recovery 1132 1175 
recycle 1150 
redeem 1018 
redemption 1055 
redeploy 1032 
reduce 1018 1022 1042 1133 1140 
reduction 1042 1084 1088 1132 
reeacquisition 1003 
reference-sell 1171 
referring 1073 
refiners 1184 
refinery 1077 
refining 1084 
reflect 1015 1027 1063 
reflected 1140 
reflecting 1152 
reform 1105 
reforms 1088 
regal 1098 
region 1021 1073 
regionby 1021 
registered 1061 1174 
registration 1144 
regular 1066 1071 1170 
regulators 1053 
regulatory 1039 1053 1153 1190 
rehabilitating 1175 
reinstate 1085 
reiterated 1073 1142 1155 
rejected 1002 1098 1133 
rejection 1133 
rejects 1002 
relate 1138 
related 1080 1138 
release 1023 
released 1105 
rely 1026 
remain 1098 
remained 1047 
remaining 1069 1074 1099 
remains 1118 1152 
remarks 1073 
remote 1168 
remove 1022 
removed 1186 
removes 1085 
removing 1164 
render 1041 
rent 1095 
rental 1095 
reorganization 1098 
reorganize 1098 
rep. 1085 
repairing 1175 
repayments 1112 
repays 1140 
replace 1088 
replaces 1149 
replied 1022 
reply 1076 
reponsibilities 1004 
report 1016 1027 1032 1072 1094 1174 1193 
reported 1015 1019 1023 1024 1036 1057 1072 1082 1103 1104 1132 1152 
reporters 1019 1053 1110 1140 
reporting 1024 1069 1152 1193 
representative 1076 1110 
representatives 1002 
represented 1047 1123 1138 
represents 1044 1169 
reprogrammed 1140 
repurchase 1078 1120 1125 
repurchases 1078 1125 
request 1002 1074 
requested 1062 
requests 1057 
requiements 1025 
require 1110 1133 
required 1052 1099 1118 1142 1155 
requirements 1051 
reschedule 1140 
rescheduling 1140 
research 1149 
reserve 1078 1125 1150 
reserved 1183 
reserves 1026 1059 1078 1105 1112 1125 1174 
residential 1042 1169 
resign 1129 
resignation 1129 1183 
resigned 1004 1046 1180 1183 
resigns 1004 1183 
resisted 1131 
resolution 1015 
resolved 1110 
resolving 1110 
resource-related 1152 
resources 1007 1013 1024 1038 1084 1156 
respective 1011 
respond 1110 1171 
response 1110 
responsible 1047 
rest 1026 
restraint 1193 
restrictions 1022 
restructing 1138 
restructuring 1046 1080 1133 1138 1181 
resturcturing 1152 
result 1015 1026 1104 1146 1173 
resulted 1132 
resulting 1003 1084 
results 1013 1015 1044 1047 1072 1082 1132 1152 1193 
resumed 1085 
retail 1097 1179 1190 
retained 1084 1123 1153 
retrieval 1041 
return 1052 1112 
revenue 1042 
revenues 1032 1042 1052 1099 
reversing 1068 
review 1148 
revised 1008 1015 1035 1036 1054 1174 
revises 1015 
revisions 1133 
revs 1003 1007 1009 1010 1011 1013 1017 1033 1063 1070 1080 1084 1087 1108 1117 1137 1138 1157 1160 1176 1178 1181 1188 1191 
reynolds 1075 1153 
rgl 1098 
rhone 1051 
richardson 1168 
rico 1179 
rights 1093 1110 1130 
rigs 1127 
rise 1002 1019 1023 1030 1036 1049 1068 1081 1100 1112 1147 1174 1179 
rises 1068 
rising 1019 1079 
risk 1186 
roads 1175 
robert 1073 
robin 1030 
rockies 1101 
rod 1184 
roebuck 1075 
roil 1150 
romania 1069 
rome 1005 1076 1129 1183 
rooms 1021 
rose 1019 1049 1068 1079 1100 1102 1103 1112 1132 1139 1145 1147 1152 1158 1174 1179 
rosemont 1097 
round 1140 
routes 1060 1073 
royal 1109 1124 1152 1193 
royal-bank-of-canada 1124 
royalty-bearing 1146 
rubber 1133 
rule 1110 
rules 1110 1133 
ruling 1168 
run 1126 
running 1094 
ruth 1055 
rye 1128 
s.a. 1020 1051 
s/p 1186 1187 
saab-scania 1014 
saatchi 1103 
sachs 1061 
sachy 1103 
saito 1175 
sale 1019 1073 1080 1127 1133 1160 
sales 1016 1019 1020 1029 1035 1036 1041 1044 1047 1081 1096 1104 1111 1122 1123 1128 1132 1133 1134 1135 1165 1171 1177 1179 1192 
salomon 1144 
salt 1016 1034 1048 
san 1017 
sandoz 1001 1051 
santiago 1147 
sapporo 1119 
sara 1020 
satisfying 1026 
saturday 1002 
saudi 1067 
save 1140 
savin 1146 
saving 1005 
savings 1005 1026 1053 1059 1101 1115 1174 1187 
saxon 1046 
sb 1144 
scanner 1171 
scant 1069 
scheduled 1005 1053 1060 
sciences 1118 
scientific 1149 
scotia 1086 1089 
scott 1029 
scottsdale 1015 1192 
scrap 1184 
sears 1075 1190 
season 1054 
seasonal 1036 1079 
seasonally 1036 1068 1100 1102 
seat 1060 
seattle 1045 1060 
sec 1015 
secretary 1022 1023 1093 
section 1133 
sector 1041 1140 1152 
sectors 1140 
secured 1098 
securities 1015 1025 1061 1078 1118 1125 1144 1193 
security 1077 
seeding 1094 
seeking 1042 
seeks 1042 1074 
sees 1016 1105 1110 1152 1173 1190 1193 
sehl.l 1190 
select 1018 
sell 1032 1041 1081 1097 1099 1104 1123 1164 
selling 1014 1056 1086 1089 1132 1141 1163 
senate 1053 1129 
senior 1131 1161 1175 
sense 1073 
sensitive 1043 
separate 1129 
september 1055 1085 1133 1168 1173 
series 1061 1154 
serve 1115 
service 1032 1052 1085 
services 1025 1029 1053 1098 1102 1116 1134 1162 
servicies 1100 
servicing 1026 
session 1008 1140 1185 
set 1030 1036 1055 1112 1116 1126 1148 1152 1156 
sets 1048 1090 1095 1120 1126 1130 1131 1170 1189 
setting 1148 
settlement 1078 
share 1005 1012 1015 1016 1018 1019 1037 1044 1061 1071 1075 1080 1084 1105 1111 1118 1132 1153 1156 1159 1160 1167 1173 1176 1178 1182 1188 1190 1192 
shareholder 1092 1142 1153 1155 1159 
shareholders 1003 1039 1071 1142 1150 1153 1155 1173 
shares 1005 1020 1028 1029 1031 1046 1047 1061 1071 1074 1075 1080 1083 1103 1118 1143 1153 1159 
sharpest 1023 
sharply 1023 1103 1132 
sheet 1174 
shelter-based 1168 
sheriff 1156 
shibiao 1022 
shield 1007 1013 1024 
shilling 1026 
ship 1052 
shipment 1151 
shipments 1123 
shipping 1052 
shock 1043 
shoe 1104 
shoes 1104 
shoji 1159 
shoppes 1070 
shopping 1126 
short 1072 1082 
shortage 1008 1112 
shortfall 1100 
shortly 1019 
show 1081 
showed 1047 1072 1082 1112 1174 
showing 1022 
shown 1140 
shows 1126 
shr 1003 1007 1009 1010 1011 1013 1017 1033 1059 1063 1070 1080 1084 1087 1091 1096 1101 1108 1109 1111 1117 1122 1124 1128 1134 1135 1137 1138 1157 1160 1176 1177 1178 1181 1188 1191 
shrs 1010 1011 1080 1096 1111 1124 1137 1160 1181 1188 
shultz 1022 
shuttle 1073 
sides 1022 
sign 1051 1126 1140 
signal 1172 
signed 1001 1034 1048 1051 1113 1130 1140 1162 1171 
significant 1062 1072 1082 1105 
signs 1034 1113 
signup 1131 
silver 1084 1156 
similar 1126 
singapore 1002 
single 1006 1067 
single-family 1035 1036 
site 1043 1162 
situation 1094 1099 
six-month 1154 
size 1001 
sizeable 1088 
slaughterhouse 1110 
sle 1020 
slightly 1016 1068 1106 1131 
slipped 1026 
slowing 1079 
slows 1079 
slump 1093 1156 
small 1046 1057 1095 
smelting 1084 
smith 1144 
smithtown 1051 
snla 1146 
snow 1069 1094 
so-called 1053 
socialist 1129 
societal 1099 
societe 1055 
software 1041 
sofware 1189 
sogecred 1076 
sold 1032 1036 1057 1081 1097 1099 1118 1121 1179 
sole 1056 1136 
solid 1149 1193 
sorghum 1131 
sort 1019 
sought 1053 1140 1156 
source 1021 1026 1046 1093 
sources 1026 1151 
south 1002 1052 1067 1077 1099 
south-africa 1077 1099 
southwest 1034 1048 
soviet 1001 1067 1069 1076 
space 1190 
spares 1172 
speaking 1140 
specal 1140 
special 1074 1112 
specialises 1076 
specializes 1046 
speculate 1152 
speculation 1073 
speculators 1115 
speech 1026 1053 
spending 1026 
spent 1043 
spillman 1153 
split 1063 1071 1111 
splits 1071 
spoken 1053 
spokesman 1002 1028 1077 1106 1125 1133 1142 1155 
spokeswoman 1001 
spotty 1069 
spring 1021 1116 
srw 1185 
st 1044 1047 1115 1185 
st. 1153 
stabilise 1148 
staff 1077 1138 
stage 1042 
stake 1001 1118 1159 
stamford 1146 
standard 1166 1186 1187 
standards 1110 1116 
stands 1183 
start 1006 1034 1043 1048 1103 1105 1113 1115 1190 
starter 1041 
starting 1055 
starts 1075 
state 1022 1026 1069 1112 1131 1149 1163 1183 
state-owned 1005 1076 
statement 1023 1079 1088 1144 1183 
states 1022 1036 1052 1081 1099 1110 1179 1190 
statistics 1040 1068 1079 1100 1102 1147 1148 1158 1184 
status 1022 
stauffer 1019 
stay 1042 1175 
stayed 1078 
steel 1061 1140 
step 1103 
steven 1046 
stg 1008 1019 1141 
sticks 1077 
stock 1005 1015 1025 1028 1031 1037 1039 1046 1062 1063 1071 1080 1083 1111 1118 1126 1153 1190 
stockholm 1044 1047 
stocks 1184 
stood 1040 
stop 1002 1168 
storage 1041 1149 
store 1041 
stores 1016 
storing 1041 
strategic 1019 
strategy 1019 
strengthen 1097 
stretch 1115 
strict 1022 1026 
strip 1093 
stripping 1019 
strong 1081 1103 1173 
studies 1034 1048 
study 1034 1048 1146 1148 1156 
subcommittee 1088 
subject 1020 1039 1083 1092 1153 
submitted 1057 
subordinated 1031 1144 1186 1187 
subscribe 1159 
subscriber 1126 
subscribers 1126 
subscriptions 1055 
subsidiaries 1160 
subsidiary 1004 1005 1020 1045 1051 1052 1076 1150 
substantial 1046 1088 1140 1152 
succeeds 1046 
successful 1084 
suffer 1069 
suisse-first 1005 
sum 1019 
summe 1079 
sun 1146 
sunnyvale 1172 
supd 1128 
supercomputer 1149 
supermarket 1016 
supplies 1045 
supply 1036 1051 1078 1125 1171 
support 1099 1116 1140 1156 1171 
supporters 1085 
supradur 1128 
surf 1019 
surpassing 1036 
surplus 1026 1100 
svb 1146 
swaps 1031 
sweden 1044 1074 1081 
swinging 1026 
swiss 1012 1119 1154 1190 
switch 1095 
switzerland 1012 1081 1119 1148 1154 
sybedon 1064 
sylla 1156 
syracuse 1039 
syria 1093 
syrian 1093 
system 1022 1025 1039 1041 1078 1088 1095 1125 1149 1162 1168 
systems 1041 1071 1087 1088 1095 1116 1130 1149 1168 1172 1189 
t. 1161 
tactical 1168 
taipei 1002 
taiwan 1002 
takeover 1044 1076 
takes 1024 
taking 1019 1067 
talk 1073 
talks 1076 1085 1110 1140 1156 1175 
tampa 1018 
target 1019 
tariff 1022 
tate 1143 
tax 1010 1044 1080 1101 1105 1110 1112 1137 1138 1188 
taxes 1042 1080 1084 1105 
taylor 1030 1152 
team 1175 
technical 1099 1171 
technologies 1041 1113 
technology 1022 1041 1111 1144 1146 1161 1186 
telecommunications 1122 
telegraph 1095 
telephone 1095 
television 1032 1126 
telling 1002 
temperatures 1069 1094 
tempo 1132 
temporarily 1115 
temporary 1078 1125 
ten-mln-dlr 1189 
tender 1057 
tenn. 1021 
tentatively 1097 
tentiative 1032 
terabyte 1041 
terence 1159 
term 1095 
terminal 1115 
terminals 1168 
termination 1084 
terms 1019 1029 1032 1052 1099 1133 1140 1153 
terpstra 1004 
testing 1034 1048 
teterboro 1025 
tex 1160 
texas 1098 1115 1168 1176 
textile 1002 
textiles 1045 
thierry 1142 1155 
thing 1073 1140 
thought 1110 
threaten 1093 
three-and-a-half 1183 
three-for-two 1111 
threme 1041 
thrift 1053 
thrifts 1053 
thursday 1053 
tie 1116 
tight 1112 
tighten 1026 
tillion 1041 
time 1005 1018 1019 1026 1028 1036 1077 1085 1095 1105 
times 1026 1046 1115 
timetable 1140 
tiome 1099 
tire 1107 1133 
tires 1133 
today 1006 1008 1022 1026 1041 1057 1060 1073 1093 1103 1142 1155 1185 
today's 1041 
toho 1159 
tokyo 1136 
tol 1063 
told 1005 1019 1030 1053 1076 1081 1110 1129 1131 1140 1190 
toll 1063 
tom 1131 
tomorrow 1069 
ton 1072 1082 
tonic 1023 
tonight 1069 
tonnes 1030 1057 1067 1151 1156 
toog 1015 
top 1041 
topaz 1034 1048 
toronto 1029 1038 1072 1082 1106 
torrance 1143 
total 1008 1040 1054 1057 1064 1100 1103 1112 1123 1168 1174 1184 
totaled 1036 1054 
totaling 1113 
totalled 1081 1114 1121 1152 
tough 1110 
tractors 1175 
trade 1022 1052 1076 1085 1088 1110 1148 1151 
traded 1012 1190 
trademark 1099 
trades 1190 
trading 1022 1028 1062 1078 1083 1125 1153 1190 1193 
traditional 1027 
transaction 1032 1039 1074 1153 
transactions 1052 
transatlantic 1073 
transers 1052 
transfer 1022 1052 
transform 1015 
transit 1162 
translated 1096 
transparency 1148 
transport 1052 
travel 1094 
travelers 1021 
treasury 1008 1078 1088 1106 1112 
treatment 1022 
tri-class 1060 
tri-star 1027 
trims 1118 
trip 1094 
tripled 1190 
troubled 1046 1152 
trsp 1027 
truck 1114 1121 1132 
trumbull 1191 
trust 1159 
turn 1074 1097 
turned 1019 
turnover 1081 
tv 1032 
twinjet 1060 
twinjets 1006 1060 
two-for-one 1071 
two-month 1027 
two-stage 1042 
tylan 1123 
tyln 1123 
type 1041 
type= 1035 1049 1050 1058 1091 1107 1109 1120 1143 1164 1165 1166 1167 1180 
u.k 1008 1067 
u.n. 1093 
u.s 1022 1023 1035 1036 1054 1081 1094 1114 1115 1121 1123 1125 1131 1146 1187 
u.s. 1002 1007 1019 1022 1024 1030 1038 1043 1044 1052 1053 1056 1073 1078 1079 1085 1088 1097 1110 1113 1114 1121 1132 1139 1145 1148 1168 1172 1184 
uac 1064 
uganda 1175 
uk 1008 1014 1019 1056 1057 1067 1086 1136 1141 1163 1190 
un.a 1019 
unable 1001 1133 
unauthorized 1062 
uncertain 1152 
unchanged 1036 
uncompetitive 1081 
unctad 1148 
underlying 1019 
undertaken 1001 1156 
underway 1062 1075 1077 
underwriters 1061 1075 
underwriting 1014 1056 1086 1089 1141 1163 
underwritten 1144 
undisclosed 1032 1099 1151 
uneconomic 1007 1024 
unemployment 1040 
unicorp 1064 
unih 1188 
unilever 1019 1104 
union 1001 1067 1069 1076 1133 
unir 1051 
unissued 1159 
unit 1032 1034 1038 1045 1048 1052 1055 1075 1099 1104 1141 1153 1164 1187 
united 1022 1036 1052 1081 1093 1099 1110 1133 1148 1188 1190 
united-guardian 1051 
units 1036 1081 1114 1139 1145 1168 1179 
unproc 1143 
unsatisfactory 1152 
unsettled 1099 
unspecified 1005 
untapped 1021 
unveilded 1041 
upcoming 1131 
upham 1144 
upholstery 1045 
upper 1129 
upset 1131 
upward 1078 
upwards 1067 
uranium 1156 
urgent 1085 
urges 1088 1115 
usage 1041 1054 
usda 1094 1131 
users 1041 
ussr 1001 1067 1069 1076 
utah 1034 1048 1150 
utilities 1042 
utility 1042 
utilizes 1052 
valued 1020 1149 
vanguard 1135 
veg-oil 1110 
vegetable 1054 1110 
vehicles 1081 
venezuela 1140 
venture 1001 1034 1048 1061 1064 1097 
ventures 1001 1144 
version 1041 
versus 1173 1184 
vessels 1052 
vest 1126 
vice 1118 
vice-president 1081 
victoria 1163 
victorian 1163 
vide 1032 
video 1032 1126 
view 1005 1171 
vigorously 1110 
violation 1093 
virtually 1102 
vision 1041 
visit 1022 1140 
voice 1095 1168 
volksbank 1012 
volume 1019 1190 
volumes 1019 1132 
von 1131 
vote 1053 
votes 1065 
vows 1053 
vulnerability 1140 
vwr 1045 
vwrx 1045 
wachenheim 1118 
wag 1179 
wages 1133 
wake 1190 
walahtam 1096 
walgreen 1165 1179 
wallace 1134 
waltham 1092 
wananchi 1026 
wanted 1098 
war 1093 
warexin 1051 
warm 1094 
warrant 1018 1037 
warrants 1005 1012 1018 1037 
washington 1022 1023 1036 1053 1054 1085 1088 1094 1110 1115 1118 1131 
waste 1043 1150 
wastes 1043 
watch 1187 
watchung 1074 
water 1043 1162 
ways 1116 
wcs 1134 
weak 1152 
weakening 1047 
webber 1169 
weedkiller 1001 
week 1106 1112 1140 1148 
weekly 1112 
weeks 1053 1094 1175 
weighted 1080 
well-known 1041 
well-managed 1115 
wells 1127 1189 
west 1067 1072 1076 1081 1082 
west-germany 1076 
western 1001 1021 1069 1150 
westinghouse 1150 
westport 1104 
wfc 1189 
wg 1178 
wheat 1057 1067 1069 1094 1185 
wholesalers 1113 
wholly 1038 
widebody 1060 
widened 1100 
willcox 1178 
william 1004 1053 
willingness 1140 
wilson 1068 
win 1095 1142 1155 
winnipeg 1151 
wins 1172 
winter 1069 1094 
winterkill 1069 1094 
wirebar 1184 
wirebars 1184 
wishing 1133 
withdrew 1112 
witter 1075 1153 
won 1172 
wood 1086 1089 1163 
worcester 1099 
work 1034 1048 1113 1133 1162 1168 
worked 1088 
workers 1077 1133 
working 1040 1093 
workstations 1116 
world 1021 1026 1148 1156 1175 
worldbank 1175 
worldwide 1138 
worth 1006 1060 1106 1113 1126 1162 1168 1179 
write-once/ready-many-times 1041 
writedown 1007 1024 1044 1047 
wx 1150 
x-mp/14 1149 
xerox 1171 
xrx 1171 
yankee 1031 
year-ago 1024 1054 1132 1152 
year-earlier 1054 1132 
year-over-year 1158 
year-to-date 1114 1121 1139 1179 
years 1005 1019 1022 1052 1103 1105 1126 1129 1140 1141 1142 1155 1172 1175 1183 1190 
yen 1012 
yesterday 1069 1078 1085 1103 1110 1112 1148 1153 1190 
yeutter 1110 
yfc 1031 
yield 1106 1154 
yielded 1106 
yields 1154 
ynk 1031 
york 1027 1028 1041 1060 1064 1073 1078 1105 1118 1125 1138 1159 1170 1178 1181 1184 1186 1187 
yr 1191 
yugoslav 1094 
yugoslavia 1094 
yugoslavian 1094 
zebra 1189 
ziana 1030 
zieconium 1150 
zimbabwe 1030 
zimbabwean 1030 
zinc 1077 1084 
zincor 1077 
zirconium 1150 
zones 1088 
zurich 1012 1119 1154 1159 
