're 8721 
****** 8673 8701 8709 8758 8762 8779 8790 8801 
-3r 8750 
-3rd-qt 8740 
-4 8738 
-4th 8794 
-accepts 8711 
-agency 8671 
-an 8751 
-corn-lead-1987 8759 
-credit-unit 8786 
-direc 8781 
-file 8776 
-french-d 8693 
-ge 8730 
-i 8689 
-in-softwar 8772 
-introduces-ne 8792 
-s 8717 
-says-di 8778 
-sets 8712 
-split 8791 
-starts-b 8690 8691 
-to-buy-tria 8704 
-to-g 8753 
-to-ma 8789 
-unit 8732 
-year 8777 
-zurich 8775 
/author 8714 8746 8769 
0.11 8726 
0.5 8671 
0.7 8671 8746 
0.9 8702 
0007 8801 
0011 8709 8779 
0012 8790 
0013 8673 8701 8758 
0014 8762 
0022 8808 
0024 8785 8788 
0025 8731 8736 
0028 8724 
0029 8768 
0033 8797 
0034 8702 8776 
0035 8792 
0038 8722 
0042 8737 
0045 8668 
0048 8733 8754 8760 
0049 8680 
0051 8742 
0052 8695 
0053 8807 
0054 8767 
0055 8793 
0056 8775 
0057 8711 8750 
0058 8738 
0059 8773 
0060 8741 8782 8794 
0061 8740 
0062 8745 
0064 8712 8739 
0065 8732 8784 8789 
0066 8694 8708 
0067 8728 
0068 8677 8795 
0069 8678 8744 
0070 8798 
0072 8726 
0073 8787 
0076 8720 
0078 8781 
0079 8734 8777 8783 8803 8809 
0081 8746 
0084 8706 
0085 8718 
0088 8690 8806 
0089 8682 8683 8691 8713 8721 
0090 8717 
0092 8684 8766 
0093 8772 8791 
0094 8693 8804 
0095 8716 
0096 8757 
0097 8796 
0098 8671 8761 
0099 8689 8696 8699 
0100 8676 8688 8692 8778 
0101 8687 8751 
0102 8755 8756 
0103 8670 8674 8681 8707 
0104 8715 8753 8763 
0105 8703 8729 8752 8800 
0106 8700 8774 
0107 8667 
0108 8669 8672 8802 
0109 8685 8771 8805 
0110 8764 8799 
0111 8675 8698 8747 8765 8786 
0112 8714 8743 
0113 8748 
0114 8719 8770 
0115 8686 8704 8710 8723 8730 
0116 8697 8735 8769 8780 
0119 8749 
0127 8679 
0135 8705 
0136 8759 
0140 8727 
0142 8725 
03-24 8667 8668 8669 8670 8671 8672 8673 8674 8675 8676 8677 8678 8679 8680 8681 8682 8683 8684 8685 8686 8687 8688 8689 8690 8691 8692 8693 8694 8695 8696 8697 8698 8699 8700 8701 8702 8703 8704 8705 8706 8707 8708 8709 8710 8711 8712 8713 8714 8715 8716 8717 8718 8719 8720 8721 8722 8723 8724 8725 8726 8727 8728 8729 8730 8731 8732 8733 8734 8735 8736 8737 8738 8739 8740 8741 8742 8743 8744 8745 8746 8747 8748 8749 8750 8751 8752 8753 8754 8755 8756 8757 8758 8759 8760 8761 8762 8763 8764 8765 8766 8767 8768 8769 8770 8771 8772 8773 8774 8775 8776 8777 8778 8779 8780 8781 8782 8783 8784 8785 8786 8787 8788 8789 8790 8791 8792 8793 8794 8795 8796 8797 8798 8799 8800 8801 8802 8803 8804 8805 8806 8807 8808 8809 
07:20:06.59 8667 
07:21:04.51 8668 
07:21:18.55 8669 
07:23:08.00 8670 
07:23:18.87 8671 
07:23:45.06 8672 
07:26:33.86 8673 
07:26:41.30 8674 
07:27:15.64 8675 
07:28:28.39 8676 
07:29:11.71 8677 
07:29:56.82 8678 
07:30:06.18 8679 
07:33:15.86 8680 
07:34:07.31 8681 
07:34:49.61 8682 
07:36:44.40 8683 
07:38:09.98 8684 
07:40:04.35 8685 
07:52:14.68 8686 
07:55:36.76 8687 
07:56:26.66 8688 
08:05:35.42 8689 
08:07:19.86 8690 
08:07:26.91 8691 
08:15:18.40 8692 
08:23:05.67 8693 
08:23:50.09 8694 
08:25:11.29 8695 
08:25:19.17 8696 
08:26:05.23 8697 
08:26:52.33 8698 
08:28:41.89 8699 
08:28:52.77 8700 
08:30:38.92 8701 
08:33:54.07 8702 
08:34:02.31 8703 
08:34:31.04 8704 
08:37:12.74 8705 
08:41:06.12 8706 
08:41:53.00 8707 
08:42:35.04 8708 
08:45:15.29 8709 
08:48:09.16 8710 
08:53:03.33 8711 
08:59:07.53 8712 
09:01:36.91 8713 
09:01:51.02 8714 
09:06:48.41 8715 
09:09:29.35 8716 
09:12:14.20 8717 
09:14:26.58 8718 
09:14:37.67 8719 
09:14:45.00 8720 
09:16:39.64 8721 
09:16:49.65 8722 
09:19:03.33 8723 
09:22:07.21 8724 
09:25:08.54 8725 
09:28:36.24 8726 
09:30:32.18 8727 
09:32:41.79 8728 
09:33:40.22 8729 
09:38:04.03 8730 
09:39:24.31 8731 
09:39:50.65 8732 
09:39:59.32 8733 
09:40:32.43 8734 
09:44:09.10 8735 
09:49:25.72 8736 
09:49:52.27 8737 
09:49:59.33 8738 
09:50:04.47 8739 
09:50:10.23 8740 
09:50:17.41 8741 
09:50:26.98 8742 
09:52:26.76 8743 
09:53:43.24 8744 
09:59:25.47 8745 
1,000 8682 8687 8732 8805 
1,086,000 8740 
1,100,000 8708 
1,300,000 8776 
1,327,000 8750 
1,342,000 8750 
1,402,000 8716 
1,500 8744 
1,622,503 8793 
1,694,000 8741 
1,751,609 8793 
1,930,400 8742 
1-1/4 8682 8803 
1-1/8 8669 
1-7/8 8803 
1.00 8726 
1.08 8708 
1.1 8746 
1.11 8708 
1.15 8702 
1.16 8745 
1.20 8745 
1.25 8711 
1.27 8726 
1.28 8800 
1.29 8794 
1.36 8708 8799 
1.4 8796 
1.40 8708 
1.5 8679 8714 8746 8802 
1.50 8745 
1.53 8726 
1.58 8745 
1.6 8668 8706 
1.60 8714 8777 
1.64 8702 
1.7 8746 
1.70 8714 
1.75 8714 
1.76 8745 
1.77 8702 
1.79 8738 
1.8 8798 
1.80 8714 8781 
1.81 8714 8745 
1.82 8794 
1.84 8738 8777 
1.87 8692 8699 
1.9 8700 8707 
1.95 8793 
1.99 8793 
1/2 8687 
1/4 8723 
1/8 8682 
10,000 8682 
10-year 8682 
10.0 8691 
10.00 8711 
10.1 8780 
10.3 8742 
10.30 8679 
10.5 8668 
10.6 8668 8796 
10.7 8703 8747 
100-kg 8679 
100.7 8702 
101-1/2 8682 
101-3/8 8687 
101-5/8 8803 
101.2 8706 8746 
107.6 8702 
10:00:16.07 8746 
10:02:23.98 8747 
10:09:37.11 8748 
10:09:56.01 8749 
10:11:21.17 8750 
10:11:45.69 8751 
10:14:32.34 8752 
10:15:24.82 8753 
10:16:22.83 8754 
10:16:52.60 8755 
10:17:02.38 8756 
10:19:10.74 8757 
10:20:05.28 8758 
10:22:40.06 8759 
10:23:06.75 8760 
10:24:51.57 8761 
10:27:57.75 8762 
10:32:32.57 8763 
10:36:29.37 8764 
10:37:56.90 8765 
10:40:36.72 8766 
10:41:05.07 8767 
10:41:20.86 8768 
10:42:01.79 8769 
10:43:45.27 8770 
10:44:26.47 8771 
10:45:03.64 8772 
10:45:13.49 8773 
10:47:05.50 8774 
10:47:45.37 8775 
10:48:13.98 8776 
10:49:10.18 8777 
10:49:21.55 8778 
10:49:38.62 8779 
10:49:57.60 8780 
10:50:25.41 8781 
10:54:35.83 8782 
10:55:50.90 8783 
10:56:30.69 8784 
10:57:15.50 8785 
11.1 8706 
11.4 8723 
11.9 8716 
110.1 8668 
112.8 8794 
115.2 8734 
115.3 8707 
1155 8707 
117.6 8668 
11:00:14.01 8786 
11:00:38.49 8787 
11:00:52.25 8788 
11:01:01.72 8789 
11:04:48.62 8790 
11:06:22.57 8791 
11:07:51.51 8792 
11:09:03.58 8793 
11:09:11.33 8794 
11:09:16.99 8795 
11:09:45.23 8796 
11:10:03.30 8797 
11:11:47.48 8798 
11:12:30.03 8799 
11:12:49.78 8800 
11:12:55.18 8801 
11:13:35.22 8802 
11:14:19.26 8803 
11:14:39.76 8804 
11:15:34.16 8805 
11:15:49.13 8806 
11:16:19.69 8807 
11:16:22.61 8808 
11:18:00.84 8809 
12,267,000 8794 
12-bank 8669 
12-page 8769 
12.1 8723 
12.4 8668 
12.8 8778 
120.3 8708 
1200 8744 
1228 8685 
125,900 8751 
125.6 8702 
129.3 8794 
12p 8748 
13,300 8800 
13,911,000 8794 
13.4 8668 
13.6 8740 
13.9 8706 
13/16 8669 
131.17 8726 
131.6 8668 
132.69 8726 
132.83 8726 
135,000 8741 
135.7 8702 
136,029 8683 
137.7 8668 
14-5/8 8687 
14-year 8754 
14.0 8750 
14.50 8711 
14.7 8731 
14188 8667 
14189 8668 
14190 8669 
14191 8670 
14192 8671 
14193 8672 
14194 8673 
14195 8674 
14196 8675 
14197 8676 
14198 8677 
14199 8678 
14200 8679 
14201 8680 
14202 8681 
14203 8682 
14204 8683 
14205 8684 
14206 8685 
14207 8686 
14208 8687 
14209 8688 
14210 8689 
14211 8690 
14212 8691 
14213 8692 
14214 8693 
14215 8694 
14216 8695 
14217 8696 
14218 8697 
14219 8698 
14220 8699 
14221 8700 
14222 8701 
14223 8702 
14224 8703 
14225 8704 
14226 8705 
14227 8706 
14228 8707 
14229 8708 
14230 8709 
14231 8710 
14232 8711 
14233 8712 
14234 8713 
14235 8714 
14236 8715 
14237 8716 
14238 8717 
14239 8718 
14240 8719 
14241 8720 
14242 8721 
14243 8722 
14244 8723 
14245 8724 
14246 8725 
14247 8726 
14248 8727 
14249 8728 
14250 8729 
14251 8730 
14252 8731 
14253 8732 
14254 8733 
14255 8734 
14256 8735 
14257 8736 
14258 8737 
14259 8738 
14260 8739 
14261 8740 
14262 8741 
14263 8742 
14264 8743 
14265 8744 
14266 8745 
14267 8747 
14268 8748 
14269 8749 
14270 8750 
14271 8751 
14272 8752 
14273 8753 
14274 8746 
14275 8754 
14276 8755 
14277 8756 
14278 8757 
14279 8758 
14280 8759 
14281 8760 
14282 8761 
14283 8762 
14284 8763 
14285 8764 
14286 8765 
14287 8766 
14288 8767 
14289 8768 
14290 8769 
14291 8770 
14292 8771 
14293 8772 
14294 8773 
14295 8774 
14296 8775 
14297 8776 
14298 8777 
14299 8778 
14300 8779 
14301 8780 
14302 8781 
14303 8782 
14304 8783 
14305 8784 
14306 8785 
14307 8786 
14308 8787 
14309 8788 
14310 8789 
14311 8790 
14312 8791 
14313 8792 
14314 8793 
14315 8794 
14316 8795 
14317 8796 
14318 8797 
14319 8798 
14320 8799 
14321 8800 
14322 8801 
14323 8802 
14324 8803 
14325 8804 
14326 8805 
14327 8806 
14328 8807 
14329 8808 
14330 8809 
145.5 8668 
148.40 8710 8714 
148.50 8735 
149.05/15 8735 
15.0 8708 
15.00 8711 
15.2 8731 8801 
15.4 8706 
15.7 8702 
15.8 8672 
150.00/05 8735 
1500 8680 
155.2 8702 
156.4 8702 
157,100 8742 
15p 8685 
16,701,000 8738 
16.0 8707 
16.1 8740 
16.2 8743 
16.5 8750 8757 
16.50 8711 
16.6 8706 
16.7 8723 
161.5 8702 
165,859 8683 
17,159,000 8738 
17.2 8706 
17.3 8684 
17.4 8707 
17.7 8702 
17.93 8684 
178.1 8668 
18.0 8706 
18.00 8711 
18.5 8796 
18.8 8794 
1809 8751 
184.2 8702 
19.2 8707 
1960 8769 
197.0 8702 
1975/76 8694 
1979 8753 
1980 8746 8769 
1981 8726 
1982 8706 
1984 8666 8671 8675 8721 8753 8769 
1985 8683 8684 8707 8726 8743 8757 8761 8769 8796 
1986 8668 8669 8683 8684 8694 8702 8706 8707 8720 8723 8725 8726 8727 8743 8746 8757 8761 8777 8782 
1986/87 8764 
1987 8689 8694 8704 8714 8733 8737 8738 8739 8741 8746 8759 8770 8792 
1987/88 8764 
1988 8743 8755 8770 
1990 8687 8752 
1991 8704 
1992 8681 8755 8803 8805 
1997 8682 8711 8780 8786 8805 
19p 8668 
1st 8767 
1stld- 8727 
2,000 8792 
2,091,000 8767 
2,323,500 8742 
2,350,000 8804 
2,500 8713 
2,535,435 8691 
2,852,000 8740 
2-1/2 8736 
2.1 8668 
2.10 8793 
2.11 8764 
2.3 8671 8702 
2.31 8759 
2.33 8702 
2.35 8692 8699 
2.4 8672 
2.42 8757 
2.49 8702 
2.5 8671 8746 8796 
2.7 8671 
2.73 8764 
2.75 8756 
2.8 8681 
20,064 8683 
20,700 8792 
20.0p 8702 
20.22 8684 
200,000 8770 
203.5 8767 
210.4 8689 
2130 8679 
215.7 8767 
217.97 8694 
22,800 8683 
22.5p 8702 
223.66 8694 
225,000 8746 
229.06 8694 
229.83 8694 
23,000 8792 
23,803 8683 
23.5 8799 
23.6 8794 
230,000 8732 
231.93 8694 
233.26 8694 
24-mar-1987 8667 8668 8669 8670 8671 8672 8673 8674 8675 8676 8677 8678 8679 8680 8681 8682 8683 8684 8685 8686 8687 8688 8689 8690 8691 8692 8693 8694 8695 8696 8697 8698 8699 8700 8701 8702 8703 8704 8705 8706 8707 8708 8709 8710 8711 8712 8713 8714 8715 8716 8717 8718 8719 8720 8721 8722 8723 8724 8725 8726 8727 8728 8729 8730 8731 8732 8733 8734 8735 8736 8737 8738 8739 8740 8741 8742 8743 8744 8745 8746 8747 8748 8749 8750 8751 8752 8753 8754 8755 8756 8757 8758 8759 8760 8761 8762 8763 8764 8765 8766 8767 8768 8769 8770 8771 8772 8773 8774 8775 8776 8777 8778 8779 8780 8781 8782 8783 8784 8785 8786 8787 8788 8789 8790 8791 8792 8793 8794 8795 8796 8797 8798 8799 8800 8801 8802 8803 8804 8805 8806 8807 8808 8809 
24.2 8668 
24.5 8668 
24.5p 8668 
24.8 8691 
24.8p 8668 
240-270 8755 
25,800 8742 
25.2 8668 
25.3 8759 
25.5 8799 
25.6 8708 8799 
250,000 8740 
253.9 8702 
26,000 8792 
26-1/4 8784 
26.1 8757 
26.3 8706 
267.9 8702 
269.1 8738 
27.41 8759 
27.5 8743 8765 
28-day 8673 8677 
289,232 8683 
291.7 8738 
292,808 8683 
29p 8668 
2nd 8767 
3,000 8729 8763 
3,053,000 8767 
3,200,000 8753 
3,300,000 8708 8730 
3,616,000 8767 
3,768,000 8738 
3-for-2 8791 
3.17 8684 
3.2 8746 
3.25 8746 
3.4 8677 
3.60/70 8677 
3.63 8777 
3.65 8683 8794 
3.71 8777 
3.75/85 8677 
3.8 8701 8706 8746 8794 
3.80 8673 8677 
3.81 8683 
3.9 8706 
3/8 8682 
30,000 8800 
30.5p 8702 
300,000 8716 
300-meter 8755 
302,300 8781 
306.1 8702 
31.3 8668 
31.8 8702 
313.2 8702 
319,000 8746 
32,796 8683 
32.0 8708 
32.7 8668 8708 8799 
322.3 8708 
324.6 8793 
328,000 8741 
328.9 8708 
337,000 8746 
34.5 8750 
34.5p 8668 
347,000 8750 
347.8 8793 
35.0p 8702 
35.6 8702 
352.7 8745 
36.50 8691 8791 
36.8 8702 
376.0 8702 
379.3 8745 
38,000 8684 
38,853 8683 
38.7 8707 
38.8 8706 
386.7 8761 
39,000 8743 
39.4 8708 8799 
394.4 8702 
397p 8685 
398.1 8708 8799 
3b15 8792 
3b2 8792 
3b2/310 8792 
3b2/400 8792 
3b2/600 8792 
3p 8756 
3rd 8708 8740 8750 
4,000 8743 8769 8800 
4,090,000 8740 
4,195,000 8740 
4,399,000 8738 
4,685 8683 
4,924,000 8794 
4.30 8683 
4.5 8672 8746 
4.6 8743 
4.73 8777 
4.8 8770 
40-week 8708 
40.7 8740 8780 
401,100 8742 
401p 8756 
405.9 8702 
41,000 8741 
411.8 8767 
418.1 8767 
418p 8685 
42.1 8745 
428.8 8702 
43.0 8745 
43.7 8702 
432.7p 8685 
44.3 8745 
44.7 8702 
443,000 8743 
45,000 8770 
45.5 8707 
45.6 8745 
450,000 8729 8763 
455,000 8698 
46,500 8792 
46,541 8683 
46.8 8745 
469,000 8750 
47.1 8677 
47.5 8702 
48.8 8750 
48.9 8706 
49.2 8740 
49.6 8702 
49.9 8677 
4th 8738 8741 8742 8745 8793 8794 
5,000 8693 8803 
5,325,000 8691 
5,732,000 8794 
5-15 8744 
5.1 8668 
5.12 8683 
5.44 8732 
5.5 8796 
5.59 8761 
5.63 8757 
5.7 8706 8746 
5.83 8732 
5/8 8669 8803 
50,000 8729 8741 8763 8805 
50,855 8683 
50.0 8745 
50.7 8677 
500,000 8698 8729 8763 
51,992 8683 
51.2 8708 
52.6 8677 8745 
520,000 8800 
526,000 8731 
53.1 8677 
53.4 8668 
54.38 8759 
54.75 8791 
542.2 8685 
553,000 8740 
554,000 8684 
59,900 8751 
6,000 8800 
6,111,000 8767 
6,601,717 8793 
6,760 8764 
6,822,493 8793 
6-1/2-year-old 8675 
6-1/8 8802 
6.0 8701 8706 
6.09 8757 
6.1 8746 
6.21 8802 
6.4 8668 
6.5 8673 8677 8715 8757 
6.50 8704 
6.57 8777 
6.6 8702 
6.7 8746 8794 
6.8 8690 
6.9 8706 
60,000 8800 
60.30 8759 
60.5 8668 
62.5 8702 
65.8 8702 
68.0 8738 
692.7 8702 
7,424,292 8730 
7,800 8771 
7-3/8 8682 8803 
7-5/8 8718 
7.21 8777 
7.33 8666 
7.5 8706 
7.7 8706 
7.948 8786 
7/8 8669 
70,000 8698 
700,000 8729 8731 8763 
72/78 8800 
73.24 8759 
73.7 8745 
756,000 8750 
759.3 8702 
76.6 8738 
77.4 8668 
77.9 8745 
775,000 8716 
78.2 8668 
8,721,000 8776 
8,807,000 8742 
8,850,656 8767 
8,863,945 8767 
8,958,100 8767 
8,967,719 8767 
8.1 8723 
8.13 8786 
8.2 8706 
8.3 8723 
8.31 8757 
8.4 8706 8748 
8.54 8761 
8.6 8677 
8.7 8702 8706 
8.81 8777 
84,037 8683 
84.4 8708 8799 
842p 8707 
85.1 8793 
85.3p 8702 
85.9 8793 
860p 8707 
865p 8707 
8667 8667 
8668 8668 
8669 8669 
8670 8670 
8671 8671 
8672 8672 
8673 8673 
8674 8674 
8675 8675 
8676 8676 
8677 8677 
8678 8678 
8679 8679 
8680 8680 
8681 8681 
8682 8682 
8683 8683 
8684 8684 
8685 8685 
8686 8686 
8687 8687 
8688 8688 
8689 8689 
8690 8690 
8691 8691 
8692 8692 
8693 8693 
8694 8694 
8695 8695 
8696 8696 
8697 8697 
8698 8698 
8699 8699 
8700 8700 
8701 8701 
8702 8702 
8703 8703 
8704 8704 
8705 8705 
8706 8706 
8707 8707 
8708 8708 
8709 8709 
8710 8710 
8711 8711 
8712 8712 
8713 8713 
8714 8714 
8715 8715 
8716 8716 
8717 8717 
8718 8718 
8719 8719 
8720 8720 
8721 8721 
8722 8722 
8723 8723 
8724 8724 
8725 8725 
8726 8726 
8727 8727 
8728 8728 
8729 8729 
8730 8730 
8731 8731 
8732 8732 
8733 8733 
8734 8734 
8735 8735 
8736 8736 
8737 8737 
8738 8738 
8739 8739 
8740 8740 
8741 8741 
8742 8742 
8743 8743 
8744 8744 
8745 8745 
8746 8746 
8747 8747 
8748 8748 
8749 8749 
8750 8750 
8751 8751 
8752 8752 
8753 8753 
8754 8754 
8755 8755 
8756 8756 
8757 8757 
8758 8758 
8759 8759 
8760 8760 
8761 8761 
8762 8762 
8763 8763 
8764 8764 
8765 8765 
8766 8766 
8767 8767 
8768 8768 
8769 8769 
8770 8770 
8771 8771 
8772 8772 
8773 8773 
8774 8774 
8775 8775 
8776 8776 
8777 8777 
8778 8778 
8779 8779 
8780 8780 
8781 8781 
8782 8782 
8783 8783 
8784 8784 
8785 8785 
8786 8786 
8787 8787 
8788 8788 
8789 8789 
8790 8790 
8791 8791 
8792 8792 
8793 8793 
8794 8794 
8795 8795 
8796 8796 
8797 8797 
8798 8798 
8799 8799 
8800 8800 
8801 8801 
8802 8802 
8803 8803 
8804 8804 
8805 8805 
8806 8806 
8807 8807 
8808 8808 
8809 8809 
89.5 8668 
89.6 8708 
9-13/16 8678 8728 
9.0 8794 
9.4 8669 8671 8769 
9.6 8702 
9.9 8690 8706 
90.0 8708 
90.25 8778 
91.2 8708 
91.6 8708 
917,000 8740 
92.50 8778 
93,100 8742 
93.25 8778 
930-11 8751 
930-31 8751 
94.8 8668 
96.3 8702 
97.0p 8702 
97.1 8668 
99,000 8741 
99.125 8786 
99.9 8668 
998,000 8741 
998.8 8702 
`` 8666 8667 8669 8671 8675 8676 8680 8681 8688 8696 8700 8710 8714 8721 8723 8725 8727 8737 8743 8746 8747 8749 8752 8756 8757 8763 8764 8765 8769 8771 8775 8796 8799 8806 
a-1 8786 
a-2 8786 
a. 8768 
a/s 8755 
aa-minus 8786 
ab 8761 
abbas 8688 8696 
abdel-shakour 8796 
abolished 8743 
abolishing 8681 
abolition 8681 
abroad 8723 8746 
absb 8711 
absolute 8743 
abuse 8721 
ac 8784 
accelerate 8746 
accelerated 8714 8746 
acceptable 8796 
accepted 8677 8778 
accepts 8711 
access 8693 8769 8772 
accessible 8681 
accident 8686 
accompanied 8705 
accord 8669 8714 8720 
accordance 8769 
account 8700 8721 8735 8800 
accounting 8708 
accounts 8700 8769 8775 
accrued 8732 
accumulate 8705 
achieve 8681 
achieved 8707 8757 
acq 8685 8689 8690 8691 8704 8709 8711 8717 8730 8734 8748 8756 8758 8771 8778 8780 8781 8795 
acquire 8691 8704 8707 8711 8770 8771 8778 8780 
acquired 8688 8696 8734 8753 8780 
acquiring 8689 
acquisition 8730 8753 8761 8774 8780 
acquisitions 8775 
acre 8759 
acres 8693 
act 8670 8714 8743 8771 
acted 8769 
acting 8805 
action 8670 8714 8765 8769 8800 8802 8807 
actions 8782 
active 8771 
actively 8771 
activities 8718 
activity 8725 8746 
actp 8731 
acy 8784 
adaptor 8792 
add 8802 
add-need 8802 
added 8669 8676 8677 8681 8714 8721 8743 8748 8749 8752 8756 8765 8771 8777 8804 
adding 8672 8769 
addition 8675 8792 
additional 8769 
adequate 8710 
adjust 8703 
adjusted 8668 
adjusting 8796 
adjustment 8710 8747 
adjustments 8796 
administration 8675 8714 8746 8756 8765 8789 
admiral 8675 
admissions 8693 
adopted 8667 8747 
adrs 8697 
advance 8721 
advanced 8698 8731 
advertisement 8690 8691 
advisories 8705 
advisory 8669 8705 
affairs 8726 
affected 8721 8737 8800 
affects 8762 
affiliated 8717 8771 
affiliates 8778 
affirmed 8774 
affirms 8762 8774 
africa 8680 8702 8757 
african 8680 8725 
afternoon 8690 8728 
ag 8714 8754 8806 
agency 8671 8679 8715 8727 8743 8746 8749 8774 8796 
agent 8744 
agentur 8679 
aggregate 8691 
aggressive 8799 
agl 8738 
ago 8694 8769 
agree 8674 
agreed 8670 8674 8704 8710 8714 8717 8748 8755 8771 8789 
agreement 8667 8669 8670 8676 8680 8691 8693 8710 8711 8714 8720 8725 8752 8772 8778 8780 8783 8804 
agreements 8748 8778 8802 
agrees 8709 
agricultural 8667 8684 8686 
agriculture 8667 8713 8725 8759 8765 8800 
aha 8807 
ahead 8677 8679 
aid 8667 8800 
ailing 8765 
aim 8707 
aimed 8700 8707 8772 
aircraft 8675 
airport 8676 8805 
aix 8781 
akbar 8749 
al-aam 8672 
al-khalifa 8672 
al-rai 8672 
al-sabah 8672 
alabama 8705 
alden 8717 
alegre 8729 8763 
alert 8713 
alex 8711 
algeria 8695 
algerian 8695 
ali 8672 
all-year-round 8800 
alld.l 8756 
alleged 8700 8769 8782 8807 
allegedly 8782 
alleghany 8778 
allied 8756 
allocated 8677 
allocates 8673 8677 
allocation 8677 
allowance 8765 
allowed 8689 8757 
alloytek 8716 
alongside 8743 
alpha 8807 
alternaitcve 8711 
alternative 8711 
amber 8713 
amc 8774 
amend 8727 
amended 8727 
amendments 8727 
amer 8787 
amer-yhtyma 8787 
ameriana 8741 
america 8702 
american 8697 8712 8725 8753 8774 8779 8782 8784 8792 
americans 8714 8749 
amo 8774 
amortisation 8725 
amount 8697 8711 8719 8735 8796 
amounts 8770 8780 
amsterdam 8752 
anaheim 8693 
analysts 8707 8746 8756 
anderson 8709 8711 
angeles 8712 
angelica 8738 
announce 8680 8747 
announced 8667 8690 8707 8711 8747 8751 8766 8782 8792 8796 
announcement 8748 
announces 8751 8766 
annual 8666 8704 8716 8722 8746 8765 8796 
annualised 8723 
anonymous 8679 
answer 8772 
answer's 8772 
answer/db 8772 
anti-ship 8675 
anti-shipping 8688 8696 8749 
antibodies 8721 
antiseptic 8789 
antonio 8769 
anz 8687 
appalachians 8705 
appeal 8769 
appeals 8807 
appears 8735 
apples 8692 8699 
applications 8766 
applied 8753 
applying 8723 
appointed 8666 8769 
appointing 8769 
appreciation 8769 
approach 8756 
appropriations 8759 
approval 8697 8704 8711 8722 8755 8784 8804 
approvals 8704 
approve 8666 
approved 8691 8697 8769 8789 8791 8800 
approximately 8717 
april 8666 8672 8676 8677 8682 8686 8687 8690 8691 8711 8716 8719 8724 8730 8732 8733 8736 8737 8744 8752 8753 8768 8770 8785 8788 8791 8803 
aquino 8769 
arab 8796 
arabia 8796 
arabian 8675 
arbitrarily 8769 
area 8679 8688 8696 8716 8764 
areas 8667 8747 
arguing 8796 
argyll 8748 
arise 8756 
arkansas 8705 
arm 8774 
armed 8763 
army 8679 
arranged 8711 8717 
arrangement 8690 
arrangements 8680 
arrears 8796 
arrived 8700 
article 8756 
articles 8697 
artillery 8749 
asbestos 8780 
asbi 8741 
ase 8752 
asia 8702 
asian 8747 
asked 8670 8674 8675 8771 
assertion 8669 
assets 8666 8723 8734 8737 8748 8756 8769 
assist 8769 
assistance 8678 8700 8728 8760 
associate 8700 
associates 8702 
association 8697 8734 8746 
assume 8774 
astrotech 8781 
atlantic 8705 
att 8790 8792 
attaches 8686 
attacks 8749 
attempt 8714 8796 
attempting 8676 8766 
attended 8679 
attract 8693 
attracting 8723 
attractive 8746 
attributable 8668 
attributed 8746 
auction 8723 
audio/video 8778 
august 8697 
austin 8768 
australia 8730 8756 
australian 8667 8687 
author 8714 8746 8769 
authority 8678 
authorized 8691 8722 
automated 8766 
ava 8778 
average 8666 8677 8727 8743 8757 8777 
averaged 8802 
avg 8708 8740 8745 8767 8794 
avoid 8667 
avon 8753 
avp 8753 
awarded 8698 
awards 8698 8716 
aware 8700 8714 
axe 8695 
axe10 8698 
axp 8712 8753 
ayll.l 8748 
b-1 8774 
b. 8780 
baa-1 8774 
baa-2 8774 
baa-3 8774 
back 8677 8721 8770 
bad 8702 
badly 8746 8747 
bahrain 8688 8696 
baker 8714 
balance 8746 8747 
balanced 8667 
balladur 8681 
banco 8729 8763 
band 8678 8728 
bandar 8688 8696 
bank 8666 8669 8677 8678 8687 8700 8703 8710 8714 8723 8728 8734 8735 8737 8741 8746 8747 8760 8763 8764 8769 8787 8806 
banker 8769 
bankers 8711 8746 8747 8764 
banking 8669 8700 8730 8769 8771 
bankruptcy 8743 8804 
banks 8666 8669 8677 8680 8714 8723 8729 8763 8769 8787 
bankworkers 8729 8763 
banners 8763 
barber 8703 8747 8764 
barend 8680 
barker 8795 
barley 8759 
barrel 8765 
barrels 8672 8755 
barrier 8670 
barriers 8667 8676 8681 8747 
barring 8676 
bars 8721 
base 8679 8694 8726 8772 
based 8679 8693 8734 8738 8766 8799 
baseless 8675 
basic 8667 8725 8743 8796 
basically 8667 
basis 8759 8784 8786 
batteries 8675 8688 
bc- 8753 8777 8780 
bc-****** 8673 
bc-******att-introduces 8790 
bc-******claremont-tells 8758 
bc-******comdata-network 8709 
bc-******fireman's-fund 8779 
bc-******ford-mid-march 8801 
bc-******moody's-affirms 8762 
bc-******u.s.-feb-durabl 8701 
bc-/-fed-may-add-reserve 8802 
bc-/fireman's-fund- 8782 
bc-/n.y.-dealers-believe 8735 
bc-/rice 8759 
bc-/u.s.-economy-shows-p 8746 
bc-/u.s.-feb-durable-goo 8706 
bc-advanced-computer-tec 8731 
bc-alpha-industries- 8807 
bc-amer-signs-50-mln-dol 8787 
bc-ameriana-savings-bank 8741 
bc-american-cyanamid- 8784 
bc-angelica-corp- 8738 
bc-argyll-sells-subsidia 8748 
bc-associated-porcupine 8720 
bc-astrotech- 8781 
bc-att- 8792 
bc-bce-development-plans 8719 
bc-belgian-march-consume 8726 
bc-berliner-bank-says-st 8806 
bc-bet-wins-approval-for 8697 
bc-bond-corp-has-no-comm 8756 
bc-brazil's-bankworkers 8729 8763 
bc-british-telecom-award 8698 
bc-bundesbank-allocates 8677 
bc-campbell-red-lake-div 8724 
bc-canada-outlines-gatt 8667 
bc-central-capital-sets 8718 
bc-charming-shoppes- 8739 
bc-charming-shoppes-inc 8736 
bc-claremont-to-boost-ch 8771 
bc-columbia-first- 8734 
bc-comdata- 8711 
bc-commercial-metals-co 8767 
bc-consolidated-bathurst 8770 
bc-control-data- 8751 
bc-correction 8775 
bc-credit-national-issue 8803 
bc-credit-suisse-freezes 8700 
bc-curtice-burns-foods-i 8788 
bc-cyclops- 8778 
bc-digital-equipment- 8766 
bc-disney- 8693 
bc-dollar-drop-seen-as-t 8714 
bc-dutch-to-set-up-excha 8752 
bc-e-tron-corp-reaches-a 8804 
bc-earthquake-strikes-we 8715 
bc-ec-cold-aid-food-sche 8800 
bc-ecolab- 8691 
bc-ericsson-wins-400-mln 8695 
bc-eurofima-issues-125-m 8682 
bc-ford- 8786 
bc-freeport-mcmoran- 8809 
bc-french-employers-chie 8681 
bc-gatt-round-may-stop-g 8725 
bc-geo.-a.-hormel- 8768 
bc-great-western- 8717 
bc-griffin-technology-in 8742 
bc-gull-inc- 8740 
bc-hoechst-unit-issuing 8754 
bc-honduras-seeks-pl480 8744 
bc-household-int'l- 8773 
bc-hughes-supply-inc- 8793 8808 
bc-hungary-details-tax-r 8743 
bc-hydraulic- 8791 
bc-indonesia-urged-to-de 8747 
bc-indonesian-foreign-de 8764 
bc-ione-completes-initia 8798 
bc-iran-said-to-test-fir 8688 8696 
bc-iran-warns-u.s.-not-t 8749 
bc-ireland-put-on-colora 8713 
bc-japan-economy-may-sta 8671 
bc-jefferies- 8712 
bc-kdi- 8704 
bc-kuwait-says-opec-2.4 8672 
bc-lyphomed- 8789 
bc-major-nations-must-ac 8670 
bc-mark-iv- 8690 
bc-mcrae-industries- 8733 
bc-merrill-lynch- 8689 
bc-metropolitan-financia 8737 
bc-miyazawa-says-u.s.-li 8674 
bc-monoclonal-antibodies 8721 
bc-moody's-affirms-chrys 8774 
bc-moore-mccormack- 8795 
bc-national-semiconducto 8708 8799 
bc-news-corp- 8732 
bc-no-proof-of-more-cher 8686 
bc-norcros-rejects-542.2 8685 
bc-northern-telecom- 8783 
bc-pakistan-consumer-pri 8694 
bc-petrie-stores-corp- 8745 
bc-philippine-central-ba 8769 
bc-philippines-said-to-r 8669 
bc-pneumatic-scale-co- 8785 
bc-preway-inc- 8794 
bc-princeville- 8730 
bc-prudential-corp-plc- 8668 
bc-s.-africa-gold-mining 8757 
bc-salomon-offers-units 8805 
bc-schleswig-holstein-lb 8687 
bc-shell-to-declare-norw 8755 
bc-south-africa-sets-new 8680 
bc-southern-national-cor 8797 
bc-soviet-sugar-imports 8683 
bc-spain-raises-call-mon 8723 
bc-standard-chartered-pl 8702 
bc-sterivet-sets 8722 
bc-storm-brings-heavy-sn 8705 
bc-sudan-rejects-imf-dem 8796 
bc-sumita-says-bank-will 8710 
bc-taiwan-proposes-furth 8692 8699 
bc-transnational-industr 8716 
bc-u.k.-money-market-giv 8678 8728 8760 
bc-u.s.-energy-secretary 8765 
bc-u.s.-offers-to-escort 8675 
bc-vallen-corp- 8750 
bc-volvo-group-company-p 8761 
bc-wang- 8772 
bc-west-german-1986-suga 8684 
bc-woolworth-says-growth 8707 
bc-world-bank-chief-pled 8703 
bc-xoma-corp- 8776 
bc-yeutter-says-u.s.-jap 8676 
bce 8719 
bearing 8743 
beef 8752 8800 
beet 8684 
beetle 8713 
beetles 8713 
began 8729 8763 8773 
begin 8755 
beginning 8671 8766 8792 
begun 8771 
behalf 8677 
belgian 8726 
belgium 8682 8726 8800 
belgrade 8727 
believed 8714 8765 8802 
believes 8774 
bell 8719 8783 
belonged 8700 
benefits 8774 
bensalem 8736 8739 
berkeley 8776 
berlin 8806 
berliner 8806 
beshir 8796 
best-organized 8729 8763 
bet 8697 
betl.l 8697 
beverly 8717 
bid 8669 8677 8685 8689 8690 8691 8707 8711 8712 8756 8769 
bids 8677 
big 8688 8696 
bilateral 8667 8725 
bill 8796 
billion 8669 8673 8676 8677 8680 8692 8699 8702 8703 8706 8707 8708 8714 8723 8737 8745 8746 8747 8755 8756 8757 8759 8761 8762 8764 8765 8769 8774 8777 8796 8799 8802 
bills 8678 8728 
binding 8778 
biotechnology 8721 
black 8713 8796 
blah 8673 8701 8709 8758 8762 8779 8790 8801 
blast 8679 
blessing 8671 
blindly 8769 
blizzard 8705 
blockaded 8763 
blocked 8700 
blowing 8705 
blowingand 8705 
blue-chip 8666 
blunted 8743 
board 8666 8674 8685 8691 8711 8722 8734 8746 8758 8769 8771 8780 8784 8791 8796 8797 
bodies 8752 
bomb 8679 
bona.s 8756 
bond 8682 8687 8754 8756 
bonds 8803 
bonn 8679 
bookings 8799 
boost 8743 8771 8796 
borrowing 8747 8764 
bosses 8727 
boston 8766 
bottom 8671 
bottoming 8671 
boudewijn 8752 
bought 8678 8714 8728 8735 
bourse 8752 
box 8713 
boxes 8713 
boyd 8782 
bp 8755 
bp.l 8755 
bpd 8672 
branch 8737 8806 
branches 8729 8734 8737 8763 
brasil 8729 8763 
brazil 8729 8763 
break 8669 
breakfast 8765 
breakup 8778 
brewery 8756 
brian 8666 
bridgeport 8791 
brighter 8671 
bring 8739 8748 
brings 8705 
brisbane 8730 
brisk 8746 
britain 8670 8710 8714 
british 8679 8688 8696 8697 8698 8719 8755 8796 
broad 8667 8714 
broadcasting 8796 
broadly 8710 
broke 8688 
broken 8714 
broker 8689 8714 8723 
brokerage 8689 
brokers 8689 
brothers 8753 8782 8786 8805 
brown 8711 
browns 8707 
brussels 8726 8800 
bty.l 8698 
budapest 8743 
budget 8764 
build 8693 
building 8685 8743 
buildings 8763 
bulk 8744 8795 
bulletin 8743 
bundesbank 8673 8677 8714 
buoy-loading 8755 
buoyant 8757 
burbank 8693 
burden 8725 8743 
burdened 8796 
burdens 8725 
bureau 8694 
burnham 8711 
burns 8689 
business 8668 8681 8693 8716 8744 8746 8752 8761 8774 8783 8787 8799 8804 
businesses 8707 8746 8778 
butter 8800 
buy 8676 8677 8691 8704 8735 8770 8778 8781 
buyback 8773 
buying 8666 8714 
buyout 8753 
buys 8781 8798 
bv 8687 
cabinet 8671 8752 
cairo 8796 
calculated 8759 
calif. 8693 8708 8717 8721 8776 8799 
california 8705 
call 8677 8723 8763 
called 8707 8713 8747 
caller 8679 
calls 8804 
camdessus 8796 
campaign 8686 
campbell 8724 
canada 8667 8670 8689 8710 8714 8718 8719 8720 8722 8724 8774 8783 
canada/u.s 8667 
canadian 8667 8689 8719 8724 
cancellation 8697 
canine 8769 
capabilities 8774 
capability 8751 
capable 8675 
capacity 8792 
capel 8666 
capital 8679 8706 8717 8718 8723 8757 8761 8769 8777 8781 
car 8679 8707 8801 
carcass 8800 
carney 8667 
carried 8774 
carrier 8675 
carry 8686 8719 8782 
carrying 8687 
carson 8709 8711 
carson-affiliated 8711 
case 8769 
cases 8769 
cash 8711 8748 8774 8777 8791 8805 
cast 8714 
castle 8741 
catena 8761 
catena's 8761 
catering 8713 
catheter 8789 
caused 8716 
causing 8705 
cautious 8746 
cax 8690 8712 
cb 8770 
cbi 8788 
cce 8752 
cci 8778 
cda 8751 
cdcnet 8751 
cdn 8711 
ceiling 8672 8800 
cement 8747 
center 8693 
centered 8705 
central 8669 8677 8678 8705 8710 8714 8715 8718 8723 8728 8735 8743 8755 8763 8769 
centres 8707 
cereals 8800 
cesar 8729 8763 
cffs 8734 
ch 8771 
chain 8707 
chaired 8669 
chairman 8675 8746 8765 8771 8781 8782 8795 
chaitanya 8769 
chamber 8757 
champion 8758 8771 
chan 8769 
chance 8671 
chancellor 8679 
chances 8714 8743 8765 
change 8689 8708 
changed 8761 8784 
chant 8763 
chapter 8804 
characterised 8757 
charge 8702 8707 8708 8780 
charges 8769 8782 
charities 8800 
charlie 8707 
charming 8736 8739 
chartered 8702 
chartering 8686 
chase 8714 8746 
check 8746 
chem 8691 
chemlawn 8691 
chernobyl 8686 
chief 8680 8681 8703 8723 8781 8795 
chiefs 8675 
chimerine 8746 
chinese-made 8675 8688 8696 8749 
chocolates 8692 8699 
choke 8675 8688 
chorus 8727 
chr 8739 
chris 8680 
chrs 8736 8739 
chrysler 8762 8774 
chrysler's 8774 
circumstasnces 8691 
cirigliano 8771 
cited 8774 
cites 8799 
citibank 8669 8714 
citicorp 8778 8787 
citizens 8769 
city 8705 
claiming 8769 
clara 8708 8799 
claremont 8758 8771 
class 8719 8733 8807 
clayton 8676 8714 8725 
clean 8796 
clear 8700 8705 
climate 8769 
close 8677 8680 8685 8710 8737 8744 8749 
closed 8729 8734 8735 8763 
closes 8763 
closing 8737 8746 
closings 8737 
closure 8763 8769 
club 8796 
cmc 8767 
cnpf 8681 
co's 8666 8753 
co-lead 8682 
co-manger 8782 
co. 8666 
coast 8705 8715 
coasts 8749 
coincide 8784 
cold 8705 8800 
collapse 8729 8763 
collapsed 8769 
collectively 8667 
colony 8713 
colorado 8713 
coloured 8713 
columbia 8719 8734 
combined 8687 8803 
comdata 8709 8711 
comet 8707 
coming 8752 
comment 8714 8756 8769 
commented 8749 
comments 8686 8714 
commerce 8706 8746 
commercial 8755 8763 8767 8774 
commerical 8720 
commission 8700 8748 8752 8771 8782 8800 8807 
commitment 8717 8730 8766 
committed 8672 8765 
committee 8669 8674 8692 8699 
common 8711 8712 8722 8733 8770 8771 8773 8776 8778 8780 8791 8798 
communication 8675 
communications 8751 8792 
communist 8727 
community 8667 8681 8800 
company 8685 8687 8689 8690 8691 8693 8697 8700 8704 8707 8711 8712 8716 8717 8719 8720 8721 8727 8737 8739 8741 8743 8751 8753 8756 8761 8766 8769 8771 8776 8777 8778 8780 8781 8782 8791 8792 8795 8797 8799 8804 8809 
company's 8771 
comparable 8786 
comparatively 8757 
compared 8681 8683 8694 8706 8738 8746 8749 8757 8799 
compares 8678 8683 8728 8760 
compatible 8667 
compensates 8677 
competing 8778 
competition 8666 8752 
competitive 8666 8698 
competive 8804 
complaint 8769 
complaints 8769 
complete 8667 
completed 8697 8795 8798 
completes 8795 8798 
completing 8680 
completion 8704 8730 8748 
complex 8693 
complexes 8693 
component 8707 8716 
components 8704 8716 
comprehensive 8752 8765 
comprise 8803 
comprising 8678 
compromise 8669 
computer 8731 8751 8766 8790 8792 
computer-aided 8766 
computers 8766 8792 
conable 8703 8747 8764 
concern 8675 8764 
concerned 8680 
concert 8771 
concession 8687 
concluded 8667 8755 
conclusion 8667 
concrete 8755 
condition 8774 
conditional 8691 
conditioned 8690 8691 
conditions 8697 8705 8730 8746 8778 
conference 8667 8680 8747 8752 8764 
conferred 8769 
confident 8737 8765 
configurations 8792 
confirmed 8675 
conflict 8675 8714 
confrontation 8675 
confronting 8681 
confusing 8743 
conjecture 8756 
conjunction 8735 
conn. 8782 8791 8794 8795 
connection 8732 8782 
conrac 8690 8712 
consensus 8667 
considerable 8705 
consideration 8748 
considered 8764 
consignment 8713 
consist 8711 
consisted 8683 
consistent 8706 8710 
consisting 8783 
consists 8805 
consolidated-bathurst 8770 
construction 8693 8746 
consultancies 8769 
consumer 8694 8723 8726 8743 8746 8796 
consumers 8672 8746 
consumption 8746 
contaminated 8686 
contemplated 8711 
content 8684 
contentious 8676 
contest 8769 
contingent 8704 8730 8805 
continue 8705 8721 8737 8746 8747 8757 8799 
continued 8705 
continues 8705 8799 
continuing 8716 8729 8747 8763 8769 8773 
contract 8693 8695 8716 
contracted 8671 
contraction 8714 
contribute 8671 
contribution 8707 
control 8723 8751 8766 
controlling 8704 
controls 8743 8781 
controversial 8727 
convention 8693 
convert 8787 
convertible 8723 8809 
convinced 8676 
coooperate 8670 
cooperate 8710 8782 
cooperating 8782 
cooperation 8710 8714 
cooperatives 8743 
coordinate 8752 
coordinated 8714 
coordinating 8752 
corazon 8769 
corn 8759 
corporate 8718 8746 8792 
corporation 8766 8796 
correction 8775 
corrects 8732 
corruption 8769 
cost 8716 8757 8774 8800 
costly 8737 
costs 8707 8716 8761 8792 
cotton 8759 
councils 8743 
count 8739 
countries 8667 8676 8710 8725 8746 8796 
country 8676 8727 8729 8744 8746 8763 8769 8796 
country's 8695 
couple 8796 
coupon 8682 8687 8786 8803 
court 8700 8721 8769 8804 8807 
cover 8747 
covered 8782 
covering 8675 8695 8727 
cpi 8694 8726 8746 
crater 8679 
create 8681 
credit 8700 8702 8717 8730 8747 8748 8754 8774 8775 8786 8803 
credited 8677 
creditor 8669 8680 8769 8804 
creditors 8796 
credits 8708 8806 
criminal 8700 
crk 8724 
crops 8686 
crowe 8675 
crown 8695 8755 
crowns 8695 8761 
crsz.z 8700 
crude 8672 8675 8703 8747 8749 8755 8765 
ct 8742 
cuba 8683 
cuban 8683 
cumulative 8708 8718 8719 8781 
curb 8723 
curbs 8672 
currencies 8670 8714 
currency 8670 8674 8714 8719 8735 8787 8796 8800 
current 8670 8671 8684 8686 8706 8708 8710 8729 8746 8750 8752 8763 8771 8802 
curtice-burns 8788 
customer 8716 8735 8802 
customers 8677 8737 8766 
cut 8703 8743 8747 8792 8799 
cuts 8692 8699 8743 8746 
cyacq 8778 
cyanamid 8784 
cyber 8751 
cyclops 8712 8778 
cyclops' 8778 
cyl 8712 8778 
daily 8677 
dairy 8743 
dakota 8705 8737 
dallas 8746 8767 8780 
damage 8710 8715 
damage-diplomats 8686 
damages 8691 
damp 8705 
danger 8681 
daniel 8700 
data 8746 8751 8772 8792 
database 8772 
datachecker 8708 
dating 8721 
davos 8667 
day 8672 8679 8713 8730 8744 8749 8769 
days 8676 8677 8700 8721 
db2 8772 
dbcm 8682 
ddrinks 8756 
de 8729 8763 8766 
deadline 8681 
deadlock 8669 
deal 8666 8669 8682 8693 8704 8707 8786 
dealer 8714 8761 
dealers 8677 8714 8735 8796 
debate 8765 
debentures 8711 
debit 8702 
debt 8669 8680 8682 8711 8725 8746 8753 8762 8764 8769 8774 8796 
debt-service 8764 
debtor 8703 8747 
debtors 8748 
debts 8702 8725 8764 8796 8804 
dec 8766 
december 8671 8694 8746 8761 8771 
decided 8721 8727 
decides 8669 
decision 8721 8807 
declare 8755 
declared 8784 8796 8797 
decline 8706 8714 8719 8746 8764 
declined 8676 8688 8696 8700 8757 8769 
declines 8677 
declining 8746 
deems 8773 
deep 8679 
deepen 8666 
defence 8675 8707 8749 
defendant 8769 
defense 8706 8746 
deficiency 8759 
deficit 8746 
defined 8723 
definitive 8693 8711 
definitively 8765 
deflator 8746 
degrees 8686 
dei 8780 
del 8725 
delayed 8666 
delegates 8667 
delegation 8676 8680 
deliver 8751 
delivered 8717 
deliveries 8684 
delivery 8744 8766 
demand 8672 8723 8746 8796 
demands 8669 8723 
den 8755 
denied 8675 8688 
denominations 8682 8687 8803 
denver 8780 
department 8675 8706 8713 8746 8759 8765 8775 
departmental 8751 
depend 8747 8748 
dependent 8765 
depending 8697 
depends 8671 
depletion 8765 
depository 8697 
deposits 8734 
depth 8755 
deputy 8669 8769 
deregulate 8703 8747 
deregulation 8666 8703 8737 8747 
deserts 8705 
designed 8743 
designing 8721 
destroy 8713 
destroyers 8675 
detailed 8685 
details 8680 8686 8700 8743 8787 
detected 8714 
deteriorates 8800 
deutsche 8679 
devaluation 8747 8796 
devaluations 8796 
develop 8725 8755 8798 
developers 8707 
developing 8746 8752 
development 8693 8716 8719 8721 8730 8747 8755 8765 8772 
developments 8693 8792 
device 8789 
devices 8766 
devotion 8769 
diagnostic 8721 
dictate 8747 
difference 8704 8725 
difficult 8674 
difficulties 8676 8716 
digital 8698 8766 8783 
diluted 8745 8793 
dinner 8679 
diplomats 8686 8747 8796 
direct 8772 
direction 8676 
directly 8747 8778 
director 8756 8775 8781 8796 
director-general 8680 
directors 8691 8768 8771 8780 
dis 8693 
disappeared 8714 
disappointed 8721 
disapproval 8727 
disaster 8686 
disbursed 8677 
disclose 8680 
disclosed 8749 8771 
disclosure 8807 
disclosures 8749 
discovered 8716 
discuss 8676 
discussed 8670 
discussions 8676 
diseases 8721 
disincentive 8666 
dismantle 8676 8747 
dismantling 8747 
dismissing 8807 
disney 8693 
disneyland 8693 
disparities 8743 
disposal 8681 8748 
disputed 8769 
disputes 8725 
distinctions 8743 
distorted 8667 
distribute 8800 
distributed 8713 8730 8800 
distribution 8774 8783 8791 
distributor 8708 
district 8721 8763 
div 8668 8702 8724 8736 8785 8788 8808 
diversification 8666 
diversified 8704 
divested 8769 
divided 8714 
dividend 8719 8724 8732 8733 8784 8791 
dividends 8732 
divides 8743 
division 8668 
dixons 8707 8778 
dlr 8676 8687 8690 8708 8711 8714 8718 8735 8747 8750 8765 8778 8787 8799 8800 8803 
dms 8783 
document 8685 8792 
documentation 8730 
documents 8721 8782 
doherty 8718 
dollar 8670 8710 8714 8719 8735 8746 8787 8796 
dollars 8700 8714 8735 8796 
domestic 8679 8746 
domestically 8753 
dominion 8718 
donna 8746 
double-digit 8806 
doubt 8688 8696 8714 
doubtful 8702 
dozen 8675 
dozens 8763 
draft 8667 8743 
drafted 8769 
drain 8723 
draining 8677 
draugen 8755 
drawing 8672 
dressing 8789 
drew 8677 
drexel 8711 
drifting 8705 
drink 8748 
drive 8782 
drop 8714 8746 8765 
drug 8789 
drugs 8721 
du 8680 
du-plessis 8680 
dual 8719 
dublin 8713 
due 8682 8684 8687 8697 8705 8711 8716 8743 8744 8746 8761 8764 8780 8786 8803 8805 
durable 8701 8706 8746 
durables 8701 8706 
dusen 8805 
dutch 8752 8754 
dutch/shell 8755 8777 
duty 8743 8777 
dxns.l 8707 
e-tron 8804 
e. 8780 
e.f. 8666 
earlier 8676 8677 8679 8683 8707 8716 8723 8732 8735 8738 8749 
earliest 8676 
early 8667 8675 8679 8719 8721 8735 8753 8755 8802 
earn 8668 8702 8707 8708 8716 8722 8724 8731 8732 8733 8736 8738 8740 8741 8742 8745 8746 8750 8761 8767 8768 8777 8784 8785 8788 8791 8793 8794 8797 8799 8806 8808 
earned 8716 
earnings 8743 8761 
earthquake 8715 
easier 8714 
easing 8707 8729 8763 
east 8675 8693 8702 8704 8714 8769 
eastern 8705 
ebel 8714 
ec 8800 
echoing 8714 
eckhart 8714 
ecl 8691 
ecolab 8691 
econometrics 8746 
economic 8671 8681 8692 8699 8710 8714 8726 8743 8746 8747 8764 8796 
economical 8765 
economist 8746 
economists 8714 8746 8802 
economy 8671 8703 8746 8747 8796 
ecu 8682 8800 
ecus 8682 
edgardo 8669 
edge 8802 
edison 8804 
edouard 8681 
effect 8686 8689 8692 8699 8705 8708 8743 8746 8774 
effective 8721 8737 
effectiveness 8674 
efficiency 8743 8747 8752 
efficient 8743 
effort 8737 8746 8796 
efforts 8676 8721 8747 
eggs 8713 
egypt 8796 
eighth 8725 
elaborate 8719 
elaborating 8720 
elders 8756 
elect 8719 
elected 8743 
electric 8716 8717 
electrical 8706 8707 
electronic 8704 
element 8746 
elements 8693 8746 
eli 8721 
eliminate 8743 8769 
elxa.s 8756 
embrace 8743 
emerge 8667 
emergency 8700 8800 
emerging 8792 
emphasises 8725 
employ 8743 
employed 8777 
employee 8666 
employees 8769 
employers 8681 
employment 8746 
enacted 8723 
end 8692 8699 8714 8739 8747 8752 8800 
endeavour 8725 
endeavours 8725 
ended 8716 8742 8799 
ending 8764 8796 
endorse 8669 
endorsed 8766 
energy 8765 
engine 8716 
england 8678 8705 8728 8760 
english 8679 
enhance 8792 
enhanced 8707 8751 
enormous 8681 
ensure 8730 
entered 8669 8711 8772 
enterprise 8743 
enterprises 8719 8743 
enthusiastic 8681 
entire 8749 
entities 8676 
entitled 8691 8704 
entitles 8805 
entrance 8675 
entrances 8763 
environment 8666 
envisaged 8800 
envoy 8796 
epcot 8693 
epicentre 8715 
equal 8743 
equal-sized 8786 
equipment 8698 8702 8704 8706 8766 8783 
equity 8693 8756 8761 
erected 8749 
eric 8695 
ericsson 8695 8698 
ernest 8669 
eruo 8693 
erupted 8727 
escort 8675 8688 8749 
est 8744 
establishment 8700 
este 8725 
estimate 8728 
estimated 8684 8755 
estimates 8684 8759 8764 8800 
ethiopia 8796 
euro 8693 
eurobond 8682 8803 
eurobonds 8774 
eurofima 8682 
europe 8681 
european 8667 8681 8714 8800 
evaluating 8721 
evening 8679 8756 
event 8691 
events 8749 8805 
eventually 8765 8771 
evidence 8686 8769 
evolve 8771 
ex-im 8747 
exact 8688 
exceed 8704 
exceeded 8707 8806 
exceptional 8757 
excess 8677 
exchange 8670 8671 8674 8687 8698 8700 8710 8735 8752 8753 8771 8782 8792 8796 8807 
exchangeable 8732 8809 
exciting 8707 
excludes 8750 
excluding 8706 8746 
exclusively 8684 
executive 8756 8781 8795 8796 8800 
executives 8765 8769 
exercisable 8691 8780 
exercise 8704 
exercised 8780 
existed 8714 8769 
existence 8725 
existing 8667 8697 8707 
exists 8714 
expand 8718 8739 8787 
expanding 8671 
expansion 8695 8746 8792 
expatriate 8796 
expectations 8677 8746 
expected 8666 8671 8674 8693 8703 8705 8714 8716 8719 8730 8746 8753 8759 8802 
expects 8716 8739 8746 8799 
expenditure 8777 
expenditures 8757 
expense 8743 8800 
expenses 8702 8778 
experience 8666 
experienced 8746 
expire 8690 8691 
expires 8677 8680 
exploded 8679 
explodes 8679 
exploration 8777 
explosion 8679 
export 8683 8725 
exports 8671 8683 8703 8746 8747 8764 8796 
express 8712 8753 8779 8782 
extend 8693 
extended 8690 8691 8705 8730 8806 
extending 8705 
extensive 8737 
extent 8704 8716 
extraordinary 8702 8707 8708 8748 
extremely 8674 8721 
f0533 8667 
f0536 8668 
f0537 8669 
f0542 8670 
f0543 8671 
f0545 8672 
f0554 8673 
f0555 8674 
f0556 8675 
f0560 8676 
f0564 8677 
f0566 8678 
f0567 8679 
f0576 8680 
f0579 8681 
f0583 8682 
f0587 8683 
f0590 8684 
f0593 8685 
f0616 8686 
f0621 8687 
f0625 8688 
f0646 8689 
f0655 8690 
f0656 8691 
f0682 8692 
f0707 8693 
f0709 8694 
f0715 8695 
f0716 8696 
f0717 8697 
f0721 8698 
f0725 8699 
f0726 8700 
f0731 8701 
f0750 8702 
f0751 8703 
f0754 8704 
f0765 8705 
f0773 8706 
f0778 8707 
f0782 8708 
f0788 8709 
f0799 8710 
f0802 8711 
f0810 8712 
f0816 8713 
f0818 8714 
f0825 8715 
f0833 8716 
f0844 8717 
f0849 8718 
f0850 8719 
f0851 8720 
f0855 8721 
f0857 8722 
f0863 8723 
f0875 8724 
f0883 8725 
f0891 8726 
f0894 8727 
f0905 8728 
f0911 8729 
f0921 8730 
f0928 8731 
f0929 8732 
f0930 8733 
f0931 8734 
f0939 8735 
f0961 8736 
f0963 8737 
f0964 8738 
f0965 8739 
f0966 8740 
f0967 8741 
f0969 8742 
f0973 8743 
f0974 8744 
f0987 8745 
f0993 8746 
f1000 8747 
f1026 8748 
f1028 8749 
f1034 8750 
f1036 8751 
f1044 8752 
f1050 8753 
f1055 8754 
f1057 8755 
f1058 8756 
f1069 8757 
f1075 8758 
f1082 8759 
f1084 8760 
f1088 8761 
f1096 8762 
f1113 8763 
f1136 8764 
f1146 8765 
f1158 8766 
f1161 8767 
f1162 8768 
f1167 8769 
f1177 8770 
f1181 8771 
f1185 8772 
f1187 8773 
f1189 8774 
f1193 8775 
f1198 8776 
f1203 8777 
f1204 8778 
f1206 8779 
f1208 8780 
f1211 8781 
f1226 8782 
f1230 8783 
f1233 8784 
f1236 8785 
f1247 8786 
f1249 8787 
f1251 8788 
f1252 8789 
f1262 8790 
f1273 8791 
f1285 8792 
f1296 8793 
f1297 8794 
f1298 8795 
f1301 8796 
f1303 8797 
f1315 8798 
f1319 8799 
f1321 8800 
f1322 8801 
f1324 8802 
f1329 8803 
f1332 8804 
f1339 8805 
f1341 8806 
f1345 8807 
f1346 8808 
f1349 8809 
faces 8765 8769 
facie 8769 
facilitating 8700 
facilities 8693 8774 
facility 8677 
facing 8769 
fact 8710 8746 
factory 8766 
failed 8796 
fair 8711 8748 
fairer 8743 
fairly 8688 8696 
fake 8782 
fall 8703 8714 8799 
fallen 8706 
falling 8671 8706 8746 
falls 8694 
family 8792 
fargo 8737 
farm 8759 8763 
farmers 8759 8763 
fast 8667 8676 
father 8781 
favor 8704 8780 
favorable 8680 8807 
fear 8714 
fears 8765 
feature 8719 
feb 8701 8706 8740 8750 8767 
february 8671 8706 8710 8726 8729 8741 8746 8761 8763 8796 
fed 8735 8746 8802 
federal 8674 8694 8734 8735 8737 8746 8765 8771 8802 
federation 8681 
fee 8687 8693 8765 
fees 8682 8778 8803 
feet 8679 
fell 8669 8670 8671 8677 8694 8706 8714 
felt 8715 8802 
females 8713 
ferdinand 8769 
fernandez 8669 8769 
ffmc 8711 
fidelity 8746 
field 8713 8755 
figaro 8681 
fight 8752 
figure 8683 8707 8806 
figures 8683 8729 8743 8759 8763 8800 
file 8776 
filed 8718 8719 8721 8753 8769 8809 
files 8772 8776 
filing 8721 8769 8771 
final 8718 8769 8806 
finanancial 8782 
finance 8666 8669 8670 8674 8680 8681 8687 8692 8699 8714 8754 8756 8774 8786 8796 
financial 8666 8711 8717 8718 8737 8746 8752 8761 8774 
financing 8690 8711 8717 
find 8700 8747 
finding 8765 
fine 8753 
finishing 8669 
finland 8787 
finnish 8787 
fire 8688 8696 
fired 8688 8696 
fireman 8779 8782 
firm 8666 8685 8761 8771 8782 8783 
firmed 8735 
firming 8748 
firmly 8714 
firms 8666 8676 8689 8698 8727 8743 8782 
fiscal 8714 8716 8738 8764 8796 
fitted 8769 
fixed 8714 8748 8797 
fla. 8693 8793 8808 
flag 8744 
flash 8705 
flat 8746 
fleet 8675 
floating 8710 
flood 8705 
flooding 8705 
floor 8766 
florida 8705 
flow 8774 
flown 8679 
fluctuate 8710 
flying 8679 
focus 8721 
follow 8691 8769 
fondkommission 8761 
food 8693 8748 8756 8789 8800 
foods 8743 8788 
footnote 8769 
force 8675 8714 8729 8743 8763 
ford 8786 8801 
forecast 8678 8707 8760 
forecasts 8707 8746 
foreign 8666 8669 8674 8680 8689 8710 8723 8735 8746 8752 8763 8764 8769 8796 
foresee 8746 
forged 8714 
form 8667 8697 
formal 8685 8796 
formed 8711 
found 8711 8713 
founded 8769 
four-year 8796 
fourth 8667 8669 8671 8716 8746 
fox 8732 
franc 8754 
france 8670 8681 8682 8693 8710 8713 8714 
francois 8679 8681 
frank 8747 
frankfurt 8677 8714 
franz-josef 8714 
free 8697 
freeport-mcmoran 8809 
freeze 8667 8700 8729 8763 
freezes 8700 8775 
french 8679 8681 8693 8803 
fresh 8747 8796 
friction 8671 
friday 8675 8677 8691 8700 
frigates 8675 
front 8667 8714 
fruit 8692 8699 
fry 8689 
fsc 8782 
ftx 8809 
fuel 8743 
full 8669 8716 8766 8780 
function 8752 8763 
fund 8666 8779 8782 8796 
fundamentals 8710 
funding 8720 
funds 8677 8723 8724 8747 8802 
future 8671 8725 8755 
futures 8752 
g-5 8714 
g-6 8714 
gabriel 8769 
gain 8666 8708 8717 8740 8746 8750 
gale 8705 
gas 8765 8780 
gatt 8667 8676 8725 
gave 8686 8743 8787 
ge 8716 
gec 8698 
gecc 8717 
general 8667 8668 8676 8716 8717 8718 8725 8766 
generale 8682 
generous 8765 
geo 8768 
george 8748 8765 
german 8679 8684 8714 
germany 8670 8679 8684 8710 8714 8746 8754 
giant 8746 8756 8782 
gift 8753 8798 
gilead 8733 
girozentrale 8687 
give 8688 8700 8704 8725 8743 
giving 8682 8746 8769 
glass 8679 
gll 8740 
gm 8766 
gmt 8679 8680 8685 8707 
gnp 8746 
gold 8720 8752 8757 
goldman 8666 8753 
gonzalez 8769 
good 8680 
goods 8701 8706 8743 8746 8796 
goodwill 8748 
gorbachev 8686 
government 8667 8676 8677 8681 8693 8723 8727 8729 8746 8747 8752 8755 8759 8763 8764 8796 8802 8803 
government-appointed 8769 
government-owned 8677 
governmental 8704 
governments 8714 
governor 8669 8710 8714 8769 
governors 8769 
govett 8689 8714 
grade 8757 
gradual 8714 8746 
gradually 8686 
grain 8686 8759 8800 
gramley 8746 
grams 8757 
grandville 8716 
grant 8721 
granted 8691 8747 
gravity-base 8755 
great 8705 8717 8795 
greater 8666 
greenwich 8782 
greenwood 8771 
grew 8746 8799 
grif 8742 
griffin 8742 
gross 8693 8704 8746 8765 8803 
ground 8675 8679 
group 8666 8668 8679 8685 8707 8708 8712 8714 8717 8718 8748 8753 8755 8761 8771 8777 8778 8787 8799 
grouped 8796 
groups 8743 8763 
grow 8671 8686 8746 
growing 8666 8714 8725 8746 
grown 8666 
growth 8671 8681 8707 8710 8723 8746 8799 
guaranteed 8687 8732 8754 8774 8803 
guard 8763 
guidelines 8667 
gulf 8675 8688 8696 8749 8796 
gull 8740 
gundy 8718 
gusts 8705 
gusty 8705 
gwf 8717 
hager 8714 
hagerstown 8734 
half 8675 8679 8703 8705 8746 8747 8767 
halifax 8718 
halt 8725 
haltenbanken 8755 
hamamatsu 8715 
hamburg 8684 
hammered 8669 
hand 8800 
hands 8723 
hang 8669 
hanover 8669 8704 
happen 8725 
happened 8666 
hard 8714 
hard-pressed 8747 
hardware 8790 8792 
harsh 8752 
hashemi 8749 
hawaii 8769 
hawk 8675 
hch 8789 
head 8700 8775 
headquarters 8679 8729 8763 
health 8796 
health-chem 8789 
healthy 8746 
heard 8679 8686 
hearing 8759 8769 
heavy 8705 8723 8765 
hedge 8719 
heights 8773 
held 8723 8782 
helmut 8679 
helped 8686 8746 8799 
helsinki 8787 
hercon 8789 
herrington 8765 
hesitation 8685 
hidden 8700 
high 8666 8676 8707 8729 8757 8763 8764 8769 
high-level 8692 8699 
higher 8669 8672 8683 8684 8685 8691 8709 8716 8723 8746 8757 
highest 8749 
highly 8756 
hikes 8791 
hills 8717 
historically 8666 
hit 8675 8679 8688 8696 8710 8747 
ho 8692 8699 
hoare 8689 8714 
hoechst 8754 
hojatoleslam 8749 
hold 8670 8677 
holder 8805 
holders 8704 8711 8719 
holding 8679 8685 8689 8737 
holdings 8685 8707 8756 
holiday 8799 
holstein 8687 
home 8734 
homes 8743 
homogeneous 8681 
honduras 8744 
hope 8681 
hoped 8796 
hopes 8671 8721 
hormel 8768 
hormuz 8675 8688 8696 8749 
hospitals 8679 
host 8792 
hostile 8691 8707 
hotels 8798 
hours 8679 
house 8674 8675 
household 8773 
housing 8746 
houston 8750 8765 
hovering 8746 
hrl 8768 
hrs 8744 
hu 8793 8808 
hug 8793 8808 
huge 8679 8727 8746 
hughes 8793 8808 
hulk 8688 8696 
human 8769 
hundred 8675 
hundreds 8769 
hungarian 8743 
hungarians 8743 
hungary 8743 
hurt 8667 8703 
hutton 8666 
hybritech 8721 
hydraulic 8791 
hydraulic's 8791 
ibm 8772 
ibm-compatible 8772 
idea 8674 8743 
identified 8669 8688 8696 
identify 8667 
ii 8766 
ill. 8773 8789 
im/ve 8751 
imbalance 8746 
imf 8796 
imitate 8769 
immediately 8730 8766 
impact 8721 8796 8800 
impediments 8769 
impetus 8725 
implementation 8764 
implemented 8667 
implementing 8716 
import 8667 8683 8744 8746 8765 8796 
imported 8713 8746 
imports 8671 8683 8746 8747 8765 8796 
imposed 8723 
impractical 8737 
improve 8746 8752 8799 
improved 8743 8799 
improvement 8707 8711 8746 8799 
improving 8746 8774 
imprudent 8764 
ims 8772 
inadequate 8691 
incentive 8743 8796 
incentives 8667 8765 
inches 8705 
include 8693 8702 8752 8759 8778 8792 
included 8693 8725 8800 
includes 8668 8702 8708 8740 8741 8744 
including 8675 8682 8692 8699 8700 8710 8721 8729 8730 8739 8743 8747 8753 8763 8782 8800 
income 8668 8702 8743 8746 8761 
increase 8671 8684 8706 8707 8746 8747 8761 8764 8799 
increased 8666 8669 8683 8723 8747 8757 8764 8778 8791 
increases 8733 8746 8757 
increasing 8666 8725 8732 
increasingly 8796 
incredible 8681 
ind. 8741 
indefinite 8729 8763 
independent 8752 
index 8694 8723 8726 
indicating 8669 
indication 8748 
indications 8746 
indirectly 8802 
individual 8668 
individuals 8700 
indonesia 8703 8747 8764 
indonesia's 8747 
indonesian 8747 8764 
industrial 8671 8685 8686 8710 8743 8761 8766 8778 
industrialised 8670 
industries 8666 8690 8716 8727 8733 8807 
industry 8689 8737 8757 8765 8792 
inefficient 8725 8743 8774 
ineligible 8796 
inevitable 8710 
inflation 8723 8726 8729 8746 8763 
inflow 8723 
informal 8667 8676 8725 
informally 8796 
information 8751 8772 8778 8783 8799 
infringement 8721 
initial 8700 8753 8798 
initially 8686 8727 
initiative 8667 8747 
injunction 8721 
injured 8679 
injuries 8679 8715 
injuring 8679 
input-output 8751 
inquiries 8716 8723 
insecure 8749 
inside 8679 
insider 8700 8752 8775 
insist 8669 
insisting 8669 
insolvency 8769 
insolvent 8734 
installation 8780 
instances 8756 
institution 8752 
instructions 8769 
instruments 8666 
insulation 8780 
insurance 8666 8668 8717 8734 8740 
insured 8734 
insurers 8666 
int'l 8773 
integrate 8772 
integrated 8766 
integrating 8772 
integration 8772 
intend 8765 
intended 8675 8688 
intends 8771 8776 8809 
intentions 8771 
interbank 8669 
interchanges 8693 
interest 8666 8669 8673 8677 8686 8702 8723 8749 8763 8780 8802 
interests 8675 8702 8769 8771 
interface 8792 
interference 8675 8688 
interfirst 8780 
interlake 8795 
intermediary 8718 
internal 8782 
international 8667 8668 8683 8773 8781 8787 8796 8803 
internationally 8753 
interpretation 8769 
intervene 8674 8710 8714 8749 8802 
intervened 8714 8735 
intervention 8710 8714 8735 8749 
interview 8672 8681 8749 
intravenous 8789 
introduce 8667 
introduced 8743 8766 8792 
introduces 8790 8792 
introduction 8743 
introductions 8799 
inventories 8746 
inventory 8706 
invest 8666 8754 
investigation 8769 8782 
investigations 8700 
investment 8668 8711 8714 8771 8787 
investors 8693 8697 8711 8753 8774 
invited 8769 
invoice 8782 
involved 8700 8735 
ione 8798 
iowa 8705 
ipi 8671 
iran 8675 8688 8696 8749 
iran-iraq 8675 
iranian 8675 8749 
iraq 8675 8749 
ireland 8713 
irish 8713 
irna 8749 
irritants 8725 
irwin 8804 
isolation 8681 
israeli 8700 
issuance 8730 
issue 8697 8718 8719 8721 8761 8786 
issued 8685 8705 8710 8713 8715 8730 8765 8803 
issues 8676 8682 8687 8803 
issuing 8682 8687 8754 8803 
item 8775 
items 8702 8753 
ittersum 8752 
iv 8690 8711 
ixl 8756 
j.m 8780 
j.m.-resources-inc 8780 
jack 8780 
jacobson 8761 
jaime 8669 
jakarta 8703 8747 8764 
james 8666 8714 8782 8795 
jan 8738 8742 8745 
jan. 8771 
janeiro 8729 8763 
january 8667 8671 8694 8706 8714 8716 8723 8743 8746 8755 8769 8786 8800 
january/february 8746 
january/march 8671 
january/november 8683 
japan 8666 8670 8671 8674 8676 8710 8714 8715 8735 8746 8747 
japanese 8666 8671 8676 8714 8715 8735 8764 
jefferies 8712 8782 
jefg 8712 
jeopardized 8765 
jet 8716 
jewelry 8753 
jnj 8721 
jobless 8746 
jobs 8681 8746 
joerg 8700 
johannesburg 8757 
john 8717 8765 8771 
johnson 8721 
joint 8675 8707 
jose 8669 8769 
jr 8780 8781 
judge 8721 
juice 8692 8699 
july 8766 8769 
july/june 8684 
jumped 8746 
june 8680 8689 8739 8748 8752 8768 8770 8784 8796 
junior 8774 
justice 8700 
kalbag 8769 
kansai 8676 
kansas 8705 8739 
karachi 8694 
kdi 8704 
keeping 8800 
kenneth 8766 
kent 8781 
kenya 8796 
key 8669 8746 
khartoum 8796 
kiichi 8670 8674 8714 
kilometers 8679 
kind 8756 
kingdom 8693 8748 
kistler 8700 
kitty 8675 
kohl 8679 
kremlin 8686 
kuwait 8672 8675 8749 
kuwaiti 8672 8675 8688 8749 
l.p 8805 
l.p. 8805 
labor 8716 8727 
laboratories 8722 8772 8789 
labour 8729 8763 
lake 8724 
lakes 8705 8795 
lambert 8711 
lampert 8804 
land 8686 8693 
land-based 8688 8696 
landesbank 8687 
large 8716 8743 8802 
largely 8671 8746 8763 8765 
largest 8671 8703 8707 8747 8759 
lasting 8746 
late 8676 8705 8721 8753 8760 8806 
latest 8669 8714 8746 8792 8800 
latin 8725 
launch 8729 8763 
launched 8725 
launching 8688 8696 
law 8727 8743 8746 8769 8782 
lawrence 8746 
laws 8689 8752 8782 8807 
lawsuits 8721 
lay 8713 
laydays 8744 
lb 8687 
le 8681 
lead 8682 8687 8743 8753 8754 8759 8782 8783 8803 
leader 8686 8771 
leaders 8681 8729 8763 
leading 8723 8747 
leaving 8677 8764 
lebanon 8749 
led 8680 8706 8727 8743 8753 8787 
left 8669 8679 
legal 8700 8743 8769 
legislation 8667 8752 
lehamn 8753 
lehman 8782 
lending 8747 8764 
lessening 8677 
lesser 8749 
letter 8714 8717 8730 8771 
leung 8669 
level 8676 8726 8746 8802 
levels 8670 8671 8710 8714 8727 8746 8755 8757 
leveraged 8753 
levy 8746 
liabilities 8774 
liability 8796 
liberalise 8703 
libor 8669 
lid 8723 
life 8666 8717 
lift 8796 
lilly 8721 
limit 8666 8714 
limited 8666 
limits 8743 8764 
line 8670 8677 8710 8714 8743 
lines 8698 
linked 8747 8764 8766 
liquid 8723 
liquidation 8809 
liquidity 8677 8723 
list 8752 
listed 8682 8687 8803 
listing 8753 
listings 8752 
livestock 8705 8744 8800 
lly 8721 
lmed 8789 
loan 8734 8741 8747 8787 
loaned 8747 
loans 8747 8759 8787 8796 
local 8678 8698 8796 
locally 8705 
located 8715 8798 
location 8688 
london 8668 8669 8678 8680 8683 8685 8687 8697 8698 8700 8702 8707 8714 8728 8748 8749 8752 8756 8760 8775 8777 8803 
london-based 8689 
long 8668 8672 8725 8746 
long-term 8693 
longer 8763 
longest 8749 
loosen 8714 
los 8712 
loss 8668 8708 8716 8741 8742 8769 8794 8806 
loss-making 8743 8747 
losses 8769 8782 8799 8806 
lot 8667 
louis 8738 
louisiana 8739 
low 8666 8670 8710 8714 8735 8799 
lowell 8772 
lower 8674 8703 8705 8714 8716 8757 8802 8807 
lowest 8746 
lowland 8705 
ltcb 8803 
lucio 8729 8763 
luck 8681 
lumberton 8797 
lunch 8763 
luxembourg 8682 8687 8803 
lyle 8746 
lynch 8689 8700 8775 
lyons 8756 
lyphomed 8789 
m-4 8723 
mabs 8721 
machinery 8706 8763 
made 8669 8675 8683 8691 8707 8719 8721 8737 8753 8769 8771 8774 8789 8796 8800 
madrid 8723 
magic 8693 
main 8714 8796 
mainframe 8772 
mainframes 8772 
mainstay 8746 
maintained 8743 
maintains 8672 
major 8670 8674 8676 8677 8698 8707 8710 8725 8746 8799 
majority 8681 
make 8725 
make-or-break 8669 
maker 8799 
makes 8704 
making 8666 8668 8676 8702 8707 8712 8725 8755 8778 
malpractice 8752 
manageable 8764 
management 8666 8668 8682 8687 8691 8693 8711 8717 8743 8751 8771 8803 
manager 8682 8687 8754 8782 8786 8803 
managers 8666 8668 8682 
manages 8798 
managing 8775 8796 
mandated 8667 
manila 8669 8769 
manipulation 8782 
manning 8780 
manufacturers 8669 8706 8766 
manufacturing 8666 8708 8716 8746 8766 
map 8766 
marched 8763 
marcos 8769 
margaret 8679 
margins 8707 
mark 8690 8714 
marked 8669 8746 
market 8674 8677 8678 8681 8697 8700 8710 8714 8728 8735 8746 8752 8756 8760 8770 8771 8773 8782 8789 8796 8802 
marketed 8721 
marketing 8721 8772 8774 
markets 8666 8686 8710 8712 8713 8714 8717 8725 8752 
marks 8673 8677 8714 8806 
marne-la-vallee 8693 
maryland 8734 
mass. 8772 8785 8807 
massing 8675 
matches 8786 
materials 8743 
materiel 8783 
mccormack 8795 
mccrae 8733 
mcrae 8733 
means 8691 
meantime 8721 
measure 8800 
measured 8746 
measurement 8766 
measures 8667 8670 8710 8723 8743 8747 
mechanism 8725 
meda 8700 
media 8686 
meet 8675 8676 8688 
meeting 8667 8676 8722 8747 8765 8796 
meetings 8680 8747 8796 
member 8747 
members 8669 8765 8769 8796 
mentioned 8782 
mer 8689 
mer.n 8700 
mercantile 8668 
merchandise 8693 
merchant 8687 
merge 8711 8778 
merger 8691 8707 8778 8780 
mergers 8775 
merrill 8689 8700 8775 
mess 8679 
metals 8706 8767 
meteorological 8715 
meter 8679 
meters 8679 8755 
method 8708 
methods 8676 8706 
metro 8693 
metropolitan 8737 
mexico 8669 8705 
mfc 8737 
mich. 8716 
michel 8796 
mickey 8746 
microvax 8766 
microwave 8704 
mid-march 8801 
middle 8675 8702 
mideast 8675 
midland 8718 
mikhail 8686 
miles 8679 8693 8749 
military 8675 8763 
milk 8743 
milled 8757 
million 8700 
millions 8806 
mines 8720 8757 
minicomputer 8792 
minicomputers 8792 
minimum 8669 8677 8690 
mining 8757 
minister 8667 8670 8672 8674 8679 8680 8681 8692 8699 8714 8727 8796 
ministerial 8725 
ministers 8667 8671 8676 8747 8800 
ministries 8743 
ministry 8666 8680 8684 8695 8700 8726 
minn. 8768 
minneapolis 8798 
minnesota 8705 
minor 8679 8743 
minorities 8668 
minority 8702 
missed 8769 
missile 8675 8688 8696 
missiles 8675 8688 8696 8749 
mississippi 8705 
missouri 8705 
misuse 8769 
misused 8769 
mitchell 8765 
mitterrand 8679 
mixed 8671 
miyazawa 8670 8674 8714 
mmr 8795 
mnd 8765 
mo. 8738 
model 8751 8792 
models 8751 
moderate 8746 
modest 8746 8799 
modified 8743 
modules 8792 
moenchengladbach 8679 
moment 8676 8714 
monday 8706 8735 8802 
monetary 8769 8796 
money 8677 8678 8723 8728 8760 
money-fx 8670 8674 8678 8710 8714 8723 8728 8735 8760 8796 
money-supply 8723 
monitor 8796 
monitored 8796 
monoclonal 8721 
monopolies 8747 8748 
month 8670 8674 8675 8677 8683 8692 8699 8700 8707 8714 8723 8747 8796 
monthly 8671 
months 8683 8692 8699 8729 8746 8763 8769 8796 8799 
montreal 8770 
mood 8769 
moody 8762 8774 8786 
moore 8795 
moore-mccormack 8795 
morgan 8780 
morning 8670 8678 8685 8705 8714 8735 8747 8763 
mortgage 8746 
morton 8748 
moscow 8679 8686 
motion 8721 8769 
motor 8786 
motors 8766 8774 
mountain 8721 8783 
mountains 8705 
mouth 8675 
move 8672 8676 8716 8747 8763 8796 
moved 8675 
moves 8705 
mph 8705 
mri 8733 
mri-a 8733 
mt 8733 
mth 8708 
mths 8708 8740 8750 
mti 8743 
multi-family 8746 
multicurrency 8787 
multilateral 8725 
mutual 8771 
myers 8780 
n.c. 8733 8797 
n.d. 8737 
n.j. 8704 8745 8784 8804 
n.y 8735 
n.y. 8740 8742 8788 
na 8669 
nahum 8700 8775 
named 8721 8769 8780 
narrow 8675 8692 8699 
narrowest 8749 
nashville 8711 
nation 8765 
national 8705 8708 8729 8746 8763 8765 8797 8799 8803 
nations 8670 8674 8710 8714 8725 
nationwide 8727 
nato 8679 
natural 8749 8780 
naval 8688 8696 
navy 8675 8749 
ncro.l 8685 
nebraska 8705 
necessarily 8764 
needed 8703 8725 8746 
needy 8800 
negative 8774 8796 
negotiating 8669 8670 8689 
negotiations 8667 8669 8725 8769 
negotiator 8680 
negotiators 8680 
neighbouring 8796 
neomar 8780 
net 8677 8708 8716 8718 8731 8738 8740 8741 8742 8743 8745 8750 8767 8771 8777 8793 8794 8799 
netherlands 8752 
netted 8700 
network 8695 8709 8711 8737 8751 8798 
networking 8790 8792 
new-zealand 8667 8676 8725 
newly 8688 8696 
newly-formed 8717 
news 8679 8680 8688 8727 8732 8743 8749 8796 
newspaper 8672 8690 8691 8756 
night 8669 8679 8707 8727 
niigata 8715 
nil 8668 
nine-member 8771 
nippon 8666 
non-basic 8743 
non-callable 8682 8786 
non-defense 8706 
non-electrical 8706 
non-farm 8746 
non-oil 8780 
non-u.s. 8744 
nondefense 8701 
nonpublic 8778 
norcros 8685 
normandy 8679 
norske 8755 
north 8702 8705 8737 8785 
northeast 8705 
northermost 8755 
northern 8675 8679 8783 
northwest 8705 8715 8783 
northwestern 8783 
norway 8755 
norwegian 8755 
nos/ve 8751 
note 8708 8724 8738 8740 8741 8750 8777 8805 
noted 8669 8752 8774 8778 8802 
notes 8730 8780 8786 8805 
notice 8769 
noting 8752 
noto 8715 
nova 8718 
november 8669 8683 
nsm 8708 8799 
nt 8740 8783 
nuclear 8686 
number 8666 8690 8743 8746 
numbers 8746 
nv 8754 
nws 8732 
oat 8759 
oates 8756 
oats 8759 
objective 8725 
obligation 8805 
obligations 8805 
obtaining 8711 
occupy 8763 
occur 8791 
occurred 8677 8735 
occurs 8749 
ocean 8795 
och 8761 
oct/nov 8683 
october 8667 8683 8753 
october-december 8746 
october/december 8671 
offer 8669 8675 8685 8689 8690 8691 8693 8707 8709 8730 8772 8778 8809 
offered 8669 8675 8688 8711 8712 8753 8778 
offering 8691 8718 8719 8751 8753 8776 8782 8786 8798 8805 8809 
offerings 8766 
offers 8675 8744 8766 8769 8805 
office 8693 8700 8748 8769 8775 
officer 8781 8795 
officers 8679 8691 
offices 8734 8769 
official 8666 8671 8686 8727 8729 8743 8752 8763 8796 
officially 8764 
officials 8669 8671 8675 8686 8688 8706 8713 8714 8727 8746 8749 8752 8759 8796 8806 
offset 8714 
offshoot 8675 8749 
offshore 8755 
ohio 8705 
oil 8672 8675 8688 8703 8747 8755 8764 8765 8780 
oklahoma 8705 8739 
oljeselskap 8755 
olsen 8766 
oman 8675 
ombudsman 8769 
omer 8796 
one-for-one 8697 
one-third 8746 
ongpin 8669 
ontario 8689 8720 
onwed 8717 
opec 8672 8747 
open 8676 8714 8725 8739 8763 8765 8773 
opened 8802 
opening 8707 
openness 8686 
oper 8750 
operate 8693 8751 
operated 8761 
operates 8693 
operating 8702 8751 8766 8799 
operations 8707 8708 8714 8717 8721 8737 8780 
operator 8755 
opinion 8714 
opportunities 8707 
opportunity 8681 
opposition 8765 
optimistic 8765 
option 8691 8704 
options 8691 8704 8752 
order 8695 8700 8706 8721 8799 
ordered 8700 8769 
ordering 8769 
orders 8698 8701 8706 8746 
ore 8757 
ores 8757 
organic 8707 
organisations 8666 
organization 8683 
original 8681 
originally 8669 8691 8706 8708 8711 8800 
orlando 8693 8793 8808 
orleans 8809 
ortho 8721 
osaka 8676 
outlays 8716 8759 
outlets 8707 
outlines 8667 8806 
outlook 8671 8746 
output 8671 8672 8684 8755 8757 
outright 8678 8728 
outstanding 8690 8691 8722 8770 8771 8776 8791 
overnight 8723 
overseas 8666 8746 8787 
ovustick 8721 
owed 8796 
owes 8796 
owned 8689 8700 8719 8770 8777 8781 8782 
owner 8778 
owning 8689 8711 
owns 8690 
oy 8787 
p.m. 8679 
pa. 8736 8739 
pace 8772 
pacific 8689 8702 8715 8769 8783 
pack 8688 8696 
package 8792 
packaging 8685 
pact 8673 8677 8714 8783 
paid 8719 8791 8796 
pak 8770 
pakistan 8694 
panhandle 8705 
paper 8774 
par 8780 8805 
par-priced 8754 
para 8775 
parana 8763 
parent 8687 
paris 8670 8674 8681 8682 8693 8710 8714 8796 
park 8693 
parliament 8674 8743 8749 
parsley 8713 
part 8695 8707 8746 8799 
partial 8729 8763 
participate 8771 
partner 8666 
partners 8725 8755 
parts 8705 
party 8691 8727 
passed 8743 
past 8675 8688 8703 8747 8763 8796 
pat 8667 
pattern 8746 
paug 8769 
paul 8795 
paula 8769 
paulo 8729 8763 
pay 8669 8724 8729 8732 8736 8743 8763 8778 8784 8785 8788 8796 8808 
payable 8733 8748 8768 8780 8791 8797 
paymaster 8720 
payment 8682 8687 8704 8730 8740 8764 8805 
payments 8677 8704 8719 8747 8759 8796 
payout 8733 8788 
pdp 8766 
peaking 8707 
penchant 8769 
pending 8755 
peninsula 8715 
pension 8750 8774 
pensions 8668 
pentagon 8675 
percentage 8669 8689 
performance 8666 8761 8771 8796 8799 
perigot 8681 
period 8683 8692 8699 8700 8716 8746 8752 
periods 8708 
peripheral 8693 
peripherals 8792 
permanent 8800 
permit 8681 8778 
person 8782 
personal 8743 8746 
persuade 8796 
pertaining 8782 
peseta 8723 
pesetas 8723 
petrie 8745 
petroleum 8672 8755 
pharmaceutical 8721 
pharmaceuticals 8743 
pharmacist 8707 
phase 8669 8720 
philippine 8669 8769 
philippines 8669 8769 
philippines' 8769 
pick 8746 
picture 8743 
piece 8681 
piercing 8670 
pires 8729 8763 
pittsburgh 8778 8781 
pl480 8744 
place 8688 8720 
placing 8769 
plains 8705 
plaintiff 8769 
plan 8667 8669 8716 8750 8765 8804 
planned 8711 8796 
planning 8671 
plans 8692 8693 8699 8719 8739 8752 8756 8773 
plant 8686 8716 
planted 8759 
plastics 8747 
platform 8755 
played 8700 
plc 8668 8685 8697 8698 8702 8707 8748 8755 8756 8778 
pleased 8771 8796 
pledged 8677 8703 
pledges 8703 
plenmeer 8700 
plessey 8698 
plessis 8680 
plunge 8714 
plunged 8710 8714 
pm-blast 8679 
pm-yugoslavia 8727 
pneumatic 8785 
pnu 8785 
point 8667 8669 8711 
pointed 8774 
points 8669 8726 8769 8786 
police 8679 8763 
policies 8667 8676 8747 
policy 8703 8714 8723 8747 8764 
political 8667 8674 8769 
ponsbach 8761 
pool 8704 
poor 8786 8800 
popular 8766 
porcupine 8720 
port 8688 8696 
portfolio 8668 
portion 8693 
portions 8705 
porto 8729 8763 
position 8769 8774 8775 
positive 8671 
possibility 8806 
possibly 8692 8699 8714 
post 8769 
post-split 8784 
post-war 8714 
posted 8705 
postponed 8747 
potato 8713 
potential 8721 8774 
pound 8796 
pounds 8796 
power 8746 8769 
powerful 8705 
powers 8806 
practise 8757 
praecipuum 8682 
pre-split 8791 
pre-tax 8707 8717 8761 
predepreciation 8704 
predicted 8671 8746 
predictions 8746 
predicts 8746 
predsident 8766 
preempt 8763 
prefecture 8715 
preference 8719 
preferences 8743 
preferred 8697 8718 8719 8732 8733 8774 8781 8809 
pregnancy 8721 
preliminary 8715 8719 8721 
premises 8702 
prepared 8749 8765 
pres 8804 
present 8712 8800 
president 8679 8681 8703 8747 8764 8765 8769 8780 8795 8798 8804 
press 8686 8747 8752 8756 8764 8806 
presse 8679 
pressing 8746 
pressure 8746 8796 
pretax 8668 8702 8707 8708 8741 
pretoria 8680 
prevailing 8710 8769 8770 
prevent 8752 
preventing 8721 
previous 8671 8684 8757 
previously 8706 8753 8771 8782 
previously-announced 8691 8708 8795 
prew 8794 
preway 8794 
price 8667 8691 8694 8704 8711 8719 8723 8726 8729 8743 8746 8752 8753 8757 8759 8763 8778 8782 
priced 8687 8751 8786 8792 8803 8805 
prices 8667 8672 8703 8726 8729 8743 8746 8747 8763 8764 8770 8792 8796 
pricing 8799 
prima 8769 
primary 8706 8743 
prime 8679 8727 
prime-2 8774 
princeville 8730 
princeville's 8730 
principal 8711 8764 
principally 8761 
principle 8667 8704 8711 
principles 8667 
printers 8792 
prior 8708 8724 8736 8740 8757 8785 8788 8799 8808 
private 8729 8743 8746 8763 8769 8773 
probe 8700 8775 
problem 8671 8723 8764 
problem-plagued 8666 
problems 8681 8716 8725 8756 8765 
proceed 8667 
proceeds 8718 8753 8777 8780 8798 8809 
process 8747 8771 
produce 8707 
producer 8743 
producers 8765 
produces 8704 
producing 8672 
product 8746 8765 8772 8799 
production 8667 8671 8684 8716 8720 8755 8774 
products 8666 8685 8692 8699 8704 8716 8721 8743 8746 8753 8758 8766 8771 8790 8792 8799 
profile 8761 
profit 8668 8702 8707 8742 8743 8757 8761 8769 8777 
profitability 8774 
profitable 8707 
profits 8700 8702 8704 8707 8743 8746 8757 8761 
program 8720 8747 8773 8796 
progress 8716 8774 
progressing 8667 
progressive 8743 
progressively 8716 
prohibited 8689 
prohibits 8700 8804 
project 8676 8755 
projected 8755 8764 
projects 8747 8772 
promising 8746 
prompt 8686 
proof 8686 
property 8668 8693 8707 8720 
proportion 8666 
proposal 8669 8711 8778 8804 
proposals 8667 
propose 8800 
proposed 8669 8730 8765 8774 8809 
proposes 8692 8699 8755 8761 8770 
proposing 8761 
prosecution 8769 
prosecutor 8769 
prospect 8773 
prospects 8669 8707 8710 
prospectus 8718 8719 
protect 8749 
protected 8703 8747 
protection 8675 
protectionism 8747 
protectionist 8747 
protective 8789 
protesting 8763 
protocol 8766 
proved 8800 
provide 8677 8693 8719 8720 8725 8730 8778 8796 
provided 8675 8678 8728 8746 8760 8778 8783 
providing 8765 
provinces 8718 
provincial 8769 
provision 8741 8778 
provisions 8693 8741 8778 
prudential 8668 
prul.l 8668 
pst 8745 
public 8676 8677 8723 8741 8743 8753 8771 8782 8798 8809 
publications 8752 
publicly 8753 8805 
pumping 8672 
punch 8688 8696 
punta 8725 
purchase 8769 8770 8774 8778 8798 
purchases 8666 8689 8735 8771 
purchasing 8746 
purpose 8772 
purposes 8718 
push 8714 
pushed 8714 
put 8669 8713 8771 
putting 8769 
pvdc 8730 
qintex 8730 
qtly 8724 8736 8785 8788 8808 
qtr 8708 8738 8740 8741 8742 8745 8750 8767 8793 8794 
quality 8800 
quarter 8671 8708 8716 8727 8741 8746 8799 
quarterly 8724 8736 8784 8785 8791 8808 
quarters 8716 
queries 8806 
question 8676 8765 
quill 8720 
quincy 8785 
quota 8672 
quote 8712 
quoted 8672 8674 8685 8714 8749 8769 8796 
r. 8795 
racketeering 8807 
radio 8675 
rafsanjani 8749 
rain 8705 
rains 8705 
raise 8669 8691 8697 8761 8778 
raised 8697 8707 8723 8727 8733 8796 
raises 8723 8736 8788 
raising 8671 8764 8786 
rand 8757 
range 8714 8766 8806 
ranged 8746 
ranges 8674 
ranging 8704 
raods 8693 
rate 8666 8669 8671 8672 8677 8681 8710 8714 8719 8723 8732 8746 8796 8802 
rated 8786 
rates 8666 8669 8670 8674 8710 8723 8763 8799 
ratings 8762 8774 
ratio 8764 
rationale 8725 
rationally 8727 
raul 8769 
rd.as 8755 8777 
reach 8759 
reached 8804 
reaches 8804 
reaching 8757 
read 8714 8775 
reading 8715 
reagan 8675 8746 8765 
real 8800 
realisation 8667 
realities 8747 
reason 8714 8769 
reasons 8714 
rebuilding 8746 
recapitalization 8711 
receipt 8690 8691 
receipts 8697 
receive 8691 8693 8704 8711 8759 8805 
received 8683 8689 8698 8703 8706 8730 8749 8769 
receivership 8769 
receiving 8719 
recent 8743 8757 8774 8799 
recently 8707 
recession 8746 
recognizing 8708 
recommended 8692 8699 8707 
recommending 8769 
reconsideration 8769 
record 8670 8710 8724 8730 8733 8736 8746 8757 8768 8784 8785 8788 8791 8797 8808 
records 8769 8782 
recover 8778 
recovered 8799 
recovery 8741 8746 8796 
recreation 8693 
red 8724 
redeemable 8718 8719 8805 
redemption 8732 
reduce 8667 8716 8746 8747 8799 
reduced 8743 8799 
reducing 8764 
reduction 8746 
reestablish 8681 
reference 8674 8775 
referred 8748 
referring 8669 8681 
reflect 8706 
reflected 8761 
reflecting 8666 
reflection 8666 
reform 8667 8743 
reforming 8667 
reforms 8743 8764 
refrain 8802 
refused 8669 
region 8675 8688 
regions 8746 
registering 8715 
regular 8749 
regulations 8796 
regulatory 8666 8752 
reinforces 8766 
rejected 8691 8796 
rejecting 8685 
rejects 8685 8796 
related 8693 8716 8783 
relations 8676 
relationship 8676 
relaxation 8743 
release 8716 
released 8755 8765 
relief 8725 
relieve 8676 
relieving 8676 8725 
rely 8747 
remain 8676 8700 8744 8746 8764 
remainder 8753 
remained 8746 8802 
remains 8671 8705 8774 
remarks 8714 8796 
remittances 8796 
remodel 8739 
remote 8755 
removal 8780 
renewed 8714 
reopend 8734 
repay 8753 8804 8809 
repayment 8680 
repayments 8764 
repeated 8714 8749 
repeatedly 8769 
replaced 8800 
reply 8723 
replying 8806 
report 8671 8714 8716 8746 8765 
reported 8686 8705 8706 8707 8708 8727 8732 8746 8749 8757 8761 8796 
reporters 8670 8671 8703 8766 
reporting 8686 
reports 8675 8686 8715 8763 8806 
represent 8770 8780 8791 
representative 8676 8714 8725 8796 
representatives 8771 
represents 8675 
repurchase 8673 8677 8773 8802 8805 
repurchased 8711 
request 8700 8782 
requested 8692 8699 8765 
required 8677 8730 
requirement 8723 
requirements 8807 
reschedule 8796 
rescheduling 8669 8769 
rescind 8778 
resell 8798 
reservations 8667 
reserve 8674 8723 8735 8746 8802 
reserves 8677 8802 
reservoir 8755 
residential 8746 
residing 8772 
resigned 8780 
resisted 8796 
resolution 8769 
resolved 8676 
resort 8693 
resources 8720 8780 8783 8795 
respectable 8746 
response 8675 8688 8752 8765 
responsive 8667 
rest 8747 
restated 8708 
restrictive 8723 
restructuring 8708 
result 8689 8707 8730 8743 
resulted 8707 
results 8707 8708 8716 8799 
retail 8701 8706 8707 8746 8798 
retailer 8748 8753 
retailing 8707 
retained 8782 
retractable 8718 8719 
return 8681 8729 8763 8804 
returned 8669 8727 
revenue 8708 
revenues 8693 8716 8747 8757 8780 
review 8716 8774 
reviewing 8676 
revised 8706 
revisions 8706 
revs 8731 8742 8745 8767 
rheindahlen 8679 
rhine 8679 
rice 8759 
richard 8780 
richter 8715 
ridden 8725 
rift 8714 
rights 8690 8691 8769 8778 8805 
ring 8700 
rio 8729 8763 
ripping 8679 
rise 8671 8672 8689 8707 8723 8726 8729 8743 8746 8757 8763 8764 
risen 8688 8764 
rises 8684 
rising 8723 8746 8764 8765 
roadways 8705 
robinson 8782 
rochester 8788 
rockwell 8781 
rockwell's 8781 
role 8700 8771 
ronald 8692 8699 
rose 8671 8684 8694 8701 8706 8707 8723 8726 8729 8743 8746 8757 8761 8763 
rosehaugh 8707 
rosemont 8789 
roughshod 8769 
round 8667 8669 8676 8692 8699 8725 
routine 8675 
royal 8755 8777 
royalties 8693 
rudy 8798 
rule 8765 8806 
ruling 8721 8727 8769 
rumors 8756 
rumours 8686 8756 
run 8769 
rupiah 8747 8764 
s. 8781 
sachs 8666 8753 
safveans 8761 
salaried 8666 
sale 8717 8721 8748 8769 8779 8780 8795 
sales 8707 8708 8721 8738 8740 8750 8761 8777 8793 8794 8799 8801 
salomon 8782 8786 8805 
sam 8780 
same-maturity 8786 
santa 8708 8799 
sao 8729 8763 
satoshi 8710 8714 
saudi 8796 
save 8743 
savings 8666 8734 8741 
sbci 8682 
scale 8715 8785 
scandal 8700 
scandals 8752 
scant 8746 
sceptical 8674 
scheduled 8693 8778 
scheme 8755 8800 
schleswig 8687 
schleswig-holstein 8687 
scored 8688 8696 
scotia 8718 
scrapped 8747 
scsi 8792 
scsi-based 8792 
sea 8675 8715 
seagram 8748 
seamen 8729 8763 
seasonal 8727 
seats 8758 
sec 8700 8752 8758 8779 8782 
secaucus 8745 
secondary 8782 
secrecy 8700 
secretary 8669 8714 8765 
sections 8705 
sector 8743 8746 
sectors 8707 8729 8763 
securement 8789 
securities 8677 8687 8689 8700 8711 8718 8752 8771 8780 8782 8802 8807 
security 8689 8749 8763 8765 
seek 8667 8675 8693 
seeks 8744 8758 
sees 8681 8716 8746 
seismic 8715 
self-regulation 8752 
self-regulatory 8752 
self-sufficiency 8684 
self-test 8721 
sell 8717 8748 
sell-off 8714 
selling 8682 8687 8693 8714 8747 8803 
sells 8717 8748 8786 8798 
semiconductor 8708 8799 
semiconductors 8676 
senate 8759 
sending 8782 
senior 8714 8718 8746 8769 8774 8805 
sentiment 8714 
september 8720 8725 8743 8747 
series 8718 8719 
serve 8737 
service 8705 8746 8764 8774 8780 8796 
servicemen 8679 
services 8668 8697 8725 8743 8766 8780 8782 8805 
servicing 8764 
session 8678 8728 
set 8674 8688 8696 8719 8752 8796 
sets 8680 8712 8718 8722 8724 8785 8797 8808 
settled 8782 
settlement 8804 
sexually 8721 
shaalan 8796 
shards 8679 
share 8685 8690 8691 8697 8702 8704 8711 8716 8718 8719 8722 8730 8732 8733 8747 8753 8761 8770 8778 8780 8784 8791 8798 8799 8809 
share.it 8791 
shareholder 8722 8807 
shareholders 8668 8685 8697 8704 8711 8730 8733 8753 8771 8797 
shares 8685 8690 8691 8697 8704 8707 8711 8718 8719 8722 8730 8732 8748 8753 8756 8770 8771 8773 8776 8778 8780 8781 8791 8804 8809 
sharp 8714 
shearson 8753 8782 
sheikh 8672 
shell 8755 8777 
shell-u.k.-ltd 8777 
shifts 8710 
ship 8675 8688 8696 8744 8749 8755 8795 
shipment 8799 
shipments 8675 8688 8708 
shipped 8746 
shipping 8675 8688 8696 8795 
ships 8675 8686 
shop 8798 
shopkeepers 8713 
shoppes 8736 8739 
shops 8798 
short 8669 8682 8725 8796 
short-term 8723 
shortage 8678 8728 8760 
shortly 8797 
show 8671 8746 
showed 8714 8729 8746 8763 
showers 8705 
showing 8746 
shows 8746 8765 
shr 8668 8702 8708 8731 8738 8740 8741 8742 8745 8750 8767 8793 8794 
shrs 8708 8740 8745 8767 8794 
shutdowns 8799 
shuts 8763 
sides 8669 
signed 8693 8695 8783 8787 
significant 8710 8716 8771 
significantly 8683 8685 
signs 8671 8714 8729 8746 8763 8787 
silkworm 8675 8688 8696 8749 
silkworms 8688 
similar 8693 
simulation 8716 
simultaneous 8792 
single 8707 8752 
single-leg 8755 
singson 8769 
sites 8688 8696 8749 
six-year 8787 
sixth 8703 8747 
size 8671 
skies 8705 
slick 8705 
slight 8800 
slightly 8806 
slip 8746 
slipped 8710 
slogans 8763 
slow 8686 
slowdown 8746 
slowed 8746 
slowness 8746 
sluggish 8671 8746 
sluggishness 8746 
slump 8747 
small 8675 8705 8743 8749 8792 8800 
smaller 8666 8746 
smith 8746 
smithson 8666 
smithtown 8740 
smokeshops 8798 
smuggled 8796 
snat 8797 
snow 8705 
snows 8705 
so-called 8675 8796 
soared 8746 
social 8679 8729 8763 
societe 8682 
sofer 8700 
softened 8799 
software 8772 8790 8792 
sold 8753 8761 8796 
sole 8786 8805 
soleley 8780 
solutions 8725 
solve 8681 
sons 8711 
sorghum 8759 
sought 8666 
source 8680 8688 8696 
sources 8667 8669 8674 8680 8769 8800 
south 8680 8702 8705 8715 
south-africa 8680 8757 
southeast 8705 
southern 8675 8688 8696 8705 8749 8763 8797 
soviet 8683 8686 
spain 8723 
spanish 8723 
spc 8689 
speak 8752 
speaker 8749 
speaking 8679 8703 8765 
special 8719 8769 
specialist 8707 
specializing 8756 
specialty 8780 
specific 8670 8723 8747 
speculated 8677 
speculating 8756 
speculation 8735 8756 
speculative 8723 
speech 8765 
spending 8746 
spent 8666 
spill 8746 
spitz 8716 
split 8722 8768 8784 8791 8797 
splits 8791 
spokesman 8677 8679 8680 8689 8697 8700 8723 8729 8752 8755 8763 8769 8782 8800 8806 
spokeswoman 8679 8797 
spread 8666 8669 8786 
spreading 8705 
spring 8792 
squeeze 8746 
ssw 8772 
st 8695 
st. 8738 
stabilise 8674 8710 8714 
stabilising 8710 
stabilizes 8671 
staff 8675 8702 
stake 8666 8755 8758 8761 8771 
stals 8680 
stamford 8794 8795 
stand 8726 
standard 8702 8766 8786 8792 
standpoint 8725 
stands 8714 
standstill 8680 
start 8671 8693 8707 8723 
started 8666 8669 8690 8691 8716 
starting 8746 8804 
starts 8690 8691 
stat.ol 8755 
state 8675 8686 8743 8747 8763 8796 
state-controlled 8729 8763 
state-owned 8755 
stated 8747 8778 
statement 8676 8710 8721 8726 8769 8787 
states 8676 8700 8714 8746 8749 
stationing 8675 
stations 8732 
statistics 8694 8706 8746 
statoil 8755 
stats 8755 
stavanger 8755 
stay 8666 
stch.l 8702 
steady 8746 
steamship 8795 
steel 8747 
stems 8729 8763 8804 
step 8707 8743 8752 
stephen 8771 
stepped 8666 
steps 8743 
sterivet 8722 
sterling 8772 
steury 8798 
stg 8678 8685 8698 8702 8707 8728 8748 8756 8760 8777 
stimulate 8746 8747 
stock 8687 8697 8700 8704 8711 8712 8732 8733 8752 8753 8756 8761 8770 8771 8773 8774 8778 8779 8780 8781 8782 8784 8791 8797 8798 8804 8809 
stockbroking 8761 
stocked 8677 
stockholders 8697 8791 
stockholding 8769 
stockholm 8695 8761 
stocks 8666 8672 8712 8748 8800 
stood 8723 8726 8763 
stop 8725 8763 
stoppages 8729 8763 
stopping 8763 
storage 8792 
store 8739 8800 
stores 8707 8739 8745 8800 
storm 8705 
stowe 8711 
strain 8676 
strained 8676 
straining 8676 
strains 8676 
strait 8688 8696 8749 
straits 8675 
stream 8705 8755 
streamline 8737 
street 8707 
strength 8746 
stressing 8769 
strike 8729 8763 
strikers 8763 
strikes 8715 8727 8729 8763 
striking 8729 8763 
stringent 8796 
strong 8675 8688 8705 8715 8725 8765 8799 
stronger 8705 
strongly 8672 8707 8725 
struck 8752 
structure 8743 8774 
structured 8774 
study 8765 
stuttgart 8806 
stvtf 8722 
subcontracts 8716 
subject 8704 8711 8721 8722 8730 8784 
submissions 8769 
submit 8769 8804 
submitted 8671 
subordinated 8711 8730 8774 8805 
subpoenaed 8779 8782 
subsea 8755 
subsequently 8735 
subsidiary 8716 8732 8737 8748 8754 8755 8777 8782 8789 
subsidies 8743 8759 8765 8796 
substantial 8707 8710 8757 8774 
substantially 8707 8774 
substantiate 8686 
subway 8693 
succeed 8725 
succeeded 8795 
success 8714 
successful 8725 8800 
successfully 8798 
sudan 8796 
sudan's 8796 
sudanese 8796 
suddenly 8714 
suffered 8806 
sufficiently 8714 
sugar 8683 8684 8769 8800 
suggest 8746 
suggests 8746 
suharto 8703 8747 
suisse 8700 8754 8775 
suit 8804 8807 
sumita 8710 8714 
sumitomo 8666 
summer 8743 8792 
suna 8796 
sunday 8675 8688 
sundries 8798 
super-computers 8676 
superhighway 8693 
supervises 8700 
supervision 8752 
supervisory 8752 
supply 8695 8698 8723 8783 8793 8808 
support 8667 8703 8714 8747 8759 8766 8792 
supported 8725 8763 
supports 8743 
supreme 8769 
surfaced 8756 
surpassed 8746 
surplus 8692 8699 8777 8800 
surpluses 8800 
surprised 8677 
surprising 8746 
sustained 8746 
sweden 8695 8761 
swimming 8704 
swiss 8700 8754 
switching 8783 
switzerland 8667 8675 8700 8754 8775 
syndicated 8787 
system 8677 8678 8693 8698 8710 8725 8743 8751 8755 8763 8766 8772 8800 
system-based 8792 
systems 8698 8708 8751 8766 8772 8783 8792 8799 
tackle 8796 
taipei 8692 8699 
taiwan 8692 8699 
takeover 8761 
takes 8689 8728 8734 8760 8764 
talk 8714 
talks 8669 8676 8679 8689 8703 8707 8725 8769 8796 
tallow 8744 
tanis 8771 
tanjug 8727 
tanker 8675 
tankers 8675 8688 8749 
tap 8755 
target 8681 8688 8696 8723 
targets 8714 8749 
tariff 8692 8699 8765 
tariffs 8667 8676 8725 
tarrif 8747 8765 
task 8675 
taupo 8667 8676 8725 
tax 8668 8677 8702 8717 8743 8746 8765 8777 
taxation 8743 
taxed 8743 
taxes 8743 
teachers 8729 8763 
team 8669 
tecas 8705 
technical 8704 8714 
techniques 8731 
technology 8742 
tehran 8675 8688 
telecom 8698 8783 
telecommunications 8695 8698 
telegraph 8792 
telephone 8769 8792 
telephoned 8679 
television 8732 8763 
tells 8758 
temporarily 8743 
temporary 8774 8800 8802 
tender 8677 8690 8691 8730 8744 8778 
tendering 8698 8778 
tenn. 8711 
tension 8688 
tentative 8707 
term 8668 8725 
termed 8723 8747 
terminate 8711 8778 
terminated 8691 8720 
termination 8750 
terms 8746 8783 
test 8688 8696 8714 8721 
test-fired 8688 8696 
tests 8721 
thailand 8683 
thatcher 8679 
thc 8791 
theme 8693 
things 8743 
thirdly 8667 
thorn 8698 
thought 8700 
thousands 8727 
threat 8675 
threaten 8675 8688 8727 
threatened 8714 8727 8729 8763 
three-day 8747 
three-for-one 8722 
three-for-two 8791 8797 
threshholds 8704 
thriving 8796 
throwing 8769 
thundershowers 8705 
thursday 8677 8711 
thwarted 8756 
tiffany 8753 
tiffany-and-co 8753 
time 8667 8670 8714 8725 8739 8756 8784 
times 8751 8763 8773 
timetable 8747 
timmins 8720 
today 8677 8678 8679 8680 8705 8713 8714 8715 8723 8728 8735 8746 8747 8760 8766 8786 8792 8796 8802 
tokyo 8670 8671 8674 8693 8710 8714 8715 8735 8764 
told 8667 8670 8671 8674 8675 8681 8688 8689 8696 8697 8725 8729 8747 8763 8764 8765 8766 8769 8796 
tomorrow 8677 
ton 8757 
tonight 8705 
tonnage 8757 
tonnes 8683 8684 8744 8800 
tons 8757 
tony 8756 
tool 8772 
toronto 8689 8720 8722 8724 8770 8783 
total 8677 8683 8697 8698 8728 8739 8760 8764 8770 8771 8796 
totalled 8683 8684 
touches 8669 
tough 8669 
tourist 8693 
town 8693 
tract 8755 
trade 8667 8671 8676 8692 8699 8703 8713 8714 8725 8746 8747 8752 
traded 8753 
trader 8769 
traders 8752 
trading 8668 8700 8702 8725 8748 8752 8761 8802 
transaction 8704 8711 8782 
transactions 8700 8773 
transferred 8700 
transmitted 8721 
transnational 8716 
transparent 8789 
transport 8743 8755 8795 
transportation 8706 
travelers 8705 
treasuries 8786 
treasury 8714 8804 
treated 8679 
treaty 8700 
tregurtha 8795 
tremor 8715 
trend 8671 
trends 8799 
triangle 8704 
triggered 8727 
trmw 8704 
troops 8727 
tropical 8702 
troubles 8729 8763 8796 
trsl 8716 
trust 8669 8769 
turn 8671 
turnover 8743 
twelve 8708 
twenty-three 8796 
two-day 8676 
two-for-five 8761 
two-for-one 8768 8784 
two-year 8783 
type= 8673 8701 8709 8758 8762 8775 8779 8790 8801 
typical 8666 
u.k 8668 8678 8707 8728 8760 
u.k. 8668 8702 8707 8748 8756 8777 
u.s 8675 8676 8686 8692 8699 8700 8701 8706 8746 8749 8759 8765 
u.s. 8666 8670 8674 8675 8676 8688 8689 8697 8700 8705 8706 8710 8714 8719 8725 8735 8744 8746 8749 8752 8759 8765 8783 8796 8807 
u.s.-japan 8676 
u.s.-japanese 8676 
uk 8668 8678 8679 8683 8685 8687 8697 8698 8702 8707 8714 8728 8748 8749 8760 8777 8803 
umbrella 8752 
unanimously 8685 
uncertain 8735 
unchanged 8684 
undercut 8774 
underlying 8710 
undermining 8714 
undersecretary 8669 
understanding 8693 
understandng 8666 
understands 8765 
undervalues 8685 
underwoods 8707 
underwriter 8805 
underwriters 8718 8753 
underwriting 8668 8682 8687 8782 8803 
unemployment 8681 
uneven 8746 
unexpectedly 8716 
unfunded 8774 
unhappy 8714 
union 8727 8729 8763 8769 
unissued 8691 
unit 8666 8689 8711 8717 8721 8732 8754 8755 8774 8782 8786 8795 8805 
united 8676 8700 8714 8746 8748 
units 8704 8746 8762 8795 8800 8805 
universal 8714 
university 8729 8763 
unix 8792 
unproc 8775 
unreseved 8691 
unrest 8727 
unsecured 8682 
unsolicited 8685 
unsubordinated 8682 
unsure 8676 
untied 8747 
unusually 8800 
unwelcome 8685 
unwillingness 8676 
upheld 8807 
upturn 8671 
urban 8743 
urged 8747 
uruguay 8667 8676 8725 
usda 8759 
users 8772 8792 
ussr 8683 8686 
valid 8743 8744 
vallen 8750 
valley 8705 
valn 8750 
valuation 8706 
valued 8689 8698 8704 
values 8756 
van 8752 8805 
vancouver 8719 
variety 8792 
varying 8686 8743 
vaskevitch 8700 8775 
vat 8743 
vax 8766 
vendors 8766 
venture 8707 8780 8781 
ventures 8743 
verge 8714 
versions 8751 
vessels 8675 8744 
vice 8692 8699 8780 
victor 8742 
view 8667 8711 8721 
viewed 8756 
views 8685 
violated 8782 
violations 8807 
virtual 8751 
visit 8675 8679 8747 
visitors 8693 8796 
vital 8752 
voice 8752 
voiced 8667 8747 
volatile 8746 
volume 8716 8746 
volv.st 8761 
volvo 8761 
vote 8704 
voted 8768 
votes 8768 
w.f 8781 
wage 8743 8746 
wage-freeze 8727 
wages 8727 
wait 8676 
waive 8778 
waiver 8778 
walsh 8771 
walt 8693 
wan 8772 
wang 8772 
wanted 8667 8714 8771 
war 8675 8749 
warned 8688 8749 
warning 8705 8714 8715 
warnings 8705 
warns 8749 
warrants 8704 8770 8780 
warships 8675 8688 8749 
washington 8675 8692 8699 8706 8734 8744 8746 8749 8759 8771 
waste 8691 
watchdog 8752 
watches 8705 
water 8755 
waterhouse 8666 
waterway 8749 
wave 8715 8727 
waving 8763 
wayne 8784 
weak 8746 
weaker 8746 
weapon 8723 
weather 8705 
wednesday 8705 
week 8669 8675 8677 8679 8688 8700 8746 8765 8769 8782 8806 
weekend 8669 
weekly 8743 
weeks 8738 8763 
welcomed 8667 
wells 8755 
welsh 8709 8711 
west 8670 8675 8679 8684 8705 8710 8714 8715 8746 8754 8783 8806 
west-germany 8677 8679 8684 8714 8806 
western 8686 8705 8715 8717 8747 8796 
westerterp 8752 
westpac 8730 
wheat 8759 
white 8675 
whites 8683 
wholesale 8694 
wholly 8777 8782 
wide 8679 8749 
widened 8692 8699 
widepread 8714 
widespread 8705 
wife 8769 
william 8675 
williams 8685 
window-dressing 8714 
winds 8705 
windy 8705 
wins 8695 8697 
winter 8705 8800 
withdrawal 8690 8691 
withdrawn 8743 8769 
wives 8679 
wluk.l 8707 
wmx 8691 
woburn 8807 
wood 8718 
woolworth 8707 
work 8716 8729 8755 8763 8766 8769 
worked 8680 
workers 8727 8729 8743 8763 8796 
workforce 8743 
working 8729 8763 
world 8667 8686 8693 8703 8747 8749 8764 
world's 8747 
worldbank 8703 8747 8764 
worse 8686 
worsened 8746 
worth 8695 8698 
worthwhile 8725 
wound 8789 
wounds 8789 
wpi 8694 
wqith 8738 
wrinkles 8669 
writeoffs 8761 
writethrough 8727 
wrong 8782 
wrote 8769 
wsam 8772 
xoma 8776 
year-ago 8799 
year-end 8716 
year-on-year 8726 
year-round 8693 
year-to-year 8799 
years 8667 8693 8703 8704 8725 8746 8747 8757 8769 8786 
yen 8666 8670 8671 8710 8714 8735 8764 
yesterday 8675 8676 8677 8679 8681 8685 8690 8730 8743 8749 8759 8778 8796 
yeutter 8676 8714 8725 
yhty.he 8787 
yield 8786 
yielded 8761 
yielding 8786 
yokohama 8715 
york 8669 8689 8690 8691 8700 8716 8730 8731 8732 8735 8751 8753 8769 8771 8774 8786 8792 8802 8805 
yugoslav 8727 
yugoslavia 8727 
zaire 8796 
zealand 8667 8676 8725 
zero-rated 8743 
zialcita 8669 
zurich 8700 8754 8775 
