'll 16306 
*** 16281 
****** 16243 16260 16276 16280 16291 16293 16296 16298 16302 16303 16305 16308 16328 16372 16406 
-1 16263 
-1/2 16341 
-1st 16385 
-1st-qt 16269 
-3rd 16360 
-4th 16284 16301 
-ch 16240 
-cites 16312 
-crazy 16409 
-crazy-edd 16409 
-div 16403 
-elects-c 16326 
-fo 16278 
-has-higher 16264 
-i 16343 
-in-ag 16408 
-michi 16375 
-net-hu 16367 
-newworld 16277 
-not-req 16333 
-predict 16252 
-r 16304 
-reports-fin 16247 
-romania-gra 16359 
-s 16332 
-says 16272 
-sets-sp 16300 
-studying-bo 16398 
-to-con 16306 
-to-redeem-a 16313 
-u 16273 
-unit-aud 16354 
-unit-to 16325 
/author 16249 16292 16358 
0.1 16270 16286 16310 
0.3 16270 16314 
0.4 16281 16310 
0.5 16314 16382 
0.50 16289 
0.57 16315 
0.71 16315 
0007 16260 
0008 16372 
0009 16291 
0010 16276 16303 
0012 16280 16305 
0013 16243 16293 16296 16298 
0014 16281 
0015 16302 16308 16328 16406 
0024 16390 16401 
0025 16263 
0026 16299 
0027 16386 16388 
0029 16269 
0031 16385 
0032 16288 16319 16376 
0033 16387 16393 
0035 16392 
0037 16300 
0038 16294 16362 
0039 16289 
0040 16317 
0041 16337 16374 16380 16394 
0042 16297 16360 
0044 16405 
0045 16396 
0046 16304 
0047 16266 16311 16400 
0048 16407 
0050 16338 
0051 16356 
0052 16363 
0053 16244 16325 16348 
0056 16284 
0057 16279 
0059 16285 16350 16371 
0060 16247 16351 
0061 16329 16377 
0063 16255 16365 
0065 16250 
0067 16278 
0068 16240 16262 16275 16324 16373 
0069 16384 
0070 16327 16379 
0073 16277 
0075 16259 16272 16322 16404 
0076 16343 
0079 16274 16345 
0080 16252 16283 16287 16313 
0081 16342 
0082 16246 16295 
0083 16301 16346 
0084 16315 16347 
0085 16314 16398 
0086 16258 16331 16403 
0087 16267 
0088 16282 16309 16402 
0089 16378 16381 
0090 16352 
0092 16339 
0093 16326 16349 
0094 16270 16306 16333 16344 
0095 16334 
0096 16323 16341 
0097 16264 16310 16366 
0098 16382 
0099 16265 16355 16357 
0100 16268 16321 16391 
0102 16290 
0103 16249 16261 16318 16335 
0104 16307 16408 
0105 16248 16273 16292 16370 16397 
0106 16251 16320 16358 
0107 16256 16316 16375 
0108 16368 
0109 16312 16361 
0110 16330 16336 16340 16353 
0111 16271 16286 16364 16383 16395 16409 
0112 16389 
0113 16359 16399 
0114 16245 16354 16369 
0115 16254 16367 
0117 16332 
0127 16257 
0133 16242 
0136 16253 
0174 16241 
04-13 16240 16241 16242 16243 16244 16245 16246 16247 16248 16249 16250 16251 16252 16253 16254 16255 16256 16257 16258 16259 16260 16261 16262 16263 16264 16265 16266 16267 16268 16269 16270 16271 16272 16273 16274 16275 16276 16277 16278 16279 16280 16281 16282 16283 16284 16285 16286 16287 16288 16289 16290 16291 16292 16293 16294 16295 16296 16297 16298 16299 16300 16301 16302 16303 16304 16305 16306 16307 16308 16309 16310 16311 16312 16313 16314 16315 16316 16317 16318 16319 16320 16321 16322 16323 16324 16325 16326 16327 16328 16329 16330 16331 16332 16333 16334 16335 16336 16337 16338 16339 16340 16341 16342 16343 16344 16345 16346 16347 16348 16349 16350 16351 16352 16353 16354 16355 16356 16357 16358 16359 16360 16361 16362 16363 16364 16365 16366 16367 16368 16369 16370 16371 16372 16373 16374 16375 16376 16377 16378 16379 16380 16381 16382 16383 16384 16385 16386 16387 16388 16389 16390 16391 16392 16393 16394 16395 16396 16397 16398 16399 16400 16401 16402 16403 16404 16405 16406 16407 16408 16409 
09:22:25.18 16241 
09:23:06.03 16242 
09:23:42.70 16243 
09:24:44.66 16244 
09:26:41.77 16245 
09:29:35.89 16246 
09:30:39.91 16247 
09:33:32.56 16248 
09:33:57.92 16249 
09:34:50.98 16250 
09:35:03.92 16251 
09:35:24.05 16252 
09:36:10.14 16253 
09:38:21.27 16254 
09:40:41.34 16255 
09:41:11.29 16256 
09:44:15.93 16257 
09:45:24.99 16258 
09:46:37.92 16259 
09:46:44.99 16260 
09:47:05.18 16261 
09:47:12.32 16262 
09:47:21.31 16263 
09:47:32.32 16264 
09:47:47.17 16265 
09:48:04.25 16266 
09:49:06.41 16267 
09:51:06.84 16268 
09:51:57.18 16269 
09:53:33.73 16270 
09:55:07.99 16271 
09:58:11.67 16272 
09:58:41.79 16273 
09:58:49.29 16274 
09:58:56.29 16275 
09:59:27.06 16276 
1,000 16321 16358 
1,000-franc 16329 
1,023,000 16346 
1,173,000 16374 
1,177 16402 
1,309,000 16337 16369 
1,379.00 16316 
1,404,866 16307 
1,496,000 16301 
1,500,000 16307 
1,533,273 16347 
1,623 16402 
1,700 16357 
1,732,00 16369 
1,747,000 16371 
1,785 16248 
1,855,000 16244 
1,879,000 16299 16386 
1,915,000 16377 
1,930,000 16284 
1,930,500 16395 
1,977,000 16342 
1-1/2 16268 16321 
1-1/4 16290 
1-3/4 16267 
1.0 16284 16310 
1.02 16246 16264 
1.04 16315 16367 
1.07 16350 
1.1 16275 16332 16361 16368 16400 
1.1-mln-member 16242 
1.10 16246 
1.11 16360 
1.12 16269 16336 16350 
1.15 16246 
1.16 16284 
1.163 16277 
1.2 16277 16309 16350 16405 
1.22 16367 
1.23 16284 
1.25 16381 
1.3 16350 16354 16361 
1.30 16246 16264 
1.34 16246 16264 
1.35 16367 
1.4 16275 16307 16360 16361 16368 
1.40 16246 
1.5 16262 16326 16360 16361 16367 16383 16399 
1.50 16367 
1.51 16291 16294 16312 
1.58 16303 16315 
1.6 16307 16350 
1.62 16291 16294 16312 
1.65 16246 16264 
1.7 16400 
1.74 16367 
1.75 16312 
1.77 16246 
1.8 16264 16348 16350 
1.80 16380 
1.83 16246 16264 
1.9 16277 
1.93 16303 16315 
1.94 16256 
1.95 16246 
1/10 16362 
1/2 16321 
1/8 16307 
10,000 16244 16309 16321 
10,968 16248 
10-year 16329 
10.13 16246 16264 
10.2 16357 16376 16378 
10.53 16249 16306 16333 16352 16358 
10.68 16246 16264 
100,000 16327 16370 16408 
1000 16355 
101-7/8 16290 
101.4 16378 
102,629,000 16315 
102.6 16367 
103.79 16313 
1039 16358 
107,000 16348 
108,000 16266 
108.4 16252 
108.6 16343 
10:00:12.04 16277 
10:00:46.12 16278 
10:05:52.85 16279 
10:07:38.07 16280 
10:07:58.33 16281 
10:09:26.96 16282 
10:10:26.92 16283 
10:10:36.61 16284 
10:11:55.28 16285 
10:12:19.47 16286 
10:12:37.49 16287 
10:12:41.61 16288 
10:14:49.88 16289 
10:16:43.23 16290 
10:16:56.34 16291 
10:19:08.15 16292 
10:25:09.97 16293 
10:28:07.22 16294 
10:29:40.43 16295 
10:30:12.57 16296 
10:30:34.14 16297 
10:30:47.13 16298 
10:31:21.46 16299 
10:31:27.03 16300 
10:31:45.39 16301 
10:32:05.60 16302 
10:33:54.58 16303 
10:34:16.19 16304 
10:35:45.84 16305 
10:36:11.97 16306 
10:37:20.29 16307 
10:37:32.31 16308 
10:38:49.68 16309 
10:39:40.04 16310 
10:40:44.61 16311 
10:40:53.83 16312 
10:42:50.14 16313 
10:43:31.53 16314 
10:43:42.82 16315 
10:46:40.29 16316 
10:46:45.49 16317 
10:47:19.49 16318 
10:47:55.93 16319 
10:50:19.55 16320 
10:50:54.08 16321 
10:52:07.05 16322 
10:52:30.00 16323 
10:54:46.76 16324 
10:56:28.49 16325 
10:57:23.51 16326 
10:57:41.71 16327 
10:57:43.98 16328 
10:58:31.71 16329 
11,690,000 16337 
11.1 16248 16346 
11.2 16346 
11.3 16275 
11.4 16282 
11.47 16315 
11.5 16346 
11.8 16332 
11.9 16284 
110.8 16252 
111,000 16265 
111.7 16317 
112,000 16244 
112.3 16377 
114.2 16399 
115,000 16275 
118.25 16395 
119.4 16363 
11:00:47.15 16330 
11:04:04.46 16331 
11:05:08.29 16332 
11:06:44.77 16333 
11:08:07.60 16334 
11:08:58.96 16335 
11:09:07.61 16336 
11:09:22.90 16337 
11:09:32.23 16338 
11:10:01.27 16339 
11:10:50.70 16340 
11:11:53.75 16341 
11:12:30.36 16342 
11:13:04.91 16343 
11:13:37.25 16344 
11:13:44.69 16345 
11:13:51.46 16346 
11:14:04.69 16347 
11:14:13.31 16348 
11:14:21.05 16349 
11:14:25.88 16350 
11:15:00.92 16351 
11:15:47.79 16352 
11:16:14.91 16353 
11:16:42.72 16354 
11:17:03.46 16355 
11:17:26.46 16356 
11:18:05.22 16357 
11:18:16.68 16358 
11:19:05.84 16359 
11:19:46.99 16360 
11:19:54.97 16361 
11:19:58.81 16362 
11:20:25.64 16363 
11:21:40.05 16364 
11:23:12.75 16365 
11:27:56.34 16366 
11:34:27.74 16367 
11:34:35.50 16368 
11:36:44.95 16369 
11:36:57.63 16370 
11:38:24.16 16371 
11:38:28.28 16372 
11:38:41.49 16373 
11:39:16.90 16374 
11:39:33.93 16375 
11:39:37.26 16376 
11:39:42.68 16377 
11:39:51.19 16378 
11:40:34.72 16379 
11:42:21.13 16380 
11:43:44.30 16381 
11:44:07.30 16382 
11:48:02.67 16383 
11:48:29.41 16384 
11:48:51.50 16385 
11:50:33.45 16386 
11:50:46.76 16387 
11:50:55.25 16388 
11:51:49.49 16389 
11:52:34.74 16390 
11:53:00.90 16391 
11:53:06.40 16392 
11:53:13.80 16393 
11:53:22.16 16394 
11:53:56.08 16395 
11:54:06.24 16396 
11:54:20.97 16397 
11:54:49.93 16398 
11:55:09.50 16399 
11:56:09.65 16400 
11:59:44.18 16401 
12,000 16264 
12-7/8 16352 
12.0 16284 
12.1 16264 16376 
12.5 16248 16264 
12.7 16388 
120,000 16255 
121.9 16363 
124,000 16255 
125,000 16261 16265 
125.9 16377 
126,000 16255 
129,000 16301 
129.3 16367 
12:00:00.98 16402 
12:01:41.53 16403 
12:02:01.58 16404 
12:03:39.01 16405 
12:05:54.02 16406 
12:06:16.90 16407 
12:07:52.96 16408 
12:08:12.07 16409 
13-1/4s 16358 
13-3/4 16325 
13-5/8s 16358 
13-apr-1987 16241 16242 16243 16244 16245 16246 16247 16248 16249 16250 16251 16252 16253 16254 16255 16256 16257 16258 16259 16260 16261 16262 16263 16264 16265 16266 16267 16268 16269 16270 16271 16272 16273 16274 16275 16276 16277 16278 16279 16280 16281 16282 16283 16284 16285 16286 16287 16288 16289 16290 16291 16292 16293 16294 16295 16296 16297 16298 16299 16300 16301 16302 16303 16304 16305 16306 16307 16308 16309 16310 16311 16312 16313 16314 16315 16316 16317 16318 16319 16320 16321 16322 16323 16324 16325 16326 16327 16328 16329 16330 16331 16332 16333 16334 16335 16336 16337 16338 16339 16340 16341 16342 16343 16344 16345 16346 16347 16348 16349 16350 16351 16352 16353 16354 16355 16356 16357 16358 16359 16360 16361 16362 16363 16364 16365 16366 16367 16368 16369 16370 16371 16372 16373 16374 16375 16376 16377 16378 16379 16380 16381 16382 16383 16384 16385 16386 16387 16388 16389 16390 16391 16392 16393 16394 16395 16396 16397 16398 16399 16400 16401 16402 16403 16404 16405 16406 16407 16408 16409 
13-week 16298 
13.0 16311 16399 
13.2 16371 
13.3 16367 16371 
13.5 16301 
13.6 16357 
13.7 16354 16388 
13.8 16294 16311 16399 
136.5 16307 
14,500,737 16317 
14.9 16278 
141-160 16274 
146,000 16265 
146.5 16367 
149,177,857 16258 
14th 16389 
15-member 16357 
15.1 16346 
15.19 16315 
15.3 16248 16311 16399 
15.5 16294 
1515 16334 
152.4 16363 
152.9 16343 
155.4 16363 
159.8 16301 
16,000 16244 
16,889,254 16317 
16.6 16282 
161-182 16274 
16241 16241 
16242 16242 
16243 16243 
16244 16244 
16245 16245 
16246 16246 
16247 16247 
16248 16248 
16249 16249 
16250 16250 
16251 16251 
16252 16252 
16253 16253 
16254 16254 
16255 16255 
16256 16256 
16257 16257 
16258 16258 
16259 16259 
16260 16260 
16261 16261 
16262 16262 
16263 16263 
16264 16264 
16265 16265 
16266 16266 
16267 16267 
16268 16268 
16269 16269 
16270 16270 
16271 16271 
16272 16272 
16273 16273 
16274 16274 
16275 16275 
16276 16276 
16277 16277 
16278 16278 
16279 16279 
16280 16280 
16281 16281 
16282 16282 
16283 16283 
16284 16284 
16285 16285 
16286 16286 
16287 16287 
16288 16288 
16289 16289 
16290 16290 
16291 16291 
16292 16292 
16293 16293 
16294 16294 
16295 16295 
16296 16296 
16297 16297 
16298 16298 
16299 16299 
16300 16300 
16301 16301 
16302 16302 
16303 16303 
16304 16304 
16305 16305 
16306 16306 
16307 16307 
16308 16308 
16309 16309 
16310 16310 
16311 16311 
16312 16312 
16313 16313 
16314 16314 
16315 16315 
16316 16316 
16317 16317 
16318 16318 
16319 16319 
16320 16320 
16321 16321 
16322 16322 
16323 16323 
16324 16324 
16325 16325 
16326 16326 
16327 16327 
16328 16328 
16329 16329 
16330 16330 
16331 16331 
16332 16332 
16333 16333 
16334 16334 
16335 16335 
16336 16336 
16337 16337 
16338 16338 
16339 16339 
16340 16340 
16341 16341 
16342 16342 
16343 16343 
16344 16344 
16345 16345 
16346 16346 
16347 16347 
16348 16348 
16349 16349 
16350 16350 
16351 16351 
16352 16352 
16353 16353 
16354 16354 
16355 16355 
16356 16356 
16357 16357 
16358 16358 
16359 16359 
16360 16360 
16361 16361 
16362 16362 
16363 16363 
16364 16364 
16365 16365 
16366 16366 
16367 16367 
16368 16368 
16369 16369 
16370 16370 
16371 16371 
16372 16372 
16373 16373 
16374 16374 
16375 16375 
16376 16376 
16377 16377 
16378 16378 
16379 16379 
16380 16380 
16381 16381 
16382 16382 
16383 16383 
16384 16384 
16385 16385 
16386 16386 
16387 16387 
16388 16388 
16389 16389 
16390 16390 
16391 16391 
16392 16392 
16393 16393 
16394 16394 
16395 16395 
16396 16396 
16397 16397 
16398 16398 
16399 16399 
16400 16400 
16401 16401 
16402 16402 
16403 16403 
16404 16404 
16405 16405 
16406 16406 
16407 16407 
16408 16408 
16409 16409 
166.6 16301 
169,000 16311 
17.0 16247 
17.1 16263 
17.6 16282 
17.7 16275 16311 16360 16399 
172,000 16348 
174.5 16283 
175,000 16364 
18.1 16264 16307 
18.5 16342 16402 
18.7 16320 
180,000 16348 
180-200 16274 
1800 16245 
183-200 16274 
185,003 16400 
19-1/4 16278 
19.06 16324 
19.2 16266 
19.5 16307 
19.50 16314 
19.51 16324 
19.6 16282 
19.7 16350 16361 16368 
19.75 16314 
19.8 16266 
19.86 16324 
19.9 16398 
1970 16371 
1977/78 16268 
1979/81 16268 
1981 16292 
1982 16361 
1984 16249 16352 16354 
1985 16249 16301 16320 16332 16352 16354 16357 16369 16371 16402 
1986 16264 16266 16278 16282 16283 16292 16297 16301 16316 16324 16336 16343 16345 16354 16355 16357 16359 16360 16361 16363 16365 16367 16368 16369 16371 16374 16377 16378 16399 16402 16405 
1987 16264 16268 16275 16278 16283 16313 16315 16319 16320 16336 16345 16354 16357 16360 16367 16369 16399 
1987-88 16381 
1987-october 16316 
1988 16278 16316 16332 16344 
1989 16309 16344 16364 
1991 16358 16364 
1992 16309 16318 16341 16408 
1994 16290 16309 16358 
1997 16254 16325 
1999 16254 16358 
1st 16246 16260 16263 16266 16269 16283 16291 16294 16297 16299 16303 16311 16315 16317 16319 16324 16337 16342 16347 16363 16365 16374 16376 16380 16385 16386 16388 16405 
1st-qtr 16399 
2,003,000 16311 
2,028,000 16299 16386 
2,033,881 16376 
2,104,462 16347 
2,151,000 16385 
2,154,000 16342 
2,256,000 16377 
2,312,000 16319 
2,439,000 16385 
2,445,000 16342 
2,452,420 16347 
2,483,000 16365 
2,499,000 16374 16405 
2,511,000 16339 16342 
2,557,000 16346 
2,666,278 16388 
2,733,000 16339 16342 
2,750 16316 
2,823,000 16297 
2,855,966 16376 
2,891,844 16388 
2-1/2 16322 16329 
2-for-1 16360 
2.0 16275 16373 
2.06 16380 
2.1 16275 
2.12 16301 
2.13 16256 16257 
2.135 16280 16309 
2.2 16314 
2.39 16367 
2.4 16361 
2.42 16380 
2.5 16248 16249 16313 16314 
2.6 16348 
2.62 16380 
2.7 16275 16397 
2.78 16357 
2.8 16361 
2.87 16301 
2.95 16248 
20,617 16400 
20.0 16263 
20.10 16314 16406 
20.75 16314 
20.9 16294 
200-franc 16329 
2002 16321 
2005 16370 
201-274 16274 
201-360 16274 
203,000 16265 16365 
21,000 16265 
21.5 16342 
21.60 16324 
21.85 16314 
21.9 16367 
2100 16245 
22-tanker 16366 
22.50 16314 
22.8 16264 
23.1 16361 16368 
23.2 16350 
23.8 16294 
24.48 16250 
240,000 16364 
242.3 16343 
248,419 16376 
25,000 16327 
25.6 16295 
25.9 16378 
257.4 16343 
26.2 16367 
26.6 16360 
260,000 16360 
27.0 16289 16367 
27.15 16324 
27.16 16324 
274,000 16265 
275-290 16274 
28,000 16346 
28-3/8 16352 
28-day 16381 
28.6 16294 16312 
280,000 16255 
281.8 16283 
29.5 16299 16386 
29.6 16262 
291-360 16274 
294,000 16255 
2nd 16244 16275 16342 16348 
3,000 16242 
3,192,700 16378 
3,216,000 16297 
3,267,000 16301 
3,299,000 16371 
3,300,000 16371 
3,340,000 16284 
3,508,000 16365 
3,960,000 16385 
3-1/2 16352 
3.0 16270 16360 
3.1 16248 16277 
3.2 16270 
3.25 16328 
3.3 16361 
3.4 16361 16368 
3.6 16360 16400 
3.61 16357 16367 
3.9 16270 16361 
3.96 16367 
30,000 16327 
30-140 16274 
30-179 16274 
30.0 16263 
30.3 16263 
30.4 16294 16312 
30.8 16378 
30.9 16378 
300,000 16255 
301,820 16376 
303,000 16255 
308.9 16284 
309,000 16365 
313.9 16284 
315,000 16348 
315.2 16336 
32.1 16299 16386 
32.2 16307 
32.6 16249 
32.9 16312 
33.0 16351 
33.1 16295 
33.12 16250 
33.14 16315 
331,000 16371 
333,000 16244 
336.5 16336 
34.19 16408 
34.3 16378 
35.0 16382 
35.3 16377 
35.4 16354 
36.7 16307 
369,000 16265 
37.7 16342 
37.8 16342 
37.9 16367 
38.2 16377 
38.20 16315 
38.4 16332 16378 
38.6 16283 
38.76 16315 
380,000 16318 
39.68 16315 
391,000 16284 
3rd 16350 16360 16377 
4,000 16362 
4,321,376 16371 
4,417,000 16337 
4,418,718 16347 
4,500,000 16307 
4,504,000 16369 
4,573,200 16378 
4,609,613 16347 
4,661,000 16374 16405 
4,675,904 16347 
4,744,248 16347 
4,782,000 16385 
4,895,788 16371 
4,896,000 16284 
4,943,966 16347 
4,951,177 16371 
4-3/4 16290 
4.2 16270 16348 16361 
4.23 16398 
4.3 16367 
4.4 16348 
4.5 16361 16400 
4.64 16250 
4.7 16266 
4.9 16399 
40.8 16378 
400,000 16339 
403,000 16365 
404,000 16265 
41.6 16378 
415.9 16367 
42.9 16297 
43.2 16378 
44.5 16346 
44.6 16378 
440.2 16250 
441,659 16350 
448,000 16346 
45,000 16327 
45-1/2 16307 
459,000 16346 
46.1 16382 
47.1 16301 
47.9 16297 
470,778 16347 
471.3 16367 
476.4 16367 
48,000 16346 
48.2 16283 
48.50 16398 
488.9 16367 
49,156,828 16315 
49-1/4 16398 
49.5 16371 
4th 16284 16301 16346 16371 16400 
5,000 16309 
5,139,415 16347 
5,148,318 16371 
5,271,000 16337 
5,427,486 16347 
5,427,561 16347 
5,808,000 16377 
5-1/2 16321 
5-3/4 16321 
5.00 16274 
5.3 16266 
5.5 16264 
5.8 16250 
5.924,000 16317 
5/8 16290 
50,831,512 16315 
50.2 16269 16336 16371 
500,000 16353 
51,000 16346 
53,000 16346 
53.2 16346 
53.5 16283 
53.8 16382 
536,000 16360 
54-1/2 16401 
550,000 16363 16365 
553,000 16365 
559,000 16371 
56.1 16307 
57-1/2 16401 
57.95 16315 
59.8 16240 
594.3 16367 
6,474,000 16377 
6,705,000 16339 16342 
6,803 16370 
6-1/2 16331 16383 
6-7/16 16331 
6.08 16274 
6.10 16246 
6.13 16274 
6.17 16274 
6.18 16274 
6.2 16248 
6.35 16331 
6.5 16275 16282 
6.50 16246 
6.6 16392 
6.8 16249 16350 16361 
6.9 16392 
60.0 16252 
60.4 16301 
60.7 16367 
600,000 16318 
600e 16344 
604.6 16246 
61.04 16315 
61.5 16269 16336 
615.6 16246 
617,000 16363 
63.5 16309 
638,000 16365 
64,000 16301 
660,000 16371 
663,000 16301 16374 16405 
67,819,000 16324 
672.6 16367 
68.3 16343 
687,888 16350 
689,561 16266 
695,000 16360 
698,132 16248 
699,000 16400 
7,215,000 16284 
7,300 16370 
7,832,800 16378 
7-1/2 16304 16407 
7-1/4 16267 16304 
7-3/4 16407 
7.1 16393 
7.19 16248 
7.36 16298 
7.39 16298 
7.4 16270 16348 
7.8 16360 16396 
7.88 16250 
7.9 16350 
7/8 16249 16398 
703.9 16324 
71,000 16265 
71.3 16252 
74,000 16244 
759.7 16324 
775,000 16371 
78,457 16248 
784,088 16266 
79-3/8 16352 
79.6 16375 
8,176,000 16380 
8,500 16402 
8,724,000 16337 
8,869,000 16380 
8,873,000 16284 
8.1 16248 16370 
8.2 16354 
8.4 16312 16323 16358 
8.5 16323 
8.57 16264 
8.6 16395 
8.9 16370 
80.6 16378 
813,000 16301 
819,000 16371 
82,416,000 16324 
82.5 16278 
82.9 16360 
83.8 16367 
832,222 16248 
84,807,498 16324 
84.7 16363 
840.5 16250 
85.0 16317 
851,000 16275 
86,220,000 16315 
86.2 16367 
86.5 16367 
86.8 16343 
86.9 16360 
87.2 16367 
883,000 16348 16400 
9,098,000 16317 
9,338,590 16347 
9,346,483 16347 
9,837,000 16301 
9,849 16248 
9-11/16 16251 
9-13/16 16251 
9.3 16247 
9.4 16250 
9.5 16282 
9.61 16264 
9.8 16275 
90,000 16244 
90.3 16385 
900,000 16279 16301 16307 
91.7 16399 
911,000 16339 16342 
92.5 16399 
92.8 16363 
925,000 16244 
937,000 16337 16369 
94.8 16399 
941.5 16250 
944,000 16319 
95.3 16269 
96.8 16385 
960.8 16269 16336 
98,369,307 16324 
98.2 16367 
99.4 16269 
`` 16240 16242 16245 16249 16254 16257 16261 16264 16268 16273 16277 16278 16292 16306 16332 16336 16343 16352 16354 16357 16358 16366 16369 16381 16389 16397 16402 
a-1 16340 
a. 16326 
aa-1 16340 
aa-3 16340 
aaa 16330 
abal-khail 16292 
abandoned 16381 
abbington 16363 
abbk.o 16363 
abha 16292 
abide 16249 
ability 16256 16340 16379 16389 
abington 16363 
abolish 16403 
abolished 16292 
abolition 16292 
abroad 16292 
abused 16306 
accept 16245 
accepted 16261 16316 
accepts 16316 
access 16292 16389 
accord 16268 
account 16268 
accounted 16361 
accounting 16361 
accounts 16309 16354 
accrue 16313 
accrued 16313 16325 
accumulated 16249 
acq 16243 16247 16258 16277 16287 16302 16307 16320 16332 16370 16379 16395 16398 16402 16403 16404 16406 16409 
acquire 16249 16258 16286 16287 16326 16352 16391 
acquired 16283 16332 16345 16402 
acquires 16402 
acquiring 16258 
acquisition 16249 16277 16306 16307 16333 16389 16391 16402 16404 
acquisitions 16307 
acr 16390 
acrimonious 16249 
act 16353 16384 
acted 16249 
action 16257 
actions 16256 16264 
active 16335 16356 
actively 16381 
activities 16272 16273 16367 16384 
activity 16268 16271 16306 16335 16343 16356 16361 
acuqired 16283 
add 16331 16383 
added 16249 16253 16264 16273 16306 16335 16353 16357 16358 16361 
adding 16249 16383 
addition 16264 16271 16278 16292 16326 16352 16391 16397 
additional 16307 16316 16332 16336 16370 16381 
adds 16383 
adequate 16249 16257 16359 
adequately 16352 
adjustable 16308 16313 
adjusted 16271 16274 16297 16324 16360 16377 
adjustment 16367 
adjustments 16332 16354 
administration 16253 16357 
administrative 16254 
administrator 16271 
adopt 16292 
advance 16310 
advances 16361 
advantage 16257 16264 16353 
advised 16261 
advisor 16240 
affairs 16254 
affect 16249 16397 
affected 16273 16330 16367 
affects 16249 16305 16397 
afforded 16353 
afg 16317 16395 
afraid 16357 
africa 16403 
african 16403 
after-tax 16367 
afternoon 16251 
ag 16329 
agency 16241 16261 16292 16310 16323 16330 16340 16358 
aggregate 16332 
aggressive 16292 
aghia 16318 
aging 16364 
ago 16248 16255 16278 16292 16335 16356 
agree 16381 
agreed 16277 16306 16318 16333 16349 16358 16366 16379 16381 16404 16408 
agreement 16249 16254 16258 16286 16287 16332 16344 16352 16366 16398 16408 
agreements 16292 16331 16332 16383 
agrees 16302 16381 16406 
agricultural 16271 
agriculture 16271 16316 16359 
ahead 16292 16332 
ahm 16324 
ahmanson 16324 
aid 16292 
aids 16272 
aim 16268 
aimed 16241 16357 
aiming 16282 
airport 16354 
airports 16370 
airways 16378 
ait 16375 
akron 16252 16408 
ala. 16284 16388 
alarm 16292 
albert 16370 
alcd.o 16272 
alcide 16272 
algemene 16355 
ali 16292 
align 16292 
all-out 16256 
allied 16302 16332 
alloted 16381 
allotment 16307 16381 
allotted 16381 
allowance 16367 16399 
allowances 16241 
allowed 16292 16355 
allowing 16408 
allwaste 16348 
alp 16282 
alright 16358 
als 16332 
alto 16278 
alum 16318 16320 
alumina 16318 
aluminum 16320 
alws.o 16348 
alza 16321 
am-texaco-analysis 16249 
amended 16344 
amends 16344 
america 16387 16389 16391 
american 16357 16375 
ameritech 16375 
amount 16249 16271 16306 16307 16333 16352 16354 16361 16381 16403 16404 
amounts 16283 16312 
amp 16341 16397 
ample 16249 
amsterdam 16355 
analysis 16261 
analyst 16249 16352 16358 
analysts 16249 16306 16358 16398 
angeles 16324 16345 
angell 16390 
anibal 16254 
announce 16354 
announced 16241 16253 16256 16264 16278 16309 16316 16357 
announcement 16357 
announcements 16264 16336 
announces 16253 16357 
announcing 16247 
annual 16249 16252 16262 16278 16370 16402 
annualised 16282 
annually 16249 16267 16364 
anticipate 16249 
anticipated 16371 
anticipates 16330 
anticipating 16245 
apartheid 16403 
appeal 16249 16296 16306 16333 16358 
appealed 16249 
appealing 16352 
appeals 16249 16306 16333 
appeared 16249 16359 
appears 16290 
appetite 16241 
apples 16253 16357 
applied 16381 
appointed 16240 16306 
approach 16272 
approached 16389 
approval 16245 16253 16257 16262 16278 16287 16357 16375 16379 
approve 16389 
approved 16306 16389 
approximately 16326 16397 
april 16240 16241 16242 16244 16245 16246 16247 16248 16249 16250 16251 16252 16253 16254 16255 16256 16257 16258 16259 16261 16262 16263 16264 16265 16266 16267 16268 16269 16270 16271 16272 16273 16274 16275 16277 16278 16279 16282 16283 16284 16285 16286 16287 16288 16289 16290 16292 16294 16295 16297 16299 16300 16301 16304 16306 16307 16309 16310 16311 16312 16313 16314 16315 16316 16317 16318 16319 16320 16321 16322 16323 16324 16325 16326 16327 16329 16330 16331 16332 16333 16334 16335 16336 16337 16338 16339 16340 16341 16342 16343 16344 16345 16346 16347 16348 16349 16350 16351 16352 16353 16354 16355 16356 16357 16358 16359 16360 16361 16362 16363 16364 16365 16366 16367 16368 16369 16370 16371 16373 16374 16375 16376 16377 16378 16379 16380 16381 16382 16383 16384 16385 16386 16387 16388 16389 16390 16391 16392 16393 16394 16395 16396 16397 16398 16399 16400 16401 16402 16403 16404 16405 16407 16408 16409 
aquisition 16332 
arab 16366 
arabia 16292 16362 
arabian 16292 
arbitrage 16353 
area 16358 16382 
arguing 16292 
arguments 16306 
arizona 16332 
ark. 16332 
armonk 16246 16264 
arms 16366 
arose 16352 
arrange 16383 
arranged 16353 
arrangement 16254 16349 16381 
arrangements 16250 
arranges 16353 
arranging 16331 
arrival 16327 
arrivals 16265 
arrow 16287 
arthritis 16259 
articles 16248 
asarco 16289 
ascs 16271 
asked 16253 16257 16271 16306 16357 
assay 16248 
assayed 16248 
assess 16340 
assessment 16358 16359 
asset 16397 
assets 16249 16277 16282 16294 16315 16324 16332 16363 16367 16380 
assetsof 16277 
assistance 16251 16285 
associates 16401 
astronomical 16249 
ate 16292 
athens 16318 
attack 16366 
attacked 16366 
attempt 16252 16306 
attorney 16333 16375 
attractiveness 16352 
auction 16292 16328 16381 
auctioned 16381 
auctions 16381 
audit 16354 
august 16365 16387 
auspices 16292 
australian 16339 
author 16249 16292 16358 
authorities 16292 
authority 16251 
authorized 16313 16373 
auto 16242 
automatically 16268 
automobile 16242 16398 
autonomy 16254 
availalbe 16278 
average 16241 16252 16279 16298 16381 
averaged 16331 16359 
avg 16244 16246 16263 16266 16269 16275 16283 16284 16315 16317 16324 16337 16346 16347 16348 16350 16371 16376 16380 16385 
avia 16283 16307 
aviation 16247 
avoid 16268 
aza 16321 
b. 16351 
baboon 16272 
bache 16389 
back 16249 16254 16320 16325 
back-up 16361 
backing 16366 
backlog 16284 16377 
bacterial 16272 
bad 16292 16306 
baggage 16354 
bags 16279 
bahrain 16292 
baine 16249 
baker 16306 
balance 16253 16265 16357 16398 
balancing 16264 
banca 16341 
bancorp 16263 16277 
band 16251 
bank 16240 16250 16251 16268 16274 16277 16282 16285 16291 16292 16294 16304 16305 16307 16311 16312 16319 16328 16329 16332 16340 16341 16353 16355 16363 16374 16381 16397 16399 16405 
banker 16292 
bankers 16292 16304 16306 16407 
banking 16292 16330 16343 16365 16367 16383 
bankruptcy 16249 16273 16306 16323 16333 16352 16358 
banks 16250 16277 16280 16292 16309 16330 16341 
banned 16292 
banque 16267 16330 
bargaining 16242 
barnes 16240 
barrel 16314 
base 16289 16340 16353 16389 
based 16332 16336 16354 16359 
basis 16240 16278 16312 16355 16370 16381 
battle 16249 
baulked 16381 
bay 16286 16364 
bbb 16397 
bc- 16311 16319 16409 
bc-******chemical-new-yo 16303 
bc-******dillard-departm 16302 
bc-******general-nutriti 16293 
bc-******irving-bank-cor 16291 
bc-******ncr-corp-1st-qt 16260 
bc-******p.h.-glatfelter 16243 
bc-******revlon-group-in 16406 
bc-******sears-roebuck-a 16308 
bc-******texaco-inc-appe 16296 
bc-******u.s.-federal-ho 16280 
bc-******u.s.-trust-corp 16372 
bc-/-fed-adds-reserves-v 16383 
bc-/-fed-expected-to-set 16331 
bc-/bankers-trust- 16304 
bc-/chemical-new-york-co 16315 
bc-/ibm- 16264 
bc-/international-busine 16246 
bc-/mellon-bank- 16240 
bc-/pennzoil 16306 
bc-/s/p-downgrades-texac 16323 
bc-/texaco- 16333 
bc-/u.s.-trust-co- 16407 
bc-/u.s.-trust-corp- 16380 
bc-/usda-changes-low-pro 16271 
bc-abbington-savings 16363 
bc-afg-industries-inc- 16317 
bc-alcide- 16272 
bc-allied-stores- 16332 
bc-allwaste-inc- 16348 
bc-alza-corp-issues-75-m 16321 
bc-ameritech- 16375 
bc-angell-care-master-lp 16390 
bc-asarco-lead-price 16289 
bc-bache-securities-sets 16389 
bc-bank-of-england-to-au 16328 
bc-banking-center- 16365 
bc-belgelectric-raises-3 16267 
bc-berkey- 16326 
bc-berkey-inc- 16301 
bc-blount-inc- 16284 
bc-blue-arrow-to-acquire 16287 
bc-boston-five 16277 
bc-browning-ferris-unit 16261 
bc-bulgaria 16359 
bc-burroughs-wellcome-se 16384 
bc-canada-january-leadin 16310 
bc-canada-leading-indica 16281 
bc-capital-market-borrow 16361 16368 
bc-cbt-mmi-stock-index-f 16334 
bc-cbt-night-trading-ses 16245 
bc-ccc-accepts-bonus-on 16316 
bc-charterhouse-gets-310 16391 
bc-chemical- 16367 
bc-china-and-portugal-si 16254 
bc-clayton-homes-inc- 16377 
bc-colombia-june-coffee 16279 
bc-combustion-engineerin 16349 
bc-command-airways 16378 
bc-commonwealth-aluminum 16320 
bc-coopervision- 16278 
bc-desptp-omc- 16385 
bc-dsc-communications- 16344 
bc-du-pont- 16325 
bc-duff/phelps-downgrade 16397 
bc-eastern-utilities 16401 
bc-ec-could-decide-on-ja 16257 
bc-ekn-bank-sets-25-mln 16329 
bc-elcor-corp- 16360 
bc-enel-issues-15-billio 16290 
bc-entre-computer- 16339 
bc-entre-computer-center 16342 
bc-family-health-systems 16244 
bc-federal-guarantee 16388 
bc-fhlbb-changes-short-t 16274 
bc-firestone- 16408 
bc-first-marathon- 16262 
bc-foster- 16354 
bc-franklin-high-yield-s 16393 
bc-franklin-michigan-ins 16392 
bc-franklin-pennsylvania 16394 16396 
bc-french-13-week-t-bill 16298 
bc-gaf- 16398 
bc-galileo-electro-optic 16275 
bc-gencorp 16395 
bc-general-nutrition- 16295 16351 
bc-genetics-institute 16337 16369 
bc-german-institutes-war 16268 
bc-german-producer-price 16270 
bc-giantbay 16286 
bc-global-lowers-heavy-f 16314 
bc-goodyear- 16252 
bc-greatlakes 16276 16364 
bc-greenwich-pharmaceuti 16259 
bc-gulf-of-mexico-rig-co 16382 
bc-h.f.-ahmanson-and-co 16324 
bc-hughes'-canada-rig-co 16356 
bc-hughes'-u.s.-rig-coun 16335 
bc-hungary-raises-prices 16241 
bc-interfinco-sets-50-ml 16322 
bc-investor-boosts-trans 16370 
bc-irving-bank- 16312 
bc-irving-bank-corp- 16294 
bc-irving/moodys 16305 
bc-italy's-banca-commerc 16341 
bc-italy's-buitoni-acqui 16402 
bc-john-mowlem-arranges 16353 
bc-laser-photonics-inc- 16400 
bc-lindberg-corp- 16266 
bc-mcgraw-hill- 16403 
bc-merrill-lynch- 16343 
bc-merry-go-round- 16288 
bc-moody's-may-downgrade 16330 16340 
bc-more-british-gold-art 16248 
bc-national-computer- 16373 
bc-national-westminster 16399 
bc-ncr-continues-to 16336 
bc-ncr-corp- 16269 
bc-nvhomes- 16300 
bc-o'sullivan-corp- 16297 
bc-oak-ondustries- 16404 
bc-p.h.-glatfelter- 16258 
bc-pakistan-reportedly-b 16327 
bc-park-communications-i 16299 16386 
bc-pennsylvania-real-est 16347 
bc-pentland-to-reduce-re 16307 
bc-peoples-heritage-bank 16374 16405 
bc-primary-gilts-dealers 16381 
bc-prime-computer- 16338 
bc-reebok-international 16283 
bc-rotterdam-grain-handl 16265 
bc-saudi-arabia-buys-rbd 16362 
bc-saudi-arabia-liberali 16292 
bc-scott-and-stringfello 16350 
bc-sears- 16313 
bc-slaughter-guesstimate 16255 
bc-software-services- 16387 
bc-solitron-devices-inc 16371 
bc-soviet-tankers-set-to 16366 
bc-spanish-money-supply 16282 
bc-standard-microsystems 16346 
bc-stuart-hall-co-inc 16376 
bc-swift-to-sell-south-d 16379 
bc-swiss-sight-deposits 16250 
bc-taiwan-announces-new 16253 16357 
bc-texaco-canada- 16273 
bc-the-hague-launches-se 16355 
bc-trade-issues-strainin 16256 
bc-u.k.-money-market-giv 16251 16285 
bc-u.s.-bancorp- 16263 
bc-u.s.-home-loan-banks 16309 
bc-u.s.-junk-bonds-unaff 16358 
bc-usair- 16247 
bc-wall-street-stocks/te 16352 
bc-woodward-and-lothrop 16345 
bc-work-on-greek-alumina 16318 
bci 16341 
beach 16371 
bear 16256 
bearer 16329 
bed 16349 
beef 16379 
beer 16241 
began 16383 
begin 16318 16344 16381 
beginning 16279 
begun 16292 
behalf 16341 
belgelectric 16267 
belgian 16267 
belgium 16256 16257 
belgrade 16359 
believed 16249 16327 16381 
believes 16261 
believing 16352 
bell 16375 
benedetti 16322 16402 
beneficial 16268 
benefit 16264 16361 
benson 16353 
berkey 16301 16326 
berlin 16268 
bfcs.o 16277 
bfi 16261 
bicycles 16253 16357 
bid 16278 16316 16352 16358 16381 16395 
bidders 16381 
bids 16332 16358 16381 
bieber 16242 
biggest 16318 16343 
bijur 16273 
bil 16267 
bilion 16332 
billion 16246 16249 16250 16256 16257 16264 16269 16277 16280 16284 16290 16294 16306 16309 16315 16323 16324 16328 16331 16333 16336 16341 16352 16354 16357 16358 16361 16367 16368 16380 16381 16383 16389 16398 16402 
bills 16251 
bioleaching 16286 
bky 16301 16326 
black 16292 
blah 16243 16260 16276 16280 16281 16291 16293 16296 16298 16302 16303 16305 16308 16328 16372 16406 
blampied 16277 
bleached 16362 
bln 16397 
bloc 16241 16257 
block 16320 
blood 16272 
blount 16284 
blowing 16292 
blt 16284 
blue 16287 
board 16240 16245 16274 16277 16288 16334 16370 16373 16387 16394 16396 16403 16408 16409 
bodies 16292 
boesky 16278 
bogota 16279 
bond 16245 16249 16267 16290 16296 16306 16321 16322 16329 16333 16341 16352 16358 16361 16367 16368 
bonds 16309 16341 16358 16361 
bonn 16268 
bonus 16316 
bonwit 16332 
book 16309 16403 
bookrunner 16290 
books 16370 16381 
boost 16268 16292 
boosts 16370 
bor 16398 
borg-warner 16398 
borrowed 16292 
borrowers 16292 16312 16361 
borrowing 16353 16361 16368 
boston 16277 16401 
bottom 16278 16367 
bought 16251 16320 16327 16362 16370 
bound 16366 
branches 16389 
brazil 16312 16315 16367 16399 
brazilian 16240 16367 16399 
breathing 16249 
bridges 16354 
bring 16286 16369 
bringing 16251 16285 
brings 16314 
britain 16248 16254 16361 
british 16248 16286 
broad 16336 
broad-based 16282 
broker 16304 16381 16407 
brokerage 16370 
brothers 16249 16352 
brought 16323 
brown 16395 
browning-ferris 16261 
brussels 16256 16257 
bt 16304 16407 
budapest 16241 
budget 16241 
buffalo 16261 
building 16292 16353 
buitoni 16402 
bulgaria 16359 
bullet 16267 
bullish 16352 
bundesbank 16268 
buoyant 16361 
burden 16352 
burnham 16278 
burroughs-wellcome 16384 
business 16246 16249 16264 16273 16292 16306 16345 16352 16408 
businesses 16278 16330 16399 16404 
businessmen 16292 
buy 16243 16249 16302 16307 16318 16325 16329 16358 16373 16381 16404 16408 
buyback 16252 
buyer 16320 
buyers 16381 
buying 16249 16381 
buyout 16391 
buyouts 16391 
buys 16362 
bv 16267 
c-e 16349 
caa 16358 
cabinet 16253 16357 
cain-sloan 16332 
calculation 16367 
calendar 16279 16292 
calif 16278 
calif. 16317 16392 16393 16394 16396 16404 
calif.-based 16395 
california 16335 
call 16242 16250 16389 
called 16292 
calls 16277 16357 
cambridge 16337 16369 
campeau 16332 
canada 16262 16273 16276 16281 16286 16310 16356 16357 16364 16384 16389 
canadian 16332 16389 
canary 16316 
cancer 16272 
candidates 16240 
capacity 16344 16364 
capital 16258 16268 16286 16307 16321 16323 16325 16340 16355 16361 16364 16367 16368 16389 16391 16398 
capitalist 16254 
capitalizaed 16391 
capitalized 16391 
carcass 16379 
care 16390 
cargo 16314 16366 
caribbean 16323 
carlo 16402 
carload 16289 
carries 16256 16329 
carry 16366 
carryforward 16301 16360 
carrying 16267 
case 16249 16333 16352 16358 
cases 16249 16251 16292 
cash 16243 16249 16252 16258 16259 16287 16302 16332 16364 16398 16403 16404 16406 
catagory 16352 
catherine 16332 
cattle 16255 16316 
caused 16352 
causing 16352 
cavaco 16254 
cavaco-silva 16254 
cbt 16245 16334 
ccc 16316 16323 
cds 16397 
cdt 16334 
cecos 16261 
cecos' 16261 
celeron 16252 
cent 16289 16301 
center 16277 16365 
centers 16339 16342 
central 16250 16268 16292 16355 
cents 16271 16277 16289 
centuries 16254 
certificate 16397 
certificates 16330 
cftc 16245 
chairman 16240 16245 16252 16277 16278 16326 16332 16343 16345 16408 
challenge 16306 
challenging 16306 
chance 16249 
change 16240 16271 16278 16292 16389 16397 
changed 16384 
chapter 16249 16306 16323 16333 16352 16358 
charge 16275 16319 
charge-offs 16367 
charged 16354 
charleston 16244 
charter 16366 
chartered 16366 
charterhouse 16391 
cheaper 16270 
cheered 16242 
cheers 16242 
cheif 16343 
chemical 16303 16315 16367 
chemical's 16367 
chicago 16242 16245 16255 16266 16271 16313 16334 16397 
chicago-based 16398 
chief 16240 16242 16249 16273 16277 16343 16389 16408 
chilling 16352 
china 16254 
chinese 16254 
chl 16315 16367 
choice 16249 
chose 16249 
chosen 16307 
cir 16322 
circulation 16250 
cited 16323 16330 16340 16358 16397 16403 
cites 16312 
citing 16249 16352 
citizens 16273 
city 16271 16355 16376 
claiming 16261 
claims 16261 
class 16262 
clayton 16377 
clear 16292 
clearing 16355 
climate 16268 
clinical 16384 
close 16258 16307 16329 
closed 16249 16320 
closing 16332 16339 16342 
cm 16377 
cmh 16377 
co-lead 16341 
co-managed 16391 
co. 16242 16249 16341 
coast 16366 
code 16249 16323 16352 16358 
coffee 16270 16279 
cofide-compagnia 16322 
collateral 16249 16292 
collect 16292 16352 
collected 16352 
collecting 16292 
colombia 16279 
colorado 16335 
columbia 16286 16320 
comalco 16320 
combinations 16277 
combined 16277 16290 16321 
combustion 16349 
comd 16378 
comd.o 16378 
coming 16336 16364 
command 16378 
commanding 16271 
comment 16354 16355 16398 16408 
commercial 16240 16250 16292 16330 16353 16355 
commerciale 16341 
commission 16245 16255 16256 16257 16295 16307 16370 16375 16381 16395 
commitment 16381 16384 
committee 16240 16292 16306 
committees 16292 
commodities 16316 
commodity 16245 16271 16316 
common 16259 16278 16293 16295 16307 16315 16326 16351 16370 16373 16395 16408 
commonwealth 16320 
communications 16299 16344 16386 
community 16256 16257 
compagnie 16322 
company 16240 16249 16252 16259 16261 16262 16264 16267 16272 16277 16278 16283 16295 16306 16313 16323 16326 16332 16333 16336 16338 16339 16343 16344 16345 16353 16354 16358 16364 16365 16369 16373 16374 16378 16384 16389 16391 16395 16398 16402 16403 16405 16408 
company's 16326 
comparable 16402 
compared 16270 16312 16356 16367 16369 16399 
compares 16285 
compatible 16404 
compensation 16408 
compete 16391 
competition 16330 
competitive 16264 16340 16379 16381 16408 
complement 16353 
complete 16259 16306 16381 
completed 16259 16262 16391 
completes 16259 
completion 16379 
components 16310 16404 
composite 16310 
composition 16361 
comprise 16321 
comprised 16265 
computer 16264 16292 16338 16339 16342 16373 
computing 16264 
concentration 16278 
concern 16321 16354 16370 
concerned 16265 16381 
concession 16290 16321 
concurrent 16381 
condition 16306 16359 
conditions 16332 16358 16359 16381 
conduct 16352 
conducted 16306 
conergic 16354 
conference 16278 16292 16389 
confidence 16389 
confidentiality 16249 
congress 16357 
conn. 16259 16272 16301 16319 16326 16349 16365 
connecticut 16370 
connection 16370 
conservation 16271 
considerably 16359 
considered 16261 
considers 16306 
consist 16381 
consistent 16261 
consisting 16309 
consolidated 16354 16402 
consortium 16341 
constraint 16240 
construct 16364 
construction 16310 16318 16349 16353 
consultant 16408 
consultants 16287 
consulting 16349 
consume 16241 
consumer 16241 16367 
consumption 16402 
contend 16292 
contest 16306 16370 
contested 16249 
continue 16306 16408 
continued 16306 16310 16361 16367 
continues 16249 16264 16336 
continuing 16252 16278 16320 16354 
contract 16249 16344 
contracted 16361 16368 
contractors 16292 
contracts 16245 16287 16318 16334 
contradiction 16292 
contributed 16399 
control 16254 
controller 16354 
convent 16323 
convention 16242 
conventional 16381 
conversion 16321 16363 
converted 16405 
convertible 16262 16321 16322 16326 16370 
converts 16258 
conveyor 16354 
cooling 16241 
cooper 16278 
cooperation 16361 16368 
coopervision 16278 
core 16278 16330 16399 16404 
cornering 16381 
corp. 16397 
corporate 16307 16370 16373 16389 
corporates 16358 
corporation 16316 
correct 16292 
corrected 16409 
cos 16278 
cosmetics 16253 16357 
cost 16264 16327 16362 16367 16404 
costs 16264 16268 16286 16323 16353 16354 16367 
count 16335 16356 16382 
countries 16256 16340 16359 16361 
country 16249 16254 16318 
counts 16335 
coupon 16267 16321 16322 
court 16249 16292 16296 16306 16333 16352 16358 
courts 16249 16292 16306 16333 
cover 16265 16307 16316 16357 
cp 16353 16355 
cpi 16241 16268 
crazy 16249 16409 
create 16277 
credit 16250 16307 16316 16330 16339 16340 16358 16361 16371 
creditor 16352 
creditors 16249 16292 16306 16352 
credits 16275 16342 16346 
crisis 16358 
crop 16359 
crowley 16354 
crude 16366 
crystal 16404 
crzy.o 16409 
cscds 16292 
csp 16349 
ct 16244 16289 16319 
curb 16241 
currency 16241 16292 16334 16361 
current 16278 16332 16342 16347 16359 16408 
customer 16309 16331 16383 
customers 16240 16381 
customs 16253 16357 
cut 16240 16241 16253 16271 16292 16307 16323 16357 
cuts 16253 16268 16357 
cutting 16357 16358 
cytomegalovirus 16272 
d. 16306 
daily 16249 
dairy 16316 
dakota 16379 
dallas 16344 16379 
damage 16352 
damages 16352 
dampen 16241 16268 
dampening 16268 
daniel 16343 
data 16382 
dated 16381 
david 16240 16295 16345 16351 
day 16251 16285 16334 16381 
days 16250 16274 16278 16353 
dayton 16269 16336 
dd 16325 
dds 16332 
de 16322 16330 16402 
deadline 16320 
deal 16254 16258 16366 
dealer 16353 16358 16389 
dealers 16381 16383 16389 
deals 16292 
debentures 16370 
debt 16249 16252 16278 16292 16305 16307 16309 16323 16330 16332 16340 16358 16367 16391 16397 
debts 16306 16333 
dec 16400 
dec. 16332 
december 16254 16281 16310 16354 16374 16405 
decide 16257 
decided 16241 16271 
decides 16257 
decision 16352 16364 16369 
decisions 16352 
declared 16242 16288 16394 16396 
declaring 16367 
decline 16292 16312 16352 
declined 16249 16306 16354 16355 16361 16389 
decrease 16314 
defence 16254 
defensive 16358 
deficit 16241 16256 16357 
definitive 16309 16332 
degree 16254 
delaware 16370 
delay 16292 16389 
delegates 16242 
delegation 16357 
deliver 16344 
delivered 16289 
deliveries 16344 
delivery 16316 16355 16366 
demands 16242 16249 
denominations 16290 16321 16341 16353 16355 
denver 16271 
denying 16381 
deodorised 16362 
department 16253 16271 16302 16316 16332 16357 16359 
departure 16357 
depends 16307 
deposit 16286 16330 16397 16399 
deposits 16250 16294 16315 16324 16363 16380 
deputy 16253 16271 16357 
der-hwa 16253 16357 
deregulation 16330 16389 
derivatives 16265 
des 16385 
design 16364 
designed 16256 16292 
desire 16345 
desposits 16340 
desptp 16385 
destroy 16349 
detail 16257 
detailed 16354 
details 16307 16338 16402 
detect 16292 
deteriorate 16268 
deterioration 16397 
determined 16307 16354 
develop 16259 16349 
developed 16272 16292 16340 
developer 16332 
developing 16361 
development 16259 16292 16359 16361 16368 16369 
development-related 16384 
developments 16268 
devices 16371 
dex 16344 
dey 16332 
diego 16404 
difficult 16249 16292 
dillard 16302 16332 
diluted 16317 16370 16380 
diplomatic 16256 16366 
diplomats 16241 16256 16257 16366 
directly 16331 16381 16383 
director 16240 16253 16326 16357 
directors 16277 
disappointed 16381 
discharges 16265 
disclose 16402 
discontinued 16301 
discontinuing 16339 
discount 16274 16355 
discounted 16249 
discourage 16268 16381 
discovered 16245 
discrepancies 16354 
discrepancy 16354 
discuss 16257 
discussed 16257 
discussions 16249 16381 
disi.o 16344 
disillusionment 16256 
disinfection 16272 
display 16370 
disposal 16261 16332 
disposition 16332 
dispute 16261 16273 16306 16389 
disputed 16261 16268 
disputes 16261 16292 
dissenting 16268 
distressed 16391 
distribution 16297 16300 
district 16306 16333 
div 16392 16393 16401 
diversification 16402 
diversified 16354 
diversion 16256 
diverted 16257 
divestiture 16403 
divests 16403 
dividend 16240 16394 16396 
dividends 16249 16313 
divisions 16332 
diw 16268 
dlr 16240 16249 16252 16261 16262 16276 16294 16306 16309 16312 16318 16321 16323 16333 16339 16342 16343 16352 16358 16364 16371 16389 16395 16398 16399 
dlrs/shr 16406 
document 16381 
documentation 16290 
documents 16306 
doemstic 16258 
dollar 16336 16361 16383 
dollars 16311 16353 
domestic 16268 
donaldson 16332 
donovan 16245 
dormant 16292 
double 16282 
doubts 16332 
downgrade 16305 16330 16340 
downgraded 16323 16358 
downgrades 16323 16397 
downside 16352 
downturn 16252 16358 
drastic 16249 
drawings 16353 
dressed 16379 
drexel 16278 
drilling 16286 16335 16356 
drive 16381 
drop 16271 
dropped 16270 16278 16335 16352 16367 16395 
drug 16259 
drugs 16259 
drum 16245 
dry 16345 16359 
dryden 16364 
dsc 16344 
dsc's 16344 
dso 16385 
du 16325 
due 16240 16264 16275 16278 16290 16312 16321 16325 16327 16341 16354 16363 16367 16370 
duff 16397 
duff/phelps 16397 
duluth 16271 
dutch 16355 
duties 16257 
dwindling 16292 
e. 16252 
earlier 16249 16251 16261 16265 16270 16336 16339 16343 16357 16359 16367 16369 16399 16407 
early 16257 16285 16286 16358 16364 
earn 16244 16246 16252 16260 16262 16263 16264 16266 16269 16275 16278 16283 16284 16288 16291 16294 16297 16299 16300 16301 16303 16311 16312 16315 16317 16319 16324 16336 16337 16339 16342 16343 16346 16347 16348 16350 16354 16360 16363 16365 16367 16369 16371 16372 16374 16376 16377 16380 16385 16386 16388 16390 16392 16393 16394 16396 16399 16400 16401 16402 16405 
earned 16339 
earnest 16292 
earning 16312 
earnings 16252 16264 16292 16297 16312 16336 16354 16367 16399 
ease 16241 
east 16241 16245 16361 
eastern 16401 
ebes 16267 
ec 16256 16257 
ec's 16256 
echoing 16268 
economic 16264 16268 16361 16368 
economists 16331 
economy 16241 16252 16268 16292 
ecuador 16367 
ecusta 16243 16258 
eddie 16409 
edison 16409 
effect 16352 16358 16364 16367 
effective 16262 16271 16289 16304 16314 16345 16375 16407 
effectively 16249 16257 16292 16333 16352 16358 
effects 16268 
efficient 16292 
effort 16241 
efforts 16241 16357 
efthymia 16318 
ekn 16329 
elaborating 16336 16357 
elcor 16360 
elected 16249 16326 
electrical 16257 
electro-optics 16275 
electronic 16404 
electronics 16404 
elects 16326 16408 
elettrica 16290 
elevator 16265 
eligible 16408 
eliminate 16249 
elk 16360 
emirates 16366 
employee 16373 
employees 16240 16264 
employment 16364 16408 
employs 16402 
en 16355 
encourage 16357 
encouraged 16248 
encourages 16381 
encouraging 16264 16272 
end 16254 16282 16283 16318 16344 16346 16367 16381 16399 
end-of-quarter 16250 
ended 16275 16335 16337 16339 16347 16354 16355 16356 16369 16371 16395 
ending 16278 
enel 16290 
enemy 16366 
energy 16240 16352 
engage 16292 16408 
engineering 16349 
england 16251 16277 16285 16328 16381 
enhanced 16389 
enhancement 16316 
ente 16290 
enter 16287 16331 
entered 16256 16332 16383 16408 
enterprises 16288 
entire 16318 
entitled 16408 
entitling 16329 
entre 16339 16342 
entry 16309 
environmental 16261 16349 
epa 16261 
equador 16312 
equal 16277 
equals 16277 
equiment 16354 
equipment 16349 16354 16357 
equity 16315 16334 16369 16391 
equity-related 16361 
escort 16366 
essen 16268 
establish 16245 16381 
established 16391 
estate 16240 16295 16332 16347 16351 
estimate 16251 16285 
estimated 16265 
estimates 16332 
etre 16339 16342 
etre.o 16339 
eua 16401 
euro-australian 16361 
euro-canadian 16361 
eurobond 16290 16321 16341 
eurolire 16341 
europe 16257 16336 16391 
european 16256 16257 16339 16361 
european-mediterranean 16382 
euroyen 16361 
evaluate 16272 
evening 16245 
event 16381 
eventual 16306 
eventually 16268 
evidence 16359 
exaggerated 16268 
examination 16370 
examine 16292 
exceeded 16249 16361 
excessive 16261 16268 
exchange 16245 16249 16250 16255 16268 16277 16278 16295 16307 16334 16361 16367 16370 16395 
excludes 16284 16301 16332 16347 
excluding 16286 16312 16367 
executed 16252 
executive 16240 16256 16257 16273 16277 16287 16343 16370 16389 16408 
executives 16249 
exercise 16326 
existing 16333 16344 16389 
expand 16338 16389 
expansion 16268 16276 16364 16389 
expansive 16268 
expect 16241 16264 16336 16366 
expectations 16268 
expected 16245 16249 16253 16278 16292 16306 16331 16357 16359 16364 16366 16375 16381 16383 
expecting 16352 
expects 16252 16258 16261 16264 16307 16352 16364 16369 
expense 16264 16367 
expenses 16264 16367 
expensive 16241 16292 16381 
experience 16268 
experienced 16358 16379 
experiment 16245 
experimental 16272 
experts 16249 
expiration 16387 
expire 16334 
expires 16381 
exploration 16249 
export 16316 
exporters 16279 
exports 16256 16257 16366 
exposure 16340 
extend 16292 
extended 16387 
extends 16387 
external 16240 16361 16364 16368 
extra 16257 
extraordinarily 16292 
extreme 16359 
eye 16278 
f0851 16240 
f0852 16241 
f0854 16242 
f0857 16243 
f0860 16244 
f0863 16245 
f0869 16246 
f0873 16247 
f0891 16248 
f0893 16249 
f0897 16250 
f0898 16251 
f0900 16252 
f0905 16253 
f0909 16254 
f0917 16255 
f0918 16256 
f0926 16257 
f0929 16258 
f0938 16259 
f0939 16260 
f0941 16261 
f0942 16262 
f0944 16263 
f0945 16264 
f0946 16265 
f0949 16266 
f0951 16267 
f0953 16268 
f0958 16269 
f0961 16270 
f0965 16271 
f0972 16272 
f0973 16273 
f0974 16274 
f0975 16275 
f0977 16276 
f0978 16277 
f0979 16278 
f0994 16279 
f1002 16280 
f1003 16281 
f1008 16282 
f1012 16283 
f1013 16284 
f1021 16285 
f1023 16286 
f1025 16287 
f1026 16288 
f1035 16289 
f1043 16290 
f1044 16291 
f1054 16292 
f1083 16293 
f1091 16294 
f1094 16295 
f1097 16296 
f1098 16297 
f1099 16298 
f1105 16299 
f1106 16300 
f1109 16301 
f1111 16302 
f1125 16303 
f1127 16304 
f1140 16305 
f1141 16306 
f1148 16307 
f1150 16308 
f1159 16309 
f1169 16310 
f1177 16311 
f1178 16312 
f1194 16313 
f1198 16314 
f1199 16315 
f1211 16316 
f1212 16317 
f1216 16318 
f1218 16319 
f1228 16320 
f1231 16321 
f1235 16322 
f1238 16323 
f1242 16324 
f1249 16325 
f1252 16326 
f1254 16327 
f1255 16328 
f1258 16329 
f1266 16330 
f1279 16331 
f1285 16332 
f1294 16333 
f1306 16334 
f1314 16335 
f1315 16336 
f1317 16337 
f1318 16338 
f1321 16339 
f1328 16340 
f1331 16341 
f1333 16342 
f1336 16343 
f1340 16344 
f1341 16345 
f1342 16346 
f1344 16347 
f1346 16348 
f1347 16349 
f1348 16350 
f1349 16351 
f1352 16352 
f1354 16353 
f1357 16354 
f1359 16355 
f1363 16356 
f1366 16357 
f1367 16358 
f1372 16359 
f1377 16360 
f1378 16361 
f1379 16362 
f1381 16363 
f1387 16364 
f1396 16365 
f1415 16366 
f1453 16367 
f1454 16368 
f1461 16369 
f1462 16370 
f1470 16371 
f1471 16372 
f1473 16373 
f1478 16374 
f1480 16375 
f1481 16376 
f1482 16377 
f1483 16378 
f1489 16379 
f1498 16380 
f1502 16381 
f1504 16382 
f1511 16383 
f1513 16384 
f1516 16385 
f1523 16386 
f1524 16387 
f1525 16388 
f1529 16389 
f1532 16390 
f1535 16391 
f1536 16392 
f1537 16393 
f1538 16394 
f1542 16395 
f1544 16396 
f1545 16397 
f1547 16398 
f1548 16399 
f1556 16400 
f1563 16401 
f1564 16402 
f1570 16403 
f1573 16404 
f1585 16405 
f1596 16406 
f1598 16407 
f1611 16408 
f1613 16409 
face 16357 16358 
facilities 16361 
facility 16353 
factor 16247 16378 
factors 16268 
fail 16242 
failed 16320 
fair 16249 16306 
faith 16306 
fakkan 16366 
fall 16248 16250 16270 16358 16359 
fallen 16270 
falling 16268 16292 
fallow 16381 
falls 16361 16368 16375 16378 
families 16292 
family 16240 16241 16244 
favor 16352 
favorable 16359 
favourable 16256 
favoured 16381 
fdgc.o 16388 
fears 16268 
feasibility 16272 
feb 16244 16320 16346 16348 16376 
february 16256 16270 16282 16337 16339 16347 16361 16367 16368 16369 16371 16403 16408 
fed 16331 16383 
federal 16270 16274 16280 16309 16310 16331 16333 16367 16375 16383 16388 
federation 16279 
fee 16408 
fees 16267 16321 16367 
fell 16248 16250 16264 16270 16278 16310 16335 16352 16356 16358 16361 16367 16368 16382 
felt 16240 
fend 16252 
fewer 16264 16383 
fhlbb 16274 
fhsy 16244 
fianncial 16306 
field 16359 
fields 16359 
fight 16249 
fighting 16268 
figure 16324 16361 16368 
figures 16248 16265 16282 16311 16336 16357 16365 
file 16273 16306 16352 
filed 16249 16295 16306 16307 16351 16352 
files 16293 16295 
filing 16249 16306 16323 16358 16370 
final 16247 16321 
finance 16253 16267 16292 16309 16323 16357 
financial 16240 16249 16262 16273 16292 16330 16341 16350 16381 16389 16402 
financing 16320 16364 16389 16391 
finanziaria 16322 
fine 16364 
fine/medium 16327 
fir 16408 
firestone 16408 
firm 16287 16402 16404 
first-quarter 16367 16397 16399 
fiscal 16278 16332 16369 
fit 16277 
five-for-four 16377 
five-year 16322 
fixed 16321 
fla 16400 
fla. 16371 
flags 16366 
fleet 16366 
flexibility 16332 16353 
floating 16249 16361 16368 
floor 16255 16292 
flow 16249 16252 16364 
fluid 16349 
fms.a 16262 
fms.a.to 16262 
fob 16289 
focus 16340 
focused 16268 
fokida 16318 
followup 16272 
food 16241 16402 
forbes 16406 
force 16292 16379 
forced 16249 16306 
forcing 16268 
ford 16242 
forecast 16251 16268 16285 
foreign 16240 16242 16248 16250 16253 16254 16257 16258 16273 16357 16367 16389 
forest 16258 16276 16364 
form 16309 16316 
formal 16381 
formed 16292 16391 
forming 16277 16391 
forms 16278 
formula 16254 
formulation 16272 
foster 16354 
found 16292 16358 16408 
founder 16295 16351 
fourth 16292 
framework 16292 
franc 16322 16329 
france 16298 16330 16361 16368 
francs 16250 16267 16329 
franklin 16392 16393 16394 16396 
free 16277 16381 
freeboard 16261 
freezes 16249 
freight 16327 16362 
french 16298 16330 
freund 16391 
friday 16240 16249 16257 16331 16334 16358 
fronts 16292 
frustration 16292 
fuel 16314 
fuels 16314 
fulfill 16332 
full 16249 16350 16352 
full-year 16336 
fully 16264 16370 
fully-owned 16355 
fund 16292 16307 16392 16393 16394 16396 
fund-raiser 16361 
fundamental 16292 
funding 16381 
funds 16250 16259 16292 16331 16361 16367 16368 16383 
future 16339 16364 16381 
futures 16245 16334 
fwc 16354 
gaeo 16275 
gaf 16398 
gain 16266 16301 16307 16310 16336 16360 16365 16399 
gained 16310 
gains 16284 16310 16343 16347 16360 16374 16399 16405 
galileo 16275 
game 16389 
gaons 16311 
garfinckel 16332 
garments 16253 16357 
gas 16270 16323 
gathering 16292 
gatt 16256 16257 
gave 16249 16256 16285 16338 
gbylf 16286 
gem 16265 
gencorp 16395 
general 16242 16293 16295 16307 16351 16359 16373 16375 16395 
generale 16330 
generally 16256 16292 
generated 16364 
generating 16259 
genetics 16337 16369 
geni.o 16337 16369 
george 16318 16389 
german 16268 16270 
germany 16268 16361 
germination 16359 
getty 16249 16306 16323 16333 16352 
giant 16249 16286 
gilt-edged 16381 
gilts 16328 16381 
give 16249 16253 16292 16326 16332 16357 
giving 16292 16336 
gl.to 16364 
glatfelter 16243 16258 
global 16314 
glt 16258 
gm 16242 
gn 16295 16351 
gnc 16295 16351 
gnp 16268 
goals 16242 
gold 16248 16286 
goldendale 16320 
goldsmith 16252 16391 
good 16334 16359 16361 
goods 16241 16248 16253 16257 16345 16357 
goodyear 16252 
government 16241 16250 16256 16292 16331 16357 16367 16379 16381 16383 16396 16403 
governments 16273 16389 
governor 16282 
graan 16265 
grade 16286 16323 16358 
gradually 16257 
grain 16265 16271 16327 16359 
grains 16265 
grains/oilseeds 16265 
grams 16248 
granted 16307 16408 
great 16248 16276 16364 
greater 16292 16352 16353 
greatest 16336 
greatly 16359 
greece 16318 
greek 16318 
greenwhich 16259 
greenwich 16259 16301 16326 
gregorian 16292 
grenfell 16353 
grew 16282 
gross 16246 
grossly 16261 
group 16247 16283 16307 16370 16391 16402 16403 16406 
groups 16310 16336 
grove 16258 
growers' 16279 
growing 16282 16357 
grown 16257 
growth 16268 16292 16307 16336 16339 16367 16389 
grpi.o 16259 
gt 16252 
guarantee 16388 
guaranteed 16267 16322 16325 
guesstimated 16255 
guesstimates 16255 
guesstimating 16255 
guilders 16355 
gulf 16366 16382 
gy 16395 
h.f 16324 
hague 16355 
half 16342 16347 16358 
hall 16376 
hallmarked 16248 
halt 16249 
halted 16403 
hamburg 16268 
hampshire 16277 
handler 16265 
hands 16282 
harbor 16314 
hard 16241 16271 16292 
hardship 16241 
harry 16391 
hauppauge 16346 
hazardous 16261 16349 
head 16255 16316 
headed 16316 
heads 16370 
health 16244 
hear 16292 16306 
hearing 16249 16292 16306 16333 
heart 16357 
heating 16270 
heavy 16240 16270 16314 16357 16361 
hecla 16286 
heer 16332 
held 16259 16277 16345 16381 
helping 16357 
heritage 16374 16405 
hermiston 16320 
herpes 16272 
herpolsheimer 16332 
high 16249 16254 16271 16331 16358 16393 16397 
high-end 16338 
high-yield 16358 
higher 16241 16264 16336 16369 16393 16399 
highest 16381 
hinge 16352 
hire 16379 
history 16249 
hit 16367 
hog 16255 
hold 16268 16352 
holder 16329 
holders 16277 16288 16326 16360 16394 16396 
holding 16261 16277 
holdings 16307 
holds 16398 
holiday 16334 
holstein-friesian 16316 
home 16274 16280 16309 
homes 16377 
hong 16254 
hope 16352 16355 
hoped 16389 
hopes 16245 16249 16254 16353 
hormuz 16366 
hostile 16252 16395 
hours 16355 
house 16255 
housed 16292 
houston 16249 16306 16333 16335 16348 16356 16382 
huge 16357 
hughes 16335 16356 
human 16272 
hungarians 16241 
hungary 16241 
huron 16379 
hurt 16367 
ibj 16290 
ibm 16246 16264 
idaho 16286 
idea 16366 
identified 16271 
identify 16389 
idled 16382 
ilacqua 16249 16352 
ill. 16385 
immediately 16278 16289 16304 16354 16407 16408 
immunodeficiency 16272 
impact 16264 16278 16312 16352 16354 16361 
implementation 16389 
implemented 16253 16292 16357 
implicit 16366 
import 16253 16357 
important 16249 16250 
imported 16241 
imports 16256 16257 16357 
imposing 16257 
impossible 16292 
impoundments 16261 
improper 16354 
improperly 16249 16354 
improve 16310 16340 
improved 16252 16336 
improvement 16278 
inactivation 16272 
inc. 16249 
incentive 16249 
incentives 16264 
include 16261 16272 16283 16306 16381 
included 16253 16335 16357 
includes 16266 16275 16278 16283 16313 16319 16342 16346 16360 16365 16374 16395 16405 
including 16241 16264 16307 
income 16246 16264 16278 16312 16343 16367 16371 16375 16392 16393 16394 16399 
incoming 16336 
inconsistent 16292 
increase 16248 16252 16264 16336 16353 16384 16399 
increased 16336 16369 16370 16378 16389 16399 16403 
increases 16241 16257 16272 16335 16344 
increasing 16249 16278 16289 16330 
increasingly 16241 16340 
increments 16309 
incur 16369 
incurred 16307 
independent 16379 
index 16310 16334 
indexes 16334 
indication 16352 
indicator 16281 16310 
indictment 16249 
indignant 16249 
indirect 16383 
indirectly 16331 16383 
individual 16334 16335 
industrial 16257 16292 
industriali 16322 
industrie 16402 
industries 16261 16307 16317 16395 16404 
industry 16240 16258 16318 16330 16389 
inefficient 16381 
infections 16272 
inflation 16268 
inflationary 16268 
informal 16381 
information 16375 16381 
infusion 16391 
initial 16394 16396 
initially 16292 16318 16366 16381 
initiative 16316 
initiatives 16256 
inland 16335 
insecurity 16242 
insisting 16249 
insitutions 16352 
inspection 16261 
install 16364 
institute 16268 16337 16355 16369 
institutes 16268 
institution 16277 
institutional 16381 
institutions 16341 
instruments 16292 
insurance 16343 16370 16389 
insured 16392 
intact 16254 
integrity 16273 
intellectual 16357 
intendend 16261 
intent 16242 
intention 16381 
intercom 16267 
interest 16249 16268 16273 16274 16286 16292 16298 16304 16323 16325 16367 16383 16399 16407 
interested 16306 16320 
interesting 16352 
interests 16240 16345 
interfering 16249 16352 
interfinco 16322 
interim 16352 
internal 16240 16389 
internally 16364 
international 16246 16261 16264 16283 16290 16307 16323 16341 16353 16354 16361 16368 16391 
internationale 16267 
internationalisation 16292 
intervention 16251 
introduce 16338 
introduced 16357 
inventory 16316 16320 
invest 16369 16384 16391 
investigation 16354 
investigations 16349 
investment 16275 16292 16311 16318 16343 16347 16352 16358 16364 16367 16389 
investments 16268 
investor 16278 16353 16370 
investors 16268 16330 16340 16352 16358 16381 16391 16396 
involve 16256 16389 
involved 16354 
iran 16366 
iraq 16366 
irresponsible 16249 
irrigation 16359 
irvine 16317 16395 
irving 16291 16294 16305 16312 16340 
irving's 16340 
islamic 16292 
island 16254 
island's 16357 
islands 16316 
issuance 16353 16361 
issue 16257 16267 16306 16309 16322 16353 16355 16381 
issued 16268 16313 16323 16358 
issues 16256 16261 16290 16309 16321 16330 16358 16361 
issuing 16290 16321 16381 
italian 16402 
italiana 16341 
italy 16290 16322 16341 16402 
items 16248 16253 16357 16381 
ithaca 16299 16386 
ivan 16278 
j. 16240 16277 16306 
j.w 16345 
jamail 16249 
james 16252 16277 16333 
january 16270 16281 16292 16310 16320 16355 16357 
japan 16256 16257 16357 16361 
japanese 16256 16257 
jay 16391 
jeddah 16292 16362 
jeffers 16306 
jerry 16332 
jersey 16354 
job 16242 16354 
jobless 16320 
john 16306 16353 16358 16408 
joined 16345 
joining 16257 
joint 16268 16286 16318 16364 
joint-lead 16290 
jointly 16332 
jonathan 16326 
joseph 16249 
joske 16332 
judgement 16306 16323 
judgment 16249 16296 16333 
judicial 16323 
jukes 16292 
julie 16249 
july 16316 16327 16355 16375 16390 
jump 16367 
june 16262 16278 16279 16327 16332 16362 16363 16377 16389 16390 
junk 16358 
jury 16249 
jusisdiction 16389 
kahn 16370 
kansas 16271 16335 16376 
karsten 16245 
keeler/dorr-oliver 16349 
kerr 16249 
khor 16366 
kidder 16295 16307 16351 
kiel 16268 
kilos 16248 
kind 16241 
kingdom 16292 
kleinwort 16353 
klopfenstein 16271 
knew 16366 
knoxville 16377 
kong 16254 
korean 16327 
kuwait 16366 
kuwaiti 16366 
kuwaiti-connected 16366 
l'energia 16290 
l.f. 16249 16352 
lacking 16359 
lakes 16276 16364 
lambert 16278 
land 16335 
lansing 16375 
large 16264 16331 
largely 16358 16367 16399 
largest 16277 16306 16332 16357 16361 16381 
laser 16400 
late 16257 16285 16292 
latest 16249 16335 16361 16368 
launch 16245 16292 16341 
launched 16355 
launches 16355 
launching 16322 16329 16341 
law 16249 16273 16292 16333 16358 16370 16384 
lawrence 16387 
lawsuit 16249 16261 
lawyer 16249 16306 
lawyers 16249 16306 16333 
layoff 16242 
lazr.o 16400 
lb 16289 
lead 16267 16268 16271 16289 16321 16322 16329 16340 16351 
leader 16357 
leaders 16242 
leading 16268 16281 16310 16341 
leads 16268 
leases 16370 
leaves 16395 
leaving 16320 16357 16367 
led 16307 16310 
left 16290 
legal 16249 16273 16292 16352 
legally 16352 
legislation 16375 
lehman 16249 16352 
lei 16281 16310 
lend 16292 
lending 16292 
leonard 16332 
letters 16330 16340 
leu 16329 
levels 16251 16252 16270 16358 16364 16369 16399 
leveraged 16391 
liabilities 16249 
liberalised 16292 
liberalises 16292 
life 16292 
lift 16389 
light 16340 
light-weight 16258 
limit 16279 16381 
limited 16257 16283 16307 16391 
limits 16257 16261 
lind 16266 
lindberg 16266 
line 16278 16338 16367 16381 
lines 16264 16307 16336 
liquefied 16270 
liquid 16282 
liquidation 16278 
liquidity 16250 16268 16285 16292 
lire 16341 16402 
list 16253 16292 16357 16370 
listed 16290 16321 16334 16341 
listen 16278 
litigation 16249 16306 16333 16352 16358 
livestock 16255 16316 16379 
livingston 16261 16354 
load 16378 
loading 16354 
loan 16274 16277 16280 16292 16304 16309 16311 16319 16365 16367 16399 16407 
loans 16240 16292 16294 16312 16315 16324 16361 16363 16365 16367 16399 
lobbied 16292 
local 16242 16245 16251 16355 16403 
locations 16271 
locked 16249 
london 16248 16251 16285 16290 16321 16327 16353 16362 16381 
long 16344 16352 
long-dated 16381 
long-term 16287 16312 16330 16340 16361 16367 16368 
longer 16268 16381 
loop 16323 
los 16324 16345 
losing 16249 
loss 16240 16244 16272 16278 16292 16301 16311 16319 16337 16339 16342 16346 16348 16360 16365 16369 16397 16400 
losses 16367 16369 16399 
lost 16252 16339 16352 16367 
lot 16352 
lothrop 16345 
lots 16289 
loudly 16242 
louis 16271 
louisiana 16261 16335 
low 16271 16358 16397 16399 
lower 16249 16268 16270 16282 16352 16353 16375 16392 
lowered 16271 16314 16397 
lowers 16314 
lowest 16361 16381 
lp 16300 16390 
ltv 16358 
lucrative 16292 
luxembourg 16257 16267 16290 16321 16322 16341 
lynch 16321 16341 16343 16398 
lyonnais 16330 
m. 16277 
macandrews 16406 
macao 16254 
machine 16364 
machinery 16357 
machines 16246 16264 16338 16364 
made 16249 16256 16292 16316 16343 16352 16354 
madrid 16282 
magec 16323 
mahlmann 16245 
main 16249 
maine 16374 
maintained 16306 
maintaining 16278 
maintenance 16246 16349 
major 16242 16245 16249 16252 16256 16261 16306 16310 16334 16357 16361 16389 
make 16242 16256 16264 16353 16398 
maker 16258 16264 16381 
makers 16242 16381 
makes 16249 16278 16354 
making 16381 
malaysian 16362 
manage 16287 
management 16240 16278 16290 16321 16354 16403 
manager 16267 16295 16321 16322 16329 16341 16358 
managers 16358 
manner 16292 
manufacture 16369 
manufactured 16248 
manufactures 16404 
manufacturing 16310 
mar 16350 16386 
marathon 16262 
marginally 16335 
margins 16252 16264 
margoshes 16249 16352 
mariano 16282 
mark 16268 16361 
marked 16248 16343 
market 16250 16251 16256 16257 16268 16278 16285 16292 16310 16320 16331 16332 16334 16343 16357 16358 16361 16368 16369 16373 16381 16383 16391 16395 16399 16402 
marketing 16336 
markets 16292 16321 16330 16340 16355 16361 16367 16368 
mass 16275 16363 
mass. 16337 16338 16369 16387 
massachusetts 16277 
massive 16256 
master 16390 
mateo 16392 16393 16394 16396 
material 16354 
materiel 16366 
maturing 16309 
maturities 16353 
maturity 16274 16381 
maximize 16332 
mcgough 16389 
mcgraw-hill 16403 
mci 16344 
mcic 16344 
mclean 16300 
md. 16288 
me. 16405 
meal-feed 16265 
meaning 16271 16357 
means 16352 
measure 16249 16250 16282 
measures 16241 16257 16264 16292 
meat 16241 
medium 16312 16361 16368 16381 
medium- 16367 
mees 16355 
meet 16250 16257 16332 
meeting 16240 16252 16256 16257 16262 16278 16370 
meets 16245 
mel 16240 16397 
mellon 16240 16397 
member 16256 16257 
mer 16343 
mercantile 16255 
mercer 16252 
merchant 16292 
merge 16277 16406 
merger 16277 16389 
merits 16249 
merrill 16321 16341 16343 16398 
merry-go-round 16288 
met 16381 
metric 16364 
mexico 16335 16382 
mezzanine 16391 
mgre 16288 
mhp 16403 
miami 16370 
mich. 16375 
michael 16326 
michigan 16335 16375 16392 
microbial 16272 
microsystems 16346 
mid-60 16358 
mid-90s 16358 
mid-may 16328 16381 
middle 16397 16399 
mideast 16366 
midland 16360 16395 
mij 16265 
milan 16341 
miles 16378 
milford 16319 
mill 16258 16364 
miller 16332 
mine 16286 
minimal 16364 
minimum 16381 
mining 16286 
minister 16292 
ministerial 16257 
ministers 16254 16257 
ministry 16253 16292 16357 
ministry's 16253 16357 
minneapolis 16271 16373 
minor 16256 
minus 16397 
mmi 16334 
mobile 16382 
modernization 16364 
modest 16340 
modified 16381 
mohammed 16292 
mohammed-ali-abal-khail 16292 
moisture 16359 
monday 16249 16273 
monetary 16261 16268 16292 
money 16249 16250 16251 16268 16282 16285 16292 16381 
money-fx 16251 16285 16331 16383 
money-supply 16250 16268 16282 
montgomery 16278 16284 16388 
month 16245 16279 16282 16292 16310 16318 
monthly 16310 16361 16368 16394 16396 
months 16275 16348 16350 16360 16361 16366 16378 
montreal 16384 
moody 16305 16330 16340 16358 
moot 16306 16333 
morgan 16290 16353 
morning 16249 16273 16352 16358 
mortgages 16292 
moscow 16366 
motion 16249 16306 16333 
motor 16242 
motors 16242 
mountain 16292 
mouth 16366 
move 16240 16249 16253 16256 16273 16292 16357 16358 16366 16389 
moves 16256 16257 16268 16292 
moving 16292 
mowlem 16353 
mr. 16240 
mthly 16392 16393 
mths 16244 16301 16377 
mti 16241 
mullen 16345 
munich 16268 
n't 16249 16278 
n.c 16258 
n.c. 16390 
n.j. 16409 
n.v 16323 
n.v. 16323 16325 
n.y. 16246 16261 16264 16299 16346 16378 16386 
names 16354 16389 
narrowed 16367 
narrowing 16367 
nashville 16332 
nathan 16240 
natick 16338 
nation 16242 16249 16306 
national 16250 16279 16311 16373 16399 
national-westminster 16311 
nationale 16330 
nationalist-ruled 16254 
natural 16270 16277 
naval 16366 
nazionale 16290 
ncr 16260 16269 16336 
near-term 16249 
necessarily 16268 16381 
nederland 16355 
needed 16257 16383 
negotiate 16249 
negotiated 16307 
negotiating 16332 16402 
negotiations 16261 16306 
negotiator 16249 
net 16244 16246 16252 16259 16263 16264 16266 16269 16271 16275 16278 16283 16284 16294 16297 16299 16301 16311 16312 16315 16317 16319 16324 16332 16337 16342 16343 16346 16347 16348 16350 16354 16360 16363 16365 16367 16369 16371 16374 16376 16377 16380 16385 16386 16388 16399 16400 16402 16405 
netherlands 16265 16355 
network 16292 
nevin 16408 
new-milford-savings 16319 
newly 16381 
neworld 16277 
news 16241 16389 
newsprint 16364 
newworld 16277 
nidwalden 16329 
nigh 16292 
night 16245 16357 
nil 16244 16346 
nl 16373 
nlcs.o 16373 
nominal 16329 
non-accrual 16312 16315 16367 16399 
non-accruing 16367 
non-callable 16267 16290 16341 
non-competitive 16381 
non-compliance 16261 
non-interest 16367 
non-payment 16292 
non-performing 16367 
non-sharia 16292 
non-voting 16262 
nonaccrual 16240 
normal 16252 16306 16334 16359 
north 16327 
northeastern 16364 
northwest 16271 
northwestern 16364 
norwalk 16272 
norway 16361 
notably 16241 
note 16245 16246 16266 16274 16275 16283 16284 16297 16301 16311 16315 16319 16324 16342 16346 16347 16350 16353 16360 16361 16363 16365 16371 16374 16377 16392 16393 16405 
noted 16352 16358 
notes 16250 16272 16274 16325 16353 16358 16361 16368 
notice 16381 
notified 16292 
november 16249 16369 
number 16241 16248 16271 16277 16314 16335 16356 
numbers 16249 
numerous 16245 
nutrition 16293 16295 16351 
nv 16355 
nvh 16300 
nvhomes 16300 
nwor.o 16277 
o'sullivan 16297 
oak 16404 
oates 16277 
object 16333 
obligation 16333 16358 
obligations 16249 16256 16306 16333 
obliges 16257 
observed 16359 
obstacle 16245 
obtained 16272 
occasion 16381 
occur 16309 
occurred 16358 
october 16283 
oecd 16361 16368 
offer 16247 16249 16261 16307 16309 16395 16398 
offered 16261 16307 16309 16381 16389 16398 
offering 16280 16293 16295 16307 16309 16326 16351 16381 16398 
offerings 16264 16361 16368 16381 
office 16270 16309 16375 
officer 16240 16277 16343 16359 16408 
officers 16277 16354 
offices 16248 16370 
official 16241 16245 16271 16279 16281 16298 16357 16381 
officials 16245 16253 16268 16271 16357 
offset 16250 16271 16399 
offshore 16335 16382 
ohio 16252 16269 16336 16408 
oil 16249 16252 16268 16270 16306 16323 16333 16349 16352 16358 16366 
oilseed 16265 
oilseeds 16265 
oklahoma 16335 
olein 16362 
omc 16385 
ondustries 16404 
one-for-one 16262 
one-half 16289 
one-third 16334 
ongoing 16330 16389 16404 
ontario 16276 16364 16389 
open 16256 16257 16268 16292 16357 16373 16395 
opened 16249 16279 16292 16320 16331 
opening 16292 16352 
oper 16284 16301 16347 
operate 16245 
operated 16273 
operates 16258 
operating 16277 16278 16286 16301 16340 16343 16354 
operation 16261 16349 16364 16379 
operational 16318 
operations 16249 16252 16261 16268 16271 16273 16278 16301 16339 16342 16354 16364 
operator 16327 
opportunities 16353 
opportunity 16292 
oppose 16306 
optimism 16336 
optimum 16359 
option 16307 16353 16373 16408 
options 16245 16278 16334 
order 16278 16336 
ordered 16249 16352 
orders 16336 16381 
ore 16286 
ore. 16263 16320 
organisation 16361 16368 
original 16249 16278 
originally 16381 
orlando 16400 
osl 16297 
ottawa 16310 
ounce 16286 
outperformed 16358 
output 16318 
outstanding 16252 16264 16295 16307 16313 16325 16351 16367 16373 
overallotments 16307 
overflowed 16292 
overfunded 16284 
overheated 16241 
overreaction 16352 
overseas 16325 16339 16342 
overtures 16389 
overturned 16249 
owen 16242 
owing 16352 
owned 16389 
ownership 16405 
owns 16295 
ownserhip 16363 
p-6 16397 
p-7 16397 
p-8 16397 
p-9 16397 
p.h 16243 16258 
pa. 16258 16347 
pace 16282 16292 
pacific 16271 16336 
package 16292 16398 
packing 16379 
pact 16344 16349 
pacts 16268 16331 
paid 16297 16316 16408 
pakistan 16327 
palm 16362 
palm-oil 16362 
palo 16278 
paper 16258 16330 16353 16355 16358 16364 16381 
papers 16364 
par 16267 16321 16325 16329 
parc 16299 
parc.o 16386 
parent 16340 16345 16389 
paris 16330 16361 16368 
park 16299 16386 
parker 16278 
part 16241 16252 16264 16287 16292 16307 16354 16357 16381 16389 16404 
partially 16250 
participate 16292 16307 16381 
parties 16320 
partner 16357 
partners 16357 16364 16391 16395 16398 
partnership 16391 16395 
parts 16398 
party 16292 
passed 16381 
passenger 16354 16378 
past 16268 16310 16366 16389 
patent 16384 
patience 16256 
patients 16272 
patterned 16381 
paul 16240 
pay 16242 16247 16249 16306 16332 16352 16364 16390 16392 16393 16401 
payable 16288 16360 16394 16396 
paying 16290 16341 
payment 16267 16290 16300 16332 16352 
payments 16249 16267 16292 16367 
payout 16392 16393 16394 16396 16401 
pays 16290 
pct-owned 16389 
pct-owner 16273 
peabody 16295 16307 16351 
peace 16242 
peak 16364 
pearson 16240 
pei 16347 
peking 16254 
pembroke 16323 
penalties 16261 
penalty 16261 
pending 16292 
pennsylvania 16347 16394 16396 
pennzoil 16249 16273 16296 16306 16323 16333 16352 16358 
pension 16284 16408 
pensions 16241 
pentland 16307 
peoples 16374 16405 
percentage 16248 16382 
performance 16338 16361 
period 16248 16312 16337 16343 16347 16354 16355 16359 16371 16381 16399 16402 16408 
periods 16342 16354 16364 
permission 16306 16333 
permitted 16292 
personal 16264 
perugia 16402 
perugina 16402 
peter 16273 16277 
petition 16306 16333 16358 
petroleum 16314 
petsos 16318 
pharmaceutical 16321 
pharmaceuticals 16259 
phbk 16374 16405 
phelps 16397 
philip 16353 
photographic 16257 
photonics 16400 
picinich 16358 
pickup 16271 
pie 16247 
piece 16249 
piedmont 16247 
pik 16271 
pipeline 16292 
pisgah 16258 
pittsburgh 16240 16295 16351 
place 16381 
placement 16259 16262 16267 16312 
placing 16367 16381 16399 
plaines 16385 
plan 16278 16306 16373 16381 16389 16398 
planned 16249 16262 16277 16333 16384 
planning 16272 
plans 16253 16261 16262 16273 16276 16284 16336 16357 16364 16373 16384 16389 
plant 16261 16318 16320 16357 16359 16379 
plastics 16398 
platelets 16272 
platinum 16248 
plc 16287 16307 16311 16353 16399 
pledges 16257 
plunge 16249 
plymouth 16332 
pm-uaw 16242 
point 16249 16344 16382 
points 16358 16382 
poland 16241 
policy 16268 16292 
political 16403 
pomeroy 16332 
pont 16325 
poor 16323 16334 16358 
pork 16379 16402 
port 16265 16344 
portfolio 16358 
portfolios 16358 
portland 16263 16374 16405 
portugal 16254 16257 
portuguese 16254 
position 16278 16332 16352 
possibly 16253 16357 
post 16249 16296 16333 16358 
posted 16314 16336 
posting 16249 16304 16310 
postponed 16278 
potential 16268 
power 16357 
powerful 16292 
powers 16257 
precarious 16306 
preceeding 16310 
predator 16249 
predicted 16249 16268 
predicts 16252 
preferred 16262 16308 16313 16326 16340 16352 16397 
preliminary 16272 
premium 16271 16277 16321 16322 
premiums 16271 
preparatory 16318 
prepare 16257 
preparing 16278 
presence 16272 
president 16242 16245 16249 16277 16343 16345 16354 
pressed 16357 
pressure 16292 16383 
pretax 16246 16264 16339 16342 
prevail 16249 
prevent 16257 16381 
preventing 16381 
preventive 16268 
previous 16251 16361 16382 
previously 16261 16262 16278 16292 16333 16354 16398 
previously-announced 16300 
price 16241 16268 16271 16289 16307 16313 16320 16355 16381 16398 
priced 16290 16309 16327 16341 
prices 16241 16268 16270 16271 16314 16358 16381 
pricing 16321 
primarily 16402 
primary 16317 16380 16381 
prime 16254 16338 16367 
prime-1 16330 
principal 16282 16287 
principle 16286 16379 
printing 16258 
prior 16278 16284 16324 16336 16354 16363 16390 16392 16393 16401 
private 16259 16262 16267 16279 16292 16398 
privately 16345 
privately-owned 16287 
privately-placed 16326 
prm 16338 
problems 16245 16306 
proceed 16352 
proceeding 16249 16332 
proceedings 16306 
proceeds 16259 16266 16307 16332 
process 16306 16381 
processing 16286 
processor 16264 
produce 16364 
producer 16270 
produces 16258 16402 
product 16264 16336 16338 
production 16242 16249 16268 16286 
products 16241 16246 16253 16256 16258 16265 16321 16344 16357 16364 16369 16389 16402 16403 
profile 16340 
profit 16244 16301 16332 16336 16342 16346 16348 16402 
profitability 16330 
profitable 16292 16354 
profits 16292 16367 
program 16246 16252 16259 16278 16316 16332 16353 16355 16364 16381 
programs 16355 16404 
progress 16343 
progresses 16264 
project 16318 16364 
prolonged 16359 
promised 16256 
property 16266 16286 16357 
proposal 16245 16249 16253 16256 16277 16278 16357 
proposals 16257 
propose 16257 
proposed 16245 16261 16379 16389 
proration 16247 
prospects 16359 
protect 16366 16381 
protection 16242 16249 16261 16273 16306 16323 16352 16357 16358 16366 16384 
protectionist 16357 
protects 16333 
protein 16271 
prove 16292 16381 
provide 16339 16349 16366 16384 16391 
provided 16251 16332 
province 16318 
provision 16311 16319 16339 16342 16365 16367 16371 16399 
provisional 16282 
provisions 16292 
proxy 16370 
prudent 16369 
prudential 16389 
prudential-bache 16389 
pty 16403 
public 16282 16365 16370 16374 16375 
publicize 16304 
publicly 16407 
publish 16381 
publisher-partners 16364 
pull 16320 
punitively 16292 
purchase 16318 16327 16332 16373 16379 16402 16404 
purchased 16247 
purchases 16357 
purchasing 16391 
purposes 16307 
pursue 16333 
pursure 16345 
put 16320 16332 16352 16399 
puts 16320 16332 16352 
pzl 16249 16273 16306 16323 16333 16352 16358 
qtly 16401 
qtr 16244 16246 16260 16263 16264 16266 16269 16275 16283 16284 16291 16294 16297 16299 16301 16303 16311 16315 16317 16319 16324 16337 16342 16346 16348 16350 16360 16363 16365 16371 16372 16374 16376 16377 16380 16385 16386 16388 16400 16401 16405 
qtx 16306 16333 16352 
quality 16397 
quantitative 16257 
quarter 16240 16248 16252 16264 16275 16278 16283 16284 16312 16336 16339 16342 16343 16344 16346 16347 16354 16357 16361 16364 16367 16369 16399 16402 
quarterly 16240 16390 
quartz 16404 
questions 16245 
quickly 16240 16268 
quietly 16268 
quito 16367 
quotes 16407 
radios 16253 16357 
rainwawater 16261 
raise 16256 16326 
raised 16245 16271 16285 16361 16368 16391 16407 
raises 16241 16242 16267 16304 16326 16390 16407 
raising 16267 16304 
ralph 16271 
range 16241 16256 16261 16282 16352 
rank 16389 
ranks 16389 
rate 16249 16268 16274 16282 16292 16298 16304 16308 16313 16361 16367 16368 16375 16407 
rated 16330 16358 
rates 16251 16268 16274 16336 16375 16379 16383 16399 
rating 16323 16330 16340 16397 
ratings 16330 16358 
rbd 16362 
rbk 16283 16307 
reached 16256 16258 16352 16375 
reaction 16256 
ready 16242 
real 16240 16332 16347 
reasonable 16249 16381 
reasons 16249 
rebbok 16307 
rebound 16358 
rebounded 16358 
recapitalization 16278 
receive 16277 16332 16379 
received 16391 
receiving 16359 
recent 16256 16264 16268 16272 16277 
recently 16292 16389 16391 16395 
recieve 16277 
recipients 16272 
reclassification 16367 
recognised 16292 
recognition 16292 
record 16256 16257 16288 16300 16336 16357 16360 16390 16392 16393 16394 16396 16401 
recorded 16361 
recording 16354 
records 16261 16370 
recouped 16358 
recovered 16278 
recovery 16278 16391 
recruitment 16287 
red 16271 
redeem 16308 16313 16325 
redemption 16313 
redispositions 16268 
reduce 16241 16249 16256 16257 16306 16307 16333 16357 16375 
reduced 16271 16315 16323 16330 16367 16375 16399 
reducing 16307 
reduction 16264 16399 16404 
reductions 16357 
reebok 16283 16307 
referring 16306 16358 
refined 16289 16362 
refining 16323 
reflected 16268 16367 
reflecting 16382 
reflects 16375 
reform 16292 16375 
reforms 16292 
refrigerators 16241 
refusal 16249 16403 
region 16254 
regions 16359 
registering 16257 
registration 16295 16307 
registrations 16279 
regulations 16352 
regulators 16389 
regulatory 16261 16389 
reinforce 16366 
rejected 16389 
related 16272 
relations 16257 16273 
relative 16352 
release 16307 16354 16408 
released 16248 16381 
relief 16323 
religious 16292 
reluctance 16292 
remain 16254 16271 16306 16326 16399 16408 
remainder 16381 16399 
remained 16314 16382 
remaining 16332 16395 
remains 16264 16292 
remedies 16261 
renouncing 16256 
rentals 16246 
renunciation 16257 
reorganization 16249 16306 16323 16358 
repaid 16250 
repayment 16249 
repeatedly 16256 16381 
replace 16364 
replaced 16345 
replacing 16326 
report 16252 16268 16307 16336 16359 16361 16368 
reported 16240 16262 16278 16292 16310 16312 16327 16335 16339 16343 16354 16356 16367 16369 16399 16402 
reportedly 16306 16327 
reporters 16253 16306 16357 16389 
reporting 16336 16369 
reports 16247 16272 
representation 16370 
representatives 16255 16257 
represented 16248 
representing 16247 16306 
represents 16402 
repurchase 16268 16278 16292 16331 16373 16383 
repurchases 16383 
request 16381 
require 16268 16354 
required 16249 16296 16306 16332 16333 16381 
requirements 16250 16261 16332 
requires 16249 
requiring 16381 
research 16268 16384 16389 
reserve 16309 16323 16331 16383 
reserved 16309 
reserves 16250 16252 16286 16331 16381 16383 
residential 16310 
resigned 16240 16345 16354 
resigning 16345 
resigns 16345 
resolution 16403 
resort 16292 
resource 16264 
resources 16286 
respectable 16249 
responds 16286 
responsible 16272 
restated 16365 
restricted 16292 
restrictions 16292 16389 
restrictive 16268 
restructure 16404 
restructuring 16252 16306 16332 
result 16249 16257 16292 16300 16358 16369 16399 
resulted 16252 16336 16389 
resulting 16375 16389 16397 
results 16252 16272 16340 16354 16381 
resume 16381 
resumed 16367 
resurgence 16268 
retail 16389 
retailer 16345 
retained 16373 
retaining 16254 
retaliation 16366 
retaliatory 16257 
retire 16307 
retired 16240 16249 16408 
retirement 16264 
retires 16240 
retractable 16325 
return 16254 16268 16315 
rev 16297 
revaluation 16268 
reveal 16249 
revealed 16354 
reveals 16354 
revenue 16336 16378 16402 
revenues 16249 16264 16283 16336 16343 16354 16375 
reversal 16275 
review 16240 16257 16278 16330 16340 
revised 16251 
revlon 16406 
revs 16244 16269 16275 16283 16284 16299 16301 16317 16324 16337 16342 16346 16347 16348 16350 16360 16371 16376 16377 16386 16388 16400 
rheumatoid 16259 
rhoads 16332 
richards 16287 
richmond 16350 
ridal 16353 
rig 16335 16356 16382 
rights 16384 16409 
rigs 16335 16356 16382 
rise 16241 16248 16268 16281 16367 16399 
risen 16312 
rises 16241 16268 16298 16378 16399 
rising 16241 16268 16310 16343 16357 16382 
risk 16249 16340 
riunite 16322 
riviera 16371 
riyadh 16292 
riyal 16292 
roach 16345 
road 16366 
robert 16252 16277 16332 
robinson 16345 
rock 16332 
rockport 16283 
roebuck 16308 16313 
roll 16271 
romania 16359 
room 16249 
rosario 16249 16352 
rose 16248 16250 16264 16265 16310 16312 16336 16357 16367 16369 16378 16398 16399 16402 
rotary 16335 16356 
rothschild 16249 16352 
rotterdam 16265 16355 
round 16253 16331 16357 
route 16352 
rubber 16252 16408 
rubio 16282 
rule 16254 
ruled 16352 
ruling 16249 16352 
rumors 16278 
run 16256 16358 
running 16352 
s.a. 16322 
s.g. 16322 
s/p 16323 
sa 16267 16322 
sail 16366 
sailed 16366 
salary 16408 
sale 16266 16278 16307 16309 16316 16332 16347 16365 16381 16395 16403 
sales 16246 16264 16266 16283 16289 16332 16333 16381 16385 16402 
sama 16292 
san 16392 16393 16394 16396 16404 
sanctioned 16292 
sanford 16249 16352 
satisfied 16357 
satisfy 16242 
saturday 16249 16253 16334 
saudi 16292 16362 
saudi-arabia 16292 16362 
savings 16277 16319 16363 
schedule 16332 
scheduled 16249 16306 16344 
schedules 16332 
schreyer 16343 
scot.o 16350 
scott 16350 
search 16240 
sears 16308 16313 
seat 16306 16378 
secondary 16293 16295 16309 16351 
sector 16292 16402 
sectors 16361 
secure 16366 
secured 16352 
securities 16278 16287 16292 16295 16307 16323 16326 16331 16358 16365 16370 16374 16381 16383 16389 16391 16395 16396 16397 16398 16405 
securitiesd 16311 
security 16242 
seeded 16359 
seek 16249 16261 16306 16333 
seeking 16249 16306 16370 
seeks 16323 
sees 16261 16369 
sell 16307 16332 16379 16381 
sellers 16358 
selling 16290 16307 16321 16352 16381 
sells 16332 16395 
senior 16240 16256 16271 16292 16323 16330 16340 16354 16397 
sense 16278 
sentiments 16357 
series 16292 16308 16313 16338 16357 
serve 16408 
serves 16408 
service 16271 16287 16330 16340 16358 16375 
services 16246 16262 16349 16367 16382 16387 16403 
session 16245 
set 16252 16279 16280 16292 16309 16331 16355 16366 
setback 16249 
setbacks 16361 16368 
sets 16253 16288 16300 16322 16329 16357 16384 16389 16392 16393 16396 16409 
settle 16249 16261 16306 16352 
settlement 16249 16261 16292 16306 16309 16352 16371 16375 
settles 16352 
sfr 16322 
shakarian 16295 16351 
share 16240 16249 16252 16264 16266 16277 16278 16297 16301 16312 16313 16329 16336 16343 16352 16363 16377 16394 16395 16396 16398 16408 
shareholder 16370 
shareholders 16240 16278 16287 16391 
shareholders' 16262 
shares 16247 16252 16262 16264 16277 16292 16293 16295 16307 16308 16313 16322 16326 16351 16352 16360 16370 16373 16395 16398 16408 
sharia 16292 
sharp 16241 16358 16397 
sharper 16352 
sharply 16352 
shearson 16249 16352 
sheet 16258 
shield 16249 
shift 16292 
shifting 16242 16340 
ship 16366 
shipment 16279 16362 
shipments 16264 
shipped 16327 
ships 16366 
shocked 16292 
shops 16332 
short 16278 16355 16366 
short-dated 16381 
short-lived 16358 
short-term 16274 
shortage 16251 16285 16381 
shortly 16251 16253 16345 16357 
show 16248 16278 16282 16286 16357 
showed 16272 16359 
shown 16268 
shr 16244 16246 16260 16263 16266 16269 16275 16283 16284 16291 16294 16297 16299 16301 16303 16315 16317 16319 16324 16337 16342 16346 16347 16348 16350 16360 16363 16365 16371 16372 16374 16376 16377 16380 16385 16386 16388 16390 16400 16405 
shrs 16244 16246 16263 16266 16269 16275 16283 16284 16315 16317 16324 16337 16346 16347 16348 16350 16371 16376 16385 
shutdown 16339 
sides 16257 16306 
siew 16357 
sight 16250 
sign 16254 
signal 16344 
signalled 16242 16381 
signed 16254 16286 16287 16318 
significant 16249 16264 16272 16340 16354 16397 
significantly 16338 16361 16368 
signs 16264 
silva 16254 
silver 16248 
similar 16254 16256 
similarly 16361 
simplex 16272 
simply 16268 16292 
single 16381 
sir 16252 
site 16261 16349 
situation 16264 
size 16355 
slated 16332 
slaughter 16255 
slightly 16382 
slip 16249 
slipped 16248 16264 
slow 16268 
slowdown 16268 
slowed 16335 16356 
smaller 16268 
smelter 16320 
smsc.o 16346 
so-called 16381 
soaring 16241 
social 16241 16403 
societe 16330 
sod 16371 
soditic 16322 
software 16387 
sold 16278 16279 16295 16332 16351 16353 16381 16395 16403 
sole 16295 
solitron 16371 
source 16332 
sources 16242 16245 16256 16366 16381 
south 16379 16403 
south-africa 16403 
southern 16306 16333 
soviet 16318 16366 
soybeans 16253 16357 
spa 16322 16402 
spain 16257 16282 
spanish 16282 
sparked 16358 
special 16240 16242 16254 
specializes 16391 
specialty 16258 
specific 16336 
spectacular 16268 
speculating 16352 
speculation 16268 16398 
speed 16292 
speeded 16292 
spend 16286 
spending 16241 16364 16384 
spill 16358 
spiller 16277 
spirits 16241 
split 16262 16288 16300 16324 16360 16377 
spokesman 16248 16354 16383 16398 
spot 16289 
spotty 16359 
spread 16367 
spring 16258 16268 16271 16359 
srd 16349 
ss 16387 
ssoa 16387 
st 16271 
stability 16268 
stabilization 16271 
staff 16245 16292 16367 16389 
stake 16307 16370 16395 
stamford 16349 
stance 16292 
stand 16270 
standard 16323 16334 16346 16349 16358 
standpoint 16352 
stands 16359 
standstill 16292 
stanley 16290 
start 16318 16332 16355 
started 16292 16366 
starting 16245 16253 16256 16357 16370 
starts 16364 
state 16241 16249 16257 16306 16333 16341 16352 16358 16364 
state-owned 16290 
stated 16345 
stategy 16404 
statement 16264 16273 16295 16307 16341 16370 16402 
statements 16268 
states 16241 16253 16256 16257 16335 16357 
statistics 16270 16310 
status 16399 
stayed 16306 
stays 16306 16333 16358 
steadily 16257 
steady 16343 16382 
stearn 16354 
stearns 16354 
steel 16358 
stemming 16292 16306 
step 16257 
stephen 16292 
sterling 16353 16361 
stg 16251 16285 16328 16353 16381 
stibnite 16286 
stiff 16257 
stifling 16292 
stock 16249 16252 16258 16259 16262 16268 16277 16278 16288 16292 16297 16307 16310 16324 16326 16334 16340 16352 16360 16361 16363 16373 16377 16381 16395 16397 16398 16404 16405 
stockholders 16307 
stocks/texaco 16352 
stop 16256 
stoppage 16242 
stopped 16292 
storage 16261 
store 16332 
stores 16302 16332 
straight 16361 
straining 16256 
strait 16366 
strategic 16369 
strategy 16242 16249 16292 
street 16332 16352 
strength 16336 
stressing 16389 
stringfellow 16350 
strong 16268 16332 16336 16339 16343 16361 
strongly 16261 
struggle 16249 16333 
stuart 16376 
studies 16272 
studying 16398 
stuh.o 16376 
sturbridge 16275 
subject 16287 16332 16379 
submitted 16278 16375 
subordinated 16323 16340 16370 16391 
subscriptions 16329 
subsequent 16278 16381 
subsidaries 16402 
subsidiaries 16323 16352 16354 16358 
subsidiary 16240 16261 16311 16332 16354 16355 16375 16399 16403 
subsidies 16241 
substantial 16286 16307 16336 16354 16399 
substantially 16340 16356 16381 
succeed 16240 
succesfully 16306 
successful 16381 
successive 16292 
successor 16408 
sue 16261 
sued 16352 
suffer 16256 
sugar 16327 
suggested 16381 
suggestions 16249 
suit 16323 16358 
sulphide 16286 
sulphur 16314 
summer 16358 
sunday 16352 
superminicomputers 16338 
suplliers 16306 
supplemental 16359 16408 
supply 16268 16282 16344 16349 16383 
support 16242 16245 16364 
supported 16330 
supporting 16366 
supreme 16249 16352 
surplus 16256 16257 16357 
surprise 16249 
surprised 16292 
survival 16272 
suspended 16367 
swap 16250 
swaps 16292 
sweeping 16357 
swift 16379 
swiss 16250 16322 16329 16353 
switch 16268 16344 
switches 16344 
switzerland 16250 16322 16329 
syndicate 16307 
syndicated 16361 
system 16249 16254 16272 16292 16309 16331 16381 16383 16403 
systems 16244 16254 16344 16349 16373 
t-bill 16298 
tackle 16292 
taipei 16253 16357 
taiwan 16253 16254 16357 
takeover 16252 
takes 16242 16352 
taking 16332 
talks 16253 16320 16357 16366 
tandem 16344 
tankers 16366 
tap 16381 
taplin 16326 
target 16282 
targeted 16332 
tariff 16253 16257 16357 
tariffs 16253 16256 16257 16357 
tax 16275 16277 16292 16339 16342 16346 16354 16360 16367 16371 16375 
tax-exempt 16367 
tax-free 16392 16393 16394 
taxabale-equivalent 16367 
taxes 16354 16375 
tbcx 16365 
teaming 16349 
technologies 16375 16404 
technology 16286 16349 
telecommunications 16344 
telephone 16375 
teleprinters 16370 
television 16253 16357 
tellers 16332 
temperatures 16359 
temporarily 16268 
temporary 16331 16383 
tender 16247 16327 16381 16395 16398 
tendered 16247 
tendering 16398 
tenn. 16377 
term 16268 16278 16344 16355 
terminal 16271 
termination 16284 
terms 16248 16306 16321 16379 16381 
terrific 16332 
territory 16254 
test 16241 16242 16243 16244 16245 16246 16247 16248 16249 16250 16251 16252 16253 16254 16255 16256 16257 16258 16259 16260 16261 16262 16263 16264 16265 16266 16267 16268 16269 16270 16271 16272 16273 16274 16275 16276 16277 16278 16279 16280 16281 16282 16283 16284 16285 16286 16287 16288 16289 16290 16291 16292 16293 16294 16295 16296 16297 16298 16299 16300 16301 16302 16303 16304 16305 16306 16307 16308 16309 16310 16311 16312 16313 16314 16315 16316 16317 16318 16319 16320 16321 16322 16323 16324 16325 16326 16327 16328 16329 16330 16331 16332 16333 16334 16335 16336 16337 16338 16339 16340 16341 16342 16343 16344 16345 16346 16347 16348 16349 16350 16351 16352 16353 16354 16355 16356 16357 16358 16359 16360 16361 16362 16363 16364 16365 16366 16367 16368 16369 16370 16371 16372 16373 16374 16375 16376 16377 16378 16379 16380 16381 16382 16383 16384 16385 16386 16387 16388 16389 16390 16391 16392 16393 16394 16395 16396 16397 16398 16399 16400 16401 16402 16403 16404 16405 16406 16407 16408 16409 
tests 16272 16286 
texaco 16249 16273 16296 16306 16323 16333 16352 16358 
texaco's 16352 16358 
texas 16249 16271 16306 16332 16333 16335 16352 16354 16358 16360 16395 
therafectin 16259 
therapy 16272 
thin 16358 
thing 16352 
third-largest 16249 
thje 16272 
thomas 16245 
threat 16256 16268 
threaten 16268 
threatened 16268 
three-day 16331 
three-for-one 16324 
three-for-two 16288 
three-judge 16333 
thunder 16364 
thursday 16253 16334 16357 
tidewater 16323 
time 16240 16245 16249 16257 16334 16357 
times 16389 
tire 16252 16408 
tlx 16370 
tobacco 16258 
today 16241 16249 16255 16271 16314 16335 16339 16352 16356 16357 16381 16397 16407 
tokyo 16256 
told 16249 16252 16253 16278 16306 16357 16389 16395 
toledo 16271 
tom 16345 
tomorrow 16309 16338 16355 
ton 16286 
tonne 16327 16362 
tonnes 16265 16318 16327 16362 
tons 16364 
tool 16335 16356 
top 16389 
top-flight 16330 
toronto 16262 16273 16364 16389 
total 16248 16251 16264 16265 16267 16285 16335 16356 16361 16382 
totaling 16280 
totalled 16248 16361 16368 16399 
totalling 16309 
tough 16257 16357 
towson 16288 
trade 16245 16253 16256 16257 16292 16334 16352 16357 
traded 16331 
trader 16358 
traders 16255 16327 16352 16358 16362 
trading 16245 16257 16278 16292 16309 16334 16357 16358 16367 16383 
traditional 16250 16381 
traffic 16265 
trained 16292 
training 16349 
tranche 16355 
trans-lux 16370 
transaction 16379 16395 16398 
transactions 16292 16391 
transfer 16344 
transfusions 16272 
transmission 16272 
travel 16359 
treasurer 16353 
treasury 16245 16381 
treatment 16261 
troubled 16391 
trust 16304 16340 16347 16367 16372 16380 16407 
tully 16343 
turin 16322 
turned 16268 16310 16352 
two-for-one 16262 16300 
tx 16249 16273 16323 16358 
txc 16273 
type 16272 16381 
type= 16243 16260 16276 16280 16281 16291 16293 16296 16298 16301 16302 16303 16305 16308 16328 16372 16406 
u.k 16251 16285 
u.k. 16353 16381 
u.s 16249 16256 16257 16263 16280 16309 16316 16335 16353 16357 16358 16372 16380 16383 16389 16407 
u.s. 16242 16249 16261 16264 16271 16273 16286 16289 16304 16307 16321 16331 16335 16336 16357 16358 16359 16361 16366 16381 16389 16391 16396 
uae 16366 
uaw 16242 
uk 16248 16251 16285 16290 16321 16327 16328 16353 16362 16381 
ultimate 16292 
ultimately 16249 
unaffected 16273 16358 16389 
uncertainties 16361 
uncertainty 16268 
unchanged 16251 16271 16314 16335 16382 
unclear 16292 
uncoded 16258 
undergoing 16272 
underlying 16292 
undersecretary 16318 
understood 16249 
underwrite 16381 
underwriter 16351 
underwriters 16307 
underwriting 16290 16295 16321 16341 16381 
undisclosed 16379 16403 16404 
undoes 16268 
unerg 16267 
uneven 16359 
unfiltered 16310 
unidentified 16402 
union 16242 16318 16366 
unionized 16242 
unit 16252 16261 16325 16332 16349 16354 16375 16389 16398 16403 
united 16242 16253 16357 16366 
unitholders 16300 
units 16300 16302 16332 16339 16358 16370 
unlike 16249 16277 
unload 16366 
unneeded 16249 
unpaid 16313 
unprecedented 16343 
unproc 16301 
unreasonable 16261 
unrest 16241 16403 
unsecured 16352 
unsettled 16264 
unwieldy 16381 
upcoming 16370 16381 
upheld 16249 
ups 16289 16401 
upward 16383 
urged 16292 
usair 16247 
usbc 16263 
usda 16271 
ussr 16318 16366 
ust 16380 
ustc 16407 
ustc.o 16380 
usual 16273 
utilities 16267 16401 
utilization 16382 
va. 16297 16300 16339 16342 16350 
valid 16249 
validly 16247 
vancouver 16286 
varied 16359 
variety 16402 
veg-oil 16362 
venture 16286 16318 16364 
versus 16255 16399 
vessels 16366 
vice 16277 
victory 16326 
vienna 16339 16342 
view 16268 
viewed 16358 
village 16318 
vincent 16357 
virginia 16335 
virtual 16268 16292 
virtually 16292 
virus 16272 
viruses 16272 
vismara 16402 
vitro 16272 
voiced 16389 
volume 16361 16368 
volumes 16399 
vorman 16249 
w. 16240 
w.va. 16244 
wagner 16395 
wall 16332 16352 
wang 16253 16357 
wappingers 16378 
war 16242 16256 16366 
warburg 16322 
warn 16268 
warned 16268 
warrant 16329 
warrants 16329 16387 
wash 16320 
wash. 16320 
washington 16245 16247 16253 16271 16274 16309 16316 16345 16357 16359 16364 16395 
waste 16261 
wastes 16349 
water 16359 
waterbury 16365 
waters 16335 
ways 16366 
weak 16359 
weakness 16268 16358 
weapon 16292 
wednesday 16245 
week 16249 16255 16265 16271 16306 16335 16352 16356 16382 16395 16402 
weekend 16323 16327 16358 
weeks 16257 16292 16359 16382 
weight 16248 
west 16268 16270 16335 16361 
west-germany 16268 16270 
western 16241 16292 
westminster 16311 16399 
wheat 16271 
wheeler 16354 
whilst 16361 
white 16327 
whittled 16249 
wholly-owned 16399 
widely 16249 16381 
widened 16357 
widespread 16310 
wiesbaden 16270 
william 16343 
willingness 16256 
win 16254 
winchester 16297 
wind 16292 
winds 16249 
winston-salem 16390 
winter 16271 16359 
winterkill 16359 
withholding 16292 
witness 16256 
won 16333 
woodward 16345 
work 16242 16252 16318 16349 16379 
workers 16242 16320 
working 16286 16335 16356 16382 
world 16256 16257 16292 
worldwide 16264 16336 16354 16382 
worries 16358 
worsen 16358 
worth 16307 
would-be 16320 
wpi 16270 
writedown 16252 
writing 16258 
wyncote 16347 
wyoming 16335 
year's 16359 
year-ago 16312 16369 
year-end 16344 16389 
year-to-date 16378 
years 16252 16254 16268 16292 16318 16354 16364 16381 16384 16389 16408 
yen 16290 
yesterday 16242 16273 16306 16318 
yield 16355 16393 
yields 16358 
york 16249 16283 16287 16289 16294 16303 16304 16306 16307 16311 16312 16314 16315 16323 16325 16330 16331 16332 16333 16340 16343 16352 16354 16358 16367 16380 16383 16391 16395 16398 16399 16403 16404 16407 
york-based 16287 
zhao 16254 
zhao-ziyang 16254 
ziyang 16254 
zurich 16250 16322 16329 
