'll 5160 
're 5186 5230 
've 5160 5167 5225 
****** 5166 5204 
-amount-in 5213 
-auckland 5173 
-foreign-res 5193 
-imf-talks-hit 5190 
-ivory 5192 
-ivory-coa 5192 
-offers-par 5222 
-soviet-union-t 5180 
.we 5186 
/author 5163 5167 5168 5171 5176 5186 5192 5200 5201 5214 5225 5230 
0.1 5178 
0.2 5238 
0.3 5196 5245 
0.38 5180 
0.4 5210 
0.45 5207 
0.5 5178 5183 5196 5245 
0.51 5207 
0.6800 5189 
0.6900 5189 
0.7 5196 
0.8 5178 5240 
0.9 5215 
0013 5166 
0014 5204 
0028 5219 
0044 5237 
0068 5188 
0072 5202 
0073 5240 
0074 5232 5238 
0075 5211 5247 
0076 5245 
0080 5158 
0081 5162 
0082 5196 5228 
0083 5167 
0084 5168 5174 5224 
0085 5192 5212 5213 
0086 5215 
0087 5172 5194 5236 
0088 5246 
0089 5169 
0090 5164 5185 
0091 5165 5176 5190 5206 5226 
0092 5210 
0094 5159 5191 5205 5217 
0097 5170 
0098 5197 5223 
0099 5231 
00:00:01.81 5192 
00:03:25.13 5193 
00:05:34.82 5158 
00:05:58.72 5159 
00:30:24.67 5160 
00:31:22.58 5161 
00:31:49.03 5194 
00:36:40.10 5195 
00:45:59.79 5196 
0100 5193 5216 
0101 5160 5184 5220 5229 
0102 5239 
0103 5156 5177 5209 
0104 5203 5225 
0105 5171 5200 5218 5227 5241 5250 
0106 5182 5195 5207 
0107 5173 5178 5186 5199 
0108 5230 5248 
0109 5180 5181 5249 
0110 5183 5222 5234 5242 
0111 5189 5201 5208 5235 5243 
0112 5161 5179 
0113 5163 5214 
0114 5233 
0115 5157 5175 
0116 5244 
0117 5187 
0118 5198 
0119 5221 
01:00:02.36 5197 
01:20:30.83 5198 
01:58:52.68 5162 
02:11:36.30 5199 
02:25:10.09 5163 
02:28:01.58 5200 
03-14 5156 5157 
03-15 5158 5159 5160 5161 5162 5163 5164 5165 5166 5167 5168 5169 5170 5171 5172 5173 5174 5175 5176 5177 5178 5179 5180 5181 5182 5183 5184 5185 5186 5187 5188 5189 5190 5191 5192 
03-16 5193 5194 5195 5196 5197 5198 5199 5200 5201 5202 5203 5204 5205 5206 5207 5208 5209 5210 5211 5212 5213 5214 5215 5216 5217 5218 5219 5220 5221 5222 5223 5224 5225 5226 5227 5228 5229 5230 5231 5232 5233 5234 5235 5236 5237 5238 5239 5240 5241 5242 5243 5244 5245 5246 5247 5248 5249 5250 
03:00:35.30 5201 
03:03:34.26 5202 
03:12:25.02 5203 
03:15:23.90 5204 
03:15:50.22 5205 
03:23:16.38 5206 
03:25:53.76 5207 
03:58:34.75 5208 
04:09:11.15 5209 
04:14:13.83 5210 
04:20:09.11 5164 
04:26:49.11 5211 
04:29:51.62 5212 
04:32:18.23 5213 
04:39:56.06 5214 
04:40:55.66 5165 
04:41:19.55 5215 
04:44:55.80 5216 
04:45:46.98 5166 
04:46:35.82 5217 
04:52:38.28 5218 
04:54:47.43 5219 
04:55:35.62 5220 
04:55:45.56 5167 
04:56:40.70 5221 
04:57:01.34 5222 
04:58:09.18 5223 
04:58:17.32 5224 
04:58:31.59 5225 
04:58:51.72 5226 
05:07:11.44 5227 
05:10:58.72 5228 
05:11:41.07 5229 
05:13:28.51 5230 
05:16:48.45 5231 
05:17:33.07 5232 
05:18:09.73 5233 
05:27:27.81 5234 
05:29:06.58 5235 
05:29:24.37 5236 
05:29:40.59 5237 
05:29:51.32 5238 
05:31:16.31 5239 
05:31:50.70 5240 
05:32:07.20 5241 
05:34:24.09 5242 
05:35:28.30 5243 
05:36:21.97 5244 
05:42:40.09 5168 
05:44:13.85 5245 
05:53:06.03 5246 
06:03:49.89 5247 
06:04:38.37 5248 
06:05:32.74 5249 
06:15:07.58 5250 
06:19:34.96 5169 
06:23:12.23 5170 
07:12:06.18 5171 
07:52:42.84 5172 
1,000 5172 
1,142 5215 
1,300 5209 
1-1/2 5239 
1-1/4 5211 
1-3/4 5239 
1.0 5196 5231 
1.02 5193 
1.05 5223 5232 
1.07 5223 
1.1 5181 5196 
1.144 5214 
1.17 5228 
1.2 5214 5238 
1.25 5193 5214 
1.29 5189 
1.3 5171 5235 5238 
1.32 5214 
1.36 5180 
1.4 5196 5234 
1.41 5228 
1.5 5225 
1.54 5181 
1.6 5231 
1.7 5235 
1.70 5216 
1.72 5214 
1.7326 5163 
1.74 5214 
1.8 5240 5244 
1.86 5176 
1.87 5181 
1.9 5234 
10,694 5215 
10-7/16 5232 
10-year 5193 
10.66 5236 
10.7 5210 
10.85 5236 
10069 5156 
10070 5157 
10071 5158 
10072 5159 
10073 5160 
10074 5161 
10075 5162 
10076 5163 
10077 5164 
10078 5165 
10079 5166 
10080 5167 
10081 5168 
10082 5169 
10083 5170 
10084 5171 
10085 5172 
10086 5173 
10087 5174 
10088 5175 
10089 5176 
10090 5177 
10091 5178 
10092 5179 
10093 5180 
10094 5181 
10095 5182 
10096 5183 
10097 5184 
10098 5185 
10099 5186 
10100 5187 
10101 5188 
10102 5189 
10103 5190 
10104 5191 
10105 5192 
10106 5193 
10107 5194 
10108 5195 
10109 5196 
10110 5197 
10111 5198 
10112 5199 
10113 5200 
10114 5201 
10115 5202 
10116 5203 
10117 5204 
10118 5205 
10119 5206 
10120 5207 
10121 5208 
10122 5209 
10123 5210 
10124 5211 
10125 5212 
10126 5213 
10127 5214 
10128 5215 
10129 5216 
10130 5217 
10131 5218 
10132 5219 
10133 5220 
10134 5221 
10135 5222 
10136 5223 
10137 5224 
10138 5225 
10139 5226 
10140 5227 
10141 5228 
10142 5229 
10143 5230 
10144 5231 
10145 5232 
10146 5233 
10147 5234 
10148 5235 
10149 5236 
10150 5237 
10151 5238 
10152 5239 
10153 5240 
10154 5241 
10155 5242 
10156 5243 
10157 5244 
10158 5245 
10159 5246 
10160 5247 
10161 5248 
10162 5249 
10163 5250 
105,000 5214 
105.9 5196 
109.3 5219 
10p 5219 
11,968 5215 
11.11 5236 
11.4 5225 
11.5 5219 
11.7 5172 
11.8 5210 
114.22 5207 
117.4 5196 
117.7 5196 
12.04 5207 
12.1 5172 
12.23 5216 
12.3 5225 
12.50 5190 
12.8 5172 
121.1 5219 
121.5 5238 
122.0 5196 
122.3 5196 
124.16 5207 
124.6 5219 
12p 5219 
13-nation 5167 
13-year 5167 
13.3 5209 
13.6 5183 
13.7 5172 
13/14 5208 
130,000 5214 
131.32 5163 
132.1 5219 
132.79 5207 
137,600 5214 
137.8 5245 
14-mar-1987 5156 5157 
14.3 5181 
14.9 5193 
141.6 5178 
142.2 5245 
142.7 5245 
149,755 5175 
15-mar-1987 5158 5159 5160 5161 5162 5163 5164 5165 5166 5167 5168 5169 5170 5171 5172 5173 5174 5175 5176 5177 5178 5179 5180 5181 5182 5183 5184 5185 5186 5187 5188 5189 5190 5191 
15-member 5226 
15.3 5219 
15.5 5214 
15.73 5216 
15.8 5167 
15.9 5235 
16-mar-1987 5192 5193 5194 5195 5196 5197 5198 5199 5200 5201 5202 5203 5204 5205 5206 5207 5208 5209 5210 5211 5212 5213 5214 5215 5216 5217 5218 5219 5220 5221 5222 5223 5224 5225 5226 5227 5228 5229 5230 5231 5232 5233 5234 5235 5236 5237 5238 5239 5240 5241 5242 5243 5244 5245 5246 5247 5248 5249 5250 
16.07 5216 
16.25 5207 
16.6 5167 5225 
17.07 5216 
170-year-old 5177 
18-month 5179 
18.1 5220 
18.2 5194 5212 
18.61 5163 
18.8 5212 
180,000 5214 
18:57:22.52 5173 
19-22 5168 5192 
19/20 5208 
190,742 5185 
193,060 5218 
1934 5201 
1960s 5180 
1971 5202 
1977 5180 
1978 5193 
1980 5196 5238 
1981 5245 
1982 5179 
1983 5171 5178 5221 
1984 5165 5172 5200 5201 5203 
1985 5167 5171 5172 5178 5181 5183 5207 5225 5231 5235 5245 
1985/86 5175 
1986 5163 5171 5172 5178 5181 5183 5185 5188 5194 5205 5210 5212 5214 5215 5216 5218 5220 5225 5231 5235 5236 5240 5245 
1986/87 5175 
1987 5159 5172 5178 5184 5210 5214 5225 5234 5235 5238 
1987/88 5187 5206 5208 
1988 5159 5181 5194 5219 5230 5235 
1992 5180 5211 
2,000 5244 
2,600 5208 
2.09 5225 
2.1 5185 5196 5231 
2.3 5196 
2.30 5216 
2.35 5228 
2.45 5225 
2.49 5181 
2.5 5220 
2.50 5181 
2.9 5172 5244 
2.97 5181 
20,000 5172 
20.02 5216 
20.68 5216 
200,000 5185 5242 
205,060 5218 
209,000 5230 
20:36:50.89 5174 
21.4 5225 
210,000 5244 
21:54:20.84 5175 
225,576 5218 
22:04:48.36 5176 
22:38:51.07 5177 
22:50:35.41 5178 
22:54:27.96 5179 
23.77 5234 
231,722 5191 
233,313 5191 
233,641 5191 
237.74 5228 
238.11 5248 
239p 5213 
23:02:29.38 5180 
23:06:17.66 5181 
23:10:51.98 5182 
23:20:06.27 5183 
23:21:52.88 5184 
23:23:47.28 5156 
23:24:30.61 5185 
23:28:04.56 5186 
23:28:27.43 5187 
23:32:09.01 5188 
23:35:37.83 5189 
23:36:54.12 5157 
23:37:04.09 5190 
23:52:53.51 5191 
25,000 5244 
25th 5167 
260.5 5158 
262p 5213 
267,807 5191 
268,038 5191 
27.2 5186 
27.8 5233 
270,000 5214 
270,400 5218 
273,300 5218 
274,531 5191 
28,439 5215 
286,440 5218 
287,940 5218 
29.5 5212 
2cv 5172 
3,000 5244 
3,700 5209 
3.03 5207 
3.07 5207 
3.1 5219 5244 
3.2 5172 
3.35 5225 
3.37 5214 
3.4 5241 
3.40 5214 
3.44 5214 
3.5 5245 
3.6 5178 5196 
3.7 5245 
3.80/90 5241 
3.90/4.0 5241 
3.95 5241 
300,000 5244 
30p 5219 
332,995 5218 
34.59 5183 
36,400 5214 
365,000 5214 
37,600 5214 
37.4p 5219 
370,000 5195 
38.20 5222 
385,000 5214 
388.11 5248 
399,000 5214 
4.0 5241 
4.133 5167 
4.2 5225 
4.3 5220 
4.4 5178 
4.56 5236 
4.6 5245 
40,000 5244 
40.25 5203 
421,000 5214 
424.81 5163 
425,000 5214 
44.5 5219 
45.51 5207 
45.64 5207 
450,000 5185 
451.51 5163 
46.5 5219 
460,000 5214 
480,000 5175 
49.6 5187 
5,000 5156 5246 
5-3/4 5213 
5.1 5212 
5.10 5236 
5.2 5219 
5.36 5236 
5.4 5210 
5.7 5225 
5/8 5211 
50,000 5209 
51,000 5214 
51,300 5214 
5156 5156 
5157 5157 
5158 5158 
5159 5159 
5160 5160 
5161 5161 
5162 5162 
5163 5163 
5164 5164 
5165 5165 
5166 5166 
5167 5167 
5168 5168 
5169 5169 
5170 5170 
5171 5171 
5172 5172 
5173 5173 
5174 5174 
5175 5175 
5176 5176 
5177 5177 
5178 5178 
5179 5179 
5180 5180 
5181 5181 
5182 5182 
5183 5183 
5184 5184 
5185 5185 
5186 5186 
5187 5187 
5188 5188 
5189 5189 
5190 5190 
5191 5191 
5192 5192 
5193 5193 
5194 5194 
5195 5195 
5196 5196 
5197 5197 
5198 5198 
5199 5199 
52.25 5203 
52.7 5171 
5200 5200 
5201 5201 
5202 5202 
5203 5203 
5204 5204 
5205 5205 
5206 5206 
5207 5207 
5208 5208 
5209 5209 
5210 5210 
5211 5211 
5212 5212 
5213 5213 
5214 5214 
5215 5215 
5216 5216 
5217 5217 
5218 5218 
5219 5219 
5220 5220 
5221 5221 
5222 5222 
5223 5223 
5224 5224 
5225 5225 
5226 5226 
5227 5227 
5228 5228 
5229 5229 
5230 5230 
5231 5231 
5232 5232 
5233 5233 
5234 5234 
5235 5235 
5236 5236 
5237 5237 
5238 5238 
5239 5239 
5240 5240 
5241 5241 
5242 5242 
5243 5243 
5244 5244 
5245 5245 
5246 5246 
5247 5247 
5248 5248 
5249 5249 
5250 5250 
53.2 5241 
54.44 5170 
54.5 5241 
54.7 5241 
55,000 5156 5244 
56,000 5185 
57.0 5241 
570,000 5175 
578p 5212 
6,000 5175 
6-1/8 5237 
6.4 5188 
6.5 5172 
6.95 5207 
60,000 5214 
60.0 5241 
61.46 5170 
61.8 5235 
62.8 5219 
63.0618 5163 
650-seat 5161 
653,411 5218 
68.35 5234 
68.72 5170 
69.50 5170 
7.18 5216 
7.25 5167 
7.43 5216 
7.5 5205 5225 5239 
7.6 5205 
7.7 5188 5210 
7.9 5173 
7/8 5186 
700,000 5156 
76.6 5219 
76.93 5170 
79.1 5235 
7p 5219 
8,328 5210 
8-10 5194 
8.00 5214 
8.1 5214 5225 
8.11 5214 
8.32 5216 
8.5 5181 
8.52 5214 
850,000 5244 
872,000 5214 
9.1 5219 
9.3 5220 
9.4 5186 5233 
9.55 5207 
9.62 5202 5213 
9.7 5235 
9.8 5210 
9.86 5207 
915,000 5214 
948,000 5244 
95,000 5214 
952.6 5219 
97.3 5178 
970.1 5219 
9801 5229 
99.03 5170 
99.9 5235 
`` 5157 5159 5160 5162 5163 5164 5165 5167 5171 5172 5176 5177 5179 5182 5186 5193 5194 5195 5199 5200 5201 5206 5214 5217 5225 5226 5227 5229 5230 5235 5244 
a/s 5211 5214 
ab 5214 
abal-khail 5171 5182 
abdulaziz 5171 5184 
abha 5171 5182 5184 
abide 5167 
abiding 5167 
abidjan 5168 5192 
abolish 5190 5217 
abroad 5184 5200 5230 
absence 5182 
absolutely 5241 
abu 5237 
accelerate 5235 
accept 5173 5186 
acceptable 5193 
accepted 5156 5173 
accomplices 5200 
accord 5168 5171 5176 5183 5186 5192 5195 
accordance 5181 
account 5189 
accounting 5186 5225 5249 
accounts 5163 5179 
accrue 5235 
accumulated 5163 
accused 5184 
achieve 5163 5235 
achieved 5163 5225 
acq 5162 5177 5203 5212 5226 5234 
acquah 5190 
acquired 5203 5230 5234 
acquisition 5234 5249 
act 5163 5171 5177 5217 
acted 5195 
acting 5185 
action 5155 5156 5169 5173 5176 5177 5182 5206 5208 5229 
activities 5201 5225 
activity 5170 
actual 5175 5244 
add 5223 5241 
added 5162 5163 5165 5169 5172 5174 5177 5183 5185 5200 5201 5205 5206 5207 5209 5210 5214 5217 5225 5226 5230 5235 5236 5238 5241 
adding 5163 5206 5225 5235 
addition 5185 5244 
additional 5230 
address 5157 
addressed 5217 
adds 5241 
adequate 5193 
adhere 5167 
adhered 5179 
adjust 5176 5179 5246 
adjusted 5196 5215 
adjustment 5199 
administration 5160 5176 5249 
admission 5157 5182 
admitted 5157 
adopt 5201 
adopted 5195 
advanced 5230 
advantage 5177 
adversely 5189 
advice 5157 
advise 5177 
advised 5157 
advisers 5157 
advisory 5186 
affair 5157 5159 5200 5225 
affect 5156 5159 5201 
affected 5169 
affecting 5223 
affiliate 5233 5239 
afraid 5163 
africa 5190 5203 
african 5168 5192 
ag 5159 5162 5200 5201 5230 
ageing 5180 
agency 5165 5167 5214 5220 5225 5244 5249 
agenda 5176 
aggressive 5225 
ago 5157 5163 5181 5214 5216 5236 
agree 5201 5208 
agreed 5160 5163 5167 5168 5176 5192 5195 
agreement 5165 5167 5171 5176 5180 5186 5193 5195 5234 
agreements 5163 5167 5176 
agricultural 5169 5214 
agriculture 5168 5170 5185 5192 5214 
ahead 5159 5161 5171 5186 5199 5208 5229 
ahln.as 5225 
ahmed 5167 
ahold 5225 
aid 5165 5189 5193 5235 
aide 5208 
aim 5164 
aimed 5164 5171 5230 
aiming 5172 
aims 5168 5192 5214 5235 
air 5171 
aircraft 5171 5189 
aires 5227 
airline 5198 
aisin 5242 
akbar 5164 
al-faisal 5184 
al-rifa'i 5193 
al-salim 5171 5184 
alan 5186 5226 
algeria 5193 
ali 5164 5171 5182 
alice 5201 
allan 5200 
alleged 5200 
alleges 5229 
allen 5226 
alliance 5161 5162 
allocate 5241 
allowed 5167 5181 5183 5201 
ally 5180 
alsf.pa 5246 
alsthom 5246 
alter 5167 
alterations 5201 
altered 5200 5214 
alternatives 5177 
alum 5243 
aluminium 5180 5243 
amalgamated 5214 
ambassador 5180 
amendments 5208 
american 5179 5197 5242 
americas 5203 
amid 5183 
amman 5193 
amministrazioni 5248 
amount 5187 5202 5209 5213 5224 5233 5248 
amounts 5232 
amsterdam 5225 5230 
analyst 5225 
analysts 5167 5176 5208 5214 5225 5229 5234 
andres 5226 
angela 5173 
announced 5163 5200 5222 5234 5235 
announcement 5167 5200 5234 5248 
annual 5225 5242 
annually 5193 
anomalous 5163 
anonymous 5180 5201 5230 
anti-ec 5169 
anti-inflation 5156 
anticipation 5241 
antonio 5163 
anwar 5180 
apparent 5160 5171 
appealed 5163 
appeared 5155 
appears 5199 5229 
applications 5230 5235 
applied 5162 5201 5206 
applies 5237 
apply 5181 
appointed 5177 
appreciation 5210 
approach 5176 
approval 5169 5187 5248 
approvals 5235 
approve 5248 
approved 5173 5187 5201 
approves 5187 
april 5176 5177 5206 5208 5209 5211 5222 5229 5230 5232 5248 
aquino 5163 5233 5235 
arab 5193 5237 
arabia 5167 5170 5171 5182 5184 5193 5244 
arabian 5167 5171 5244 
arap 5165 
area 5214 
areas 5159 5185 5214 5225 5230 
argentina 5169 5227 
argentine 5197 5227 
argentine/paraguay 5197 
argue 5249 
argument 5169 
arising 5156 
arjen 5225 
armed 5164 
arms 5157 5180 
arose 5182 
aroused 5163 
arranged 5179 
arrived 5190 5227 
arsenal 5180 
article 5217 
arusha 5185 
asahi 5208 
ase 5225 
asked 5159 5160 5176 5180 5206 5248 
asks 5248 
assembled 5171 
assemblies 5208 
assembly 5208 
assemblymen 5208 
assess 5249 
assessing 5201 
assessments 5201 
asset 5249 
assets 5158 5163 5188 5203 5216 5235 5248 
assigned 5201 
assistance 5223 5232 5235 
assistant 5190 
associate 5163 
associates 5163 5235 
association 5201 5214 
associations 5201 
assured 5165 
assures 5165 
atkinson 5217 
attain 5167 
attempt 5155 5169 5201 
attempts 5163 
attend 5168 5171 5192 
attitude 5160 
attract 5217 5230 
attracted 5235 
attractively 5225 
attributed 5240 
auckland 5173 
auction 5190 5217 
auctions 5190 
audience 5164 
audiences 5162 
augur 5195 
august 5167 5179 5231 5235 
aulnay-sous- 5172 
australia 5189 5199 5203 
australian 5188 5189 5199 5226 
australian-based 5234 
author 5163 5167 5168 5171 5176 5186 5192 5200 5201 5214 5225 5230 
authorisation 5208 
authorised 5158 5248 
authoritative 5244 
authorities 5176 5201 
authority 5218 
automated 5230 
automobiles 5172 
autumn 5214 
availability 5181 
average 5172 5214 5225 5241 
averaging 5167 
avoid 5167 5201 5249 
avoided 5200 
avoiding 5155 
awaiting 5249 
ax 5172 
ayatollah 5164 
ba 5198 
back 5163 5169 5176 5179 5221 5225 
back-office 5230 
backed 5169 5233 
backing 5168 5171 5192 
bad 5178 5179 
baer 5230 
baghdad 5244 
baker 5176 5186 
balance 5165 5189 5201 5214 
balanced 5225 
balances 5174 5223 
baldrige 5160 
banana 5163 
bancaire 5228 
bangladesh 5207 
bank 5156 5158 5163 5171 5173 5174 5176 5179 5181 5186 5188 5190 5193 5197 5198 5199 5200 5201 5204 5206 5207 5213 5216 5217 5223 5225 5226 5227 5230 5232 5233 5234 5237 5249 
bank-led 5235 
banker 5179 5186 5217 
bankers 5165 5171 5176 5179 5184 5186 5193 5201 5223 5230 5249 
bankiers 5225 
banking 5186 5190 5198 5200 5201 5217 5228 
banks 5156 5171 5179 5186 5198 5200 5201 5206 5225 5227 5230 5241 5249 
banque 5179 5239 
barely 5175 
bargaining 5221 
barrel 5167 5171 5206 
barrels 5167 
base 5196 5201 5235 5238 5245 
base-metal 5203 
based 5163 5170 5171 5180 5200 5210 5225 5230 
basic 5195 5214 
basis 5201 5207 5228 5249 
basket 5193 
basle 5230 
bassiouni 5180 
bc- 5188 5192 5222 
bc-alsthom-plans-electri 5246 
bc-australian-current-ac 5189 
bc-australian-economy-ne 5199 
bc-baldrige-warns-of-wor 5160 
bc-bangladesh-money-supp 5207 
bc-bank-of-china-increas 5158 
bc-bank-of-japan-satisfi 5204 5206 
bc-bhp-to-merge-bhp-mine 5203 
bc-bond-defers-rights-is 5234 
bc-brazil-airline-seen-i 5198 
bc-brazilian-bank-worker 5156 
bc-bridgestone-and-clevi 5247 
bc-bundesbank-adds-money 5241 
bc-carlton-buys-stake-in 5212 
bc-china-reports-700-mln 5220 
bc-cie-bancaire-in-one-f 5228 
bc-citroen-expects-highe 5172 
bc-club-med-asks-shareho 5248 
bc-coupon-set 5213 
bc-delors-quoted-favouri 5162 
bc-dutch-cost-of-living 5238 
bc-economic-spotlight 5225 5230 
bc-egypt 5180 
bc-european-beet-plantin 5214 
bc-exsportfinans-launche 5211 
bc-finnish-inflation-fal 5245 
bc-german-banking-author 5201 
bc-german-retail-turnove 5205 
bc-harper-and-row- 5177 
bc-helaba-unit-issues-lu 5239 
bc-imf-assures-kenya-of 5165 
bc-israeli-inflation-rat 5231 
bc-ivory-coast-confirms 5168 
bc-japan's-dowa-mining-t 5209 
bc-japan's-nec-threatens 5229 
bc-japan-banks-face-big 5249 
bc-japan-business-declin 5210 
bc-japan-firms-sell-gene 5197 
bc-japan-january-industr 5196 
bc-japan-line-selling-ta 5191 
bc-khomeini-warns-agains 5164 
bc-lange-predicts-n.z.-i 5194 
bc-leading-industrial-na 5176 
bc-malaysia's-gold-and-f 5216 
bc-malaysia-welcomes-acc 5195 
bc-malaysian-crude-palm 5218 
bc-manila-government-to 5226 
bc-mees-says-second-week 5244 
bc-new-saudi-share-index 5170 
bc-new-zealand-cancels-w 5174 
bc-new-zealand-governmen 5202 
bc-no-taiwan-sugar-expor 5175 
bc-norway's-trade-defici 5236 
bc-opposition-to-propose 5208 
bc-panel-head-says-marco 5163 
bc-paribas-plan-to-adjus 5179 
bc-pearson-concentrates 5250 
bc-pearson-plc- 5219 
bc-pechiney-signs-letter 5243 
bc-peru-begins-foreign-e 5181 
bc-philippine-capital-fu 5233 
bc-philippines'-ongpin-o 5186 
bc-philippines-sees-1987 5235 
bc-polls-predict-swing-t 5221 
bc-reagan-says-he-wrong 5157 
bc-saudi-arabia-to-exami 5182 
bc-saudi-businessmen-to 5171 
bc-saudi-economic-outloo 5184 
bc-saudi-oil-minister-fo 5166 
bc-saudi-oil-minister-se 5167 
bc-south-china-storms-ki 5224 
bc-soviet-figures-show-e 5178 
bc-swedish-industrial-pr 5240 
bc-swiss-unemployment-fa 5215 
bc-taiwan-cabinet-approv 5187 
bc-taiwan-says-u.s.-want 5183 
bc-tanzania-wants-to-exp 5185 
bc-tense-trade-ties-to-d 5169 
bc-thatcher-party-has-ni 5161 
bc-toyota-likely-to-name 5242 
bc-treasury 5193 
bc-u.k.-money-market-giv 5232 
bc-u.k.-money-market-off 5223 
bc-u.s.-banker-urges-fas 5217 
bc-uae-government-paper 5237 
bc-vw-affair-could-delay 5159 
bc-vw-currency-losses-se 5200 
bc-wellington 5173 
bc-world-bank-vice-presi 5227 
bc-zambia 5190 
bearer 5230 
becker 5201 
beet 5214 
beg 5164 
began 5178 5195 5214 
begin 5180 5195 5228 5241 
beginning 5200 5201 5206 
begins 5181 
begun 5170 5206 5241 
behalf 5167 5241 
behave 5164 
belgrade 5155 
believes 5172 
benchmark 5171 5186 
benedicto 5163 
beneficial 5176 
benefitted 5210 
benguet 5163 
berne 5215 
beset 5161 
bhp 5203 
bhp-utah 5203 
bid 5162 5177 5230 
bids 5177 
big 5171 5200 5249 
biggest 5161 5226 
bilateral 5235 
bild 5159 
bill 5160 5165 5169 5174 5181 5186 5223 5232 5235 
billed 5230 
billion 5158 5163 5169 5171 5172 5178 5179 5180 5181 5183 5184 5186 5187 5188 5189 5193 5197 5200 5207 5211 5216 5220 5223 5225 5228 5232 5233 5234 5235 5236 5241 5249 
bills 5208 5223 5232 
binacional 5197 
binney 5217 
bit 5171 
bka 5200 
black 5209 
blah 5166 5204 
blaming 5225 
bloated 5171 
bloc 5200 
block 5230 
blocked 5180 
board 5159 5177 5178 5183 5200 5214 5226 
boards 5163 
boeing 5198 
bois 5172 
bold 5184 
bollag 5230 
bolstered 5210 
bomani 5185 
bona.s 5234 
bond 5187 5217 5226 5234 
bonds 5187 5211 5217 
bonn 5159 5176 
bonus 5228 
book 5249 
books 5230 
boom 5163 5206 5225 
boost 5168 5171 5172 5176 5192 5206 5214 5230 
boosted 5167 
bop 5189 
borchert 5159 5200 
borders 5200 
borne 5201 
borrowed 5202 
borrower 5239 
borrowers 5179 5201 5233 
borrowings 5234 
borrows 5202 
bottom 5210 5225 
bottoming 5210 
bought 5232 5234 
bound 5161 
bourse 5222 5230 
bourses 5230 
box 5213 
boycotts 5208 
bpd 5167 5244 
bra 5168 5192 
brace 5177 
bracken 5219 
brake 5225 
branch 5200 
branches 5249 
brazil 5156 5169 5198 5203 
brazilian 5156 
breached 5176 5244 
break 5240 
breaking 5214 
brewer 5226 
brewery 5163 
brewing 5226 
bridged 5171 
bridgestone 5247 
bring 5203 5221 
brit.t 5247 
britain 5161 5167 5169 5176 
british 5164 5171 5176 5201 5214 
brittany 5172 
brkn.s 5203 
broad-based 5207 
broadcasting 5164 
broadly 5176 5225 
broke 5157 5180 5214 
broken 5203 
broker 5163 
brokerage 5217 5230 
brokers 5163 5200 5230 
brothers 5233 
brought 5201 
brussels 5169 
bud 5203 
budapest-based 5200 
budget 5171 5176 5184 5187 5208 5214 
budgetary 5172 
buenos 5227 
buffer 5168 5192 5195 
build 5176 5185 5214 
building 5234 
buildings 5234 
built 5172 
bulk 5191 5200 5241 
bulkers 5191 
bull 5225 
bumper 5185 5225 
bundesbank 5176 5201 5241 
buoyant 5225 
bureau 5189 5220 5231 5236 5240 
bureaucrats 5217 
burkhard 5159 5200 
bury 5176 
business 5158 5159 5171 5177 5199 5201 5203 5210 5217 5225 5226 5230 
businessman 5163 5226 
businessmen 5171 5182 5184 
buy 5162 5200 5233 5234 
buyer 5186 
buying 5226 
buys 5212 
by-election 5161 5208 
cabinet 5187 
cairo 5180 
calendar 5194 
call 5161 5241 
called 5165 5167 5200 5217 5233 
calling 5244 
calls 5176 
calm 5155 5156 5176 
calvet 5172 
camdessus 5165 
campaigned 5208 
campaigning 5208 
campinas 5156 
canada 5169 5176 5198 5203 
cancellation 5246 
cancelled 5174 
cancels 5174 
candidate 5162 
candidates 5208 
canefields 5175 
canton 5224 
capacity 5185 5199 5242 
capital 5158 5159 5168 5171 5192 5199 5201 5217 5221 5222 5225 5228 5233 5247 5248 
car 5172 5238 5242 5247 
careful 5177 
carefully 5177 
carlton 5212 
carmaker 5159 
carried 5157 5230 
carriers 5191 
carries 5179 
carry 5163 
carrying 5210 
cars 5172 5242 
case 5157 5163 5200 5214 
cases 5182 5200 
cash 5159 5163 5174 5186 5200 5212 5217 
caspar 5157 
cast 5221 
cattleya 5191 
caught 5171 
caused 5179 5184 5190 
cautious 5225 5241 
cautiously 5186 
ccml.l 5212 
cease 5176 
ceiling 5167 5181 5190 5244 
cent 5172 5194 
central 5159 5176 5178 5181 5185 5186 5190 5193 5200 5203 5206 5207 5212 5216 5231 5234 5236 5237 5240 5241 5245 
centrale 5214 
centre 5155 5170 5200 5217 5234 
centrist 5161 5208 
cents 5183 5195 
cereals 5169 
ceremonies 5168 5192 
certificates 5163 5237 
cgct 5162 
chain 5225 
chairman 5163 5168 5177 5192 5195 5200 5203 5206 5217 5226 
chaitanya 5163 
chamber 5182 
chambers 5171 
chance 5169 
change 5167 5176 5206 5214 5230 
changed 5161 5167 5206 5214 
changing 5201 
charged 5156 5163 
charges 5200 
chase 5217 
chief 5159 5177 5200 5203 
chile 5203 
china 5158 5220 5224 
choice 5162 5229 
christmas 5240 
cie 5162 5228 
circulating 5163 
circulation 5163 5216 5223 
circumstances 5167 5201 
cited 5184 5206 
citroen 5172 
city 5156 5249 
civilian 5164 
claim 5173 
claimed 5186 
classes 5177 
clear 5155 5183 
clearing 5159 5200 5230 
clevite 5247 
clients 5241 
climate 5163 
clinched 5186 
cln 5225 
close 5163 5172 5183 5186 5208 5230 
closer 5162 
closest 5201 
closing 5213 
clothing 5238 
club 5248 
cm 5248 
cmi.pa 5248 
co-managers 5239 
coal 5180 5203 
coast 5168 5192 
coax 5225 
cocoa 5168 5192 
coffee 5165 5238 
coinciding 5203 
coking 5203 
cold 5240 
collapse 5249 
collapsed 5224 
cologne 5201 
combinations 5177 
combined 5214 
coming 5163 5194 
comment 5176 5191 5226 
commented 5200 
commenting 5200 
comments 5176 5206 
commerce 5160 5171 5180 5182 5184 
commercial 5179 5186 5193 5198 5201 5209 5217 5234 
commission 5162 5163 5169 5214 5226 
commissions 5217 
commitments 5176 5193 
committed 5235 
committee 5177 5182 5186 5208 5217 5244 
common 5169 5200 5203 
commons 5161 
commonwealth 5199 
communications 5212 
community 5162 5169 5171 5214 
compact 5172 
company 5156 5159 5175 5177 5188 5197 5198 5203 5209 5214 5226 5229 5230 5234 5246 5247 5248 
company-made 5242 
comparative 5220 
compared 5171 5172 5178 5181 5187 5205 5215 5225 5231 5236 5240 5244 
compares 5175 5225 
compatible 5229 
compensate 5167 5214 
compete 5172 
competition 5167 5230 
competitive 5201 
competitors 5230 
complement 5169 
complete 5214 
completed 5230 5234 
completely 5206 5230 
complex 5201 5234 
complicated 5201 
complication 5201 
comply 5226 
composite 5163 
compounding 5156 
comprehensive 5217 
compromise 5208 
computer 5229 5230 
computers 5229 
concentrated 5185 
concentrates 5250 
concept 5186 
concern 5169 5176 5182 5214 5226 
concerned 5163 
concessional 5235 
conclude 5190 
concluded 5176 
conclusion 5177 
conclusions 5201 
concrete 5182 
conditions 5167 5176 5179 
conduct 5159 5176 
conducted 5210 5230 
confederation 5156 
conference 5171 5182 5184 5194 5195 
confessions 5163 
confidence 5167 5171 5193 5225 
confident 5206 
confined 5230 
confirmed 5168 5192 
confirms 5168 5192 
conglomerate 5163 5171 5226 
congress 5160 5169 5176 
congressional 5163 
connunications 5162 
conservative 5208 5230 
conservatives 5161 5221 
conserve 5186 
considerable 5177 5230 
consideration 5212 
consist 5209 5242 
consistent 5186 5214 
consists 5209 
consolidate 5203 
consolidated 5201 
consortium 5197 5234 5243 
construction 5171 5187 5234 
constructions 5162 
consult 5167 
consultative 5235 
consumed 5185 
consumer 5245 
consumers 5168 5192 5195 
consumption 5175 
contained 5208 5227 
content 5242 
continuation 5177 
continue 5165 5167 5176 5190 5199 5206 5208 5225 
continued 5168 5171 5176 5192 5200 5225 
continues 5208 
continuing 5172 5193 5225 
continuous 5230 
continuously 5230 
contra 5157 
contract 5171 5182 5197 5200 5230 
contracted 5214 
contracting 5171 
contractor 5182 
contractors 5182 
contracts 5182 5200 5201 5230 5246 
contractual 5182 
contribute 5189 
control 5159 5163 5164 5171 5226 
controlled 5163 
controllers 5200 
controls 5163 5178 5200 5217 5226 5229 5231 
controversial 5169 
convened 5168 5192 
conversion 5213 
convert 5186 5233 
converted 5201 
convertible 5213 
convince 5214 
convinced 5171 5176 
cooperate 5167 5206 
cooperation 5162 5167 5180 
coordinated 5176 5206 
cope 5201 
copper 5203 5209 
copyrights 5229 
corazon 5163 5233 5235 
cordero 5179 
corn 5185 
corners 5169 
corporate 5171 5206 5210 5225 
corporation 5164 
corps 5164 
correct 5226 
corrected 5192 5226 
corsa 5172 
cosmetics 5243 
cost 5159 5179 5190 5230 5238 5249 
costs 5169 5214 
council 5157 5168 5181 5192 
counter 5217 
counter-proposal 5186 
counterparties 5201 
counties 5224 
countries 5167 5169 5176 5193 5195 5198 5206 5244 
country 5155 5163 5165 5167 5168 5178 5179 5181 5185 5186 5192 5227 5230 
coup 5163 
coupled 5208 
coupon 5202 5211 5213 5239 
coups 5163 
court 5163 5208 
cover 5208 5230 
covered 5230 
covering 5198 5208 5243 
covert 5244 
cpb 5225 
cpi 5194 5231 5238 5245 
cpo 5218 
craig 5233 
crates 5163 
create 5163 5177 5217 
credibility 5193 
credit 5176 5201 5219 
creditor 5227 
creditors 5186 5233 
credits 5179 
creditworthiness 5201 
criminal 5159 5200 
crisis 5157 5179 
criteria 5186 
critical 5199 
criticism 5242 
cronies 5163 
crop 5185 5214 
crops 5224 
cross 5177 
cross-currency 5201 
crowns 5236 
crucial 5176 
crude 5156 5166 5167 5171 5218 5236 5244 
cukropol 5214 
culprits 5200 
cumulative 5216 
curb 5169 5171 5176 
curbs 5167 
currencies 5176 5193 5200 5201 5225 
currency 5159 5163 5169 5176 5183 5190 5200 5201 5206 5216 5225 5241 
current 5167 5176 5177 5180 5186 5187 5189 5190 5195 5204 5206 5210 5225 5227 5249 
curry 5203 
cushion 5181 
cushioning 5247 
customer 5163 
cut 5160 5167 5169 5171 5172 5176 5206 5214 5229 
cuts 5155 5176 5246 
cutting 5176 
cyprus 5244 
cyprus-based 5244 
daily 5158 5208 5227 5241 
dairy 5169 
dam 5197 
damage 5175 5179 5224 
damaged 5224 
damaging 5169 
dampen 5190 
danger 5160 
daniel 5165 
danske 5214 
dar 5185 
data 5178 5200 5205 5208 
david 5194 5227 
day 5163 5167 5171 5172 5182 5208 5221 5230 
days 5181 5205 5208 5221 
de 5156 5162 5214 5228 5239 5246 
de-regulate 5217 
deal 5157 5173 5179 5180 5186 5198 5200 5234 
dealer 5200 5230 
dealers 5176 5230 5241 
dealing 5165 5193 5200 5230 
deals 5244 
dealt 5200 
debate 5169 5208 
debit 5219 
debt 5171 5179 5180 5181 5186 5193 5233 5244 
debt-equity 5235 
debtor 5186 
dec 5219 
deceive 5200 
december 5167 5171 5172 5188 5189 5190 5196 5205 5207 5214 5222 
decide 5156 5167 5181 5249 
decided 5157 5159 5177 
decision 5163 5168 5176 5177 5192 
decisions 5214 
decline 5170 5178 5189 5210 5225 
declined 5167 5176 5186 5191 5201 5206 5225 5226 5241 5242 
decrease 5210 
decree 5181 
defeat 5208 
defence 5157 5171 
defend 5167 
defending 5157 
defer 5234 
defers 5234 
deficit 5165 5171 5172 5176 5189 5220 5236 
definitions 5201 
delay 5159 5234 
delayed 5168 5192 5230 5233 
delays 5182 
delco 5242 
delegates 5168 5192 
delegation 5171 5186 
deliberations 5177 
deliveries 5198 
delors 5162 
demand 5156 5167 5172 5187 5206 5214 
demanded 5169 5208 
demanding 5208 
democratic 5161 5208 5221 
democrats 5160 
demonstrate 5169 
denis 5168 5192 
denmark 5169 5214 
denominations 5211 
department 5159 5200 5235 
departure 5230 
depends 5206 5249 
deposit 5203 5217 5237 
depress 5168 5192 
deprive 5169 
deputy 5214 
der 5200 
deregulate 5217 
describe 5163 
designed 5172 5181 5242 
desire 5177 
desires 5167 
destabilize 5206 
destined 5199 
destroy 5164 
destroying 5164 
detailed 5208 5230 5243 
details 5155 5186 5191 5224 5235 5246 
determine 5249 
determined 5199 5248 
devaluation 5190 5231 
devastating 5179 
develop 5217 5229 
developed 5169 5172 
developing 5169 
development 5171 5180 5195 5235 
devised 5167 
dhabi 5237 
dhaka 5207 
diaz 5163 5226 
differ 5214 
differences 5195 
differentiating 5201 
difficult 5165 
difficulties 5190 
difficulty 5244 
digital 5230 
dinar 5193 
dinars 5193 
diplomats 5155 5169 5208 5214 
dipped 5225 
directions 5206 
director 5165 5177 5183 5190 5201 5214 5230 
directors 5177 
disadvantage 5201 
disagree 5201 
disappointing 5199 5214 5225 
disapproval 5208 
discharged 5157 
discipline 5167 
disclose 5186 
discontinuing 5219 
discord 5164 
discount 5186 5206 5223 5232 
discounted 5233 
discounts 5244 
discovered 5159 5200 
discreetly 5163 
discuss 5169 5171 5177 5180 
discussed 5169 
discussion 5208 
disease-resistant 5214 
dismissed 5159 5193 5200 
dispersal 5226 
display 5230 
disposal 5230 
disposals 5191 5219 
dispose 5208 
disputes 5182 
dissent 5164 
distance 5163 
distribute 5235 
district 5234 
disturbances 5190 
div 5219 
diversified 5200 
diversify 5171 5184 
diversion 5157 
divided 5170 
dividends 5163 
division 5201 5203 5246 
dlr 5167 5179 5180 5181 5220 5233 5234 
dnot.t 5242 
document 5234 
dollar 5176 5180 5183 5189 5190 5200 5206 5210 5225 
dollar-denominated 5186 
dollar/yen 5206 
dollars 5157 5200 5214 
domestic 5169 5175 5181 5200 5201 5206 5214 5229 5241 
dominate 5169 
donors 5235 
door 5180 
double 5190 
doubts 5225 
douglas 5202 5214 
dowa 5209 
draft 5171 5180 
drafted 5186 
drafting 5195 
drain 5223 5241 
dramatically 5161 
drawing 5171 5184 5216 
dream 5225 
dresdner 5201 
drop 5179 5181 5189 5196 5206 5214 5246 
dropped 5181 5216 5236 
dropping 5189 
du 5239 
due 5168 5169 5172 5175 5180 5181 5190 5192 5193 5199 5211 5214 5225 5230 5235 5241 
dump 5214 
duration 5182 
dutch 5214 5225 5238 
duties 5168 5192 
duty 5164 
dwt 5191 
eager 5227 
earlier 5165 5167 5172 5178 5196 5205 5216 5232 5235 5242 
early 5169 5171 5172 5223 5232 
earn 5172 5188 5210 5219 5222 5228 5250 
earnings 5179 5210 5225 
earthquake 5179 
earthquakes 5244 
ease 5241 
easily 5200 
east 5171 5200 5244 
eastern 5214 
easy 5163 
ec 5162 5169 5214 
economic 5169 5170 5176 5178 5181 5184 5193 5199 5225 5227 5230 5244 
economics 5238 
economies 5176 
economists 5178 5189 5193 5225 
economy 5163 5170 5171 5178 5180 5181 5184 5199 5206 5225 
ecuador 5179 5244 
edged 5215 
edible 5169 
education 5231 
eeghen 5225 
effect 5181 5201 5206 5225 5231 
effective 5181 5203 5248 
effectively 5171 5179 5186 5200 5214 5217 
effort 5157 5178 
efforts 5163 5235 
egypt 5167 5180 
egyptian 5180 
eight-month 5189 
ekonomicheskaya 5178 
eksportfinans 5211 
elaborate 5159 5201 
elders 5226 
election 5161 5221 
elections 5163 5208 5221 5225 
electoral 5221 
electric 5197 5203 5210 
electrical 5246 
electricite 5246 
electronic 5230 
electronically 5230 
element 5189 
elements 5195 5227 
elxa.s 5226 
embassy 5171 
emerged 5176 
emergency 5179 
emerges 5221 
emirates 5193 5237 
emma 5225 
employed 5156 
employees 5156 5208 
employment 5215 
emulate 5186 
en 5225 
enable 5162 
enacted 5169 
encourage 5161 5233 
encouraging 5184 5214 5227 5230 
end 5157 5168 5181 5186 5190 5192 5193 5194 5200 5234 
end-1982 5225 
end-1985 5158 
end-1986 5158 5225 
end-february 5216 5235 
end-january 5216 
end-months 5230 
ended 5170 5212 5219 5224 5235 
ending 5173 5180 5210 5231 5249 
endorsed 5186 
engineering 5246 
engines 5247 
england 5223 5232 
enjoy 5186 
enormous 5225 
enquiries 5200 
ensure 5206 5225 
entered 5156 
enterprise 5171 
enterprises 5155 5178 5214 
entertainment 5231 
enthusiastic 5169 5230 
entidad 5197 
entire 5200 
entitlement 5244 
entitlements 5244 
environment 5217 
envisaged 5225 5243 
epson 5229 
equal 5217 5232 
equalled 5214 
equipment 5171 5180 5230 5243 5246 
equities 5230 
equity 5201 5233 5244 
equivalent 5214 5244 
equivalents 5201 
erased 5200 
erupted 5179 
es 5185 
escondida 5203 
establish 5230 
established 5177 
estimate 5214 5243 
estimated 5167 5179 5180 5185 5190 5209 5210 5214 5218 5232 5241 5244 
estimates 5156 5163 5172 5181 
eugene 5217 
eurobond 5211 5213 
eurobonds 5201 5211 
europe 5172 5225 
european 5162 5169 5172 5214 5241 5243 
europeans 5176 
eurosterling 5202 
evaluating 5186 
evaluation 5201 5235 
evening 5224 
event 5199 
evidence 5163 
evils 5164 
exaggerated 5182 
exaggerating 5225 
examine 5171 5182 
exceed 5201 
exceeded 5178 
exceptionally 5178 
excess 5214 
exchange 5158 5159 5163 5176 5180 5181 5186 5190 5193 5200 5201 5206 5216 5217 5225 5230 5248 
exchequer 5223 
excluding 5172 
exclusively 5230 
excuse 5169 
executive 5169 5177 5203 
existing 5177 5230 
exists 5217 
expand 5230 
expanding 5158 5214 
expansion 5225 
expect 5201 5206 5241 
expectations 5225 
expected 5165 5169 5171 5172 5174 5175 5180 5184 5187 5189 5190 5195 5198 5199 5200 5206 5208 5209 5210 5214 5221 5225 5235 5241 
expects 5172 5206 
expeditiously 5177 
expenditure 5171 5199 
experience 5199 
experiments 5230 
experts 5214 
expires 5195 5206 
expiring 5241 
explain 5190 
export 5175 5178 5179 5183 5185 5189 5214 5244 5246 
export-import 5197 5198 
exported 5175 
exporter 5167 5171 5214 
exporters 5168 5169 5192 
exports 5165 5167 5169 5175 5179 5180 5181 5189 5220 5236 5244 
exposure 5200 
expressed 5177 5208 
extend 5171 5201 
extended 5201 5210 5241 
extent 5167 5182 5214 
external 5206 
extinct 5208 
extra 5214 
extraordinary 5200 5219 5248 
extremely 5169 
f. 5214 5230 
f0846 5156 
f0850 5157 
f0852 5158 
f0853 5159 
f0856 5160 
f0858 5161 
f0860 5162 
f0862 5163 
f0871 5164 
f0874 5165 
f0876 5166 
f0877 5167 
f0883 5168 
f0888 5169 
f0893 5170 
f0898 5171 
f0906 5172 
f0925 5173 
f0941 5174 
f0978 5175 
f0982 5176 
f0999 5177 
f1004 5178 
f1010 5179 
f1014 5180 
f1017 5181 
f1022 5182 
f1024 5183 
f1026 5184 
f1029 5185 
f1031 5186 
f1032 5187 
f1038 5188 
f1041 5189 
f1044 5190 
f1053 5191 
f1058 5192 
f1059 5193 
f1076 5194 
f1080 5195 
f1087 5196 
f1095 5197 
f1099 5198 
f1122 5199 
f1134 5200 
f1162 5201 
f1171 5202 
f1184 5203 
f1187 5204 
f1188 5205 
f1198 5206 
f1204 5207 
f1233 5208 
f1246 5209 
f1250 5210 
f1265 5211 
f1269 5212 
f1272 5213 
f1283 5214 
f1286 5215 
f1297 5216 
f1301 5217 
f1315 5218 
f1319 5219 
f1321 5220 
f1323 5221 
f1325 5222 
f1328 5223 
f1329 5224 
f1330 5225 
f1331 5226 
f1354 5227 
f1359 5228 
f1361 5229 
f1365 5230 
f1376 5231 
f1378 5232 
f1380 5233 
f1393 5234 
f1397 5235 
f1398 5236 
f1400 5237 
f1401 5238 
f1406 5239 
f1407 5240 
f1409 5241 
f1411 5242 
f1412 5243 
f1413 5244 
f1426 5245 
f1436 5246 
f1449 5247 
f1454 5248 
f1457 5249 
f1463 5250 
face 5165 5183 5186 5230 5249 
faced 5163 
faces 5199 
facility 5179 5230 5241 
facing 5171 
fact 5163 5176 5201 5225 5230 
faction 5164 
factor 5201 5225 
factors 5206 5223 
factory 5155 
facts 5177 
fahd 5167 
failed 5193 5235 
failing 5160 
failure 5156 5200 
fairly 5201 
fall 5164 5169 5175 5178 5184 5189 5194 5200 5206 5207 5214 5223 5225 5238 5240 
fallen 5171 
falling 5165 5175 5178 5193 5210 5221 
falls 5167 5215 5218 5238 5240 5245 
family 5163 5226 
farm 5169 5214 
farmers 5156 5185 5214 
farming 5214 
faster 5183 5217 
fats 5169 
favour 5201 
favourable 5163 
favoured 5162 
favouring 5162 5225 
fear 5179 5206 
fearing 5186 
febres 5179 
february 5163 5167 5176 5178 5189 5190 5200 5210 5215 5216 5218 5231 5233 5235 5236 5238 5245 
fed 5176 
federal 5176 5200 5201 5205 5206 5215 5216 5241 
feel 5177 5179 5206 5214 
feeling 5169 
feelings 5164 
fees 5211 5230 5239 
felix 5168 5192 
fell 5163 5165 5171 5181 5215 5216 5218 5225 5238 5240 5241 5245 
ferdinand 5163 5235 
fertiliser 5180 
fighter 5171 
fighting 5157 5164 
figure 5178 5193 5210 
figures 5163 5164 5171 5178 5189 5193 5218 5220 5225 5240 
file 5163 
filipino 5226 
filling 5169 
film 5234 
final 5187 5219 5221 
finance 5159 5170 5171 5176 5182 5186 5187 5198 5202 5206 5210 5211 5217 5225 5227 5233 5234 5235 5249 
financed 5234 
financial 5159 5169 5170 5172 5176 5179 5187 5190 5193 5198 5200 5201 5217 5219 5230 5243 
financiere 5228 
financing 5171 5190 5197 5227 
find 5201 
findings 5161 
finished 5196 
finland 5221 5245 
finnish 5221 5245 
finns 5221 
firm 5162 5172 5177 5195 5225 5226 5242 5247 
firmed 5167 
firmly 5171 
firmness 5214 
firms 5163 5171 5186 5197 5210 5217 5225 5230 5242 
firs 5214 
first-half 5210 
fiscal 5206 5208 5210 5249 
fit 5167 5201 
five-day 5224 
five-year 5180 
fixed 5167 5190 5213 5217 
flat 5185 
flats 5234 
fled 5163 
fledgling 5171 
flexible 5201 
floaters 5249 
floating 5167 5244 5249 
floirendo 5163 
floor 5230 
flows 5174 
fluctuate 5174 
fluctuating 5180 
fluctuations 5190 
focus 5200 
focused 5176 
follow 5176 5230 
food 5155 5190 5225 5226 5243 
fora 5176 
force 5214 5231 
forced 5173 5208 
forces 5164 5200 
forecast 5225 
forecasting 5194 5223 
forecasts 5172 5174 5194 5225 
foreign 5158 5159 5162 5164 5165 5169 5171 5179 5181 5182 5183 5186 5190 5193 5200 5201 5216 5217 5220 5225 5226 5230 5233 5249 
foresee 5167 
foresees 5166 
forestall 5156 
forestry 5240 
forged 5200 
forgeries 5200 
form 5186 
formal 5201 5230 
formally 5195 
formation 5244 
formed 5182 5217 
forming 5161 
forms 5200 5244 
formulae 5201 
fortunately 5206 
fortunes 5161 
forward 5157 5161 5169 5200 5201 
foster 5171 5176 
foulkes 5173 
four-day 5171 
fraction 5185 
framework 5241 
franc 5214 5239 5248 
france 5162 5169 5172 5176 5179 5198 5214 5222 5228 5243 5246 5248 
franco-german 5162 
francs 5172 5222 5228 5230 5248 
frankfurt 5200 5201 5230 5241 
fraud 5159 5200 
fraudulent 5159 
freedom 5201 
freeze 5163 
french 5162 5172 5179 5214 5222 5246 
frequently 5163 
fresh 5171 
friday 5159 5168 5177 5179 5183 5186 5192 5200 5206 5208 5213 5222 5241 
friendly 5164 
front 5225 
fuels 5238 
fulfil 5168 5192 
fulfilled 5178 5225 
full 5201 5214 5219 5239 
fully 5157 5172 5186 5217 
functions 5163 5230 
fund 5165 5171 5176 5190 5225 5230 5233 
fundamental 5199 5201 
fundamentally 5199 
funding 5186 5235 
funds 5163 5187 5206 5225 5233 5241 
funeral 5168 5192 
furniture 5180 
future 5162 5176 5177 5180 5206 5214 5230 
futures 5201 5217 5230 
gain 5225 5248 
gained 5167 5184 
gains 5219 
gap 5214 
gas 5187 5210 5236 
gather 5163 
gathered 5171 
gauge 5230 
gave 5164 5220 5224 5233 5235 
gazeta 5178 
gazette 5181 
ge 5203 
geared 5214 5234 
general 5161 5185 5203 5221 5242 
generale 5162 5239 
generally 5167 5171 5230 
generators 5197 
geneva 5195 5230 
genuine 5200 
george 5157 
gerhard 5159 
german 5159 5176 5200 5201 5205 5214 
germany 5162 5169 5176 5198 5200 5201 5206 5214 5239 
giant 5163 
girozentral 5239 
give 5161 5163 5165 5178 5191 5214 5249 
giving 5161 5176 
glass 5180 5217 
gloeilampenfabrieken 5225 
gloomy 5225 
gm 5242 
gm.n 5242 
gnp 5206 
goal 5235 
goals 5176 
god 5164 
gold 5203 5209 5216 
gold-copper 5203 
goldman 5217 
gomes 5156 
good 5163 5195 5214 5226 
goods 5180 5181 5196 
government 5156 5157 5159 5161 5163 5164 5171 5179 5181 5182 5184 5185 5186 5187 5190 5193 5202 5206 5208 5216 5217 5221 5225 5226 5233 5235 5237 5241 
government-approved 5186 
government-guaranteed 5193 
governments 5169 
governors 5208 
gradual 5179 
grain 5185 
grams 5209 
grant 5227 
great 5206 
greater 5201 
greece 5169 
greenwich 5161 
grew 5181 5185 
gross 5181 5206 
group 5172 5203 5212 5217 5228 5235 5239 5246 
groups 5156 5162 5194 5243 
grow 5199 5206 5210 5214 
growers 5214 
growing 5175 5187 5201 5210 5214 5217 5225 
grown 5214 
growth 5169 5176 5181 5183 5199 5217 5225 5227 
guangdong 5224 
guaranteed 5214 
guaranteeing 5186 
guard 5164 
guarded 5171 
guardedly 5186 
guards 5164 
guenther 5159 5200 
guidance 5249 
guidelines 5181 
guilder 5225 
guilders 5225 
guinea 5203 
gustaf 5200 
h.k 5234 
ha 5214 
hague 5238 
hailstorms 5224 
half 5206 5210 5225 5249 
half-yearly 5174 
halt 5229 
halted 5179 
hamper 5201 
hand 5176 
handle 5200 
handles 5158 5200 5242 
hands 5163 5223 
handsome 5225 
hanover 5186 
hans 5230 
happen 5163 
happened 5164 5176 5229 
harcourt 5177 
hard 5171 5210 
hard-line 5181 
hardening 5160 
hardware 5180 5230 
hardy 5203 
harmful 5167 
harper 5177 
harvest 5185 
hashemi 5164 
hatchet 5176 
hawaii 5163 
hbj 5177 
head 5159 5163 5169 5200 5242 
headed 5203 
headquarters 5156 
heads 5163 
health 5231 
heard 5167 
hearings 5208 
heart 5186 
heating 5238 
heavily 5234 
heavy 5225 5241 
hectares 5175 5214 5235 
hedges 5201 
hedging 5200 5217 5230 
hefty 5169 
hein.as 5225 
heineken 5225 
helaba 5239 
held 5161 5163 5168 5192 5195 5208 5228 5241 5249 
heldring 5225 
helped 5168 5172 5176 5178 5192 5231 
helping 5230 
helsinki 5221 5245 
hemisphere 5167 
hessische 5239 
hide 5163 
hierarchy 5164 
high 5156 5171 5176 5189 5199 5214 
higher 5165 5171 5172 5173 5214 5225 5249 
highest 5171 5181 5214 
highways 5187 
hill 5203 
hisham 5167 5244 
hisham-nazer 5167 
hit 5168 5171 5178 5183 5190 5192 5210 
hit.t 5197 
hitachi 5197 
hk-tvb 5234 
hkld.hk 5234 
hoffman-la 5230 
hofz.z 5230 
hojatoleslam 5164 
hold 5163 5206 5234 5249 
holding 5171 5183 
holdings 5216 5234 5241 5249 
home 5168 5192 
hong 5224 5234 
hong-kong 5224 5234 
hongkong 5234 
hope 5168 5172 5192 5249 
hoped 5193 5200 
hopes 5168 5192 5235 
hoping 5206 
hori 5217 
hosni 5180 
hospitable 5217 
hotel 5163 
houphouet-boigny 5168 5192 
hours 5208 
house 5161 5208 5217 5219 5233 
households 5206 
houses 5223 5224 5232 
housing 5231 
hpr 5177 
huge 5171 5178 
hundreds 5156 
hungarian 5200 
hungary 5214 
hydrocarbons 5244 
hydroelectric 5197 
ibm 5229 
ibm-compatible 5229 
icco 5168 5192 
iceland 5169 
idea 5186 
identified 5176 
illegal 5163 
illinois 5242 
imbalance 5206 
imediately 5186 
imf 5165 5190 5216 
immediately 5190 5199 5200 
imminent 5206 
impact 5164 5169 5206 5208 5214 5225 
implementation 5233 
implemented 5167 
implications 5214 
import 5165 
importance 5162 
imported 5169 
importers 5181 
imports 5169 5180 5181 5189 
impose 5169 5208 
imposed 5178 
improve 5172 
improved 5184 5210 5214 5235 
improvement 5172 5199 
improving 5170 
include 5174 5177 5188 5191 5201 5203 5208 
included 5164 5176 5230 5235 
includes 5167 5239 
including 5159 5162 5178 5187 5208 5244 5249 
income 5163 5165 5193 5200 5217 
income-tax 5163 
incorporating 5171 
incorporation 5228 
increase 5165 5176 5178 5183 5184 5187 5205 5210 5214 5225 5226 5230 5248 
increased 5158 5172 5206 5213 5228 
increases 5158 5214 5225 
incurred 5200 
indefinite 5156 
indefinitely 5177 
independence 5177 5190 
independent 5177 5212 
index 5163 5170 5196 5230 5238 5245 
indications 5183 
indices 5230 
indonesia 5169 
industrial 5171 5176 5178 5196 5206 5240 
industrialisation 5171 
industries 5178 5195 5210 5247 
industry 5170 5171 5191 5195 5196 5214 5215 5229 5240 5242 
inequalities 5244 
inflation 5194 5206 5231 5245 
inflow 5206 
inflows 5186 5235 
influence 5225 
influenced 5199 
influences 5189 
influential 5164 
information 5170 
informed 5157 5177 
infringe 5229 
infringes 5229 
ingratitude 5184 
initally 5230 
initial 5225 
initialled 5171 
initially 5173 5230 
initiative 5157 5230 
initiatives 5176 
injections 5174 
injured 5224 
innovations 5230 
innovative 5201 
input 5226 
inra 5195 
insisting 5244 
inspection 5163 
instability 5176 
instance 5201 
institutes 5181 
institution 5200 
institutional 5230 
institutions 5198 5225 5230 
instrument 5230 
instruments 5201 5230 
insurance 5210 5225 
intend 5177 5193 
intends 5229 
intent 5201 5243 
intention 5229 
intentions 5214 
inter-party 5221 
interbank 5186 
interest 5156 5171 5176 5177 5179 5180 5186 5189 5199 5201 5217 5219 5225 5230 5232 5234 5235 5237 5241 
interested 5226 5227 
interesting 5201 
interests 5219 
intermediary 5201 
intermediate 5172 
internal 5164 5214 5234 
international 5158 5165 5168 5176 5179 5181 5190 5192 5195 5196 5203 5211 5213 5217 5230 5233 5234 5239 
interpol 5200 
intervened 5176 
intervention 5206 5214 
interventions 5241 
interview 5159 5160 5163 5167 5176 5193 5227 
introduce 5217 5230 
introduced 5170 5235 
introduction 5229 5230 
inventories 5171 5196 
invest 5184 5225 
investigate 5159 5182 5200 
investigation 5163 5200 
investment 5163 5165 5171 5184 5186 5199 5217 5225 5226 5230 5233 5234 
investments 5178 5186 5225 
investor 5171 5177 5225 
investors 5163 5225 5226 5230 5233 
invisibles 5189 
invited 5176 5223 
involve 5200 
involved 5198 5200 5201 
involvement 5200 5230 
involving 5200 
ipi 5178 5196 5240 
iran 5157 5164 
iranian 5157 
iranians 5164 
iraq 5193 5244 
iraqi 5244 
ireland 5214 
iringa 5185 
irish 5214 
iron 5203 
islam 5164 
island 5203 
israel 5193 5231 
israeli 5231 
issue 5170 5171 5180 5181 5183 5187 5190 5208 5212 5222 5228 5234 5239 
issued 5237 5239 
issues 5187 5239 
issuing 5170 5211 5228 
italia 5248 
italian 5214 5248 
italy 5169 5176 5198 5214 
ivorian 5168 5192 
ivory 5168 5192 
ivory-coast 5168 5192 
iwate 5208 
ixl 5226 
jacques 5162 5172 
jaime 5186 5233 5235 
james 5176 5186 
janeiro 5156 
january 5178 5179 5189 5190 5196 5205 5215 5216 5218 5225 5230 5231 5234 5236 5238 5240 5241 5245 
january-march 5210 
japan 5160 5169 5176 5191 5196 5197 5198 5201 5204 5206 5208 5209 5210 5217 5229 5242 5247 5249 
japanese 5197 5206 5217 5242 5249 
jeddah 5170 
jerusalem 5231 
jeumont-schneider 5162 
jim 5203 
jlit.t 5191 
job 5179 5246 
jobs 5215 5217 5246 
john 5185 
join 5168 5176 5192 
joined 5208 
joint 5197 5243 5247 
jointly 5176 5201 5233 
jordan 5193 
jovanovich 5177 
judgement 5249 
juergen 5201 
jukes 5171 
julius 5230 
july 5187 5230 5234 
jumped 5163 
june 5161 5166 5167 5180 5202 5203 5247 
junger 5159 5200 
kalbag 5163 
kalevi 5221 
kanon 5168 5192 
karl 5176 5200 
kaufmann 5230 
kaunda 5190 
keen 5230 
keeping 5176 
keng 5195 
kenneth 5190 
kentucky 5242 
kenya 5165 
kenyan 5165 
key 5161 5189 5193 5227 
keynote 5184 
khaled 5184 
khamenei 5164 
khomeini 5164 
kidder 5177 
kiichi 5206 
kill 5224 
killed 5190 5224 
kind 5179 5230 
king 5163 5167 
kingdom 5167 5170 5171 5182 
km 5156 
kna 5165 
knew 5200 
knowlton 5177 
knox 5227 
kong 5224 5234 
koninklijke 5225 
koos 5225 
korea 5160 
kraljevo 5155 
kredietbank 5239 
kuala 5195 5216 5218 
kuwait 5167 5193 5244 
kwacha 5190 
la 5203 5227 
labour 5156 5161 5178 5215 5246 
lack 5171 5189 
lacking 5225 
lacklustre 5225 
ladb.l 5212 
ladbroke 5212 
laid 5171 5200 
land 5163 5234 5235 
landesbank 5239 
landslide 5244 
lange 5194 
large 5163 5171 5172 5200 5203 5208 5210 5225 
largely 5171 5225 5244 
larger 5200 
largest 5161 5162 5167 5171 5214 
late 5182 5186 5214 5229 
latest 5161 5171 5193 5199 
latin 5179 
launch 5156 5230 5233 5247 
launched 5172 5213 5233 
launches 5211 
launching 5230 
launder 5163 
law 5162 5201 5208 5217 5230 
laws 5226 
lay 5201 
ldp 5208 
le 5162 
lead 5160 5161 5200 5209 5211 5213 5239 5249 
lead-manage 5201 
leader 5164 
leaders 5155 5164 5171 5217 
leading 5176 5217 5230 
leaked 5163 
learmond 5214 
lease 5198 
leased 5198 
leasing 5198 
leather 5180 
leave 5217 5241 
leaves 5180 
led 5169 5186 5190 5234 
left 5169 5171 5176 
leftist 5157 5221 
legal 5163 5195 5229 5249 
legislation 5160 5169 
legislators 5217 
lehman 5233 
lend 5171 5198 
lending 5171 5201 
leon 5179 
leskovac 5155 
lessening 5206 
letter 5244 
letters 5243 
level 5159 5162 5165 5167 5171 5172 5181 5189 5193 5214 5225 5230 5241 
levels 5167 5176 5199 5214 5235 
liberal 5208 
liberal-social 5161 
liberalisation 5217 
liberalise 5217 
libor 5186 
libya 5193 5244 
libyan 5244 
licence 5201 
licences 5171 
license 5181 
licenses 5181 
licensing 5218 
licht 5214 
life 5202 
lift 5190 5244 
lifted 5163 
lifting 5244 
liftings 5244 
likelihood 5199 
lim 5195 
lima 5181 
limit 5163 
limited 5201 5225 5230 
limiting 5183 
limits 5230 
line 5190 5191 
link 5217 
liquefied 5187 
liquid 5225 
liquidated 5171 5195 
liquidity 5206 5223 5230 5241 
list 5169 5230 
listing 5211 
live 5176 
living 5238 
lloy.l 5188 
lloyds 5188 
loan 5165 5179 5202 5234 
loans 5171 5186 5193 5227 
lobby 5169 
local 5175 5208 5227 5233 5242 
london 5161 5164 5168 5186 5191 5192 5211 5212 5213 5214 5217 5219 5223 5230 5232 5250 
long 5163 5167 5171 5184 5195 5201 5225 5240 
long-dated 5201 
long-delayed 5171 
long-running 5172 
long-standing 5180 
long-term 5217 5234 5249 
longer 5176 5190 5200 5206 5230 
longer-maturity 5200 
loopholes 5200 
los 5225 
losing 5190 
loss 5200 5230 5249 
losses 5172 5200 5249 
lost 5161 5172 5200 5208 
lot 5163 5179 5226 
low 5167 5168 5192 5199 5214 
lower 5178 5193 5208 5214 5217 5221 5225 5244 5249 
lowered 5240 
lowest 5202 5214 5221 
lows 5225 
lumpur 5195 5216 5218 
lupinus 5191 
lusaka 5190 
luxembourg 5239 
luxembourgeoise 5239 
m1 5207 
m2 5207 
machine 5229 
machine-building 5178 
machinery 5178 5222 
machines 5229 
made 5155 5157 5163 5165 5180 5182 5186 5201 5210 5214 5225 5234 
magazine 5200 
magnate 5234 
main 5156 5161 5163 5176 5178 5185 5200 5201 5208 5223 
maintain 5179 5193 5225 5230 
maintains 5230 
maize 5185 5190 
majlis 5164 
major 5169 5171 5176 5178 5182 5183 5184 5187 5190 5191 5200 5201 5206 5225 5230 5244 
majority 5161 5222 
makati 5163 
make 5163 5172 5177 5214 5227 
maker 5222 
making 5155 5214 5219 
malaysia 5169 5195 5216 5218 
malaysian 5195 5218 
malcolm 5160 
man 5206 
managed 5225 
management 5159 5200 5203 5211 5225 5226 5230 5239 
manager 5171 5185 5203 5211 5213 5239 
managers 5230 5249 
managing 5165 
managua 5157 
manaspas 5195 
mandate 5200 
manganese 5203 
manhattan 5217 
manila 5163 5186 5226 5233 5235 
manipulated 5163 
manipulators 5200 
manufacturers 5186 5210 
manufacturing 5171 5226 5242 5243 
marcos 5163 5235 
margaret 5161 
margin 5186 5230 
marginally 5186 
margins 5244 
marines 5156 
mark 5176 5201 5225 
market 5162 5163 5167 5168 5170 5172 5174 5176 5179 5186 5189 5191 5192 5200 5201 5202 5206 5214 5217 5223 5225 5229 5230 5232 5241 5249 
market-to-market 5201 
marketed 5185 5244 
marketing 5203 5244 
markets 5172 5176 5200 5203 5206 5217 5225 5230 
marks 5159 5200 5241 
marplan 5161 
masao 5217 
massive 5169 
matches 5230 
materials 5243 
matter 5157 5163 
matters 5217 
mature 5200 
maturing 5202 5223 
maturities 5230 5235 5237 
maximum 5165 
mbeya 5185 
mbxl.l 5213 
meal 5190 
measure 5170 5171 5176 
measures 5160 5166 5167 5176 5235 
measuring 5170 
mechanism 5217 
med 5248 
media 5221 
medical 5155 
mediterranean 5169 
mediterranee 5248 
medium-term 5176 5199 
mees 5244 
meet 5158 5172 5175 5176 5187 5193 5214 5234 
meeting 5163 5167 5168 5171 5176 5177 5186 5192 5217 5246 5248 
meetings 5155 5173 5176 
meets 5186 
melbourne 5203 
member 5200 5244 
members 5157 5159 5167 5173 5179 5181 5186 5200 5217 5230 5244 
membership 5167 5217 5230 
memory 5155 
menco 5225 
merchant 5225 
merge 5203 
merger 5203 5248 
met 5156 5178 5180 5193 5212 
metal 5213 
methods 5230 
michel 5165 
mid-1988 5242 
mid-february 5238 
mid-january 5238 
mid-levels 5234 
middle 5171 5244 
miet.t 5197 
miguel 5163 5226 
military 5164 5180 
milling 5185 
million 5172 5212 
millions 5157 5163 
mine 5203 5209 
minerals 5163 5203 
mines 5203 
minimal 5208 
minimum 5241 
mining 5163 5209 
minister 5159 5161 5164 5166 5167 5168 5171 5180 5182 5184 5185 5186 5192 5193 5194 5195 5202 5206 5208 5221 5244 
ministers 5169 5176 5214 
ministry 5168 5170 5181 5182 5187 5192 5196 5210 5214 5225 5238 5249 
minorities 5219 
minority 5219 
mir-hossein 5164 
mission 5190 5233 
mitsubishi 5197 5211 
mixed 5225 
miyazawa 5206 
mnse 5163 
model 5172 
modern 5230 
modernise 5172 
modernising 5180 
modifications 5190 
mohammed 5171 5182 
mohammed-ali-abal-khail 5182 
moi 5165 
momentum 5225 
monday 5168 5181 5186 5192 
monde 5162 
monetary 5165 5176 5190 5206 5241 
money 5207 5217 5223 5232 5241 
money-fx 5176 5181 5183 5190 5193 5201 5204 5206 5223 5232 5241 
money-supply 5207 
monitored 5164 
monopoly 5214 
month 5156 5161 5165 5169 5172 5176 5178 5186 5196 5197 5198 5205 5206 5215 5216 5230 5235 5236 5240 5241 
monthly 5209 
months 5156 5157 5161 5171 5172 5178 5179 5190 5194 5207 5214 5220 5230 5231 5237 5243 5244 
mood 5160 5230 
morale 5161 
mori 5161 
moscow 5178 5180 5214 
mosque 5164 
motor 5242 
motors 5242 
mountains 5171 
moura 5156 
mourning 5168 5192 
mousavi 5164 
move 5162 5190 5241 5242 
movement 5201 
movements 5176 
moves 5172 5190 
moving 5230 
mr 5165 
mti 5214 
mubarak 5180 
mueller 5159 5200 5230 
mull 5177 
mulls 5234 
multi-national 5186 
multi-nationals 5200 
multilateral 5235 
murphy 5230 
mustapha 5180 
n't 5160 5167 
n.a. 5217 
n.z 5174 5188 5194 
nacion 5227 
nairobi 5165 
nakasone 5208 
nalen 5233 
names 5163 
narrow 5176 5189 5225 
narrowing 5189 
narrowly-based 5207 
nation 5164 5168 5179 5192 
national 5155 5156 5157 5170 5172 5185 5188 5190 5193 5200 5206 5214 5249 
nations 5176 5178 5186 5195 5206 5214 5225 
nationwide 5156 5208 
natural 5182 5187 5195 5236 
nazer 5167 5244 
nec 5229 
nec-compatible 5229 
necessarily 5163 5206 
needed 5193 5214 5241 5246 
negara 5216 
negative 5164 5206 5225 
negotiate 5156 
negotiation 5230 
negotiations 5233 
negotiators 5171 5195 
nervously 5163 
nesi.t 5229 
net 5174 5181 5188 5219 5225 
netherlands 5169 5214 5225 5238 
neutral 5167 5244 
new-zealand 5173 5174 5188 5194 5202 
newer 5201 
newly 5163 5177 5234 
news 5163 5165 5167 5194 5195 5214 5220 5244 
newsletter 5199 5244 
newspaper 5159 5162 5190 5200 5224 
newspapers 5155 5163 
newsprint 5180 
nicaraguan 5157 
nice 5172 
nicosia 5244 
nippondenso 5242 
nis 5155 
nmc 5185 
nominal 5222 5228 5249 
nominee 5163 
nominees 5226 
non-bank 5201 5225 
non-existent 5249 
non-manufacturing 5210 
non-oil 5171 
non-opec 5167 
non-performing 5171 5235 
normal 5179 
north 5185 5214 
northern 5167 5172 5208 5209 
northwest 5156 
norway 5167 5169 5211 5236 
note 5219 5223 
notes 5186 5188 5249 
november 5157 5171 5178 5184 5207 
november/may 5175 
nowicki 5214 
number 5171 5200 5215 5230 
nurukawa 5209 
nv 5225 
nza 5188 
o. 5214 
objection 5163 
objectives 5176 
obligations 5178 5182 5193 5233 
obstacles 5217 
obtain 5235 
obtained 5202 
occupation 5156 
occur 5199 
occurred 5200 
occurring 5206 
october 5167 5172 5179 5195 5230 
oda 5235 
off-balance 5201 
offer 5156 5173 5186 5222 5230 
offered 5177 5186 5223 5230 
offering 5222 
offers 5177 5222 5223 5232 
office 5200 5201 5205 5215 5230 5233 5245 
officer 5203 
officers 5173 
offices 5203 5215 5230 
official 5155 5156 5158 5165 5168 5170 5171 5176 5178 5180 5181 5183 5187 5189 5190 5192 5197 5204 5205 5206 5214 5220 5223 5225 5229 5235 5242 5244 5249 
officially 5185 
officials 5155 5176 5180 5182 5183 5186 5191 5200 5206 5221 5231 5246 5249 
offing 5176 
offset 5174 5214 5219 5241 
offseting 5223 
offsetting 5171 
offshore 5217 
oil 5156 5165 5166 5167 5169 5171 5178 5179 5184 5193 5218 5236 5238 5244 
oil-based 5171 
oil-dependent 5171 5184 
oil-financing 5179 
oils 5169 
olive 5169 
one-for-five 5228 
ongpin 5186 5233 5235 
onset 5199 
opec 5166 5167 5171 5244 
opel 5172 
open 5174 5180 5214 5217 5230 
opening 5168 5192 5230 
operating 5182 5200 5208 5230 
operation 5168 5192 5203 5228 
operations 5174 5203 5219 
operator 5191 
opinion 5161 5221 
oponents 5169 
oppose 5208 
opposed 5169 5179 5208 
opposes 5160 
opposition 5157 5160 5161 5208 
optimism 5171 5172 5184 5225 
optimistic 5172 5186 5210 
option 5165 
options 5177 5201 5217 5230 
orchestration 5155 
orchid 5191 
order 5201 5230 
ordered 5156 
orders 5163 5230 5246 
ordinary 5159 5212 
ore 5203 5209 
ores 5209 
organisations 5179 
organised 5171 
organization 5168 5192 
orginal 5179 
oriental 5163 
original 5186 5213 5229 
originally 5186 5242 
oslo 5236 
otto 5176 
outflows 5223 5225 
outlay 5171 
outlook 5184 
output 5167 5169 5171 5175 5178 5209 5214 5218 5244 
outstanding 5187 5193 5226 
over-production 5167 
over-the-counter 5217 
overcoming 5199 
overhaul 5208 
overnight 5190 5230 
overproduction 5169 
overseas 5225 5233 5249 
overvalued 5193 
owed 5241 
owned 5163 5188 5222 5235 5247 
owns 5159 
oyens 5225 
pace 5217 
package 5169 5176 5190 5244 
packaging 5243 
pact 5167 5168 5171 5176 5192 5195 5241 
paid 5180 5186 5241 
painted 5225 
palm 5218 
palm-oil 5218 
panel 5163 
paper 5186 5201 5217 5237 
papers 5155 5163 
papua 5203 
par 5222 5239 
parent 5234 
pari.pa 5228 
paribas 5179 5228 5239 
paris 5162 5172 5176 5206 5222 5228 5243 5246 5248 
parliament 5164 5165 5187 5206 5208 5217 
parliamentary 5201 5208 
part 5169 5172 5176 5177 5180 5186 5190 5198 5203 5206 
partial 5214 
partially 5244 
participants 5230 
participate 5168 5192 5217 
parties 5161 5208 
partly 5180 5219 5223 5225 
partly-owned 5203 
partners 5160 5169 5234 5243 
parts 5180 5185 5242 5247 
party 5161 5190 5208 5221 
pass 5160 
past 5161 5163 5165 5167 5169 5176 
paul 5185 5190 5206 
paulo 5156 
pay 5155 5156 5173 5186 5190 
payable 5180 
paying 5186 5241 
payment 5211 5234 
payments 5165 5171 5174 5179 5181 5182 5189 5201 5234 5241 
pc 5229 
pcgg 5163 5226 
peabody 5177 
pearson 5219 5250 
peasants 5235 
pechiney 5243 
pegged 5193 
peking 5158 5220 
penalise 5160 5169 
pending 5163 5177 5190 
pension 5225 
percentage 5187 5206 
performance 5176 5178 5199 5206 5210 5235 
performances 5225 
period 5171 5176 5178 5198 5199 5220 5224 
periodic 5176 
permit 5163 
permits 5230 
perpetrated 5182 
perpetual 5249 
perpetuals 5249 
persistent 5169 
personal 5229 
persuaded 5190 
pertinent 5177 
peru 5181 
pesos 5163 5186 5235 
peter 5176 
petrobras 5156 
petroleum 5156 5163 5167 5203 
peugeot 5172 
peup.pa 5172 
pfennigs 5200 
pglo.as 5225 
philip 5167 5225 
philippe 5230 
philippine 5163 5186 5233 5235 
philippines 5163 5186 5226 5233 5235 
philips 5225 
physical 5230 
picking 5184 
picture 5225 
pierson 5225 
pins 5186 
pipeline 5179 5244 
place 5164 5167 5189 
placement 5239 
placing 5201 
plain 5171 
plan 5156 5179 5180 5187 5201 5208 5214 5222 5226 5233 5235 
plane 5198 
planes 5198 
planks 5208 
planned 5214 5233 5234 5235 5242 5246 5248 
planners 5171 5184 
planning 5181 5185 5225 
plans 5159 5171 5177 5178 5208 5214 5227 5229 5230 5234 5246 
plant 5172 5242 
planted 5214 
planting 5214 
plantings 5214 
plants 5180 5187 
played 5157 5167 
playing 5167 
plc 5188 5212 5213 5214 5219 5250 
plc-nv 5225 
pledge 5165 5206 
plight 5179 
plunged 5157 
poclain 5222 
poehl 5176 
point 5161 5171 5186 5206 5214 
pointed 5244 
points 5163 5170 
police 5200 
policies 5206 5227 
policy 5169 5176 5206 5214 5225 
policymaker 5176 
policymaking 5176 
polish 5214 
political 5169 5201 5208 5221 
politically 5176 
politicians 5161 
poll 5161 
polled 5189 5230 
polls 5161 5221 
polo 5172 
poor 5178 5225 5235 
poors 5170 
popularity 5161 5208 
population 5215 
porla 5218 
port 5203 
portfolio 5225 5230 
portfolios 5201 5230 5249 
ports 5156 
portugal 5169 
poses 5159 
position 5176 5206 5216 5225 5230 
positions 5200 5215 
positive 5189 5210 5225 
possessed 5200 
possibility 5230 
possibly 5159 5186 5230 
post 5224 
posted 5205 
postpone 5179 5208 
postponed 5177 
postponement 5246 
posts 5208 
potential 5244 
pounds 5180 
poured 5178 
powder 5206 
power 5187 5210 
powers 5163 5164 
practices 5226 
praises 5227 
pre-election 5221 
pre-finance 5179 
pre-interest 5219 
pre-tax 5188 5219 
predict 5194 5221 
predicted 5160 
predicting 5221 
predicts 5194 
prefectural 5208 
prefecture 5208 
preferred 5184 
prejudge 5159 
preliminary 5163 5171 5181 5196 5230 
premium 5213 
preparations 5230 
prepare 5243 
prepared 5186 
presence 5168 5192 
present 5168 5181 5192 5199 5201 5248 
preservation 5164 
preserve 5177 5193 
preserved 5193 
presidency 5157 
president 5156 5157 5160 5162 5163 5164 5165 5168 5172 5173 5176 5179 5180 5190 5192 5217 5226 5230 5233 5235 
presidential 5163 5226 
presidents 5163 5197 
press 5155 5182 
pressed 5165 
pressing 5190 
pressure 5186 
prestige 5226 
pretax 5212 
prevent 5164 5169 5200 
preventing 5230 
previous 5170 5214 5215 
previously 5159 
price 5167 5179 5184 5213 5214 5225 5229 5231 5244 5245 5249 
price/earnings 5225 
priced 5211 5222 5239 
prices 5156 5163 5167 5168 5170 5171 5178 5184 5190 5192 5193 5195 5206 5214 5225 5230 5238 5244 5245 5249 
pricing 5167 
primary 5195 
prime 5161 5164 5193 5194 5208 5221 5235 
prince 5184 
principal 5186 
principle 5168 5186 5192 
printed 5163 
printing 5219 
priorities 5171 5193 
priority 5178 5193 
private 5156 5171 5172 5176 5177 5182 5184 5190 5206 5214 5227 5230 5233 5235 5239 
privatisation 5162 5235 
privatise 5159 
privatised 5162 5228 
pro-peking 5224 
probe 5163 
problem 5171 5172 5180 5182 
problems 5169 5171 5182 5184 5186 5190 5199 5206 5244 
proceed 5177 
process 5201 
processed 5218 
processor 5214 
procure 5181 
produce 5167 5172 5201 5209 5243 5247 
produced 5178 5214 5230 5242 5244 
producer 5167 5195 5214 5244 
producers 5167 5168 5169 5192 5195 5196 5214 5244 
producing 5167 5185 5244 
product 5181 5206 
production 5167 5169 5172 5175 5178 5196 5209 5214 5218 5240 5242 5244 
productivity 5172 5178 
products 5167 5169 5242 5244 
profit 5172 5188 5219 5225 
profitability 5199 
profits 5157 5172 5210 5212 5225 5229 
program 5167 5169 5235 
programmes 5167 
programs 5200 5201 
project 5197 5203 5230 5234 
project-handovers 5182 
projects 5171 5187 5233 5243 
prolonged 5199 
prominence 5230 
promised 5163 
promising 5183 
promote 5169 5171 5217 
promoters 5169 
prompt 5160 
prompted 5163 
prompting 5177 
properties 5163 5234 
property 5163 
proposal 5169 5177 5186 5187 
proposals 5167 5169 5201 
propose 5180 
proposed 5169 5190 5201 5208 5233 5243 5246 
proposes 5190 
propriety 5249 
prosecution 5163 
prosecutors 5159 5200 
prospects 5176 5177 5184 5203 5210 5225 5230 
protecionist 5169 
protecting 5230 
protectionism 5217 
protectionist 5160 5169 
protests 5156 5169 
proven 5209 
provide 5193 5197 5235 
provided 5232 
province 5224 
provincial 5173 5225 
provision 5176 5219 
provisional 5174 5205 5208 
provisionally 5205 
provisions 5225 5230 
provoke 5169 
provoked 5169 
prudently 5163 
pson.l 5219 5250 
psychology 5230 
pty 5203 
public 5162 5168 5176 5192 5193 5197 5201 5208 
publication 5159 
published 5161 5170 5171 5178 
publishers 5177 
publishing 5171 5177 5225 
pukg.pa 5243 
pumping 5244 
purchase 5191 5198 5234 5244 
purchased 5212 
purchases 5180 
purely 5179 5225 
pursue 5157 5235 
pursuing 5164 5225 
put 5181 5201 5214 5225 5244 5246 
putting 5243 
qatar 5193 
quake 5179 
quality 5178 
quarrel 5176 
quarter 5167 5210 
quarterly 5210 
queensland 5203 
quell 5190 
question 5159 5160 5193 
questioned 5249 
questionnaires 5210 
questions 5163 
quota 5167 5214 5244 
quotas 5183 5214 
quotations 5249 
quoted 5159 5162 5164 5189 5190 5220 5230 
races 5208 
radiator 5242 
radio 5157 5163 5164 
rafsanjani 5164 
railway 5187 
raise 5172 5187 5222 5233 5235 
rally 5156 
rallying 5225 
ramon 5163 5226 
ran 5171 
random 5230 
range 5169 5172 5189 5204 5206 5208 5230 
ranges 5176 5206 
ranging 5169 5225 
rare 5182 5200 
ratcliffe 5201 
rate 5176 5180 5186 5190 5194 5201 5202 5206 5217 5225 5231 5232 5235 5249 
rates 5156 5176 5199 5206 5217 5225 5235 5241 5248 
rating 5161 
ratings 5201 
ratio 5193 5225 
rationing 5181 
ratios 5201 5225 
ratjen 5200 
raw 5214 
re-appointed 5206 
re-establishment 5179 
reached 5158 5170 5171 5186 5193 5195 5225 5234 
reaching 5172 
react 5189 
reacted 5163 
ready 5176 
reagan 5157 5160 5176 
real 5199 5205 
realise 5248 
realize 5249 
realized 5249 
realizing 5249 
reappointment 5206 
reason 5163 5176 5206 
reasonable 5160 
reassemble 5176 
rebels 5157 
recapitalize 5177 
receipt 5234 
receive 5193 5214 
received 5169 5177 5186 
receiving 5186 5187 
recent 5155 5176 5178 5199 5206 5214 5231 5249 5250 
recently 5161 5176 5214 5217 5228 
recess 5208 
recession 5171 5199 
recognised 5171 5184 5230 
recommendations 5190 
recommended 5249 
record 5183 5214 5225 
recover 5163 5179 
recovered 5163 5178 
recovering 5163 5171 
recovery 5163 5172 5249 
recurring 5208 
recycle 5217 
red 5171 
redec 5171 
redeem 5186 
reduce 5180 5183 
reduced 5171 5214 5222 
reducing 5186 5206 5222 5225 
reduction 5167 
reductions 5246 
referring 5163 
refinance 5202 
refined 5244 
refineries 5156 
reflect 5214 
reflected 5178 5219 
reflecting 5176 
reflects 5230 
reform 5169 5235 
refused 5176 5190 5191 5200 
region 5179 
regional 5249 
registered 5172 5181 5215 
registration 5218 
regular 5174 
regularly 5200 
regulated 5230 
regulation 5201 
regulations 5201 5244 
regulatory 5186 5230 
reinterpreting 5201 
rejected 5186 
relations 5169 
released 5159 5194 5220 
reliability 5225 
relied 5234 
relief 5179 
religious 5164 
reluctance 5171 5179 
reluctant 5171 5186 
remain 5172 5180 5189 5201 5241 
remains 5176 5225 5240 
remarks 5182 
remodelling 5190 
remove 5217 5226 
removed 5156 
renamed 5203 
renault 5172 
renege 5200 
renegotiate 5180 
renewal 5178 
renewed 5171 
rennes 5172 
repair 5179 
repaying 5171 5180 5186 
repayment 5179 5180 
repayments 5171 
replace 5195 5241 
report 5164 5171 5224 5233 5235 
reported 5158 5163 5191 5200 5208 5224 5225 
reporters 5172 5183 5206 5233 
reporting 5171 
reports 5200 5214 5220 
reprehensible 5159 
representative 5201 
representatives 5246 
representing 5156 
represents 5213 
republics 5178 
repurchase 5241 
reputation 5200 
request 5183 
requested 5156 
require 5201 5230 
required 5181 5201 5241 
requirements 5230 
resale 5232 
reschedule 5186 5233 
rescheduling 5171 5186 
rescue 5190 
research 5194 
resemble 5201 
reserve 5174 5176 5206 5241 
reserves 5171 5181 5184 5193 5201 5209 5216 5228 5241 
residential 5234 
resignation 5200 
resigned 5200 
resist 5176 5193 
resistance 5179 
resisting 5214 
resolve 5214 
resolved 5195 
resort 5171 
resources 5234 
responded 5183 
response 5230 5232 
responsibilities 5157 
responsible 5159 
restart 5190 
restore 5155 
restored 5171 5190 
restrain 5167 
restraining 5167 
restricted 5162 
restructure 5171 
restructuring 5177 5179 5222 
result 5165 5179 
resulted 5235 
resulting 5214 
results 5159 5188 5214 5225 
resumption 5206 
retail 5205 
retained 5177 
retaliation 5160 5169 5183 
reticent 5230 
retirement 5203 
return 5163 5168 5192 
returned 5156 5167 5183 5208 5210 
returns 5163 5225 
revalued 5190 
revel 5225 
revenue 5179 5235 
reversal 5189 
reverse 5178 
review 5176 5177 
revised 5186 5196 
revision 5201 5205 5218 
revisions 5201 5208 
revival 5225 
revolutionary 5164 
richard 5230 
rifa'i 5193 
rights 5177 5216 5222 5234 
ringgit 5216 
rio 5156 
riots 5190 
rise 5156 5173 5183 5184 5189 5196 5206 5207 5210 5214 5215 5216 5225 5235 5241 
risen 5171 5183 5205 
rises 5156 5205 5207 5214 5225 5231 5245 
rising 5160 5172 5176 5200 5207 5210 5225 
risk 5157 5199 5201 5206 5225 
risks 5199 
rival 5177 
riyadh 5167 5171 
riyal 5171 
riyals 5171 5184 
robert 5217 
roberto 5163 
robson 5225 
roche 5230 
roger 5168 5192 5202 
role 5157 5167 
rolf 5200 
rolled 5241 
room 5176 5206 5225 
root 5169 
rose 5156 5181 5183 5189 5196 5205 5207 5216 5225 5238 5241 5245 
rosebay 5191 
roubles 5178 
roughly 5249 
round 5223 5232 
row 5177 5214 
rubber 5195 5247 
rubibira 5185 
rudolf 5230 
ruhollah 5164 
rukwa 5185 
rule 5201 
rules 5168 5192 5201 
ruling 5161 5190 5208 5248 
rumours 5168 5192 
run 5190 5226 5234 
running 5179 
ruptured 5179 
ruvuma 5185 
s.a. 5162 
sa 5172 5239 
sachs 5217 
sadat 5180 
saffron 5191 
sagging 5208 
salaam 5185 
salah 5180 
sale 5157 5159 5177 5191 5214 5235 
sales 5157 5167 5172 5177 5203 5208 5235 
salim 5184 
samarco 5203 
sambor 5155 
san 5163 5226 
sao 5156 
satisfactorily 5167 
satisfactory 5206 
satisfied 5167 5204 5206 
saturday 5183 5193 5195 
saudi 5166 5167 5170 5171 5182 5184 5193 5244 
saudi-arabia 5167 5170 5171 5182 5184 5244 
saunderson 5200 
save 5169 
scandal 5157 
scared 5163 
sceptical 5184 
schedule 5190 5201 
scheduled 5163 5167 5168 5174 5177 5192 5242 
scheme 5235 
schn.pa 5162 
schneider 5162 
scope 5225 
scrap 5191 
screen 5230 
scrutiny 5201 
sea 5171 
seamen 5156 
season 5175 5214 5225 
seasonal 5189 
seasonally 5196 5215 
seasons 5214 
seat 5161 
seats 5161 
secondary 5186 
secret 5176 
secretary 5157 5160 5176 5186 5233 5235 
sector 5169 5171 5178 5182 5184 5190 5206 5225 5233 5235 
sectors 5210 5250 
secure 5225 
securities 5163 5201 5216 5217 5225 5230 5235 5241 
security 5157 
seed 5214 
seek 5186 5230 
seeking 5183 5186 5206 
seeks 5185 
sees 5167 5169 5180 5225 5235 
seiki 5242 
seiko 5229 
seized 5163 
seizure 5163 
selective 5235 
self-imposed 5214 
sell 5157 5159 5185 5197 5234 
seller 5181 
sellers 5225 
selling 5157 5191 5211 5234 5244 
selowksy 5200 
selowsky 5200 
sending 5230 
senegal 5169 
senior 5164 5168 5171 5183 5186 5192 5200 5204 5206 5217 5225 
separates 5217 
september 5161 5183 5193 5212 5233 
sequester 5163 
sequestered 5163 
sequestration 5163 
series 5161 5201 5225 5229 5230 
serve 5164 
service 5193 
services 5170 5200 
session 5182 
set 5163 5168 5179 5180 5181 5182 5192 5213 5214 5230 5234 5243 
setbacks 5161 
setting 5243 
settle 5180 
settlement 5158 
settling 5180 
seven-year 5239 
severely 5201 
shake 5225 
shake-up 5176 
shape 5193 
share 5159 5163 5167 5170 5171 5172 5177 5198 5212 5213 5222 5225 5228 5230 
shared 5167 
shareholder 5222 5248 
shareholders 5201 5222 5226 5234 5248 
shares 5159 5163 5177 5184 5212 5222 5225 5228 5230 5234 
sharp 5189 5225 
sharply 5171 5181 5193 
shaw 5234 
shearson 5233 
sheet 5201 
shehadi 5167 
shekel 5231 
shimbun 5208 
ship 5156 5191 
shipment 5196 
shipowners 5156 
shipping-to-hotels 5171 
shoe 5238 
shoot 5163 
shopping 5205 
short 5171 5178 5195 
short-selling 5217 
short-term 5176 5217 5235 
shortage 5223 5232 
shortfall 5189 
shortly 5182 5233 
shouts 5230 
show 5171 5172 5174 5176 5178 5206 5208 5214 5220 5225 
showed 5159 5178 5212 5214 5230 
showing 5184 
shows 5161 5209 5230 
shr 5219 
shultz 5157 
shut 5244 
side 5164 
sides 5164 
sieg.f 5162 
siegfried 5159 5200 
siemens 5162 
siew 5183 
sight 5195 
sign 5180 5182 5184 5197 
signals 5184 
signed 5179 5183 5198 5214 5243 
significant 5172 5177 5199 5225 5249 
significantly 5172 5214 5235 
signs 5176 5184 5225 5243 
silo 5185 
silos 5185 
similar 5163 5169 5214 5229 
simple 5171 
single 5200 5203 5208 5230 
sink 5167 
sino 5234 
sino.hk 5234 
sister 5168 5192 
sitting 5206 5230 
situation 5164 5165 5170 
situtation 5162 
six-point 5161 
six-year-old 5157 
size 5200 
skills 5230 
skyrocketing 5163 
slack 5167 
slash 5246 
slid 5190 
slide 5171 5181 
slight 5163 5205 5215 
slightly 5178 5206 5214 5241 
slipped 5163 5167 
slow 5190 
slowdown 5171 
slowed 5201 
slowing 5176 
sluggish 5176 
slumped 5161 5225 
small 5156 5201 5210 5244 
smash 5164 
smc 5226 
so-called 5201 5214 
social 5221 
socialist 5208 
societa 5248 
sockerfabriks 5214 
soffex 5230 
soften 5231 
software 5230 
sold 5186 5211 5234 5235 
solely 5217 
solid 5225 
solution 5162 
sonntag 5159 5200 
sophisticated 5201 
sorely 5171 
soriano 5226 
sorsa 5221 
sought 5248 
sound 5193 5235 
source 5171 5182 
sources 5155 5176 5183 5186 5190 5191 5198 5200 5201 5208 5214 5242 5244 5249 
south 5160 5161 5197 5203 5224 
south-western 5224 
sovereign 5191 
soviet 5167 5178 5180 5200 5214 5243 
soviet-built 5180 
soviet-supplied 5180 
sowings 5214 
soya 5214 
spa 5248 
spain 5172 5214 
spanish 5214 
spare 5180 
sparked 5168 5192 
speak 5155 
speaker 5164 5184 
speaking 5172 
special 5177 5216 
specialist 5201 
specific 5186 5206 
specifications 5182 
speculation 5200 
speech 5164 
speed 5176 
spending 5171 5187 5199 5208 
spent 5186 
spiegel 5200 
spite 5160 
spokesman 5156 5175 5195 5200 5209 5214 5226 5228 5231 5239 5242 5243 
spontaneous 5155 
sports 5172 
spot 5167 5200 5201 
spotlight 5225 5230 
spotted 5200 
spreading 5208 
spreads 5208 
spring 5167 
sprung 5225 
srl 5248 
staal 5225 
stabilisation 5169 
stabilise 5167 
stability 5167 5176 5193 5206 5210 5214 
stable 5193 5225 
staff 5159 5173 5200 5230 5246 
stage 5163 5222 5230 
stages 5201 
staging 5208 
stagnant 5214 
stagnation 5178 
stake 5159 5162 5212 5234 
stakes 5203 
stance 5181 
stand 5155 
standard 5170 
start 5178 5208 5209 5229 5230 5242 
started 5170 
starting 5168 5186 5187 5192 5198 
starts 5214 
state 5157 5159 5200 5220 5246 
state-affiliated 5198 
state-owned 5156 5158 5175 5185 
state-run 5214 
statement 5174 5202 5203 5205 5212 5234 
statements 5155 
states 5167 5169 5176 5183 5217 5230 5233 5247 
stations 5163 
statistical 5178 5245 
statistician 5214 
statistics 5189 5205 5220 5231 5236 5240 
status 5201 
steadily 5171 
steady 5210 5214 
steagall 5217 
steel 5180 
steep 5184 
stemmed 5225 
stems 5171 
step 5171 5184 5217 
stephen 5171 
steps 5235 
sterling 5176 5202 5225 
stg 5171 5202 5212 5213 5219 5223 5232 
sticking 5186 
stiff 5179 
stimulate 5184 5227 
stimulating 5206 
stimulus 5176 5225 
stock 5163 5168 5170 5177 5192 5195 5206 5217 5225 5226 5230 
stocked 5241 
stockholders 5177 
stockholm 5230 5240 
stockmarket 5225 
stocks 5214 5218 5225 
stoltenberg 5159 
stood 5170 5215 
stop 5176 5181 
stoppage 5156 
stopped 5180 5244 
storage 5167 5185 5244 
stored 5185 
storms 5224 
straight 5169 5172 
strain 5167 
strategic 5177 
strategy 5186 
stream 5201 
street 5163 
strength 5169 5176 
strengthen 5176 
stressed 5225 
stretched 5214 
stretching 5171 
stricter 5178 5201 
strike 5155 5156 5173 
strikes 5155 
strong 5169 5177 5184 5193 5206 5224 5225 5230 5246 
stronger 5176 5199 
stronghold 5208 
strongholds 5221 
strongly 5157 5169 5176 5179 5199 
struck 5186 
structural 5199 
structure 5203 
stubbornly 5176 
study 5177 5217 5244 
studying 5156 5242 
sub-par 5199 
subcategories 5170 
subdued 5199 
subject 5218 5244 
submit 5208 
subordinates 5157 
subsequent 5226 5230 
subsidiaries 5248 
subsidiary 5162 5201 5203 5228 5234 5242 
subsidies 5190 5214 
subsidized 5186 
substantial 5206 5225 5244 
substantially 5206 
succeeding 5167 
success 5172 5230 
successful 5168 5192 
successive 5168 5192 
such-and-such 5164 
sugar 5175 5214 
suggest 5176 5214 
suggestion 5179 
suggests 5176 
suiker 5214 
suit 5176 
sukkerfabrikker 5214 
suleiman 5171 5184 
summer 5167 
summit 5193 
sunday 5161 
supervision 5201 
supervisory 5200 5201 5230 
supplement 5230 
supplied 5249 
supplier 5242 
suppliers 5242 
supply 5171 5178 5197 5207 5214 5242 
support 5160 5164 5165 5168 5173 5192 5208 5214 
supported 5163 5221 
supporting 5168 5192 
supposed 5200 
supranational 5200 
surged 5183 
surplus 5181 5183 5185 
surpluses 5160 5168 5192 5217 
surprise 5208 
surprised 5225 
surrender 5163 
surrendered 5163 
surroundings 5230 
survey 5161 5209 5210 5214 5230 5244 
surveys 5214 
suspend 5181 
suspended 5159 5190 5200 
suspension 5179 
suspicion 5163 
suspicions 5163 
svenska 5214 
swap 5201 
swaps 5201 
sweden 5198 5214 5240 
swedish 5240 
sweeping 5163 
sweetened 5186 
swept 5224 
swift 5169 
swing 5167 5221 
swiss 5213 5215 5230 
swiss-based 5230 
switched 5214 
switching 5162 
switzerland 5215 5230 
sydney 5189 5199 
sympathetic 5179 
syndicate 5179 
system 5174 5181 5190 5200 5208 5214 5217 5223 5230 5232 5235 5241 
systems 5230 
t-bill 5174 
tackle 5182 5193 
taipei 5175 5183 5187 
taiwan 5160 5175 5183 5187 
taka 5207 
take-up 5223 
takeover 5177 
taking 5200 5241 
talk 5161 5206 
talked 5176 
talks 5165 5168 5169 5171 5176 5180 5183 5186 5190 5192 5195 5201 
tamed 5176 
tangible 5184 
tanker 5191 
tankers 5191 
tanks 5242 
tanzania 5185 
tapes 5200 
target 5172 5176 5178 5214 5223 5235 
targets 5178 
targetted 5178 
task 5163 
tax 5169 5174 5176 5208 5219 5235 5241 5249 
taxable 5217 
team 5190 5230 
techniques 5214 
tedi 5203 
tehran 5164 
telephone 5162 5163 5186 
telephoniques 5162 
television 5160 5163 5167 5193 5212 5244 
telex 5244 
temporary 5241 
ten 5225 
tender 5174 
tendering 5226 
tenneco 5222 
tense 5169 
tensions 5169 
term 5180 5195 5206 
terminal 5174 5187 
terminals 5230 
terms 5179 5180 
textile 5169 5183 
textiles 5180 
thanked 5165 
thatcher 5161 
the-national-bank-of 5188 
theme 5184 
then-president 5180 
theodore 5177 
things 5164 5226 
thought 5163 5167 
thousands 5155 5156 5182 5230 
thrashing 5171 
threat 5173 
threatened 5156 5173 5214 
threatening 5155 
threatens 5229 
three-year 5183 
thursday 5163 5227 5241 
ties 5169 
tight 5171 5201 
tihamah 5171 
time 5157 5170 5171 5175 5176 5188 5200 5206 5208 5230 5233 
times 5161 5165 5176 5190 5201 5206 5219 
titles 5163 
tmm 5242 
today 5221 5223 5232 5241 
tokyo 5191 5196 5197 5198 5206 5208 5209 5210 5217 5229 5242 5247 5249 
told 5156 5157 5159 5163 5165 5168 5173 5175 5176 5180 5182 5183 5184 5186 5187 5192 5194 5195 5206 5217 5226 5233 5242 5244 
tomorrow 5169 5189 
tonne 5209 
tonnes 5175 5178 5185 5195 5209 5214 5218 
tool 5242 
top 5171 5195 
toppled 5163 
tops 5189 
torday 5176 
toshiba 5197 
total 5158 5179 5181 5182 5186 5187 5188 5193 5209 5220 5234 5239 5244 
totalled 5175 5220 5225 5236 
totalling 5214 
touched 5189 
tough 5160 
town 5171 
towns 5155 
toyko 5176 
toyo.t 5242 
toyota 5242 
trade 5155 5158 5160 5169 5176 5178 5180 5181 5183 5189 5196 5200 5206 5214 5215 5217 5220 5236 
traded 5163 5170 5222 5230 
traders 5167 5195 5200 5230 
trading 5160 5163 5169 5171 5173 5191 5200 5225 5230 5241 
traditionally 5214 5230 
training 5230 
transacted 5200 
transaction 5200 5201 
transactions 5158 5159 5163 5200 5201 5223 5225 
transcend 5200 
transfer 5159 5163 5200 
transferring 5200 
transport 5231 
trap 5164 
travelling 5155 
treasury 5174 5176 5186 5193 5214 5223 5235 
treatment 5249 
tremendous 5226 
tremor 5179 
trend 5214 
trials 5172 
triangle 5217 
trimmed 5214 
trip 5233 
tripoli 5244 
troops 5156 
trust 5163 5186 5249 
tsba.t 5197 
tuesday 5156 5163 5180 5200 5241 
tumbled 5161 
turistiche 5248 
turkey 5244 
turn 5171 5210 
turned 5157 5163 5180 
turning 5206 
turnout 5221 
turnover 5205 5219 5225 5230 
tv 5212 
tvbh.hk 5234 
two-day 5221 
two-month 5220 
two-thirds 5179 
two-year 5170 
type= 5166 5204 
types 5201 5214 
typhoon 5175 
u.k 5214 5223 5225 5232 
u.k. 5198 5201 
u.s 5160 5169 5176 5183 5201 5203 5206 5217 5225 
u.s. 5160 5165 5169 5170 5171 5176 5183 5186 5189 5198 5201 5206 5217 5225 5242 5247 
u.s.-british 5201 
u.s.-government 5233 
u.s.-u.k. 5201 
u.s.. 5180 
uae 5237 
uk 5161 5201 5211 5212 5213 5214 5219 5223 5232 5250 
ultimate 5201 
un.as 5225 
unadjusted 5196 
unanimously 5177 
unavoidable 5199 
unaware 5157 
uncertain 5201 
uncertainties 5199 
uncertainty 5225 
unchanged 5176 5196 5214 5216 5225 5237 5240 
unclear 5230 
uncontroversial 5208 
unconvinced 5169 
uncovered 5200 
und 5230 
underground 5187 
underlying 5176 
underpriced 5225 
understood 5176 
undertaken 5162 
underwriting 5211 
undisclosed 5224 
unemployment 5215 
unexpected 5206 
unexpectedly 5225 
unfairly 5156 
unfortunate 5163 
unhappy 5173 
unified 5155 
unilateral 5206 
unilever 5225 
union 5155 5167 5173 5180 5230 5243 
unions 5156 
unip 5190 
unit 5188 5203 5239 5243 
united 5169 5176 5183 5190 5193 5195 5217 5230 5233 5237 5247 
units 5169 
unlike 5214 
unpleasant 5159 
unreasonable 5180 
unrest 5156 
unrevised 5189 
unruly 5176 
unspecified 5230 5246 
unsubsidised 5214 
updated 5230 
upper 5208 
upward 5196 5205 
upwards 5196 
urge 5160 
urged 5217 
urges 5217 
urging 5164 5227 
users 5230 
ussr 5178 5180 5243 
utah 5203 
utilisation 5199 
utility 5246 
vacant 5215 
vaccum 5169 
valid 5214 
valued 5163 
valuing 5249 
van 5225 
varieties 5214 
varig 5198 
vast 5217 
vat 5235 
veer 5186 
veg-oil 5169 5218 
vegetable 5238 
vehicles 5172 
venezuela 5186 
venture 5243 5247 
ventures 5171 5243 
verdicts 5163 
verified 5167 
version 5186 5201 
veto 5160 
vibration 5247 
vice-president 5203 5217 5227 
view 5193 
vigo 5172 
vincent 5183 
violations 5167 
virtual 5208 
virtually 5206 
visa 5172 
visited 5167 5233 
visnews 5167 5244 
vital 5217 
vlccs 5191 
volcker 5206 
volkswagen 5159 5172 5200 
volume 5189 5201 5220 5225 5235 
volumes 5244 
voluntary 5179 
vote 5156 
voted 5156 5173 
voters 5161 5221 
votes 5221 
voting 5177 
vowg.f 5159 5200 
vw 5159 5200 
wage 5231 
wages 5208 
wake 5200 
walked 5208 
wanted 5167 5180 5226 
war 5160 5229 
wariness 5208 
warned 5160 5164 
warning 5164 5169 
warns 5160 5164 
warrants 5230 
washington 5157 5160 5165 5169 5176 5183 
watching 5230 
ways 5171 5217 
weaker 5225 
wealth 5163 
weather 5178 5214 5240 
wednesday 5156 5180 5225 5241 
week 5156 5159 5161 5163 5168 5170 5173 5174 5176 5177 5180 5183 5186 5189 5192 5195 5200 5208 5214 5225 5230 5241 5244 
weekend 5172 5186 5195 5200 
weekly 5157 5170 5174 5178 5190 
weeks 5167 5176 
weigh 5201 
weighed 5157 
weighing 5201 
weight 5201 
weightings 5201 
weinberger 5157 
welcomed 5195 
welcomes 5195 
wellington 5173 5174 5188 5194 5202 
welt 5200 
wess.as 5225 
wessanen 5225 
west 5159 5162 5168 5169 5176 5178 5192 5198 5200 5201 5205 5206 5214 5239 
west-germany 5159 5162 5200 5201 5205 5214 5241 
western 5155 5172 5178 5183 5214 
wet 5206 
wheat 5189 
wheatley 5186 
whichever 5249 
white 5214 
whites 5214 
wholly 5203 
wholly-owned 5242 
wide 5208 
widely 5169 
widened 5236 
widens 5236 
widespread 5156 
wiesbaden 5200 5205 
wilderness 5221 
willingess 5156 
wilson 5156 5203 
wincenty 5214 
window 5242 
winds 5224 
windshield 5242 
winner 5208 
winthrop 5177 
wipers 5242 
wisdom 5169 
withdrawal 5156 5174 
wood 5180 
work 5156 5160 5215 
worked 5230 
workers 5155 5156 5171 5173 
workforce 5246 
working 5182 5215 5243 
works 5208 5242 
world 5160 5167 5168 5169 5171 5178 5190 5192 5195 5203 5206 5214 5217 5225 5227 5233 5235 
worldbank 5190 5227 
worldwide 5160 
worst 5157 
worth 5157 5163 5171 5187 5197 5220 5232 5235 
worthwhile 5214 
wrangling 5161 
wrong 5157 
xuto 5195 
yacyreta 5197 
yaik 5195 
yamani 5167 
yamoussoukro 5168 5192 
yasuhiro 5208 
year-ago 5205 
year-old 5180 
year-on 5245 
year-on-year 5196 
years 5157 5160 5161 5170 5172 5175 5181 5199 5200 5201 5202 5208 5214 5221 
yen 5197 5204 5206 5210 5211 
yesterday 5156 5165 5178 5182 5185 5221 5224 5227 5244 
yield 5214 5237 
yielded 5214 
yields 5214 5237 
york 5163 5177 5179 5186 5217 5226 5233 
youssri 5180 
yr 5219 
yuan 5158 
zagreb 5155 
zaki 5167 
zambia 5190 
zealand 5174 5188 5194 5202 
zeid 5193 
zinc 5209 
zone 5167 5244 
zurich 5230 
