're 4625 4727 
've 4625 4727 
****** 4635 4652 4653 4656 4658 4675 4698 4701 4722 4723 
-boar 4614 
-diamant-boar 4661 
-fe 4612 
-floating-rat 4656 
-gets-george-w 4737 
-in-res 4731 
-se 4728 
-st 4733 
-th 4644 
-to-buy-8 4615 
-un 4730 
-ye 4649 4657 
/author 4611 4630 4643 4665 4674 4724 
0.07 4685 
0.3 4641 
0.4 4634 4674 
0.8 4629 4634 4660 
0008 4653 
0012 4652 4656 4675 
0013 4635 4658 
0014 4722 
0015 4701 4723 
0016 4698 
0032 4729 
0049 4644 
0050 4615 
0053 4732 
0055 4716 
0056 4614 4634 
0058 4638 4639 
0064 4700 4730 
0066 4610 4649 
0067 4613 
0068 4731 
0069 4671 
0071 4688 
0072 4637 
0075 4612 4620 4660 
0076 4631 
0077 4657 
0078 4706 4710 
0079 4667 
0081 4687 
0084 4696 
0085 4734 
0087 4713 
0088 4627 4662 4708 
0089 4648 
0090 4619 4682 
0092 4719 
0093 4630 4674 
0094 4681 4735 
0095 4707 
0096 4642 
0098 4666 4689 
0099 4641 4739 
00:27:37.31 4628 
00:49:15.19 4629 
00:50:19.21 4630 
0100 4665 4727 
0101 4621 
0102 4625 4643 4717 
0103 4654 4684 4692 4736 
0104 4676 4712 4718 
0105 4616 4651 4659 4661 4702 4737 
0106 4646 4655 4663 4694 
0107 4640 4670 4705 
0108 4624 4628 4629 4632 4650 4678 4715 4733 4738 
0109 4636 4645 4672 4703 4711 4714 4721 4724 4725 
0110 4617 4618 4664 4680 
0111 4623 4720 4740 
0112 4611 4626 4673 4704 4726 
0113 4668 4669 4679 4683 4686 4690 4728 
0114 4622 4647 4685 4697 
0116 4691 4693 4695 4699 4709 
0117 4633 
0121 4677 
01:05:12.15 4631 
01:23:35.18 4632 
02:12:51.84 4633 
02:20:05.14 4634 
02:20:10.29 4635 
02:26:49.40 4636 
02:29:13.28 4637 
02:30:02.28 4638 
02:36:46.16 4639 
02:44:37.52 4640 
03-12 4610 4611 4612 4613 4614 4615 4616 4617 4618 4619 4620 4621 4622 4623 4624 4625 4626 4627 
03-13 4628 4629 4630 4631 4632 4633 4634 4635 4636 4637 4638 4639 4640 4641 4642 4643 4644 4645 4646 4647 4648 4649 4650 4651 4652 4653 4654 4655 4656 4657 4658 4659 4660 4661 4662 4663 4664 4665 4666 4667 4668 4669 4670 4671 4672 4673 4674 4675 4676 4677 4678 4679 4680 4681 4682 4683 4684 4685 4686 4687 4688 4689 4690 4691 4692 4693 4694 4695 4696 4697 4698 4699 4700 4701 4702 4703 4704 4705 4706 4707 4708 4709 4710 4711 4712 4713 4714 4715 4716 4717 4718 4719 4720 4721 4722 4723 4724 4725 4726 4727 4728 4729 4730 4731 4732 4733 4734 4735 4736 4737 4738 4739 4740 
03:11:46.72 4641 
03:13:28.29 4642 
03:21:55.68 4643 
03:29:28.77 4644 
03:42:48.34 4645 
03:47:18.26 4646 
03:53:02.42 4647 
03:54:34.68 4648 
04:07:32.11 4649 
04:12:19.03 4650 
04:20:57.82 4651 
04:23:31.63 4652 
04:24:48.24 4653 
04:26:27.82 4654 
04:32:25.21 4655 
04:34:43.42 4656 
04:35:55.90 4657 
04:42:21.53 4658 
04:44:36.15 4659 
04:45:08.91 4660 
04:45:38.29 4661 
04:49:41.18 4662 
04:51:30.39 4663 
04:52:09.23 4664 
04:58:21.76 4665 
05:02:16.14 4666 
05:02:39.58 4667 
05:04:26.10 4668 
05:06:09.00 4669 
05:06:58.84 4670 
05:08:48.63 4671 
05:10:17.59 4672 
05:12:44.62 4673 
05:13:44.43 4674 
05:15:51.05 4675 
05:16:38.71 4676 
05:18:46.79 4677 
05:21:20.77 4678 
05:22:31.01 4679 
05:25:49.87 4680 
05:25:59.96 4681 
05:29:56.72 4682 
05:36:29.35 4683 
05:40:09.71 4684 
05:49:46.65 4685 
05:54:52.56 4686 
05:59:01.53 4687 
06:03:43.62 4688 
06:04:14.75 4689 
06:05:03.48 4690 
06:14:34.10 4691 
06:24:01.06 4692 
06:24:41.86 4693 
06:27:11.86 4694 
06:29:58.03 4695 
06:51:10.66 4696 
07:02:37.86 4697 
07:08:14.10 4698 
07:08:35.33 4699 
07:09:33.12 4700 
07:12:50.02 4701 
07:13:34.17 4702 
07:15:13.37 4703 
07:16:22.97 4704 
07:16:37.17 4705 
07:17:16.28 4706 
07:18:48.95 4707 
07:19:29.26 4708 
07:20:37.53 4709 
07:22:00.53 4710 
07:22:10.34 4711 
07:23:42.60 4712 
07:25:24.07 4713 
07:26:29.64 4714 
07:30:03.68 4715 
07:30:17.67 4716 
07:30:29.08 4717 
07:31:44.97 4718 
07:34:10.97 4719 
07:36:10.81 4720 
07:45:01.89 4721 
07:54:43.96 4722 
07:57:12.30 4723 
08:04:21.28 4724 
08:07:55.86 4725 
08:08:07.26 4726 
08:10:24.53 4727 
08:13:40.78 4728 
08:13:45.90 4729 
08:13:55.85 4730 
08:15:16.80 4731 
08:15:23.96 4732 
08:15:43.95 4733 
08:15:57.80 4734 
08:19:47.48 4735 
08:22:23.61 4736 
08:22:32.18 4737 
08:23:13.84 4738 
08:24:22.13 4739 
08:25:25.42 4740 
1,000 4643 4648 4667 4673 4683 4688 4706 4708 
1,000-guilder 4693 
1,028,000 4620 
1,076 4710 
1,076,000 4620 
1,192,000 4620 
1,228 4710 
1,252,000 4700 
1,255,000 4700 
1,286 4643 
1,392,000 4732 
1,399,000 4620 
1,549,000 4732 
1-1/2 4669 4683 4704 
1-1/4 4667 4688 4706 
1.05 4720 
1.1 4629 4674 
1.10 4666 4682 4720 
1.100 4730 
1.15 4692 
1.16 4691 
1.18 4630 
1.182 4630 
1.2 4695 
1.20 4647 
1.21 4666 
1.25 4678 
1.3 4678 
1.34 4636 4732 
1.36 4636 
1.4 4692 4695 
1.44 4636 
1.45 4674 
1.47 4644 
1.5 4642 4674 4678 
1.55 4646 
1.75 4692 
1.85 4642 
1.886 4671 
1.909 4630 
1.925 4671 
1.93 4678 
1/2 4683 
1/4 4683 4702 
1/8 4645 4684 4702 
10,000 4640 4648 4667 4688 4706 4708 
10,248 4637 
10-15/16 4720 
10-3/8 4682 4720 
10-5/16 4682 4720 
10-5/8 4720 
10-7/16 4682 4720 
10-year 4673 4685 4696 
10.3 4686 
10.5 4674 
10.60 4699 
10.9 4679 
100-1/4 4688 
101-7/8 4667 4706 
109,000 4734 
11,747,000 4700 
11,777,000 4700 
11.0 4672 
11.25 4733 
11.50 4610 4621 4626 
111,431 4686 
115,000 4689 
116,767 4643 
117.6 4637 
12-mar-1987 4610 4611 4612 4613 4614 4615 4616 4617 4618 4619 4620 4621 4622 4623 4624 4625 4626 4627 
12-month 4734 
12.8 4624 
1200 4739 
122,819 4643 
125,000 4689 
127.34 4644 
13-mar-1987 4628 4629 4630 4631 4632 4633 4634 4635 4636 4637 4638 4639 4640 4641 4642 4643 4644 4645 4646 4647 4648 4649 4650 4651 4652 4653 4654 4655 4656 4657 4658 4659 4660 4661 4662 4663 4664 4665 4666 4667 4668 4669 4670 4671 4672 4673 4674 4675 4676 4677 4678 4679 4680 4681 4682 4683 4684 4685 4686 4687 4688 4689 4690 4691 4692 4693 4694 4695 4696 4697 4698 4699 4700 4701 4702 4703 4704 4705 4706 4707 4708 4709 4710 4711 4712 4713 4714 4715 4716 4717 4718 4719 4720 4721 4722 4723 4724 4725 4726 4727 4728 4729 4730 4731 4732 4733 4734 4735 4736 4737 4738 4739 4740 
13-week 4639 
13.4 4612 
13.7 4695 
13.79 4610 4626 
130.22 4644 
135.3 4649 
14.2 4729 
14.20 4621 
14.50 4621 
14.60 4621 
14.77 4644 
14.9 4660 
141.1 4701 4710 
143.6 4701 4710 
15,308 4695 
15,982 4721 4738 
15.1 4729 
15.8 4658 4664 4714 
15.95 4691 
15/april 4681 
151.4 4659 
153.3 4710 
153.77 4633 4709 
153.8 4649 
1530 4674 
156.94 4610 
158.50 4669 4704 
16.00 4644 
16.34 4610 
16.4 4660 
16.85 4623 
166,000 4732 
168.5 4641 
17.35 4644 
176.1 4641 
177,000 4631 
177.87 4610 
18.5 4625 4727 
18.6 4686 
19.78 4644 
19.9 4629 
1931 4737 
1950s 4630 
1963 4641 
1977/78 4640 
1978 4625 4727 
1980 4630 4660 4710 
1981 4625 4727 
1982 4692 
1983 4629 4692 
1984 4678 4679 4692 
1984-1985 4719 
1985 4630 4631 4636 4642 4663 4668 4671 4678 4679 4686 4692 4694 4710 4726 
1985-1986 4719 
1985/86 4630 
1986 4624 4625 4629 4630 4634 4636 4637 4638 4641 4649 4652 4657 4663 4671 4677 4678 4679 4686 4691 4692 4695 4701 4710 4727 
1986-1987 4719 
1986/87 4630 4631 4642 4674 4719 
1987 4613 4625 4630 4636 4643 4670 4671 4672 4674 4679 4692 4705 4725 4727 4732 
1987/88 4621 4631 4674 
1988 4625 4626 4631 4636 4640 4648 4674 4683 4708 4710 4727 4737 
1988/89 4674 
1989 4622 4697 
1990 4645 4697 
1990s 4724 
1991 4646 
1992 4647 4693 4725 
1993 4683 
1995 4688 
1997 4667 4706 
19:14:46.59 4610 
19:17:09.22 4611 
19:19:46.05 4612 
19:29:40.59 4613 
19:29:57.91 4614 
19:30:26.18 4615 
1st 4729 
2,090,000 4620 
2,243,000 4620 
2,394 4695 
2,506,250 4729 
2,697 4643 
2,922,000 4732 
2-1/2 4683 
2.19 4733 
2.2 4689 
2.333 4630 
2.4 4629 
2.5 4673 4678 4684 4710 4724 4725 
2.56 4692 
2.6 4641 4695 
2.67 4610 
2.7 4625 4629 4727 
2.72 4610 
2.87 4710 
20.00 4733 
20.39 4610 4626 
20.6 4612 
2002 4669 4683 4704 
203.6 4660 
209.4 4635 4638 
20:20:24.76 4616 
21,918 4686 
21-page 4618 
21.2 4672 
217,217 4695 
217.9 4630 
21:25:07.29 4617 
21:34:46.15 4618 
21:38:25.33 4619 
21:52:37.81 4620 
22.1 4637 4695 
22.2 4660 
22.5 4695 
228.5 4621 4626 
22:32:22.31 4621 
22:48:14.55 4622 
22:56:46.50 4623 
22:58:56.27 4624 
23.2 4636 
23.8 4625 4727 
232.1 4660 
233.9 4660 
235,000 4689 
23:22:50.74 4625 
23:37:15.33 4626 
23:50:57.44 4627 
24.5 4612 
24.60 4733 
24.98 4690 
25,165 4630 
25.5 4612 
250,000 4697 
26-week 4639 
26.11 4610 
26.2 4669 4704 
260,000 4697 
27,220 4686 
270.4 4732 
272.8 4732 
28,600 4724 
290.55p 4659 
2nd 4620 
3,006,372 4729 
3,052,000 4732 
3,375,000 4732 
3,400,000 4737 
3,603 4721 4738 
3.1 4640 
3.10 4623 
3.22 4629 
3.3 4640 
3.35 4710 
3.40 4623 
3.45 4610 
3.5 4625 4629 4673 4727 
3.54 4679 
3.58 4644 
3.85 4692 
3.9 4695 
3/4 4667 4706 
3/8 4688 4702 
30,000 4724 
30,599 4721 4738 
30.27 4623 
30.7 4685 
300,000 4659 
305.5p 4659 
309,000 4696 
31.18 4610 
31.2 4612 
313.00 4693 
316,000 4622 
316p 4659 
33.89 4610 
333,000 4671 
337,867 4686 
34-67 4684 
347,026 4679 
35.01 4690 
355,000 4732 
36.6 4612 
37.0 4612 
37.4 4686 
37.5 4690 
37.6 4659 
386,157 4637 
39.9 4612 
390,000 4697 
393,000 4671 
4,000 4735 
4,420,000 4732 
4,498,000 4732 
4,686,000 4732 
4-1/2 4611 
4.00 4610 
4.1 4686 
4.15 4679 
4.2 4677 
4.3 4641 
4.6 4638 4641 
4.8 4659 
4.82 4630 
4.94 4644 
40,000 4617 4711 4740 
40.29 4621 
41.0 4620 
42.9 4612 
425,000 4622 
43.35 4610 
43.6 4620 
430.06 4644 
44.4 4642 
446.26 4644 
45-50 4624 
45.50 4687 
46,867 4686 
4610 4610 
4611 4611 
4612 4612 
4613 4613 
4614 4614 
4615 4615 
4616 4616 
4617 4617 
4618 4618 
4619 4619 
4620 4620 
4621 4621 
4622 4622 
4623 4623 
4624 4624 
4625 4625 
4626 4626 
4627 4627 
4628 4628 
4629 4629 
4630 4630 
4631 4631 
4632 4632 
4633 4633 
4634 4634 
4635 4635 
4636 4636 
4637 4637 
4638 4638 
4639 4639 
4640 4640 
4641 4641 
4642 4642 
4643 4643 
4644 4644 
4645 4645 
4646 4646 
4647 4647 
4648 4648 
4649 4649 
4650 4650 
4651 4651 
4652 4652 
4653 4653 
4654 4654 
4655 4655 
4656 4656 
4657 4657 
4658 4658 
4659 4659 
4660 4660 
4661 4661 
4662 4662 
4663 4663 
4664 4664 
4665 4665 
4666 4666 
4667 4667 
4668 4668 
4669 4669 
4670 4670 
4671 4671 
4672 4672 
4673 4673 
4674 4674 
4675 4675 
4676 4676 
4677 4677 
4678 4678 
4679 4679 
4680 4680 
4681 4681 
4682 4682 
4683 4683 
4684 4684 
4685 4685 
4686 4686 
4687 4687 
4688 4688 
4689 4689 
4690 4690 
4691 4691 
4692 4692 
4693 4693 
4694 4694 
4695 4695 
4696 4696 
4697 4697 
4698 4698 
4699 4699 
4700 4700 
4701 4701 
4702 4702 
4703 4703 
4704 4704 
4705 4705 
4706 4706 
4707 4707 
4708 4708 
4709 4709 
4710 4710 
4711 4711 
4712 4712 
4713 4713 
4714 4714 
4715 4715 
4716 4716 
4717 4717 
4718 4718 
4719 4719 
4720 4720 
4721 4721 
4722 4722 
4723 4723 
4724 4724 
4725 4725 
4726 4726 
4727 4727 
4728 4728 
4729 4729 
4730 4730 
4731 4731 
4732 4732 
4733 4733 
4734 4734 
4735 4735 
4736 4736 
4737 4737 
4738 4738 
4739 4739 
4740 4740 
4741 4741 
480,000 4636 
49.2 4621 
490,000 4636 
4th 4732 
5,000 4648 4708 4736 
5,654 4695 
5-3/4 4683 
5.1 4623 4638 
5.24 4630 
5.3 4625 4727 
5.36 4644 
5.37 4638 
5.65 4692 
5.7 4692 
5.93 4657 4692 
50,000 4643 
500,000 4684 
500-mln 4624 
515,000 4636 
52.07 4610 
520.1 4630 
54,000 4630 
54.66 4610 
545,303 4686 
55,000 4643 
55,500 4643 
55.01 4610 
55.68 4610 4621 4626 
558,089 4679 
56.4 4612 
57.38 4621 
572,000 4732 
58,000 4689 
586,000 4729 
59.52 4610 
6,000 4681 
6,800 4734 
6.0 4673 
6.00 4638 
6.06 4647 
6.1 4710 
6.2 4679 
6.25 4684 
6.44 4610 
6.85 4626 
6.9 4634 
629.7 4635 4638 
63.8 4612 
64.13 4610 
65,000 4643 
69.48 4610 
699.1 4719 
7-1/2 4716 
7-1/4 4693 
7.0 4674 
7.1 4674 
7.20 4623 
7.3 4710 
7.4 4686 
7.5 4678 
7.7 4611 
7.70 4647 
7.8 4686 
7/8 4611 
70,306 4643 
70.94 4610 
700,000 4650 
72.50 4610 
72.9 4620 
723.2 4638 
729.4 4719 
73,000 4696 
737.3 4719 
75.05 4610 4621 4626 
75.53 4610 
78,546 4643 
78.32 4610 
8,004 4695 
8,474 4637 
8.00 4692 
8.03 4644 
8.36 4649 4691 
8.45 4649 
8.51 4657 4692 
8.6 4634 
8.7 4624 
8.9 4634 
800,000 4678 4697 
802,000 4729 
81.7 4732 
81.9 4732 
83,000 4631 
84.3 4620 
85,000 4631 
87.50 4733 
88.7 4695 
9,000 4631 
9-5/8 4688 
9.1 4612 
9.10 4644 
9.4 4611 
9.6 4698 4700 
9.7 4637 4698 4700 
9.8 4700 
93,000 4631 
952,000 4671 
9523 4610 
9524 4611 
9525 4612 
9526 4613 
9527 4614 
9528 4615 
9529 4616 
9530 4617 
9531 4618 
9532 4619 
9533 4620 
9534 4621 
9535 4622 
9536 4623 
9537 4624 
9538 4625 
9539 4626 
9540 4627 
9541 4628 
9542 4629 
9543 4630 
9544 4631 
9545 4632 
9546 4633 
9547 4634 
9548 4635 
9549 4636 
9550 4637 
9551 4638 
9552 4639 
9553 4640 
9554 4641 
9555 4642 
9556 4643 
9557 4644 
9558 4645 
9559 4646 
9560 4647 
9561 4648 
9562 4649 
9563 4650 
9564 4651 
9565 4652 
9566 4653 
9567 4654 
9568 4655 
9569 4656 
9570 4657 
9571 4658 
9572 4659 
9573 4660 
9574 4661 
9575 4662 
9576 4663 
9577 4664 
9578 4665 
9579 4666 
9580 4667 
9581 4668 
9582 4669 
9583 4670 
9584 4671 
9585 4672 
9586 4673 
9587 4675 
9588 4676 
9589 4677 
9590 4678 
9591 4679 
9592 4680 
9593 4681 
9594 4674 
9595 4682 
9596 4683 
9597 4684 
9598 4685 
9599 4686 
9600 4687 
9601 4688 
9602 4689 
9603 4690 
9604 4691 
9605 4692 
9606 4693 
9607 4694 
9608 4695 
9609 4696 
9610 4697 
9611 4698 
9612 4699 
9613 4700 
9614 4701 
9615 4702 
9616 4703 
9617 4704 
9618 4705 
9619 4706 
9620 4707 
9621 4708 
9622 4709 
9623 4710 
9624 4711 
9625 4712 
9626 4713 
9627 4714 
9628 4715 
9629 4716 
9630 4717 
9631 4718 
9632 4719 
9633 4720 
9634 4721 
9635 4722 
9636 4723 
9637 4724 
9638 4725 
9639 4726 
9640 4727 
9641 4728 
9642 4729 
9643 4730 
9644 4731 
9645 4732 
9646 4733 
9647 4734 
9648 4735 
9649 4736 
9650 4737 
9651 4738 
9652 4739 
9653 4740 
9654 4741 
97.76 4610 
99.36 4610 4621 
`` 4609 4611 4618 4625 4626 4628 4630 4632 4651 4661 4662 4664 4665 4668 4670 4673 4674 4676 4689 4691 4692 4694 4699 4705 4713 4714 4718 4719 4725 4726 4727 
a330 4724 4725 
a330/340 4722 4723 4725 
a340 4724 4725 
ab 4661 
abandoned 4655 
abide 4665 
abiding 4632 4665 
ablaze 4736 
abolition 4670 4705 
abouve 4669 4704 
absent 4724 
absorbed 4625 4727 
absorptive 4699 
accept 4689 
accepted 4617 4711 4740 
accepting 4677 
access 4699 
accident 4691 
accord 4616 4632 4661 4672 4680 4703 4712 
account 4626 4629 4651 4692 4710 4718 
accounted 4630 
accounting 4611 
accounts 4624 4692 
achievements 4674 
acknowledged 4632 
acma 4699 
acmex 4623 
acq 4615 4622 4623 4659 4665 4690 4733 
acquire 4626 
acquired 4733 
acquisition 4622 4665 
acreage 4630 
act 4625 4628 4727 
acting 4659 
action 4624 4735 
activities 4647 4661 4699 4702 4710 
activity 4643 4647 
actual 4691 
adamant 4611 
add 4643 4666 4674 4699 
added 4625 4630 4632 4647 4654 4662 4664 4679 4689 4699 4707 4713 4714 4717 4727 4735 4739 
adding 4625 4727 
addition 4642 4665 4682 4691 4692 4720 
additional 4609 4624 4642 
adelaide 4610 4621 4626 
adequate 4699 
adequately 4691 
adjusted 4629 4630 4700 4732 
adjustement 4674 
adjustments 4654 4717 
administration 4611 4624 4625 4727 
administrations 4628 
admitted 4670 4705 
adopt 4692 
adsa.s 4610 4621 4626 
adsteam 4621 4626 
advance 4677 
advantage 4626 
advertisement 4733 
adviser 4668 4726 
advisers 4625 4647 4727 
advisory 4611 
aep 4729 
aepi 4729 
aero 4724 
affair 4618 
affect 4647 4665 
affecting 4737 
affects 4715 
affiliate 4624 
affirmative 4733 
afresh 4735 
africa 4624 
african 4660 
afternoon 4735 
ag 4649 4657 4663 4667 4687 4690 4691 4692 4697 4706 4733 
agencies 4642 4679 
agency 4624 4670 4678 4705 4721 4738 
aggregate 4674 
ago 4660 4692 4697 
agreed 4611 4615 4616 4633 4650 4676 4677 4709 4712 4715 4724 
agreement 4611 4631 4632 4665 4672 4680 4690 4694 4696 4703 4715 4724 4731 4735 
agricultural 4630 
agriculture 4630 4631 4671 
ahead 4674 4724 
aid 4624 4642 
aide 4618 
ailments 4715 
aim 4674 
aimed 4624 4665 4674 4680 4703 
aiming 4632 4710 
aims 4632 
air 4612 4724 
airbus 4722 4723 4724 4725 
aircraft 4638 4724 
aires 4611 
airh.si 4699 
airline 4724 
airlines 4699 4724 4725 4736 
airport 4699 
akzo 4715 
akzo.as 4715 
alan 4611 
algemene 4693 
alike 4674 
alive 4627 
all-round 4674 
allegheny 4733 
alliance 4721 4738 
allocation 4654 4717 
allotted 4647 
allowed 4676 4692 4699 
allowing 4611 
almir 4617 4711 4740 
altair 4734 
alternations 4692 
alternative 4659 
alum 4697 
aluminimum 4692 
aluminium 4657 4663 4687 4697 
alusuisse 4652 4653 4657 4663 4687 4692 4697 
aluz.z 4657 4663 4687 4692 4697 
alzheimer 4715 
amend 4676 
amended 4684 
amends 4684 
america 4702 
american 4625 4665 4676 4727 4728 
amlc 4636 
amount 4630 4651 4673 4684 4702 4718 
amounted 4625 4727 
amounts 4733 
amro 4693 
amsterdam 4693 4735 
amusement 4694 
amwi 4612 
anaheim 4730 
analyst 4665 
analysts 4665 4674 
angeles 4622 
animal 4623 4630 
announce 4672 4674 
announced 4621 4624 4646 4661 4672 4720 4724 
announcement 4621 4622 4687 
announcing 4674 
annual 4621 4630 4641 4642 4661 4697 
annum 4683 4702 
anticipated 4674 
anticipation 4674 
antitrust 4665 
antonio 4622 
anxious 4611 
apparently 4611 
appeal 4628 
appeared 4611 4668 4726 
appears 4654 4717 4719 4724 
applicable 4720 
application 4690 
applications 4707 
applied 4640 
applies 4610 
apply 4626 4651 4718 
approaches 4611 
approval 4668 4685 4690 4699 4726 4731 4733 
approved 4614 4648 4668 4692 4708 4726 4733 
approves 4614 4648 4708 
approving 4668 4726 
approximately 4625 4692 4727 
april 4610 4613 4615 4631 4640 4643 4645 4648 4669 4677 4682 4683 4685 4688 4691 4692 4693 4704 4707 4708 4720 4733 
arabia 4689 
arbitrage 4643 
arbitrarily 4625 4727 
archbishop 4627 
architects 4611 
area 4671 
areas 4630 4679 
argentina 4611 
argued 4625 4727 
arguments 4665 4674 
arise 4626 
arising 4691 
arithmetic 4674 
arm 4736 
arms 4618 4668 4726 
arrange 4702 
arranged 4692 
asia 4632 4643 4645 4665 4684 
asian 4662 4713 
asked 4616 4625 4662 4664 4665 4685 4712 4713 4714 4727 
aspects 4674 
assessment 4674 
asset 4692 
assets 4625 4699 4727 
assistance 4682 4720 
assistant 4611 4624 4643 
associate 4621 
associates 4610 4621 4626 
association 4640 4721 4738 
assume 4636 
assure 4676 4733 
attainable 4625 4727 
attempt 4665 4674 4735 
attract 4643 
attracting 4674 
attraction 4674 
attractive 4724 
attributed 4636 4679 
aubyn 4721 4738 
auction 4677 4685 
auctions 4685 
australia 4610 4621 4623 4626 4628 4629 4631 4636 4639 4643 4645 4646 4647 
australian 4626 4628 4629 4636 4639 4645 4647 4684 4692 
author 4611 4630 4643 4665 4674 4724 
authorities 4674 
authority 4699 4737 
automated 4699 
autumn 4643 4674 
average 4625 4639 4643 4689 4720 4727 
avg 4729 
aviaco 4736 
aviation 4699 
avoiding 4625 4643 4727 
awarded 4737 
aware 4685 
axp 4728 
back 4625 4677 4727 4730 
backs 4699 
badly 4617 4711 4740 
balance 4611 4674 4686 4692 
balances 4666 
baldrige 4665 
ball 4611 
ballot 4674 
bananas 4630 
banclub 4728 
bancorp 4728 
band 4682 4720 
bangkok 4678 
bangladesh 4642 
bank 4611 4613 4624 4639 4642 4645 4654 4666 4674 4682 4683 4684 4685 4686 4689 4692 4693 4699 4702 4717 4720 4728 
banker 4611 
bankers 4611 4666 4685 
bankiers 4693 
banking 4643 4645 4677 
banks 4611 4657 4677 4684 4685 4686 4689 4692 4699 
barcelona 4736 
barley 4671 
barrel 4658 4662 4664 4713 4714 
barrels 4664 4689 4714 
barrington 4618 
barter 4650 
base 4621 4641 4660 4674 
based 4623 4625 4643 4674 4727 
basic 4665 4674 4707 
basis 4627 4645 4646 4647 4681 4684 4725 4733 
basket 4719 
baskets 4719 
basle 4649 4691 
bauxite 4692 
bawh.si 4699 
bc- 4734 
bc-adsteam-looking-to-br 4626 
bc-adsteam-rights-issue 4621 
bc-aep-industries-inc- 4729 
bc-air-midwest- 4612 
bc-airbus-board-says-it 4723 
bc-airbus-faces-a340-dec 4724 
bc-airbus-has-nine-commi 4725 
bc-airbus-says-it-has-10 4722 
bc-akzo-pharma-unit-in-v 4715 
bc-alusuisse- 4657 
bc-alusuisse-group-1986 4652 
bc-alusuisse-plans-50-pc 4663 
bc-alusuisse-plans-furth 4697 
bc-alusuisse-says-it-pla 4653 
bc-alusuisse-sees-possib 4692 
bc-alusuisse-shares-susp 4687 
bc-australian-beef-outpu 4636 
bc-australian-business-u 4628 
bc-australian-terms-of-t 4629 
bc-australian-treasury-n 4639 
bc-bangladesh-to-seek-wo 4642 
bc-bank-of-england-offer 4666 
bc-bank-of-japan-calls-f 4654 4717 
bc-belgian-government-re 4672 
bc-bond-corp-details-bon 4646 
bc-british-wheat-area-do 4671 
bc-bryn-mawr-bank-corp- 4613 
bc-burmese-paddy-product 4719 
bc-cbs-issues-400-mln-dl 4669 4704 
bc-china's-january-grain 4637 
bc-china-faces-dilemma-o 4630 
bc-china-trying-to-incre 4679 
bc-chock-full-o'nuts-cor 4620 
bc-county-increases-tesc 4659 
bc-court-puts-injunction 4735 
bc-d.h.-holmes-co-ltd- 4732 
bc-dutch-chemical-group 4693 
bc-elders-halves-note-fa 4684 
bc-embargoed-0700edt**** 4698 
bc-embargoed-0700edtcana 4700 
bc-emperor-mines-to-floa 4647 
bc-first-boston- 4733 
bc-france-expects-to-sig 4694 
bc-french-1986-budget-de 4701 4710 
bc-generale-occidentale 4702 
bc-german-wholesale-pric 4634 
bc-greenwood- 4614 
bc-hearst-buys-houston-c 4622 
bc-iel's-acmex-unit-to-b 4623 
bc-india's-first-ever-ra 4673 
bc-india-in-countertrade 4650 
bc-india-took-three-carg 4681 
bc-japan-brokers-seek-10 4685 
bc-japan-cabinet-approve 4648 4708 
bc-japan-clarifies-fund 4651 4718 
bc-japan-corporate-profi 4695 
bc-japan-denies-breaking 4632 
bc-japan-minister-says-a 4633 4709 
bc-japan-mulling-changes 4619 
bc-japan-personal-saving 4686 
bc-japan-rejects-u.s.-ob 4665 
bc-japan-sets-1987/88-fi 4631 
bc-japan-shipbuilders-se 4640 
bc-japan-to-coordinate-s 4707 
bc-japan-to-widen-partic 4676 
bc-kampuchea-says-rice-c 4678 
bc-kidnapped-japanese-bu 4627 
bc-kubota-ltd- 4644 
bc-liberals-hold-truro-i 4721 4738 
bc-london 4656 
bc-major-divestment-plan 4699 
bc-mannesmann-considerin 4690 
bc-metal-box-issues-60-m 4683 
bc-miyazawa-says-current 4675 
bc-miyazawa-says-exchang 4616 4712 
bc-miyazawa-says-present 4680 4703 
bc-nakasone-refuses-to-d 4670 4705 
bc-national-australia-ba 4645 
bc-new-zealand-launches 4688 
bc-news-international-bo 4716 
bc-nordbanken-postpones 4677 
bc-okb-issues-100-mln-ca 4667 4706 
bc-opec-defending-18-dlr 4664 4714 
bc-opec-deliberately-und 4658 
bc-petrobras-cancels-oil 4689 
bc-philippine-debt-talks 4611 
bc-price- 4615 
bc-puget-sound- 4728 
bc-reagan-did-not-recall 4668 4726 
bc-rom-amer- 4731 
bc-s.-african-producer-p 4660 
bc-sandoz-ag- 4649 
bc-sandvik 4661 
bc-schweizerhalle-fire-h 4691 
bc-singapore-monetary-ex 4643 
bc-socal-edison- 4730 
bc-spanish-farmers-block 4736 
bc-strike-to-close-new-z 4739 
bc-subroto-sees-oil-mark 4662 4713 
bc-swiss-feb-trade-defic 4635 
bc-swiss-february-trade 4638 
bc-swiss-wholesale-price 4641 
bc-taiwan-enivironmental 4655 
bc-tax-revenues-boost-u 4674 
bc-the-adelaide-steamshi 4610 
bc-two-brazilian-shippin 4617 4711 4740 
bc-u.k.-money-market-giv 4682 4720 
bc-u.s.-details-its-acti 4624 
bc-u.s.-judge-dismisses 4618 
bc-u.s.-lends-sudan-57-m 4696 
bc-u.s.-officials-disagr 4625 4727 
bc-usx- 4737 
bcil.l 4626 
bearer 4687 
beasts 4636 
beaumont 4622 
beauties 4611 
beef 4631 4636 
beef/veal 4636 
beet 4630 
began 4691 4735 
begin 4734 
begun 4724 
belb.br 4661 
belgian 4661 4672 
belgique 4661 
belgium 4661 4672 
believed 4624 
believes 4633 4665 4709 4728 
below-budget 4621 
beneficiary 4621 
benefit 4643 4654 4717 
bennack 4622 
berne 4638 4641 
beryl 4625 4727 
bi-annual 4636 
bid 4623 4643 4677 4733 
big 4625 4674 4727 
bigger 4624 
biggest 4622 4625 4689 4727 
bilateral 4624 4665 
bill 4611 4625 4645 4648 4666 4684 4708 4727 
billion 4611 4624 4625 4629 4638 4642 4644 4646 4649 4657 4666 4672 4673 4674 4677 4682 4686 4691 4692 4694 4695 4699 4701 4710 4720 4724 4725 4727 
bills 4666 4682 4720 
binding 4640 
biotechnology 4715 
biscuits 4630 
blah 4635 4652 4653 4656 4658 4675 4698 4701 4722 4723 
blaming 4630 
block 4655 4665 4736 
blockaded 4736 
blocked 4736 
blocking 4665 
blue 4626 
bmtc 4613 
board 4614 4643 4661 4668 4699 4723 4724 4725 4726 4733 4739 
boards 4699 
boart 4661 
bob 4628 
bodied 4724 
boldness 4674 
bona.s 4646 
bond 4643 4646 4667 4673 4685 4686 4693 4706 4716 
bonds 4643 4673 4683 4685 4688 4716 
bonus 4610 4621 
book 4692 
book-runner 4667 4706 
books 4692 
boost 4643 4665 4674 4678 
boosted 4621 4710 
bop 4629 
border 4736 
bordering 4691 
borrower 4702 
borrowing 4674 
borrowings 4626 4702 
boston 4716 4733 
bought 4681 4682 4720 4724 
bourse 4687 
box 4683 
boycott 4670 4705 
bpd 4689 
branch 4627 4645 
brazil 4611 4617 4689 4711 4740 
brazilian 4617 4711 4740 
breadth 4699 
break 4692 
break-even 4692 
breakdown 4637 
breakdowns 4619 
breaking 4632 
breathe 4611 
bridge 4737 
bridges 4650 
briefing 4627 
bring 4616 4636 4712 
britain 4633 4647 4671 4680 4703 4709 4725 
british 4626 4671 4724 
broad 4674 
broadcasting 4699 
broke 4670 4705 
broken 4625 4727 
broker 4673 
brokerage 4665 
brokers 4673 4685 
brothers 4665 
brought 4626 
brussels 4661 4672 
bryn 4613 
bt 4645 
buchheit 4611 
budget 4625 4642 4643 4670 4672 4674 4701 4705 4710 4727 
budget's 4674 
budgetary 4672 
buenos 4611 
build 4655 
build-up 4636 4679 
building 4621 4640 
built 4640 4694 
bull 4643 
bullied 4665 
bullish 4662 4713 
bullying 4665 
burden 4674 4692 
bureau 4629 
burma 4719 
burmese 4719 
business 4628 4681 
businesses 4628 
businesslike 4611 
businessman 4627 
businessmen 4628 
buy 4615 4650 4677 4679 4689 4690 4696 4724 
buying 4622 4690 
buys 4622 
bv 4715 
by-election 4670 4705 4721 4738 
cabinet 4648 4672 4708 4719 
cakes 4630 
calendar 4630 4678 4679 
calif 4730 
calif. 4730 
california 4715 4730 
california-based 4622 
call 4625 4640 4674 4727 
callable 4669 4683 4704 
called 4628 4632 4679 4721 4738 
calling 4616 4670 4705 4712 
calls 4654 4685 4717 
camp 4611 
campaign 4628 4670 4705 4735 
canada 4633 4636 4647 4680 4698 4700 4702 4703 4709 4734 
canadian 4667 4706 
canberra 4628 4629 
cancel 4689 
cancelled 4689 
cancels 4689 
candidate 4721 4738 
cane 4630 
cane-growing 4630 
capable 4640 
capacity 4640 4697 4699 
capel 4665 4674 
capital 4610 4621 4623 4626 4642 4653 4657 4659 4663 4673 4685 4687 4692 4695 4699 4702 
capitalization 4731 
captors 4627 
car 4690 
carcass 4631 4636 
cardinal 4627 
cards 4728 
cargo 4735 
cargoes 4681 
carlos 4689 
carole 4665 
carried 4663 4692 
carriers 4676 
carries 4645 
carry 4647 4707 
carrying 4728 
cars 4736 
cartel 4640 4690 
cartels 4640 
cases 4682 
cash 4611 4623 4643 4649 4659 4663 4681 4692 
caspar 4665 
cattle 4636 
caused 4625 4640 4691 4727 
caution 4611 4674 
cbkg.f 4690 
cbot 4643 
cbs 4669 4704 
cbs.n 4669 4704 
cbt 4643 
cd 4645 
ceiling 4640 4658 4664 4699 4714 
census 4671 
central 4654 4660 4694 4717 
cents 4610 4621 
certificate 4645 4649 4663 
certificates 4687 
cfm 4724 
cfm-56 4724 
cgrt 4640 
chain 4622 4659 
chairman 4625 4727 
challenges 4643 
challenging 4618 
chancellor 4674 
change 4625 4643 4674 4689 4727 
changed 4630 4647 4689 
changing 4619 
chappel 4647 
charge 4692 4728 
charged 4651 4665 4684 4718 
charges 4657 4663 4692 
charitable 4622 
chase 4643 
check 4630 
cheetham 4623 
chemical 4655 4691 4693 4699 4715 
chester 4624 
chicago 4643 
chief 4622 4647 4663 4668 4677 4692 4697 4726 
chilled 4636 
china 4630 4637 4679 4689 
chips 4632 4665 
chock 4620 
chosen 4674 
chronic 4654 4717 
chronicle 4622 
ciba-geigy 4691 
cif 4681 
cigz.z 4691 
circle 4626 
circulation 4622 4666 
circumspect 4611 
cited 4677 4691 
citicorp 4693 
cities 4630 4730 4736 
civil 4699 
claimed 4672 
claims 4691 
clarified 4651 4718 
clarifies 4651 4718 
clash 4643 
class 4614 
classic 4728 
cleansing 4692 
clear 4724 
cleary 4611 
clinical 4715 
cln 4693 
close 4611 4615 4621 4625 4645 4691 4727 4735 4739 
closed 4633 4665 4687 4699 4709 
closely 4625 4727 
closes 4693 
closing 4659 4669 4704 4739 
club 4628 
co-leads 4693 
co-managers 4645 
coal 4735 
coast 4655 
coffee 4634 
coin 4648 4708 
coins 4648 4708 
collateral 4677 
collection 4642 4673 
collectively 4636 
collins 4724 
colo 4614 
combine 4661 
combined 4667 4669 4704 4706 
coming 4643 
commemorative 4648 4708 
comment 4611 4616 4685 4690 4691 4712 
comments 4691 
commerce 4665 
commercial 4689 4725 
commercially 4724 4725 
commerzbank 4690 
commission 4640 
commissions 4736 
commit 4724 
commitment 4628 4702 
commitments 4722 4724 4725 
committed 4725 
committee 4611 4632 4664 4670 4699 4705 4714 
committing 4724 
commodities 4696 
common 4614 4676 4733 
communication 4611 
communications 4676 
communique 4725 
communist-led 4736 
community 4628 4736 
company 4613 4615 4621 4647 4649 4651 4655 4657 4663 4665 4669 4677 4687 4689 4690 4691 4692 4697 4704 4718 4724 4731 4733 4734 
company's 4613 
compared 4625 4638 4695 4700 4727 
compares 4671 4710 
compelling 4630 
compensate 4691 
compensated 4640 
competition 4622 4643 4699 
competitive 4643 
competitors 4665 
complaint 4670 4705 
complete 4618 
completed 4661 4737 
completely 4665 
completion 4690 4730 
complex 4694 
compliance 4647 
comply 4622 
components 4724 
composite 4643 
comprehensive 4679 
comprised 4667 4681 4706 
comprising 4683 
computers 4676 4707 
concentrated 4679 
concentrates 4674 
concentration 4697 
concept 4611 
concern 4665 
concerned 4626 
concert 4659 
concerted 4628 
concession 4667 4669 4704 4706 
concluded 4725 
condensate 4734 
conditioned 4733 
conditions 4666 4679 4689 
conduct 4655 4707 
conference 4611 4616 4624 4655 4662 4663 4664 4691 4692 4712 4713 4714 
confidence 4643 4674 
confident 4636 
confined 4611 
confirming 4674 
congress 4624 4625 4727 
congressional 4625 4727 
connection 4728 
consequences 4611 4625 4691 4727 
conservative 4674 4721 4738 
conservatives 4674 
conserve 4611 
considerable 4643 
considerably 4672 
considered 4672 4674 4699 
consisted 4673 
consists 4693 
consolidate 4624 
consolidation 4621 
consortium 4692 4724 4725 
constituency 4721 4738 
constitutionality 4618 
constraints 4630 
construction 4650 4695 
consumer 4628 4630 4641 4674 
consumers 4630 
consumption 4609 4636 4674 4689 
continent 4624 
contingent 4731 
continue 4630 4636 4643 4662 4713 
continues 4626 4643 
continuing 4626 4662 4713 4735 
contra 4618 
contract 4643 4689 4694 4737 
contracted 4679 4689 
contracts 4643 
contrary 4625 4727 
contrast 4625 4727 
control 4628 4699 
controls 4630 
conventional 4625 4727 
conversion 4663 4669 4683 4704 
convert 4611 4657 4692 
converted 4613 4614 
convertible 4669 4683 4704 4733 
convoys 4736 
cook 4739 
cool 4674 
cooperate 4616 4633 4709 4712 4715 
coordinate 4628 4679 4707 
coordination 4611 
cope 4691 
corporate 4619 4670 4686 4695 4702 4705 
corporation 4673 4681 
correcting 4654 4717 
correction 4625 4727 
corresponded 4710 
cost 4630 4650 
costs 4628 4630 4647 4674 4734 
cotton 4679 
council 4625 4668 4726 4727 
counsel 4668 4726 
counter-trade 4681 
countertrade 4650 
countertrading 4650 
countries 4630 4632 4642 4691 4736 
country 4609 4611 4630 4642 4651 4718 
county 4659 4734 
coupled 4624 
coupon 4669 4683 4688 4693 4704 
court 4611 4735 
cover 4630 4650 4663 4691 4692 
covered 4691 
create 4690 
creative 4625 4727 
credit 4642 4657 4663 4689 4692 4702 4716 4728 
creditor 4677 
creditors 4611 4692 
credits 4692 4710 
crisis 4617 4711 4740 
criteria 4626 4651 4718 
critical 4630 4724 
criticism 4611 
criticized 4692 
critics 4651 4718 
crocker 4624 
crop 4630 4671 4678 
crops 4630 4678 4679 
crossing 4736 
crowns 4677 
crsz.z 4692 
crucial 4611 
crude 4609 4658 4662 4664 4689 4713 4714 
crushing 4630 
cumulative 4733 
currencies 4702 
currency 4611 4616 4626 4680 4691 4693 4703 4712 
current 4623 4629 4633 4643 4665 4674 4675 4680 4685 4695 4697 4699 4703 4709 
curtail 4640 
curtailed 4640 
customers 4722 4724 4725 
customs 4630 4637 4638 4679 
cut 4625 4630 4642 4643 4653 4654 4663 4674 4685 4687 4692 4697 4699 4701 4710 4717 4727 4736 
cuts 4625 4628 4670 4672 4674 4697 4705 4727 
cutting 4625 4630 4727 
d.h 4732 
daily 4622 4627 4643 4679 
dash 4674 
data 4619 
david 4611 4621 4647 
day 4625 4630 4659 4727 
days 4689 4702 4731 
dbs 4699 
dbsm.si 4699 
dd 4655 
de 4617 4655 4661 4689 4711 4740 
deadline 4684 4724 
deadlocked 4739 
deal 4611 4617 4650 4668 4711 4726 4736 4740 
dealers 4656 
dealing 4699 
death 4721 4738 
debate 4670 4705 
debated 4699 
debt 4611 4614 4617 4669 4692 4704 4710 4711 4740 
debt-equity 4611 
debtor 4677 
debtors 4611 
debts 4689 
decade 4699 
december 4610 4621 4626 4634 4660 4671 4674 4676 4686 4694 4724 
decentralised 4699 
decide 4630 4689 4735 
decided 4664 4689 4692 4714 4725 
deciding 4651 4718 
decision 4655 4674 4689 4707 4723 4724 4725 
decisions 4625 4727 
decline 4616 4629 4636 4679 4712 
declined 4685 4690 4691 
declines 4634 4674 
declining 4629 4636 4683 
decrease 4625 4727 
defeat 4670 4705 
defence 4625 4665 4727 
defence-related 4665 4699 
defend 4658 4664 4714 
defending 4664 4714 
deficit 4625 4629 4635 4638 4650 4677 4701 4710 4727 
deficits 4625 4727 
delay 4677 
delayed 4690 
delaying 4617 4711 4724 4740 
delegation 4611 
delhi 4650 4673 
deliberately 4658 4664 4714 
delicate 4695 
delicately 4611 
deliveries 4725 
demand 4628 4630 4654 4662 4679 4713 4716 4717 4736 
demanded 4627 
demands 4618 4625 4727 
democrat-liberal 4721 4738 
democratic 4670 4705 
demonstrate 4628 
demonstrations 4736 
denied 4632 
denies 4632 
denominations 4667 4683 4684 4688 4706 
denshin 4676 
denver 4614 
denwa 4676 
department 4621 
depend 4699 
dependence 4654 4717 
dependent 4665 
depends 4724 
deposit 4645 
deposited 4677 
deposits 4643 4686 
depreciation 4610 4710 
depth 4699 
designated 4702 
designed 4670 4672 4705 
desire 4625 4727 
detailed 4637 
details 4624 4630 4642 4646 4672 4679 4691 4715 
deteriorate 4674 
deteriorating 4695 
deutsche 4724 
develop 4731 
developed 4630 4724 
development 4624 4642 4699 4707 4715 
developments 4672 
devising 4611 
dhaka 4642 
diamant 4661 
dictate 4625 4727 
diego 4615 4730 
differentials 4664 4714 
difficulties 4632 
difficulty 4611 
dilemma 4630 
diluted 4733 
dilution 4699 
dioxide 4655 
diplomats 4651 4678 4718 
direct 4628 4674 
direction 4699 4737 
directly 4690 
director 4625 4689 4692 4707 4727 
dis.n 4694 
disagree 4625 4727 
disappointed 4736 
disappointing 4643 
disclose 4689 
disclosed 4626 4697 
disclosure 4618 4619 
discontinued 4620 
discount 4611 
discounts 4647 
discoveries 4707 
discuss 4611 4664 4714 
discussing 4643 
discussion 4611 
discussions 4668 4707 4724 4726 4735 
disease 4715 
dislike 4625 4727 
dislikes 4611 
dismissed 4618 4665 
dismisses 4618 
disney 4694 
disneyland 4694 
dispute 4735 
dissatisfaction 4611 
distinct 4674 
distribution 4699 4702 
district 4736 
distrust 4625 4727 
div 4610 4613 
diverse 4621 
diversified 4626 
diversion 4618 
divest 4622 
divestment 4699 
dividend 4613 4621 4649 4691 4732 
division 4665 4715 
divisions 4619 
dlr 4611 4616 4624 4627 4645 4655 4664 4667 4675 4689 4702 4706 4714 4724 4725 4733 4737 
dollar 4616 4625 4633 4636 4684 4691 4709 4712 4727 
dollar-denominated 4611 
dollar/yen 4675 4680 4703 
dollars 4702 
domestic 4609 4630 4636 4651 4665 4710 4718 
domestically 4636 
domicile 4647 
domiciled 4647 
dominate 4636 
dominated 4611 
donald 4668 4726 
donor 4642 
doomed 4625 4727 
double 4651 4691 4718 
doubles 4728 
doubt 4674 
douglas 4676 
downturn 4621 
downward 4642 
dozen 4724 
dozens 4689 
draft 4670 4705 
drain 4663 4666 
drastic 4697 
draw 4630 
drawings 4702 
dress 4736 
drilled 4734 
drilling 4661 4734 
drinks 4630 
drop 4630 4636 4641 4670 4674 4691 4705 
dropped 4629 4630 4643 4651 4691 4695 4718 
drug 4715 
drugs 4715 
dsm 4693 
du 4655 
dual 4693 
dudley 4734 
due 4611 4616 4621 4640 4641 4664 4667 4669 4683 4688 4692 4693 4704 4706 4712 4714 4716 4735 
duesseldorf 4690 
dutch 4693 4715 4735 
dyson 4621 
eager 4674 
earlier 4621 4626 4629 4631 4674 4677 4686 4691 4695 4716 4720 
early 4666 4672 4674 4682 
earn 4610 4613 4617 4620 4621 4630 4644 4649 4652 4657 4687 4691 4692 4695 4711 4729 4732 4740 
earned 4621 4643 
earning 4673 
earnings 4610 4619 4621 4695 
ease 4666 4682 
eased 4621 
easier 4648 4708 
easily 4630 4721 4738 
east 4694 
easy 4630 4651 4718 
ec 4736 
echo 4674 
economic 4611 4624 4625 4626 4628 4630 4637 4674 4695 4727 
economies 4672 
economist 4674 
economists 4674 4719 
economy 4625 4630 4674 4680 4695 4703 4727 
ecuador 4609 
edible 4679 
edison 4730 
eeghen 4693 
effect 4611 4648 4654 4674 4691 4708 4717 
effectively 4739 
effects 4691 
efficiency 4707 
effort 4628 
efforts 4654 4665 4717 
eggs 4634 
el-sayed 4677 
elaborate 4664 4714 
elaborating 4651 4697 4718 
elderly 4715 
elders 4684 
election 4670 4674 4705 
electoral 4674 
electorate 4674 
electric 4707 4730 
electrical 4699 4707 
electricity 4707 
electronic 4646 
eligible 4651 4718 
eliminate 4692 
eliminated 4625 4643 4727 
elimination 4692 
embrace 4611 
emerging 4647 
emperor 4647 
employ 4651 4718 
employees 4617 4711 4739 4740 
employers 4735 
employers' 4735 
employment 4625 4700 4727 
empowering 4618 
en 4693 
encouraged 4611 
end 4611 4615 4643 4651 4662 4694 4710 4713 4718 4719 4724 
end-1985 4692 
end-1988 4630 
end-january 4630 
ended 4610 4621 4626 4644 4672 
ending 4625 4643 4727 
endorse 4611 
endowment 4622 
energy 4641 4662 4664 4707 4713 4714 
enforce 4625 4727 
engage 4676 
engaged 4702 
engine 4724 
engined 4724 
england 4666 4682 4720 4721 4738 
enivironmental 4655 
enjoyed 4626 
enjoying 4643 
enlarged 4610 4621 
enormously 4625 4727 
ensure 4628 4725 
enter 4626 4736 
entered 4731 
enterprises 4633 4709 
entire 4615 4673 
entitled 4623 4647 
environment 4692 
environmental 4655 
envisaged 4674 
envision 4615 
equal 4661 4691 4719 
equally 4621 
equipment 4630 4650 4665 4695 
equity 4611 4623 4643 4692 
equity-accounted 4621 4626 
equity-accounts 4610 
equivalent 4624 
ernst 4690 
essential 4611 
established 4725 
establishes 4643 
estate 4621 4695 
estimate 4710 
estimated 4630 4666 4677 4682 4720 
estimates 4625 4640 4678 4727 
eurobond 4667 4688 4706 4716 
eurobonds 4683 
eurodollar 4643 
euromoney 4611 
europe 4632 4665 4694 4702 
european 4724 4725 4736 
eventually 4674 
evident 4611 4628 
examiner 4622 
exceed 4626 
exceeded 4625 4692 4727 
exceptionally 4674 
excess 4679 
exchange 4616 4617 4630 4633 4643 4654 4669 4680 4687 4691 4693 4699 4703 4704 4709 4710 4711 4712 4717 4740 
exchequer 4666 4674 
excises 4628 
exclude 4677 
excludes 4620 4710 
excluding 4671 4728 
executive 4622 4663 4677 4692 4697 
executives 4642 
exercisable 4646 4647 
existence 4624 
existing 4692 4702 
expand 4643 4678 4685 
expanding 4643 
expansion 4643 4737 
expect 4626 4642 4668 4674 4692 4694 4726 
expected 4615 4636 4642 4643 4645 4647 4662 4674 4677 4685 4691 4713 4731 
expects 4621 4651 4694 4718 
expeditious 4618 
expenditure 4625 4710 4727 
expert 4630 
expertise 4642 
expire 4733 
export 4629 4636 4689 
exports 4617 4636 4637 4638 4679 4711 4740 
exposed 4724 
express 4728 
expressed 4611 4665 4724 
expulsion 4670 4705 
extended 4684 4728 4733 
extent 4611 4692 
external 4654 4717 
extra 4728 
extraordinaries 4610 4626 
extraordinary 4610 4625 4626 4657 4663 4677 4692 4727 
extremely 4707 
f. 4691 
f0007 4628 
f0020 4629 
f0021 4630 
f0030 4631 
f0033 4632 
f0062 4633 
f0063 4634 
f0065 4635 
f0071 4636 
f0076 4637 
f0078 4638 
f0084 4639 
f0090 4640 
f0108 4641 
f0110 4642 
f0124 4643 
f0134 4644 
f0145 4645 
f0152 4646 
f0157 4647 
f0160 4648 
f0170 4649 
f0174 4650 
f0188 4651 
f0194 4652 
f0195 4653 
f0197 4654 
f0202 4655 
f0207 4656 
f0209 4657 
f0218 4658 
f0224 4659 
f0228 4660 
f0229 4661 
f0234 4662 
f0236 4663 
f0238 4664 
f0244 4665 
f0257 4666 
f0260 4667 
f0263 4668 
f0269 4669 
f0272 4670 
f0279 4671 
f0280 4672 
f0283 4673 
f0285 4674 
f0286 4675 
f0287 4676 
f0289 4677 
f0294 4678 
f0296 4679 
f0302 4680 
f0303 4681 
f0307 4682 
f0313 4683 
f0324 4684 
f0338 4685 
f0344 4686 
f0353 4687 
f0359 4688 
f0361 4689 
f0362 4690 
f0375 4691 
f0385 4692 
f0387 4693 
f0390 4694 
f0401 4695 
f0419 4696 
f0436 4697 
f0452 4698 
f0455 4699 
f0457 4700 
f0464 4701 
f0466 4702 
f0474 4703 
f0475 4704 
f0476 4705 
f0478 4706 
f0480 4707 
f0482 4708 
f0483 4709 
f0487 4710 
f0488 4711 
f0491 4712 
f0498 4713 
f0505 4714 
f0512 4715 
f0514 4716 
f0515 4717 
f0518 4718 
f0521 4719 
f0523 4720 
f0538 4721 
f0553 4722 
f0555 4723 
f0577 4724 
f0593 4725 
f0594 4726 
f0602 4727 
f0622 4728 
f0623 4729 
f0624 4730 
f0631 4731 
f0632 4732 
f0635 4733 
f0637 4734 
f0643 4735 
f0650 4736 
f0651 4737 
f0653 4738 
f0655 4739 
f0656 4740 
f0872 4610 
f0873 4611 
f0876 4612 
f0884 4613 
f0885 4614 
f0886 4615 
f0897 4616 
f0922 4617 
f0932 4618 
f0933 4619 
f0938 4620 
f0956 4621 
f0964 4622 
f0965 4623 
f0968 4624 
f0974 4625 
f0981 4626 
f0998 4627 
face 4611 4692 
faces 4617 4630 4643 4711 4724 4740 
facilities 4657 4720 
facility 4684 4702 
facing 4642 4674 4724 
fact 4611 
factor 4612 4670 4705 4724 
factors 4679 
factory 4655 
facts 4668 4726 
fail 4625 4727 
failed 4665 
fair 4640 
fairchild 4665 
fairly 4628 
fairness 4676 
faithfully 4632 4665 
fall 4629 4630 4634 4637 4641 4642 4679 4695 4728 4737 
fallen 4629 4630 
falling 4630 4674 4691 4692 
falls 4660 4674 4698 
family 4625 4727 
farm 4736 
farmer 4630 
farmers 4630 4736 
farms 4655 
fault 4735 
favorable 4679 
favour 4624 
favourable 4674 
fbc 4733 
fe 4699 
feared 4655 
fears 4665 
feb 4635 
february 4612 4626 4633 4634 4638 4641 4643 4689 4691 4698 4700 4709 
federal 4622 4625 4628 4634 4638 4641 4690 4727 
fee 4645 4669 4684 4702 4704 
feed 4623 
feel 4611 4625 4727 
feels 4611 
fees 4667 4683 4688 4706 
feet 4734 
fell 4629 4630 4634 4641 4660 4679 4691 4695 4700 4719 
fellner 4674 
fellow 4691 
fermenta 4677 
ferries 4739 
fichtel 4690 
field 4665 
fierce 4643 
figure 4638 4672 4691 4710 
figures 4621 4630 4637 4660 4674 4679 4691 
fiji 4647 
filed 4670 4705 
final 4611 4691 4699 4710 4724 4735 
finance 4611 4616 4619 4632 4633 4642 4648 4651 4673 4680 4684 4685 4692 4695 4699 4702 4703 4708 4709 4710 4712 4718 
financial 4626 4643 4663 4674 4677 
financing 4611 4672 
find 4674 4692 4724 
findings 4699 
finds 4640 
finely 4611 
fire 4691 
fired 4618 
firm 4630 4651 4665 4690 4699 4715 4718 4724 
firmly 4674 4724 
firms 4611 4617 4643 4651 4665 4676 4685 4695 4699 4711 4718 4740 
fiscal 4625 4642 4674 4719 4727 
fish 4655 
fisheries 4630 
fixed 4683 
flagship 4622 
flare 4643 
flexibility 4611 
flexible 4611 4702 
float 4646 4647 
floating 4645 4656 
flotation 4699 
flour 4696 
flow 4649 4663 4692 
flowing 4691 
fluctuate 4662 4713 
fluctuation 4680 4703 
flumar 4617 4711 4740 
follow 4733 
fong 4643 
food 4624 4699 4702 
foods 4630 
force 4617 4665 4711 4740 
forces 4628 
forcing 4692 
forecast 4630 4636 
forecasts 4636 4674 
foreign 4617 4626 4630 4643 4651 4654 4655 4665 4685 4691 4699 4711 4717 4718 4740 
foreigners 4685 
foresee 4674 
foreseeable 4692 
forestry 4702 
form 4640 4661 4686 
formal 4623 4674 4723 4725 
formally 4724 
forming 4661 
formulated 4699 
fort 4737 
forward 4663 4692 
foster 4625 4727 
fostering 4625 4727 
found 4672 
foundation 4692 
founder 4677 4690 
four-engined 4724 
four-nation 4725 
fourth 4629 4662 4674 4695 4713 
franc 4649 4691 4692 4710 
france 4633 4680 4694 4701 4703 4709 4710 4722 4723 4724 4725 4736 
francisco 4622 
francs 4635 4638 4649 4652 4657 4663 4672 4687 4691 4692 4694 4701 4710 
frank 4611 4622 
free 4630 4646 4647 4654 4673 4677 4717 
french 4694 4701 4710 4724 
fresh 4634 4674 
friday 4611 4617 4693 4711 4740 
frms 4677 
frozen 4636 
fruit 4634 
fuji 4685 
fujian 4630 
fujitsu 4665 
fulfilled 4725 
full 4620 4657 4672 4674 
fuller 4691 
fully 4724 4733 
fund 4611 4624 4651 4710 4718 4724 4734 
fundamental 4654 4717 
fundamentals 4626 4680 4703 
funding 4624 4724 4725 
funds 4624 4651 4686 4718 
furore 4665 
future 4611 4626 4630 4654 4674 4680 4692 4703 4707 4717 4724 
futures 4626 4643 
gain 4695 4732 
gains 4626 4692 4732 
gas 4661 4730 4734 
gave 4611 4630 4637 4642 4668 4679 4691 4715 4726 
gdp 4710 
general 4621 4625 4643 4674 4702 4710 4727 4735 4736 
generale 4661 4702 
generally 4621 
generate 4643 
generating 4730 
generation 4707 
george 4737 
german 4634 4724 
germany 4633 4680 4703 4709 4725 
gestures 4691 
giant 4691 
gilts 4674 
give 4619 4665 4668 4672 4691 4726 4733 
giving 4641 
glcs 4699 
global 4643 
globally 4643 
globo 4617 4711 4740 
gmbh 4724 
gmt 4674 4739 
gnp 4625 4672 4727 
goals 4674 
gold 4647 4648 4708 
goldfields 4647 
good 4611 4625 4716 4727 
goods 4625 4641 4650 4727 
gottlieb 4611 
governing 4651 4718 
government 4611 4617 4618 4625 4628 4642 4648 4665 4672 4674 4685 4694 4699 4708 4710 4711 4724 4727 4736 4740 
government's 4674 
government-approved 4611 
government-coordinated 4707 
government-linked 4699 
governments 4625 4724 4725 4727 
grace 4696 
grain 4630 4637 4671 4678 4679 4696 4719 4735 
gramm-rudman-hollings 4625 4727 
grandson 4690 
grant 4651 4718 
granted 4692 
gratings 4737 
greater 4611 4624 
greatest 4663 
greatly 4625 4727 
green 4634 4719 
greenwich 4721 4738 
greenwood 4614 
grenfell 4621 
grew 4686 
gross 4625 4640 4657 4672 4692 4710 4727 
ground 4609 
grounds 4670 4705 
group 4621 4626 4644 4649 4652 4661 4670 4677 4693 4694 4705 4715 
grouping 4725 
grow 4630 
growing 4643 4679 4685 4736 
grown 4643 
growth 4625 4642 4643 4674 4695 4727 
grrl 4614 
guangdong 4630 
guangxi 4630 
guaranteeing 4611 
guarantees 4689 4725 
guaranty 4667 4706 
guayaquil 4609 
guidelines 4640 
guilder 4693 
guilders 4693 
guy 4672 4724 
ha 4671 
haerri 4692 
hajime 4633 4709 
half 4610 4621 4626 4631 4640 4674 4677 4684 
halt 4609 4618 4689 
halting 4665 
halves 4684 
hamilton 4611 
hands 4666 
hangs 4611 
hans 4663 4692 4697 
happen 4674 
harbour 4739 
hard 4611 4695 
harvest 4678 
harvested 4678 
harwood 4674 
hawke 4628 
head 4627 4668 4685 4726 
heading 4695 
headquarters 4670 4705 
hearst 4622 
heating 4634 
heavy 4634 
hebei 4679 
hectare 4630 
hectares 4671 4678 
hedge 4643 
hedged 4626 
hedging 4626 4643 
heirs 4690 4734 
helped 4625 4643 4674 4686 4727 
helping 4624 
henan 4679 
herald 4622 
herd 4636 
hermann 4692 
high 4626 4632 4654 4665 4707 4717 
high-technology 4724 
high-yield 4719 
higher 4625 4634 4636 4643 4672 4674 4697 4727 
higher-valued 4648 4708 
highly 4626 
hillards 4659 
history 4625 4727 
hit 4638 4691 4719 4735 
hlme 4732 
hoffmann-la 4691 
hofz.z 4691 
hold 4626 4628 4685 4721 4738 
holding 4613 4621 4622 4690 4699 
holdings 4623 4646 4647 4699 
holmes 4732 
home 4651 4674 4718 
hong 4630 4645 4684 
hong-kong 4645 4684 
hope 4611 4625 4693 4727 
hoped 4690 
hopes 4654 4717 
hotels 4694 
hours 4672 4739 
house 4618 4665 4668 4670 4705 4726 
houses 4685 
housing 4621 
houston 4622 
hovered 4616 4712 
hrs 4739 
huck 4731 
hunger 4624 
hurt 4625 4727 
husbandry 4630 
hwee 4643 
hydroelectric 4650 
iae 4724 
ian 4674 
iberia 4736 
ida 4624 
idea 4611 
ideal 4680 4703 
ideas 4611 
identical 4724 
identified 4691 
ideological 4625 4727 
iel 4623 
illegal 4617 4711 4740 
imbalances 4654 4717 
imf 4710 
impact 4625 4655 4710 4727 
implementing 4632 
import 4629 4630 4631 4638 4681 
imported 4630 
imports 4630 4631 4637 4638 4650 
impose 4689 
imposed 4674 
improved 4626 4663 4692 4695 
improvement 4638 
improving 4630 
inability 4677 
incentives 4625 4727 
include 4619 4665 4668 4694 4699 4726 4730 4731 
included 4686 4699 4710 
includes 4732 
including 4651 4676 4679 4696 4699 4718 
income 4625 4657 4670 4674 4692 4705 4710 4727 
incompatible 4676 
incorporation 4724 
increase 4613 4625 4626 4630 4632 4636 4657 4664 4679 4685 4686 4691 4695 4714 4727 
increased 4624 4628 4671 4678 4716 
increases 4625 4628 4659 4691 4727 
increasing 4624 4631 4679 
indefinitely 4677 
index 4641 4643 4660 
indexed 4628 
india 4650 4673 4681 
indian 4650 4673 4681 
individuals 4643 4686 
indonesia 4662 4664 4713 4714 
indonesian 4662 4664 4713 4714 
industrial 4621 4623 4626 4633 4642 4680 4692 4703 4709 4725 
industrialised 4616 4712 
industrie 4724 4725 
industries 4626 4695 4699 4729 
industry 4630 4632 4633 4640 4641 4642 4655 4665 4674 4685 4707 4709 4710 
inefficient 4630 
inflation 4625 4628 4660 4674 4727 
inflation-induced 4625 4727 
inflow 4674 
influence 4625 4727 
information 4619 4630 4668 4726 
inheritance 4690 
inhibited 4643 
initial 4643 4694 4710 
initiative 4699 
injecting 4646 
injunction 4735 
innovative 4611 
insist 4611 
insisted 4689 4691 
insists 4724 
installed 4692 
institute 4619 
institutions 4622 4643 
insurance 4686 
insured 4691 
int 4610 
integration 4710 
intent 4661 4690 
interbank 4611 4702 
interest 4610 4611 4614 4626 4640 4643 4645 4656 4673 4674 4682 4689 4693 4696 4720 4734 
interested 4650 
interests 4621 4646 4702 
interim 4621 
international 4611 4624 4630 4632 4633 4643 4654 4665 4667 4676 4683 4689 4702 4706 4707 4709 4715 4716 4717 4724 4733 
interview 4668 4674 4726 
intraco 4699 
introduce 4643 4685 
introduced 4643 
introducing 4670 4685 4705 
introduction 4719 
investigate 4618 
investigation 4618 
investment 4611 4621 4626 4642 4647 4651 4655 4686 4693 4694 4718 
investments 4611 4626 4643 4686 4695 4734 
investor 4626 
investors 4619 4643 4674 4694 
invited 4666 
involved 4661 
involvement 4618 
involves 4724 
involving 4650 4739 
iran 4618 4668 4726 
iran-contra 4618 
iraq 4689 
ireland 4671 
iron 4650 
islands 4739 
isle 4647 
islg.f 4690 
israeli 4668 4726 
issuance 4684 
issue 4610 4611 4621 4626 4645 4646 4647 4648 4665 4669 4673 4677 4683 4685 4704 4708 
issued 4623 4647 4659 4672 4683 4684 
issues 4621 4648 4665 4667 4669 4683 4699 4704 4706 4708 
issuing 4667 4669 4683 4699 4704 4706 
items 4626 4660 4728 
itsu.t 4665 
ixl 4684 
jaime 4611 4627 
jakarta 4662 4664 4713 4714 
james 4665 4674 
jan 4620 4635 4729 
janeiro 4617 4689 4711 4740 
january 4613 4630 4634 4637 4638 4641 4644 4660 4661 4690 4691 4698 4700 4730 4732 4735 
japan 4616 4619 4627 4631 4632 4633 4636 4640 4643 4644 4648 4651 4654 4665 4670 4676 4680 4685 4686 4691 4695 4703 4705 4707 4708 4709 4712 4717 4718 
japanese 4627 4630 4632 4640 4643 4651 4665 4680 4685 4686 4695 4703 4718 
jeopardize 4611 
jersey 4737 
jet 4724 4725 
job 4736 
jobs 4698 4700 
john 4668 4721 4726 4738 
johnson 4622 
join 4685 4736 
joined 4736 
joint 4621 4661 4667 4706 4731 
jointly 4622 4731 
joints 4737 
jones 4621 
jr 4622 
jucker 4663 4692 4697 
judge 4618 
judgment 4611 
july 4642 
june 4643 4651 4664 4674 4689 4714 4718 
junquera 4736 
kampuchea 4678 
kan 4612 
kang 4630 
keppel 4699 
kerry 4646 
key 4674 
khartoum 4696 
kidnapped 4627 
kiichi 4616 4680 4703 4712 
killian 4643 
king 4721 4738 
kingdom 4694 
kingston 4647 
knew 4692 
knock-down 4632 
kokusai 4676 
kong 4630 4645 4684 
kontrollbank 4667 4706 
kplm.si 4699 
kub.t 4644 
kubota 4644 
kyodo 4670 4705 
l55 4677 
la 4736 
laboratory 4707 
labour 4617 4641 4674 4711 4721 4738 4740 
lack 4642 
laid 4692 
landings 4731 
lane 4737 
lanschot 4693 
laredo 4622 
large 4624 4625 4626 4632 4673 4727 
largely 4641 
larger 4724 
largest 4621 4655 4677 
las 4731 
late 4626 4636 4651 4681 4685 4718 4740 
latest 4625 4640 4727 4732 
launch 4723 4724 4725 
launched 4677 4716 
launches 4688 4693 
launching 4688 4693 
law 4618 4648 4651 4665 4708 4718 
lawrence 4618 
laws 4622 4625 4647 4676 4727 
lawson 4674 
lawson's 4674 
lawsuit 4618 
lawyer 4611 
lb 4724 
lbs 4719 4724 
lead 4645 4665 4669 4683 4684 4688 4693 4704 4716 
leaders 4617 4711 4740 
leading 4642 4689 
lease 4676 
leasing 4676 
leave 4665 4674 
leaving 4625 4632 4727 
led 4634 4668 4707 4726 
lee 4611 4737 
left 4638 4692 
legal 4668 4690 4726 4735 
legally 4640 4692 
legislation 4648 4708 
lend 4696 
lending 4674 4720 
lends 4696 
letter 4661 4690 
letters 4689 
level 4625 4630 4633 4634 4636 4647 4664 4669 4674 4679 4692 4704 4709 4714 4727 4737 
levelling 4719 
levels 4626 4633 4636 4679 4680 4692 4703 4709 
liability 4691 
liam 4643 
liberal 4670 4705 4721 4738 
liberals 4721 4738 
libor 4611 
licence 4651 4718 
licences 4651 4718 
licensed 4651 4718 
licensing 4651 4718 
life 4609 4611 
liffe 4643 
lift 4689 
light 4630 4634 
lightning 4735 
likelihood 4625 4727 
limit 4619 4625 4628 4727 4728 
limited 4626 
limits 4672 
linda 4665 
line 4665 4691 4692 
line-item 4625 4727 
lines 4676 4692 4699 
link 4643 4739 
linked 4625 4727 
linking 4665 
links 4643 
liquid 4626 
liquidity 4643 4663 4666 4677 4682 4692 
list 4643 
listed 4647 4667 4673 4683 4706 
listing 4688 4693 4699 
live-stock 4636 
livestock 4631 4636 
living 4630 
load 4612 
loading 4739 
loan 4609 4611 4624 4663 4677 4692 4696 4702 4734 
loaned 4677 
loans 4657 4677 4692 4710 
local 4625 4643 4670 4685 4691 4697 4699 4705 4719 4727 
lodged 4690 
london 4611 4626 4643 4656 4659 4666 4667 4669 4671 4674 4681 4682 4683 4688 4702 4704 4706 4716 4720 4721 4738 
long 4616 4654 4685 4712 4717 4724 4735 
long-range 4725 
long-run 4625 4727 
long-term 4654 4717 
longer 4650 4689 4692 
looms 4724 
lorries 4736 
los 4622 
losing 4630 4665 
loss 4610 4620 4626 4644 4652 4657 4663 4692 4732 
losses 4626 4663 4692 4736 
lot 4625 4727 
low 4628 4674 4707 
lower 4625 4626 4634 4636 4641 4656 4670 4674 4705 4719 4727 
lowering 4674 
lowers 4625 4727 
ltcb 4667 4706 
lufthansa 4724 
lukang 4655 
luxembourg 4667 4706 
m-3 4674 
m0 4674 
made 4611 4622 4659 4663 4665 4668 4672 4682 4691 4692 4697 4724 4726 
madrid 4736 
magazine 4611 
magic 4694 
main 4611 4665 4674 4677 4689 4692 
maintain 4621 4643 4654 4664 4714 4717 
maintained 4679 4699 
maintaining 4692 
major 4616 4626 4633 4636 4670 4673 4674 4676 4680 4691 4692 4695 4699 4703 4705 4709 4712 4724 
majority 4647 4690 4721 4733 4738 
make 4616 4623 4651 4665 4674 4676 4712 4718 
maker 4665 
makers 4665 
makes 4665 
making 4625 4648 4708 4727 
malaysia 4650 
malaysian 4650 
malcolm 4665 
man 4647 
manage 4651 4718 
management 4651 4667 4669 4683 4688 4692 4693 4697 4704 4706 4718 
manager 4643 4645 4651 4669 4683 4684 4688 4693 4704 4716 4718 
managers 4685 
mandated 4702 
manhattan 4643 
manila 4611 4627 
mannesmann 4690 
manufacturer 4728 
manufacturers 4632 
manufacturing 4695 
marathon 4672 
marched 4736 
maremont 4692 
margaret 4674 
margin 4611 4643 4684 
margins 4628 
mark 4630 
market 4626 4628 4630 4636 4643 4647 4662 4664 4665 4666 4673 4674 4681 4682 4685 4691 4699 4713 4714 4720 4724 
marketing 4715 
markets 4636 4643 4674 4702 
martens 4672 
masatoshi 4707 
materials 4641 4707 
matter 4632 4665 
matthew 4721 4738 
matures 4645 
maturing 4666 
maturities 4684 
maturity 4673 
mawr 4613 
maximise 4674 
mbxl.l 4683 
mccaughan 4621 
mcdonnell 4676 
md 4676 
meant 4672 
measure 4674 4719 
measures 4625 4674 4679 4727 
meat 4636 
media 4646 4702 
medium 4674 4724 
medium-range 4725 
medium-sized 4633 4709 
mees 4693 
meet 4609 4611 4625 4630 4651 4664 4714 4718 4727 
meeting 4611 4642 4662 4664 4672 4674 4677 4713 4714 4724 4725 4735 
meetings 4735 
megawatt 4730 
melbourne 4647 
member 4643 4721 4724 4725 4738 
members 4670 4705 
meng 4643 
menu 4611 
mere 4692 
merger 4733 
met 4625 4727 
metal 4683 
methods 4625 4727 
mexican 4611 
mexico 4611 
michael 4643 
microchip 4665 
microchips 4665 
mid-1970s 4719 
mid-april 4723 4725 
mid-market 4720 
midnight 4739 
midwest 4612 
miles 4612 4694 
military 4625 4665 4727 
milled 4678 
mills 4630 
minds 4689 
miner 4647 
mines 4647 
minimum 4674 4678 4733 
mining 4647 
minister 4611 4616 4617 4628 4630 4633 4662 4664 4670 4672 4674 4680 4703 4705 4709 4711 4712 4713 4714 4740 
ministers 4633 4662 4672 4709 4713 
ministry 4619 4630 4631 4632 4640 4642 4648 4651 4665 4671 4673 4676 4685 4695 4699 4707 4708 4710 4718 
minnett 4647 
minorities 4610 
minus 4633 4709 
misguided 4625 4727 
mission 4699 
mistake 4625 4727 
miti 4665 4707 
mitsui 4627 
mix 4674 
miyazawa 4616 4675 4680 4703 4712 
mmwg.f 4690 
moment 4664 4714 
monday 4611 4672 4677 4687 4739 
monetary 4643 4674 
money 4611 4624 4630 4642 4666 4674 4682 4720 
money-fx 4616 4633 4666 4675 4680 4682 4703 4709 4712 4720 
money-supply 4686 
monitor 4628 
monitoring 4699 
monopolising 4665 
month 4616 4630 4632 4633 4637 4642 4643 4674 4677 4680 4689 4691 4694 4703 4709 4712 4724 4736 
month's 4643 
monthly 4643 4645 4654 4660 4717 
months 4631 4644 4683 4684 4702 
moonachie 4729 
morgan 4621 4667 4669 4704 4706 
morning 4643 4672 
mortgage 4674 
mortgages 4692 
motorized 4728 
move 4643 4665 4668 4690 4726 
movements 4654 4717 4739 
moving 4625 4643 4727 
mtfs 4674 
mths 4620 
much-needed 4611 
mulford 4611 
mulling 4619 
multinational 4611 
multiple 4734 
murtha 4665 
n.j 4737 
n.j. 4729 
n.v 4693 
n.v. 4693 
nakasone 4670 4705 
narrow 4674 
nation 4618 4625 4727 4728 
national 4625 4628 4645 4665 4668 4672 4726 4727 
national-level 4670 4705 
nations 4616 4633 4680 4703 4709 4712 
natural 4677 4734 
nearby 4655 
nearest 4721 4738 
necessarily 4675 4680 4703 
nederland 4693 
needed 4617 4625 4654 4674 4711 4717 4725 4727 4740 
negative 4691 
negotiations 4611 4661 4676 4739 
nemours 4655 
neptune 4699 
nervous 4715 
net 4610 4620 4621 4625 4626 4644 4649 4652 4657 4663 4666 4672 4691 4692 4727 4729 4732 
netherlands 4693 4715 4735 
network 4676 
neutral 4710 
nevada 4731 
new-money 4611 
new-zealand 4688 4739 
news 4637 4655 4663 4670 4678 4687 4691 4692 4705 4716 4721 4738 
newspaper 4622 4630 4668 4679 4726 4733 
nicaragua 4618 
nicholas 4721 4738 
nigel 4674 
night 4643 4736 
nikkei 4643 
nine-day 4670 4705 
nippon 4676 
nmb 4693 
noboyuki 4627 
nominal 4649 4654 4691 4717 
nominee 4647 
nominees 4647 
non-asian 4643 
non-bank 4643 
non-binding 4632 
non-manufacturing 4695 
non-renounceable 4647 
nordbanken 4677 
north 4618 4665 4679 4702 4739 
northern 4671 4736 
note 4610 4613 4620 4639 4656 4657 4666 4684 4732 
noted 4629 4665 
notes 4611 4639 4684 
november 4627 4668 4691 4726 
nsc 4668 4726 
nuclear 4730 
nullarbor 4647 
number 4611 4624 4685 4734 
numbers 4636 
numerical 4625 4727 
nv 4715 
nwsl.l 4716 
o'neill 4630 
o'nuts 4620 
objections 4611 4665 
objectives 4725 
obligations 4628 
obtain 4689 4725 
obtained 4725 4734 
occasions 4668 4726 
occidentale 4702 
occurred 4625 4727 
october 4643 4647 4650 4724 
october-december 4695 
odin 4647 
oesterreichishce 4667 4706 
offer 4617 4623 4639 4642 4647 4659 4711 4728 4733 4740 
offered 4611 4642 4647 4702 
offering 4728 
offerings 4699 
offers 4626 4643 4666 4689 
offficials 4624 
office 4625 4634 4638 4641 4660 4690 4727 
officer 4622 
offices 4686 
official 4616 4619 4630 4635 4637 4648 4651 4662 4665 4666 4676 4678 4679 4689 4691 4694 4701 4708 4712 4713 4718 
officials 4611 4616 4624 4625 4640 4642 4651 4665 4685 4695 4697 4712 4718 4724 4727 4736 
offset 4643 4670 4691 4705 4720 
oil 4609 4634 4650 4661 4662 4679 4681 4689 4702 4713 
oil-for-bridges 4650 
oilseed 4671 
okb 4667 4706 
olein 4681 
oliver 4618 
one-for-five 4610 4621 4626 
one-for-four 4610 4621 
one-for-one 4647 
one-month 4645 
one-off 4692 
one-third 4692 
one-time 4625 4727 
ongpin 4611 
onlending 4611 
onofre 4730 
opec 4658 4662 4664 4714 
open 4643 4656 4665 4737 
opened 4737 
opening 4621 4665 
openly 4724 
oper 4620 
operate 4676 4685 
operated 4628 
operating 4644 4657 
operations 4620 4640 
operator 4659 
opportunities 4626 4643 
oppose 4685 
opposes 4665 
opposition 4625 4670 4674 4705 4727 
optimism 4674 
option 4646 4647 
options 4611 4625 4630 4643 4674 4724 4727 
ord 4647 
order 4672 4685 4689 4699 4724 
orders 4640 4724 
ordinary 4643 4659 
ore 4650 4735 
organisation 4735 
organisers 4736 
organon 4715 
orient 4699 
original 4611 4684 
originally 4664 4674 4679 4684 4692 4714 
orion 4702 
orleans 4732 
ormet 4697 
osborne 4647 
oss 4715 
ottawa 4700 
outcome 4625 4727 
outdoor 4694 
outline 4697 
outlined 4699 
outlook 4636 
output 4625 4630 4636 4640 4678 4679 4719 4727 
outright 4682 4720 
outstanding 4686 
outturn 4674 
over-optimistic 4674 
overcome 4624 
overdue 4677 
overhauling 4670 4705 
overseas 4619 4621 4626 4636 4643 4651 4674 4718 
oversubscribed 4673 
oversupply 4640 
owned 4621 4622 4646 4661 
owner 4665 
owners 4730 
ownership 4699 
owns 4622 4699 
oyens 4693 
pa 4613 
package 4611 
packages 4611 
packer 4646 
pact 4632 4665 
paddy 4678 4719 
paid 4693 
paid-up 4699 
painful 4674 4692 
palm 4650 4681 
palm-oil 4650 4681 
panola 4734 
paper 4622 4630 4679 4682 4684 4724 
papers 4622 
par 4669 4683 4693 4704 4716 
parent 4649 4651 4692 4718 
paris 4616 4633 4642 4680 4694 4702 4703 4709 4710 4712 4725 
park 4694 
parker 4618 
parliament 4648 4670 4672 4674 4705 4708 4719 4721 4738 
parliamentary 4633 4680 4703 4709 
part 4609 4611 4614 4626 4628 4665 
partially 4650 
participants 4643 4685 
participate 4611 4647 
participation 4649 4663 4676 4685 4687 4699 
partner 4611 
parts 4625 4690 4727 
party 4670 4674 4705 4721 4736 4738 
party's 4674 
pass 4611 
passed 4651 4718 
passenger 4612 4638 
past 4611 4625 4670 4674 4692 4705 4719 4727 4735 4736 
paul 4735 
paulo 4617 4711 4740 
pay 4610 4611 4617 4683 4711 4716 4740 
payable 4613 4645 
payday 4625 4727 
paying 4611 
payment 4688 4689 4693 4710 
pays 4679 
pazzionotto 4617 4711 4740 
pclb 4615 
pct-owned 4699 
peking 4630 4637 4679 
penner 4625 4727 
penny 4674 
pension 4732 
pentagon 4665 
percent 4695 
percentage 4625 4636 4674 4691 4727 
performance 4621 4691 
performed 4621 4737 
period 4637 4671 4691 4696 
periods 4702 
permanently 4625 4727 
permission 4673 
permitted 4651 4676 4718 
persist 4626 
personal 4686 
persuading 4724 
perth 4646 
pesos 4611 
peter 4668 4674 4726 
petrobras 4689 
pharma 4715 
pharmaceutical 4715 
pharmaceuticals 4731 
philippine 4611 
philippines 4611 4627 
pick 4684 
piling 4632 
pineapple 4630 
pins 4611 
pioneered 4715 
place 4731 4737 
plan 4614 4625 4640 4670 4705 4727 4732 
plane 4722 4724 4725 
planned 4643 4665 4670 4674 4677 4678 4705 4725 4735 4736 
planning 4645 4679 
plans 4643 4645 4653 4655 4657 4663 4674 4697 4699 4735 
plant 4655 4695 
planted 4671 
planting 4678 
plateau 4719 
plc 4626 4659 4683 4716 
pleas 4668 4726 
pledge 4625 4670 4705 4727 
pledged 4674 
ploy 4665 
poindexter 4668 4726 
point 4674 4684 
points 4625 4645 4684 4727 4734 
poised 4611 
policies 4736 
policy 4625 4670 4699 4705 4727 
political 4674 
poll 4670 4674 4695 4705 4721 4738 
polled 4695 4721 4738 
pollution 4655 4691 
pont 4655 
pool 4611 
poor 4642 
popularity 4674 
port 4655 4699 4735 4737 
port's 4735 
portfolio 4626 
ports 4739 
position 4626 4647 4677 4681 
positive 4674 
possibility 4690 
post 4622 4668 4676 4686 4726 
post-intelligencer 4622 
post-privatisation 4699 
posted 4626 
postpone 4677 
postponed 4643 4664 4714 
postpones 4677 
potential 4643 4724 
pound 4674 
power 4724 4733 
powerful 4665 
practice 4735 
praecipuum 4683 
pre-empt 4735 
pre-equity 4610 
pre-extraordinaries 4610 
pre-tax 4610 
precautionary 4690 
precedent 4611 
precedents 4611 
preceding 4695 
predatory 4665 
predict 4611 4674 
predicted 4636 
predictions 4630 
preference 4733 
preferred 4614 4733 
preliminary 4661 4694 4731 
premium 4659 4669 4683 4704 
prepare 4643 
present 4619 4626 4648 4680 4703 4708 
presentation 4674 
presented 4611 4670 4705 
presently 4623 
president 4616 4622 4625 4632 4668 4712 4726 4727 
press 4616 4628 4630 4662 4712 4713 4721 4738 
pressing 4724 
pressure 4665 
presupposes 4692 
pretax 4644 4732 
pretoria 4660 
pretty 4625 4727 
preventing 4735 
previoius 4695 
previous 4643 4659 4663 4678 4689 4691 4692 4695 4721 4738 
previously 4636 4646 4672 4674 4692 
previously-announced 4733 
price 4615 4623 4628 4630 4634 4641 4643 4647 4658 4659 4660 4662 4664 4669 4679 4683 4704 4713 4714 
priced 4667 4669 4683 4688 4693 4704 4706 4716 
prices 4626 4628 4629 4630 4632 4634 4641 4647 4656 4662 4664 4665 4669 4674 4683 4704 4713 4714 4733 
pricing 4630 4665 
priest 4627 
primary 4685 
prime 4628 4670 4672 4674 4702 4705 4734 
principal 4690 
principle 4724 
printing 4699 
prior 4613 4668 4726 4732 
private 4625 4642 4699 4727 
privately 4677 
privatisation 4699 4710 
privatise 4699 
privatised 4699 
probe 4618 
probing 4668 4726 
problem 4632 4665 4674 
problems 4624 4632 4665 4677 
procedure 4735 
proceed 4665 
proceeds 4702 
process 4611 4625 4727 
processed 4609 
produce 4678 
produced 4630 4679 4691 
producer 4623 4660 
producers 4636 
producing 4630 
product 4625 4672 4689 4710 4727 
production 4625 4630 4632 4636 4640 4664 4679 4702 4714 4719 4727 
products 4619 4632 4634 4697 4715 
profit 4620 4626 4628 4630 4644 4649 4691 4692 4695 4732 
profit-making 4622 
profitability 4692 
profits 4618 4619 4621 4628 4691 4695 4732 
program 4611 4624 4672 4722 4724 
programme 4642 4710 4725 
programs 4624 4625 4727 
progress 4611 
project 4655 4694 4724 4725 4737 
projected 4631 
projects 4625 4647 4727 
promoting 4611 
prompted 4611 
property 4732 
proportion 4636 
proposal 4611 
proposed 4623 4665 4670 4684 4705 4724 4735 
prosecutor 4618 
prospect 4662 4713 
prospects 4611 
protest 4735 4736 
protesting 4736 
protestors 4736 
protests 4655 
protracted 4640 
provide 4619 4668 4676 4702 4726 4739 
provided 4682 4720 
provinces 4630 
proving 4611 
provisions 4611 4692 
psbr 4674 
psnb 4728 
public 4642 4665 4668 4672 4674 4699 4710 4724 4726 
publisher 4622 
publishing 4622 
puget 4728 
puncture 4628 
purchase 4615 4665 4689 
purchased 4646 4659 4728 
purchases 4659 4682 4696 4728 
purchasing 4630 4679 
pure 4611 
purposes 4702 
put 4630 4678 4689 4694 
puts 4735 
qtly 4613 
qtr 4620 4729 4732 
quantities 4632 
quarter 4613 4629 4644 4690 4695 4732 
quarterly 4645 
quarters 4662 4713 
question 4668 4674 4726 
questioned 4625 4727 
questions 4690 
quickly 4630 4679 
quota 4631 4679 
quotation 4699 
quoted 4630 4637 4668 4726 
rabo 4693 
radical 4692 
rail 4673 
railway 4673 
railways 4736 
raise 4621 4626 4643 4674 4677 4679 4740 
raised 4684 4721 4738 
raising 4674 
rally 4636 
range 4724 
ranging 4684 
rangoon 4719 
rank 4621 
ransom 4627 
rape 4671 
rapid 4680 4703 
rapidly 4630 4643 
rare 4702 
rate 4611 4621 4625 4633 4645 4654 4656 4674 4675 4680 4682 4684 4700 4702 4703 4709 4717 4720 4727 
rates 4616 4625 4626 4633 4674 4680 4703 4709 4712 4720 4727 
raw 4630 4641 
rbd 4681 
re-lease 4676 
reach 4631 
reached 4616 4617 4630 4643 4665 4672 4690 4694 4711 4712 4740 
reaches 4672 
react 4665 
ready 4611 4724 
reaffirm 4674 
reagan 4611 4624 4625 4632 4668 4726 4727 
real 4621 4625 4638 4665 4695 4727 
realised 4626 
reason 4677 
reasonable 4626 
reasons 4689 
reassure 4692 
reassuring 4674 
rebels 4618 
rebuilding 4636 
recall 4668 4726 
recapitalization 4614 
receipt 4733 
receipts 4625 4674 4710 4727 
receive 4646 4685 4696 4715 
recent 4643 4665 4707 
recently 4674 
recollection 4668 4726 
recommended 4632 4699 
recommends 4699 
reconstruction 4621 
record 4613 4626 4643 4673 4679 
recovery 4663 4695 
recreation 4694 
redeemed 4693 
reduce 4625 4632 4663 4672 4674 4699 4727 
reduced 4684 
reduces 4674 4699 
reducing 4625 4674 4710 4727 
reduction 4625 4657 4674 4727 
reductions 4625 4674 4727 
redundancies 4735 
redundancy 4735 
reefat 4677 
referring 4668 4726 
refinance 4702 
refined 4630 
refineries 4609 
reflect 4680 4703 
reflected 4621 
reform 4625 4727 
refueling 4730 
refusal 4611 
refuse 4611 
refused 4627 4668 4670 4689 4705 4726 
refuses 4670 4705 
refusing 4630 4736 
reg 4610 
regan 4668 4726 
regarded 4736 
regionally 4643 
regions 4619 4736 
registered 4640 4647 4676 4687 
registering 4676 
registrations 4647 
regulation 4699 
regulations 4651 4718 
rehearsal 4736 
reiterated 4625 4727 
rejected 4611 
rejecting 4625 4727 
rejects 4665 
related 4625 4727 
relationship 4689 
release 4630 
released 4627 
reluctant 4611 
remain 4616 4625 4630 4654 4662 4665 4672 4712 4713 4717 4727 4737 
remained 4670 4705 
remaining 4636 4684 4692 4733 
remains 4636 4643 4665 4724 
remarks 4616 4712 
remembered 4668 4726 
reminded 4628 
renfe 4736 
reorganized 4613 
repay 4677 
repayable 4696 
repayment 4696 
repeatedly 4665 
replace 4624 4737 
replenishment 4624 
report 4654 4699 4717 4719 
reported 4626 4668 4689 4691 4692 4721 4726 4738 
reporters 4627 4664 4689 4714 4739 
reporting 4681 
reports 4625 4727 
represent 4659 
representative 4735 
representatives 4707 
represented 4692 
represents 4613 4669 4689 4704 
requested 4685 
required 4628 4654 4684 4717 
requirement 4672 4674 
requiring 4622 
resale 4682 4720 
reschedule 4611 
research 4707 4715 
researching 4707 
reserve 4625 4639 4727 
reserves 4691 4692 
residents 4643 4655 
resigned 4668 4726 
resigning 4668 4726 
resistance 4707 
resolution 4632 
resolved 4735 
resort 4731 
resources 4614 4654 4663 4717 4734 
respect 4611 4689 
responded 4695 
responsibility 4625 4727 
responsible 4625 4727 
rest 4611 4696 
restart 4735 
restate 4692 
restated 4692 
restrain 4628 
restraint 4628 
restrict 4640 4679 
restrictions 4643 
restructured 4614 
restructuring 4614 4724 
restrucuting 4614 
result 4665 4677 
resulted 4625 4630 4695 4724 4727 
resulting 4613 
results 4621 4661 4691 
resume 4687 4735 
resumed 4670 4705 
retail 4674 
retailer 4621 
retain 4673 
retaining 4674 
retaliate 4632 
returned 4621 4692 
returns 4636 
reveal 4627 
revenue 4610 4612 4625 4674 4727 
revenues 4674 
reversions 4732 
review 4724 
revised 4611 4638 4642 4677 4710 4720 
revolt 4625 4727 
revolution 4719 
revolving 4702 
revs 4620 
rhine 4691 
rice 4678 4719 
richard 4622 
rights 4610 4621 4626 4692 4715 
rio 4617 4689 4711 4740 
rioghts 4733 
rioja 4736 
rise 4629 4630 4633 4662 4666 4679 4691 4695 4699 4709 4713 
risen 4630 4643 4674 
rises 4669 4674 4704 4736 
rising 4630 4643 4660 
rival 4721 4724 4738 
rivalry 4643 
rivals 4643 
riverside 4730 
rma 4731 
roads 4736 
robust 4674 4699 
roche 4691 
role 4665 
rolled 4625 4720 4727 
rom-amer 4731 
room 4724 
root 4625 4727 
rose 4612 4621 4626 4630 4634 4637 4638 4641 4660 4679 4695 4710 
rosemead 4730 
rosenmuller 4735 
rothschild 4647 
rotterdam 4735 
roughly 4625 4727 
round 4666 
royal 4702 
rudolph 4625 4727 
ruin 4655 
ruled 4617 4711 4735 4740 
rules 4619 4651 4718 
ruling 4618 4670 4705 4735 4736 
run 4643 4699 4739 
rupee 4673 
rupees 4673 
rural 4630 
ryavec 4665 
sa 4661 
sachs 4690 
safe 4625 4727 
safeguards 4699 
salaries 4628 
sale 4665 4668 4692 4726 4732 
sales 4618 4619 4625 4632 4644 4657 4665 4670 4691 4692 4695 4705 4727 4729 4732 
salomon 4665 
salt 4623 
salzgitter 4690 
san 4615 4622 4730 
sanctioned 4674 
sandoz 4649 4691 
sandvik 4661 
santana 4689 
sanz.z 4649 4691 
sao 4617 4711 4740 
saragossa 4736 
satisfactory 4675 4680 4703 
satisfy 4611 
satisfying 4651 4718 
saudi 4689 
saudi-arabia 4689 
saudis 4689 
saved 4625 4727 
saving 4670 4705 
savings 4686 
sbgz.z 4692 
sbvz.z 4692 
scandal 4618 4668 4726 
sce 4730 
scepticism 4724 
scheduled 4677 4730 
scheme 4611 4642 
schemes 4611 
schlumberger 4665 
schweizerhalle 4691 
schweizerische 4657 4663 4687 4692 4697 
scope 4611 4674 
scrip 4623 
sdo 4730 
sea 4696 
seamen 4617 4711 4740 
season 4630 
seasonally 4629 4700 
seat 4612 
seats 4643 
seattle 4622 
secondary 4699 
secret 4618 
secretary 4611 4616 4624 4665 4712 
sector 4642 4665 4674 4699 4735 4736 
sector's 4735 
securities 4669 4674 4685 4688 4704 
security 4665 4668 4726 
seeds 4623 
seek 4640 4642 4685 4699 
seeking 4611 4618 4624 4665 4672 4676 
seeks 4702 
sees 4621 4625 4636 4662 4692 4713 4727 
self-imposed 4640 
self-regulated 4640 
sell 4611 4630 
selling 4622 4632 4667 4669 4683 4688 4690 4697 4704 4706 
sembawang 4699 
semi-finished 4641 
semiconductor 4632 4665 
semiconductors 4707 
senate 4632 
senior 4611 4624 4625 4627 4665 4672 4691 4694 4727 
sensitive 4630 
sensitivity 4699 
sentiment 4662 4713 
separate 4619 4665 
september 4625 4630 4643 4697 4727 
september-april 4630 
september-august 4630 
serve 4699 
served 4735 
service 4699 4724 4728 4730 
services 4625 4650 4676 4727 
sesdaq 4699 
session 4633 4643 4680 4703 4709 
set 4611 4619 4624 4631 4632 4643 4665 4672 4674 4684 4736 
sets 4625 4631 4727 4728 
settle 4617 4711 4740 
settlement 4617 4711 4740 
seven-year 4702 
severe 4691 
severely 4724 
sfe 4643 
shandong 4679 
share 4610 4613 4621 4623 4624 4625 4626 4643 4647 4649 4659 4663 4669 4677 4683 4685 4687 4691 4704 4727 4732 4734 
shareholder 4621 4692 4731 4733 
shareholders 4646 4647 4676 4677 4690 4692 
shares 4613 4621 4623 4646 4647 4659 4669 4677 4687 4690 4699 4704 4733 
sharp 4686 
sharply 4656 4660 
sheet 4692 
shifting 4625 4727 
ship 4617 4640 4711 4735 4739 4740 
shipbuilders 4640 
shipbuilding 4640 
shipment 4668 4689 4726 
shipments 4681 
shipped 4636 
shipping 4617 4711 4740 
ships 4640 
shipyard 4699 
shipyards 4699 
shops 4694 
short 4630 4679 
short-term 4654 4717 
shortage 4642 4666 4682 4720 4724 
shortfall 4638 
show 4621 4630 4637 4643 4660 4674 4679 4692 
showed 4695 4699 
showing 4637 
shows 4611 4671 
shr 4610 4620 4644 4729 4732 
shrs 4610 4729 
shuichi 4665 
sia 4699 
sibeka 4661 
side 4643 
sides 4611 
sieg 4665 
sign 4694 
signal 4625 4727 
signed 4611 4661 4696 
significantly 4625 4626 4727 
silicon 4665 
simex 4643 
similar 4665 4689 4692 
simply 4625 4727 
sin 4627 
singapore 4643 4699 
sister 4724 
site 4655 
situation 4664 4714 
sixty 4647 
size 4699 
slated 4674 
slb 4665 
slight 4636 
slightly 4630 4641 4663 4678 4724 
slipped 4674 4700 
slow 4636 
slowdown 4640 
slower 4636 
slump 4640 
small 4617 4630 4670 4692 4705 4711 4740 
small- 4633 4709 
smaller 4630 4638 
smelting 4697 
so-called 4674 4694 
soar 4686 
socal 4730 
social 4699 4721 4738 
socialist 4736 
societe 4661 
soft 4624 
sold 4630 4688 
solid 4621 
solve 4632 4665 4677 
sophisticated 4665 
sought 4611 4673 
sound 4728 
source 4611 4650 4702 
sources 4611 4643 4645 4685 4692 
south 4660 4679 4739 
south-africa 4660 
south-east 4662 4713 
south-west 4721 4738 
southeast 4665 
southern 4730 
soviet 4630 
sown 4671 
spain 4725 4736 
spanish 4736 
sparked 4719 
special 4618 4648 4676 4708 
speculation 4674 
speech 4628 4674 
speed 4707 
spending 4625 4628 4672 4674 4710 4727 
spirit 4628 
spk 4678 
split 4674 
spokesman 4617 4632 4655 4690 4711 4715 4735 4739 4740 
spokesmen 4690 
spokeswoman 4665 4672 
sponsored 4611 4625 4727 
spot 4662 4713 
spring 4737 
sprinkel 4625 4727 
st 4677 4721 4738 
stabilisation 4710 
stabilise 4662 4713 
stability 4616 4712 
stabilizing 4633 4662 4709 4713 
stable 4616 4643 4680 4703 4712 
staff 4668 4697 4726 
stage 4695 
stake 4626 4647 4659 4661 4665 4690 4699 
stakes 4661 
stalemated 4735 
stand 4633 4634 4709 
standards 4630 
standby 4651 4718 
stanley 4669 4704 
starch 4634 
start 4611 4707 4737 
started 4733 
starting 4640 4735 
starts 4674 4733 4734 
state 4624 4625 4628 4630 4640 4679 4681 4689 4727 
state-controlled 4630 
state-owned 4630 4673 4693 4699 4736 
stated 4626 4664 4714 
statement 4621 4623 4626 4628 4634 4646 4647 4659 4661 4672 4677 
statements 4616 4619 4712 
states 4632 4665 4691 4692 4697 
station 4730 
statistics 4626 4629 4634 4660 4698 4700 
statutory 4699 
stay 4616 4674 4680 4703 4712 
staying 4724 
stc 4681 
steamship 4610 4621 4626 
steel 4710 
steen 4611 
stems 4624 
sten 4674 
steps 4676 4723 4725 
sterling 4674 4693 
stg 4659 4666 4674 4682 4683 4688 4720 
stick 4640 
stimulate 4668 4726 
stipulated 4632 4680 4703 
stock 4613 4614 4615 4626 4643 4669 4673 4686 4687 4693 4699 4704 4731 4732 
stockbroker 4647 
stockholm 4677 
stocks 4630 4632 4643 4679 
stood 4641 4660 4692 
stop 4632 4689 
stoppages 4736 
stopped 4663 4695 
stopping 4680 4703 
storage 4699 
store 4621 
stovall 4674 
strains 4719 
strait 4739 
strategic 4626 4647 
strategy 4674 4692 
strictly 4630 
strike 4617 4674 4711 4736 4739 4740 
strike-hit 4735 
strikers 4617 4711 4740 
strikes 4735 4736 
striking 4617 4711 4740 
strong 4625 4640 4661 4692 4725 4727 
struggle 4724 
studied 4699 
study 4619 4655 4699 4707 
sub-saharan 4624 
subject 4699 
subordinated 4657 4663 4692 
subroto 4658 4662 4664 4713 4714 
subscription 4673 4693 
subsequent 4672 
subside 4665 
subsidiaries 4622 4685 
subsidiary 4651 4661 4692 4697 4715 4718 
substantial 4626 4647 4691 
substantially 4692 
suburb 4721 4738 
succeed 4625 4727 
successful 4611 4692 4725 
successfully 4611 
sudan 4696 
suffering 4630 4633 4709 
sufficient 4724 4733 
sugar 4630 
sugar-producing 4630 
sugarcane 4630 
sugary 4630 
suggest 4625 4727 
suggested 4625 4727 
suisse 4692 4716 
suit 4618 
suitable 4677 
summary 4636 
summer 4674 
sun 4622 
sunday 4670 4705 4739 
supercomputer 4665 
supercomputers 4665 
superconducting 4707 
superconductive 4707 
superconductors 4707 
superfan 4724 
supermarket 4659 
supervisory 4724 4725 
supplied 4609 
supplier 4689 
suppliers 4689 
supplies 4621 4665 
supply 4679 
support 4611 4661 4674 
supported 4695 
suppressed 4628 
surpass 4624 
surpassed 4674 
surpassing 4643 
surplus 4654 4717 
surprised 4668 4674 4726 
surprisingly 4643 
surrounding 4690 
survey 4695 
surveys 4674 
suspended 4687 
sustained 4625 4727 
svik.st 4661 
swaps 4611 
sweden 4677 
swedish 4677 
sweet 4630 
sweeteners 4674 
swiss 4635 4638 4641 4649 4652 4657 4663 4683 4691 4692 
switch 4647 
switzerland 4638 4641 4649 4657 4663 4687 4691 4692 4697 
sydney 4623 4636 4639 4643 
symposium 4625 4727 
syndicate 4611 4685 
syndicating 4611 
syndication 4645 4684 
syndications 4611 
synergy 4661 
system 4625 4654 4666 4670 4699 4705 4715 4717 4727 
table 4611 
tacoma 4728 
taipei 4655 
taiwan 4636 4655 
taka 4642 
take-up 4666 
takemoto 4665 
takeover 4623 4665 
takes 4632 4710 
taking 4639 
talks 4611 4642 4665 4676 
tamer 4674 
tamura 4633 4709 
target 4642 4664 4666 4672 4674 4710 4714 
targeting 4674 
targets 4625 4674 4727 
targetted 4674 
tax 4610 4622 4625 4642 4643 4647 4670 4673 4674 4705 4727 
tax-free 4670 4705 
taxation 4674 
taxes 4625 4727 
taxing 4625 4727 
tay 4643 
taylor 4721 4738 
tea 4637 
team 4642 
technological 4665 
technology 4665 4707 
telecom 4676 
telecommunications 4676 4699 
telegraph 4676 
telephone 4676 
television 4674 
telexed 4689 
temasek 4699 
temperatures 4707 
temporary 4625 4720 4727 
tender 4639 4681 4733 
tension 4665 
term 4674 
terms 4615 4629 4638 4654 4684 4689 4691 4717 
tesco 4659 
texas 4622 4734 
thailand 4678 
thatcher 4674 
theme 4694 
thinks 4616 4712 
third-world 4611 
thirds 4733 
threatened 4689 
three-month 4645 
three-way 4643 
three-year 4645 4716 
threshold 4692 
threw 4618 
thrust 4724 
tight 4666 
tightly-drawn 4651 4718 
timber 4621 
time 4611 4619 4626 4628 4632 4643 4665 4684 4710 
times 4630 4668 4726 4737 
timing 4625 4699 4727 
titanium 4655 
today 4611 4661 4666 4672 4684 4687 4691 4694 4699 4720 4736 
today's 4720 
tokyo 4616 4619 4631 4632 4633 4640 4643 4644 4648 4651 4654 4665 4670 4676 4680 4685 4686 4695 4703 4705 4707 4708 4709 4712 4717 4718 
told 4611 4616 4625 4627 4632 4633 4643 4647 4650 4655 4662 4663 4664 4665 4668 4670 4680 4689 4691 4692 4703 4705 4709 4712 4713 4714 4726 4727 4739 
tom 4665 
tone 4674 
tonnage 4640 
tonne 4630 4681 
tonnes 4630 4631 4636 4637 4640 4650 4678 4679 4681 4696 4697 
tons 4640 
tools 4661 
top 4674 
toronto 4622 4734 
tose 4612 
total 4610 4636 4640 4643 4671 4683 4695 4699 4710 4725 
totaled 4637 
totalled 4686 4710 
tough 4611 
toulouse 4724 4725 
tourist 4655 
tower 4668 4726 
toyko 4643 
track 4625 4727 
tractor 4736 
tractors 4736 
trade 4625 4629 4632 4633 4635 4638 4640 4641 4643 4650 4654 4665 4689 4707 4709 4717 4727 4736 
traded 4623 4643 
trader 4630 
traders 4630 4643 4681 
trading 4643 4681 4687 4699 
traffic 4736 4737 
trains 4707 
tranche 4645 4699 
tranches 4645 4699 
transacted 4681 
transaction 4615 
transactions 4666 
transferred 4647 
transport 4640 4735 4736 
transportation 4696 
treasury 4611 4616 4639 4643 4666 4674 4710 4712 
treat 4715 
truro 4721 4738 
trust 4613 4686 
trusts 4686 
tsco.l 4659 
tss-seedman 4615 
tuesday 4674 
turbulence 4662 4713 
turmoil 4625 4727 
turn 4647 
turnaround 4636 
turned 4625 4727 
turnout 4736 
turnover 4610 4649 4661 4691 4692 
twin 4724 
twin-engined 4725 
two-day 4662 4713 
two-pence 4674 
two-week 4617 4711 4740 
type 4676 
type= 4620 4635 4652 4653 4656 4658 4675 4698 4701 4722 4723 
u.k 4682 4720 
u.k. 4626 4674 4721 4738 
u.n. 4624 
u.s 4611 4618 4624 4625 4633 4665 4696 4709 4727 
u.s. 4611 4616 4618 4624 4625 4631 4632 4636 4643 4647 4655 4665 4668 4676 4680 4685 4696 4702 4703 4712 4715 4726 4727 4728 
u.s.-japanese 4665 
uk 4643 4659 4666 4667 4669 4671 4674 4681 4682 4683 4688 4704 4706 4716 4720 4721 4738 
ultimate 4621 
unable 4668 4726 
unaltered 4670 4705 
unavailable 4702 
uncertainty 4643 
unchanged 4641 4671 
uncommitted 4684 4724 
unconvinced 4724 
und 4690 
underlying 4643 4662 4713 
underutilised 4630 
underwrite 4647 4685 
underwriters 4684 
underwrites 4685 
underwriting 4667 4669 4683 4684 4688 4704 4706 
underwritten 4621 4684 
unemployment 4698 4700 
uner 4614 
union 4617 4692 4711 4735 4736 4739 4740 
unit 4623 4715 4730 
united 4632 4665 4691 4692 4697 
units 4661 
university 4625 4707 4727 
unloading 4739 
unpleasant 4625 4727 
unproc 4620 
unrealised 4626 
unreasonable 4630 
unrelated 4665 
unsellable 4632 
unusually 4611 
unutilised 4702 
unveils 4674 
unviable 4724 
uphill 4724 
upper 4670 4705 4737 
ups 4613 
urashima 4707 
urged 4628 4647 
users 4676 
usx 4737 
utilisation 4684 
utilities 4699 
valley 4665 
value-added 4676 4697 
valued 4650 
values 4623 4659 
van 4693 
variety 4719 
vast 4647 
veg-oil 4650 4681 
vegas 4731 
vegetable 4681 
vegetables 4634 
vehicles 4728 
venezuela 4609 
venture 4621 4661 4715 4731 
verhofstadt 4672 
version 4724 
veto 4625 4727 
victory 4735 
vienna 4664 4714 
view 4626 4630 4647 
violate 4665 
violating 4632 
virtually 4625 4727 
visa 4728 
visit 4642 
visited 4627 
vital 4665 4739 
volume 4643 
voluntary 4691 
vote 4624 4733 
voter 4674 
voters 4674 
votes 4625 4721 4727 4738 
voting 4733 
vs. 4649 4657 
wage 4628 4736 4739 
wait 4674 
wakaoji 4627 
wakaoji's 4627 
wake 4736 
wallison 4668 4726 
walsh 4618 
walt 4694 
waned 4643 
waning 4654 4717 
wanted 4690 4691 
warburg 4674 4688 
warehouse 4691 
warm 4611 
warranties 4728 
warranty 4728 
wash. 4728 
washington 4618 4624 4642 4737 
wasteful 4625 4727 
watermelon 4630 
wayward 4674 
weather 4679 
week 4611 4630 4632 4639 4664 4673 4674 4690 4714 4716 4720 4735 
weekend 4609 
weeknights 4737 
weeks 4668 4720 4724 4726 4735 4736 
weighing 4611 
weight 4636 
weinberger 4665 
wellington 4739 
west 4633 4634 4655 4680 4703 4709 4724 4725 
west-germany 4634 4690 
western 4630 4651 4718 
westpac 4684 
wheat 4650 4671 4696 
wheatley 4611 
whereabouts 4627 
white 4618 4665 4668 4726 
wholesale 4634 4641 
wholly 4661 
wholly-owned 4621 
wichita 4612 
wide 4724 
widebodied 4724 
widen 4676 
widens 4611 
widespread 4625 4727 
wiesbaden 4634 
wilfried 4672 
wilhelm 4690 
williams 4734 
willow 4734 
willow-resources-ltd 4734 
wine 4736 
winner 4643 
winning 4721 4738 
wiped 4692 
wisdom 4625 4727 
withdraw 4670 4705 
withdrawal 4733 
withholding 4643 
won 4721 4738 
wool 4637 
work 4735 4737 
workers 4735 4736 4739 
working 4621 4626 4630 4673 4734 
world 4624 4630 4642 4643 4715 4724 
worldbank 4642 
worldwide 4640 
worry 4611 
worsen 4629 4692 
worth 4720 
wound 4699 
wpi 4634 4641 4660 
xenophobia 4665 
xinjiang 4679 
yards 4640 
yasuhiro 4670 4705 
year-ago 4620 
year-on-year 4660 4695 
year.^m 4674 
years 4611 4625 4630 4636 4669 4670 4678 4692 4696 4697 4704 4705 4719 4727 4737 
yen 4616 4633 4640 4644 4648 4675 4680 4686 4695 4703 4708 4709 4712 
yen's 4633 4709 
yesterday 4621 4624 4655 4665 4669 4678 4681 4687 4704 4735 4740 
yew 4643 
yield 4611 4639 4734 
york 4611 4620 4625 4668 4669 4704 4726 4727 4733 4737 
yuan 4630 
yunnan 4630 
zealand 4647 4688 4739 
zones 4734 
zse 4687 
zurich 4657 4663 4687 4692 4697 
