'ali 21502 
'll 21422 
's-chase-corp-mak 21571 
've 21422 
****** 21409 21410 21418 21420 21421 21424 21425 21427 21432 21439 21440 21442 21444 21445 21446 21450 21452 21456 21457 21463 21464 21465 21468 21470 21471 21476 21478 21484 21485 21494 21495 21496 21499 21505 21511 21518 21520 21527 21528 21531 21537 21540 21543 21544 21548 21552 21554 21555 21559 21564 
-1 21430 
-1st 21413 
-3r 21416 21490 
-3rd 21431 
-3rd-q 21448 
-3rd-qtr 21437 
-complet 21404 
-control-reso 21487 
-dealers 21511 
-get 21483 
-group-reco 21469 
-has-opti 21472 
-holders-s 21467 
-in 21481 
-may-seek-o 21419 
-may-spin-of 21417 
-plans-compute 21438 
-seeks-re 21434 
-sets-berks 21461 
-soviet-union-to 21568 
-stock-index-c 21564 
-vw-consider-u 21507 
/author 21422 21486 21508 21525 21542 21547 21557 
0.01 21515 
0.025 21515 
0.04 21515 
0.05 21515 
0.0625 21515 
0.10 21515 
0.25 21524 
0.5 21491 21497 21532 21549 21553 
0.6 21532 
0.7 21532 
0.74 21532 
0007 21418 21432 21445 21446 21495 
0008 21457 21463 21471 21537 
0009 21424 21450 
0010 21425 21439 21464 21465 21470 21564 
0011 21421 21442 21456 21478 21511 21543 21548 
0012 21420 21468 21476 21494 21496 21499 21520 21528 21559 
0013 21410 21444 21452 21540 21544 21552 21554 
0014 21427 21484 21485 21505 21518 21527 21531 21555 
0015 21409 21440 
0025 21451 
0031 21413 
0032 21479 
0036 21443 21482 
0042 21492 
0043 21474 21487 
0045 21430 21431 21489 
0046 21415 
0048 21406 
0051 21455 
0052 21437 
0053 21416 21448 
0055 21490 
0056 21553 
0057 21453 21551 
0058 21414 
0062 21436 
0063 21433 
0065 21441 
0066 21529 21538 
0067 21405 21480 21488 
0068 21517 
0069 21412 
0070 21435 
0071 21519 
0072 21459 
0073 21429 
0074 21513 
0075 21483 
0076 21475 
0078 21428 
0079 21562 
0080 21522 
0081 21447 
0082 21510 
0084 21467 
0085 21481 
0086 21526 
0087 21509 
0088 21497 
0089 21419 21454 21462 21501 
0090 21417 21560 
0091 21460 21525 21530 
0092 21449 21500 
0093 21434 
0095 21473 
0096 21426 
0097 21566 
0098 21423 21498 
0099 21558 
0100 21407 21461 21502 21541 
0102 21515 
0103 21533 
0104 21506 21524 21547 
0105 21534 21539 
0106 21404 21486 21507 21570 
0107 21469 21491 
0108 21411 21438 21523 21536 21571 
0109 21422 21472 21508 21512 21521 
0110 21503 21514 21542 21556 21565 
0111 21557 21569 
0112 21535 21549 
0113 21466 21532 21563 
0114 21504 21546 
0115 21408 21458 21477 
0116 21516 21550 21561 
0117 21493 
0119 21567 
0120 21545 21568 
01:35:27.64 21571 
01:38:14.08 21570 
01:45:38.39 21569 
01:51:51.69 21568 
01:54:58.65 21567 
02:01:46.85 21566 
02:12:21.49 21565 
02:13:27.13 21564 
02:25:17.02 21563 
02:30:11.36 21562 
02:35:59.87 21561 
02:56:28.56 21560 
0300 21443 21475 
03:12:52.19 21559 
03:29:19.78 21558 
03:50:41.47 21557 
03:57:42.34 21556 
03:59:38.96 21555 
04:05:14.77 21554 
04:05:47.06 21553 
04:07:27.64 21552 
04:09:25.77 21551 
04:15:29.90 21550 
04:18:04.32 21549 
04:22:10.12 21548 
04:24:18.61 21547 
04:24:26.16 21546 
04:38:02.75 21545 
04:39:33.69 21544 
04:43:19.79 21543 
04:51:52.40 21542 
05:15:24.35 21541 
05:23:26.57 21540 
05:26:17.45 21539 
05:34:35.71 21538 
05:38:46.57 21537 
05:48:23.29 21536 
05:49:55.18 21535 
05:54:34.70 21534 
06:08:25.85 21533 
06:13:16.68 21532 
06:16:38.26 21531 
06:21:33.89 21530 
06:22:26.98 21529 
06:26:55.50 21528 
06:46:08.13 21527 
06:51:30.20 21526 
06:52:50.08 21525 
06:54:18.53 21524 
06:54:34.09 21523 
06:54:39.85 21522 
06:55:06.78 21521 
06:55:59.97 21520 
06:58:33.34 21519 
0700 21459 21475 
07:07:22.58 21518 
07:15:31.90 21517 
07:15:42.79 21516 
07:16:19.69 21515 
07:17:27.87 21514 
07:18:19.65 21513 
07:20:42.85 21512 
07:20:44.69 21511 
07:24:26.16 21510 
07:24:56.01 21509 
07:25:22.85 21508 
07:30:11.26 21507 
07:31:26.17 21506 
07:37:01.78 21505 
07:43:24.90 21504 
07:47:05.18 21503 
07:54:36.82 21502 
07:55:51.33 21501 
07:57:00.04 21500 
08:01:51.64 21499 
08:03:15.27 21498 
08:04:47.58 21497 
08:04:50.36 21496 
08:10:24.60 21495 
08:17:50.04 21494 
08:20:05.62 21493 
08:21:26.28 21492 
08:22:10.28 21491 
08:25:06.13 21490 
08:25:27.06 21489 
08:25:58.86 21488 
08:26:13.33 21487 
08:34:27.31 21486 
08:35:03.90 21485 
08:37:03.64 21484 
08:42:13.43 21483 
08:44:03.69 21482 
08:47:06.34 21481 
08:49:10.75 21480 
08:49:29.04 21479 
08:52:09.29 21478 
08:52:57.44 21477 
08:54:12.09 21476 
08:55:04.13 21475 
08:55:53.77 21474 
08:56:47.50 21473 
08:59:16.47 21472 
09:02:39.04 21471 
09:03:05.97 21470 
09:03:44.72 21469 
09:04:17.33 21468 
09:06:20.71 21467 
09:07:27.98 21466 
09:07:31.76 21465 
09:08:42.58 21464 
09:12:19.17 21463 
09:12:35.93 21462 
09:12:53.99 21461 
09:13:19.45 21460 
09:13:47.65 21459 
09:14:54.73 21458 
09:15:18.95 21457 
09:16:20.16 21456 
09:18:12.67 21455 
09:19:42.53 21454 
09:20:24.63 21453 
09:22:52.77 21452 
09:25:04.53 21451 
09:27:06.67 21450 
09:29:34.86 21449 
09:29:50.98 21448 
09:30:51.30 21447 
09:31:05.73 21446 
09:31:59.94 21445 
09:35:19.14 21444 
09:36:20.16 21443 
09:36:55.80 21442 
09:38:49.47 21441 
09:43:30.16 21440 
09:44:48.82 21439 
09:46:29.71 21438 
09:46:37.75 21437 
09:46:51.89 21436 
09:46:57.37 21435 
09:47:13.21 21434 
09:48:06.25 21433 
09:49:06.45 21432 
09:52:04.56 21431 
09:52:19.08 21430 
09:52:59.85 21429 
09:55:39.67 21428 
09:56:07.10 21427 
09:57:33.00 21426 
09:58:01.89 21425 
1,000 21497 21524 
1,000,000 21448 
1,089.3 21531 
1,210,000 21405 
1,330,000 21490 
1,352,000 21405 
1,418,000 21489 
1,457,000 21447 
1,546,000 21474 
1,571,000 21479 
1,612,000 21479 
1,639,216 21460 
1,679,000 21489 
1,766,091 21429 
1,796,727 21429 
1.0 21409 21532 21569 
1.04 21412 21489 
1.05 21466 
1.08 21441 21490 
1.09 21435 21470 
1.1 21449 
1.11 21436 
1.15 21425 
1.16 21435 21470 
1.18 21425 
1.2 21500 21525 21541 21558 
1.22 21490 
1.23 21437 
1.24 21453 
1.25 21403 
1.3 21561 
1.35 21571 
1.4 21473 
1.49 21414 21424 21448 
1.5 21541 
1.51 21436 
1.58 21490 
1.62 21412 21414 21424 
1.70 21542 
1.75 21431 
1.77 21436 
1.7720 21477 
1.7730/35 21542 
1.7740 21496 
1.80 21431 
1.9 21558 
1.90 21542 
1.95 21486 21545 
1.98 21437 21453 
1.99 21431 21471 
1/16 21533 
1/4 21513 
10,000 21523 21524 
10,000-tonne 21541 
10-19 21404 21405 21406 21407 21408 21409 21410 21411 21412 21413 21414 21415 21416 21417 21418 21419 21420 21421 21422 21423 21424 21425 21426 21427 21428 21429 21430 21431 21432 21433 21434 21435 21436 21437 21438 21439 21440 21441 21442 21443 21444 21445 21446 21447 21448 21449 21450 21451 21452 21453 21454 21455 21456 21457 21458 21459 21460 21461 21462 21463 21464 21465 21466 21467 21468 21469 21470 21471 21472 21473 21474 21475 21476 21477 21478 21479 21480 21481 21482 21483 21484 21485 21486 21487 21488 21489 21490 21491 21492 21493 21494 21495 21496 21497 21498 21499 21500 21501 21502 21503 21504 21505 21506 21507 21508 21509 21510 21511 21512 21513 21514 21515 21516 21517 21518 21519 21520 21521 21522 21523 21524 21525 21526 21527 21528 21529 21530 21531 21532 21533 21534 21535 21536 21537 21538 21539 21540 21541 21542 21543 21544 21545 21546 21547 21548 21549 21550 21551 21552 21553 21554 21555 21556 21557 21558 21559 21560 21561 21562 21563 21564 21565 21566 21567 21568 21569 21570 21571 
10-year 21524 21566 
10.1 21437 
10.30 21553 
10.5 21474 
10.if 21534 
100,000 21502 21504 21568 
100-1/4 21529 
100.10 21504 
100.3 21436 
100.89 21551 
1000 21540 
101.2 21441 
1015 21527 
102.6 21451 
1030 21537 
104,167 21411 
105,000 21447 
105-125 21502 
105.2 21435 
105.7 21435 
106,640 21570 
106,738,000 21453 
107,000 21406 
108.0 21435 
108.8 21435 
10:03:19.00 21424 
10:04:35.30 21423 
10:08:30.32 21422 
10:11:29.96 21421 
10:12:46.57 21420 
10:13:03.47 21419 
10:13:13.18 21418 
10:13:41.72 21417 
10:14:27.33 21416 
10:14:54.00 21415 
10:15:55.43 21414 
10:16:08.35 21413 
10:16:35.12 21412 
10:17:52.03 21411 
10:19:14.69 21410 
10:19:45.31 21409 
10:20:37.86 21408 
10:21:11.98 21407 
10:22:25.54 21406 
10:22:36.51 21405 
10:23:09.86 21404 
11,098,000 21480 
11.2 21474 
11.5 21474 
11.50 21408 
11.6 21412 21474 21532 
11.7 21474 21496 
118.3 21435 
118.66 21551 
12,565,000 21448 
12.0 21412 
12.14 21551 
12.3 21416 
12.5 21437 
12.8 21479 
121.5 21489 
123.6 21480 
128,000 21433 
128.1 21435 
129.6 21431 
13.3 21479 
13.5 21449 21541 
13.9 21406 
130,000 21433 
132,000 21433 
132.4 21448 
134.6 21431 
135.1 21430 
136.9 21552 21554 
137,367 21404 
138.4 21455 
14.2 21490 
14.28 21551 
14.3 21408 
14.4 21532 
14.5 21525 
14.8 21534 
14.9 21569 
140-150 21542 
141.35 21542 
143.7 21448 
147.2 21489 
15,000 21507 
15,320,000 21480 
15.8 21451 
150.4 21412 
152,000 21488 
154.2 21415 
155,000 21472 
155.7 21430 
157.8 21455 
16.6 21405 
16.7 21437 
16.9 21561 
166.0 21415 
168.9 21474 
17.3 21460 
17.52 21486 
17.6 21551 
17.7 21460 21490 
170-200 21502 
177.9 21546 
18-months 21502 
18.3 21449 21569 
18.9 21561 
188.0 21436 
19,000,000 21448 
19-oct-1987 21404 21405 21406 21407 21408 21409 21410 21411 21412 21413 21414 21415 21416 21417 21418 21419 21420 21421 21422 21423 21424 21425 21426 21427 21428 21429 21430 21431 21432 21433 21434 21435 21436 21437 21438 21439 21440 21441 21442 21443 21444 21445 21446 21447 21448 21449 21450 21451 21452 21453 21454 21455 21456 21457 21458 21459 21460 21461 21462 21463 21464 21465 21466 21467 21468 21469 21470 21471 21472 21473 21474 21475 21476 21477 21478 21479 21480 21481 21482 21483 21484 21485 21486 21487 21488 21489 21490 21491 21492 21493 21494 21495 21496 21497 21498 21499 21500 21501 21502 21503 21504 21505 21506 21507 21508 21509 21510 21511 21512 21513 21514 21515 21516 21517 21518 21519 21520 21521 21522 21523 21524 21525 21526 21527 21528 21529 21530 21531 21532 21533 21534 21535 21536 21537 21538 21539 21540 21541 21542 21543 21544 21545 21546 21547 21548 21549 21550 21551 21552 21553 21554 21555 21556 21557 21558 21559 21560 21561 21562 21563 21564 21565 21566 21567 21568 21569 21570 21571 
19.1 21441 
19.2 21532 
19.3 21569 
19.30 21550 
19.4 21436 21456 
19.7 21519 
195,000 21447 
1970s 21422 
198.8 21414 
1985 21412 21453 21525 21536 21546 
1986 21403 21412 21416 21423 21437 21447 21448 21453 21455 21458 21480 21486 21490 21500 21508 21519 21525 21530 21532 21546 21549 21561 21562 21569 
1986-1990 21423 
19865 21571 
19866 21570 
19867 21569 
19868 21568 
19869 21567 
1987 21405 21412 21423 21435 21436 21437 21441 21447 21453 21458 21460 21473 21486 21500 21503 21519 21525 21530 21532 21535 21546 21548 
1987/88 21497 
19870 21566 
19871 21565 
19872 21564 
19873 21563 
19874 21562 
19875 21561 
19876 21560 
19877 21559 
19878 21558 
19879 21557 
1988 21422 21423 21500 21525 21561 21567 
19880 21556 
19881 21555 
19882 21554 
19883 21553 
19884 21552 
19885 21551 
19886 21550 
19887 21549 
19888 21548 
19889 21547 
1989 21486 21507 21525 21533 21541 21557 
19890 21546 
19891 21545 
19892 21544 
19893 21543 
19894 21542 
19895 21541 
19896 21540 
19897 21539 
19898 21538 
19899 21537 
199.0 21414 
199.5 21414 
199.7 21414 
1990 21507 21508 
19900 21536 
19901 21535 
19902 21534 
19903 21533 
19904 21532 
19905 21531 
19906 21530 
19907 21529 
19908 21528 
19909 21527 
1991 21486 
19910 21526 
19911 21525 
19912 21524 
19913 21523 
19914 21522 
19915 21521 
19916 21520 
19917 21519 
19918 21518 
19919 21517 
1992 21504 
19920 21516 
19921 21515 
19922 21514 
19923 21513 
19924 21512 
19925 21511 
19926 21510 
19927 21509 
19928 21508 
19929 21507 
1993 21428 
19930 21506 
19931 21505 
19932 21504 
19933 21503 
19934 21502 
19935 21501 
19936 21500 
19937 21499 
19938 21498 
19939 21497 
1994 21533 
19940 21496 
19941 21495 
19942 21494 
19943 21493 
19944 21492 
19945 21491 
19946 21490 
19947 21489 
19948 21488 
19949 21487 
19950 21486 
19951 21485 
19952 21484 
19953 21483 
19954 21482 
19955 21481 
19956 21480 
19957 21479 
19958 21478 
19959 21477 
19960 21476 
19961 21475 
19962 21474 
19963 21473 
19964 21472 
19965 21471 
19966 21470 
19967 21469 
19968 21468 
19969 21467 
19970 21466 
19971 21465 
19972 21464 
19973 21463 
19974 21462 
19975 21461 
19976 21460 
19977 21459 
19978 21458 
19979 21457 
19980 21456 
19981 21455 
19982 21454 
19983 21453 
19984 21452 
19985 21451 
19986 21450 
19987 21449 
19988 21448 
19989 21447 
19990 21446 
19991 21445 
19992 21444 
19993 21443 
19994 21442 
19995 21441 
19996 21440 
19997 21439 
19998 21438 
19999 21437 
1st 21413 21415 21430 21432 21442 21451 21455 21463 21464 21479 21488 
2,100 21528 
2,165 21552 21554 
2,223,996 21404 
2,305,700 21460 
2,363,000 21455 
2,416,000 21405 
2,500,000 21448 
2,600 21503 
2,650 21472 
2,700,000 21469 
2,794,000 21455 
2.0 21407 
2.05 21431 21471 
2.1 21486 
2.20 21420 
2.22 21412 
2.23 21416 
2.24 21453 
2.38 21567 21571 
2.49 21414 
2.5 21532 
2.50 21469 
2.59 21414 
2.62 21472 
2.77 21448 
2.80 21414 
2.83 21416 
2.87 21412 
20,000 21532 
20-minute 21459 
20.2 21423 
20.6 21490 
200,000 21567 21568 
20000 21436 
20001 21435 
20002 21434 
20003 21433 
20004 21432 
20005 21431 
20006 21430 
20007 21429 
20008 21428 
20009 21427 
20010 21426 
20011 21425 
20012 21424 
20013 21423 
20014 21422 
20015 21421 
20016 21420 
20017 21419 
20018 21418 
20019 21417 
20020 21416 
20021 21415 
20022 21414 
20023 21413 
20024 21412 
20025 21411 
20026 21410 
20027 21409 
20028 21408 
20029 21407 
20030 21406 
20031 21405 
20032 21404 
2007 21469 
201.0 21441 
201.78 21551 
203.8 21412 
208,334 21411 
21.1 21461 21569 
21.3 21451 
21.9 21406 
212,000 21447 
21404 21404 
21405 21405 
21406 21406 
21407 21407 
21408 21408 
21409 21409 
21410 21410 
21411 21411 
21412 21412 
21413 21413 
21414 21414 
21415 21415 
21416 21416 
21417 21417 
21418 21418 
21419 21419 
21420 21420 
21421 21421 
21422 21422 
21423 21423 
21424 21424 
21425 21425 
21426 21426 
21427 21427 
21428 21428 
21429 21429 
21430 21430 
21431 21431 
21432 21432 
21433 21433 
21434 21434 
21435 21435 
21436 21436 
21437 21437 
21438 21438 
21439 21439 
21440 21440 
21441 21441 
21442 21442 
21443 21443 
21444 21444 
21445 21445 
21446 21446 
21447 21447 
21448 21448 
21449 21449 
21450 21450 
21451 21451 
21452 21452 
21453 21453 
21454 21454 
21455 21455 
21456 21456 
21457 21457 
21458 21458 
21459 21459 
21460 21460 
21461 21461 
21462 21462 
21463 21463 
21464 21464 
21465 21465 
21466 21466 
21467 21467 
21468 21468 
21469 21469 
21470 21470 
21471 21471 
21472 21472 
21473 21473 
21474 21474 
21475 21475 
21476 21476 
21477 21477 
21478 21478 
21479 21479 
21480 21480 
21481 21481 
21482 21482 
21483 21483 
21484 21484 
21485 21485 
21486 21486 
21487 21487 
21488 21488 
21489 21489 
21490 21490 
21491 21491 
21492 21492 
21493 21493 
21494 21494 
21495 21495 
21496 21496 
21497 21497 
21498 21498 
21499 21499 
21500 21500 
21501 21501 
21502 21502 
21503 21503 
21504 21504 
21505 21505 
21506 21506 
21507 21507 
21508 21508 
21509 21509 
21510 21510 
21511 21511 
21512 21512 
21513 21513 
21514 21514 
21515 21515 
21516 21516 
21517 21517 
21518 21518 
21519 21519 
21520 21520 
21521 21521 
21522 21522 
21523 21523 
21524 21524 
21525 21525 
21526 21526 
21527 21527 
21528 21528 
21529 21529 
21530 21530 
21531 21531 
21532 21532 
21533 21533 
21534 21534 
21535 21535 
21536 21536 
21537 21537 
21538 21538 
21539 21539 
21540 21540 
21541 21541 
21542 21542 
21543 21543 
21544 21544 
21545 21545 
21546 21546 
21547 21547 
21548 21548 
21549 21549 
21550 21550 
21551 21551 
21552 21552 
21553 21553 
21554 21554 
21555 21555 
21556 21556 
21557 21557 
21558 21558 
21559 21559 
21560 21560 
21561 21561 
21562 21562 
21563 21563 
21564 21564 
21565 21565 
21566 21566 
21567 21567 
21568 21568 
21569 21569 
21570 21570 
21571 21571 
22.5 21415 
23.9 21437 
236.7 21474 
237.3 21557 
237.32 21551 
24,000 21567 
24.2 21437 
24.8 21437 
24.9 21437 
2400 21404 
25,000 21524 21557 
25,746.56 21564 
25.0 21479 
26,272 21570 
26,600,000 21448 
26.7 21490 
27.6 21416 
27.8 21437 
276,000 21488 
278.50 21551 
28,976,000 21480 
28.1 21569 
28.8 21479 
280,000 21500 
280.0 21441 
280.7 21416 
282,000 21433 
284.7 21416 
288.08 21551 
29,046,000 21480 
29-day 21545 
29.45 21551 
29.6 21569 
291,000 21433 
296.7 21490 
297.9 21414 
2nd 21460 
3,000,000 21436 
3,200 21545 
3,257,000 21405 
3,262,000 21460 
3,300 21473 
3,300,000 21448 
3,309,000 21405 
3,393,000 21489 
3,454,000 21474 
3,615,000 21447 
3,700,000 21447 
3,888,000 21480 
3,927,000 21447 
3,948,000 21489 
3,963,000 21489 
3-for-2 21437 
3.1 21569 
3.10 21436 
3.12 21435 
3.14 21412 
3.18 21562 
3.3 21423 21486 
3.34 21562 
3.4 21519 
3.43 21570 
3.5 21423 21544 
3.58 21562 
3.6 21423 21549 
3.68 21570 
3.7 21503 
3.70-3.80 21511 
3.8512 21545 
3.9006 21545 
30,000 21557 
30,145,000 21480 
30,157,000 21480 
30.0 21415 
30.3 21490 
300-mln 21541 
305,000 21433 
31,841 21523 
31.5 21480 21519 
314,000 21406 
319,000 21486 
32,000 21557 
32.6 21519 
32.7 21441 
320,000 21433 
321.8 21414 
323.1 21437 
33.2 21510 
33.5 21469 21490 
335.1 21435 
338.7 21489 
34.3 21490 
34.48 21551 
34.74 21553 
34.92 21553 
343.6 21437 
348,384 21460 
35,000 21557 
35.2 21490 
35.3 21416 
350.2 21490 
360,000 21557 
361.6 21490 
363.30 21520 
365,000 21461 
377.4 21436 
384.00/386.00 21539 
385.2 21448 
388,390 21570 
39,055,000 21453 
3b 21438 
3rd 21403 21405 21406 21412 21414 21416 21418 21420 21424 21425 21431 21435 21436 21437 21439 21441 21446 21447 21448 21450 21453 21456 21457 21460 21470 21471 21474 21480 21489 21490 21495 
4,084,000 21488 
4,134,000 21447 
4,233,000 21489 
4,387,000 21489 
4,557,000 21447 
4,608,000 21489 
4,698,501 21460 
4,992,000 21406 
4.1 21423 
4.12 21562 
4.18 21466 21549 21553 
4.2 21438 21532 
4.20 21549 21553 
4.3 21423 21508 
4.4 21423 
4.41 21571 
4.48 21414 
4.5 21423 21532 21541 
4.50 21500 
4.6 21532 
4.76 21431 
4.8 21532 
4.87 21431 
4.9 21566 
401.8 21448 
407.00/412.00 21539 
41.05 21500 
413.1 21490 
416,668 21411 
420.3 21489 
43.7 21413 
43.9 21480 
44-day 21545 
44.8 21412 
444.4 21490 
45.2 21549 
45.6 21441 21549 
46,715 21570 
46.0 21441 
46.9 21437 
468.1 21473 
47.4 21441 
477,853 21460 
479.50 21537 
48.5 21431 
48.7 21504 
49.1 21441 
49.53 21535 
4th 21453 
5,000 21524 
5,030,000 21447 
5,059,000 21488 
5,075,717 21460 
5,300 21472 
5,436,000 21480 
5,452,000 21430 
5,463,000 21489 
5,468,000 21489 
5,564,000 21489 
5,585,000 21489 
5,953,000 21405 
5,959,000 21474 
5.3 21486 
5.37 21431 
5.4 21532 
5.6 21566 
5.69 21408 21431 
5.8 21532 
5.89 21509 
50,000 21526 
50.0 21431 
50.6 21436 21538 
500,000 21502 
507.6 21490 
5200 21472 
527,000 21408 
52oo 21472 
53.2 21435 
53.9 21490 
54,075 21570 
54.7 21412 
544,000 21447 
55,960,000 21453 
56.2 21460 
57.1 21460 
58.2 21436 21456 
583,650 21404 
588.2 21453 
59.2 21474 
59.93 21538 
596.1 21453 
597.9 21415 
6,556,000 21430 
6,769,000 21406 
6,900,000 21488 
6.09 21530 
6.10 21509 
6.15 21532 
6.188 21532 
6.2 21532 
6.6 21541 
620.18 21564 
639.7 21436 
64.00 21469 
64.3 21413 
640,000 21488 
649,000 21488 
65,000 21541 21570 
65.6 21441 
66.8 21451 
66.92 21497 
69.3 21531 
69.48 21553 
69.7 21567 
69.84 21553 
693.0 21415 
698.4 21500 
7,000 21507 
7,041,000 21488 
7-1/2 21491 21529 
7-3/4 21468 
7-3/8 21491 
7.00 21443 
7.01 21473 
7.03 21473 
7.15 21491 
7.25 21499 21524 
7.3 21423 
7.32 21414 
7.4 21473 
7.5 21524 
7.70 21414 
7.75 21404 21524 
72,987 21570 
72.4 21571 
720,000 21500 
742.6 21413 
75,453 21526 
75.40 21497 
778,000 21406 
8,000 21507 
8,227,000 21474 
8,699,000 21416 
8,785,000 21453 
8,857,807 21421 
8,917,000 21474 
8.2 21411 
804.90 21473 
818.4 21416 
824.6 21416 
83.9 21569 
838.2 21413 
84-gigabyte 21472 
84.0 21474 
85,710,000 21453 
85.0 21490 
850,000 21488 
86,320,000 21453 
87,000 21406 
87,987,000 21453 
88,007,000 21453 
89.9 21413 
893.2 21437 
895.2 21414 
9,100,000 21448 
9,528,000 21441 
9,705,000 21405 
9,780,000 21448 
9,789,000 21430 
9,871,000 21448 
9,884,000 21448 
9.2 21549 
9.5 21525 
9.59 21530 
9.62 21408 
9.73 21553 
9.8 21525 
9.9 21519 
90.9 21421 
91.2 21480 
91.6 21412 
91.75 21404 
92.59 21549 21553 
921.4 21412 
93.1 21412 
936.5 21403 
95.96 21549 21553 
955.4 21414 
960.5 21437 
98,152 21570 
`` 21407 21408 21422 21423 21434 21438 21449 21459 21469 21473 21477 21486 21497 21498 21501 21506 21508 21512 21514 21517 21525 21534 21536 21542 21546 21547 21556 21557 21561 21563 21565 
a.m. 21443 
a.r 21567 
a/c 21473 
a/s 21541 21546 
aapl.o 21407 
ab 21541 
abandon 21459 
abandoning 21508 
abatement 21487 
abdul 21506 
abe 21547 
ablaze 21475 21482 21492 
abroad 21508 21542 21560 
absorb 21449 21545 
acceleration 21532 
accept 21486 21512 21514 21547 21556 
acceptable 21557 
acceptances 21515 21538 
accepted 21404 21491 21514 
accepting 21514 21560 
access 21407 21472 
accessories 21404 
accord 21422 21477 21521 21542 21543 
accords 21512 21545 21556 
account 21473 21519 21525 
accounting 21405 21437 21453 
accurate 21426 
acknowledged 21557 
acq 21404 21408 21410 21411 21417 21419 21421 21427 21429 21440 21454 21462 21466 21469 21478 21503 21538 21550 21555 21571 
acquire 21411 21469 21550 
acquired 21408 21411 21427 21454 21462 21503 
acquisition 21421 21435 21469 21478 
acquisiton 21404 
across-the-board 21532 
act 21422 21428 21455 21493 21517 21563 
acting 21565 
action 21517 21563 
actions 21459 
activase 21481 
activator 21481 
active 21503 
acy 21412 
add 21542 
added 21422 21449 21468 21500 21508 21512 21542 21556 21561 
adding 21422 21546 21557 21566 
addition 21404 21407 21447 21567 
additional 21412 21466 21542 21557 
adds 21511 
aden 21502 
adequate 21426 
adequately 21508 
adherence 21512 21556 
adjusted 21416 21441 21480 21530 21569 
adjustment 21437 21491 
administration 21514 
administrative 21434 
adoption 21453 
adopts 21405 
ads 21551 21553 
advance 21570 
advances 21497 21515 
advisor 21419 
advisory 21422 
aerospace 21410 
affected 21423 21491 21506 
afford 21530 
afraid 21422 
africa 21535 
after-tax 21436 21453 
afternoon 21443 21559 
ag 21458 21477 21500 21507 21508 
agency 21443 21473 21514 21530 21568 
aggravate 21542 
aggression 21517 
aggressive 21517 
aggressor 21563 
ago 21433 21570 
agreed 21493 21507 21508 21512 21542 21556 21560 21568 
agreement 21454 21462 21477 21481 21486 21508 21514 21521 21542 21560 21565 21566 21567 21568 
agreements 21545 21571 
agrees 21427 
agricola 21454 21462 
agriculture 21497 21530 21532 
ahead 21491 
ai 21542 21543 21545 21566 
aid 21449 21565 
aimed 21473 21497 21545 
aims 21547 
air 21475 21558 21568 
aircraft 21443 21475 21482 
airlines 21558 
aker 21541 
al-anbaa 21506 
al-bader 21506 
al-juaimah 21486 
alan 21422 
alarm 21498 
alcohol 21536 
aldo 21557 
ali 21563 
alice 21516 
alif 21502 
all-share 21527 
allegations 21434 21508 
allocation 21461 
allocations 21546 
allowed 21434 
allowing 21508 
alsacienne 21422 
alternatives 21419 21440 
alto 21430 
alum 21526 
am-gulf-american-urgent 21459 
am-gulf-raid 21482 
am-gulf-reportsn 21492 21494 
america 21420 21422 21546 21549 21571 
american 21412 21438 21439 21449 21458 21473 21475 21517 
americans 21563 
amid 21473 
amidst 21517 
aml 21404 
amortization 21488 
amount 21423 21469 21500 21508 21534 21568 
amounts 21557 
amrel 21404 
amsterdam 21527 
amvo.ol 21541 
analyst 21547 
analysts 21422 21525 21546 21547 
angeles 21431 21435 
angered 21508 
animal 21523 
annouced 21438 
announced 21404 21407 21423 21454 21462 21466 21497 21508 21509 
announces 21525 
announcing 21514 
annual 21486 21500 21510 21524 21532 21535 21536 
annum 21515 
anti-alchohol 21536 
anti-alcohol 21536 
anti-inflation 21561 
anxiety 21422 
anzali 21568 
anzola 21510 
apollo 21427 
apparently 21492 21508 21542 
appears 21508 
apple 21407 
appletalk 21407 
application 21512 21556 
applications 21407 
applied 21500 
apply 21542 
appointed 21508 
appreciation 21561 
approval 21502 21534 21558 
approve 21500 
approved 21565 
approximately 21469 
april 21532 
aqazadeh 21568 
arabia 21486 
arabian 21486 
arap 21449 
architecture 21407 21438 
area 21407 21486 21498 21503 
argentine 21458 
arisen 21423 
ariz. 21436 
armed 21498 
armel 21404 
armin 21500 
army 21516 
arrange 21513 21515 
arrived 21516 
artery 21516 
artificially 21557 
asbestos 21487 
ase 21527 
asher 21419 
asia 21486 21513 
asked 21434 21452 21459 21467 21491 21493 21508 21510 21521 21565 
assets 21437 21453 21467 
assigned 21567 
associate 21486 
associates 21429 
association 21483 21532 21539 
assumed 21454 21462 
assumes 21542 
assumption 21512 21556 
assurance 21483 
ast 21422 
athletic 21404 
atlantic 21414 21424 
att 21438 
attaching 21481 
attack 21459 21475 21482 21492 21498 21501 21517 
attacked 21443 21459 21465 21475 21492 
attacking 21475 21492 
attacks 21459 21475 21486 21563 21568 
attempt 21542 
attempts 21526 
attention 21422 
attitude 21557 
attract 21508 
attractive 21508 
attributed 21532 
audit 21426 
august 21408 21422 21435 21473 21483 21523 21524 21532 21546 21549 21551 21553 21558 21569 
austerity 21525 
author 21422 21486 21508 21525 21542 21547 21557 
authorised 21567 
authorities 21422 
authority 21461 21532 21563 
authorizes 21409 
auto 21513 
autolatina 21458 
automatic 21472 
automatically 21407 21486 21547 
availabe 21407 
availability 21438 21536 
average 21469 21472 21509 21532 21557 21569 
averting 21473 
avg 21412 21413 21414 21415 21435 21437 21441 21447 21448 21453 21460 21474 21479 21480 21488 21489 21490 
avoid 21507 21542 
award 21513 
back 21422 21486 21508 21512 21516 21556 21557 21565 
backed 21504 
backlog 21490 
bad 21422 
bag 21567 
baghdad 21475 
bahrain 21443 21459 21475 21482 21492 
baker 21422 21477 21508 21512 21521 21542 21556 
balance 21525 21550 21561 
balladur 21512 21556 
bancorp 21447 
bancorporation 21435 
bangkok 21493 21570 
bank 21403 21422 21468 21473 21477 21486 21497 21503 21508 21510 21522 21525 21535 21539 21542 21543 21545 21561 
banker 21422 21497 21525 
bankers 21497 21508 21539 
banking 21491 21497 21510 21513 21522 
bankrupcty 21558 
bankruptcy 21558 
banks 21422 21497 21515 21522 21524 21539 21545 
banque 21491 21529 21567 
barclays 21515 
bargained 21508 
barges 21526 
barons 21508 
barrel 21486 
barrels 21502 21541 21568 
barschel 21508 
based 21434 21438 21481 21504 21561 
bases 21475 
basic 21525 21542 
basis 21435 21469 21486 21504 21515 21533 21550 21558 
bath 21508 
baudouin 21491 21514 
bauxite 21526 
bayliss 21561 
bc- 21496 
bc-/gaf- 21469 
bc-/security-pacific-cor 21435 
bc-abe-tipped-to-be-next 21547 
bc-aircraft-attack-irani 21475 
bc-american-cyanam 21439 
bc-american-cyanamid-co 21412 
bc-amsterdam-all-share-i 21527 
bc-animal-feed-ship-on-f 21523 
bc-att- 21438 
bc-balladur-insists-on-m 21512 21556 
bc-bank-of-france-added 21468 
bc-bank-of-japan-to-sell 21545 
bc-banks-extend-trading 21539 
bc-bechtel 21487 
bc-belgian-king-seen-acc 21514 
bc-bell-atlantic-c 21414 21424 
bc-berkey 21411 
bc-bonn-ministry-has-no 21521 
bc-bpcc-proposes-cancell 21534 
bc-brinkmann-instruments 21408 
bc-british-bauxite-vesse 21526 
bc-brockway-inc- 21416 
bc-brockway-inc-3r 21446 
bc-bundesbank-adds-money 21511 
bc-cable-and-wireless-de 21550 
bc-cable-and-wireless-re 21466 
bc-cable-and-wireless-to 21555 
bc-calfed-inc- 21431 
bc-calfed-inc-3rd 21471 
bc-chicago-merc 21444 
bc-china-forecasts-397-m 21530 
bc-cms-energy-corp 21457 
bc-cms-energy-corp- 21453 
bc-cooper-companies 21428 
bc-crane-co- 21437 
bc-curtice-burns-f 21464 
bc-curtice-burns-foods-i 21455 
bc-deutsche-bank-chief-s 21477 
bc-economist-urges-more 21561 
bc-electricte-de-france 21533 
bc-emulex-corp- 21479 
bc-equiticorp-holding-in 21538 
bc-financial-corp 21420 
bc-finnish-state-launche 21524 
bc-first-share-quotation 21544 
bc-fletcher-challenge-se 21509 
bc-french-bourse-main-se 21499 
bc-french-main-session-b 21505 
bc-french-matif-suspends 21540 
bc-frontier-airlines-see 21558 
bc-ftse-100-share-index 21552 21554 
bc-gaf-corp-said-m 21478 
bc-gatx-corp- 21448 
bc-gencorp- 21434 
bc-gencorp-said-it 21452 
bc-genentech- 21481 
bc-german-financial-poli 21508 
bc-higher-spending-expec 21525 
bc-hong-kong's-hang-seng 21559 
bc-hyundai-auto-canada-t 21513 
bc-ibc-acquisition 21421 
bc-ic-industries-a 21409 
bc-ic-industries-s 21410 
bc-idc-services-ag 21427 
bc-indian-reserve-bank-t 21497 
bc-intellicorp- 21488 
bc-iran 21568 
bc-iran-president-doubts 21563 
bc-iran-says-u.s.-naval 21443 
bc-iran-warns-u.s.-again 21517 
bc-j.p.-morgan-and 21425 
bc-japan-starts-consider 21566 
bc-kansas-city-exchange 21426 
bc-kenya-debt-servicing 21449 
bc-kuwaiti-oil-exports-s 21506 
bc-leading-belgian-share 21476 
bc-leading-german-shares 21518 
bc-lindberg-co- 21460 
bc-london's-ftse-100-sha 21528 
bc-london-gold-1030-fix 21537 
bc-lotus-developme 21450 
bc-lotus-development-cor 21441 
bc-louvre-accord-still-i 21542 21543 
bc-lux-franc-bond-market 21491 
bc-lyphomed-inc- 21480 
bc-main-uganda-kenya-roa 21516 
bc-malaysian-police-deny 21498 
bc-management-group-has 21429 
bc-microsoft-corp 21463 
bc-microsoft-corp- 21451 
bc-n.z 21571 
bc-new-zealand-imposes-s 21565 
bc-new-zealand-non-fuel 21569 
bc-nippon-shinpan-to-iss 21560 
bc-norsk-data-a/s-sees-l 21546 
bc-norsk-data-lowers-198 21548 
bc-norway's-current-acco 21519 
bc-nui- 21417 
bc-ogden- 21461 
bc-owens-and-minor-inc- 21489 
bc-papers-say-venezuelan 21510 
bc-paribas-shares-slump 21520 
bc-pentagon-has-no-infor 21501 
bc-phelps-dodge-co 21456 
bc-phelps-dodge-corp- 21436 
bc-philippine-inflation 21532 
bc-philippine-trade-gap 21562 
bc-plains-petroleum-co- 21405 
bc-ply-gem-industries-in 21474 
bc-puma-first-half-loss 21500 
bc-quantech- 21483 
bc-rubber-stock-manager 21557 
bc-s.korea-current-a/c-s 21473 
bc-saudi-to-remain-as-ke 21486 
bc-security-pacifi 21470 
bc-shamrock-completes-ce 21454 21462 
bc-singapore's-raffles-c 21522 
bc-slaughter-guesstimate 21433 
bc-south-yemen-plans-oil 21502 
bc-southwest-bancorp- 21447 
bc-soviet-sugar-consumpt 21536 
bc-soviet-union-sets-4.5 21423 
bc-sprint-ii-issues-35-m 21504 
bc-statoil-places-north 21541 
bc-sun-micro's- 21407 
bc-swedish-export-credit 21529 
bc-swiss-analysts-say-mo 21422 
bc-swiss-stock-index-dro 21531 
bc-tandem- 21472 
bc-tandy-corp- 21413 
bc-tandy-corp-1st 21432 
bc-tdk-group-net-up-0.5 21553 
bc-tdk-group-net-up-17.6 21551 
bc-tdk-sales-rise-on-ele 21549 
bc-telex- 21419 
bc-telex-corp-to-i 21440 
bc-texaco- 21467 
bc-thai-rice-exports-ris 21570 
bc-thai-traders-plan-mai 21493 
bc-tokyo 21564 
bc-toyota 21507 
bc-trafalgar-house-buys 21503 
bc-trinova-corp- 21490 
bc-trinova-corp-3r 21495 
bc-uganda-plans-to-expor 21567 
bc-unidentified-jets-rai 21484 21485 
bc-unisys-corp-3rd 21418 
bc-volkskas-bank-sees-ra 21535 
bc-vw-says-autolatina-to 21458 
bc-wall-street-sto 21445 
bc-wang-laboratori 21442 
bc-wang-laboratories-inc 21415 
bc-weinberger-says 21465 
bc-wells-gardner-corp- 21406 
bc-williams-holdings-see 21515 
bc-woolworth- 21404 
bc-xidex-corp- 21430 
beans 21567 
bearing 21434 
bechtel 21487 
bechtel-control 21487 
began 21557 
begin 21407 
beginning 21517 
beirut 21539 
bel 21414 
belga 21514 
belgian 21476 21491 21514 
belgium 21491 21514 
belief 21561 
believed 21475 21477 
believes 21483 
bell 21414 21424 
beneficial 21571 
benefit 21500 21558 21567 
bergen 21541 
berkeley 21407 21438 
berkely 21438 
berkey 21411 
berks 21461 
bernhard 21422 
bethmann 21508 
beverages 21569 
bgl 21491 
bid 21440 21469 21547 
biggest 21422 21567 
billion 21403 21409 21412 21414 21423 21436 21449 21453 21466 21473 21490 21491 21497 21508 21519 21524 21525 21533 21536 21541 21545 21549 21551 21553 21561 21562 
billions 21508 
bills 21545 
bir 21502 
bky 21411 
black 21422 21525 21568 
blah 21409 21410 21418 21420 21421 21424 21425 21427 21432 21439 21440 21442 21444 21445 21446 21450 21452 21456 21457 21463 21464 21465 21468 21470 21471 21476 21478 21484 21485 21494 21495 21496 21499 21505 21511 21518 21520 21527 21528 21531 21537 21540 21543 21544 21548 21552 21554 21555 21559 21564 
blame 21422 21563 
blamed 21422 21458 21459 
blaming 21525 
blanche 21547 
bln 21473 
block 21486 
blockade 21486 
blocks 21498 
blood 21481 
board 21419 21422 21426 21498 21500 21534 21567 
boat 21459 
bombay 21497 
bombers 21475 
bond 21461 21491 21533 21542 21566 
bonds 21461 21504 21508 21524 21533 
bonn 21521 21542 
bonus 21509 
boom 21473 
boost 21486 21525 
bop 21473 21519 21525 
border 21516 
boris 21423 
borrower 21515 
borrowers 21491 
borrowing 21508 
borrowings 21497 21522 
bottle 21536 
bottles 21536 
bottom 21523 
bought 21408 21558 
bound 21535 
bourse 21499 21505 21518 21520 21544 
bpcc 21534 
bpcl.l 21534 
bpd 21502 21568 
brand 21412 
brazil 21458 21526 
brazilian 21458 
break 21500 21547 
breathing 21514 
brewing 21536 
bridgewater 21417 
briefing 21459 
brik.o 21408 
bring 21541 21545 21561 
bringing 21532 
brings 21508 
brinkmann 21408 
britain 21542 
british 21517 21526 21534 
brk 21416 
broad 21404 
broadcast 21434 21452 21498 
broadcaster 21434 
broadcasting 21434 21517 
broadly 21445 
brockway 21416 21446 
brody 21429 
broken 21498 
broker 21508 
brokers 21493 21498 
brother 21500 
brussels 21514 
budget 21525 21561 
buffer 21557 21563 
build 21438 21461 21541 21567 
builder 21503 
builders 21503 
builds 21503 
bulk 21526 
bull 21422 
bullet 21529 
bulletin 21482 
bundesbank 21422 21496 21508 21511 
burbank 21454 21462 
burden 21542 
bureau 21519 21530 
burnham 21419 21428 
burns 21455 21464 
bush 21516 
business 21407 21410 21412 21422 21486 21490 21498 21546 
businesses 21412 21417 21493 
businessman 21525 21567 
businessmen 21449 21525 
butane 21486 
buy 21411 21421 21491 21557 
buyer 21567 
buyers 21486 21557 
buying 21557 
buyout 21469 
buys 21496 21503 
cabinet 21565 
cable 21466 21550 21555 
cal 21431 
calendar 21525 
calfed 21431 21471 
calif. 21407 21430 21447 21454 21462 21479 21488 
call 21512 21556 
callable 21533 
called 21422 21449 21472 21473 21487 21498 21512 21547 21550 21556 21560 
cambridge 21441 
campaign 21508 21536 
canada 21513 21542 
cancellation 21534 21566 
cancelled 21566 
candidate 21547 
candidates 21547 
cantonal 21422 
capabilities 21486 
capacity 21486 21502 21568 
capital 21454 21462 21466 21483 21503 21533 21534 21538 21561 
capitalized 21488 
car 21473 
caracas 21510 
card 21560 
care 21525 
caretaker 21514 
cargo 21523 21526 
cargoes 21486 
carmakers 21507 
carried 21491 
carrier 21526 
carriers 21486 
carries 21529 
carry 21491 21513 21516 21557 
carryforwards 21447 
carrying 21517 21526 
cars 21473 
carte 21547 
cartridge 21472 
cartridges 21472 
cash 21404 21469 21497 21503 21515 21534 21545 
caspar 21443 21459 21492 21501 
caspian 21568 
cassoni 21438 
catastrophe 21422 
cattle 21433 
caught 21523 
caused 21508 21542 
cautiously 21492 
cawl.l 21466 21550 
cayman 21504 
cbi 21455 
cbs 21492 
cdu 21508 
cdu-led 21508 
cease 21466 
ceased 21558 
ceasefire 21563 
ceiling 21473 
cental 21454 21462 
centered 21486 
central 21422 21454 21459 21462 21497 21508 21510 21519 21525 21539 21542 
centre-right 21514 
cents 21535 21550 21557 21571 
certificates 21422 21491 
cftc 21426 
chairman 21422 21429 21469 21500 21506 
challenge 21434 21509 
chancellor 21508 
change 21437 21525 21542 21565 
changed 21472 
changer 21472 
changing 21500 
chanthong 21493 
chaotic 21539 
charge 21460 21488 
chartering 21506 
chase 21571 
chca.we 21571 
cheap 21473 
cheaper 21522 
chemical 21513 
chicago 21406 21433 21444 21448 21460 
chief 21423 21477 21497 21508 21510 
china 21523 21530 
chinese 21498 21522 21523 21530 
chip 21438 
choose 21547 
chose 21459 
chosen 21459 21547 
chow 21498 
christians 21477 
chrobok 21508 
cities 21536 
city 21426 21498 21522 
civil 21539 
civilian 21516 
claim 21558 
claims 21558 
clash 21517 
class 21404 21429 
clear 21508 21546 21547 21563 
close 21473 21527 21539 
closed 21459 21509 21516 21538 21539 21542 21571 
closed-door 21547 
closes 21564 
closing 21500 
clot 21481 
clots 21481 
cme 21444 
cms 21453 21457 
coalition 21491 21508 21514 
coastal 21502 
cochran 21412 
cocoa 21525 
coffee 21567 
collapse 21539 21542 
colo 21558 
colo. 21405 
colonel 21565 
coming 21486 
comment 21458 21510 21513 21521 21542 21557 
comments 21477 21517 
commerce 21570 
commercial 21497 21502 21539 
commerzbank 21508 
commission 21408 21411 21426 21428 21433 21493 
commissioner 21565 
commitments 21570 
committed 21486 21515 
committee 21423 21467 21469 21563 
commodities 21493 
commodity 21426 21493 21525 
common 21404 21408 21411 21483 
commonwealth 21565 
communication 21434 21534 
communications 21407 21411 
communist 21536 
community 21449 
company 21407 21408 21411 21417 21419 21429 21434 21438 21453 21454 21460 21461 21462 21466 21467 21472 21483 21486 21493 21500 21503 21506 21534 21541 21546 21551 21553 21567 
comparative 21500 
compare 21426 
compared 21423 21438 21519 21525 21530 21532 21539 21549 21569 
compatible 21407 
compatibles 21407 
compensated 21546 
compete 21423 21525 
competitiveness 21561 
complete 21523 
completed 21438 21454 21462 21502 
completes 21454 21462 
completing 21404 
comply 21542 
components 21549 
comprises 21539 
comprising 21542 
compromise 21514 
computer 21407 21438 21472 21546 
computerized 21426 
computers 21407 21438 21472 
computing 21438 
concern 21557 
concession 21504 21533 
concessions 21486 
concluded 21423 21570 21571 
concurrent 21563 
concurrently 21524 
condition 21557 
conditions 21408 21469 21483 21546 21557 
conduct 21568 
confederation 21532 
conference 21449 21477 
confidence 21422 21508 21525 
confirm 21473 
confirmation 21534 
confirmed 21473 21502 
confirming 21498 
conflict 21514 
conflicting 21508 
confront 21517 
confrontation 21459 
connection 21469 
conserving 21423 
considerable 21423 21469 
considers 21534 
consolidated 21500 
construct 21502 
construction 21502 21541 21567 
consulting 21508 
consumers 21557 
consuming 21557 
consummate 21404 
consumption 21536 
contenders 21547 
continental 21558 
continue 21449 21469 21483 21486 21506 21557 
continued 21512 21535 21539 21556 
continuing 21473 
contract 21461 21486 21508 21541 
contracts 21486 21541 
contractual 21486 
contractural 21486 
contrary 21542 
contribute 21459 21461 
control 21408 21487 21497 21498 
controls 21497 
controversial 21508 
convention 21547 
convert 21541 
converted 21403 21438 21541 
convertible 21411 
convoys 21459 
coo 21428 
cool 21508 
cooper 21428 
cooperation 21508 21565 21568 
coordination 21508 21542 
cordoned 21498 
corn 21493 
corporate 21428 21525 
corporation 21504 21517 21534 
correction 21422 
cost 21461 21541 21565 
cost-cutting 21500 
costa 21479 
costing 21536 
costs 21486 21488 21506 21508 
cotton 21530 
council 21508 21557 21563 
count 21536 
countermeasures 21459 
countries 21422 21449 21512 21542 21546 21556 21560 
country 21473 21502 21508 21525 21562 21565 21567 
county 21461 
coup 21565 
coupon 21491 21529 21566 
court 21534 21558 
covers 21473 21569 
cpi 21532 
cr 21437 
crane 21437 
crashed 21539 
credit 21415 21447 21469 21491 21497 21529 21560 
crisis 21422 21491 21517 
criticised 21477 
criticism 21508 21521 
criticized 21508 21542 
crix.o 21487 
crown 21519 21541 21546 
crowns 21519 21541 21546 21548 
crude 21417 21443 21459 21465 21475 21482 21484 21485 21486 21492 21502 21506 21541 21568 21569 
cuba 21526 
cubic 21541 
culprit 21422 
cumulative 21437 
curbing 21497 
currencies 21422 21512 21521 21539 21542 21556 
currency 21422 21477 21491 21508 21512 21539 21542 21556 21561 
current 21422 21438 21469 21473 21486 21488 21497 21503 21519 21525 21536 21557 21561 21566 
curtice 21455 21464 
customers 21422 21486 
customs 21530 
cut 21486 21525 21541 21561 21565 
cuts 21508 
cyanamid 21412 21439 
cyprus 21443 21502 21517 21523 21568 
d'afrique 21567 
d.c. 21503 
daily 21458 21532 21541 21563 
damaged 21475 21492 21501 
damaging 21459 
danger 21422 
dangerous 21422 
daniel 21449 
dassler 21500 
data 21412 21417 21423 21435 21438 21453 21472 21546 21548 
david 21565 
day 21502 21542 21545 21568 
days 21491 21539 21542 21557 
de 21515 21533 
dead 21508 
deadline 21514 21557 
deadlock 21547 
deal 21404 
dealers 21468 21476 21483 21493 21499 21505 21518 21520 21542 21544 
dealing 21508 
death 21508 
debentures 21469 
debt 21428 21436 21449 21454 21462 21525 21542 21561 
december 21416 21514 21525 21532 21545 21567 
deceptive 21536 
decided 21419 21423 21510 21524 21563 21566 
deciding 21422 
decision 21434 21475 21492 21501 21514 21547 
decisively 21517 
deck 21541 
declaration 21563 
declaring 21565 
decline 21535 21542 
declined 21438 21513 21521 21542 21547 21557 21563 
decrease 21535 21569 
decree 21536 
dedicated 21407 
defence 21423 21443 
defense 21459 21492 21501 
defer 21419 
deficiency 21561 
deficit 21473 21500 21519 21525 21561 21562 
delayed 21473 21491 21505 
delegation 21502 
delivered 21568 
deliveries 21472 21473 
delivery 21404 
demand 21438 21473 21486 
deminex 21541 
democracies 21521 
democratic 21547 
democrats 21508 
demonstrate 21563 
demonstrating 21508 
den 21541 
denied 21498 
denominations 21504 
dental 21558 
denver 21558 
deny 21473 21498 
department 21422 21493 21501 21569 
depend 21525 
depended 21423 
dependence 21486 
deposits 21497 
depreciation 21561 
depress 21542 21557 
depressed 21549 
deputy 21508 
design 21541 
designed 21461 
desire 21512 21556 
desired 21542 
destroy 21434 
destroyed 21443 21459 
destroyers 21443 21459 
details 21508 21513 21550 
deteriorate 21557 
deterioration 21469 
determine 21438 21563 
determined 21509 
deutsche 21477 
develop 21426 21438 
developer 21503 
developing 21449 21502 
development 21441 21449 21450 21461 21481 21488 21522 21525 21532 21541 
diagnostic 21481 
differed 21510 
differences 21547 
differential 21566 
difficult 21497 21508 21563 21566 
difficulties 21423 
dilemma 21508 
diluted 21431 21474 21489 
dinars 21506 
dirative 21438 
directed 21419 
direction 21510 
directly 21407 21542 21558 
director 21422 21491 21506 
directors 21469 
dirty 21508 
disappeared 21516 
discontinued 21448 21490 
discovery 21502 
discrepancy 21546 
discussed 21557 21568 
discussions 21408 21565 
disk 21472 
disney 21454 21462 
disperse 21516 
displace 21532 
displeasure 21422 
disrupted 21486 
disruptions 21486 
dissension 21508 
dissolving 21481 
distributed 21412 
district 21498 
disution 21417 
diversifying 21486 
divided 21539 
dividend 21412 21467 21500 21509 
dlr 21415 21428 21447 21449 21453 21473 21490 21496 21504 21513 21522 21542 21550 21561 
dmk 21496 21542 
dodge 21436 21456 
dollar 21422 21473 21477 21496 21508 21512 21539 21542 21556 21561 
dollars 21473 
domestic 21486 21525 21541 21561 
donald 21422 
double 21568 
doubt 21508 21514 
doubted 21563 
doubtful 21546 
doubts 21563 
draught 21526 
draw 21493 
drawings 21515 
drawn 21515 
drexel 21419 21428 
dribble 21508 
drilling 21475 21492 21541 
drive 21535 21536 
drives 21472 
drop 21535 
dropped 21546 
drops 21531 
drug 21481 
drunkenness 21536 
dry 21523 
du 21491 21529 
due 21447 21469 21473 21483 21486 21504 21506 21533 21547 21549 
dutch 21514 
dw 21523 21526 
e. 21454 21462 
earlier 21443 21466 21473 21475 21497 21502 21507 21508 21530 21541 21546 21549 21562 
early 21407 21466 21475 21476 21486 21499 21502 21507 21508 21514 21532 21547 21557 21568 
earn 21405 21406 21412 21413 21414 21415 21416 21430 21431 21435 21436 21437 21441 21447 21448 21451 21453 21455 21460 21474 21479 21480 21488 21489 21490 21551 21553 
earnings 21448 21453 21455 21460 21480 
ease 21535 
easier 21536 
easily 21486 
east 21443 21459 21466 21486 21492 21502 21539 
easy 21422 
ebullient 21508 
economic 21422 21423 21449 21502 21510 21525 21532 21535 21536 21542 21565 21568 
economies 21542 
economist 21508 21525 21561 
economists 21422 21473 21525 21535 
economy 21423 21508 21542 21567 
ecop 21532 
edelman 21419 
edging 21542 
edouard 21512 21556 
edt 21404 21459 
education 21423 
effect 21437 21455 21542 21543 
effective 21497 
effectively 21423 
efforts 21563 
eight-month 21562 
eight-month-old 21422 
eight-year 21508 
el 21510 
elaborate 21500 
elapsed 21469 
elected 21509 21547 
election 21508 
elections 21508 21514 
electric 21473 
electrical 21569 
electricite 21533 
electricity 21461 
electricte 21533 
electronic 21473 21549 
electronics 21483 
elements 21563 
elimination 21460 
elizabethtown 21417 
emcke 21500 
emerged 21547 
emlx.o 21479 
emphasis 21561 
employee 21558 
employees 21558 
employers 21532 
emulex 21479 
enable 21522 21525 
enables 21407 
enabling 21541 
end 21422 21473 21491 21503 21514 21525 21539 21557 21561 21565 21566 21567 
end-august 21562 
end-september 21561 
endanger 21517 
ended 21417 21486 21514 21549 21551 21553 21570 
ending 21497 21506 21561 
ends 21455 21525 
energy 21453 21457 
enforcement 21426 
engine 21507 21523 
engineering 21423 21438 21502 
english 21563 
engulfed 21536 
enlarged 21534 
enormous 21422 
ensure 21449 
entered 21481 21557 
entire 21438 21503 
entitled 21404 
entitling 21550 
entregrowth 21571 
envisaged 21423 
envoy 21526 
epidemic 21536 
equal 21412 
equip 21507 
equipment 21423 21569 
equiticorp 21538 
equity 21408 21454 21461 21462 21467 
equivalent 21411 21423 21536 
equw.we 21538 
error 21434 
escalates 21517 
escalation 21459 21461 
escort 21459 
essential 21423 21525 
establish 21408 21493 
establishing 21486 
estate 21447 
estimate 21535 
estimated 21486 21497 21541 
estimates 21502 21541 21557 
europe 21422 21546 21567 
european 21422 21507 21546 
evaluate 21411 
eventual 21502 
eventually 21438 21508 21535 
evergreen 21515 
ex-dividend 21509 
ex-warrant 21504 
exacerbating 21517 
exaggerated 21422 
exceed 21525 
exceeded 21557 
exceeds 21473 
exception 21483 
exceptionally 21547 
excess 21497 21534 
excessive 21497 21508 
exchange 21408 21411 21426 21428 21433 21449 21466 21493 21498 21509 21533 21542 21549 21552 21554 21561 21568 
exclude 21455 
excludes 21412 21447 21490 
exclusive 21481 
executive 21477 
executives 21497 
exempt 21461 
exercised 21404 
existing 21486 21522 
expansion 21497 21571 
expect 21422 21449 21512 21530 21556 
expectation 21422 21438 
expectations 21458 21542 
expected 21458 21486 21500 21502 21513 21514 21525 21530 21546 21547 21557 21566 
expects 21404 21419 21503 21525 21530 21567 21570 
expedited 21558 
expenditure 21561 
expenditures 21423 
expenses 21558 
experience 21449 21547 
experienced 21422 21469 
expired 21404 
expires 21557 21565 
exploited 21506 
exploration 21417 
explore 21467 
export 21473 21491 21500 21502 21507 21529 21561 21567 21570 
exporter 21525 
exporters 21508 21570 
exporting 21506 
exports 21473 21486 21497 21502 21506 21508 21525 21562 21567 21568 21570 
expressed 21508 
ext10 21472 
ext25 21472 
extend 21539 
extended 21429 21493 21515 21539 
extendible 21428 
extensive 21517 
extent 21423 
external 21449 21525 
extra 21508 21546 
extraordinary 21436 21469 21508 
f0074 21571 
f0076 21570 
f0081 21569 
f0087 21568 
f0088 21567 
f0093 21566 
f0101 21565 
f0103 21564 
f0109 21563 
f0112 21562 
f0116 21561 
f0130 21560 
f0149 21559 
f0164 21558 
f0183 21557 
f0193 21556 
f0196 21555 
f0212 21554 
f0215 21553 
f0221 21552 
f0223 21551 
f0231 21550 
f0232 21549 
f0237 21548 
f0238 21547 
f0239 21546 
f0257 21545 
f0261 21544 
f0264 21543 
f0279 21542 
f0307 21541 
f0330 21540 
f0337 21539 
f0351 21538 
f0354 21537 
f0368 21536 
f0376 21535 
f0382 21534 
f0405 21533 
f0415 21532 
f0418 21531 
f0435 21530 
f0437 21529 
f0448 21528 
f0484 21527 
f0494 21526 
f0498 21525 
f0505 21524 
f0507 21523 
f0508 21522 
f0509 21521 
f0511 21520 
f0512 21519 
f0536 21518 
f0546 21517 
f0547 21516 
f0549 21515 
f0551 21514 
f0557 21513 
f0559 21512 
f0560 21511 
f0570 21510 
f0572 21509 
f0574 21508 
f0595 21507 
f0601 21506 
f0617 21505 
f0639 21504 
f0654 21503 
f0672 21502 
f0678 21501 
f0683 21500 
f0689 21499 
f0698 21498 
f0705 21497 
f0706 21496 
f0738 21495 
f0751 21494 
f0756 21493 
f0759 21492 
f0761 21491 
f0764 21490 
f0766 21489 
f0768 21488 
f0770 21487 
f0807 21486 
f0812 21485 
f0817 21484 
f0844 21483 
f0852 21482 
f0860 21481 
f0863 21480 
f0864 21479 
f0867 21478 
f0868 21477 
f0874 21476 
f0876 21475 
f0881 21474 
f0883 21473 
f0889 21472 
f0902 21471 
f0904 21470 
f0905 21469 
f0910 21468 
f0915 21467 
f0916 21466 
f0917 21465 
f0919 21464 
f0931 21463 
f0932 21462 
f0933 21461 
f0935 21460 
f0936 21459 
f0937 21458 
f0938 21457 
f0942 21456 
f0948 21455 
f0955 21454 
f0959 21453 
f0970 21452 
f0977 21451 
f0986 21450 
f0993 21449 
f0994 21448 
f1000 21447 
f1003 21446 
f1011 21445 
f1020 21444 
f1022 21443 
f1024 21442 
f1031 21441 
f1041 21440 
f1050 21439 
f1057 21438 
f1058 21437 
f1061 21436 
f1062 21435 
f1064 21434 
f1071 21433 
f1076 21432 
f1087 21431 
f1089 21430 
f1090 21429 
f1103 21428 
f1105 21427 
f1111 21426 
f1113 21425 
f1132 21424 
f1136 21423 
f1154 21422 
f1166 21421 
f1169 21420 
f1171 21419 
f1172 21418 
f1174 21417 
f1176 21416 
f1178 21415 
f1182 21414 
f1184 21413 
f1187 21412 
f1197 21411 
f1209 21410 
f1212 21409 
f1215 21408 
f1219 21407 
f1227 21406 
f1229 21405 
f1233 21404 
face 21508 
facility 21461 21472 21515 21522 
faction 21547 
factor 21486 
factories 21500 
factors 21408 
factory 21567 
fail 21542 
failed 21483 21514 21561 21566 
fairly 21491 21535 
faithful 21512 21556 
faithfull 21512 21556 
fall 21422 21486 21500 21569 
fallen 21422 
falling 21422 
falls 21422 
family 21454 21462 21503 
fan 21542 
farmers 21530 
fasb 21405 
faster 21473 21525 21558 
fattah 21506 
favorite 21547 
favoured 21510 
fcc 21452 
fcl 21509 
feared 21508 
fearless 21523 
fears 21486 21508 
feasibility 21417 21568 
features 21438 
february 21441 21503 21512 21521 21542 21556 
fed 21422 21541 
federal 21422 21434 
fee 21472 21504 21515 
feed 21523 
feeling 21508 
fees 21472 21533 
feet 21526 21541 
fell 21498 21549 
felt 21508 
ferruzzi 21454 21462 
field 21475 21541 
fields 21423 21475 21541 21568 
fight 21508 
fighter 21475 
figure 21500 21546 
figures 21403 21437 21455 21473 21530 
fiji 21565 
fijian 21565 
file 21407 
filed 21428 21558 
files 21407 21428 
filing 21408 21411 
finalise 21486 
finance 21423 21504 21508 21510 21512 21521 21524 21542 21547 21556 21566 
financial 21419 21420 21422 21469 21497 21503 21508 21534 
financing 21461 21469 21508 
finanziaria 21454 21462 
finding 21497 
finished 21502 
finland 21524 
finnish 21524 
fire 21459 21486 21498 21523 
firm 21502 21512 21550 21556 21571 
firmly 21512 21536 21556 
firms 21473 
first-half 21473 21500 
fiscal 21497 21506 21525 
fitness 21434 
five-day 21557 
five-year 21423 21524 
fix 21537 
fixed 21473 21496 21541 
fla. 21416 
flag 21517 
flashtalk 21407 
flatly 21492 
flavour 21542 
fletcher 21509 
floater 21504 
floating 21504 21541 
floats 21545 
flocked 21491 
flooded 21523 
floor 21433 
fltc.we 21509 
flurry 21547 
fob 21486 
focus 21422 
focusing 21486 
follow 21508 21512 21556 
fomerly 21407 
food 21525 21530 21569 
foodgrains 21497 
foods 21455 21464 
foon 21525 
footwear 21404 
force 21508 21563 
forced 21491 21546 
forces 21443 21459 21465 21475 21492 
ford 21458 
forecast 21473 21532 21546 21548 21561 
forecasts 21530 
foreign 21449 21508 21516 21517 21542 21547 
foreigners 21508 
foreshadow 21508 
forest 21516 
forget 21486 
form 21403 21449 21491 21514 
formal 21514 
formally 21547 
formation 21563 
formatter 21472 
formed 21466 21469 21487 
formica 21412 
formula 21486 
fort 21413 
forward 21493 
found 21508 
foundry 21460 
framework 21542 
franc 21491 21567 
france 21468 21500 21512 21533 21542 21556 
francisco 21487 
francs 21491 21520 21529 
frankfurt 21477 21508 21518 
frankfurter 21458 
freight 21486 
french 21499 21505 21512 21514 21540 21556 21567 
friday 21459 21475 21491 21492 21501 21516 21525 21527 21539 21557 21571 
friedrich 21477 
fritschi 21422 
fronter 21558 
frontier 21558 
frustration 21542 
fse 21518 
ftse 21528 21552 21554 
fuel 21510 21532 21569 
fuelled 21422 
fuji 21504 
full 21532 21551 21553 
fully 21407 21497 21515 
fully-paid 21571 
function 21407 
fund 21473 
funds 21508 21522 
future 21428 21459 21500 21514 
futures 21426 21444 21493 
fw 21404 
fww 21404 
g-7 21542 
gaf 21469 21478 
gain 21412 21430 21436 21437 21448 21473 21490 
gained 21549 
gains 21561 
gap 21508 21562 
gas 21417 21486 21519 21536 21541 21568 
gates 21565 
gathering 21417 
gathers 21541 
gatx 21448 
gave 21508 
gem 21474 
gencorp 21434 21452 
gene.o 21481 
genentech 21481 
general 21428 21434 21500 
generale 21422 21491 21529 
geneva 21508 
geoffrey 21565 
gerd 21500 
gerhard 21508 
german 21422 21477 21507 21508 21512 21518 21521 21542 21556 
germans 21422 21542 
germany 21458 21500 21508 21521 21542 
gesture 21500 
gholamreza 21568 
gigabytes 21472 
give 21525 21571 
giving 21429 
glass 21490 
gmt 21443 21448 21475 21527 21540 
gnp 21525 
gnsp.l 21538 
gold 21535 21537 
good 21557 
goods 21423 21473 21525 21561 
goodwill 21500 
gorbachev 21423 21536 
gosplan 21423 
goverment 21466 
government 21449 21458 21466 21473 21486 21491 21497 21502 21508 21510 21514 21516 21525 21532 21539 21545 21550 21561 21563 21565 21566 21570 
governor 21497 
grain 21423 21493 21530 21570 
grain-producing 21530 
granted 21534 
great 21525 
greatly 21486 21563 
greenspan 21422 
grew 21525 21549 
grind 21567 
gross 21423 21525 21561 
grothgar 21500 
grounded 21523 21526 
group 21408 21412 21427 21429 21438 21454 21462 21466 21469 21478 21500 21512 21538 21542 21550 21551 21553 21556 21569 
grow 21546 
growers 21530 
grows 21536 
growth 21422 21423 21428 21449 21486 21508 21525 21546 
gsp 21486 
guaranteed 21404 21486 21533 
guesstimated 21433 
guesstimates 21433 
guesstimating 21433 
guide 21542 
guiding 21542 
guinness 21538 
gulf 21443 21459 21475 21482 21484 21485 21486 21502 21506 21517 21563 21568 
gullfaks 21541 
gustev 21423 
gy 21434 
h.k 21466 21550 21555 
half 21497 21500 
halt 21539 
halted 21539 
hand 21422 21563 
hands 21466 
hang 21559 
hanover 21507 
hans 21422 
happy 21565 
hard 21508 
harder 21542 
harm 21542 21563 
harvest 21423 21530 
haul 21486 
hawaii 21565 
head 21422 21433 21508 21547 
headquarters 21517 
heads 21423 21508 
health 21500 
healthy 21542 
heavy 21423 21497 21498 21500 21508 
hectic 21476 
heightened 21486 
held 21404 21411 21547 21565 
helicopter 21475 
helicopters 21459 
helmut 21508 
helsinki 21524 
herald 21542 
herbert 21422 
hernan 21510 
heyman 21469 
high 21422 21473 21486 21502 21535 21561 21565 
higher 21422 21486 21506 21525 21532 21542 21561 21567 
highest 21530 
hinging 21535 
history 21530 
hit 21473 21498 21539 
hkse 21559 
ho 21525 
hofmeister 21557 
hog 21433 
hold 21500 21523 
holders 21467 21500 
holding 21454 21462 21466 21472 21538 21550 21557 
holdings 21454 21462 21515 21538 21545 
holds 21458 21466 21550 21571 
holidays 21473 
holy 21516 
home 21473 21508 21536 21565 
home-brew 21536 
homes 21503 
hong 21466 21513 21550 21559 
hong-kong 21466 21513 21550 
honoured 21560 
hope 21525 21565 
hoped 21500 21508 
hormuz 21486 
hostilities 21486 
hotel 21508 
hour 21540 
house 21433 21503 21508 
houses 21545 
hundred 21568 
hurt 21525 21536 21542 
hurting 21508 
hydro 21541 
hyun.se 21513 
hyundai 21513 
ibc 21421 
ibj 21533 
ibm 21407 
ic 21409 21410 
idc 21427 
idea 21547 21557 
ideas 21467 
identified 21443 21508 21547 
ideologically 21539 
ii 21472 21504 
ill 21508 
ill. 21480 
illicit 21536 
image 21481 
imaging 21481 
immediately 21558 
impact 21561 
implement 21563 
implementation 21565 
implemented 21532 
implements 21532 
import 21486 21530 21561 21569 
important 21500 21516 
importer 21486 21530 
importers 21569 
imports 21449 21486 21530 21562 21568 21569 
imposed 21483 21565 
imposes 21565 
impounding 21497 
impression 21525 
improve 21500 
improved 21500 21534 
improvement 21423 
improving 21536 
inability 21539 
inai.o 21488 
incentive 21530 
incentives 21525 21530 
include 21404 21407 21419 21435 21448 21453 21461 21515 
included 21500 21567 
includes 21412 21415 21430 21436 21437 21447 21488 21490 
including 21408 21469 21473 21541 
income 21423 21549 21561 
inconsistent 21525 
incorporate 21438 21458 
incorrates 21438 
increase 21423 21486 21510 21530 21532 21542 21546 21561 
increased 21423 21469 21491 21502 21512 21536 21556 
increases 21486 21508 21521 21532 21569 
increasingly 21491 
incurred 21558 
independence 21508 
independent 21469 21561 
index 21444 21527 21528 21531 21552 21554 21559 21564 
india 21497 21546 
indian 21497 
indicating 21542 
indication 21426 21542 21547 
indonesia 21486 
indonesian 21486 
industrial 21423 21461 21512 21521 21542 21556 
industrialised 21449 
industrielle 21567 
industrier 21541 
industries 21409 21410 21429 21474 21487 
industry 21423 21486 21497 21502 21507 21510 21530 21567 
inflation 21510 21532 21535 21561 
inflationary 21508 21542 21561 
influence 21547 
information 21501 21517 
informed 21443 
initial 21461 21472 21502 
injectable 21481 
injured 21498 
inoue 21542 
inquiry 21467 
inro 21557 
insists 21512 21556 
instability 21422 
installations 21501 
instant 21567 
instil 21508 
institute 21525 
instruction-set 21438 
instrument 21408 
instruments 21408 21423 21563 
insufficient 21561 
insurance 21423 21486 
intact 21477 
intellicorp 21488 
intelligence 21526 
intend 21408 
intended 21508 
intends 21469 
intent 21461 
inter-bank 21497 
interbank 21504 21513 21533 
interest 21408 21422 21468 21469 21477 21491 21508 21510 21511 21512 21513 21521 21524 21533 21542 21549 21556 21557 21561 21566 21571 
interests 21467 21517 21563 
interfere 21459 
interim 21557 
internal 21493 
international 21407 21449 21473 21504 21525 21539 21542 21547 21557 21560 21567 21571 
interpreted 21542 
intervene 21422 
interview 21542 21557 21563 
interviews 21542 
introduced 21472 21561 
introduces 21407 
introducing 21500 
investigate 21419 21440 
investment 21408 21411 21438 21508 21525 21571 
investments 21497 
investors 21411 21422 21491 21508 21525 
invited 21515 
involved 21542 
ipi 21423 
iran 21443 21459 21475 21482 21486 21492 21494 21501 21517 21563 21568 
iran-iraq 21506 21563 
iranian 21443 21459 21465 21475 21482 21484 21485 21486 21492 21501 21517 21563 21568 
iranians 21459 21492 
iraq 21486 
iraqi 21475 21568 
irna 21443 21568 
iron 21569 
island 21443 
islands 21504 
ismail 21525 
issuance 21522 
issue 21466 21473 21491 21522 21529 21546 21560 21566 
issued 21461 21466 21508 21512 21538 21556 21560 
issues 21491 21504 21533 
issuing 21504 21533 
italy 21454 21462 21542 
iv 21438 
j. 21469 
j.p 21425 
jack 21422 
jacking 21508 
jackson 21453 
jacksonville 21416 
jacqueline 21412 
jaime 21510 
james 21422 21477 21508 21512 21521 21542 21556 
james-baker 21422 21477 21512 21521 21542 21556 
january 21428 21486 21519 21557 
january-august 21562 
january-september 21473 
japan 21486 21507 21542 21543 21545 21547 21549 21551 21553 21560 21566 
japanese 21486 21504 21542 21547 21557 
jet 21475 
jets 21475 21482 21484 21485 
jobs 21525 
johannesburg 21535 
join 21500 21515 
joint 21458 21477 21487 21507 21560 
jointly 21507 
jolfa 21568 
jonathan 21508 
judge 21434 
juergen 21508 
july 21473 21500 21519 21532 21563 21569 
june 21412 21473 21480 21506 21507 21532 21561 
junior 21469 
kampala 21516 21567 
kang 21530 
kansas 21426 
karl 21508 
kcbt 21426 
keeping 21512 21556 
kenya 21449 21516 
kenyan 21449 21516 
key 21422 21486 
kg 21557 21567 
khamenei 21563 
kiichi 21547 
killed 21498 
king 21491 21514 
kit 21498 
km 21541 
kms 21502 
kohl 21508 
kong 21466 21513 21550 21559 
korea 21473 21513 
korean 21473 
kotc 21506 
kremlin 21423 21536 
kuala 21498 21525 21557 
kunio 21542 
kuwait 21506 
kuwaiti 21475 21492 21501 21506 21517 21563 
kvaerner 21541 
kvio.ol 21541 
laboratories 21415 21442 
labour 21473 
lack 21508 21525 21547 
lakewood 21405 
lakwena 21516 
lambert 21419 21428 
lan 21407 
land 21503 
landed 21541 
lange 21565 
language 21514 21563 
lapsed 21565 
large 21423 21486 
large-scale 21423 21487 
largest 21500 21547 21567 
laserwriters 21407 
last-ditch 21514 
late 21475 21492 21508 21541 21547 21559 
latest 21475 21491 21567 
latin 21458 
launch 21459 21475 
launched 21475 21492 21494 21501 21524 21536 
launches 21524 
lavan 21443 
law 21434 
ldp 21547 
lead 21504 21508 21522 21529 21533 
leader 21423 21514 21536 
leaders 21525 21547 21565 
leading 21476 21510 21514 21518 21521 21525 
leave 21466 21500 21508 21510 
leaving 21500 
lebanese 21539 
lebanon 21539 
led 21429 21454 21462 21469 21508 
left 21459 21568 
leg 21525 
leisure 21404 
len 21561 
lending 21497 
letter 21469 21512 21556 
letters 21461 
level 21449 21557 
levelled 21557 
levels 21486 21535 
levittown 21483 
liberal 21547 
library 21472 
license 21472 
licenses 21434 21452 
lift 21486 
liftings 21486 
light 21486 21507 
limited 21454 21462 
lind.o 21460 
lindberg 21460 
line 21404 21438 21458 21502 21508 21516 21541 
lines 21460 
linguistic 21514 
liquefied 21486 
liquidity 21468 21497 21511 
listed 21407 21466 21533 
listen 21498 
lloyds 21526 
lmed.o 21480 
loaded 21523 
loan 21447 21513 21524 21567 
loans 21403 21449 
local 21407 21475 21507 21508 21522 21525 21567 
locally 21507 
located 21541 
locations 21557 21560 
london 21501 21503 21504 21508 21513 21515 21523 21526 21528 21533 21534 21537 21538 21546 21552 21554 
long 21547 
long-term 21557 21563 
longer 21486 21542 21561 
loosen 21422 
los 21431 21435 
lose 21458 
loses 21559 
loss 21406 21415 21420 21442 21447 21448 21460 21488 21500 21565 
losses 21458 21500 21508 21549 
lost 21458 21536 21539 21568 
lots.o 21441 
lotus 21441 21450 
louvre 21422 21477 21512 21521 21542 21543 21556 
low 21491 21497 21530 21566 
lowell 21415 
lower 21438 21444 21445 21486 21491 21496 21500 21506 21518 21535 21542 21544 21546 21549 21561 21564 
lower-priced 21486 
lowered 21546 21561 
lowers 21548 
lows 21539 
lp 21454 21462 
lpg 21486 
lse 21528 21552 21554 
lulled 21486 
lumpur 21498 21525 21557 
lusinchi 21510 
lux 21491 21529 
luxembourg 21491 21529 21533 
lynn 21508 
lyphomed 21480 
machine 21423 
machine-building 21423 
machinery 21569 
machines 21407 21438 
macintosh 21407 
macro-economic 21561 
made 21475 21486 21492 21500 21501 21506 21517 21536 21568 
main 21497 21499 21505 21516 21557 
maintain 21438 21497 
maintaining 21547 
maintenance 21512 21556 21566 
maize 21493 
major 21417 21486 21501 21502 21512 21522 21525 21530 21535 21556 21561 
majority 21429 21508 21547 
make 21407 21419 21458 21500 21521 21571 
maker 21408 
makers 21508 
makes 21423 21571 
making 21508 
malay 21498 
malaysia 21498 21525 21557 
malaysian 21498 
malhotra 21497 
man 21498 
managed 21522 
management 21408 21419 21429 21469 21478 21487 21504 21533 
manager 21504 21529 21533 21557 
managing 21500 21506 21508 
mandate 21513 
mandated 21515 21557 
manfred 21500 
manila 21532 21562 
manufacturers 21473 
margin 21515 
marginal 21542 
mark 21422 21508 21542 
market 21408 21422 21468 21469 21486 21491 21493 21498 21500 21501 21508 21511 21522 21539 21542 21545 21546 21557 21567 
marketing 21417 21481 21567 
markets 21422 21423 21438 21469 21473 21501 21507 21508 21533 21542 
markka 21524 
marks 21458 21477 21496 21500 21508 21542 
martens 21491 21514 
martin 21429 21461 
masaru 21486 
mass. 21415 21441 
mastercard 21560 
mastercard-affiliated 21560 
matanzas 21526 
match 21546 
matching 21422 
materials 21549 21569 
matif 21540 
matter 21459 21498 
mature 21428 
maturing 21545 
maturity 21515 
maumee 21490 
max 21429 
may-sell 21557 
meaning 21438 
meant 21536 
measure 21517 
measures 21423 21500 21565 
mediate 21547 
medical 21423 21558 
medium 21422 
meeeting 21534 
mees 21502 
meet 21426 21459 21483 21497 21566 
meeting 21419 21423 21475 21492 21497 21500 21545 21557 21565 
meetings 21547 
megawatts 21461 
membership 21565 
men 21508 
mention 21568 
merc 21444 
mercantile 21433 
merchandise 21569 
merge 21550 21555 
merged 21438 
merger 21404 21550 
mesa 21479 
met 21449 21477 
metals 21569 
method 21481 
metres 21523 21541 
mich. 21453 
michael 21422 
micro 21407 
microchip 21438 
micropocessor 21438 
microsoft 21451 21463 
microsystems 21407 21438 
middle 21486 21502 
mideast 21486 
midland 21453 
midnight 21404 21498 
mikhail 21423 21536 
mile 21526 
miles 21443 21459 21502 
military 21459 21475 21517 21565 
milliseconds 21472 
minds 21557 
mineral 21569 
mini 21438 
minimise 21561 
minimum 21532 
minister 21423 21491 21508 21512 21514 21530 21547 21556 21565 21568 
ministers 21512 21514 21556 
ministry 21443 21508 21510 21517 21521 21524 21542 21566 21567 21570 
minor 21489 
minority 21408 21508 
minutes 21505 
misconduct 21434 
missile 21459 21492 21501 21563 
missions 21475 
miyazawa 21547 
moderate 21486 
modernisation 21423 
modest 21473 
modify 21469 
moi 21449 
mombasa 21516 
monday 21422 21443 21459 21473 21475 21482 21491 21492 21509 21514 21517 21522 21539 
monetary 21422 21473 21497 21508 21542 
money 21422 21468 21508 21511 21542 21545 
money-fx 21422 21468 21477 21496 21508 21510 21511 21512 21521 21535 21539 21542 21556 21561 
monitor 21542 
monitored 21517 21563 21568 
monsod 21532 
month 21407 21412 21453 21454 21462 21473 21486 21504 21508 21512 21530 21532 21533 21547 21556 21557 
monthly 21472 21486 21535 21569 
months 21423 21431 21435 21438 21448 21497 21519 21530 21532 21541 21546 21549 21551 21553 21562 
mood 21422 
moonshine 21536 
morgan 21425 
morger 21501 
morning 21498 21514 
moscow 21423 21536 21568 
moss 21541 
motor 21458 21507 21513 
mouinted 21472 
mountain 21488 
move 21497 21546 
movement 21422 21516 
moving 21525 21557 
msft 21451 
msft.o 21451 
mths 21403 21405 21406 21412 21414 21416 21436 21437 21441 21447 21448 21453 21460 21474 21480 21489 21490 
multi-currency 21515 
multilateral 21542 
multiple 21515 
munich 21500 
municipal 21461 
municipalities 21461 
n't 21422 21501 21565 
n.j. 21412 21417 21469 
n.y. 21455 21483 
n.z 21509 21561 21571 
nacional 21510 
nairobi 21449 
nakamikado 21547 
nakasone 21547 
named 21542 21547 
nasd 21483 
nasdaq 21483 
nat-gas 21417 
nation 21486 
national 21422 21423 21473 21483 21516 21532 21562 21568 
nations 21521 21542 21557 
natural 21417 21536 21568 
naval 21443 21459 
navy 21459 
nbc 21492 
nearby 21541 
nearer 21525 
nearest 21423 
necessarily 21563 
needed 21426 21561 
negative 21532 
negotiated 21567 
negotiating 21566 
negotiations 21566 
neighbouring 21525 
neka 21568 
neorx 21481 
nervous 21498 21508 
net 21405 21406 21412 21413 21414 21415 21416 21430 21431 21435 21436 21437 21441 21447 21448 21451 21453 21455 21456 21460 21474 21479 21480 21488 21489 21490 21549 21551 21553 
netprint 21407 
network 21407 
networks 21475 21492 21494 
neutral 21475 
new-zealand 21509 21561 21565 21569 21571 
newly 21466 
newly-formed 21438 
news 21422 21443 21473 21475 21477 21492 21508 21514 21530 21568 
newsletter 21502 
newspaper 21506 21536 
newspapers 21510 
nhy.ol 21541 
nicosia 21443 21502 21517 21563 21568 
nif 21522 
night 21498 
nikolai 21423 
nine-year 21513 
nippon 21545 21560 
no.4 21523 
no.5 21523 
noboru 21547 
nominal 21524 
non-agricultural 21532 
non-callable 21529 
non-ferrous 21569 
non-fuel 21569 
non-operating 21549 
non-voting 21500 21546 
nonstop 21472 
nonutility 21417 
norcem 21541 
nordberg 21422 
norge 21541 
nork.ol 21546 
normal 21498 21508 
norsk 21541 21546 21548 
norske 21541 
north 21502 21519 21541 21546 21549 21571 
north-west 21568 
northern 21508 
northerner 21508 
northwestern 21502 
norway 21519 21541 21546 
norwegian 21546 
notably 21542 
note 21403 21405 21412 21415 21416 21428 21430 21435 21436 21437 21441 21447 21448 21453 21455 21460 21480 21488 21490 21522 
noted 21542 
notes 21428 
notice 21486 
notified 21486 
noting 21557 
nov 21403 
november 21407 21429 21504 21514 21533 21534 21545 21547 21566 
nowshahr 21568 
nra 21516 
nsht.t 21560 
nuclear 21453 
nui 21417 
number 21532 
nzdlr 21561 
objective 21497 21508 
objectives 21408 
obligations 21449 
obod.o 21489 
obvious 21508 
oct 21405 21406 21407 21408 21411 21412 21413 21414 21415 21416 21417 21419 21422 21423 21426 21428 21429 21430 21431 21433 21434 21435 21436 21437 21438 21441 21443 21447 21448 21449 21451 21453 21454 21455 21458 21459 21460 21461 21462 21466 21467 21469 21472 21473 21474 21475 21477 21479 21480 21481 21482 21483 21486 21487 21488 21489 21490 21491 21492 21493 21497 21498 21500 21501 21502 21503 21504 21506 21507 21508 21509 21510 21512 21513 21514 21515 21516 21517 21519 21521 21522 21523 21524 21525 21526 21529 21530 21532 21533 21534 21535 21536 21537 21538 21539 21541 21542 21545 21546 21547 21549 21550 21551 21553 21556 21557 21558 21560 21561 21562 21563 21565 21566 21567 21568 21569 21570 21571 
oct. 21404 
october 21404 21408 21419 21429 21473 21486 21497 21508 21509 21523 21526 21529 21538 21547 21550 21557 21561 21566 21567 21570 
offer 21404 21419 21429 21438 21469 21486 21538 21557 21571 
offered 21469 21486 21500 21504 21513 21533 
offering 21428 
office 21532 21536 21562 
official 21486 21498 21521 21527 21531 21536 21540 21542 21543 21566 
officials 21473 21475 21492 21493 21508 21510 21517 21542 21566 
offshore 21443 21475 21492 21501 
og 21461 
ogden 21461 
ohio 21490 
oil 21417 21443 21459 21465 21475 21482 21484 21485 21486 21492 21501 21502 21506 21510 21519 21525 21541 21561 21568 
oilfield 21502 
oilfields 21475 21502 
oilfileds 21502 
oils 21497 
oilseed 21497 
oilseeds 21497 
oljeselskap 21541 
one-for-five 21550 
one-minute 21426 
open 21408 21444 21445 21473 21518 
opened 21498 21557 
opening 21422 21505 21531 
openly 21542 
opens 21552 21554 
oper 21412 21439 21447 21490 
operate 21461 
operates 21407 
operating 21412 21438 21506 
operation 21459 21486 21545 21555 
operations 21417 21448 21458 21460 21490 21558 
operative 21477 21542 
operator 21541 
opinion 21508 
opportunities 21506 
opposed 21547 
opposition 21508 21510 
optical 21472 
optimistic 21422 
option 21486 21515 21571 
options 21404 21467 21469 21571 
order 21505 21563 
orders 21490 21541 21569 
ordinary 21500 21509 21525 21534 21538 
organisation 21557 
oriental 21567 
original 21469 21557 
originally 21423 21473 21491 21523 21561 
orinoco 21526 
orleans 21472 
ortwin 21458 
oseberg 21541 
oslo 21519 21541 21546 
otto 21508 
out-of-state 21447 
outcry 21508 
outflows 21449 
outlets 21560 
outline 21467 
outlines 21467 
output 21423 21486 21507 21530 21541 
outstanding 21404 21408 21411 21469 21545 
overdone 21422 
overseas 21522 21549 21561 
owens 21489 
owned 21486 21558 
owners 21526 
owns 21404 21469 21538 21550 
pa. 21461 
pacific 21435 21470 
pack 21567 
packages 21407 
pact 21477 21521 21557 
paid 21411 21467 21480 21558 
palm 21525 
palmer 21565 
palo 21430 
panel 21515 21563 
panic 21422 
panicked 21422 
papers 21510 
par 21533 21550 
parallel 21516 
parent 21500 
paribas 21520 
paris 21512 21520 21544 21556 21567 
parity 21491 
parliament 21423 21547 
parliamentary 21547 
part 21497 21502 21512 21526 21542 21556 21568 
participation 21422 
parties 21508 21514 
partner 21508 
partners 21419 21427 21440 21541 
partnership 21454 21462 
parts 21507 21549 
party 21508 21536 21547 
past 21475 21557 
patch 21508 
patching 21523 
pattamapong 21493 
paul 21422 
pay 21486 21532 21558 
payable 21504 
paying 21467 21533 
payment 21404 21500 21529 21533 21542 
payments 21449 21486 21534 21561 
pc-to-pc 21407 
pcs 21407 
pd 21436 
peace-keeping 21563 
peat 21538 
peer 21542 
peking 21530 
pending 21461 
pennsylvania 21461 
pension 21437 
pensions 21423 21453 
pentagon 21459 21501 
percent 21404 21426 
percentage 21561 
perform 21487 
performance 21408 21423 21500 21536 
period 21423 21486 21497 21508 21519 21530 21549 21557 21562 
periods 21412 21447 21524 
persian 21517 21563 
person 21498 
personal 21407 21500 21547 
personnel 21459 
persuade 21542 
peso 21532 
pesos 21532 
peter 21422 
petrol 21498 
petroleum 21405 21486 21541 
petromin 21486 
pfennigs 21508 
pfister 21508 
pgi 21474 
phase 21486 
phelps 21436 21456 
philadelphia 21414 
philippine 21532 21562 
philippines 21532 21562 
phoenix 21436 
picked 21547 
pine 21429 
pipe 21417 
pipeline 21502 21541 21568 
place 21508 
placement 21466 21529 
placements 21491 
plains 21405 21467 
plan 21423 21493 21508 21509 21567 
planned 21423 21507 21508 21541 21546 
planning 21423 21500 21502 21508 21532 
plans 21438 21502 21508 21566 21567 
plant 21461 21486 21507 
plasminogen 21481 
platform 21443 21459 21465 21541 
platforms 21443 21459 21475 21484 21485 21492 
plc 21466 21503 21515 21534 21538 21550 
pledged 21542 
plenty 21508 
plp 21405 
plug 21508 
ply 21474 
po 21438 
poehl 21508 
point 21422 21504 21513 21533 21566 
points 21444 21469 21504 21531 21533 21552 21554 21559 21564 
police 21498 21508 
policies 21508 21525 21542 21561 
policy 21422 21497 21508 21510 21517 21542 
policy-makers 21508 
politburo 21423 
political 21508 21514 21525 21547 
politician 21508 
politicians 21525 21547 
pool 21504 
pooling-of-interest 21435 
poor 21530 21557 
popular 21491 21508 
population 21532 21536 
port 21475 21492 21516 21523 
portion 21453 21500 
ports 21486 21568 
positiive 21557 
position 21510 21534 21557 21563 
possibility 21467 
post 21500 21510 21539 21547 
posted 21500 
postponed 21565 
postscript 21407 
potential 21459 21525 
pound 21539 
power 21547 
praecipuum 21504 21533 
pragmatic 21508 
pravda 21536 
pre-tax 21412 21503 21546 21548 
precarious 21422 
preceeds 21563 
predicted 21506 21532 21535 
predictions 21546 
preference 21500 21534 21547 
preferred 21411 21467 21561 
premier 21508 
prepared 21459 
present 21408 21469 21486 
president 21429 21438 21449 21475 21492 21501 21508 21510 21547 21563 
press 21423 21522 21530 
pressure 21473 21491 21497 21542 
pressures 21508 
pretax 21551 21553 
prevent 21535 
preventing 21497 
previosuly 21404 
previous 21473 21491 21570 
previously 21488 21541 
previuosly 21404 
price 21407 21458 21486 21509 21535 21557 21565 
priced 21472 21504 21529 21533 
prices 21486 21508 21509 21525 21530 21532 21536 21557 21561 
priestess 21516 
primarily 21438 21542 21561 
prime 21491 21514 21547 21565 21566 
principal 21469 
principled 21517 
print 21407 
printers 21407 
printing 21534 
prints 21426 
prior 21415 21430 21475 21558 
prior-period 21435 
privacy 21536 
private 21491 21525 21529 21569 21570 
privately-held 21481 
problem 21422 21542 
problems 21422 21547 21561 
proceed 21404 
proceeds 21428 21522 
process 21461 21542 
processing 21417 21567 
procured 21507 
procurement 21507 
produce 21461 21567 
produced 21423 
producer 21525 21567 
producing 21507 21557 
product 21423 21460 21481 21488 21500 21525 21561 
production 21417 21423 21530 21541 
products 21412 21438 21486 21568 
profit 21406 21415 21420 21442 21447 21460 21546 21548 21549 
profitability 21486 
profitable 21486 
profits 21503 21506 21546 
program 21426 
programs 21449 
project 21453 21568 
projected 21545 
projecting 21525 
projects 21487 
prolonged 21512 21556 
prominent 21567 
promote 21508 
promoted 21508 
promptly 21469 
propane 21417 21486 
proper 21557 
property 21571 
proportion 21549 
proposal 21469 21478 21508 21532 
proposals 21539 
proposed 21428 21469 21532 21534 
proposes 21534 
proprietary 21481 
prospect 21408 
prosz.o 21408 
protect 21568 
protected 21438 
protectionist 21473 
protocol 21407 21568 
proved 21508 
provide 21426 
providing 21407 
provision 21490 
pse 21499 21505 21520 21544 
pte 21522 
public 21466 21473 21491 21498 21500 21508 21525 
publicly 21422 
pull 21458 
pulled 21492 
puma 21500 
puma.f 21500 
pumped 21523 
purchase 21404 21530 
purchased 21404 
purchasers 21419 21440 
purchases 21486 
purpose 21504 
purposes 21428 
pursuant 21404 
pursued 21508 
pursuing 21568 
push 21508 21532 
pushing 21508 
put 21486 21491 21497 21514 21523 21557 
qant.o 21483 
qtr 21403 21405 21406 21412 21413 21414 21415 21416 21418 21420 21424 21425 21430 21431 21432 21435 21436 21437 21439 21441 21442 21446 21447 21448 21450 21451 21453 21455 21456 21457 21460 21463 21464 21470 21471 21474 21479 21480 21488 21489 21490 21495 
quality 21434 21557 
quantech 21483 
quantity 21557 
quaotities 21502 
quarter 21447 21448 21472 21490 21553 
quelled 21486 
question 21557 21566 
questions 21477 
quickly 21422 21508 
quota 21567 
quotations 21540 21544 
quoted 21483 21506 21509 21517 21530 21557 21563 21568 
r.n 21497 
ra 21429 
rabuka 21565 
race 21498 21547 
racially-sensitive 21498 
racine 21460 
radio 21498 21514 21517 21563 
radioisotope 21481 
raffles 21522 
raid 21484 21485 
raided 21482 
railway 21516 
rain 21423 
rainier 21435 
raise 21422 21469 21473 21497 21507 21508 21513 21522 21529 21542 
raising 21497 21507 21508 21510 21517 21529 
rakhsh 21443 21475 
ran 21510 
rand 21535 
randy 21501 
range 21500 21542 
ranking 21502 
rapid 21423 21473 21546 
rare 21508 
rate 21469 21486 21491 21497 21502 21504 21507 21508 21510 21512 21513 21521 21532 21533 21535 21539 21542 21556 21561 21566 
rates 21422 21469 21477 21491 21508 21510 21512 21521 21524 21542 21556 21561 
ratio 21497 
ratios 21497 21561 
ravenna 21454 21462 
re-examine 21521 
reach 21422 21423 21507 21566 
reached 21516 21521 21524 21536 21560 
reaches 21538 
reacting 21542 21565 
reaction 21459 21521 
read-many-times 21472 
read/write 21472 
readiness 21542 
ready 21542 21567 
reaffirmed 21512 21521 21556 
reagan 21475 21492 21501 21563 
real 21422 21447 21449 
reasons 21500 21542 
rebel 21516 
rebels 21516 
rebutting 21508 
recalled 21422 
receive 21404 21449 21481 21509 21515 21525 21550 
received 21429 21443 21538 21542 21557 
receiving 21423 
recent 21423 21486 21508 21521 21542 
recently 21407 21438 21486 
recession 21422 21525 
recommendation 21419 21532 
recommended 21426 21502 21532 
reconsider 21469 21478 
reconsiders 21469 
record 21426 21539 
recorded 21473 21503 
recover 21525 
recoverable 21541 
recovery 21461 21525 
recycle 21545 
redmond 21451 
reduce 21557 21561 
reduced 21438 21455 21460 21466 
reducing 21561 
reduction 21506 21536 
reeling 21508 
reexamine 21542 
reference 21542 
refinance 21522 
refined 21568 
refining 21568 
reflationary 21525 
reflect 21412 21437 21469 21473 21557 
reflecting 21460 
reflection 21542 
refloat 21526 
reform 21455 
refrain 21542 
regarded 21542 
region 21475 21502 
regional 21443 21475 21482 
register 21426 
regret 21542 
regular 21569 
regularly 21508 
regulate 21493 
reinforce 21539 
reinforcements 21516 
reinsurance 21422 
reinvestment 21509 
rejected 21563 
relating 21453 
relationship 21508 
reliable 21486 
reliance 21561 
religiously 21539 
reloaded 21523 
remain 21486 21508 21535 
remained 21542 21546 
remaining 21571 
remains 21422 21523 
remark 21542 
remarkable 21508 
remarks 21512 21517 21521 21542 21556 
remember 21407 
remote 21407 
removal 21459 
renew 21565 
renewal 21486 21508 21515 
renewed 21422 
reopened 21516 
reopens 21516 
repackaged 21504 
repay 21428 21525 
repaying 21449 
repeated 21500 
replace 21486 
replacement 21417 
replacing 21500 
report 21458 
reported 21443 21475 21510 21523 21549 21563 
reporters 21547 21565 21567 
reports 21530 
represent 21508 21542 
representatives 21433 
representing 21411 21473 21538 
represents 21534 
republic 21533 21565 
repurchase 21409 21545 
request 21542 
requests 21566 
required 21534 
requirements 21483 21497 
requires 21423 
resalat 21443 
reschedule 21449 
research 21422 
reserve 21422 21486 21497 21502 21561 
reserves 21447 21541 
reshadat 21443 
resign 21508 21510 
resignation 21491 21510 21514 
resistance 21508 21516 
resorting 21497 
resource 21461 21487 
resources 21423 21449 21461 
respond 21517 
responding 21477 21512 21517 21556 
response 21429 21475 21492 21501 21563 21565 
responsible 21481 21500 
rest 21535 
restated 21405 21412 21435 21453 
restaurant 21429 
restore 21561 
restricted 21569 
restrictions 21458 
restructure 21466 
restructures 21466 
restructuring 21490 
result 21404 21438 21492 21508 
results 21405 
resumption 21473 
retail 21407 
retailer 21404 
retailers 21407 
retain 21547 
retaliated 21492 
retaliation 21459 
retaliatory 21475 21492 21501 21517 
retention 21434 
retire 21547 
retired 21422 
retirement 21436 21547 
retroactively 21455 
return 21534 21565 21568 
returns 21497 
revaluation 21473 
revalue 21473 
revenue 21461 21508 
revenues 21519 21536 
reverse 21434 21452 
reversion 21437 
review 21408 21411 21426 21469 21535 
revise 21542 
revision 21469 
revival 21508 
revocation 21452 
revoke 21434 
revs 21405 21406 21413 21414 21415 21436 21437 21448 21451 21453 21455 21479 21488 
rice 21570 
richmond 21489 
rifle 21498 
rig 21541 
rigs 21475 21482 
ringgit 21525 
riot 21498 
riots 21498 
risc 21438 
rise 21422 21423 21473 21486 21508 21512 21521 21530 21532 21535 21536 21542 21549 21556 21566 21569 21570 
risen 21477 21525 
rises 21477 
rising 21449 21469 21507 21508 21532 
risk 21486 
river 21526 
rko 21434 
road 21498 21516 
roast 21567 
roasted 21567 
robert 21491 
rochester 21455 
rod 21565 
roger 21557 
ronald 21563 
room 21523 
rose 21423 21497 21519 21532 21549 21562 21569 21570 
rosemont 21480 
rosenberg 21541 
rostam 21443 21475 
roubles 21423 21536 
roughly 21518 
round 21486 21508 
row 21508 21514 
roy 21454 21462 
royalties 21481 
rtbf 21514 
rubber 21493 21525 21557 
rudolf 21500 
rule 21426 
ruling 21423 21508 21547 
rumors 21501 
rumours 21498 
run 21502 
rundschau 21458 
running 21535 21536 
rupees 21497 
s.korea 21473 
sa 21491 21529 
safety 21459 
sale 21410 21412 21430 21454 21462 21490 21503 
sales 21412 21416 21417 21426 21430 21438 21441 21460 21474 21480 21481 21489 21490 21536 21545 21546 21549 21551 21553 21557 21570 
salleh 21525 
salt 21523 
samuel 21469 
san 21487 
sanctions 21565 
sassan 21443 21475 
sato 21486 
saturday 21492 21501 21516 
saudi 21486 
saudi-arabia 21486 
save 21423 
scale 21449 21486 
scandal 21508 
scandivanian 21491 
scheduled 21491 21557 
schemes 21423 
schlesinger 21508 
schleswig-holstein 21508 
schmidt 21508 
scientific 21408 21438 
scommission 21434 
scrap 21542 
sea 21492 21519 21541 21568 
seagate 21430 
seasonal 21542 
seasonally 21569 
seattle 21481 
seconds 21472 
secretary 21422 21443 21459 21477 21492 21501 21508 21512 21521 21532 21542 21556 
sector 21423 21525 
secure 21486 
securities 21408 21411 21422 21428 21483 21497 21545 21546 
security 21435 21467 21470 21563 
seek 21408 21419 21440 21459 21467 21486 
seeking 21419 21547 
seeks 21434 21515 21558 
sees 21535 21546 
sek 21491 21529 
selection 21547 
selective 21497 
sell 21407 21422 21503 21524 21545 
sell-off 21422 
seller 21486 
seller-buyer 21486 
selling 21422 21486 21498 21504 21533 21557 
semiconductors 21525 
semisubmersible 21541 
senate 21532 
sendi 21567 
seng 21559 
senior 21428 21542 21543 
sense 21486 
seoul 21473 
separate 21486 21541 
sept 21413 21415 21430 21455 21479 21488 
september 21411 21417 21469 21473 21486 21532 21557 21560 21565 
series 21411 
served 21461 
service 21449 21526 
services 21423 21427 21473 21561 
servicing 21449 
session 21499 21505 
set 21428 21458 21473 21486 21491 21493 21498 21533 
sets 21423 21461 21509 
setting 21475 21482 
settled 21536 
settlement 21558 
seven-year 21506 
seven-year-old 21563 
severely 21475 21492 
sgat.o 21430 
shabwa 21502 
shamrock 21454 21462 
share 21403 21404 21405 21412 21416 21427 21441 21448 21460 21469 21500 21503 21509 21528 21534 21538 21541 21544 21550 21552 21554 21571 
shareholder 21534 
shareholders 21417 21467 21493 21500 21509 21550 
shares 21404 21408 21411 21419 21421 21422 21429 21430 21466 21469 21476 21498 21500 21508 21509 21518 21520 21534 21545 21546 21550 21571 
sharfe 21491 
sharing 21407 
sharp 21422 21473 21535 21536 
sharply 21525 
shed 21508 
shi 21501 
shields 21422 
shillings 21449 
shinpan 21560 
shinpan-master 21560 
shintaro 21547 
ship 21443 21459 21475 21482 21485 21486 21492 21501 21506 21517 21523 21526 
shipments 21486 
shipped 21570 
shipping 21407 21443 21459 21475 21482 21484 21485 21486 21526 
ships 21475 
shooting 21498 
short 21477 21515 21521 21530 
short-covering 21542 
short-term 21512 21542 21556 21561 
shortage 21545 
shortfall 21500 21530 
shortly 21536 
show 21423 21536 21546 
showed 21519 21530 21546 21569 
shown 21557 21569 
shr 21405 21406 21412 21413 21414 21415 21416 21418 21420 21424 21425 21430 21431 21432 21435 21436 21437 21439 21441 21442 21446 21447 21448 21450 21451 21453 21455 21457 21460 21463 21464 21470 21471 21474 21479 21480 21488 21489 21490 21495 21551 21553 
shrinking 21525 
shrs 21412 21413 21414 21415 21435 21437 21441 21447 21448 21453 21460 21474 21479 21480 21488 21489 21490 
sides 21568 
sign 21546 
signed 21461 21522 21568 
significant 21408 21422 21569 
significantly 21459 
signs 21473 21522 
silkworm 21459 21492 21501 
similar 21486 21560 
simply 21422 21512 21556 
singapore 21522 
single 21486 21503 
sit 21422 21512 21556 
site 21443 21459 
sites 21443 
sitivene 21565 
situation 21422 21563 
six-year 21557 
size 21547 
slash 21486 
slashed 21525 
slated 21407 21486 
slaughter 21433 
slide 21422 21512 21556 
slightly 21486 21535 
sluggish 21486 
slump 21520 
small 21422 21459 21498 21534 
smaller 21422 
smoke 21475 
soaring 21473 
social 21423 21508 
societe 21422 
softly-spoken 21508 
software 21407 21438 21472 21488 
sogenal 21422 
sold 21438 21509 21542 21557 
solid 21461 
solita 21532 
solution 21514 
solve 21514 21561 
sort 21508 
sought 21534 21558 
sounded 21508 
soundly 21561 
source 21443 21459 21486 21566 
sources 21443 21475 21482 21484 21485 21486 21491 21507 21510 21513 21530 21539 21547 21567 
south 21473 21502 21513 21535 
south-africa 21535 
south-korea 21473 
southeast 21486 
southern 21443 21475 21482 21484 21485 21568 
southwest 21447 
soviet 21423 21502 21536 21568 
soya 21454 21462 
space 21514 
sparc 21438 
spc 21435 
speaking 21514 
special 21504 
specialty 21404 
specific 21542 
speech 21508 21561 
speed 21407 
speedboat 21475 
spending 21423 21525 
spin 21417 
spinning 21417 
spiralling 21475 
spirit 21512 21516 21521 21556 
split 21416 21437 21441 21480 
spokesman 21458 21498 21501 21507 21513 21517 21521 21530 21560 
sport 21500 
sportswear 21404 
spot 21417 21486 
spread 21523 
sprint 21504 
squabble 21542 
squeeze 21422 
stabilise 21422 21521 
stabilises 21422 
stability 21477 21508 21512 21556 
stabilize 21542 
stable 21486 
staged 21565 
stagnated 21525 
stake 21411 21466 
stalled 21491 
stand 21541 
standard 21426 21453 
standards 21547 
standby 21515 
standpoint 21557 
stank 21434 
starboard 21523 
start 21472 21502 21507 21536 21557 21566 21567 
started 21422 21566 
startling 21473 
starts 21566 
stat.ol 21541 
state 21423 21461 21486 21508 21524 21530 21536 
state-run 21514 
stated 21438 
statement 21498 21508 21509 21517 21522 21524 21534 21538 21541 21542 21546 21565 
statements 21422 21508 
states 21422 21459 21473 21501 21508 21517 21525 21546 
statfjord 21541 
stations 21498 
statistic 21536 
statistical 21530 
statistics 21519 21530 21532 21536 21562 21569 
statoil 21541 
statpipe 21541 
stats 21541 
status 21565 
statutory 21497 
steadfastly 21547 
steady 21535 
steel 21541 21569 
steer 21508 
steering 21547 
stem 21473 21539 
step 21422 21493 21536 21547 
steps 21422 
sterling 21515 
stg 21515 21534 
stimulate 21508 21542 21557 
stock 21403 21404 21408 21409 21411 21412 21444 21467 21480 21483 21498 21501 21509 21531 21533 21542 21552 21554 21557 21559 21564 
stocks 21422 21445 
stoltenberg 21508 
stood 21525 
storage 21443 21472 21557 
stored 21557 
strait 21486 
strategic 21525 
stream 21541 
street 21422 21445 
stressed 21423 
strike 21475 21492 21494 21501 
strikes 21473 21475 
striking 21509 
strong 21422 21491 21546 
stronger 21459 
strongly 21491 21525 
structure 21493 
structures 21502 
studies 21502 21525 21568 
study 21493 21539 
studying 21417 
sture 21541 
styles 21547 
subject 21404 21486 
submitted 21469 21510 
subordinated 21454 21462 21469 
subsidiaries 21417 21466 
subsidiary 21407 21411 21417 21461 21466 21541 
subsidy 21508 
substantially 21502 21567 
substitute 21486 
substructure 21541 
subsystem 21472 
succeed 21547 
succeeds 21493 
successor 21500 21510 21547 
suck 21508 
sugar 21493 21536 21565 
suggested 21407 21422 21486 
suggesting 21422 
suicide 21508 
suitable 21557 
summer 21486 21508 
sun 21407 21438 
sunday 21475 21492 21498 21501 21512 21542 21556 21567 
sunos 21438 
sunw.o 21407 21438 
supervisory 21500 
supplied 21486 
supplier 21486 
supplies 21486 
supply 21486 21508 21545 21567 21568 
supplying 21486 
support 21428 21467 21508 21547 
supports 21565 21567 
supreme 21423 
surcharge 21561 
surplus 21422 21473 21483 21525 21542 21545 
surveillance 21542 
survey 21502 21569 
suspended 21550 
suspends 21540 
suspension 21539 
sustain 21449 
suva 21565 
svenska 21541 
sw 21447 
swap 21568 
swb 21447 
swedish 21491 21529 
swiss 21422 21531 
switch 21508 
switzerland 21422 
symposium 21508 
syndicate 21566 
system 21426 21438 21461 21472 21483 21497 21502 
systems 21407 21438 21472 
tack 21508 
takeshita 21547 
taking 21509 21517 21536 21542 
talk 21486 21542 
talked 21508 
talks 21473 21486 21508 21514 21542 
talyzin 21423 
tan 21413 
tandem 21472 
tandy 21413 21432 
tank 21523 
tanker 21506 
tankers 21459 21563 
tap 21522 
tape 21549 
target 21530 
targeted 21473 
targets 21475 
tariffs 21507 21561 
tax 21415 21447 21455 21461 21508 21525 21561 
taxes 21525 21561 
tc 21419 
tdk 21549 21551 21553 
tdk.t 21549 21551 21553 
tdm 21472 
technetium-99m 21481 
technoexport 21502 
technology 21430 21438 
tehran 21517 21563 21568 
telecom 21550 
telecommunication 21550 21555 
telecommunications 21466 21550 
telegraph 21438 21545 
telelvision 21494 
telephone 21438 21466 21545 21550 21557 
television 21475 21492 21542 
telex 21419 21440 
telh.hk 21550 
temporarily 21491 
ten 21473 
tender 21404 21419 21421 21429 21515 
tendered 21404 
tension 21517 
term 21422 21454 21462 21477 21486 21508 21515 21521 21547 
terminal 21502 21541 
terminated 21477 
terms 21404 21469 21566 
territory 21466 
test 21404 21405 21406 21407 21408 21409 21410 21411 21412 21413 21414 21415 21416 21417 21418 21419 21420 21421 21422 21423 21424 21425 21426 21427 21428 21429 21430 21431 21432 21433 21434 21435 21436 21437 21438 21439 21440 21441 21442 21443 21444 21445 21446 21447 21448 21449 21450 21451 21452 21453 21454 21455 21456 21457 21458 21459 21460 21461 21462 21463 21464 21465 21466 21467 21468 21469 21470 21471 21472 21473 21474 21475 21476 21477 21478 21479 21480 21481 21482 21483 21484 21485 21486 21487 21488 21489 21490 21491 21492 21493 21494 21495 21496 21497 21498 21499 21500 21501 21502 21503 21504 21505 21506 21507 21508 21509 21510 21511 21512 21513 21514 21515 21516 21517 21518 21519 21520 21521 21522 21523 21524 21525 21526 21527 21528 21529 21530 21531 21532 21533 21534 21535 21536 21537 21538 21539 21540 21541 21542 21543 21544 21545 21546 21547 21548 21549 21550 21551 21552 21553 21554 21555 21556 21557 21558 21559 21560 21561 21562 21563 21564 21565 21566 21567 21568 21569 21570 21571 
tests 21557 
tex 21558 
texaco 21467 
texas 21413 21558 
thai 21493 21570 
thailand 21493 21570 
thema 21429 
thick 21516 
things 21508 
thought 21510 21561 
thousand 21568 
threat 21422 
three-for-two 21416 21480 
three-month 21491 
three-times 21407 
thriving 21491 
thursday 21508 21514 21539 21557 
tightening 21497 21512 21556 
tightens 21497 
timber 21525 
time 21408 21411 21422 21426 21469 21472 21502 21508 21516 21528 21541 21542 
times 21563 
timing 21426 
tin 21525 
tipped 21547 
tissue 21481 
tlx 21419 21440 
tnv 21490 
today 21404 21422 21433 21466 21475 21500 21542 21547 21557 
tokyo 21486 21507 21542 21545 21547 21549 21551 21553 21557 21560 21564 21566 
told 21423 21449 21477 21497 21498 21500 21506 21508 21532 21539 21542 21547 21557 21565 21566 21567 
tomorrow 21422 
tonne 21557 
tonnes 21423 21486 21523 21526 21530 21536 21557 21567 21570 
tons 21461 
tools 21423 
top 21508 
topic 21557 
tops 21407 
tops/dos 21407 
tops/macintosh 21407 
total 21408 21417 21423 21461 21497 21524 21541 21545 21549 21569 
totalled 21473 21562 
totalling 21524 21534 21541 
tougher 21473 
towed 21523 
toyo.t 21507 
toyota 21507 
toyota-designed 21507 
trade 21426 21473 21486 21493 21508 21516 21557 21562 
traded 21550 
trader 21486 21493 
traders 21433 21486 21493 21545 21557 21566 
trades 21426 21497 
trading 21426 21476 21493 21499 21539 21550 
traf.l 21503 
trafalgar 21503 
traffic 21516 
trail 21426 
transaction 21447 21454 
transactions 21408 
transfer 21449 21460 21510 
transition 21438 
transparent 21486 
travellers 21516 
trction 21462 
treasury 21422 21477 21491 21508 21512 21521 21542 21556 
trend 21422 
tricks 21508 
trigger 21473 
triggered 21422 
trinova 21490 21495 
trombetas 21526 
truck 21507 
tse 21564 
tuesday 21545 21547 
tugs 21526 
tulsa 21419 
turn 21561 21565 
turned 21508 21536 
turnover 21500 21503 
two-for-one 21441 
tx 21467 
txp 21472 
type= 21409 21410 21418 21420 21421 21424 21425 21427 21432 21439 21440 21442 21444 21445 21446 21450 21452 21456 21457 21463 21464 21465 21468 21470 21471 21476 21478 21484 21485 21494 21495 21496 21499 21505 21511 21518 21520 21527 21528 21531 21537 21540 21543 21544 21548 21552 21554 21555 21559 21564 
u.n. 21563 
u.s 21422 21443 21459 21465 21475 21492 21494 21500 21503 21508 21517 21535 21542 21563 
u.s. 21422 21443 21459 21473 21475 21477 21492 21500 21501 21503 21508 21512 21513 21517 21521 21542 21556 21558 21563 21566 21567 
u.s.-flagged 21459 21475 21492 21501 
u.s.-related 21563 
u.s.-west 21542 
uganda 21516 21567 
uganda-kenya 21516 
ugandan 21567 
uk 21503 21504 21515 21523 21526 21533 21534 21538 21542 
ular 21438 
unable 21449 
unadjusted 21569 
unavoidable 21561 
uncertain 21508 
uncertainty 21542 
unconditional 21538 
underground 21417 
understand 21557 
understood 21492 
underwriter 21428 
underwriting 21504 21515 21533 21566 
underwritten 21515 
undisguised 21542 
unemployed 21532 
unemployment 21525 
unfavourable 21546 
unflappable 21508 
unidentified 21443 21475 21482 21484 21485 
unified 21438 
unilateral 21486 
union 21422 21423 21502 21568 
unions 21508 
unipack 21567 
unisys 21418 
unit 21404 21411 21458 21513 21541 
united 21422 21459 21473 21501 21508 21517 21546 
units 21466 21503 21550 21555 
unity 21547 
universal 21510 
unix 21438 
unix-based 21407 
unlike 21542 
unloading 21526 
unocal 21541 
unprecedented 21469 
unprepared 21508 
unprofitable 21500 
unrest 21473 
unroasted 21567 
unstable 21525 
unsuccessful 21486 21526 21561 
unsuitable 21547 
upgraded 21407 
upgrades 21407 
uppermost 21557 
upping 21507 
upward 21422 21491 
urgently 21561 
urges 21561 
user 21407 
users 21407 21438 
ussr 21423 21536 21568 
utilisation 21515 
utility 21417 
uwe 21508 
va. 21489 
value-added 21561 
valued 21454 21462 
values 21524 
vancouver 21565 
variant 21438 
veg-oil 21497 
vegetable 21497 
vehicle 21571 
venezuela 21510 
venezuelan 21510 
venture 21458 21481 21487 21507 
verdal 21541 
verft 21541 
version 21407 21438 
versions 21407 
versus 21433 
veslefrikk 21541 
vessel 21523 21526 
vessels 21506 
victor 21547 
view 21488 21534 
viewed 21547 
views 21508 
village 21516 
villages 21536 
vinzenz 21500 
violent 21563 
virtue 21547 
visa 21560 
vision 21541 
visit 21486 21502 21568 
vista 21447 
vittorio 21438 
vlx 21472 
vodka 21536 
voiced 21422 
voicing 21508 
volcker 21422 
volkskas 21535 
volkswagen 21458 21507 
volkswagen-made 21507 
volume 21422 21486 21505 
volumes 21486 
voted 21508 
voting 21500 
vowg.f 21458 21507 
voyage 21526 
vulnerability 21486 
vw 21458 21507 
vying 21547 
wage 21532 
wah 21525 
wait 21422 21557 
wake 21486 
walking 21525 
wall 21422 21445 
wanb 21415 
wang 21415 21442 
wanted 21500 21542 
war 21486 21506 21508 21517 21539 21563 21568 
warehouses 21557 
warned 21422 21517 
warner 21411 
warning 21459 21508 
warns 21517 
warranted 21408 
warrants 21411 21550 
warships 21459 
wary 21557 
wash. 21451 
washington 21408 21411 21426 21428 21434 21443 21459 21475 21492 21501 21503 21508 21512 21521 21542 21556 21563 
waste 21461 
watch 21422 
water 21523 21532 21536 21541 
waters 21492 21501 21563 
waterway 21475 
wave 21422 21475 
wayne 21412 21469 
ways 21539 
wci 21411 
weak 21422 21546 
weather 21530 
wedd 21515 
wednesday 21539 
week 21419 21433 21473 21491 21493 21512 21513 21532 21539 21556 21557 21563 21566 21570 
weekend 21422 21497 21508 21512 21516 21521 21542 21556 
weekly 21570 
weeks 21477 
weighted 21509 
weinberger 21443 21459 21465 21492 21501 
well-head 21541 
wellington 21509 21561 21565 21569 21571 
wells-gardner 21406 
werner 21508 
west 21422 21458 21477 21500 21507 21508 21512 21521 21539 21541 21542 21556 
west-germany 21422 21458 21477 21500 21508 21512 21521 21542 
wga 21406 
white 21467 
widely 21438 21514 
widened 21562 
widens 21562 
widespread 21561 
wilfried 21491 21514 
wilhelm 21477 
williams 21515 
wing 21523 
wipe 21508 
wiped 21508 
wireless 21466 21550 21555 
wis. 21460 
withheld 21514 
withholding 21508 
witzel 21458 
wo 21565 
woes 21508 
wolfsburg 21458 
won 21473 21541 
woolowrth 21404 
woolworth 21404 
words 21508 
workers 21532 
working 21422 21536 21539 
world 21423 21473 21542 21567 
worried 21422 
worsen 21422 
worst 21508 21525 
worth 21413 21508 
write-once 21472 
writeoff 21453 
wrong 21422 
wyttenbach 21422 
xidex 21430 
xidx.o 21430 
yantai 21523 
yards 21541 
yasuhiro 21547 
year-ago 21519 21546 
year-end 21546 
year-on-year 21532 
years 21422 21438 21449 21486 21508 21515 21524 21525 21539 21546 21547 21550 
yemen 21502 
yemen-demo-republic 21502 
yen 21533 21542 21545 21551 21553 
yield 21504 21545 
yields 21530 
yonhap 21473 
york 21404 21422 21429 21437 21438 21461 21474 21557 
york-based 21408 
yuko 21547 
zealand 21509 21561 21565 21569 
zoete 21515 
zurich 21422 
