'll 12070 12092 
'n 12127 
're 12026 12047 
've 12026 12136 
****** 12008 12012 12018 12019 12032 12037 12065 12071 12096 12124 12139 12140 
-1.4-b 12123 
-2 12098 
-4t 12115 
-acqui 12094 
-begin 12103 
-completes 12028 12133 
-conv 12111 
-cuts-pe 12090 
-cuts-wa 12004 
-debt 12074 
-expe 12059 
-expects 12034 
-exte 12156 
-japan-chip-talk 12089 12107 
-offering-5 12082 
-offers-docume 12126 
-ra 12101 
-says 12058 
-says-ban 12148 
-sees-high 12116 
-st 12130 
-stock-ma 12021 
-three-mil 12056 
-to 12083 12159 
-u 12088 12093 
-un 12127 
-up-on-high 12050 
-wins-28 12086 
-ye 12005 12063 
-year-jan 12150 
/author 12002 12025 12026 12039 12143 12160 
0.10 12066 12072 
0.2125 12066 12072 
0.4 12158 
0009 12018 
0011 12012 12019 12124 
0012 12037 12065 12071 12140 
0013 12096 
0014 12032 
0015 12139 
0016 12008 
0022 12036 
0023 12128 
0024 12063 12119 
0030 12112 
0031 12014 12035 12064 12148 
0032 12102 
0033 12076 
0034 12067 12155 
0035 12024 
0036 12114 
0037 12004 12130 12131 
0038 12005 
0039 12001 
0042 12061 
0043 12010 12098 12125 
0044 12017 12150 
0045 12022 
0047 12153 
0049 12031 12077 12094 12115 
0050 12042 
0051 12103 12137 
0054 12045 12091 
0056 12030 12157 
0057 12043 
0058 12085 12099 
0060 12078 
0061 12079 12117 12154 
0062 12003 12090 
0064 12028 12057 12105 
0065 12081 
0066 12110 
0067 12126 12133 
0068 12100 12106 
0069 12149 
0070 12142 
0071 12093 
0075 12159 
0076 12033 12087 12101 12113 12151 
0077 12086 
0078 12060 
0080 12027 12095 12147 
0081 12069 
0082 12011 12040 
0083 12016 12075 12116 
0085 12023 12056 
0086 12082 
0087 12046 
0088 12051 12073 
0090 12007 12123 12144 
0091 12152 
0093 12015 
0095 12054 
0096 12034 12052 12127 
0097 12041 
0098 12038 12083 12088 12108 12136 12141 
0099 12029 12047 
0100 12109 
0101 12145 12160 
0102 12118 
0103 12009 12020 12021 12058 12120 12132 12135 
0104 12059 12097 
0105 12080 
0106 12062 12156 
0107 12122 12134 12143 
0108 12002 12013 12066 12070 12072 12084 12111 
0109 12050 12092 12121 12146 
0110 12049 12074 
0111 12006 12089 
0112 12039 12044 
0113 12025 12068 
0114 12026 12053 12104 12138 
0115 12048 
0117 12129 
0125 12055 
0135 12107 
0136 12158 
04-01 12001 12002 12003 12004 12005 12006 12007 12008 12009 12010 12011 12012 12013 12014 12015 12016 12017 12018 12019 12020 12021 12022 12023 12024 12025 12026 12027 12028 12029 12030 12031 12032 12033 12034 12035 12036 12037 12038 12039 12040 12041 12042 12043 12044 12045 12046 12047 12048 12049 12050 12051 12052 12053 12054 12055 12056 12057 12058 12059 12060 12061 12062 12063 12064 12065 12066 12067 12068 12069 12070 12071 12072 12073 12074 12075 12076 12077 12078 12079 12080 12081 12082 12083 12084 12085 12086 12087 12088 12089 12090 12091 12092 12093 12094 12095 12096 12097 12098 12099 12100 12101 12102 12103 12104 12105 12106 12107 12108 12109 12110 12111 12112 12113 12114 12115 12116 12117 12118 12119 12120 12121 12122 12123 12124 12125 12126 12127 12128 12129 12130 12131 12132 12133 12134 12135 12136 12137 12138 12139 12140 12141 12142 12143 12144 12145 12146 12147 12148 12149 12150 12151 12152 12153 12154 12155 12156 12157 12158 12159 12160 
1,000 12126 
1,068,905 12098 
1,100,000 12034 
1,113,000 12042 
1,150,000 12034 
1,255 12079 
1,285,000 12153 
1,349,077 12022 
1,430 12007 
1,440,000 12079 
1,500 12048 
1,526,359 12035 
1,610,286 12078 
1,833,766 12022 
1,869,000 12110 
1,913,000 12014 
1-1/8 12122 
1-3/4 12026 12050 
1-7/8 12026 
1-apr-1987 12001 12002 12003 12004 12005 12006 12007 12008 12009 12010 12011 12012 12013 12014 12015 12016 12017 12018 12019 12020 12021 12022 12023 12024 12025 12026 12027 12028 12029 12030 12031 12032 12033 12034 12035 12036 12037 12038 12039 12040 12041 12042 12043 12044 12045 12046 12047 12048 12049 12050 12051 12052 12053 12054 12055 12056 12057 12058 12059 12060 12061 12062 12063 12064 12065 12066 12067 12068 12069 12070 12071 12072 12073 12074 12075 12076 12077 12078 12079 12080 12081 12082 12083 12084 12085 12086 12087 12088 12089 12090 12091 12092 12093 12094 12095 12096 12097 12098 12099 12100 12101 12102 12103 12104 12105 12106 12107 12108 12109 12110 12111 12112 12113 12114 12115 12116 12117 12118 12119 12120 12121 12122 12123 12124 12125 12126 12127 12128 12129 12130 12131 12132 12133 12134 12135 12136 12137 12138 12139 12140 12141 12142 12143 12144 12145 12146 12147 12148 12149 12150 12151 12152 12153 12154 12155 12156 12157 12158 12159 12160 
1.08 12150 
1.1 12138 12150 
1.15-1.20 12050 
1.2 12005 12013 12083 
1.21 12115 12150 
1.25 12024 
1.3 12005 
1.375 12129 
1.4 12123 
1.5 12055 
1.57 12035 
1.60 12096 12121 
1.6040/50 12121 
1.636 12044 
1.70 12136 
1.75 12114 12118 
1.8 12055 
1.85 12085 
1.99 12033 
1/2 12026 
1/4 12026 12044 12054 
1/sept 12011 
10,000 12115 
10.1 12160 
10.8 12079 
10.875 12103 
100,534 12079 
101-1/2 12026 
101-5/8 12026 
103.72 12113 
1030 12152 
107,773 12098 
108.5 12115 
10th 12142 
11.5 12156 
110.52 12088 
111.70 12088 
1110 12104 
113.8 12115 
115.6 12044 
116,843 12061 
116.8 12110 
118.1 12085 
11:04:07.01 12001 
11:04:40.35 12002 
11:05:07.78 12003 
11:09:07.45 12004 
11:09:11.43 12005 
11:09:19.56 12006 
11:09:50.05 12007 
11:10:45.38 12008 
11:11:41.60 12009 
11:11:46.21 12010 
11:12:00.71 12011 
11:13:10.37 12012 
11:16:02.05 12013 
11:16:55.25 12014 
11:19:36.90 12015 
11:19:44.38 12016 
11:20:01.59 12017 
11:21:36.73 12018 
11:22:14.20 12019 
11:23:07.19 12020 
11:24:00.34 12021 
11:24:06.95 12022 
11:25:07.00 12023 
11:26:18.58 12024 
11:27:55.71 12025 
11:28:34.96 12026 
11:30:48.69 12027 
11:31:43.99 12028 
11:33:36.12 12029 
11:34:07.33 12030 
11:34:12.41 12031 
11:35:12.00 12032 
11:36:11.38 12033 
11:36:30.26 12034 
11:36:57.32 12035 
11:37:00.45 12036 
11:37:26.62 12037 
11:37:46.98 12038 
11:38:11.26 12039 
11:38:19.87 12040 
11:39:28.49 12041 
11:40:15.71 12042 
11:40:30.77 12043 
11:45:57.96 12044 
11:46:53.00 12045 
11:47:47.24 12046 
11:48:38.72 12047 
11:50:44.93 12048 
11:50:55.18 12049 
11:51:56.55 12050 
11:53:49.16 12051 
11:53:59.16 12052 
11:54:45.49 12053 
11:56:02.30 12054 
11:57:09.82 12055 
11:57:23.68 12056 
11:58:09.69 12057 
11:58:19.48 12058 
11:58:27.08 12059 
11:58:33.10 12060 
11:58:37.72 12061 
11:58:45.20 12062 
11:58:47.94 12063 
11:58:51.65 12064 
12,553 12023 
12-3/4 12088 
12-3/4s 12088 
12.1 12017 12149 
12.3 12061 
12.4 12160 
12.5 12013 12149 
12.6 12160 
12001 12001 
12002 12002 
12003 12003 
12004 12004 
12005 12005 
12006 12006 
12007 12007 
12008 12008 
12009 12009 
12010 12010 
12011 12011 
12012 12012 
12013 12013 
12014 12014 
12015 12015 
12016 12016 
12017 12017 
12018 12018 
12019 12019 
12020 12020 
12021 12021 
12022 12022 
12023 12023 
12024 12024 
12025 12025 
12026 12026 
12027 12027 
12028 12028 
12029 12029 
12030 12030 
12031 12031 
12032 12032 
12033 12033 
12034 12034 
12035 12035 
12036 12036 
12037 12037 
12038 12038 
12039 12039 
12040 12040 
12041 12041 
12042 12042 
12043 12043 
12044 12044 
12045 12045 
12046 12046 
12047 12047 
12048 12048 
12049 12049 
12050 12050 
12051 12051 
12052 12052 
12053 12053 
12054 12054 
12055 12055 
12056 12056 
12057 12057 
12058 12058 
12059 12059 
12060 12060 
12061 12061 
12062 12062 
12063 12063 
12064 12064 
12065 12065 
12066 12066 
12067 12067 
12068 12068 
12069 12069 
12070 12070 
12071 12071 
12072 12072 
12073 12073 
12074 12074 
12075 12075 
12076 12076 
12077 12077 
12078 12078 
12079 12079 
12080 12080 
12081 12081 
12082 12082 
12083 12083 
12084 12084 
12085 12085 
12086 12086 
12087 12087 
12088 12088 
12089 12089 
12090 12090 
12091 12091 
12092 12092 
12093 12093 
12094 12094 
12095 12095 
12096 12096 
12097 12097 
12098 12098 
12099 12099 
12100 12100 
12101 12101 
12102 12102 
12103 12103 
12104 12104 
12105 12105 
12106 12106 
12107 12107 
12108 12108 
12109 12109 
12110 12110 
12111 12111 
12112 12112 
12113 12113 
12114 12114 
12115 12115 
12116 12116 
12117 12117 
12118 12118 
12119 12119 
12120 12120 
12121 12121 
12122 12122 
12123 12123 
12124 12124 
12125 12125 
12126 12126 
12127 12127 
12128 12128 
12129 12129 
12130 12130 
12131 12131 
12132 12132 
12133 12133 
12134 12134 
12135 12135 
12136 12136 
12137 12137 
12138 12138 
12139 12139 
12140 12140 
12141 12141 
12142 12142 
12143 12143 
12144 12144 
12145 12145 
12146 12146 
12147 12147 
12148 12148 
12149 12149 
12150 12150 
12151 12151 
12152 12152 
12153 12153 
12154 12154 
12155 12155 
12156 12156 
12157 12157 
12158 12158 
12159 12159 
12160 12160 
124-150 12016 12040 
127,000 12063 
129,649 12098 
12:02:46.92 12065 
12:03:20.01 12066 
12:04:51.99 12067 
12:05:38.97 12068 
12:06:26.37 12069 
12:08:12.11 12070 
12:12:38.40 12071 
12:13:37.26 12072 
12:15:11.01 12073 
12:15:26.41 12074 
12:15:41.89 12075 
12:16:29.46 12076 
12:17:31.85 12077 
12:17:51.33 12078 
12:18:02.19 12079 
12:20:34.53 12080 
12:20:40.01 12081 
12:23:43.43 12082 
12:27:23.89 12083 
12:27:48.50 12084 
12:28:13.20 12085 
12:36:11.20 12086 
12:36:20.70 12087 
12:36:28.25 12088 
12:39:47.89 12089 
12:40:17.48 12090 
12:41:40.28 12091 
12:42:04.15 12092 
12:42:22.69 12093 
12:42:29.17 12094 
12:43:09.50 12095 
12:45:05.95 12096 
12:45:14.85 12097 
12:45:26.48 12098 
12:45:33.19 12099 
12:46:11.92 12100 
12:46:51.68 12101 
12:47:18.24 12102 
12:47:44.02 12103 
12:48:35.09 12104 
12:49:21.94 12105 
12:50:44.36 12106 
12:51:00.40 12107 
12:51:17.43 12108 
12:51:47.36 12109 
12:52:01.29 12110 
12:53:23.90 12111 
12:53:49.81 12112 
12:53:57.90 12113 
12:54:09.87 12114 
12:54:22.85 12115 
12:54:46.22 12116 
12:55:23.81 12117 
12:56:00.96 12118 
12:58:05.78 12119 
12:59:08.88 12120 
13,100,000 12085 
13-member 12122 
13.2 12149 
13.3 12091 
13.5 12149 
13.6 12091 
130.8 12104 
13:00:29.95 12121 
13:03:21.77 12122 
13:03:59.62 12123 
13:05:43.21 12124 
13:07:30.08 12125 
13:07:39.98 12126 
13:08:45.46 12127 
13:09:31.32 12128 
13:10:17.77 12129 
13:11:09.44 12130 
13:11:58.10 12131 
13:13:09.39 12132 
13:13:39.99 12133 
13:16:04.45 12134 
13:16:42.57 12135 
13:20:07.33 12136 
13:21:32.53 12137 
13:22:33.74 12138 
13:25:21.69 12139 
13:26:46.11 12140 
13:29:33.84 12141 
13:30:35.15 12142 
13:30:47.42 12143 
13:33:32.43 12144 
13:34:43.83 12145 
13:36:38.72 12146 
13:36:59.86 12147 
13:37:05.15 12148 
13:37:50.80 12149 
13:39:51.84 12150 
13:40:00.16 12151 
13:41:13.96 12152 
13:41:20.88 12153 
13:41:41.61 12154 
13:43:04.38 12155 
13:44:39.75 12156 
13:46:12.78 12157 
13:48:23.15 12158 
13:49:45.79 12159 
13:51:17.24 12160 
14-1/4 12026 
14.09 12017 
14.3 12149 
14.5 12133 
14.8 12053 12068 
140,000 12030 
140,980 12078 
143,325 12146 
143.8 12006 
144.70 12136 
147.50 12136 
15-dlr-per-tonne 12002 
15-year 12026 
15.1 12049 
151-349 12016 12040 
152.5 12085 
155,089 12098 
16,215 12023 
16,900,000 12085 
16-1/4 12044 
16.4 12059 
16.5 12021 
16.6 12059 
164,000 12115 
165.36 12138 
1650 12011 
168,100 12063 
17,818 12077 
17.0 12031 
17.3 12061 
17.4 12138 
17.7 12034 
174,562 12077 
178,000 12077 
18.1 12079 
18.4 12154 
18.5 12044 
18.50-dlr-a-share 12049 
18.75 12083 
19.0 12149 
19.2 12137 
19.4 12014 
19.7 12013 
19.9 12031 
194.40 12113 
1960s 12013 
1965 12013 
1970s 12013 
1982 12065 
1983 12013 
1984 12135 12158 
1985 12005 12013 12031 12033 12034 12056 12057 12059 12073 12077 12116 12135 12136 12153 12158 
1985/86 12160 
1986 12006 12013 12017 12021 12023 12031 12033 12034 12042 12044 12050 12059 12074 12077 12080 12085 12104 12109 12114 12116 12122 12127 12143 12149 12150 12151 12153 12158 
1986/87 12011 12160 
1987 12013 12034 12044 12050 12059 12109 12116 12118 12127 12134 
1987-89 12122 
1988 12013 12029 12062 12083 12118 12134 
1989 12011 12029 12118 12158 
1990 12105 12118 
1991 12105 12118 12142 
1997 12111 
1999 12108 
2,062,000 12110 
2,072,153 12079 
2,275,000 12031 
2,401,518 12098 
2,500 12021 
2,544,000 12079 
2,578 12012 12023 
2,661,000 12031 
2,673,141 12098 
2,748,280 12022 
2,807,400 12063 
2,887,000 12149 
2.0 12077 
2.11 12031 
2.14 12031 
2.2 12077 12124 12134 12160 
2.27 12059 
2.3 12055 12158 12160 
2.31 12149 
2.4 12160 
2.5 12118 
2.50 12149 
2.543 12044 
2.57 12059 
2.59 12085 
2.6 12055 12160 
2.65 12149 
2.7 12137 
2.9 12077 
2.90 12096 12121 
2.9210/45 12121 
20,000 12020 
20.0 12153 
20.2 12042 
20.3 12122 
200,000 12135 
2008 12088 
2009 12088 
2012 12108 
2017 12108 
209,906 12146 
21,390 12023 
21.4 12160 
21.5 12042 
22.4 12149 
22.6 12160 
22.9 12110 
225.9 12104 
23,000 12042 
23.7 12149 
24.2 12115 
240,000 12057 
25.1 12150 
25.2 12077 
26.8 12115 
268.9 12104 
269,000 12115 
27.1 12044 
27.7 12014 
274,951 12079 
28.5 12049 12077 
29.1 12033 
29.6 12127 
29.9 12160 
2nd 12042 12098 
3,031,091 12079 
3,042,900 12063 
3,200,000 12110 
3,299 12123 
3,315,834 12035 
3,321,000 12154 
3,400,000 12144 
3,466,000 12014 
3,500,000 12103 
3,512,000 12031 
3,865,000 12115 
3,963,000 12115 
3,995 12090 
3.1 12069 
3.14 12160 
3.15 12069 
3.2 12029 
3.25 12084 
3.38 12050 
3.5 12006 12048 12077 
3.7 12115 
3.9 12115 
30-123 12016 12040 
30-69 12016 
30-day 12111 
300,000 12052 12113 
301,000 12061 
302,745 12078 
31.8 12049 
310.8 12082 
315,000 12153 
32.7 12138 
33,654 12078 
338,000 12042 
34-mln-dlr 12127 
34.0 12127 
34.1 12154 
34.8 12033 
35.8 12061 
350-360 12016 12040 
359,699 12078 
36,400 12078 
36.3 12160 
360,000 12057 
37.2 12154 
37.6 12061 
38,100,000 12085 
388,536 12078 
39.4 12083 
392,428 12079 
3rd 12061 
4,002,000 12154 
4,040,000 12115 
4,666,104 12098 
4,695 12090 
4,795 12090 
4-3/8 12026 
4.1 12160 
4.20 12151 12154 
4.38 12149 
4.43 12033 
4.50 12033 12050 
4.71 12017 12151 12154 
4.72 12154 
4.88 12033 
40-1/4 12054 
40-year 12136 
40.1 12044 
404.3 12085 
41,400 12061 
41.0 12110 
41.1 12154 
41.5 12160 
42,654 12078 
42.0 12154 
43.2 12042 
43.69 12117 
43.8 12127 
44.05 12117 
44.3 12042 
46.3 12160 
46.8 12150 
49.8 12074 
490,000 12030 
492.1 12044 
495,000 12034 
4th 12022 12031 12077 12078 12079 12085 12110 12115 12149 12154 
5,000 12076 
5,100 12007 
5,147,000 12110 
5,321,000 12149 
5,386,000 12110 
5,495 12090 
5,922 12012 12023 
5,944,000 12031 
5-3/8 12054 
5.0 12077 
5.00 12016 12040 
5.5 12013 12033 12071 12082 
5.75 12084 
5.90 12040 
5.92 12016 
5.93 12016 12040 
5.96 12040 
5.97 12013 
5.98 12016 12040 
5/16 12066 12072 
50,000 12158 
500,000 12077 12082 
51.36 12117 
51.94 12117 
512,235 12078 
517-mln-dlr 12142 
526.3 12085 
53,700,000 12085 
54.9 12099 
56,801 12023 
56.50 12071 12082 
58,597 12023 
585,000 12153 
593.5 12044 
6,000 12076 
6,371,092 12079 
6,564,000 12137 
6.00 12010 
6.10 12010 
6.2 12158 
6.3 12156 
6.50 12050 
621,036 12078 
630,000 12030 
639,448 12061 
64.6 12033 
66.4 12033 
66.7 12116 
67.0 12024 
67.2 12017 12021 
69,831 12098 
699,037 12022 
7,276,517 12035 
7,788,000 12154 
7,823,000 12137 
7-1/2 12026 12101 12102 12112 12125 12131 12147 
7-3/4 12026 12101 12102 12112 12125 12131 12136 12147 
7.0 12080 
7.2 12080 12106 
7.3 12080 
7.4 12077 
7.5 12120 
7.7 12158 
7.8 12080 
7.9 12099 
7/8 12122 
70-88 12016 
70.8 12033 
73.5 12031 
74.1 12005 
741,000 12042 
763,071 12078 
79,395 12077 
8,032,798 12035 
8,647 12023 
8,680,000 12034 
8,758,000 12115 
8,974,355 12154 
8,991,184 12154 
8-1/2 12026 
8.16 12113 
8.69 12060 
8.75 12084 
81-3/4 12050 
81.22 12026 
84.8 12033 
845,000 12153 
880,000 12156 
89-123 12016 
9,000 12158 
9,168,522 12154 
9,283,000 12031 
9,560,000 12031 
9.6 12160 
9.9 12160 
91,980 12078 
91-company 12127 
91.6 12080 
93.2 12080 
93.6 12031 12080 
936,000 12115 
94.4 12005 
94.8 12080 
957,000 12110 
97,600 12078 
98.3 12110 
99.10 12011 
`` 12002 12006 12011 12013 12025 12026 12027 12038 12039 12041 12044 12047 12050 12054 12070 12073 12089 12092 12120 12121 12135 12136 12143 12145 12146 12158 
a-1 12074 
a-2 12074 
a-minus 12074 
a.g 12085 
a/s 12075 
abandoned 12002 
ability 12151 
abrams 12123 
abroad 12006 
accept 12011 
acceptance 12026 
accepted 12038 12041 12156 
accepting 12002 
access 12025 12052 12070 
accommodate 12142 
accompanying 12136 
accomplishments 12027 
accord 12011 12052 12122 12136 12145 
accordance 12127 
account 12097 
accountants 12021 12129 
accounting 12158 
accounts 12129 
accrued 12088 12113 
achieving 12136 
acq 12007 12018 12028 12032 12049 12053 12054 12068 12083 12087 12093 12094 12106 12127 12132 12133 12138 12139 12140 12146 12156 
acquire 12083 12087 
acquired 12005 12007 
acquires 12094 
acquisition 12015 12018 12028 12049 12053 12068 12093 12094 12133 12146 12156 12159 
acquisitions 12007 
acquring 12146 
acres 12007 
act 12025 12066 12072 12075 12097 
acting 12020 12066 12072 
action 12025 12028 12037 12039 12047 12125 12152 
actions 12101 12146 
actively 12158 
activities 12120 
activity 12026 12073 
adaptation 12116 
add 12007 12029 12082 12143 12158 
added 12013 12026 12044 12047 12074 12082 12089 12111 12118 12129 12136 12138 12145 12158 12160 
adding 12046 12082 12158 
addition 12002 12029 12034 12070 12090 12092 12158 
additional 12013 12055 12074 12082 12095 12118 12127 12142 
adds 12002 12007 
adjourned 12156 
adjust 12070 12092 
adjusted 12010 12016 12040 
adjustment 12159 
adjustments 12011 12077 
adjusts 12010 
adm 12081 
administering 12094 
administers 12159 
administration 12002 12027 12120 12143 12158 
administrative 12127 12152 
adopt 12146 
adopted 12011 
advance 12136 
advanced 12100 12105 12160 
advances 12066 12072 12116 
advertising 12116 
advised 12135 
advisers 12129 
advisors 12044 12146 
affadavit 12156 
affairs 12013 12025 
affect 12056 12159 
affected 12026 12160 
affiliate 12099 12150 
affiliation 12099 
affirmative 12038 12041 
afternoon 12011 
ag 12062 12084 
age 12085 
agency 12074 12104 12134 
agenda 12011 
agent 12066 12072 
aggravate 12047 
aggregate 12082 
aggregating 12141 
ago 12002 12021 
agree 12052 
agreed 12013 12087 12121 12122 12136 12143 
agreement 12011 12013 12052 12054 12055 12062 12070 12083 12087 12089 12107 12118 12122 12123 12132 12134 12136 12138 12145 12148 12159 
agreements 12013 12034 12118 12127 12136 12146 
agress 12087 
agricultural 12158 
agriculture 12002 12055 12143 12158 
ahead 12013 12129 
aides 12002 12143 
ailerons 12086 
aimed 12011 12020 12044 
aims 12048 
air 12018 12028 12054 12086 12104 12156 
aircraft 12086 12105 12143 
aircrafts 12105 
aires 12055 12160 
airline 12104 12105 
airport 12043 12143 
akzo 12062 
akzo.as 12062 
alaska 12066 12072 
alfred 12138 
alignment 12121 
alleging 12100 12141 
allen 12081 
alliance 12109 
allied 12015 
allocate 12011 
allocations 12011 
allowing 12146 
alloy 12046 
alter 12025 
alternatives 12140 12146 12156 
alto 12090 
am-chirac-1stld 12145 
am-sanctions 12143 
ambition 12025 
amended 12118 
america 12048 12099 
american 12012 12023 12031 12089 12093 12107 12109 12126 12130 12143 12148 12158 
ameritrust 12101 
amex 12130 
amo 12023 12109 
amount 12020 12026 12088 12097 12111 12159 
amounts 12022 
amtex 12095 
analyst 12050 12054 
analysts 12025 12050 12121 12136 12143 
androsch 12084 
anger 12025 12039 
announced 12006 12007 12053 12058 12068 12073 12089 12107 12118 12127 12142 12143 12148 12159 
announcement 12002 12159 
announcment 12002 
annual 12059 12109 12116 12146 12152 
annually 12158 
annum 12066 12072 
answering 12070 12092 
anti-japanese 12025 12039 
anticipate 12025 
anticipated 12077 12127 
anticipates 12034 12144 
anxious 12006 
aog 12031 
apparently 12136 
appeal 12138 
appeals 12028 
appeared 12002 
appears 12002 12009 
apples 12158 
application 12025 12097 12157 
applications 12043 12090 12132 
applied 12158 
applies 12091 
apply 12157 
approach 12158 
approaching 12011 
appropriated 12142 
appropriations 12027 12047 12070 12092 12120 
approval 12087 12122 12138 
approved 12002 12029 12120 12122 
approximate 12034 
approximately 12007 12034 
april 12001 12002 12003 12004 12005 12006 12007 12009 12010 12011 12013 12014 12015 12016 12017 12020 12021 12022 12023 12024 12025 12026 12027 12028 12029 12030 12031 12033 12034 12035 12036 12038 12039 12040 12041 12042 12043 12044 12045 12046 12047 12048 12049 12050 12051 12052 12053 12054 12055 12056 12057 12058 12059 12060 12061 12062 12063 12064 12066 12067 12068 12069 12070 12072 12073 12074 12075 12076 12077 12078 12079 12080 12081 12082 12083 12084 12085 12086 12087 12088 12089 12090 12091 12092 12093 12094 12095 12097 12098 12099 12100 12101 12102 12103 12104 12105 12106 12107 12108 12109 12110 12111 12112 12113 12114 12115 12116 12117 12118 12119 12120 12121 12122 12123 12125 12126 12127 12128 12129 12130 12131 12132 12133 12134 12135 12136 12137 12138 12139 12141 12142 12143 12144 12145 12146 12147 12148 12149 12150 12152 12153 12154 12155 12156 12157 12158 12159 12160 
april/june 12003 
april/may 12003 
arbitration 12110 
arby 12127 
arc 12050 
architectural 12132 
architecural 12132 
arco 12050 
area 12027 12135 12160 
areas 12083 12158 12160 
arenas 12053 12068 
argentina 12055 12070 12160 
argentine 12055 12160 
arisen 12143 
arising 12013 
ark. 12119 
arkadi 12053 12068 
army 12123 12142 
arnhem 12062 
arrange 12066 12072 
arranger 12066 12072 
arrive 12002 12009 
asked 12002 12025 12052 12122 12145 
assemblies 12095 
assets 12074 12093 12099 12129 12132 12141 12159 
assistance 12073 
associate 12158 
associates 12002 
association 12001 12097 
assurance 12006 12048 
assured 12052 
asu 12015 
atlanta 12028 
atlantic 12022 12050 
att 12126 
attack 12136 
attain 12048 
attempt 12025 12039 
attempting 12002 
attorneys 12156 
attributable 12127 12158 
attributed 12158 
attribution 12158 
audit 12034 12129 12151 
auditor 12034 
auditors 12151 
august 12136 
australia 12026 
australian 12026 
austria 12084 
austrian 12084 
author 12002 12025 12026 12029 12039 12143 12160 
authorise 12052 
authorities 12025 12039 12136 
authorized 12142 12146 
automaker 12023 
avco 12123 
average 12020 12050 12160 
averaged 12136 
avg 12078 12079 12154 
avoid 12047 12158 
awarded 12057 12086 
awarding 12142 
azpurua 12122 
baa-1 12134 
baa-2 12134 
baa-3 12134 
bac 12159 
back 12002 12025 12026 12069 12088 
backed 12011 12066 12072 
backlog 12132 
backs 12120 
bad 12158 
baker 12019 12027 12037 12047 12065 12070 12092 12120 12145 
balance 12013 12073 12156 
balanced 12013 
baldrige 12143 
baldwin 12030 
ball 12025 
bancorp 12094 12147 
bancshares 12102 
bank 12016 12020 12026 12038 12040 12041 12053 12066 12068 12070 12072 12073 12075 12084 12092 12093 12099 12101 12102 12112 12118 12131 12136 12147 12148 12155 12157 12159 
bank-lewiston 12099 
bank-wilmington 12091 
bankamerica 12159 
bankers 12101 
banking 12026 12084 12108 12120 
bankruptcy 12021 12104 
banks 12011 12013 12025 12026 12027 12038 12041 12070 12073 12084 12092 12093 12101 12122 12125 12129 12136 12145 12147 
barbara 12155 
barbier 12129 
barely 12011 
barnes 12059 
barrel 12050 
barter 12077 
base 12046 12082 12083 
based 12011 12013 12029 12050 12097 12117 
bases 12070 
basf 12062 
basf.f 12062 
basically 12026 
basis 12025 12026 12066 12072 
basking 12126 
battery 12087 12116 
battle 12123 12136 
bc- 12005 12014 12033 12150 
bc-******american-motors 12012 
bc-******conrac-says-it 12140 
bc-******delta-air-lines 12018 
bc-******hutton-lbo-exte 12139 
bc-******moody's-downgra 12124 
bc-******treasury's-bake 12019 12065 
bc-******u.s.-treasury 12037 
bc-******ual-inc-offerin 12071 
bc-/argentine-corn-sales 12055 
bc-/currency-interventio 12136 
bc-/deak-buys-johnson-ma 12068 
bc-/senate-upholds-reaga 12051 
bc-/shultz-ussr-trip-fue 12002 
bc-/trreasury's-baker-se 12047 
bc-/ual 12082 
bc-a-and-w-brands-files 12144 
bc-a.g.-edwards-inc- 12085 
bc-akzo-unit-concludes-l 12062 
bc-alaska-housing-financ 12066 12072 
bc-allied-supermarkets- 12015 
bc-american-motors 12109 
bc-american-motors- 12023 
bc-american-oil-and-gas 12031 
bc-arco- 12050 
bc-att- 12126 
bc-austrian-banks-divide 12084 
bc-baldwin-piano- 12030 
bc-bank-of-nova-scotia-t 12157 
bc-bankamerica- 12159 
bc-bankers-trust- 12101 
bc-barnes-group- 12059 
bc-bethlehem-steel- 12046 
bc-boatmen's-national-ba 12102 
bc-brazil-confirms-renew 12038 12041 
bc-british-sugar-sowings 12135 
bc-brokers-securities-in 12078 
bc-brown-group- 12074 
bc-callon-petroleum- 12151 
bc-callon-petroleum-co- 12154 
bc-canadian-tire-major-h 12138 
bc-cardis- 12034 
bc-centerre- 12094 
bc-central-and-south- 12113 
bc-chemical-fabrics- 12132 
bc-coffee-quotas-before 12011 
bc-coffee-talks-set-to-e 12152 
bc-conolog-corp- 12098 
bc-conrac 12146 
bc-convest-energy-partne 12149 
bc-county-savings-bank- 12155 
bc-crownamerica-inc- 12042 
bc-cyprus-lowers-copper 12024 
bc-cyprus-minerals- 12057 
bc-damson-oil- 12111 
bc-deak-international-bu 12053 
bc-delta- 12028 
bc-diamond-shamrock- 12044 
bc-diamond-star-motors-n 12095 
bc-dionics-inc- 12063 
bc-dollar-eurobonds-end 12026 
bc-e.f.hutton- 12156 
bc-ec-promised-u.s.-bulk 12052 
bc-ec-sugar-import-levie 12117 
bc-ehrlich-bober- 12130 
bc-equicor-sees-year-rev 12048 
bc-fhlbb-changes-short-t 12016 12040 
bc-finnair-to-buy-two-mc 12105 
bc-first-bank-systems- 12131 
bc-first-chicago- 12093 
bc-first-of-america- 12099 
bc-first-wisconsin-nat'l 12112 
bc-first-world-cheese-in 12079 
bc-freddie-mac-adjusts-s 12010 
bc-french-government-nam 12129 
bc-gac-liquidating-trust 12114 
bc-general-hydrocarbons 12141 
bc-gpu's- 12056 
bc-grumman- 12086 
bc-guardian-royal-sees-e 12006 
bc-heavy-rains-damage-ar 12160 
bc-homestead- 12103 
bc-horn/hardart- 12127 
bc-iif-executive-sees-in 12073 
bc-international-seaway 12153 
bc-j.c.-penney- 12083 
bc-japanese-crushers-buy 12076 
bc-kaines-confirms-white 12003 
bc-kraft- 12116 
bc-lawson-tells-panel 12096 
bc-lawson-wants-sterling 12121 
bc-louvem-plans-option-t 12069 
bc-luxtec- 12004 
bc-macandrews/forbes-uni 12032 12049 
bc-manufacturers-nationa 12091 
bc-michaels-stores- 12137 
bc-microdyne-corp- 12036 
bc-more-u.s.-banks-join 12147 
bc-morrison-knudsen- 12142 
bc-mountain-states-adds 12007 
bc-multibank-financial-c 12128 
bc-murphy-oil-corp- 12119 
bc-n'orleans-grain-ships 12081 
bc-nasd-denies-applicati 12097 
bc-national-distillers-a 12029 
bc-new-montreal-newspape 12020 
bc-new-venezuela-debt-in 12122 
bc-niagara-mohawk- 12134 
bc-packard- 12090 
bc-peripheral-systems- 12087 
bc-proposed-offerings 12108 
bc-provinsbanken-increas 12075 
bc-quantech- 12058 
bc-quantum-diagnostics- 12043 
bc-republic-savings-and 12001 
bc-restoration-of-coffee 12008 
bc-reynolds-and-reynolds 12100 
bc-roadway-motor-plazas 12061 
bc-s/p-upgrades-texas-ai 12104 
bc-shultz-ussr-trip-fuel 12009 
bc-sis- 12133 
bc-south-atlantic-financ 12022 
bc-starrett-housing-corp 12110 
bc-suntrust-banks- 12125 
bc-texas-eastern- 12088 
bc-textron's- 12123 
bc-tierco-group-inc- 12035 
bc-toshiba-could-be-firs 12025 12039 
bc-towle- 12021 
bc-towle-manufacturing-c 12017 
bc-treasury's-baker-back 12120 
bc-treasury's-baker-hope 12027 
bc-treasury's-baker-says 12070 
bc-u.s. 12089 12107 
bc-u.s.-farm-reorganizat 12158 
bc-u.s.-treasury-secreta 12092 
bc-unicorp-voting-stake 12106 
bc-united-cities- 12060 
bc-vms-strategic- 12045 
bc-walker-telecommunicat 12077 
bc-wall-street-stocks/pu 12054 
bc-waxman-industries-inc 12067 
bc-weatherford-int'l- 12118 
bc-webcor- 12148 
bc-winn-dixie-stores-inc 12064 
bc-wrather-corp- 12115 
bc-yugoslav-retail-price 12080 
bc-yugoslavia-wins-time 12013 
beach 12105 
bear 12145 
beba 12083 
bed 12029 
bedford 12067 
beds 12135 
beeba 12083 
beet 12135 
began 12013 12026 12049 12052 12103 
begin 12011 12089 12142 12152 12160 
beginning 12026 12111 
begins 12032 12049 12103 
belgium 12052 12117 
belgrade 12013 12080 
belief 12156 
believed 12136 
believes 12070 12092 12141 
belt 12002 
beneficiaries 12158 
benefit 12094 12159 
benefits 12048 12146 
bernard 12058 
bethlehem 12046 
bethpage 12086 
beverly 12034 12115 
bg 12074 
bid 12025 12026 12136 12138 12156 
bidding 12060 
bids 12002 
bigger 12025 12039 
biggest 12020 12084 
bilateral 12013 
bilion 12005 
bill 12051 12070 12120 
billes 12138 
billings 12141 
billion 12005 12013 12026 12029 12038 12041 12044 12048 12051 12099 12120 12122 12123 12124 12129 12134 12136 12143 12150 12158 12159 
birdair 12132 
biscuits 12127 
bit 12073 
bkrs 12078 
black 12044 12142 
blackburn 12044 
blair 12030 
bleak 12011 
blip 12027 
bloc 12013 
block 12138 12156 
blocked 12020 12138 
bloomington 12095 
blow 12013 
blow-out 12026 
bluewater 12095 
board 12011 12016 12029 12040 12052 12069 12084 12097 12146 12152 12155 12156 
boards 12087 
boat 12102 
boatmen 12102 
bober 12130 
boise 12142 
bojangle 12127 
bojangles 12127 
bojangles' 12127 
bolstering 12136 
bond 12026 
bonds 12060 12111 12118 12134 
bonus 12002 
boone 12044 
boosted 12136 
bordering 12160 
bordua 12020 
borrower 12066 12072 
borrowing 12013 12082 
borrowings 12021 
boston 12017 12021 12144 
boti 12026 
bought 12076 12136 
bound 12136 
bow 12025 12039 
boxes 12123 
bpao 12030 
bradley 12070 
branch 12066 12072 
brands 12144 
braod 12083 
brasilia 12038 12041 
brazil 12011 12038 12041 12070 12092 
brazil's 12011 12013 12070 12092 
brazilian 12038 12041 
breaking 12143 
breathing 12013 
brian 12158 
briefly 12152 
bringing 12038 12041 
britain 12025 12039 12143 
british 12025 12039 12135 
broaden 12082 
broader 12002 
broadly 12073 
broke 12070 12092 
brokerage 12025 
brokers 12003 12078 
brothers 12066 12072 12075 
brown 12074 
brussels 12052 12117 
bs 12046 
bt 12101 
bty.l 12025 
buenos 12055 12160 
build 12011 12086 
building 12143 
buildings 12142 
bulk 12052 
bundesbank 12084 
bunge 12081 
bur 12108 
bureau 12160 
burger 12127 
burlingame 12103 
burlington 12108 
burnham 12015 12103 
business 12006 12021 12025 12039 12044 12066 12072 12074 12076 12090 12132 
businesses 12142 
buy 12028 12032 12069 12076 12083 12087 12088 12105 12133 
buyer 12026 
buyer-incentive 12109 
buyers 12109 
buying 12002 12136 
buyout 12005 12054 12140 12146 
buys 12053 12068 12093 
bv 12062 
byrd 12051 
c-17 12086 
cable 12025 12039 
cabv.vi 12084 
caisse 12026 
calculated 12097 12111 
calendar 12006 
calif 12105 
calif. 12034 12090 12103 12115 12155 
california 12158 
call 12146 
called 12051 12084 
calling 12143 
callon 12151 12154 
calls 12025 12039 12070 12083 12084 12087 
canada 12020 12069 12076 12106 12136 12138 12150 12157 
canadian 12026 12060 12076 12138 
cancel 12143 
canceled 12021 
cancellation 12021 
canton 12005 
cap 12158 
capacity 12029 12135 
capital 12013 12066 12072 12075 12082 12097 12103 12108 12116 12129 12136 
caps 12158 
car 12012 12023 
caracas 12122 
carbon 12046 
card 12091 
cardis 12034 
cargill 12081 
cargoes 12003 
carolina 12051 
carpets 12095 
carryforward 12115 
cars 12023 
carter 12136 
case 12025 12026 12039 12097 12143 
cases 12156 
cash 12045 12049 12082 12114 12118 12127 12141 12146 12158 
casualty 12025 12039 
cathode 12024 
caught 12136 
caused 12160 
cautioned 12104 
cautiously 12047 
cawl.l 12025 12039 
cax 12146 
cc 12104 
ccc 12104 
ccf 12129 
cds 12034 
cent 12143 
center 12027 12101 
centerre 12094 
central 12038 12041 12113 12136 
centre 12025 
centred 12026 
cents 12011 12024 
cep 12149 
certificates 12104 
chaco 12160 
chairman 12025 12049 12058 12156 12158 
chance 12070 12136 12152 
chancellor 12025 12121 
chances 12011 
change 12002 12073 12104 12136 12143 12146 12158 
chapter 12017 12021 
characterization 12070 12092 
charge 12126 12127 
charges 12100 12126 12134 
charles 12044 12081 
chase 12026 12101 12147 
cheaper 12002 12084 
cheese 12079 12116 
chemical 12029 12132 12147 
cherokee 12109 
chicago 12045 12082 12093 
chicken 12127 
chief 12013 12044 12053 12058 12068 12136 
chiefs 12084 
chile 12070 
china 12002 
chip 12089 12107 12143 
chips 12143 
chirac 12145 
choice 12109 
choosing 12111 
chortling 12002 
chosen 12129 
christopher 12026 
chrysler 12095 
cif 12003 
cincinnati 12030 
circuit 12028 
circulation 12020 
circumstances 12002 
circumvent 12158 
cited 12070 12092 12104 12116 12134 12156 
citibank 12026 12101 12136 
citicorp 12147 
cities 12060 
city 12007 12025 12035 12148 
claimed 12002 
claims 12007 12021 12110 12141 
class 12004 12067 12103 12106 12138 
classes 12146 
clause 12052 
clayton 12089 12107 12143 
clear 12002 12025 
cleveland 12153 
cln 12151 
clnp 12151 12154 
close 12002 12013 12145 
club 12013 
cmf 12132 
cmfb 12132 
cnlg 12098 
co-dealers 12075 
co-underwriters 12015 
coal 12057 
coarse 12160 
coast 12029 
code 12021 12104 
coffee 12008 12011 12152 
coincide 12136 
colback 12062 
collapse 12011 
colombia 12011 
column 12095 
comanche 12109 
combination 12109 12123 12127 
combined 12002 12093 
comfortably 12050 
coming 12006 
comment 12052 12054 12062 12143 
commented 12026 
comments 12070 12092 12143 
commerce 12143 
commercial 12013 12038 12041 12070 12073 12074 12084 12092 12129 12134 12145 
commerical 12070 12092 
commission 12015 12052 12108 12134 12138 12144 12146 
commitment 12066 12072 
committee 12013 12073 12120 12121 12122 12156 12158 
commodities 12053 12068 
common 12004 12021 12030 12049 12071 12082 12103 12111 12130 12134 12138 12144 12146 12156 12157 
community 12052 12070 12092 
company 12001 12007 12015 12017 12021 12024 12025 12029 12034 12039 12044 12045 12046 12048 12049 12050 12053 12056 12057 12058 12059 12060 12068 12069 12074 12083 12086 12087 12090 12095 12100 12111 12116 12118 12125 12127 12134 12137 12138 12141 12142 12144 12146 12151 12156 
company's 12034 12048 
company-owned 12127 
compared 12023 12026 12084 12151 
compares 12135 
competition 12025 12104 
competitively 12002 
competitor 12025 
complaining 12145 
complaints 12013 
complementary 12136 
complete 12152 
completed 12028 12034 12093 12094 12099 12118 12132 12133 12159 
completes 12018 12028 12133 
completion 12029 12142 
compliance 12143 
comply 12143 
components 12143 
composite 12046 
compounded 12116 
comprehensive 12070 12092 
computer 12090 
computers 12143 
concac 12146 
concentrate 12121 
concept 12070 
concern 12021 12135 12151 12158 
conclude 12034 
concluded 12062 
concludes 12062 
conditional 12011 
conditions 12135 12145 
conference 12006 12084 
confident 12002 
confidential 12146 
confirmed 12003 12038 12041 
confirming 12038 12041 
confirms 12003 12038 12041 
congress 12142 12158 
congressional 12002 12142 
conn. 12022 12059 
connection 12077 
conolog 12098 
conrac 12140 12146 
consensus 12136 
considerably 12070 12092 
consideration 12025 
considered 12025 12136 
considers 12146 
consist 12007 12141 
consists 12127 
consolidated 12118 12129 
constructing 12029 
construction 12060 12095 12142 
constructors 12142 
consultancy 12152 
consultant 12058 
consultants 12011 
consultations 12011 
consumer 12011 12116 12152 12159 
consumers 12011 
contact 12002 
content 12136 
contention 12002 
contination 12021 
continental 12081 
continuation 12146 
continue 12002 12083 12118 12143 12151 12158 12159 12160 
continued 12002 12116 12148 12151 
continues 12142 
continuing 12013 12034 12059 
continuue 12075 
contract 12057 12086 12123 12142 
contracted 12135 
contracts 12142 
contradictory 12143 
contrast 12136 
contributed 12158 
control 12043 12086 12134 12136 12138 12146 
controlling 12002 12138 
controls 12013 12048 12158 
controversial 12002 
conventional 12002 
conversion 12111 
convert 12111 
convertible 12026 12108 12111 
converts 12111 
convest 12149 
convinced 12002 12044 
cooperate 12132 
coordinating 12013 
coordinator 12066 12072 
copies 12020 
copper 12024 
coral 12114 
cordoba 12160 
corn 12002 12009 12052 12055 12160 
corning 12132 
corp's 12091 
corporate 12025 12082 12136 
corporation 12066 12072 
corporations 12048 12158 
correction 12026 
corrientes 12160 
cos 12015 
cost 12013 12080 12134 12158 
cost-settlement 12134 
costly 12158 
costs 12077 12080 12090 12118 12127 12143 12158 
council 12011 12121 12152 
counselor 12055 
countered 12044 
counties 12158 
countries 12002 12009 12052 12070 12073 12084 12145 12152 
country 12013 12070 12092 12122 12142 12143 12160 
country's 12122 
county 12155 12158 
coupled 12002 
coupon 12026 
courier 12054 12156 
coursed 12002 12009 
court 12028 12100 12138 12156 
covenants 12148 
cover 12050 
coverage 12134 
covering 12015 
covers 12095 
cpi 12080 
created 12048 12083 
creation 12158 
creations 12083 
credibility 12136 12158 
credit 12020 12021 12033 12034 12038 12041 12066 12070 12072 12084 12104 12106 12118 12129 12136 
creditanstalt 12084 
creditanstalt-bankverein 12084 
creditor 12013 12020 12122 12148 
creditors 12013 12038 12041 
credits 12077 
creditwatch 12104 
crisis 12013 12070 12092 
criteria 12011 
criticism 12002 
crn 12042 
crna 12042 
crop 12011 12135 12160 
cropland 12158 
crops 12158 12160 
crowley 12158 
crown 12026 
crownamerica 12042 
crucial 12002 12136 
crushers 12076 
cs 12113 
csba 12155 
csr 12113 
ct 12067 
ctbc 12094 
ctc 12138 
cumulative 12158 
curbs 12143 
currencies 12026 12121 
currency 12013 12053 12068 12117 12136 12145 
current 12011 12025 12034 12039 12055 12060 12083 12132 
customary 12002 12009 
customer 12104 
customers 12084 12159 
cut 12021 12056 12070 12084 12090 12127 12134 12143 12147 
cuts 12004 12090 12147 
cypm 12057 
cyprus 12024 12057 
d-kan. 12158 
d-n.j. 12070 
daily 12020 
dal 12028 
dallas 12113 
dalton 12042 
dam 12111 
damage 12011 12160 
damaged 12160 
damaging 12025 12039 
dampen 12002 
dampness 12160 
damson 12111 
dan 12158 
danish 12026 12075 
danske 12026 
data 12025 12039 
dated 12026 12055 
dates 12026 
david 12058 12138 12142 
day 12010 12011 12026 12028 12066 12072 12136 12156 
days 12002 12010 12016 12038 12040 12041 12047 12066 12072 12075 12084 12135 12136 12160 
dayton 12100 
de 12129 12160 
deadline 12038 12041 
deadlines 12038 12041 
deak 12053 12068 
deak's 12053 12068 
deal 12002 12009 12013 12026 12028 12062 
dealer 12026 12075 12138 
dealers 12011 12026 12066 12072 12097 12136 12138 
dealing 12070 
deals 12026 
dean 12050 
debate 12011 12152 
debentures 12015 12021 12088 12108 
debt 12011 12013 12015 12020 12033 12038 12041 12060 12065 12070 12073 12074 12092 12104 12118 12122 12124 12134 12144 12145 12151 
debtor 12070 
debtors 12070 12092 
debts 12013 12145 
dec 12031 12033 12035 12118 
decade 12136 
december 12005 12013 12069 12118 12159 
decide 12025 
decided 12002 
decision 12002 12009 12025 12044 12097 12134 12138 12143 12146 
decisions 12025 
declared 12114 12155 
decline 12013 12027 12047 12074 12136 
declined 12020 12044 12062 12073 
declines 12073 
declining 12073 
decreasing 12024 
dedham 12128 
deep 12143 
default 12118 12148 
defeat 12146 
defensive 12146 
deferred 12118 
deficiencies 12141 
deficit 12047 12136 
definite 12013 12121 
definitive 12159 
delaware 12062 
delay 12089 12107 12134 12143 
delayed 12141 12160 
delaying 12143 
delays 12134 
delcared 12045 
delegate 12011 
delegates 12008 12011 12152 
delegation 12013 
deleted 12146 
delighted 12135 
delivered 12105 
delivery 12055 
delta 12018 12028 
demanded 12148 
demands 12011 12148 
democrat 12051 
democratic 12051 
demonstrating 12011 
den 12026 
denatured 12117 
denial 12100 
denied 12097 12156 
denies 12097 
denmark 12075 
density 12029 
denver 12024 12057 
deny 12025 
department 12002 12025 12039 12055 12143 12158 
depends 12070 
deposit 12026 12075 12084 12097 
depositors 12084 
deposits 12056 
depreciation 12136 
deputy 12013 12089 12107 
der 12084 
deregulation 12025 
des 12026 
deserves 12158 
design 12086 
design-engineering 12132 
designed 12136 
designees 12146 
designing 12094 
destrehan 12081 
detailed 12025 
detailing 12122 
details 12062 
determination 12145 
determine 12158 
determined 12011 12145 
detroit 12091 12100 
develop 12006 12086 
developed 12043 
development 12025 12073 12087 12116 12121 12132 
developments 12025 12039 
devices 12043 
dia 12044 
diagnostic 12043 
diagnostics 12043 
dialogue 12011 
diamond 12044 
diamond-star 12095 
differences 12070 12092 
difficulty 12084 
dilson 12038 12041 
diluted 12021 
dilution 12021 
dimishing 12160 
dion 12063 
dionics 12063 
dipped 12026 
dire 12013 
direct 12052 12066 12070 12072 12092 
direction 12136 
director 12002 12006 12058 12073 12084 12158 
directors 12058 12069 12146 12156 
disadvantaged 12142 
disagree 12070 12092 
disappointment 12011 
discarded 12011 
disclaimed 12021 
disclosed 12048 12094 12105 12127 
disclosure 12121 
discontinuance 12077 
discontinue 12132 
discontinued 12033 12034 12077 12115 
discord 12136 
discount 12010 12015 12016 12040 12084 
discuss 12152 
discussed 12146 
discussion 12011 12152 12156 
discussions 12013 
dismissed 12143 
displace 12055 
disposal 12077 12115 
disposed 12127 
disposes 12127 
disposition 12127 
dispute 12025 12039 12143 
disputes 12143 
disqualifications 12097 
distillers 12029 
distributed 12020 12085 
distribution 12011 12114 12141 
distributor 12132 
div 12001 12036 12064 12067 12119 12128 
divided 12011 12084 
dividend 12001 12022 12045 12050 12119 12155 
dividends 12113 
division 12029 12062 12077 12127 12132 12142 12159 
divisions 12034 
dlr 12004 12011 12026 12033 12034 12035 12050 12051 12054 12066 12072 12077 12086 12109 12114 12120 12122 12123 12127 12136 12143 12145 12146 12150 12156 12158 
dlr-a-share 12050 
dlr/shr 12139 
docuforum 12126 
document 12126 
documents 12126 
dollar 12026 12136 12145 
dollar-buying 12136 
dollars 12122 12136 
dominant 12073 
donaldson 12015 
doomed 12136 
door 12002 
dorado 12119 
dormant 12002 
double 12048 12136 
douglas 12086 12105 
dow 12132 
downgraded 12074 12134 
downgrades 12124 
downward 12013 
dr 12029 
drag 12006 
dramatic 12013 
drawings 12066 12072 
drexel 12015 12103 
drill 12135 
drilled 12135 
drilling 12118 12135 
drive 12136 
drop 12047 12084 12122 
dropped 12084 
drum 12142 
dti 12025 12039 
dual 12111 
duct 12095 
due 12013 12056 12088 12108 12111 12118 12127 12135 12145 12151 12160 
dugdale 12006 
dumping 12143 
dylex 12150 
dylex-ltd 12150 
e.f 12054 12156 
e.f. 12156 
e.f.hutton 12156 
eaf 12054 12156 
earlier 12002 12006 12011 12021 12025 12028 12039 12044 12047 12136 12137 12151 12152 
early 12011 12029 12083 12088 12134 12142 12143 
earn 12001 12005 12014 12017 12022 12031 12033 12035 12036 12042 12044 12045 12048 12050 12059 12061 12063 12064 12067 12077 12078 12079 12085 12098 12110 12114 12115 12119 12128 12149 12150 12153 12154 12155 12159 
earned 12050 
earnings 12013 12044 12050 12085 
earth 12007 12160 
easier 12025 12026 12082 
easter 12137 
eastern 12088 12104 
easy 12025 12136 
eb 12130 
eby 12142 
ec 12052 12117 
economic 12013 12025 12027 12038 12041 12070 12084 12092 12121 12136 
economist 12013 12136 
economists 12013 
economy 12013 12025 12070 12092 
ecu 12117 
edged 12026 
edible-oil 12116 
educations 12020 
edwards 12085 
eep 12002 12009 
effect 12089 12122 12143 12146 
effective 12024 12045 12046 12101 12102 12112 12117 12125 12147 
effectively 12011 
effectiveness 12158 
effects 12025 
effort 12013 
efforts 12074 12158 
efh 12156 
ehrlich 12130 
el 12119 
elaborating 12158 
elect 12146 
election 12025 
electric 12030 12113 12143 
electricity 12056 
electrmagnetic 12043 
electrolytic 12024 
electronic 12143 
electronically 12126 
electronics 12025 12039 12058 12148 
elevator 12081 
elevators 12081 12086 
elgin 12093 
eligibility 12148 
eliminate 12118 
elmo 12081 
embarrassed 12002 
embassies 12013 
emerald 12057 
emerge 12013 
emergency 12011 12089 12107 
emery 12054 12156 
emotional 12013 
emphasis 12116 
emphasize 12044 
employee 12048 12159 
employees 12021 
encore 12109 
encouragement 12145 
end 12002 12011 12013 12021 12023 12026 12152 12156 
end-1988 12013 
ended 12014 12026 12031 12033 12034 12035 12042 12051 12083 12143 
ending 12026 
endorsed 12122 
ends 12025 12055 
energy 12149 
engaged 12158 
engine 12034 
engineering 12029 
engineers 12142 
engines 12123 
england 12053 12068 
enhanced 12013 
enhancement 12002 
enhancing 12109 
enjoined 12097 
enka 12062 
ensure 12158 
enter 12025 12039 
entered 12146 
enterprises 12106 
entities 12158 
entity 12156 
entre 12160 
envisage 12145 
equal 12135 
equally 12048 
equicor 12048 
equipment 12025 12039 12104 12116 12118 
equitable 12048 
equity 12026 12031 12048 12082 12083 12134 12138 
equivalent 12025 
era 12136 
eroded 12074 
erste 12084 
escrow 12141 
est 12156 
establish 12083 
establishment 12083 
estimate 12050 12136 12158 
estimated 12003 12136 12160 
estimates 12050 12160 
estmates 12050 
eugene 12050 
euro-certificates 12075 
euro-commercial 12066 12072 12075 
euro-cp 12066 12072 12075 
eurobond 12026 
eurobonds 12026 12134 
eurodollar 12026 
euronotes 12066 12072 
european 12006 12026 12052 12084 12117 
evaluating 12148 
evanston 12093 
ever-growing 12136 
evidence 12158 
exceed 12050 
exceeding 12013 12059 
exception 12038 12041 
excess 12034 12048 12066 12072 
excessive 12013 12160 
exchange 12006 12015 12025 12044 12073 12077 12087 12097 12108 12121 12130 12144 12145 12146 12148 12152 12157 
exchequer 12025 12121 
excluded 12138 
excludes 12017 12033 12110 12150 12153 
excluding 12127 
executive 12011 12025 12044 12053 12058 12068 12073 12152 
executives 12044 12146 
exercise 12004 12069 
existing 12029 12106 12118 
expand 12002 12006 12053 12068 
expanding 12029 
expansion 12006 12029 12034 
expect 12089 12143 
expectations 12050 
expected 12013 12029 12059 12116 12138 12142 12144 12157 
expecting 12044 
expects 12034 12044 12059 12082 12116 12118 
expenditures 12116 
expenses 12050 12127 
experienced 12026 12047 
experts 12136 
expiration 12139 12156 
expired 12038 12041 12054 12109 
expires 12011 
expiring 12138 
exploration 12044 
explore 12146 
explored 12146 
exploring 12146 
export 12002 12008 12011 12013 12052 12076 12136 12152 
exportable 12011 
exporters 12002 
exports 12025 12052 12089 12143 
exposure 12073 12118 
express 12156 
extend 12038 12041 12122 12138 
extended 12038 12041 12118 12138 12156 
extending 12109 12138 
extends 12109 12139 12156 
extension 12034 12038 12041 
external 12011 
extraordinary 12025 12039 12078 12110 12150 12153 
extremely 12002 
f1288 12001 
f1292 12002 
f1295 12003 
f1325 12004 
f1326 12005 
f1327 12006 
f1330 12007 
f1333 12008 
f1337 12009 
f1338 12010 
f1340 12011 
f1346 12012 
f1350 12013 
f1353 12014 
f1358 12015 
f1359 12016 
f1361 12017 
f1366 12018 
f1370 12019 
f1371 12020 
f1377 12021 
f1378 12022 
f1381 12023 
f1385 12024 
f1393 12025 
f1395 12026 
f1401 12027 
f1403 12028 
f1412 12029 
f1417 12030 
f1418 12031 
f1425 12032 
f1433 12033 
f1435 12034 
f1439 12035 
f1440 12036 
f1442 12037 
f1443 12038 
f1446 12039 
f1447 12040 
f1452 12041 
f1457 12042 
f1458 12043 
f1471 12044 
f1474 12045 
f1479 12046 
f1482 12047 
f1490 12048 
f1491 12049 
f1494 12050 
f1505 12051 
f1506 12052 
f1511 12053 
f1516 12054 
f1518 12055 
f1519 12056 
f1524 12057 
f1525 12058 
f1526 12059 
f1527 12060 
f1528 12061 
f1529 12062 
f1530 12063 
f1531 12064 
f1546 12065 
f1549 12066 
f1558 12067 
f1562 12068 
f1569 12069 
f1577 12070 
f1595 12071 
f1601 12072 
f1610 12073 
f1611 12074 
f1612 12075 
f1618 12076 
f1627 12077 
f1630 12078 
f1632 12079 
f1638 12080 
f1639 12081 
f1648 12082 
f1652 12083 
f1653 12084 
f1654 12085 
f1683 12086 
f1684 12087 
f1685 12088 
f1691 12089 
f1692 12090 
f1696 12091 
f1698 12092 
f1701 12093 
f1702 12094 
f1706 12095 
f1711 12096 
f1712 12097 
f1714 12098 
f1715 12099 
f1716 12100 
f1717 12101 
f1720 12102 
f1721 12103 
f1724 12104 
f1726 12105 
f1729 12106 
f1730 12107 
f1731 12108 
f1733 12109 
f1734 12110 
f1739 12111 
f1741 12112 
f1742 12113 
f1743 12114 
f1745 12115 
f1746 12116 
f1748 12117 
f1750 12118 
f1760 12119 
f1765 12120 
f1766 12121 
f1778 12122 
f1784 12123 
f1796 12124 
f1811 12125 
f1813 12126 
f1815 12127 
f1818 12128 
f1821 12129 
f1824 12130 
f1827 12131 
f1831 12132 
f1833 12133 
f1837 12134 
f1838 12135 
f1846 12136 
f1850 12137 
f1855 12138 
f1861 12139 
f1868 12140 
f1874 12141 
f1878 12142 
f1879 12143 
f1896 12144 
f1903 12145 
f1911 12146 
f1912 12147 
f1913 12148 
f1915 12149 
f1920 12150 
f1921 12151 
f1923 12152 
f1924 12153 
f1925 12154 
f1930 12155 
f1932 12156 
f1934 12157 
f1938 12158 
f1941 12159 
f1943 12160 
fab 12099 
fabk 12099 
fabrication 12132 
fabrics 12132 
face 12021 
facilities 12066 12072 
facility 12029 12066 12072 
facsimile 12025 12039 
fact 12026 
factors 12013 
fail 12136 
failed 12013 12097 12136 12148 
failure 12011 12136 
fair 12143 
fairly 12026 
fall 12025 12084 12136 12145 
fallen 12013 12084 
falling 12013 12136 12137 
falls 12023 
fargo 12159 
farm 12002 12009 12158 
farmers 12135 12158 
farming 12158 
farmland 12158 
favor 12002 
favourable 12052 
favoured 12011 
fbs 12131 
fdx 12156 
fe 12160 
fear 12136 
fears 12011 
feb 12042 12085 
february 12002 12009 12014 12020 12054 12080 12083 12122 12129 12136 12145 12156 
fed 12136 
federal 12010 12016 12040 12080 12100 12120 12156 12158 
fee 12066 12072 
feedgrains 12158 
feel 12025 12039 
feels 12136 
fees 12026 12126 
fell 12011 12137 
fhlbb 12016 12040 
fiberglas 12132 
fiberglass 12132 
fibre 12062 
fibres 12062 
field 12055 
fight 12025 12039 12100 
figures 12013 12059 12080 12115 
file 12100 
filed 12015 12021 12030 12097 12100 12108 12144 
files 12015 12030 12144 
filing 12146 
final 12025 12123 12146 
finalized 12123 
finance 12013 12015 12026 12038 12041 12053 12066 12068 12072 12073 12088 12122 12129 
financial 12013 12021 12022 12025 12048 12062 12070 12092 12103 12128 12130 12134 12136 12145 12146 12151 
financing 12020 12025 12049 12074 12109 12158 
finished 12121 
finland 12105 
finnair 12105 
firm 12026 12053 12060 12068 12097 
firmer 12026 
firms 12025 12039 12143 
fiscal 12034 12127 
fitzwater 12143 
five-year 12026 12116 12123 
fix 12052 
fixed 12011 12134 12138 
fla. 12036 12064 12114 
fleet 12123 
flexibility 12134 
flight 12086 
floating 12026 12066 12072 
flooding 12160 
floor 12095 
florida 12125 12127 
flow 12127 12136 
fluid 12029 
fnb 12093 
focus 12097 
focused 12152 
folds 12020 
follow 12013 12147 
foodservice 12127 
foray 12136 
forbes 12049 
force 12011 12086 
forced 12011 12025 
forceful 12136 
forces 12136 
forecast 12135 12160 
forecasting 12073 
forecasts 12084 12160 
foreign 12013 12025 12038 12039 12041 12053 12065 12068 12070 12073 12074 12092 12118 12121 12136 12143 12145 12158 
foreign-owned 12158 
forgiveness 12070 
forgotten 12002 
formal 12011 
formation 12007 12158 
formosa 12160 
forseeable 12074 
forthcoming 12156 
forum 12121 
foster 12136 
found 12097 12158 
four-mln-tonne 12002 
four-year 12026 12074 
fourth 12020 12157 
france 12026 12129 12145 
frances 12129 
franchise 12133 
franchisor 12133 
francisco 12066 12072 12159 
francoise 12136 
francs 12129 
frank 12156 
freddie 12010 
freestanding 12083 
freight 12054 
french 12129 12145 
french-language 12020 
freres 12108 
fresh 12160 
frictions 12143 
friday 12020 12089 12107 12143 
frieght 12156 
fritz 12002 
front 12002 
frost 12011 
frustration 12143 
fslic 12120 
fso 12080 
ft 12142 
fuels 12002 12009 
full 12001 12031 
funaro 12038 12041 
fund 12060 12073 12108 12141 12145 
fundamental 12073 
fundamentals 12136 
funding 12051 
funds 12082 
futility 12136 
future 12074 12104 12118 12146 
futures 12011 
fwb 12112 
fwch 12079 
ga. 12042 
gables 12114 
gac 12114 
gactz 12114 
gain 12017 12033 12077 12115 12150 12153 12159 
gaining 12074 
gains 12078 
gao 12158 
gap 12084 
garden 12148 
gary 12089 
gas 12029 12031 12060 12123 12149 
gave 12145 
gazette 12020 
ge 12030 
gear 12123 
gen 12129 
general 12002 12011 12021 12025 12026 12030 12056 12082 12084 12127 12141 12158 
generale 12129 
generate 12050 12070 
generates 12118 
generators 12056 
genossenschaftliche 12084 
geoffrion 12014 
geoffrion-leclerc-in 12014 
george 12002 12009 
georgia 12125 
german 12084 
germany 12062 
gesture 12136 
ginsberg 12058 
girozentrale 12084 
girv.vi 12084 
give 12025 12039 12044 12121 12145 
giving 12133 
glass 12132 
glenview 12116 
glickman 12158 
global 12011 12038 12041 12073 12136 
glw 12132 
gmac 12026 
gmt 12152 
gold 12017 
golden 12146 
goldfarb 12058 
goldman 12129 12156 
good 12070 12092 12135 12158 
goodison 12025 
goods 12047 12143 
governing 12143 
government 12013 12025 12039 12121 12129 12158 
governors 12097 
gpu 12056 
gq 12081 12086 
gradually 12136 
graf 12146 
grain 12002 12009 12052 12055 12081 12160 
grains 12160 
grand 12097 
granted 12043 
granting 12028 12146 
graves 12002 
great 12013 
greater 12050 12116 12136 
grex.l 12006 
grey 12026 
gross 12013 
grossman 12156 
grounds 12002 
group 12006 12011 12025 12032 12035 12039 12048 12049 12059 12073 12074 12103 12108 12127 12136 12138 12144 12156 
grove 12081 
grow 12059 
growing 12011 
growmark 12081 
grown 12013 12084 12136 
growth 12013 12059 12070 12084 
grumman 12086 
gta 12109 
guarantee 12052 
guaranteed 12026 12052 
guaranty 12026 
guardian 12006 
guatemala 12011 
guidance 12143 
gulf 12029 
guranteed 12026 
guy 12129 
half 12073 12084 12111 
half-hearted 12136 
hambros 12026 
hand 12025 12039 
hannes 12084 
hans 12084 
happen 12025 
happy 12025 
hard 12002 12013 
hardart 12127 
harold 12058 
hartford 12059 
harvest 12160 
harvesting 12160 
haumer 12084 
hauppauge 12043 12077 
haute 12081 
hca 12048 
head 12084 12136 
hear 12011 12156 
hearing 12156 
hearings 12089 
heart 12002 
heated 12013 
heavy 12006 12136 12160 
hecht 12058 
hectares 12135 12160 
heights 12067 12094 
held 12002 12009 12049 12089 12107 12111 12118 
hellmuth 12084 
heminghaus 12044 
hemminghaus 12044 
henry 12058 
hewlett-packard 12090 
hfl 12103 
high 12029 12136 
high-strength 12046 
higher 12044 12050 12059 12074 12080 12116 
highly 12121 
highway 12051 
hike 12131 
hiked 12106 
hikes 12026 12112 
hills 12034 12115 
hinge 12146 
hinted 12013 12143 
hired 12156 
hit 12025 12160 
hoenemeyer 12156 
hold 12011 12089 12107 12136 12143 
holder 12111 12146 
holders 12106 12138 12146 
holding 12141 
holdings 12005 12007 12138 
holds 12138 
holmes 12089 
home 12010 12016 12040 12143 
homestead 12103 
hope 12027 12070 12092 
hoped 12070 12092 12143 
hopes 12019 12027 
hor 12127 
horn 12127 
horn/hardart 12127 
horst 12073 
hospital 12048 
hour 12126 
hours 12011 12101 
house 12002 12026 12027 12047 12070 12092 12120 12143 12158 
houses 12025 
housewives 12002 
housing 12066 12072 12110 
houston 12031 12118 12149 
howard 12025 
hp 12090 
humidity 12160 
hunt 12142 
hurry 12011 
hurt 12084 12146 
hutton 12054 12139 12156 
hwp 12090 
hydrocarbons 12141 
ibj 12026 
ico 12008 12011 12152 
ico-coffee 12008 12011 12152 
idaho 12142 
idea 12011 12143 
identified 12002 
ii 12142 
iif 12073 
ill 12095 
ill. 12095 12116 
imaginative 12158 
imaging 12043 
imbalances 12136 
imf 12013 12073 12145 
immediately 12024 12052 12101 12102 12105 12125 12147 
imminent 12002 
impact 12083 12118 
impair 12134 
impending 12002 12009 
imperative 12070 12092 
implications 12104 
import 12052 12117 
importance 12136 
important 12121 
imports 12052 12143 
impose 12143 
imposed 12143 
imposing 12143 
imposition 12047 
impossible 12136 12158 
impress 12136 
improve 12059 12074 12158 
improved 12044 12065 12070 12092 
improvement 12136 
in-service 12134 
inaccurate 12097 
inaccurately 12097 
inadequate 12120 12146 
inc. 12097 
incapable 12038 12041 
incentive 12109 
incentives 12109 
incident 12145 
include 12002 12007 12031 12070 12115 12143 12146 
includes 12049 12077 12078 12080 12123 12127 12133 12142 12149 
including 12030 12101 12127 12143 12146 12156 
income 12034 12059 12083 12115 
incomes 12013 12020 
inconsistently 12158 
incorporates 12066 12072 
incorrectly 12158 
increase 12026 12027 12029 12070 12073 12092 12116 12143 12159 
increased 12006 12046 12050 12074 12075 12080 12087 12091 
increases 12019 12026 12046 12075 12134 
increasing 12044 
incurred 12127 
indebtedness 12013 
indefinite 12038 12041 
indenture 12111 
independent 12021 12083 
india 12003 
indicators 12070 
individual 12158 
individuals 12158 
industrial 12062 12118 12132 12136 
industrialised 12121 
industries 12005 12067 12108 12136 12146 
industry 12002 12025 12039 12048 12089 12107 12121 
inflation 12013 12084 
information 12025 12039 
infrastructure 12142 
initial 12045 12048 12123 12144 12156 
initially 12055 12082 
initiative 12070 
injunction 12028 
ins 12153 
installation 12132 
installed 12123 
instantly 12136 
institute 12073 
institutional 12044 12159 
institutions 12025 12060 
instructed 12146 
instruments 12082 
insufficient 12084 
insurance 12006 12011 12118 12120 12146 12156 
int'l 12118 
integral 12143 
intended 12121 
intense 12160 
intensity 12002 12009 
intent 12083 
intention 12143 
interbank 12066 12072 
interest 12010 12013 12016 12019 12021 12026 12027 12040 12044 12066 12070 12072 12073 12083 12084 12088 12091 12092 12101 12102 12111 12112 12118 12121 12122 12125 12131 12136 12147 12158 
interested 12011 12055 12156 
interfere 12056 
interim 12011 12058 12073 
interlink 12156 
international 12002 12011 12013 12025 12026 12039 12053 12066 12068 12072 12073 12075 12082 12089 12090 12107 12118 12133 12145 12152 12153 
interpreted 12002 12047 
interpreting 12158 
intervened 12136 
intervention 12052 12121 12136 
inventories 12074 12118 
inventory 12077 
invest 12082 
invested 12116 
investigation 12158 
investment 12013 12026 12031 
investments 12030 
investors 12020 12044 12134 
invoking 12136 
involve 12158 
involved 12026 12097 
involvement 12087 
involves 12127 
iranian 12110 
iron-steel 12046 
ironically 12026 
irving 12137 
island 12056 
issuance 12066 12072 
issue 12025 12026 12039 12060 12066 12072 12075 12082 12084 12088 12106 12143 12150 
issued 12026 12028 
issuer-set 12066 12072 
issues 12026 12034 12134 12145 
item 12153 
iv 12146 
j.c 12083 
jack 12058 
jacksonville 12064 12127 
jacques 12145 
james 12027 12047 12070 12092 12120 12145 
james-baker 12019 12027 12037 12047 12065 12070 12092 12120 12145 
jan 12005 12034 12061 12098 12118 12150 
janez 12013 
january 12013 12052 12080 12084 
japan 12025 12026 12037 12039 12047 12076 12089 12107 12136 12143 12157 
japan's 12143 
japanese 12025 12039 12047 12076 12089 12107 12143 
jcp 12083 
jean-pierre 12020 
jeep 12023 12109 
jenrette 12015 
jeopardized 12158 
jim 12136 
jimmy 12136 
job 12050 
johnson 12053 12068 
join 12147 
joined 12136 
joint 12073 12132 12136 12142 12158 
joint-venture 12095 
joseph 12146 
judge 12156 
july 12046 
jumped 12050 12054 
june 12004 12036 12055 12064 12114 12119 
june-august 12011 
junior 12083 
justice 12028 12156 
justified 12084 
k.a 12097 
kaines 12003 
kalamazoo 12099 
karl 12084 
keen 12025 12039 
key 12025 12039 12121 12136 
kidder 12108 
kilos 12117 
kinds 12047 
king 12127 
kirk 12097 
klauhs 12084 
knapp 12097 
know-how 12062 
kommerzialbank 12084 
kra 12116 
kraft 12116 
kuhlmann 12053 12068 
kuroda 12089 12107 
l.p. 12088 
la 12160 
lack 12011 
lake 12007 
lambert 12015 12103 
lance 12017 
land 12045 
large 12038 12041 12135 12158 
large-scale 12145 
largest 12135 12142 12157 
las 12127 
last-minute 12002 
late 12056 12136 12143 
latest 12101 
launched 12020 12026 
lawmakers 12047 
lawson 12025 12096 12121 
lazard 12108 
lbo 12054 12139 12156 
le 12020 
lead 12013 12021 12026 12030 12066 12072 
leader 12051 
leaders 12002 
leading 12011 12025 12101 12129 
leaps 12136 
lease 12007 12127 
leaves 12025 
leaving 12011 
leclerc 12014 
led 12002 12026 12108 
left 12002 12134 
legal 12025 12039 12146 
legislate 12047 
legislation 12047 12158 
lehman 12075 
lenders 12034 12118 
lending 12060 12084 12101 12147 
leonard 12058 
letter 12073 12083 
level 12002 12009 12121 12158 
levelling 12073 
levels 12136 
leveraged 12005 12146 
levies 12052 12117 
levittown 12058 
lewis 12156 
lewiston 12099 
liberalised 12025 12039 
liberalization 12136 
libor 12066 12070 12072 12122 
libres 12160 
licence 12062 
licences 12025 
liens 12141 
life 12006 12048 
lifts 12091 
limit 12143 12158 
limitation 12158 
limitations 12143 
limited 12026 12053 12056 12068 12158 
limits 12121 12136 12158 
line 12021 12084 
linear 12029 
lines 12018 12020 12025 12028 12034 12038 12039 12041 12104 12106 12118 
linked 12026 
lip 12136 
liquidating 12114 
list 12002 12129 
listed 12146 
listing 12148 12157 
live 12002 
lived 12143 
living 12080 
load 12081 
loading 12081 
loan 12001 12010 12016 12034 12040 12118 12120 12148 
loans 12118 
local 12011 
located 12007 12097 
locations 12029 
lof 12055 
lombard 12084 
london 12003 12006 12011 12025 12026 12039 12053 12066 12068 12072 12075 12121 12135 12136 12152 
london-based 12003 
long 12105 12158 
long-range 12105 
longer 12020 12026 12136 
looked 12011 
loophole-closing 12120 
los 12160 
loss 12017 12021 12031 12033 12034 12035 12044 12077 12078 12079 12115 12127 12149 12151 12154 
losses 12006 12118 12127 
lost 12021 12025 12039 12044 12104 12136 
lot 12136 12145 
louis 12085 12094 12102 12147 
louvem 12069 
low 12029 12136 
low-alloy 12046 
low-interest 12109 
lower 12055 12070 12084 12090 12092 12122 12136 12160 
lowered 12074 12090 12160 
lowering 12084 
lowers 12024 
lows 12011 
lse 12025 
lufkin 12015 
luis 12160 
luxt 12004 
luxtec 12004 
lycoming 12123 
lynch 12066 12072 12075 12082 12103 
lyonnais 12066 12072 12136 
m1 12123 
mac 12010 
macandrews 12049 
macandrews/forbes 12032 12049 
machine 12025 12039 
machines 12090 
made 12002 12013 12049 12082 12084 12087 12118 12136 12141 12146 12158 12160 
magnitude 12047 
main 12013 12025 12123 12147 
maintain 12002 12097 
maize 12052 12160 
major 12011 12013 12025 12027 12069 12083 12121 12136 12138 12158 
majority 12038 12041 12051 12127 12146 
make 12011 12025 12136 12138 12148 
making 12070 12082 12092 12156 12160 
makoto 12089 12107 
malcolm 12143 
manage 12083 
managed 12026 12066 12072 12103 12144 
management 12044 
manager 12026 
managers 12020 
managing 12006 12073 
manhattan 12026 12101 12147 12156 
manner 12158 
manuel 12122 12160 
manufacturers 12091 12093 
manufacturing 12017 12021 12090 12118 
margaret 12025 12039 
margin 12044 12066 12072 12122 
margins 12044 12084 
marine 12136 12147 
marines 12123 
mark 12146 
market 12002 12009 12011 12025 12026 12039 12044 12047 12052 12066 12072 12074 12121 12136 12143 12152 
marketing 12002 12044 12083 
markets 12002 12006 12009 12025 12066 12072 12073 12075 12082 12103 12121 12127 12136 12143 
marketshare 12048 
marks 12096 12121 12136 
marlin 12143 
martha 12138 
martin 12142 
maryland 12094 
marysville 12095 
mass 12051 
mass. 12004 12005 12021 12128 
massive 12038 12041 12136 
mastercard 12091 
match 12026 12116 
material 12090 12118 
materials 12132 
matin 12020 
matters 12152 
matthey 12053 12068 
maturities 12013 12066 12072 12075 
maturity 12010 12016 12040 
mcdonald 12030 
mcdonalds 12026 
mcdonnell 12086 12105 
mcdy 12036 
md 12086 12105 
md-11 12105 
mdd 12030 
means 12002 
meant 12121 
meantime 12152 
measure 12002 12013 
medical 12043 
medium-term 12134 
meet 12011 12089 12107 12152 
meeting 12011 12059 12073 12121 12143 12146 12152 12156 
meetings 12044 12089 12107 12146 
meets 12011 
megawatts 12056 
melrose 12093 
member 12052 12097 12156 
members 12146 12158 
memory 12143 
mentioned 12156 
mercantile 12147 
merchandise 12083 
merchandising 12083 
merchants 12093 
mercury 12025 
merger 12087 
mergers 12156 
merit 12100 12141 
merrill 12066 12072 12075 12082 12103 
mesmerized 12136 
met 12011 12152 
metals 12053 12068 
methods 12136 
mewrrimack 12132 
mexican 12118 
mexico 12070 12092 
mich 12097 12099 
mich. 12023 12095 12099 12109 
michael 12025 12089 12107 12136 
michaels 12137 
michigan 12099 
microdyne 12036 
mid 12029 12144 
mid-1982 12070 12092 
middle 12002 12025 12039 
middletown 12056 
midland 12136 12147 
midnight 12038 12041 12156 
midst 12070 
midwest 12029 
midwestern 12133 
mikulic 12013 
mild 12026 
mile 12056 12134 
mill 12046 
milos 12013 
milosavljevic 12013 
milwaukee 12001 12112 
minds 12143 
mine 12057 
mineral 12056 
minerals 12007 12024 12057 
miniere 12069 
minimum 12126 
mining 12007 
minister 12013 12025 12038 12039 12041 12122 12145 
ministers 12013 
ministry 12038 12041 12089 12107 12129 
minneaplois 12131 
minneapolis 12131 
minories 12053 12068 
mis-match 12026 
misappropriation 12100 
misiones 12160 
miss. 12151 12154 
mississippi 12081 
miti 12089 12107 
mitsubishi 12095 
mixture 12121 
mke 12137 
mks 12121 
mlns 12034 
mltf 12128 
mm 12160 
mntl 12091 
mo. 12094 
model 12090 
models 12090 12109 
moderately 12094 
modern 12143 
modernization 12029 
modestly 12059 
modules 12123 
mohawk 12057 12124 12134 
mohawk's 12134 
moment 12084 
momentum 12136 
monday 12047 12089 12107 12136 12156 
monetary 12073 12136 12145 
money 12027 12082 12101 
money-fx 12121 12136 12145 
monitoring 12013 
monopoly 12052 
mont. 12141 
montana 12141 
montgomery 12144 
month 12002 12009 12011 12013 12023 12031 12044 12122 12134 12142 12158 
monthly 12026 12064 12126 
months 12011 12013 12025 12031 12038 12041 12048 12061 12066 12072 12083 12118 12143 
montreal 12014 12020 
montreal's 12020 
moody 12124 12134 
moratorium 12070 12092 
morgan 12026 12082 
morning 12028 
morrison-knudsen 12142 
mortgage 12010 12060 12111 12134 
mortgages 12066 12072 
moscow 12002 12009 
moscow's 12002 12009 
motor 12061 
motors 12012 12023 12026 12095 12109 12143 
mountain 12007 12142 
move 12025 12039 12047 12082 12084 12090 12101 12143 12152 
movement 12025 12039 
moves 12026 12047 12146 
mr. 12145 
mrn 12142 
mthly 12064 
mths 12014 12042 12098 
mtp 12141 
mulling 12140 
multi-year 12013 
multibank 12128 
multiples 12044 
municipality 12066 12072 
mur 12119 
murphy 12119 
myrtle 12081 
n't 12047 12136 12145 
n. 12058 
n.a 12147 
n.h. 12132 
n.j. 12079 12098 12126 
n.y. 12043 12058 12061 12063 12077 12086 12142 12144 12148 
na 12101 
named 12015 12025 12052 12058 12095 12129 
names 12095 12129 
nasd 12097 
nasdaq 12045 12097 12130 
nashville 12048 
nat'l 12112 
natchez 12151 12154 
national 12029 12084 12091 12093 12097 12102 12105 12112 12121 
nationale 12026 
nations 12013 12070 12121 
nationwide 12048 
natural 12149 
necessitating 12013 
needed 12051 12136 12156 
negative 12025 
negotiate 12011 
negotiating 12070 
negotiations 12011 12034 12070 12092 12143 12151 
negotiators 12089 12107 12143 
nelson 12002 
net 12005 12014 12022 12031 12033 12034 12035 12042 12059 12061 12063 12077 12078 12079 12082 12083 12085 12097 12098 12110 12115 12149 12150 12153 12154 
netherlands 12062 
nev. 12127 
newpark 12033 
newpark-resources-in 12033 
news 12006 12026 12084 
newspaper 12020 
newspaper's 12020 
niagara 12057 12124 12134 
nicholas 12025 
nigel 12025 12121 
nil 12077 12079 
ninth 12028 
nmk 12057 12134 
no-fee 12091 
nomura 12026 12157 
non-core 12118 
non-denatured 12117 
non-ferrous 12053 12068 
non-nuclear 12056 
non-voting 12138 
non-woven 12062 
nonetheless 12002 
norfolk 12078 
north 12051 12093 
northeast 12160 
northern 12160 
notably 12160 
note 12001 12005 12014 12016 12017 12022 12026 12031 12033 12040 12042 12078 12085 12110 12114 12115 12149 12150 12153 
note:1986 12077 
noted 12011 12026 12052 12066 12070 12072 12084 12092 12104 12134 12137 12143 
notes 12010 12016 12040 12066 12072 12108 12134 
notice 12025 12039 
nov 12031 
nova 12157 
nowak 12050 
nucell 12087 
nuclear 12087 12134 
number 12070 12092 12158 
nv 12062 
o'b 12142 
o'connor 12028 
o'donnell 12146 
o'neill 12136 
objective 12011 
obligations 12148 
observers 12002 12011 
obtain 12138 
oc 12132 
ocala 12036 
occur 12136 12141 12157 
ocf 12132 
oct 12011 
october 12008 12011 12048 12105 12122 12127 
odc 12132 
odd 12026 
oesterreichische 12084 
oesterreichischen 12084 
offer 12002 12009 12015 12032 12044 12049 12054 12069 12138 12139 12146 12156 
offered 12044 12052 12066 12069 12072 12082 12126 
offering 12002 12015 12030 12071 12082 12103 12108 12129 12144 
offerings 12015 12108 
offers 12126 12156 
office 12025 12027 12080 12158 
officer 12044 12053 12058 12068 
officers 12146 
offices 12158 
official 12013 12025 12026 12039 12052 12089 12107 12136 12143 
officials 12002 12009 12013 12025 12038 12039 12041 12089 12107 12143 12158 
offset 12074 
oftel 12025 
ohio 12067 12095 12100 12101 12133 12153 
oil 12013 12031 12050 12111 12118 12119 12122 12149 
oilds 12011 
oilseed 12002 12076 12160 
oklahoma 12035 
on-line 12126 
one-and-a-half 12146 
one-quarter 12127 
one-third 12146 
one-time 12126 
ongoing 12082 
ontario 12138 
open 12002 12011 12025 12039 12136 12143 
opened 12143 
oper 12005 12017 12033 12110 12153 
operates 12133 
operating 12017 12025 12034 12044 12058 12115 12127 
operation 12044 12056 12115 12158 
operations 12011 12020 12021 12031 12033 12034 12048 12053 12059 12068 12077 12115 12118 12136 12151 12158 
operator 12003 
opinion 12021 12034 12151 
opportunity 12002 
opposed 12084 
opposes 12120 
opposition 12084 
optimism 12038 12041 
option 12069 
options 12105 12146 12148 
orange 12079 
order 12158 
ore. 12087 
organ 12030 
organization 12011 12083 12152 
orgnaization 12073 
original 12075 
orlando 12127 
orleans 12033 12081 
osaka 12143 
outcome 12051 
outlook 12025 12073 
output 12012 12023 12056 12143 
outstanding 12021 12050 12087 12088 12113 12156 
overallotments 12082 
overcoming 12084 
overhaul 12011 
overly 12047 
overnight 12028 12070 12076 
override 12051 
overseas 12082 
overstated 12141 
owens 12132 
owned 12032 12048 12049 12095 12127 12134 12156 
owners 12158 
ownership 12158 
owns 12069 12093 12158 
pa. 12046 12056 
package 12156 
packaging 12116 
packard 12090 
pact 12066 12072 12138 12143 12145 
paid 12021 12106 12113 
pale 12084 
palo 12090 
pampa 12160 
panel 12047 12096 12120 
paper 12020 12026 12066 12072 12074 12075 12134 
paper's 12020 
par 12026 12113 
parachutes 12146 
parent 12005 
paris 12013 12121 12129 12136 12145 
parities 12145 
park 12093 
parliament 12025 12039 
part 12002 12088 12097 12118 12127 12136 12143 12158 
participants 12158 
participated 12003 12060 
participation 12143 
partners 12088 12149 
partnership 12158 
partnerships 12158 
parts 12160 
party 12069 
paso 12160 
pass 12002 12025 
passed 12160 
passing 12145 
past 12013 12121 
pat 12002 
patent 12043 
patience 12025 12039 
paul 12131 12146 
pay 12001 12036 12064 12067 12114 12118 12119 12128 12156 
payable 12045 12155 
paying 12026 12136 
payment 12038 12041 12070 12092 12146 12148 12158 
payments 12013 12073 12118 12122 12148 12158 
payout 12036 12064 12067 12114 12128 
pays 12026 
pc 12090 12156 
pc/at-compatible 12090 
pcc 12054 12156 
peabody 12108 
peaked 12073 
peavey 12081 
peking 12002 
penalize 12143 
pending 12156 
penney 12083 
pennsylvania 12057 
penny 12083 
pension 12094 
percentage 12084 12109 
perception 12002 12009 
perelman 12049 
performance 12013 
period 12014 12023 12026 12038 12041 12058 12111 12122 12143 12156 12158 
periods 12111 
peripheral 12087 
permitting 12160 
personal 12090 12143 12159 
personnel 12083 
persons 12158 
peter 12006 
petrochemical 12029 
petrolane 12088 
petroleum 12151 12154 
phase 12029 12086 
phenomenon 12027 
philippines 12070 
piano 12030 
pickens 12044 
pity 12145 
pizzey 12026 
plains 12144 
plaintiffs 12156 
plan 12011 12021 12094 12120 12145 
planned 12083 12089 12107 12143 12146 
plans 12011 12015 12025 12029 12039 12048 12069 12088 12094 12132 12143 12146 
plant 12029 12056 12095 12116 
plastics 12095 
plate 12046 
plates 12046 
played 12047 
plays 12044 
plaza 12136 
plazas 12061 
plc 12006 12025 12039 12135 12156 
pledge 12143 
pledging 12038 12041 
plumbing 12136 
point 12011 12026 12084 
pointed 12070 
points 12002 12070 
poised 12050 
policy 12104 12121 12136 12143 
political 12013 12025 12136 12158 
pollution 12134 
polyethylene 12029 
poor 12074 12104 12135 
poorest 12145 
popular 12158 
port 12029 12081 
portland 12087 
position 12011 12025 12039 
positive 12104 12127 
possibility 12002 12011 
post 12159 
potential 12086 12134 
pound 12011 12024 12029 12121 
pounds 12029 
power 12049 12050 12056 12057 12113 12134 12141 12143 
powers 12136 
practical 12087 
practice 12011 
practices 12025 12039 
pre-configured 12090 
pre-tax 12006 12127 12159 
precious 12053 12068 
precipitous 12047 
predatory 12143 
predecessor 12031 
predict 12002 
predicted 12143 
predictions 12002 
predicts 12136 
preferred 12021 12022 12049 12106 12113 12121 12134 
prepared 12011 
preparing 12002 
present 12121 
presented 12152 
presently 12029 
presidency 12136 
president 12027 12044 12051 12053 12058 12068 12089 12107 12143 12146 
press 12025 12039 12142 
pressure 12025 12039 12134 
prevent 12002 12025 12039 12136 
prevention 12143 
previous 12006 12011 12059 12122 12136 12160 
previously 12117 12127 12138 12143 12148 
price 12002 12004 12011 12013 12024 12026 12046 12050 12054 12069 12090 12111 12113 12138 12144 12159 
priced 12002 12026 12066 12072 
prices 12002 12011 12013 12046 12047 12050 12080 12090 12156 
pricing 12002 12026 12143 
primary 12026 12034 12158 
prime 12013 12019 12025 12026 12027 12039 12066 12072 12084 12101 12102 12112 12125 12136 12145 12147 
prime-2 12134 
principal 12013 12083 12088 12111 12118 12148 
principally 12082 
principle 12011 12087 12132 
printed 12020 12025 12039 
prior 12001 12036 12064 12067 12085 12114 12115 12119 12128 
private 12020 12070 12136 12160 
privately 12060 
privatisation 12129 
privatisations 12129 
privatision 12129 
pro-forma 12136 
problem 12073 12089 12143 
problems 12013 12025 12158 
procedure 12002 
proceed 12011 
proceeding 12151 
proceeds 12015 12060 12082 12088 12144 
processes 12090 
procure 12123 
produce 12160 
produced 12023 12095 12160 
producer 12008 12011 12029 12152 
producers 12011 12074 12152 
product 12013 12046 12116 12126 
production 12011 12023 12029 12044 12056 12062 12086 12090 12095 12118 12143 12160 
productivity 12074 
products 12062 12132 12143 
profit 12077 12078 12079 12115 12127 
profitable 12127 
profits 12006 12044 12074 
program 12002 12029 12060 12066 12070 12072 12074 12075 12092 12109 12123 12127 12158 
programs 12109 12158 
progress 12011 12070 12092 
project 12132 12142 
projecting 12127 
proliferation 12158 
prominent 12002 
promised 12052 
prompted 12026 12158 
prop 12136 
properties 12007 
property 12116 
proportion 12135 
proposal 12002 12025 12156 
proposed 12011 12108 12118 12144 12158 
prospective 12134 
prospects 12002 12009 12011 
protect 12136 
protection 12104 
protectionist 12047 
protested 12143 
protocol 12013 
proved 12013 
provide 12013 
provided 12122 
providing 12159 
province 12160 
provinces 12160 
provincially-owned 12069 
proving 12158 
provinsbanken 12075 
provision 12077 12146 
provisions 12089 12107 12120 
provoke 12011 
prudential 12156 
psix 12087 
psychology 12136 
public 12056 12066 12072 12089 12103 12122 12134 12143 12144 12150 
publish 12046 
publisher 12020 
punch 12025 12039 
purchase 12004 12053 12062 12068 12069 12105 12123 12133 
purchased 12132 
purchases 12002 12055 12136 
purchasing 12055 
pure 12044 
purolator 12054 12139 12156 
pursuant 12127 
push 12006 
put 12143 
putting 12146 
puzzled 12026 
qant 12058 
qtly 12001 12067 12119 12128 
qtmcu 12043 
qtow 12017 12021 
qtr 12022 12031 12042 12061 12077 12078 12079 12085 12098 12110 12115 12149 12154 
qualified 12034 12151 
qualify 12151 12158 
quality 12043 
quantech 12058 
quantum 12043 
quarter 12034 12044 12050 12084 12091 12127 12149 12159 
quarter-point 12136 
quarterly 12045 12050 12091 12118 
quebec 12069 
queried 12025 
question 12047 
questionable 12158 
questioned 12025 12145 
questioner 12070 12092 
questions 12021 12070 12092 12151 
quota 12011 12152 
quotas 12008 12011 12152 
quoted 12026 
r-kan. 12002 
radiation 12043 
radical 12011 
rains 12160 
raise 12143 
raised 12026 12050 12101 12102 12104 12112 12125 12131 12136 
raises 12101 12102 12125 
raising 12106 12147 
rampant 12013 
range 12038 12041 12050 12144 
ranging 12143 
rapeseed 12076 
rapids 12097 
rare 12007 
rate 12010 12013 12016 12019 12026 12027 12040 12059 12066 12070 12072 12084 12091 12092 12101 12102 12112 12116 12117 12121 12122 12125 12131 12134 12136 12147 
rates 12010 12016 12026 12027 12040 12066 12070 12072 12073 12084 12092 12121 12131 12136 
rating 12104 
ratio 12074 
raw 12117 
raws 12117 
re-fixed 12026 
re-franchise 12127 
reached 12002 12009 12054 12070 12118 12136 12160 
reaction 12026 
reactor 12056 
reactors 12029 
readers 12020 
readiness 12011 
ready 12084 
reagan 12002 12027 12051 12143 12158 
real 12025 
realities 12013 
realize 12136 
reallocation 12011 
reason 12073 
reasonable 12121 
reassured 12145 
rebate 12109 
rebounded 12047 
rebuilding 12034 
rebuilt 12070 12092 
recapitalization 12120 
receive 12111 
received 12142 
recent 12025 12039 12053 12068 12084 12088 12121 12136 12158 
recently 12013 12026 12108 12118 
reciprocating 12025 
reconsider 12051 
reconvened 12011 
record 12001 12013 12036 12045 12050 12064 12067 12114 12119 12128 12135 12136 12141 12155 12160 
recorded 12059 12116 
recovered 12134 
recovery 12025 
redeem 12088 12113 
redemption 12026 12113 
redemptions 12088 
redistribution 12011 
redress 12136 
reduce 12118 12134 
reduced 12004 12052 12056 12090 12118 
reducing 12013 12021 12050 12118 
reduction 12011 12122 
reenter 12002 12009 
reference 12131 
refinance 12013 
refinanced 12013 
refinancing 12013 
refinancings 12013 
refining 12044 
reflect 12011 12085 12104 12118 12122 
reflects 12031 12090 
reform 12025 12039 
refusal 12011 12025 12039 
regard 12025 12039 
registered 12097 12160 
registration 12015 12144 
registrations 12011 
regretted 12013 12070 12092 
regular 12067 12119 
regularly 12013 
regulation 12158 
regulations 12158 
regulatory 12138 
reimposing 12011 
reimposition 12011 
rein 12013 
reiterated 12025 12039 12100 
reject 12120 
rejected 12070 12146 12156 
related 12077 12110 12132 12141 
relating 12158 
relations 12002 
relationships 12133 
relative 12066 12072 12136 
release 12142 
relief 12070 
reluctance 12011 
remain 12084 12104 
remainder 12127 
remained 12006 12011 
remaining 12058 12082 12111 12118 
remains 12011 12027 
remarks 12013 12073 
reminder 12136 
remote 12011 
remove 12146 
renamed 12099 
renault 12109 
renegotiation 12038 12041 
renewal 12038 12041 
renewed 12038 12041 
renting 12158 
rents 12080 
reopen 12152 
reopening 12011 
reorganization 12021 12158 
reorganizations 12158 
reorganize 12158 
rep. 12002 12142 
repaid 12013 
repay 12013 12144 
repayment 12013 
repayments 12013 
repesenting 12156 
replaces 12122 
reply 12038 12041 
report 12011 12034 12055 12116 12152 
reported 12022 12034 12044 12055 12083 12138 12151 12158 
reporters 12011 12038 12041 12073 12122 
reporting 12011 12034 
reports 12097 12152 
represenative 12143 
representative 12089 12107 
representatives 12002 
represented 12158 
represents 12142 
republic 12001 
republican 12002 
repurchase 12074 
request 12028 
requested 12106 
require 12158 
required 12074 12097 
requirement 12050 
requirements 12022 12082 12118 
requiring 12158 
rescheduling 12070 12122 12145 
research 12073 12116 12136 
reserve 12081 12097 12127 
reserved 12052 
reserves 12070 12092 12110 
residential 12066 12072 
resign 12058 
resignations 12058 
resigned 12020 12058 
resisting 12136 
resolution 12141 
resolve 12013 12070 12089 12092 12107 12143 
resolved 12089 12141 12143 12145 
resources 12007 12033 
respective 12156 
response 12047 12100 
responsibility 12145 
rest 12011 
restated 12031 
restaurants 12127 12133 
restoration 12008 12011 
restored 12011 
restoring 12011 12152 
restrict 12120 
restricted 12158 
restructure 12118 12127 12148 12151 
restructured 12021 
restructuring 12033 12074 12118 12127 12140 12146 
result 12029 12123 12127 12159 
results 12031 12048 
resume 12011 
retail 12013 12026 12074 12080 
retaliate 12025 12039 
retaliation 12025 
retire 12060 
retired 12156 
retract 12106 
retraction 12106 
retrenchment 12127 
retroactive 12122 
return 12044 
returns 12025 
reuter^m 12039 
rev 12049 
reveal 12020 
revenue 12118 
revenues 12034 12044 12048 12118 12122 12127 
reverse 12013 
reversing 12136 
review 12011 12126 12142 
revise 12122 12126 
revised 12156 
revive 12011 
revlon 12032 12049 
revmac 12049 
revoke 12025 
revolving 12066 12072 12118 
revote 12051 
revs 12005 12014 12031 12033 12035 12042 12061 12063 12077 12078 12079 12085 12098 12110 12115 12149 12153 12154 
reyna 12100 
reynolds 12050 12100 
rhetoric 12025 12039 
richard 12002 
richfield 12050 
richly 12158 
ridge 12126 
rights 12156 
rikanovic 12013 
rios 12160 
rise 12011 12027 12050 12135 12137 
rises 12026 
rising 12013 
risks 12025 12039 
river 12081 12142 
roadway 12061 
roasters 12011 
robert 12051 12143 
roberts 12002 
rochester 12061 
roger 12044 
role 12025 12039 
rolls 12158 
roma 12127 
ronald 12049 
rose 12026 12050 12080 12116 
ross 12034 
rotting 12160 
roughly 12121 
row 12089 12107 12143 
royal 12006 
rquired 12097 
rsla 12001 
rudders 12086 
rule 12002 
ruling 12138 
rumors 12002 12009 
run-up 12002 12009 
rural 12026 
s.g 12075 
s/p 12074 12104 
sachs 12129 12156 
safe 12056 
saint 12131 
salary 12146 
sale 12017 12062 12088 12118 12127 12129 12159 
sales 12002 12003 12055 12059 12074 12083 12137 12150 
salomon 12066 12072 
salt 12007 
same-store 12137 
san 12066 12072 12159 12160 
sanctions 12025 12089 12107 12143 
sandra 12028 
sanford 12051 
santa 12155 12160 
satisfaction 12025 
satisfied 12013 
saturday 12025 
save 12122 
savers 12084 
savings 12001 12120 12155 
scale 12136 
scaled 12002 
sceptical 12011 
schedule 12142 
scheduled 12011 12029 12118 12142 12152 
schiller 12093 
schulmann 12073 
scoa 12005 
scored 12136 
scotia 12157 
screening 12043 
season 12011 12160 
seaway 12153 
sec 12108 12146 
secondary 12030 12056 
secretary 12002 12009 12027 12047 12070 12092 12120 12143 12145 
secrets 12100 
section 12104 
sections 12097 
sector 12026 12122 
secure 12013 
secured 12104 12134 
securities 12015 12025 12026 12078 12097 12108 12134 12138 12144 12146 12156 12157 
security 12043 
seed 12135 
seek 12025 12038 12041 12066 12072 
seeking 12025 12039 12156 
seemingly 12143 
sees 12006 12043 12044 12047 12048 12073 12116 
segment 12044 
selected 12095 
sell 12002 
selling 12136 12143 
semi 12036 
semi-annual 12002 12009 12118 
semiconductor 12047 12089 12107 12143 
semiconductors 12089 12107 12143 
sen. 12070 
senate 12051 12120 
senate-passed 12120 
senators 12051 
sends 12025 12039 
senior 12015 12020 12074 12136 12143 12158 
sentiment 12136 
separate 12044 12159 
september 12011 12055 12134 12136 12152 
series 12049 12101 12106 
serve 12058 12143 
service 12134 12136 
services 12025 12094 12118 12132 12159 
servicing 12031 12038 12041 12122 
session 12011 12152 
set 12002 12009 12011 12025 12066 12072 12089 12091 12121 12152 
sets 12001 12036 12045 12046 12064 12114 12119 12143 12155 
settlement 12143 
settlements 12146 
setup 12126 
seven-year 12026 12066 12072 
seventies 12136 
severance 12146 
severe 12011 
sgen.pa 12129 
shamrock 12044 
shape 12070 12092 
share 12011 12033 12044 12045 12050 12054 12059 12069 12071 12074 12082 12083 12087 12103 12113 12115 12129 12138 12144 12146 12150 12151 12156 12157 
shareholder 12069 
shareholders 12030 12044 12045 12059 12113 12138 12146 12155 12156 12158 
shares 12011 12030 12049 12069 12071 12082 12083 12087 12103 12106 12113 12138 12141 12144 12150 12156 
sharp 12136 12145 
sharply 12006 12025 12050 12134 
shearson 12075 
sheet 12122 
shelved 12025 
shifts 12136 
ship 12081 
shipment 12003 12076 
shipping 12057 
ships 12081 
sho 12110 
shops 12083 
shore 12070 
short 12038 12041 12046 12051 12082 
short-range 12038 12041 
short-term 12010 12016 12038 12040 12041 12060 
shorter 12026 
show 12044 12080 
showed 12011 12044 
showing 12136 
shr 12014 12017 12022 12031 12033 12035 12042 12061 12063 12077 12078 12079 12085 12098 12110 12115 12149 12150 12153 12154 
shrs 12078 12079 12154 
shultz 12002 12009 
shutting 12020 
side 12056 
sidney 12095 
siegel 12058 
sign 12136 12143 
signal 12002 12013 12047 
signed 12013 12057 12066 12072 12083 12122 
significance 12047 
significant 12025 12027 12034 12039 
significantly 12134 
signs 12136 
silicon 12143 
silicone-coated 12132 
similar 12013 12084 12101 12147 12158 
similarly 12056 
single 12121 12136 
single-family 12066 12072 
sinking 12108 
sir 12025 
sis 12133 
sisb 12133 
sisters 12133 
site 12142 
situation 12011 12025 12065 12070 12092 12152 
six-year 12158 
sized 12094 
sizes 12026 
skidding 12136 
skirt 12158 
slide 12011 
slightly 12026 12059 
slow 12084 12135 
slowed 12070 12092 
slowing 12136 
small 12011 12026 12027 12084 12094 12142 
smith 12089 12107 
smorada 12146 
snow 12136 
snowball 12013 
soaf 12022 
soares-kemp 12136 
soc 12129 
social 12013 
societe 12069 12129 
society 12048 
soften 12145 
software 12126 
soil 12135 
sold 12003 12030 12129 
solutions 12070 
somerville 12098 
soon-to-be 12034 12044 
soquem 12069 
sorghum 12052 12160 
source 12026 12083 
sources 12002 12013 12025 12038 12039 12041 12052 12055 12076 12081 12084 12136 12160 
south 12022 12079 12113 
southam 12020 
southeast 12108 
southern 12007 12133 
southfield 12023 12109 
southwestern 12057 12113 
soviet 12002 12009 12013 12025 12055 
soviets 12002 
sowings 12135 
sown 12135 12160 
soybean 12002 12160 
soybeans 12002 12158 
space 12013 
spain 12052 
spanish 12052 
spar-casse-bank 12084 
spare 12123 
sparkassen 12084 
speaking 12073 
spearheaded 12136 
special 12025 12097 12104 12111 12146 
specializes 12094 
specialty 12083 
specific 12059 12090 
specifically 12136 12158 
speculation 12002 12009 12054 
speculative 12136 
spend 12006 
spending 12116 
spin-off 12044 
spinoff 12127 
spiral 12013 
splinter 12011 
split 12044 12085 
spoken 12002 
spokesman 12020 12049 12052 12062 12089 12107 12127 12135 12143 
spokeswoman 12025 
sponsor 12157 
sportswear 12083 
spread 12055 
spurned 12002 
st 12081 12147 
st. 12085 12094 12102 
stabilise 12026 
stability 12121 12136 
stabilizing 12145 
staff 12021 
staffed 12083 
stage 12029 12135 
stake 12025 12049 12106 
stamford 12022 
stance 12011 
stand 12002 12013 12025 12080 12136 
standard 12074 12104 
stands 12136 
stanley 12082 
starrett 12110 
start 12013 12037 12047 12062 12089 12107 12118 12135 12145 
started 12130 12136 
startford 12123 
starts 12130 
state 12002 12007 12009 12026 12066 12072 12093 12099 12143 
state-owned 12129 
stated 12050 12055 
statement 12002 12015 12129 12144 
statements 12021 12151 
states 12002 12007 12009 12052 12055 12086 12133 12136 12143 12145 
stating 12100 
statistics 12080 
statutory 12097 
stave 12143 
stay 12028 12096 12121 
stb 12108 
steady 12026 
steam 12056 12057 
steel 12046 
steering 12122 
stems 12143 
sten 12025 12039 
step 12002 
steps 12146 
sterling 12096 12121 
stg 12006 12096 12121 
sti 12125 
sticking 12002 
stiff 12143 
stimulate 12002 
stock 12004 12021 12022 12025 12026 12044 12047 12049 12050 12054 12071 12074 12082 12085 12111 12113 12130 12133 12134 12146 12148 12152 12155 12156 12157 12158 
stockholder 12156 12158 
stocks 12011 12026 12152 
stocks/purolator 12054 
stomach 12136 
stood 12080 
stop 12136 12143 
stores 12064 12083 12137 
stovall 12025 12039 
straight 12026 
strategic 12007 12045 
strategic-metal 12007 
strategy 12070 
stream 12029 
streamlined 12090 
street 12047 12054 
strength 12104 
strengthened 12002 12009 
strike 12136 
strip 12046 
strong 12025 
structural 12136 
structures 12132 
struggling 12013 
study 12136 
sturbridge 12004 
subcommittee 12027 12047 12070 12092 12120 12158 
subdivisions 12158 
subdued 12026 
subject 12049 12087 12142 12159 
submitted 12156 
subordinated 12015 12021 12104 12108 
subsidiary 12007 12025 12049 12062 12113 12118 12123 12127 12142 12147 12156 
subsidies 12002 
subsidize 12002 
subsidized 12002 12009 
subsidy 12002 
substantially 12021 
substantive 12158 
suburban 12093 
succeed 12136 
succeeded 12146 
success 12011 12136 12143 
successful 12136 
sufficient 12120 
sugar 12003 12117 12135 
suggested 12038 12041 12158 
suggesting 12002 
suit 12100 12156 
summer 12002 
sun 12125 
sunflower 12160 
sunflowerseed 12160 
sunseed 12160 
suntrust 12125 
superior 12156 
supermarkets 12015 
supplier 12073 12083 
suppliers 12083 12095 
supply 12057 12062 12095 12132 
supplying 12059 12158 
support 12011 12013 12083 12145 12158 
supported 12011 
supporters 12084 
supreme 12028 12156 
surfaces 12086 
surpassed 12160 
surprise 12026 
surrounding 12002 
suspend 12013 
sustain 12051 
svetozar 12013 
swap 12136 
swimming 12136 
swing-line 12066 12072 
swiss 12066 12072 
switching 12025 12039 
switzerland 12136 
symbol 12045 
syndicate 12026 
system 12011 12025 12039 12045 12052 12066 12072 12130 
systems 12025 12039 12043 12087 12090 12131 12143 
t. 12044 
tabloid 12020 
takeover 12054 12146 
taking 12025 12039 12143 
talk 12002 12009 12145 
talking 12026 
talks 12002 12009 12011 12013 12089 12107 12143 12152 
tampa 12127 
tamper-evident 12116 
tank 12123 
tanks 12123 
targets 12121 
tariff 12037 
tariffs 12047 12089 12143 
tarnishing 12158 
tech 12007 
technical 12089 12107 12148 
techniques 12158 
technologies 12100 12116 
technology 12029 12043 12087 
telecommunication 12143 
telecommunications 12025 12026 12039 12077 12143 
telegraph 12126 
telephone 12025 12039 12077 12126 
television 12143 
tells 12096 
temperatures 12135 
temporary 12011 12019 12027 12136 
ten 12002 12081 12158 
tended 12055 
tender 12052 12138 12146 12156 
tendered 12049 12138 12156 
tenn. 12048 
tensions 12047 
term 12082 12118 12122 
terminated 12132 
terms 12052 12070 12094 12105 12106 12111 12127 12143 12145 12146 
terre 12081 
terry 12051 
test 12025 12039 12121 
testified 12156 
tet 12088 
tex 12104 
texas 12029 12088 12104 12137 
textron 12123 
thatcher 12025 12039 
themes 12025 
thirty 12136 
thl 12005 
thl-holdings-inc 12005 
thought 12002 12152 
threat 12013 
threatened 12025 
three-for-two 12085 
thrust 12006 
thursday 12089 12107 
tide 12136 
tie 12035 
tier 12035 
tierco 12035 
tight 12026 
tight-lipped 12002 
time 12002 12006 12009 12011 12013 12136 12143 12156 
times 12002 12146 
timetable 12025 
timing 12025 12026 12039 12136 
tiny 12143 
tire 12138 
titanium 12007 
today 12004 12011 12025 12026 12039 12045 12054 12070 12084 12092 12111 12112 12121 12122 12139 12151 12152 12155 12156 
tokyo 12025 12026 12039 12136 12143 12157 
told 12006 12011 12013 12025 12027 12038 12039 12041 12044 12047 12050 12052 12059 12070 12084 12092 12120 12121 12122 12136 12156 12158 
tommorrow 12039 
tomorrow 12025 12101 12117 12152 
ton 12046 
tonight 12025 12152 
tonne 12002 12003 
tonnes 12002 12052 12055 12076 12160 
tons 12057 
tony 12127 
tools 12143 
top 12048 12129 
topped 12156 
tops 12054 
toronto 12106 12138 12150 12157 
torpedoed 12011 
toshiba 12025 12039 
total 12003 12007 12026 12044 12055 12082 12113 12133 12158 
totaled 12116 12138 
touche 12034 
touched 12011 
tough 12011 
towle 12017 12021 
trade 12002 12009 12025 12037 12039 12047 12076 12081 12089 12100 12107 12136 12143 12160 
traded 12130 12136 
trader 12136 
traders 12011 12050 12052 12054 
trading 12011 12025 12026 12039 12044 12045 12053 12054 12068 12121 12130 12136 12153 
transaction 12127 12146 12156 12159 
transfer 12126 
transit 12051 
transmission 12088 
transport 12080 12086 
trautman 12143 
treasurer 12146 
treasuries 12136 
treasury 12019 12027 12037 12047 12065 12070 12092 12120 12136 12145 
trend 12136 12158 
tri-jets 12105 
trip 12002 12009 
tripartite 12121 
trreasury 12047 
trunk 12095 
trust 12045 12101 12104 12114 12125 12159 
trusts 12158 
tsba.t 12025 12039 
tse 12157 
tuesday 12089 12107 12136 
tune 12136 
turbine 12123 
turned 12135 
two-thirds 12051 
txt 12123 
type= 12008 12012 12018 12019 12032 12037 12058 12065 12071 12096 12124 12139 12140 
types 12066 12072 
u.k 12006 12025 12039 12121 
u.k. 12006 12025 12039 12121 
u.s 12002 12012 12028 12037 12052 12062 12089 12092 12107 12143 12158 
u.s. 12002 12009 12011 12021 12023 12025 12026 12028 12039 12047 12048 12052 12055 12060 12062 12066 12070 12072 12082 12089 12092 12101 12107 12118 12123 12136 12142 12143 12147 12158 
u.s.-japanese 12089 12107 12143 
u.s.-ussr 12055 
ual 12071 12082 
ucit 12060 
uk 12003 12006 12011 12025 12026 12039 12053 12066 12068 12072 12075 12121 12135 12152 
unable 12148 
uncertainty 12002 12104 
unchanged 12011 12084 12134 
uncommitted 12066 12072 
uncovered 12158 
und 12084 
underlined 12136 
underlying 12104 
understanding 12013 
underwriters 12030 12082 12144 
underwriting 12006 12103 12108 
underwritten 12082 
unfavorable 12134 
unfortunate 12025 12039 
unicorp 12106 
union 12002 12009 12025 12055 12106 12136 
unions 12121 
unit 12032 12053 12056 12060 12062 12068 12088 12091 12093 12104 12113 12114 12118 12127 12133 12134 12156 12159 
united 12002 12009 12055 12060 12086 12136 12143 12145 
units 12088 12117 12131 
unleashing 12025 12039 
unpaid 12113 
unpatented 12007 
unproc 12058 
unpublished 12052 
unsecured 12021 12066 12072 12134 
unsolicitied 12146 
unusual 12047 12121 
unwillingness 12011 
upgrades 12104 
upholding 12138 
upholds 12051 
upward 12027 
urged 12047 12120 
urging 12070 
uruguay 12160 
usage 12126 
usda 12002 12055 12158 
ushered 12013 
usi 12029 
usi's 12029 
ussr 12002 12009 12055 
utah 12007 
utilities 12056 12080 
utility 12134 
v. 12058 
va. 12078 
vain 12136 
vak 12084 
valid 12011 12069 
validity 12158 
validly 12156 
valued 12053 12068 12156 
variable 12091 
variety 12143 
vary 12084 
vectra 12090 
vegas 12127 
vehicle 12095 
vehicles 12023 12109 
venezuela 12070 12122 
venezuelan 12122 
venezula 12122 
venture 12025 12039 12132 12142 
ventures 12158 
verification 12152 
version 12120 12126 
versus 12006 12117 
vestar 12132 
veto 12051 
vice 12044 12089 12107 12146 12156 
victim 12025 
vienna 12084 
view 12013 
views 12145 12152 
vigorously 12047 
villanueva 12160 
violations 12097 
virginia 12051 
visit 12002 12009 12025 12143 
vlans 12045 
vms 12045 
voice 12100 
volume 12136 
vons 12015 
vote 12051 
voted 12051 
voting 12049 12051 12106 12146 
wagoneer 12109 
wait 12135 
waiting 12025 12081 
wal 12028 
walker 12077 
wall 12047 12054 
wallace 12058 
wanted 12025 12039 12121 12145 
wanting 12025 
war 12025 12037 12039 12047 12142 
warburg 12075 
warming 12002 12009 
warned 12025 
warrant 12004 
warrants 12004 
wary 12136 
washington 12002 12009 12010 12016 12027 12040 12047 12051 12055 12070 12073 12089 12092 12097 12107 12108 12120 12143 12145 12146 12158 
water 12160 
waxm 12067 
waxman 12067 
ways 12025 12039 
wco 12115 
weapon 12025 
weather 12135 12160 
weatherford 12118 
webcor 12148 
week 12011 12026 12038 12041 12047 12073 12089 12107 12135 12136 12143 12145 12160 
weekend 12160 
weeks 12002 12025 12136 
weep 12145 
weinblatt 12058 
well-timed 12136 
wells 12159 
welltech 12031 
wen 12133 
wendy 12133 
wer 12148 
west 12051 12062 12084 12113 
west-germany 12062 
westbury 12063 
western 12013 12018 12028 12160 
westlake 12133 
westwego 12081 
wfc 12159 
wheat 12002 12009 12158 
white 12002 12003 12117 12143 12144 
wholesale 12053 12068 
wholly 12049 12156 
wholly-owned 12007 
wi 12118 
wide 12143 
widening 12084 
wien 12084 
wii 12118 
wil 12044 
william 12030 
win 12064 12136 
winn-dixie 12064 
winnipeg 12076 
wins 12013 12057 12086 
wireless 12025 12039 
wis. 12001 
wisconsin 12001 12112 
wisdom 12002 
withan 12026 
withdrawal 12156 
withdrawn 12156 
witter 12050 
won 12013 
words 12025 12039 
work 12083 12136 12142 12143 
working 12011 
works 12132 
world 12002 12047 12070 12073 12079 12092 12142 12145 
worldwide 12026 12136 
worried 12025 12039 
worry 12136 
worsened 12160 
wrather 12115 
write-downs 12077 
write-off 12134 
write-offs 12145 
writedowns 12149 
written 12118 
wrong-footed 12136 
wtel 12077 
year-ago 12078 
year-end 12034 12074 
year-to-date 12023 
years 12006 12026 12048 12052 12122 12127 12129 12136 
yen 12026 12136 12145 
yesterday 12002 12013 12025 12026 12027 12050 12073 12084 12089 12107 12122 12136 12138 12146 12147 12156 12160 
yeutter 12089 12107 12143 
yield 12117 12160 
york 12011 12015 12025 12029 12044 12049 12050 12053 12054 12060 12068 12074 12083 12088 12101 12104 12110 12111 12125 12130 12134 12136 12147 12156 
yugoslav 12013 12080 
yugoslavia 12013 12080 
yugoslavia's 12013 
zealand 12026 
zemljaric 12013 
zen-noh 12081 
zentralbank 12084 
zentralsparkasse 12084 
zirconium 12007 
