'll 13273 
're 13216 13253 13273 
've 13216 13220 13261 
****** 13198 13230 13267 13268 
-am 13202 
-buys-fortu 13175 
-c 13209 
-hughes-t 13193 
-ibc 13198 
-iss 13176 
-praxis- 13219 
-radiation 13194 
-ruger-submits 13197 
-says-sui 13221 
-se 13226 
-see 13225 
-sees-be 13186 
-sees-diluti 13187 
-spanish-fir 13251 
-sta 13230 
-t 13180 
-to-purc 13171 
-tv 13250 
-unit-acqui 13195 
-wins 13228 13240 
-year-ja 13214 
/author 13216 13244 13249 13253 13261 13278 13281 
0.1 13232 
0.2 13232 
0.4 13256 
0.5 13232 
0.6 13232 
0.9 13162 13238 
0011 13198 
0014 13230 13267 13268 
0024 13224 
0025 13204 13223 
0028 13203 
0036 13272 
0042 13195 13202 
0044 13226 
0047 13207 
0051 13175 
0055 13163 
0056 13188 
0057 13242 
0060 13196 13205 13214 
0062 13197 
0063 13191 
0067 13232 
0070 13206 
0071 13209 13234 
0072 13176 13192 
0074 13186 13229 13264 
0075 13165 
0077 13174 
0078 13173 13201 13228 
0079 13181 13231 13251 
0080 13169 13266 
0081 13190 
0083 13167 
0084 13218 
0085 13245 13282 
0086 13235 
0087 13180 
0088 13172 
0089 13248 
0090 13162 13278 
0092 13164 13269 
0093 13233 13240 
0095 13219 13238 13243 13246 13260 
0097 13178 13182 13280 
0098 13184 
0099 13179 13193 13275 
00:01:14.83 13238 
00:27:34.64 13239 
00:48:55.75 13240 
00:53:17.57 13275 
0100 13254 
0101 13166 13171 13211 13212 
0102 13216 13265 13271 
0104 13258 
0105 13168 13177 13199 13200 
0106 13239 13263 13270 13281 13283 
0107 13250 13256 
0108 13208 13222 13227 13253 13273 
0109 13221 13257 
0111 13187 13252 13284 
0112 13215 13247 13249 
0113 13189 13244 13255 13259 13261 
0114 13210 13241 13276 
0115 13183 13213 13225 13277 
0116 13194 13274 
0117 13220 
0118 13236 13237 13262 
0119 13279 
0120 13170 
0126 13185 
0135 13217 
01:05:18.10 13234 
01:09:31.36 13276 
01:24:59.91 13241 
01:34:08.71 13242 
01:53:30.58 13243 
02:01:51.17 13277 
02:18:57.87 13244 
03:05:55.88 13245 
03:37:45.30 13246 
03:42:01.74 13247 
03:43:04.85 13248 
04-03 13162 13163 13164 13165 13166 13167 13168 13169 13170 13171 13172 13173 13174 13175 13176 13177 13178 13179 13180 13181 13182 13183 13184 13185 13186 13187 13188 13189 13190 13191 13192 13193 13194 13195 13196 13197 13198 13199 13200 13201 13202 13203 13204 13205 13206 13207 13208 13209 13210 13211 13212 13213 13214 13215 13216 13217 13218 13219 13220 13221 13222 13223 13224 13225 13226 13227 13228 13229 13230 13231 13232 13233 
04-04 13234 13235 13236 13237 
04-05 13238 13239 13240 13241 13242 13243 13244 13245 13246 13247 13248 13249 13250 13251 13252 13253 13254 13255 13256 13257 13258 13259 13260 13261 13262 13263 13264 13265 13266 13267 13268 13269 13270 13271 13272 13273 13274 
04-06 13275 13276 13277 13278 13279 13280 13281 13282 13283 13284 
04:03:56.29 13278 
04:19:37.52 13279 
04:26:24.86 13280 
05:03:40.11 13281 
05:03:59.35 13249 
05:35:48.47 13250 
05:42:53.63 13282 
05:48:12.28 13251 
05:57:06.65 13283 
05:59:20.19 13252 
06:12:50.70 13235 
06:13:27.54 13253 
06:17:41.91 13254 
06:22:06.92 13255 
06:31:59.24 13284 
06:48:23.18 13236 
1,076,226 13190 
1,137 13280 
1,198 13216 
1,260 13234 
1,292,600 13179 
1,405 13250 
1,410,184 13206 
1,451 13250 
1,475 13250 
1,620,312 13214 
1,626,233 13206 
1,800 13162 
1,892,600 13179 
1.0 13170 13178 
1.04 13237 
1.05 13236 
1.1 13269 
1.2 13170 13256 13266 13281 
1.3 13234 
1.4 13190 13201 13256 
1.47 13225 
1.5 13178 13256 13266 13277 
1.50 13165 13177 
1.6 13169 
1.66 13191 
1.68 13170 
1.7 13232 
1.8 13277 
1.85 13225 
1.86 13192 
1/2 13183 13231 
1/4 13183 13231 
10,000 13179 
10,228,600 13179 
10,637,500 13179 
10-1/8s 13222 
10-day 13216 13220 
10-k 13225 
10-pct 13250 
10-year 13250 
10.000 13211 13212 
10.268 13167 
10.37 13255 
10.5 13265 13274 
10.514 13255 
10.625 13211 13212 
100,00 13216 
106,700 13179 
106-1/4 13183 
107.7 13162 
108.1 13162 
108.75 13206 
109.4 13192 
11-1/4 13222 
11-5/8s 13222 
11-member 13271 
11.097 13167 
11.9 13255 
110,000 13184 
112.7 13192 13199 
114.75 13206 
115,500 13162 
12,000 13179 
12-3/8s 13222 
12-month 13172 13208 
12.1 13189 
12.5 13239 13274 
12.6 13165 
12.67 13255 
120,000 13236 13271 
120.8 13172 
122.3 13284 
125.0 13284 
125.1 13232 
12s 13222 
13,600 13179 
13,914.4 13172 
13.3 13223 
13.4 13245 
13.7 13216 
13162 13162 
13163 13163 
13164 13164 
13165 13165 
13166 13166 
13167 13167 
13168 13168 
13169 13169 
13170 13170 
13171 13171 
13172 13172 
13173 13173 
13174 13174 
13175 13175 
13176 13176 
13177 13177 
13178 13178 
13179 13179 
13180 13180 
13181 13181 
13182 13182 
13183 13183 
13184 13184 
13185 13185 
13186 13186 
13187 13187 
13188 13188 
13189 13189 
13190 13190 
13191 13191 
13192 13192 
13193 13193 
13194 13194 
13195 13195 
13196 13196 
13197 13197 
13198 13198 
13199 13199 
132,298 13216 
13200 13200 
13201 13201 
13202 13202 
13203 13203 
13204 13204 
13205 13205 
13206 13206 
13207 13207 
13208 13208 
13209 13209 
13210 13210 
13211 13211 
13212 13212 
13213 13213 
13214 13214 
13215 13215 
13216 13216 
13217 13217 
13218 13218 
13219 13219 
13220 13220 
13221 13221 
13222 13222 
13223 13223 
13224 13224 
13225 13225 
13226 13226 
13227 13227 
13228 13228 
13229 13229 
13230 13230 
13231 13231 
13232 13232 
13233 13233 
13234 13234 
13235 13235 
13236 13236 
13237 13237 
13238 13238 
13239 13239 
13240 13240 
13241 13241 
13242 13242 
13243 13243 
13244 13244 
13245 13245 
13246 13246 
13247 13247 
13248 13248 
13249 13249 
13250 13250 
13251 13251 
13252 13252 
13253 13253 
13254 13254 
13255 13255 
13256 13256 
13257 13257 
13258 13258 
13259 13259 
13260 13260 
13261 13261 
13262 13262 
13263 13263 
13264 13264 
13265 13265 
13266 13266 
13267 13267 
13268 13268 
13269 13269 
13270 13270 
13271 13271 
13272 13272 
13273 13273 
13274 13274 
13275 13275 
13276 13276 
13277 13277 
13278 13278 
13279 13279 
13280 13280 
13281 13281 
13282 13282 
13283 13283 
13284 13284 
14.3 13216 
14.5 13277 
14.6 13281 
14.85/92 13234 
140,522 13216 
144.1 13225 
146.0 13232 
147.4 13256 13266 
15,000 13179 
15.4 13172 
15.5 13256 13266 
15.8 13256 13276 13281 
150,000 13200 13280 
158,000 13282 
158,400 13162 
16,635 13216 
16.2 13196 
16.5 13256 13266 
16.99 13245 
164,000 13208 
167,490 13216 
16:42:25.13 13162 
16:42:30.56 13163 
16:45:25.72 13164 
16:46:28.17 13165 
16:47:39.78 13166 
16:48:44.58 13167 
16:49:06.87 13168 
16:51:03.89 13169 
16:51:56.13 13170 
16:55:38.80 13171 
16:56:52.51 13172 
16:58:13.70 13173 
16:58:33.15 13174 
16:58:38.07 13175 
16:58:55.86 13176 
17.05 13169 
17.2 13266 
17.3 13256 
17.33 13169 
17.5 13234 
17.50 13236 
17.54 13169 
17.72 13236 
17.8 13216 
17.9 13256 
170,000 13184 
170,250 13182 
173,000 13282 
17:00:03.66 13177 
17:08:12.64 13178 
17:08:28.66 13179 
17:09:05.19 13180 
17:09:53.14 13181 
17:11:46.69 13182 
17:11:58.59 13183 
17:12:38.81 13184 
17:16:21.87 13185 
17:16:37.27 13186 
17:17:49.86 13187 
17:19:54.02 13188 
17:24:22.74 13189 
17:25:20.97 13190 
17:32:08.01 13191 
17:32:14.35 13192 
17:36:20.05 13193 
17:37:50.11 13194 
17:39:57.25 13195 
17:42:11.10 13196 
17:44:57.77 13197 
17:46:21.48 13198 
17:47:37.95 13199 
17:49:03.54 13200 
17:49:17.26 13201 
17:49:44.11 13202 
17:50:06.23 13203 
17:50:27.50 13204 
17:51:06.97 13205 
17:52:54.98 13206 
17:54:18.75 13207 
17:55:54.66 13208 
17:56:10.49 13209 
18,000 13179 
18,700 13162 
18,800 13162 
18.25 13262 
18.5 13172 13262 
1870s 13283 
188.8 13162 
189,000 13162 
18:00:09.67 13210 
18:00:58.90 13211 
18:01:43.95 13212 
18:02:32.03 13213 
18:05:00.37 13214 
18:05:55.92 13215 
18:07:07.20 13216 
18:08:09.43 13217 
18:11:40.87 13218 
18:13:33.58 13219 
18:15:04.63 13220 
18:19:42.31 13221 
18:37:17.30 13222 
18:43:24.96 13223 
18:44:29.03 13224 
18:45:45.11 13225 
18:50:46.53 13226 
18:54:57.97 13227 
18:57:41.71 13228 
19.3 13216 13220 13266 
197,328 13216 
197,779 13203 
1978 13249 
1980 13232 13284 
1983 13185 13236 
1984 13258 
1985 13215 13219 13221 13234 13237 13240 13249 13250 
1985/86 13179 13269 
1986 13162 13169 13172 13180 13185 13192 13199 13216 13220 13225 13232 13237 13238 13250 13255 13256 13258 13261 13266 13273 13274 13278 13279 13280 13282 13283 13284 
1986-87 13237 
1986-march 13279 
1986/87 13179 13237 13269 13277 
1987 13166 13172 13185 13187 13208 13214 13216 13220 13221 13225 13238 13254 13256 13258 13261 13266 13274 13276 13279 13281 13284 
1988 13260 13263 
1992 13244 13263 
19:01:13.50 13229 
19:01:21.43 13256 
19:55:20.06 13257 
2,000 13184 13259 
2,145 13216 
2,250 13200 
2,536 13216 
2,851.4 13162 
2-1/4 13231 13261 
2-3/4 13231 
2.05 13190 13201 
2.072 13255 
2.1 13204 13258 
2.15 13254 
2.16 13284 
2.2 13165 
2.21 13284 
2.26 13255 
2.3 13256 13266 
2.5 13238 13252 13256 13258 13266 
2.55 13265 
2.7 13214 
2.75 13196 
2.93 13165 
20,000 13179 
20,700 13179 
20-pct 13250 
20.2 13216 
20/30 13179 
20/june 13179 
20/may 13179 
200,000 13279 
2001 13183 
2004 13222 
2009 13222 
2010 13222 
2011 13183 
2013 13222 
2015 13222 
2017 13218 
202,108 13182 
205,700 13162 
206,000 13237 
206.6 13256 13266 
209.61 13169 
20:02:21.35 13258 
20:02:28.68 13259 
20:33:27.71 13260 
20:58:37.26 13261 
21-31 13216 13220 
21.50 13182 
21.70/80 13234 
2131 13162 
2132 13163 
2133 13164 
2134 13165 
2135 13166 
2136 13167 
2137 13168 
2138 13169 
2139 13170 
2140 13171 
2141 13172 
2142 13173 
2143 13174 
2144 13175 
2145 13176 
2146 13177 
2147 13178 
2148 13179 
2149 13180 
2150 13181 
2151 13182 
2152 13183 
2153 13184 
2154 13185 
2155 13186 
2156 13187 
2157 13188 
2158 13189 
2159 13190 
216,049 13206 
2160 13191 
2161 13192 
2162 13208 
2163 13193 
2164 13194 
2165 13195 
2166 13196 
2167 13197 
2168 13198 
2169 13199 
2170 13200 
2171 13201 
2172 13202 
2173 13203 
2174 13204 
2175 13205 
2176 13206 
2177 13207 
2178 13209 
2179 13210 
2180 13211 
2181 13212 
2182 13213 
2183 13214 
2184 13215 
2185 13216 
2186 13217 
2187 13218 
2188 13219 
2189 13220 
219,600 13189 
2190 13221 
2191 13222 
2192 13223 
2193 13224 
2194 13225 
2195 13226 
2196 13227 
2197 13228 
2198 13229 
2199 13230 
21:13:49.24 13262 
21:17:28.95 13263 
21:58:54.36 13264 
22.2 13162 
2200 13231 
22007 13284 
22008 13275 
22009 13237 
2201 13232 
22019 13283 
2202 13233 
22027 13234 
2204 13239 
22046 13279 
2206 13241 
22063 13282 
2207 13242 
2208 13243 
2209 13244 
22094 13235 
2211 13246 
22112 13276 
22113 13281 
22137 13236 
22138 13280 
2214 13249 
22146 13278 
2216 13251 
2217 13252 
22170 13277 
2218 13253 
2227 13263 
2228 13264 
2229 13265 
2231 13267 
2232 13268 
2233 13269 
2239 13238 
2241 13240 
2246 13245 
2248 13247 
2249 13248 
225,000 13179 
225.60 13169 
2251 13250 
2255 13254 
2256 13255 
2257 13256 
2258 13257 
2259 13258 
2260 13259 
2261 13260 
2262 13261 
2263 13262 
2267 13266 
2271 13270 
2272 13271 
2273 13272 
2274 13273 
2275 13274 
228,000 13179 
22:05:37.40 13265 
22:34:46.04 13230 
22:40:24.84 13231 
23-29 13272 
235,800 13162 
236,000 13208 
23:01:47.52 13266 
23:21:19.20 13232 
23:21:19.34 13267 
23:22:24.14 13268 
23:28:13.62 13269 
23:30:40.52 13233 
23:33:47.36 13270 
23:44:30.50 13271 
23:45:47.90 13272 
23:46:46.25 13237 
23:56:05.87 13273 
23:59:20.45 13274 
24,516 13275 
24-hour 13283 
24.4 13194 
244.9 13225 
245,190 13203 
249.9 13265 
25-pct 13250 
25.13 13182 
25/may 13179 
250,000 13218 
26,500 13162 
26.3 13250 
26.8 13237 
265.4 13225 
27,000 13179 
27.7 13216 
27.8 13239 
272,700 13162 
273,100 13189 
277,700 13179 
28.1 13216 
28.2 13266 
28.5 13256 
28.57 13280 
28.7 13263 
282,358 13216 13220 
29.25 13263 
29.5 13216 
292,000 13194 
297,045 13272 
3,000 13185 
3,074.4 13162 
3,100,000 13229 
3,250 13250 
3,280 13250 
3,342 13216 
3,395,933 13165 
3,600 13200 
3-1/2 13231 
3-1/4 13231 
3-5/8 13221 
3-apr-1987 13162 13163 13164 13165 13166 13167 13168 13169 13170 13171 13172 13173 13174 13175 13176 13177 13178 13179 13180 13181 13182 13183 13184 13185 13186 13187 13188 13189 13190 13191 13192 13193 13194 13195 13196 13197 13198 13199 13200 13201 13202 13203 13204 13205 13206 13207 13208 13209 13210 13211 13212 13213 13214 13215 13216 13217 13218 13219 13220 13221 13222 13223 13224 13225 13226 13227 13228 13229 13230 13231 13232 13233 
3.0 13281 
3.1 13203 13252 13265 
3.3 13192 13256 13266 
3.55 13191 
3.6 13256 13266 
3.75 13187 
3.775 13167 
3/4 13208 
3/8 13183 
30-year 13208 13261 
30.21 13192 
300,000 13277 
31,858 13182 
31.09 13192 13199 
316,024 13272 
316.7 13239 
318,225 13165 
31st 13184 
32.4 13214 
326,259 13190 
33,000 13179 
33,669 13216 
337,000 13208 
347,000 13211 13212 
349,578 13216 
35.8 13169 
35.9 13256 13266 
350,000 13236 13279 
356,000 13165 
37.8 13263 
370,000 13236 
370,390 13216 
38,800 13179 
39,900 13162 
39.9 13225 
390,000 13277 
392,600 13179 
4,000 13179 
4,635 13216 
4,804,500 13179 
4,868 13190 
4-apr-1987 13234 13235 13236 13237 
4.0 13203 
4.00 13265 
4.133 13256 13281 
4.15 13265 
4.25 13187 
4.3 13225 
4.45 13237 
4.60 13265 
4.602 13167 
4.75 13265 
4.82 13237 
40,454 13216 
40-3/4 13221 
40-pct 13250 
400,000 13266 13279 
412,000 13211 13212 
420,000 13279 
43,900 13179 
43.2 13162 
43.75 13265 
44.4 13165 
44.5 13162 
447,200 13179 
45.2 13256 13266 
45.8 13250 
450,900 13179 
47.2 13256 
47.5 13266 
48,000 13269 
48.2 13216 
48.3 13162 
48.5 13214 
48.7 13165 
486.1 13162 
49,421 13165 
4th 13165 
5,000 13179 
5,490 13185 
5,887,996 13214 
5-1/2 13189 
5-15/16 13208 13261 
5-apr-1987 13238 13239 13240 13241 13242 13243 13244 13245 13246 13247 13248 13249 13250 13251 13252 13253 13254 13255 13256 13257 13258 13259 13260 13261 13262 13263 13264 13265 13266 13267 13268 13269 13270 13271 13272 13273 13274 
5.067 13255 
5.1 13162 13238 
5.2 13238 
5.24 13237 
5.25 13194 
5.3 13172 
5.48 13208 
5.5 13192 13211 13212 
5.6 13216 
5.70 13208 
5.75 13208 
50,000 13179 13241 
50,700 13179 
50-pct 13250 
500,000 13171 13200 
51.9 13258 13261 
53,500 13189 
53.9 13258 13261 
54,000 13179 
54.3 13176 
55-65 13221 
56-day 13264 
562,248 13214 
59,000 13169 
6,000 13179 
6,358 13216 
6,565,000 13180 
6,613,327 13165 
6-1/4 13221 
6-apr-1987 13275 13276 13277 13278 13279 13280 13281 13282 13283 13284 
6.07 13191 
6.14 13208 
6.2 13216 
6.3 13206 13216 
6.493 13167 
6.495 13167 
6.5 13211 13212 13230 13231 
6.7 13234 
6.8 13282 
6.9 13216 13220 13274 13282 
600,000 13213 13217 
61,169 13216 
62.08 13265 
64.3 13162 
645,000 13170 
65,000 13211 13212 
67.4 13171 13172 
7,000 13179 
7,217,394 13272 
7-1/2 13208 
7.0 13182 
7.1 13169 
7.3 13206 
7.5 13169 
7.50 13177 
7.572 13255 
7.64 13191 
7.8 13177 
7.86 13208 13261 
7.93 13208 13261 
7.98 13208 
70,000 13179 
70-30 13280 
700,000 13236 
755,000 13169 
77-day 13264 
79,249 13216 
8,000 13269 
8,422,811 13272 
8,963,097 13165 
8-1/2 13183 
8-9 13275 
8.1 13216 13220 
8.11 13255 
8.3 13182 13216 
8.4 13223 
8.442 13255 
8.50 13265 
8/16 13179 
80.7 13239 
800,000-820,000 13236 
84.4 13233 
85-15 13280 
86,000 13169 
86.2 13263 
9-1/2 13183 
9.34 13274 
9.4 13237 
9.7 13189 13241 
90,945 13216 
902,000 13236 
920,000 13179 
922.4 13162 
93,000 13169 
94-11/32 13208 
95-27/32 13208 
96,000 13275 
96,649 13216 
97-1/4 13183 
=2 13219 
`` 13166 13185 13187 13208 13210 13216 13220 13225 13233 13234 13240 13241 13243 13244 13246 13249 13251 13252 13253 13257 13258 13259 13261 13263 13269 13273 13275 13276 13277 13278 13281 13283 
a. 13210 
a.g. 13218 
aaa 13227 
abide 13185 
ability 13263 
abram 13234 
abroad 13213 13217 13234 13238 
absorb 13278 
abu 13236 
acceptance 13176 
accepted 13179 
accepting 13265 
access 13253 
accident 13249 
accord 13252 13267 13278 
accordance 13245 
account 13185 13251 13252 
accounting 13234 
accounts 13167 13271 
accrued 13222 
accumulated 13172 
achieve 13225 13227 
achieved 13263 
acq 13163 13168 13175 13182 13188 13189 13194 13195 13196 13197 13199 13205 13206 13210 13211 13212 13235 13265 
acquire 13196 
acquired 13188 13194 13195 
acquires 13195 
acquiring 13171 
acquisition 13178 13187 13197 13210 13250 
acquisitions 13178 13191 
acreage 13237 
acres 13277 
acrimony 13244 
act 13253 
action 13209 13221 13261 13268 13270 13278 
active 13179 13259 
activities 13164 
added 13168 13174 13194 13233 13236 13238 13243 13246 13251 13252 13273 13278 
adding 13269 
addition 13243 
additional 13166 13179 13192 13225 
additions 13199 
address 13234 
adequate 13241 13252 
adhere 13273 
adjusted 13173 13258 13284 
adjustment 13231 13245 
administration 13168 13169 13185 13228 13246 13278 
advance 13179 13183 
advanced 13208 13240 
advantage 13216 
adverse 13187 
advise 13189 
advisers 13241 13265 
advisor 13182 13263 
advisors 13260 13263 
aeronautics 13228 
affairs 13253 
affected 13235 13236 
affecting 13238 
affiliate 13239 
afg 13210 
african 13252 
aft 13249 
agencies 13179 
agency 13169 13178 13227 13237 13246 13251 13255 13256 13266 13269 13283 
aggregates 13208 
aggressive 13178 
agl 13265 
ago 13216 13220 13249 13265 
agree 13251 
agreed 13179 13185 13193 13244 13251 13275 13276 13278 
agreement 13185 13196 13205 13227 13244 13251 13252 13254 13261 13273 13275 13276 13278 13280 
agreements 13177 13227 13234 13278 
agrees 13244 13252 
agriculture 13179 
ahead 13244 13253 13260 13278 
aid 13241 
aids 13166 13215 13219 
ailing 13252 
aim 13234 
aimed 13239 13278 
aiming 13259 
aims 13241 
air 13234 13249 
aircraft 13246 13247 13249 
aires 13162 13173 13254 
airline 13245 13248 
airliner 13248 
airport 13248 13249 
airways 13245 13246 13248 
airworthiness 13249 
alan 13234 
alaska 13168 
alaskan 13168 
algeria 13179 13251 
algerian 13251 
algiers 13251 
alice 13265 
all-retailers 13284 
alleged 13273 
alliance 13257 13260 13271 
allies 13257 
allowed 13235 13245 13275 
allowing 13253 
almaden 13251 
am-colombia-oil 13184 
am-oil 13266 
amazon 13200 
amc 13216 
amended 13210 
amends 13202 
america 13209 13234 
american 13163 13216 13283 
ammunition 13253 
amortization 13187 
amount 13164 13175 13219 13234 13239 
amounting 13246 
amplified 13183 
amsterdam 13259 
analysis 13250 
analysts 13187 13216 13250 13260 13261 
analysts' 13186 
anchor 13191 
anchorage 13168 
and/or 13246 
angeles 13202 
announce 13278 
announced 13164 13177 13179 13221 13226 13231 13234 13240 13265 13283 
announcement 13265 
announcing 13260 
annual 13185 13216 13222 13225 
annualized 13216 13220 
annually 13222 
answer 13243 
anthracite 13169 
anti-aircraft 13246 
anti-nuclear 13257 
anti-ship 13247 
anticipated 13258 
antonio 13180 
anytime 13208 
anza.s 13262 
apparently 13216 
appealed 13225 
appeared 13253 13261 
appearing 13281 
appears 13185 
application 13225 
applications 13239 
apply 13251 
appointed 13280 
approach 13261 
approval 13263 13283 
approve 13225 
approved 13202 13213 13217 13239 13241 13263 
approves 13239 13263 
approving 13249 
approximately 13249 13263 
april 13162 13163 13164 13165 13166 13167 13168 13169 13170 13171 13172 13173 13174 13175 13176 13177 13178 13179 13180 13181 13182 13183 13184 13185 13186 13187 13188 13189 13190 13191 13192 13193 13194 13195 13196 13197 13199 13200 13201 13202 13203 13204 13205 13206 13207 13208 13209 13210 13211 13212 13213 13214 13215 13216 13217 13218 13219 13220 13221 13222 13223 13224 13225 13226 13227 13228 13229 13231 13232 13233 13234 13235 13236 13237 13238 13239 13240 13241 13242 13243 13244 13245 13246 13247 13248 13249 13250 13251 13252 13253 13254 13255 13256 13257 13258 13259 13260 13261 13262 13263 13264 13265 13266 13269 13270 13271 13273 13274 13275 13276 13277 13278 13279 13280 13281 13282 13283 13284 
april-sept 13279 
april/nov 13179 
aps 13251 
aquino 13241 
arab 13236 
arabia 13256 13281 
arabian 13247 13256 13266 
arden 13202 
ardn 13202 
area 13174 13247 13256 13261 13266 13280 
argentina 13162 13173 13254 
argentine 13162 13173 13254 
arguing 13208 
argument 13243 
arguments 13243 
arid 13277 
ark. 13226 
armed 13253 
arms 13246 
army 13240 
arrange 13263 
arrangements 13271 
array 13216 
arrears 13245 
art 13191 
asean 13185 
asian 13185 
asked 13210 13241 13246 13249 13258 13275 
aspirations 13178 
ass'n 13192 
assembled 13249 
asset 13178 
assets 13175 13193 13199 13233 13241 
assigned 13236 
associates 13241 
association 13184 13199 13215 13231 13233 13258 13275 
assuming 13256 13266 
assumptions 13281 
assures 13227 13258 
atmosphere 13278 
atmospheric 13228 
attack 13184 
attacked 13184 
attempt 13194 13261 
attempts 13281 
attend 13254 
attendant 13249 
attended 13278 
attitude 13269 
attn-mesa 13177 
attorney 13221 
attributable 13250 
attributed 13186 
aubrey 13261 
auction 13245 13265 
audit 13213 
august 13168 13234 13235 13239 13249 13258 
australia 13262 13265 13272 
australian 13265 13272 
author 13216 13244 13249 13253 13261 13278 13281 
authorities 13249 13253 13263 
authority 13166 13234 13244 13250 
automakers 13216 13220 
automobile 13238 
autos 13234 
autumn 13252 13260 
average 13208 13216 13236 13256 13258 13261 13266 13269 
avoid 13253 
award 13250 
awarded 13228 13233 13250 13280 
ba.n 13249 
back 13168 13208 13222 13281 
backlash 13253 
bags 13170 13190 13201 13269 
baker 13193 13278 
balance 13167 
balance-of-payments 13213 13217 
balances 13167 
baldrige 13273 
ball 13248 
balladur 13252 
balladur's 13252 
ban 13246 13253 
bancshares 13163 13196 
bangladesh 13277 
bank 13166 13177 13196 13208 13213 13217 13221 13225 13230 13231 13232 13233 13234 13235 13239 13241 13244 13245 13252 13254 13255 13259 13262 13263 13264 
bank/galleria 13163 
banka 13213 13217 
banker 13189 
bankers 13180 13199 13244 13252 
banking 13163 13231 13259 13262 
bankruptcy 13225 
banks 13163 13200 13208 13225 13231 13234 13244 13252 13253 13254 13261 13262 
banned 13246 
banque 13250 
bar 13243 
barbara 13216 
barclays 13259 
bargaining 13234 
barley 13179 
barney 13261 
barrel 13236 13276 13281 
barrels 13184 13200 13236 13266 13276 13280 
barter 13281 
base 13172 13232 13262 13284 
based 13243 13258 13262 13263 13265 
basin 13200 
basis 13208 13216 13244 13252 13261 
basket 13245 
battle 13247 
battleships 13247 
bc- 13177 13214 
bc-/u.s.-car-sales-recov 13216 
bc-/u.s.-defends-stockpi 13185 
bc-algerian 13251 
bc-arden-group- 13202 
bc-argentine-grain-shipm 13162 
bc-argentine-grain/oilse 13173 
bc-argentine-minister-se 13254 
bc-australian-gas-light 13265 
bc-australian-weekly-whe 13272 
bc-baker- 13193 
bc-baldrige-sees-no-trad 13273 
bc-barclays-de-zoete-wed 13259 
bc-biw-cable-systems-inc 13165 
bc-boddie-noell-files-fo 13229 
bc-bouygues- 13250 
bc-brazil-makes-second-a 13200 
bc-british-minister-goes 13253 
bc-british-opinion-polls 13260 
bc-caesars-world-board-a 13263 
bc-canadian-bonds-close 13183 
bc-centre-right-win-germ 13257 
bc-china's-foreign-excha 13255 
bc-china-region-sugar-ou 13237 
bc-coal-output 13169 
bc-conagra- 13171 
bc-correction 13219 
bc-cullen/frost- 13180 
bc-cyacq-terminates-tend 13188 
bc-doe-issues-offer-to-b 13168 
bc-ec-agrees-on-need-to 13244 
bc-enim-oil-signs-contra 13280 
bc-eximbank-loan-ceiling 13166 
bc-export-business 13179 
bc-finance-units-gain-fr 13227 
bc-finnish-jobless-rate 13282 
bc-first-western 13211 13212 
bc-freedom-savings- 13199 
bc-freedom-savings-and-l 13192 
bc-gabelli-explains-sale 13210 
bc-gencorp 13206 
bc-gulf-states- 13225 
bc-hk-shanghai-bank 13230 
bc-hong-kong-banks-raise 13231 
bc-houston-industries- 13222 
bc-houston-oil-royalty-t 13204 
bc-hudson-foods- 13226 
bc-ibc-closes-coffee-exp 13201 
bc-ibc-closes-export-reg 13242 
bc-ibc-could-close-coffe 13170 
bc-ibc-registers-1.4-mln 13190 
bc-iea-sees-one-pct-grow 13256 
bc-illinois-power- 13164 
bc-indonesian-airliner-c 13248 
bc-insolvent-california 13233 
bc-institute-sees-w.germ 13238 
bc-international-telecha 13207 
bc-jal-plane-crash-thoug 13249 
bc-japan-makes-seamless- 13279 
bc-kenner-parker- 13209 
bc-key-centurion- 13196 
bc-lawson-says-u.k.-elec 13243 
bc-leading-cocoa-produce 13271 
bc-loctite- 13186 
bc-manila-meeting-with-d 13241 
bc-march-u.s.-purchasing 13258 
bc-mellon- 13221 
bc-miyazawa-expects-coor 13268 
bc-miyazawa-sees-big-nat 13270 
bc-miyazawa-sees-major-n 13267 
bc-myers 13189 
bc-n.z.-weekly-t-bill-te 13264 
bc-national-australia-ba 13262 
bc-nelson-to-expand-vide 13181 
bc-oil-market-likely-to 13276 
bc-oil-prices-seen-holdi 13281 
bc-olin- 13195 
bc-opposition-leader-war 13277 
bc-paris-club-agrees-new 13252 
bc-pennsylvania-blue-cro 13215 
bc-peru-consumer-prices 13172 
bc-peru-says-it-intends 13234 
bc-philippine-coffee-exp 13269 
bc-philippines-approves 13239 
bc-plessey- 13240 
bc-proposed-offerings 13218 
bc-providence-energy-cor 13224 
bc-publishers-equipment 13205 
bc-radiation-systems 13194 
bc-residential- 13176 
bc-reuters-seeks-share-l 13283 
bc-rio-de-janeiro 13198 
bc-rospatch 13182 
bc-s.-korea-orders-merge 13235 
bc-sabine-royalty-trust 13223 
bc-sci- 13175 
bc-south-korea's-1987-gn 13274 
bc-south-korean-wholesal 13232 
bc-st-systems- 13228 
bc-sturm 13197 
bc-subroto-says-extensio 13275 
bc-telebyte-technology-i 13203 
bc-texas-american- 13163 
bc-time- 13187 
bc-treasury-balances-at 13167 
bc-u.k.-retail-sales-ris 13284 
bc-u.s.-cable-tv-credit 13178 
bc-u.s.-car-sales-recove 13220 
bc-u.s.-company-earnings 13191 
bc-u.s.-credit-market-ou 13261 
bc-u.s.-navy-said-increa 13247 
bc-u.s.-to-press-for-fas 13278 
bc-u.s.-treasury-market 13208 
bc-uae-oil-production-dr 13236 
bc-warehouse-club- 13174 
bc-white-house-denies-an 13246 
bc-yugoslavian-bank-gets 13213 13217 
bc-zambian-currency-fall 13245 
bcs.l 13259 
beaumont 13225 
beause 13263 
beet 13237 
began 13177 13265 
begin 13193 13225 
begining 13256 13266 
beginning 13258 13272 
begins 13177 
begun 13261 13277 
belgian 13244 13252 
belgium 13243 13244 13246 13252 
belief 13253 13261 
believed 13208 13243 13244 
believes 13225 13244 13249 13263 
bell 13240 
bellsouth 13240 
belmont 13175 
benchmark 13183 13262 
bend 13225 13281 
benefit 13213 13217 13227 13236 13241 
benefiting 13234 
bernard 13250 
betwen 13244 
beverly 13209 
beverly-hills 13219 
bhi 13193 
bias 13261 
bid 13179 13188 13197 13208 13245 13265 
bidder 13245 
bidders 13245 
bids 13208 
biffex 13179 
big 13183 13241 13270 
bigelow 13187 
biggest 13184 13200 13253 13260 
bill 13208 
billion 13167 13177 13225 13234 13239 13240 13241 13250 13255 13263 13274 
bills 13208 13264 
binding 13278 
biomet 13191 
bipolar 13243 
bit 13193 13276 
bituminous 13169 
biw 13165 
biwc 13165 
bko 13193 
blah 13198 13230 13267 13268 
blahs 13216 
blaming 13244 
bln 13254 
block 13280 
blocks 13280 
blood 13215 
bls.n 13240 
blue 13215 
board 13162 13173 13233 13249 13263 13274 
boddie-noell 13229 
bode 13261 
boeing 13249 
bogota 13184 
bolivar 13177 13184 
bolivars 13177 
bombed 13184 
bombing 13247 
bombings 13184 
bond 13208 13261 
bonds 13164 13183 13208 13222 13261 
bonn 13244 13257 13278 
bonus 13179 13265 
book 13187 
books 13170 
boost 13236 13244 13250 13252 
boosting 13250 
boosts 13211 13212 
borders 13244 
borough 13168 
borrowings 13263 
boston 13165 
bought 13179 13189 13211 13212 
bounce 13208 
bouy.pa 13250 
bouygues 13250 
bouygues-led 13250 
bowes 13258 
bpd 13236 13256 13266 13281 
brackets 13162 13173 
branch 13163 
brasilia 13200 
braverman 13261 
brazil 13170 13190 13198 13200 13201 13208 13242 13271 
brazilian 13170 13190 13200 13201 13242 
bread 13162 
breaking 13260 
bretz 13258 
briefed 13271 
briefly 13216 
bring 13201 13216 13253 13261 13278 
brings 13190 13262 
britain 13243 13253 13259 13270 13278 
british 13240 13243 13244 13252 13253 13259 13260 
broad 13261 
broke 13246 
brokerage 13182 
brokers 13179 
brookehill 13182 
brothers 13209 13239 13261 
brought 13209 13252 
brown 13210 
buckhannon 13196 
budget 13167 13278 
buenos 13162 13173 13254 
buffer 13271 
build 13216 13234 
building 13178 13256 13266 
built 13240 13256 13259 13266 
bulkhead 13249 
bundesbank 13244 
burden 13239 13252 
bureau 13283 
burnham 13216 13220 13263 
business 13167 13175 13179 13187 13240 13250 13253 13258 
businesses 13265 
businessman 13194 
buy 13168 13171 13179 13196 13210 13211 13212 13222 13229 13234 13236 13239 13264 
buy-back 13171 
buy-sell 13234 
buyers 13216 13236 13281 
buying 13179 13208 13210 13216 13220 13261 13281 
buys 13175 
bylaws 13263 
byuck 13235 
bzw 13259 
c.o.p.s 13250 
ca 13208 
cable 13165 13178 13253 
caesars 13263 
cag 13171 
cal. 13233 
calculations 13236 
calendar 13162 13185 13237 
calender 13266 
calif. 13175 13211 13212 
calif.-based 13219 
california 13233 
call 13196 13231 13260 
called 13177 13193 13209 13252 
calling 13244 13252 
calls 13252 13280 
calm 13261 
cameroon 13271 
canada 13181 13183 13256 13266 13270 13278 
canadian 13179 13183 
candidate 13250 13257 
candidates 13250 
cane 13237 
cano 13184 
capabilities 13213 
capability 13213 
capital 13178 13199 13215 13238 13239 13244 13261 13263 13265 
capped 13208 
car 13216 13220 
caracas 13177 
card 13181 
cargill 13179 
cargo 13179 
cargoes 13281 
caribbean 13184 
carmaker 13216 
carmakers 13216 13220 
carolina 13229 
carrier 13247 
carriers 13247 
carritt 13244 
carry 13244 
carrying 13248 
cars 13216 13220 
case 13209 13266 
case-by-case 13252 
cases 13209 
cash 13167 13175 13178 13180 13223 13225 13263 13265 
casino 13263 
caspar 13247 
cassette 13181 
categorically 13246 
caused 13210 13249 
causing 13261 
cautious 13261 
cavarellino 13234 
caw 13263 
cawl.l 13253 
cdu 13257 
cdu's 13257 
cdu-dominated 13257 
cdu/fdp 13257 
ceiling 13166 13276 13281 
cent 13249 
center 13228 
central 13177 13196 13208 13239 13240 13244 13245 13246 13252 13255 13257 13282 
centrally 13266 
centrally-planned 13256 
centre-right 13257 
cents 13180 13263 
centurion 13196 
cereal 13277 
ceremony 13276 13280 
certificate 13202 13249 13263 
certificates 13176 
certifying 13269 
cfbi 13180 
chairman 13210 13258 13259 13263 
chamber 13185 
chance 13280 
chancellor 13243 13244 13252 13257 
change 13243 13263 
changed 13166 13185 
channels 13246 
channon 13253 
charge 13165 13174 
charges 13199 13221 
charleston 13196 
charter 13281 
chartered 13230 13231 13233 
chavin 13189 
cheating 13281 
check 13249 
chemical 13238 
chemicals 13195 
cherrin 13261 
chicago 13174 13179 13189 
chief 13187 13261 13263 
chin 13235 
china 13237 13255 13279 
chinese 13237 13247 
chips 13273 
choice 13276 13281 
choices 13260 
choyang 13235 
christian 13257 
chrysler 13216 
chung 13235 
cia 13246 
cigarettes 13234 
circumstances 13225 
cis 13283 
cite 13168 
cited 13243 
citigames 13209 
citing 13178 
city 13168 
civil 13234 
civilian 13246 
class 13202 13221 
clauses 13244 
clear 13243 13244 13260 
cleared 13193 
clearer 13261 
clients 13210 
climate 13261 
close 13170 13176 13183 13208 13216 13251 13256 
closed 13170 13183 13201 13208 13242 13250 13261 13263 
closely-watched 13261 
closer 13244 
closes 13198 13201 13242 
closest 13260 
closing 13174 13261 13265 
closure 13201 13242 
club 13174 13252 
cly 13188 
coal 13169 
coalition 13257 
coast 13271 
coastal 13244 
cockpit 13249 
cocoa 13271 
coconut 13241 
code 13225 
coffee 13170 13190 13201 13242 13269 
coincided 13277 
collateral 13176 
collaterized 13176 
collective 13234 
colo. 13194 
colombia 13179 13184 
colorado 13280 
combination 13194 13241 13269 
combined 13194 
comfortable 13187 
coming 13177 13281 13282 
command 13246 
commander 13234 
comment 13179 13246 13249 13270 
commentators 13257 
commented 13253 
commenting 13259 13263 
comments 13249 
commerce 13246 13273 
commercial 13246 13252 
commission 13179 13182 13189 13194 13206 13207 13210 13211 13212 13218 13225 13229 13244 13250 
commissions 13225 
commitments 13161 13166 13278 
committed 13244 
committee 13208 13235 13244 13246 13252 13254 13258 13261 13270 
commodities 13252 
common 13171 13182 13189 13202 13206 13207 13211 13212 13218 13229 13263 13271 
common-equivalent 13263 
communications 13240 13250 
communique 13184 
community 13243 13244 13252 13259 
company 13164 13171 13174 13178 13180 13184 13186 13187 13189 13191 13193 13200 13210 13211 13212 13216 13219 13225 13227 13228 13229 13245 13250 13256 13259 13263 13265 13266 13280 13283 
company's 13225 
comparative 13237 
compare 13266 
compared 13167 13169 13172 13179 13185 13216 13225 13245 13252 13256 13266 13281 
compares 13265 
comparison 13279 
comparisons 13162 
compensate 13252 
compete 13253 
competitive 13227 
competitiveness 13213 13217 
complained 13252 
complaints 13193 
complementary 13265 
completed 13193 
completely 13208 
complex 13179 
complying 13236 
components 13258 
composite 13258 13261 13283 
comprised 13190 
computer 13175 13246 13273 
comterm 13214 
comterm-inc 13214 
conagra 13171 
concept 13210 
concern 13253 
concerned 13215 
concession 13250 
concessionary 13235 
concessions 13253 
concluded 13166 13178 13279 
concludes 13209 
condition 13221 13225 
conditions 13185 13261 
conducted 13244 
conference 13241 13244 13252 13271 13277 
confidence 13261 
confident 13263 13276 
confirm 13260 
confirmation 13201 13242 
confirmed 13183 13242 13260 
conflict 13273 
congress 13166 13168 13241 13278 
congressional 13278 
conn 13197 
conn. 13186 
connection 13225 13246 13249 13263 
consecutive 13260 
consent 13193 
conservation 13213 13217 
conservative 13253 13260 
conservatives 13260 
considerable 13281 
considerations 13208 13243 
considered 13243 
considers 13236 13253 13261 
consist 13239 
consistent 13246 13258 
consists 13213 13217 
consolidated 13250 
consolidation 13165 13178 
consolidations 13178 
consortia 13253 
consortium 13250 
construction 13235 13250 
constructive 13252 
consuemr 13172 
consultancy 13213 13217 
consultations 13278 
consultative 13241 
consulted 13185 
consumer 13172 13232 13256 13261 13266 
consumers 13275 
consumption 13238 13256 13266 13275 
contacted 13249 
container 13235 
contention 13250 
continental 13259 
contingent 13225 
continuation 13216 
continue 13174 13177 13247 13258 13261 13276 
continued 13166 13179 13185 13261 13276 
continues 13171 
continuing 13199 13235 13246 13256 13266 13277 
contract 13228 13233 13240 13280 
contracted 13279 13280 
contracts 13177 13280 13281 
contribute 13187 
contributed 13277 
control 13188 13189 13211 13212 13246 13252 13257 
controlling 13250 
controls 13194 
convenes 13241 
convenience 13181 
convention 13249 
conventional 13176 
convergence 13244 
conversations 13261 
conversion 13171 13239 
convert 13239 
convertible 13265 
cooperate 13270 
cooperation 13244 13266 
coordinated 13268 13270 
coordinating 13215 13246 
coordination 13244 
corazon 13241 
core 13243 
corn 13173 13179 13241 
corporate 13235 13253 
corporation 13163 13210 
corporations 13241 
correcting 13219 
correction 13219 
corrective 13278 
correctly 13249 
corrects 13219 
corrupt 13277 
cost 13219 13241 13248 13251 13273 
costs 13213 13217 13222 13251 13280 
council 13275 
counter-bid 13265 
counter-bids 13265 
countermeasures 13253 
counterproductive 13253 
countries 13185 13236 13244 13252 13253 13256 13261 13266 13273 13275 13278 13279 13281 
country 13200 13213 13217 13234 13239 13244 13253 13274 13277 
country's 13282 
coupon 13208 13222 
cover 13179 13213 13215 13217 
coverages 13178 
covered 13215 13234 
covering 13162 13175 13229 
cpa 13271 
cpi 13172 
crash 13248 13249 
crashed 13248 13249 
cravo 13184 
create 13166 13244 13283 
credit 13178 13181 13213 13217 13225 13227 13250 13261 
creditor 13252 13254 
creditors 13225 
credits 13234 
creditworthiness 13227 
crew 13248 
crisis 13277 
criticised 13234 
criticism 13185 
crlp.pa 13250 
crop 13269 13272 
crops 13277 
cross 13215 13280 
cross/blue 13215 
crucial 13261 
crude 13184 13200 13236 13256 13266 13276 13280 13281 
crudes 13281 
crushers 13179 
crushing 13237 
cubic 13200 
cullen/frost 13180 
cumulative 13162 
curb 13278 
currencies 13244 13245 13268 13270 13278 
currency 13244 13245 13261 13270 
current 13165 13178 13208 13213 13217 13218 13234 13244 13256 13261 13263 13266 13272 13277 13281 
customer 13208 13236 
customers 13181 13216 13236 
cut 13206 13236 13278 13281 
cutback 13216 
cuts 13182 13206 13216 
cutting 13278 
cyacq 13188 
cyclical 13250 
cyclops 13188 
cylcops 13188 
d.s 13271 
daelim 13235 
daily 13170 13200 13253 13260 
dallas 13205 13207 13223 
dante 13269 
danuta 13208 
darwin 13265 
data 13183 13208 13249 13256 13261 13266 
david 13216 13220 13240 
day 13167 13183 13184 13200 13208 13236 13250 13266 13271 13280 13281 
days 13167 13168 13190 13216 13220 13249 13256 13266 
dayton 13188 
dc-9 13248 
dc-9s 13248 
de 13170 13190 13198 13201 13242 13259 13269 
deal 13205 13208 13240 
dealer 13216 
dealers 13179 13183 13208 13216 
dealing 13252 13283 
dealings 13189 
deals 13251 13279 13281 
debacle 13257 
debate 13244 13249 
debentureholders 13226 
debentures 13218 
debt 13164 13177 13178 13192 13226 13234 13239 13252 13254 13261 13263 
debt-financed 13178 
debt-to-equity 13239 
debtors 13177 
debts 13252 13255 
decatur 13164 
december 13177 13185 13216 13282 13284 
decide 13216 
decided 13235 13251 13253 
decision 13194 13225 13250 13269 
decker 13221 
declaration 13170 
declared 13170 13236 
decline 13208 13216 13221 13238 13256 13261 13266 
declined 13185 13249 13252 13258 
declining 13256 13258 13266 
decompression 13249 
decrease 13166 13178 
decree 13193 
dedramatise 13244 
dedramatising 13244 
deducted 13280 
deductions 13216 
deepen 13234 
deeper 13280 
defence 13246 13247 
defend 13221 13271 
defended 13185 
defends 13185 
defer 13180 13235 
deficit 13252 13263 13278 
degree 13208 
delaware 13263 
delays 13178 
delegates 13271 
deliberation 13235 
deliveries 13258 
delivery 13179 
delors 13244 
demand 13166 13216 13238 13245 13252 13256 13266 13278 
demands 13281 
democrat 13257 
democratic 13234 
democrats 13257 13260 
denied 13246 
denies 13246 
deny 13246 
department 13168 13169 13179 13185 13193 13246 13284 
deposed 13241 
deposit 13231 
depositary 13283 
deposited 13234 
deposits 13233 
depreciated 13245 
depreciation 13187 
depress 13281 
depressing 13278 
deregulation 13259 
derose 13182 
des 13251 
design 13247 
designed 13239 13245 
desktop 13175 
despatched 13253 
destocking 13256 13266 
destroy 13281 
destroyed 13277 
details 13235 13252 
deteriorated 13225 
determination 13276 
determined 13253 
determining 13185 
detroit 13216 13220 
develop 13259 13273 13278 
developed 13252 
developer 13189 
developing 13244 13252 13261 
development 13213 13234 13235 13252 13266 
developments 13261 13280 
develpoment 13235 
deviations 13278 
dey 13240 
dhabi 13236 
dhaka 13277 
diagnostic 13215 
dickinson 13189 
differentials 13244 
difficult 13243 13269 
difficulties 13213 13217 13244 
digital 13240 
dilute 13187 
diluted 13171 
dilution 13187 
diminishing 13243 
direct 13166 13246 13249 13279 
direction 13252 13257 
directly 13246 
director 13240 13258 
directors 13263 
disadvantage 13227 
disagreement 13275 
disagreements 13257 
disappointments 13178 
discipline 13281 
disclose 13221 
disclosed 13283 
discontinued 13214 
discount 13239 13281 
discounted 13281 
discouraged 13208 
discovered 13200 
discovery 13200 
discuss 13241 13244 13251 13271 
discussed 13244 13271 
discussion 13244 13252 
discussions 13252 
dismissal 13234 
dispel 13253 
display 13283 
displeasure 13273 
disposal 13185 
disposals 13185 
dispute 13253 13273 13278 
dist 13204 
distance 13247 
distribute 13241 
distribution 13204 13223 13263 
div 13224 
diversification 13250 
diversified 13239 
divided 13280 
dividend 13180 13224 13263 
dixons 13188 
dlr 13164 13165 13213 13217 13225 13234 13239 13240 13241 13263 13265 13276 13281 
documentation 13241 
doe 13168 
dollar 13183 13208 13234 13244 13245 13261 13278 13279 
dollar/trade 13261 
dollars 13177 13234 13244 
domestic 13183 13216 13220 13234 13238 13248 13261 13269 13278 
dominant 13244 
domingo 13271 
dominican 13271 
donors 13241 
doomed 13249 
dooyang 13235 
double 13205 
doubts 13208 
douglas 13248 
downs 13192 
downward 13208 13261 
draft 13249 
draw 13256 13266 
drawing 13227 
drexel 13216 13220 13263 
drilled 13280 
drinking 13249 
drop 13208 13236 13237 13256 13266 13269 
dropped 13208 13216 13236 13269 
dropping 13216 
drops 13236 
drug 13219 
dry 13179 
dual 13278 
dubai 13236 
due 13168 13180 13185 13218 13221 13222 13234 13237 13243 13249 13253 13256 13261 13263 13266 13269 13271 13274 13277 13279 
durum 13179 
dutch 13259 
dutch/shell 13184 
dynamite 13184 
eac 13191 
earlier 13164 13169 13201 13221 13241 13257 13274 
early 13168 13183 13184 13192 13216 13260 13264 
earn 13165 13174 13180 13186 13187 13191 13192 13203 13204 13214 13223 13224 13225 13263 
earned 13186 13225 
earner 13234 
earning 13199 13234 
earnings 13171 13180 13186 13187 13191 13234 13263 
ease 13261 13277 
easing 13208 13213 13217 13252 
east 13281 
eastern 13283 
easy 13273 
ec 13243 13244 13252 
ec's 13244 
economic 13180 13238 13244 13252 13258 13261 13266 13274 13278 13281 
economies 13252 13256 13266 
economist 13261 
economists 13252 13253 13261 
economy 13166 13180 13208 13216 13234 13254 13258 13261 13274 
ecopetrol 13184 
editions 13250 
edouard 13252 
edwards 13218 
eep 13179 
effect 13253 13263 
effective 13186 13231 13234 13242 13262 
effectively 13234 
effects 13187 
effort 13181 13247 
efforts 13244 
eia 13169 
eight-year 13177 
eklutna 13168 
elders 13265 
elected 13241 
election 13243 13260 
elections 13257 13260 
electric 13168 13193 13227 
electricity 13248 
electronic 13278 
electronics 13191 13238 
element 13243 
eligibility 13226 
eligible 13179 
emergency 13225 13277 
emerging 13179 
emirate 13236 
emirates 13236 
employ 13259 
employees 13250 
employment 13183 13208 13258 13261 
employs 13259 13283 
ems 13243 13244 
enabling 13239 
encourage 13234 13239 
encouraged 13261 13281 
encouragement 13216 
end 13192 13208 13225 13241 13258 13265 
end-1985 13255 
end-1986 13255 
end-september 13255 13279 
end-users 13256 13266 
ended 13169 13179 13180 13183 13208 13258 13263 
ending 13172 13269 13277 
ends 13208 
energy 13168 13169 13213 13217 13224 13256 13266 13275 13276 13280 13281 
enforcement 13197 
engineering 13238 
enhancement 13179 
enim 13280 
enjoyed 13234 
enof 13251 
ensure 13270 13278 
enter 13243 
entire 13263 13265 
entities 13168 
entreprise 13251 
entry 13243 
environment 13257 13261 
envisaged 13278 
equipment 13205 13213 13217 13240 13246 
equities 13182 13259 
equity 13171 13227 13239 13263 
equivalent 13184 13256 13266 
erik 13211 13212 
erosion 13261 
essentially 13261 
establish 13261 13278 
established 13178 13240 
estate 13189 13192 13199 13229 13235 
estimate 13263 
estimated 13169 13170 13218 13225 13241 13250 13258 13274 13281 
estimates 13187 13256 13266 
europe 13247 13256 13259 13266 
european 13243 13244 13252 
event 13253 
eventually 13281 
evidence 13261 
evidencing 13176 
evident 13258 
examination 13249 
exceeds 13280 
excess 13197 
exchange 13182 13189 13194 13196 13206 13207 13210 13211 13212 13213 13217 13218 13226 13229 13234 13240 13243 13244 13245 13251 13255 13261 13270 13278 13283 
exchanged 13222 
exchanging 13239 
exchequer 13243 13244 13252 
excludes 13214 13282 
excluding 13263 
executive 13244 13263 
executives 13178 
exempted 13235 
exhausted 13277 
exhibit 13178 
eximbank 13166 
existing 13229 
expand 13181 13227 
expanded 13258 
expanding 13216 13250 13258 
expansion 13261 
expect 13243 13261 13281 
expected 13168 13176 13177 13179 13186 13213 13217 13241 13252 13253 13256 13260 13261 13263 13266 13269 13276 13278 13283 
expecting 13253 
expects 13174 13186 13222 13263 13268 13270 13277 13278 
expense 13178 13263 
expenses 13199 13222 13225 13263 
expiring 13216 
explained 13256 13266 
explains 13210 
exploding 13216 
exploiting 13184 
explore 13280 
explosive 13248 
export 13162 13170 13173 13179 13190 13198 13201 13234 13242 13269 13279 
export-import 13166 
exported 13246 
exporter 13179 13269 
exporters 13170 13179 13198 13201 13242 13269 13271 
exporting 13236 13281 
exports 13166 13179 13256 13266 13269 13274 13275 
express 13218 13260 
expressed 13253 
extended 13179 13208 
extension 13275 
extensive 13241 13265 
extent 13278 
extraordinary 13192 13214 
extremely 13170 
eyskens 13244 13252 
f0000 13238 
f0001 13273 
f0002 13239 
f0003 13274 
f0005 13240 
f0007 13241 
f0011 13234 13242 
f0012 13243 
f0015 13244 
f0021 13275 
f0022 13245 
f0030 13246 
f0033 13247 13276 
f0036 13248 
f0039 13235 
f0041 13249 
f0042 13236 
f0047 13250 
f0052 13251 
f0055 13237 13252 
f0062 13253 
f0063 13277 
f0067 13254 
f0068 13255 
f0076 13256 
f0083 13257 
f0086 13258 
f0087 13259 
f0096 13260 
f0102 13261 
f0116 13262 
f0118 13263 
f0128 13264 
f0130 13265 
f0152 13266 
f0158 13278 
f0164 13267 
f0166 13268 
f0169 13269 
f0171 13270 
f0174 13271 
f0176 13272 
f0182 13279 
f0190 13280 
f0243 13281 
f0307 13282 
f0334 13283 
f0370 13284 
f2347 13162 
f2348 13163 
f2352 13164 
f2353 13165 
f2356 13166 
f2360 13167 
f2362 13168 
f2369 13169 
f2370 13170 
f2376 13171 
f2379 13172 
f2388 13173 
f2391 13174 
f2392 13175 
f2393 13176 
f2395 13177 
f2410 13178 
f2411 13179 
f2414 13180 
f2418 13181 
f2424 13182 
f2425 13183 
f2427 13184 
f2434 13185 
f2436 13186 
f2438 13187 
f2444 13188 
f2447 13189 
f2448 13190 
f2459 13191 
f2460 13192 
f2467 13193 
f2470 13194 
f2472 13195 
f2477 13196 
f2481 13197 
f2483 13198 
f2484 13199 
f2485 13200 
f2486 13201 
f2487 13202 
f2488 13203 
f2489 13204 
f2490 13205 
f2491 13206 
f2492 13207 
f2493 13208 
f2495 13209 
f2497 13210 
f2501 13211 
f2503 13212 
f2504 13213 
f2507 13214 
f2508 13215 
f2510 13216 
f2511 13217 
f2517 13218 
f2520 13219 
f2522 13220 
f2530 13221 
f2544 13222 
f2546 13223 
f2547 13224 
f2548 13225 
f2552 13226 
f2553 13227 
f2557 13228 
f2558 13229 
f2582 13230 
f2584 13231 
f2590 13232 
f2592 13233 
face 13239 13273 13276 
faces 13281 
facing 13252 
fact 13273 
factor 13208 13256 13266 
factors 13178 13243 
fail 13271 
failed 13221 13240 13253 
failing 13253 
failure 13249 13253 13273 13277 
fair 13253 13263 
fairly 13261 
fall 13238 13255 13261 13269 13271 13278 
falling 13216 13238 13252 13269 13284 
falls 13245 13252 
faltas 13250 
famine 13277 
fast 13278 
faster 13258 13278 
fault 13249 
faulty 13249 
favour 13280 
favourable 13252 13276 
fdp 13257 
fdx 13218 
fears 13208 
featured 13179 
february 13170 13172 13182 13188 13208 13216 13221 13225 13231 13232 13236 13244 13250 13254 13256 13258 13261 13266 13270 13280 13281 13284 
february/march 13256 13266 
fed 13167 13208 13261 
federal 13167 13191 13208 13218 13233 13257 13261 
feel 13241 
feeling 13244 
fell 13167 13169 13208 13216 13220 13221 13236 13238 13245 13256 13266 13281 
felt 13183 13252 
ferdinand 13241 
fhlbb 13233 
field 13265 
fields 13236 
figure 13258 
figures 13162 13216 13237 13255 13276 13284 
filed 13164 13207 13218 13221 13229 
files 13164 13229 
filing 13182 13189 13194 13211 13212 13225 
filings 13210 
final 13244 13249 13256 13266 13283 13284 
finalised 13235 
finance 13178 13213 13217 13219 13227 13235 13239 13241 13243 13244 13252 13263 13270 13278 
financial 13178 13187 13191 13211 13212 13213 13217 13221 13225 13227 13235 13241 13253 13259 13261 13263 13283 
financially 13235 13263 
financiere 13250 
financing 13187 13189 13225 13263 
find 13199 
finds 13280 
fine 13191 
finished 13208 
finland 13282 
finnish 13282 
fire 13246 13247 13248 
firearms 13197 
firm 13182 13208 13210 13219 13240 13249 13261 13276 
firm's 13249 
firmer 13208 
firming 13261 
firmly 13178 
firms 13227 13235 13236 13251 13253 13259 13279 
fiscal 13166 13263 13277 
fixed 13236 13244 13245 13261 
fixing 13179 
fla. 13192 13199 
flat 13256 13266 
flaxseed 13179 
fleet 13248 
flew 13248 
flexibility 13263 
flexo 13205 
flight 13248 13249 
float 13245 
floor 13278 
florida 13240 13263 
flow 13178 13200 
flowed 13244 
flowing 13247 
flown 13246 
flows 13178 
fob 13173 13251 
focus 13259 13261 
follow-up 13275 
fomc 13208 13261 
fonderen 13163 
food 13277 
foods 13226 
foot 13253 
forbidden 13246 
force 13234 
forced 13183 13225 13244 13281 
ford 13216 
forecast 13186 13256 13257 13266 13269 13274 
forecasts 13186 13252 13266 
foreign 13177 13208 13213 13216 13217 13220 13234 13239 13244 13245 13246 13253 13254 13255 13261 
foresman 13187 
form 13249 
formal 13227 
formation 13275 
formed 13210 13257 
formula 13282 
forstman 13197 
fort 13163 13176 
fortune 13175 
forward 13244 13252 13253 13256 13266 
foster 13261 
found 13210 13236 
fourth 13180 13256 13276 13281 
fragile 13261 
franc 13250 
france 13244 13250 13256 13266 13270 13278 
francs 13250 
frdm 13192 13199 
free 13234 13257 13273 
freedom 13192 13199 
freer 13253 
freight 13179 
french 13240 13250 13252 
fresh 13254 
friday 13242 13250 13253 13261 13262 13263 13265 
frozen 13234 13261 
frustration 13278 
fsys 13175 
fuel 13256 13266 
fuels 13256 13266 
fulfil 13247 
fulfilled 13244 
full 13187 13216 13239 13243 13259 
full-scale 13273 
fully 13178 13216 13220 
functioning 13244 
fund 13161 13234 13239 13252 13254 
fund/world 13252 
fundamentals 13261 
funding 13241 
funds 13164 13208 13244 13261 
future 13174 13257 
futures 13179 
fwes 13211 13212 
g. 13261 
gabelli 13206 13210 
gain 13208 13214 13227 13232 13253 
gains 13179 13183 13208 13261 13279 
gallon 13234 
game 13209 
games 13209 
gaming 13263 
garcia 13234 
garuda 13248 
gas 13181 13200 13234 13256 13265 13266 13280 
gathering 13244 13252 
gave 13260 13276 
gdp 13234 
ge 13227 
gencorp 13206 13210 
general 13185 13207 13216 13227 13234 13244 13250 13260 13271 13278 
generale 13250 
generally 13234 13258 13261 13281 
generated 13281 
generating 13178 
george 13246 
gerhard 13244 
german 13243 13244 13278 
germany 13244 13252 13257 13270 13278 
ghana 13271 
giant 13216 
giovanni 13252 
give 13208 13252 13260 13263 13280 
giving 13216 13220 13237 13250 13252 13260 
glantz 13216 
global 13166 
gluck 13263 
gm 13216 
gmf/fnac 13250 
gnp 13234 13258 13261 13274 13278 
goal 13244 
goals 13278 
gold 13255 
golden 13194 
good 13179 13194 13241 13258 13280 
goods 13238 13253 13278 
goria 13252 
governed 13257 
government 13179 13234 13235 13239 13241 13243 13245 13246 13249 13253 13256 13266 13274 13277 
governments 13185 13234 13244 13252 13256 13266 
governors 13244 
grace 13252 
grade 13236 
grades 13178 13281 
grain 13162 13173 13179 13272 13277 
grain/oilseed 13173 
grains 13162 13277 
grains/oilseeds 13179 
grant 13225 
granted 13225 13252 
greater 13178 13244 13252 
greece 13179 
green 13190 
greenlawn 13203 
greenmail 13210 
greens 13257 
gross 13234 13258 13274 
grossman 13182 
ground 13248 
groundnutseed 13173 
group 13182 13184 13188 13189 13202 13206 13210 13235 13241 13247 13250 13262 13275 13278 
groupe 13250 
groups 13250 13252 13260 
grow 13234 13252 13274 
growing 13216 13237 13253 13274 
grown 13237 13274 
growth 13166 13178 13186 13208 13234 13252 13254 13256 13258 13261 13266 13274 13278 
gsa 13185 
gsu 13225 
guangxi 13237 
guarantee 13166 13273 
guarantees 13166 
guidelines 13227 
gulf 13179 13225 13247 
gulfway 13163 
guzman 13269 
gy 13206 13210 
hachette 13250 
hacp.pa 13250 
hailed 13260 
half 13241 
hand 13227 
hands 13168 
hanjin 13235 
hanshin 13235 
happened 13240 
hard 13179 13234 
hard-line 13234 
hardee 13229 
harm 13261 
harris 13261 
harrisburg 13215 
harvest 13277 
hawk 13247 
head 13210 13261 
headed 13250 
heading 13254 
headquarters 13249 
healthy 13258 13261 
healy 13216 13220 
heard 13201 13242 
hearings 13241 
heat 13277 
heavily 13178 
heavy 13170 13208 13256 13266 
hectares 13237 13241 
held 13244 13252 13255 13261 13263 13266 
helmut 13257 
helped 13208 
helping 13216 
helsinki 13282 
henry 13261 13263 
hesse 13257 
heung 13235 
hfi 13226 
high 13208 13222 13227 13236 13250 13261 13280 13281 
high-ranking 13244 
higher 13179 13186 13208 13227 13256 13258 13261 13266 13269 13279 
highest 13187 13216 13220 
highlights 13191 
highly 13250 13261 
highs 13208 
hikes 13216 13220 13225 
historical 13261 
history 13249 
hk 13230 
hold 13244 13261 13270 
holder 13183 
holders 13218 13265 
holding 13281 
holdings 13181 13235 13265 13283 
holds 13239 13244 13250 13265 
home 13233 
hometown 13209 
honda 13216 
hong 13231 13259 13280 
hong-kong 13231 
hongkong 13231 
hoped 13254 
hormuz 13247 
hosted 13252 
hosting 13244 
hotel 13263 
hou 13222 
hours 13231 
house 13239 13246 13259 13260 
houses 13253 
houston 13193 13204 13222 
hovered 13251 
howard 13253 
ht 13193 
hudson 13226 
huge 13278 
hughes 13193 
hundred 13247 
hung 13257 
hunt 13195 
hurt 13253 
hurting 13246 
hy-2 13247 
hydroelectric 13168 
hyundai 13235 
ibc 13170 13190 13198 13201 13242 
icco 13271 
ico 13269 
ico-coffee 13269 
idea 13216 13244 
ideas 13252 
identified 13246 13249 
iea 13256 13266 
ifc 13239 
ifo 13238 
ill. 13164 
illegal 13246 
illinois 13164 13174 
illumination 13261 
image 13195 
imf 13252 13254 
immediately 13201 
impact 13187 13243 13261 
implement 13241 
implies 13244 13258 
import 13179 13216 13277 
importance 13244 
important 13240 13244 13253 
imports 13213 13216 13217 13220 13278 
imposed 13273 
imposition 13253 
impoverished 13241 
improve 13178 13213 13217 13235 
improved 13174 13178 13258 
improvement 13258 
imprts 13179 
inadequate 13225 
inc. 13193 
incentive 13171 
incentives 13216 
inclined 13261 
include 13165 13241 13244 13250 13252 13271 
included 13199 13236 
includes 13182 13187 13192 
including 13190 13192 13199 13218 13241 13249 13262 13280 
income 13187 13263 
incorporate 13205 
incorporation 13263 
increase 13172 13225 13234 13238 13247 13258 13259 13263 13281 13283 
increased 13185 13188 13216 13231 13237 13256 13263 13266 13274 
increases 13225 
increasing 13247 13261 
incurred 13263 
incurs 13187 
independent 13227 13250 
index 13172 13232 13258 13261 13284 
india 13179 
indian 13247 
indiana 13174 
indicating 13216 13220 
indication 13276 
indicator 13261 
indicators 13244 13258 
indiscriminately 13252 
indonesia 13248 13275 13276 13280 13281 
indonesian 13248 13275 13276 13280 
indosuez 13250 
industrial 13213 13217 13235 13258 13273 13278 
industrialised 13244 13252 13256 
industrialized 13266 
industries 13191 13210 13213 13217 13222 13279 
industry 13178 13195 13216 13220 13236 13238 13250 13253 13284 
infected 13215 
inflation 13172 13244 
inflation-adjusted 13252 
inflationary 13261 
influence 13257 
influenced 13178 
influences 13238 
informal 13243 13244 13252 
information 13169 13283 
infringement 13209 
ingersoll 13205 
initial 13200 13208 13218 13225 13229 13256 13266 
initially 13259 
initiative 13252 
initiatives 13278 
injected 13227 
injunctions 13209 
injured 13248 
insecticide 13249 
insisted 13252 
insolvent 13233 
inspection 13249 
inspectors 13249 
instalment 13261 
instance 13261 
institute 13170 13172 13190 13201 13238 13242 
institutional 13213 
insurance 13166 13253 
insurer 13215 
integrate 13228 
integration 13244 
intelligence 13246 13247 
intends 13234 
intensive 13178 
intent 13175 
intention 13278 
inter-american 13234 
interest 13177 13178 13222 13230 13231 13235 13241 13244 13261 13262 13263 13280 
interested 13239 13253 13263 
interests 13176 13265 
interim 13225 
internal 13244 13249 
international 13181 13190 13193 13207 13235 13239 13244 13249 13252 13253 13254 13256 13259 13266 13269 13271 13275 
intervals 13227 
intervene 13244 
intervention 13208 13244 
interview 13273 
interviews 13249 
inti 13234 
intis 13234 
introduce 13275 
introduced 13245 
introduction 13245 
inventories 13258 
inventory 13165 
invest 13239 
investigated 13249 
investigation 13249 
investigator 13249 
investing 13239 
investment 13182 13189 13199 13210 13211 13212 13229 13234 13239 13259 13261 13280 
investments 13176 13239 
investor 13182 13189 13194 13206 13211 13212 
investors 13182 13208 13210 13239 
invitations 13168 
invoke 13253 
involved 13235 13252 
involving 13239 
ipc 13164 
ipi 13238 
iran 13246 13247 13281 
iraq 13247 13281 
iron-steel 13279 
irrelevant 13253 
irving 13261 
issuance 13202 
issue 13164 13176 13244 13265 13271 
issued 13162 13164 13168 13249 13265 
issues 13168 13176 13208 13244 13252 
issuing 13171 
ita 13275 
italian 13252 
italy 13179 13278 
itc 13275 
item 13219 
ivory 13271 
jacombe 13259 
jacques 13244 
jaime 13239 13241 
jakarta 13248 13275 13276 13280 
jal 13249 
james 13278 
james-baker 13278 
jan 13211 13214 
janeiro 13170 13190 13198 13201 13242 
janet 13249 
january 13189 13212 13216 13219 13220 13237 13244 13245 13246 13256 13257 13266 13282 13284 
january-march 13274 
japan 13179 13208 13247 13249 13253 13270 13273 13278 13279 13281 13283 
japan's 13273 
japanese 13179 13208 13236 13249 13253 13278 13281 13283 
jar 13251 
jennie 13281 
jersey 13263 
jet 13249 
jets 13248 
jiji 13283 
jitters 13183 13261 
jobless 13282 
jobs 13282 
john 13221 
join 13243 13251 
joining 13243 
jointly 13239 13279 13283 
jordan 13179 
jose 13200 
journalists 13244 13252 
juan 13254 
july 13184 13241 13263 13273 
jumbo 13249 
jump 13216 
jumped 13216 13265 
june 13168 13173 13174 13179 13244 13260 13263 13264 13269 13271 13276 13277 13281 
justice 13193 
justified 13253 
kamga 13271 
kantyka 13281 
kappa 13194 
kappa-radiation 13194 
kaufman 13261 
keeping 13243 
kenner 13209 
key 13196 13208 13261 13275 
keyc 13196 
kg 13269 
khaleda 13277 
kidder 13218 
kiichi 13270 13278 
killed 13248 13249 
killing 13249 
kills 13248 
kilo 13170 13190 
kilometres 13200 
kilos 13201 
kits 13209 
kitty 13247 
km 13280 
knokke-heist 13243 13244 13252 
knowledge 13246 
kohl 13257 
kol 13259 
kong 13231 13259 
kong-based 13280 
korea 13232 13235 13274 
korean 13232 
kpa 13194 
kpt 13209 
krupp 13194 
kwacha 13245 
l.e 13189 
labelled 13246 
labour 13234 13260 
lake 13233 
lambert 13216 13220 13263 
land 13241 13256 13266 
land-based 13247 
landing 13249 
langley 13228 
lanham 13228 
lanka 13179 
lanston 13261 
lapse 13275 
lapsed 13265 
largely 13253 13273 13274 
larger 13234 13256 13266 
largest 13213 13216 13217 13236 13256 13266 13273 
last/half 13179 
late 13208 13216 13220 13241 13246 13249 13261 13264 
latest 13167 13169 13185 13216 13243 13266 
latin 13234 
launch 13247 
launched 13239 13283 
law 13197 13253 
laws 13246 
lawson 13243 13244 13252 
lbl 13213 13217 
lead 13260 13273 13277 
leader 13260 13277 
leading 13234 13244 13271 13278 
lear 13197 
lease 13225 
led 13184 13206 13241 
left 13219 13253 13260 13261 13262 
left-wing 13257 
legislated 13241 
legislation 13166 13241 13253 
lehman 13239 
lematang 13280 
lend 13234 
lenders 13225 
lending 13262 
lends 13216 
leonard 13189 
letter 13166 13175 
letting 13244 
level 13208 13232 13234 13256 13257 13269 13278 13284 
levels 13185 13216 13220 13244 13256 13266 
leverage 13178 
leveraged 13178 
liabilities 13199 13233 
liberal 13257 
liberalisation 13244 
liberalise 13244 
liberals 13260 
liberties 13250 
licensed 13246 13253 
lieutenant 13234 
life 13235 
lift 13236 
liftings 13236 
lifts 13189 
light 13265 
lighting 13222 
lignite 13169 
likelihood 13225 
lima 13172 13234 
limit 13166 13170 13185 13234 
limited 13168 13183 13225 13234 13275 
limiting 13234 
limits 13244 
limon-covenas 13184 
line 13213 13216 13217 13225 13234 13235 13256 13262 13266 13271 
lines 13248 13249 13263 
linked 13251 
links 13184 
lippa 13219 
liquidation 13241 
liquour 13234 
list 13246 
listed 13283 
listing 13283 
live 13273 
ljubljana 13213 13217 
ljubljanska 13213 13217 
loan 13161 13166 13167 13192 13199 13213 13217 13233 
loans 13176 13234 13235 13254 13261 
lobbying 13240 
loc 13186 
local 13168 13239 13269 
located 13229 13280 
locations 13181 
loctite 13186 
london 13240 13251 13253 13259 13260 13283 13284 
long 13244 13252 13261 
long-range 13247 
long-term 13192 13211 13212 
longer 13247 13261 13263 
longer-term 13262 
looked 13249 
lord 13260 
lords 13260 
los 13202 
lose 13273 
losing 13250 
loss 13165 13180 13184 13187 13191 13192 13199 13203 13214 13221 
loss-making 13250 
losses 13208 
lost 13185 13256 13261 13266 
louisiana 13225 
low 13208 13237 13238 
low-technology 13246 
lower 13178 13183 13185 13186 13208 13232 13236 13263 13277 13281 
lower-cost 13213 13217 
lowered 13182 13262 
lowers 13262 
lowest 13262 
lucia 13246 
luis 13234 
lured 13216 
lusaka 13245 
luxembourg 13244 
lynch 13261 
lyonnais 13250 
m2 13208 
m3 13208 
machine 13181 13246 
machinery 13234 
machines 13181 
made 13170 13179 13194 13200 13243 13244 13248 13249 13251 13253 13265 13278 13280 
madrid 13251 
magangue 13184 
main 13184 13252 
maintain 13208 13227 13276 
maintained 13208 13283 
maintaining 13236 13276 13281 
maintains 13246 
maize 13162 13173 
major 13162 13168 13179 13183 13194 13240 13241 13244 13250 13257 13262 13267 13270 
majority 13257 13260 
make 13234 13243 13249 13265 13273 
makes 13175 13195 13200 13279 
making 13225 13234 13253 
malaya 13185 
malaysian 13185 
malcolm 13273 
malt 13179 
man 13249 
management 13194 13233 13258 13263 
manager 13261 
managers 13258 13261 
managing 13240 
mangood 13191 
manila 13239 13241 13269 
manufactured 13238 
manufacturer 13197 13249 
manufacturing 13165 
marcos 13241 
marcos-related 13241 
margaret 13240 13243 13253 13260 
margins 13244 
marine 13235 
mario 13206 13210 
mark 13243 13244 13252 
mark-sterling 13243 
marked 13244 
market 13171 13179 13183 13185 13208 13209 13216 13234 13236 13244 13245 13250 13251 13253 13256 13261 13266 13271 13273 13276 13280 13281 13283 
marketed 13209 
marketing 13181 
markets 13261 13278 13283 
martin 13259 13261 13263 
mass 13209 
massive 13252 
match 13234 
materials 13258 
matter 13273 
maturing 13264 
maxwell 13250 
mccarthy 13261 
mccarty 13246 
mcdonnell 13248 
md. 13228 
md.n 13248 
means 13263 13273 
measures 13235 13278 
mechanism 13243 
media 13250 13260 
medium 13179 
medium-sized 13213 13217 
meet 13171 13210 13241 13251 13254 13270 13278 
meeting 13210 13241 13243 13244 13251 13252 13261 13263 13271 13276 13278 13281 
meetings 13252 13254 13278 
meets 13227 
mel 13221 
melbourne 13262 
mellon 13221 
member 13244 13266 13275 
members 13190 13241 13248 13258 13276 13281 
membership 13243 
memorandum 13185 
memory 13216 
men 13253 
mentions 13249 
merchant 13235 
mereenie 13265 
merged 13163 
merger 13193 13194 13199 13263 
mergers 13235 
merit 13221 13227 
merlis 13216 
merrill 13261 
met 13234 
metal 13251 13279 
meters 13200 
michael 13194 13253 
michigan 13174 
microcomputer 13175 
mid-1986 13238 
mid-1988 13205 13243 
mid-april 13277 
mid-february 13236 
middle 13281 
midyear 13261 
milan 13259 
mild 13261 
miles 13200 13247 
military 13246 
milled 13179 
miners 13185 
mines 13185 13275 13281 
minimum 13173 13234 13251 
minimum-wage 13234 
minister 13239 13240 13241 13243 13244 13252 13253 13254 13257 13260 13270 13275 13276 13278 13280 13281 
ministers 13243 13244 13252 
ministry 13234 13235 13249 13254 13270 13277 
minor 13208 
minority 13250 
minutes 13208 13261 
missile 13247 
missiles 13247 
mitchell 13261 
miyazawa 13267 13268 13270 13278 
model 13234 13257 
moderation 13225 
modest 13216 13261 
moller 13211 13212 
monday 13179 13193 
mondiale 13250 
monetary 13208 13243 13244 13252 13254 13278 
money 13208 13252 
money-fx 13243 13244 13245 13261 13270 
monica 13211 13212 
monitor 13283 
monopolar 13243 
monopoly 13209 
montgomery 13216 
month 13172 13180 13201 13216 13225 13231 13234 13241 13245 13246 13247 13251 13253 13271 13281 13283 
monthly 13204 13223 13256 13258 13266 
months 13172 13180 13181 13184 13191 13216 13231 13234 13236 13244 13247 13256 13260 13261 13265 13266 13274 13279 13284 
montreal 13214 
moonie 13265 
moore 13182 
morgan 13216 
morning 13179 13184 
mortgage 13164 13176 13222 
moscow 13260 
motor 13216 
motors 13216 
mount 13229 
mountain 13249 
move 13244 13259 13261 
moved 13210 13246 
movement 13257 
movements 13244 13261 13262 
moving 13278 
mulls 13194 
munich 13238 
munitions 13246 
murban 13236 
mutual 13233 
myers 13189 
myr 13189 
n't 13171 13208 13253 13273 
n.c. 13229 
n.j 13205 
n.j. 13187 13195 
n.v. 13184 
n.y. 13203 
n.z 13264 
naba.s 13262 
named 13246 
napm 13258 
nar 13266 
narrow 13281 
nasa 13228 
nasdaq 13283 
nasty 13253 
nation's 13216 
national 13172 13196 13228 13244 13245 13246 13249 13250 13257 13258 13262 13274 
nationale 13251 
nationalist 13277 
nations 13244 13252 13267 13270 13278 
nationwide 13215 
natural 13256 13265 13266 
naturally 13261 
navy 13247 
nbc 13246 
nccl 13250 
nebraska 13233 
nederland 13259 
needed 13244 13263 
negative 13187 
neglected 13280 
negotiating 13254 
negotiations 13279 
nelson 13181 
net 13164 13165 13178 13182 13186 13192 13199 13203 13214 13227 13250 13263 
netherlands 13259 
network 13250 
networks 13194 
neutral 13208 13261 
nevada 13263 
new-zealand 13264 
newington 13186 
newly 13233 13234 
newly-agreed 13271 
newly-released 13225 
news 13183 13208 13237 13241 13244 13251 13252 13255 13283 
newspaper 13205 13237 13247 13277 
ngls 13256 
nicholas 13187 
nigel 13243 13244 13252 
night 13242 
nil 13162 
nissan 13216 
nomura 13253 
non-farm 13208 
non-ferreux 13251 
non-lifting 13281 
non-members 13190 
non-opec 13256 13266 
non-performing 13199 13241 
non-reported 13256 13266 
non-weapons 13246 
normal 13216 13244 
norte 13184 
north 13200 13229 13277 13281 
northeastern 13184 
northern 13265 
not-used 13234 13235 13236 13237 13275 13276 13277 13278 13279 13280 13281 13282 13283 13284 
note 13165 13167 13192 13214 13250 13251 13265 
noted 13178 13227 13243 13256 13261 
notes 13239 13265 
notified 13225 
noting 13166 
november 13237 13240 13246 
nuances 13252 
nuclear 13225 
number 13197 13199 13260 13261 13265 
numbers 13259 13261 
nv 13259 
objections 13193 
objectives 13278 
obligate 13227 
obligation 13176 
obligations 13171 13227 
oblige 13234 
obsolete 13165 
obtain 13177 
obtained 13209 
obtaining 13225 13253 
occidental 13184 13280 
occur 13261 
occurred 13249 
ocean 13179 13235 13247 
oct 13272 13279 
october 13244 
oecd 13256 13266 
off-duty 13249 
offer 13168 13188 13245 13263 13264 13265 
offered 13245 13250 13252 
offering 13164 13176 13207 13218 13219 13229 
offerings 13218 
offers 13179 13226 
office 13234 13259 13260 13282 
officer 13187 13263 
offices 13163 13259 13283 
official 13179 13234 13236 13237 13242 13245 13246 13249 13269 13277 13281 
officially 13249 
officials 13201 13235 13241 13242 13244 13247 13248 13270 13274 13277 13278 13280 
offset 13208 13256 13266 
offshore 13236 
ohio 13174 13188 
oil 13179 13184 13200 13204 13236 13245 13247 13256 13265 13266 13276 13280 13281 
oil's 13280 
oil-gas 13265 
oilfied 13184 
oilseed 13173 13179 
oldest 13250 
olein 13179 
olin 13195 
oln 13195 
omaha 13171 
omit 13180 
on-market 13265 
one-day 13244 
one-for-one 13265 
one-half 13230 13231 
one-point 13261 
one-third 13234 
one-time 13174 13263 
one-year 13228 
ongpin 13239 13241 
onshore 13200 13236 13265 
onwards 13173 
opec 13236 13256 13266 13276 13281 
opec-assigned 13256 
open 13171 13190 13201 13208 13259 13260 13261 13273 
opened 13170 13183 
oper 13191 13214 
operate 13174 13227 13233 13253 
operated 13246 
operates 13265 
operating 13167 13174 13187 13192 13199 13225 13250 13263 
operational 13280 
operations 13214 
operators 13179 
opinion 13257 13260 
opponent 13243 
opportunites 13253 
opportunity 13261 
opposed 13252 
opposition 13260 13277 
optimism 13261 
option 13171 13276 
optional 13179 
options 13228 
order 13240 13252 
ordered 13235 13247 
orders 13235 13238 13258 
ordinary 13283 
organisation 13190 13236 13269 13271 
organisations 13234 13245 
organization 13266 13281 
origin 13179 
original 13274 
osaka 13249 13283 
ostend 13246 
ounces 13255 
outline 13278 
outlook 13178 13261 13263 13276 
output 13169 13236 13237 13238 13256 13266 13271 13276 13281 
outright 13208 
outstanding 13164 13171 13182 13211 13212 13222 13255 13263 
overhaul 13244 
overnight 13179 
overseas 13186 13235 13261 
overtaken 13260 
overweighted 13210 
owed 13234 13252 
owned 13263 13280 
ownership 13263 
owns 13265 
oxy 13184 
pacific 13235 
package 13278 
pact 13227 13270 13271 13275 
pact's 13271 
paid 13180 
pakistan 13179 13246 
pakistani 13246 
palm 13179 
palm-oil 13179 
pan 13235 
paper 13247 
par 13222 
paragraph 13219 
parastatal 13245 
parent 13227 13259 
paris 13250 13252 13256 13259 13266 13267 13270 13278 
parities 13244 
parity 13244 
parker 13209 
parliament 13257 
parliamentary 13260 13270 
paroxysm 13261 
part 13164 13168 13208 13210 13222 13247 13251 13254 13263 13275 
participants 13241 13244 13261 
participate 13226 13265 
particulary 13256 13266 
parties 13246 
partner 13265 
partners 13278 
parts 13246 
party 13257 13260 13277 
party's 13257 
pass-through 13176 
passengers 13248 
passive 13210 
past 13181 13228 13243 
paterson 13195 
paul 13221 13253 
pay 13215 13223 13224 13225 13234 13263 
payable 13204 
paying 13177 13180 13234 13258 13281 
payment 13177 13234 
payments 13225 13234 
payout 13223 
payrolls 13208 
pbi 13258 
peabody 13218 
peasants 13241 
pecn 13205 
pegged 13245 
peking 13237 13255 
pellets 13173 
penalties 13273 
pennsylvania 13169 13174 13215 
pension 13282 
pentagon 13246 13247 
perceived 13261 
percentage 13231 13260 
perceptibly 13208 
performance 13187 13227 
pergamon 13250 
period 13172 13216 13220 13225 13252 13256 13266 13274 13279 
periods 13165 13252 
persist 13261 
personal 13240 
personnel 13213 13217 
persons 13282 
perspective 13261 
persuade 13241 
persuaded 13241 
pertamina 13280 
pertamina's 13280 
pertinent 13249 
peru 13172 13234 
peruvian 13234 
peruvians 13234 
pesos 13239 13241 
pessimism 13261 
pessimistic 13252 
peter 13278 
petrobras 13200 
petrocurrency 13243 
petrol 13234 
petroleum 13184 13236 13280 13281 
phase 13178 13244 13258 
phase-in 13225 
phenomenon 13216 
philadelphia 13221 
philip 13216 13261 
philippine 13239 13241 13269 
philippines 13239 13241 13269 
phone 13240 
pipeline 13184 13265 
pipelines 13265 
pipes 13279 
pistol 13253 
pitney 13258 
pivotal 13259 
place 13266 13271 13281 
plain 13253 
plan 13171 13177 13225 13239 13241 13263 
plane 13248 13249 
planned 13209 13241 13247 13253 13259 13265 13266 
planning 13274 
plans 13181 13211 13212 13215 13222 13229 13244 13283 
plant 13165 13225 13240 
plantations 13241 
plants 13216 
played 13275 
plc 13188 13240 13259 13283 
pleased 13210 
pledge 13247 
pledged 13270 
plessey 13240 
plunging 13221 
plyl.l 13240 
point 13183 13208 13230 13231 13261 
pointing 13253 
pointless 13241 
points 13179 13208 13259 13260 13261 
police 13249 
policies 13178 13244 
policy 13208 13215 13234 13235 13246 13261 13278 
political 13257 13260 13268 13270 
poll 13257 13260 
polls 13260 
pools 13176 
poor 13178 13227 
poorer 13252 
portfolio 13210 13261 13264 
portion 13164 
posed 13243 
position 13178 13271 13275 
positive 13253 13273 
possibility 13260 
possibly 13234 
post-recapitalization 13263 
posted 13216 
posting 13221 
potential 13183 
poul 13211 13212 
power 13164 13168 13222 13257 13273 
practices 13277 
prax 13219 
praxis 13219 
preceding 13236 
precipitous 13221 
predicted 13238 
predictions 13257 
prefer 13241 13260 
preferential 13177 
preferred 13171 13276 
premiership 13257 
premium 13177 13210 13234 
prepare 13252 
preparing 13219 
prepayments 13225 
presence 13247 13259 13280 
present 13205 13213 13217 13253 13275 13276 13281 
presently 13244 
presidency 13244 
president 13166 13187 13200 13234 13241 13244 13246 13247 13273 
press 13205 13253 13277 13278 13283 
pressure 13249 13261 13278 13281 
pressured 13208 
pretty 13216 
prev 13272 
prevent 13208 
previous 13162 13164 13167 13169 13173 13179 13225 13237 13245 13250 13279 13284 
previously 13180 13208 13225 13226 13265 
price 13172 13208 13216 13220 13232 13234 13236 13251 13258 13261 13263 13265 13276 13281 
prices 13168 13172 13173 13182 13183 13189 13206 13208 13211 13212 13216 13232 13236 13251 13252 13256 13258 13261 13266 13269 13271 13276 13277 13279 13281 
primarily 13213 13217 13256 13263 13266 
primary 13263 
prime 13230 13231 13240 13243 13253 13260 13262 
principal 13164 13177 
principle 13196 13252 
printing 13205 
prior 13204 13223 13224 
private 13177 13179 13219 13234 13239 13241 13245 13254 
privatised 13241 
privatization 13168 
problem 13243 13252 13261 
problems 13244 13252 
procedures 13249 
proceed 13194 
proceeds 13164 13207 13239 13241 
process 13177 13210 
procure 13277 
produce 13276 13277 13281 
produced 13244 13280 
producer 13236 13261 13265 13271 
producers 13185 13251 13271 13275 
producing 13236 13275 13280 13281 
product 13234 13256 13258 13266 13274 
production 13169 13216 13236 13237 13238 13251 13256 13258 13266 13269 13276 13280 13281 
production-sharing 13280 
products 13173 13195 13246 
profile 13178 13283 
profit 13165 13187 13214 13250 
profit-taking 13183 13208 
profits 13225 13237 
proforma 13263 
progam 13241 
program 13171 13179 13228 13239 13241 
programme 13235 
progress 13278 
project 13168 13213 13217 13241 13263 
projected 13256 13263 13266 
projections 13263 
projects 13239 
promoting 13213 13217 
prompted 13208 13216 
properties 13176 13229 
property 13235 
proposal 13168 
proposals 13168 13210 13244 13252 13278 
propose 13275 
proposed 13218 13225 13239 
prospects 13179 
protection 13225 
protectionist 13278 
provide 13177 13228 13257 13261 13263 
provided 13225 
providence 13224 
province 13184 
provision 13165 13192 13199 13214 13263 
provisionally 13274 
provisions 13253 
provoked 13249 
provoking 13253 
psychology 13261 
public 13207 13218 13219 13225 13229 13234 13241 13250 13257 13260 13263 13280 
publications 13251 
published 13255 
published-testset 13234 13235 13236 13237 13275 13276 13277 13278 13279 13280 13281 13282 13283 13284 
publisher 13187 
publishers 13205 
publishing 13187 13250 
pulled 13208 
pump 13193 
pumping 13184 
purchase 13168 13171 13175 
purchasers 13258 
purchases 13208 13271 
purchasing 13258 13261 
purpose 13168 13171 13247 13253 
purposes 13161 13171 13207 
push 13261 
pushed 13208 
pushing 13208 
put 13168 13244 13252 13256 13258 13261 13266 13284 
pvy 13224 
qatar 13281 
qtly 13224 
qtr 13165 
qualify 13229 
quality 13178 
quarter 13174 13180 13185 13186 13187 13191 13216 13221 13256 13258 13261 13266 13276 13281 13283 
quarterly 13275 
quarters 13180 13261 13276 13281 
queensland 13265 
question 13243 13244 13261 
questioning 13249 
questions 13258 
quicksilver 13251 
quota 13236 13256 13275 13281 
quotas 13269 
quoted 13247 13251 13252 13270 13283 
quoting 13246 
r.g 13189 
r.i. 13224 
radiation 13194 
radically 13244 
rads 13194 
rain-starved 13277 
raise 13230 13231 13263 
raised 13189 13211 13212 13231 13244 13260 13276 
raising 13276 13281 
range 13236 13244 13247 13259 13261 13265 13281 
ranges 13208 
ranging 13182 13189 13206 13211 13212 
rapeseed 13179 
rapid 13261 
rapidly 13250 
rate 13177 13185 13186 13208 13216 13220 13225 13231 13234 13243 13244 13245 13256 13258 13261 13262 13266 13270 13282 
rates 13179 13208 13227 13231 13243 13244 13261 13262 
rating 13227 
ratings 13178 13227 
raymond 13261 
rbd 13179 
reached 13196 13201 13205 13242 13244 13252 13261 
reaction 13185 13208 
read 13219 
reading 13258 
readout 13249 
ready 13241 13247 
reafffirm 13270 
reaffirming 13267 13270 
reagan 13166 13246 13247 13273 
real 13189 13192 13199 13229 13235 13258 13261 
realignment 13235 13244 
realignments 13244 
reality 13251 
realize 13253 
reasonable 13253 
reassured 13208 
rebalancing 13210 
rebound 13261 
rebounded 13216 13220 
rebuff 13257 
recapitalization 13263 
received 13215 13239 
receivership 13233 
receives 13225 
receiving 13227 
recent 13180 13197 13208 13260 13263 13278 
recently 13218 13222 13246 
reception 13241 
recessionary 13238 
recipients 13215 
reciprocal 13253 
reciprocate 13253 
recommend 13168 13241 
recommendation 13168 
recommended 13241 
recommends 13263 
record 13170 13204 13208 13223 13224 13226 
recorder 13249 
recover 13208 13216 13220 
recovered 13261 
recovery 13166 13216 
red 13179 
redeem 13222 
redemption 13222 
redesignation 13202 
reduce 13171 13199 13213 13217 
reducing 13239 
reduction 13256 13262 13266 13278 
reestablishing 13244 
refers 13210 
refined 13237 
refining 13280 
reflect 13251 13278 
reflected 13244 13250 13278 
reflecting 13263 
reflects 13227 
reform 13241 
refrain 13273 
refund 13164 
refunding 13164 
refused 13246 13281 
refusing 13252 
regain 13256 13266 
regarded 13250 
region 13200 13237 13252 
regions 13277 
registered 13170 13190 13201 
registers 13190 
registration 13164 13207 13229 13235 
registrations 13170 13190 13198 13201 13242 13269 
regret 13251 
regular 13224 13264 
regulators 13225 
regulatory 13225 13263 
reimburse 13164 
reinforce 13244 
reinforced 13244 
reiterated 13253 
reject 13263 
rejected 13179 
rejecting 13225 
rejection 13265 
related 13208 
relations 13246 
relationships 13227 
release 13180 13263 
released 13249 13261 
relief 13225 13261 
rely 13241 
remain 13234 13261 13266 13276 13281 
remainder 13258 
remaining 13250 
remarks 13277 
remittances 13234 
remove 13210 
renewed 13261 13278 
rent 13181 
reorganising 13235 
repair 13249 
repairs 13249 
repatriate 13234 13239 
repay 13235 13252 
repayment 13177 13235 
repayments 13234 
repeatedly 13244 
replace 13275 
report 13169 13185 13208 13225 13238 13246 13249 13252 13256 13258 13266 13274 13277 13278 
reported 13179 13180 13199 13208 13216 13245 13246 13247 13258 13265 
reporters 13239 13243 13257 13275 
reporting 13221 
reports 13277 
represent 13250 
represented 13239 13250 
representing 13250 13256 13283 
reproduced 13260 
republic 13213 13217 13271 
repugnant 13210 
request 13168 
requested 13225 
requests 13168 
require 13263 
required 13164 13249 
requirements 13241 13263 
requires 13227 
requiring 13263 
rescheduling 13252 13254 
rescind 13166 
research 13228 13271 
reserve 13167 13261 13264 
reserves 13208 13225 13244 13255 
reset 13241 
reshuffle 13244 
residential 13176 
resist 13281 
resistance 13236 13281 
resolution 13276 
resolve 13193 
resolving 13193 
resort 13244 
resorts 13263 
resources 13263 13265 
respective 13167 13208 
response 13179 13253 13265 
responsibilities 13273 
rest 13170 13187 13234 13247 13258 
restated 13243 
restaurant 13218 13229 
restrained 13208 
restraint 13208 
restrictive 13245 
restructure 13263 
result 13251 13257 13260 13263 
resulted 13208 13278 
resulting 13261 
results 13174 13216 13263 
resume 13184 
retail 13284 
retain 13263 
retained 13189 
retaliatory 13273 
retender 13179 
retired 13263 
retirement 13192 13263 
return 13181 13199 13280 
returned 13257 
revealed 13249 
revenue 13187 13234 
revenues 13225 
reversing 13271 
review 13227 13241 13243 
reviewing 13274 
revised 13277 13282 
revision 13208 
revive 13269 
revs 13165 13203 13214 
reynolds 13210 
rice 13179 13241 13277 
richardson 13191 
rights 13202 
rio 13170 13190 13198 13201 13242 
rise 13172 13216 13232 13234 13238 13250 13256 13258 13261 13266 13274 13276 13284 
risen 13216 
rises 13237 
rising 13256 13258 13266 
risk 13178 13261 
rival 13240 
river 13200 13225 
rmi 13176 
roasted 13173 
robert 13250 13258 
rock 13193 
rocky 13229 
rogers 13226 
role 13243 13244 13249 13252 
ronald 13216 
room 13208 13261 
rose 13172 13208 13216 13232 13237 13238 13255 13256 13258 13261 13266 13277 13281 13284 
rospatch 13182 
roughly 13236 
routine 13215 
royal 13184 
royalty 13204 13223 
rpch 13182 
rth 13204 
rtrs.l 13283 
ruger 13197 
rule 13261 
ruled 13260 
rules 13271 
ruling 13260 13262 
rumor 13261 
rumors 13179 13183 
running 13185 
runs 13247 
runway 13249 
rupture 13249 
rush 13253 
rushed 13216 
s/p 13178 13227 
sa 13250 
sabine 13223 
safeguard 13244 
safety 13249 
sail 13247 
salaries 13234 
sale 13179 13199 13210 13241 13263 
sales 13170 13181 13185 13186 13190 13216 13220 13225 13234 13246 13251 13277 13284 
salomon 13261 
samick 13235 
san 13180 13235 
santa 13211 13212 13246 
santo 13271 
santos 13265 
sarney 13200 
satisfactory 13253 
saudi 13256 13266 13281 
save 13222 
saving 13222 
savings 13192 13199 13231 13233 13234 
sbr 13223 
scandal 13246 
scandalous 13252 
scheduled 13281 
scheme 13271 13282 
schroder 13208 
sci 13175 
science 13228 
scis 13175 
scott 13187 13216 
scraped 13249 
screening 13215 
screg 13250 
sea 13247 13256 13266 13281 
seal 13254 
seamless 13279 
seamless-pipe 13279 
season 13179 13237 
seasonal 13256 13266 
seasonally 13258 13284 
seattle 13249 
sec 13218 
secretary 13246 13247 13253 13271 13273 13278 
section 13249 
sector 13177 13238 13239 13245 
sectors 13280 
securing 13260 13275 
securities 13164 13182 13189 13194 13206 13207 13210 13211 13212 13216 13218 13229 13253 13259 13261 
security 13186 13187 13246 
seek 13189 13199 13211 13212 13225 13259 13283 
seeking 13166 13189 13194 13253 13254 
seeks 13254 13283 
sees 13186 13187 13225 13238 13256 13267 13270 13273 
seismic 13280 
seized 13241 
select 13168 
self-imposed 13281 
sell 13193 13210 
seller 13183 
selling 13183 13216 13235 13246 13251 13261 13273 
semi-conductor 13278 
semiconductor 13195 
semiconductors 13273 
senate 13246 
sending 13244 13246 
senior 13218 
sensitive 13216 
sensitized 13261 
sentiment 13278 
seoul 13232 13235 13274 
separate 13163 
september 13239 13249 13269 
series 13260 
servants 13234 
serve 13259 
service 13269 13283 
services 13185 13213 13217 13228 13253 13259 13283 
serving 13260 
session 13208 13244 13275 
set 13166 13170 13226 13234 13244 13245 13253 13262 13264 13275 13278 13279 13280 
sets 13223 13226 13259 
setting 13278 
settlement 13214 
seven-day 13231 
severe 13244 
sgen.pa 13250 
shaif 13236 
shanghai 13230 13231 
share 13171 13180 13182 13186 13187 13189 13192 13196 13199 13206 13210 13211 13212 13216 13256 13263 13265 13266 13280 13283 
shareholder 13194 13210 13221 13283 
shareholders 13210 13250 13263 
shares 13171 13182 13189 13194 13196 13206 13207 13210 13211 13212 13218 13229 13263 13265 13283 
sharing 13276 13280 
sharp 13179 13208 13250 13258 13261 13271 13278 
sharply 13208 13238 13258 13261 13269 
shearson 13239 
shelf 13164 
shell 13184 
shield 13215 
shift 13261 
shine 13183 
ship 13162 13179 13235 13246 13247 
shipment 13179 13190 
shipments 13162 13173 13179 13246 13272 
shipping 13235 13246 13247 
short 13169 
short-covering 13208 
short-dated 13208 
short-term 13262 13276 
shortage 13277 
show 13237 13256 13260 13266 13284 
showed 13260 13261 
showing 13260 13261 
showrooms 13216 
shows 13282 
shr 13165 13191 13192 13203 13214 
shultz 13246 
side 13244 
sides 13273 
siegler 13197 
sight 13185 
sign 13177 13193 13258 
signal 13247 
signalling 13278 
signed 13175 13185 13193 13249 13280 
significance 13263 
significant 13258 
significantly 13225 
signing 13177 13193 13276 
signs 13280 
similar 13180 13209 13235 13257 13261 13280 
single 13249 
single-family 13176 
sir 13259 
sit 13241 
site 13249 
situated 13200 
situation 13251 13277 
six- 13208 
six-month 13208 
size 13173 13205 13263 
sizeable 13227 
slack 13238 
slackening 13216 
slightly 13183 13252 13256 13258 13269 13276 13281 
slipped 13236 
slovenia 13213 13217 
slow 13216 13256 13266 
slowed 13258 
slower 13266 
slowing 13208 13261 
slowly 13216 
sluggish 13261 
slump 13180 13216 13220 
slumping 13244 
small 13213 13217 13249 13256 13266 
smaller-than-expected 13208 
smit.t 13279 
smith 13197 13261 
snettisham 13168 
snyder 13249 
so-called 13252 
soaring 13244 
social 13257 13260 
societe 13250 
soctt 13187 
soft 13179 
sold 13182 13185 13197 13206 13210 13216 13220 
solidarity 13281 
soluble 13190 
solution 13253 
sondra 13246 
sons 13218 
sooner 13278 
sorghum 13162 13173 
sosnoff 13263 
sought 13225 13234 13253 13283 
source 13241 
sources 13199 13213 13217 13236 13241 13244 13246 13247 13252 13254 13260 13267 13268 13270 13271 13278 13281 
soured 13278 
sourroille 13254 
sourrouille 13254 
south 13232 13233 13235 13240 13265 13274 13280 
south-korea 13232 13235 13274 
south-west 13277 
southeast 13185 
southern 13280 
southport 13197 
southwest 13237 
soviet 13179 13279 
soy-oil 13173 13179 
soybean 13162 13173 13179 
soybeans 13179 
space 13228 
spain 13251 
spanish 13179 13251 
sparked 13183 
spd 13257 
speaking 13252 
special 13234 13263 
specialised 13251 
specialty 13195 
specific 13227 13278 
speculative 13178 
speed 13244 13278 
spend 13280 
spilled 13184 
spirit 13185 
spite 13281 
splice 13249 
split 13250 13257 13280 
spoken 13261 
spokesman 13179 13185 13246 13248 13249 13253 13280 13283 
spokesperson 13215 
spokeswoman 13184 13246 
sponsorship 13283 
spot 13179 13236 13281 
spotted 13247 
spring 13163 13252 13260 
springs 13265 
sq 13280 
sri 13179 
st 13184 13228 
stabilise 13244 13278 
stability 13225 13244 13263 13270 13276 
stabilize 13261 13268 13281 
stabilizing 13261 
stable 13244 13270 13276 
staff 13259 
stagnate 13238 
stagnation 13238 
stake 13182 13189 13194 13206 13211 13212 13250 13253 13265 
stance 13234 13261 
standard 13178 13227 13230 13231 13280 
standing 13243 
stands 13239 
stanley 13216 
start 13216 13261 13271 13273 
start-up 13205 
started 13239 
starting 13275 
state 13168 13179 13185 13200 13225 13245 13246 13250 13255 13257 13263 13280 
state-run 13184 
stated 13210 
statement 13167 13177 13185 13190 13201 13207 13229 13231 13249 13251 13259 13263 13264 13265 13282 
states 13185 13225 13239 13240 13246 13252 13266 
station 13247 
stations 13181 
statistics 13172 13282 
status 13199 13235 13278 
statutory 13166 
stay 13256 
steadily 13281 
steady 13261 13281 
steep 13208 
steering 13254 
step 13247 
steps 13273 
sterling 13243 
stick 13276 
stimulated 13208 
stimulating 13278 
stimulative 13278 
stimulus 13278 
stock 13171 13182 13188 13189 13202 13207 13208 13210 13211 13212 13216 13218 13221 13226 13229 13250 13256 13259 13263 13266 13271 13277 13283 
stockholder 13263 
stockholders 13202 13226 13263 
stockpiled 13185 
stocks 13256 13266 13281 
stoltenberg 13244 
stone 13261 
stood 13243 13255 
stop 13273 
store 13281 
stores 13181 
stos.s 13265 
strain 13244 
strains 13244 13261 
strait 13247 
strategic 13236 13256 13266 
strategic-metal 13251 
stream 13236 
strength 13208 13227 
strengthen 13213 13244 13259 
strengthened 13234 13278 
stressed 13244 
strikes 13247 
striking 13247 
stringent 13227 
stromberg-carlson 13240 
strong 13179 13186 13216 13241 13263 
stronger 13183 
strongest 13216 13220 13243 
strongly 13281 
struck 13270 13278 
structures 13178 
study 13275 
sturm 13197 
stx 13228 
sub-saharan 13252 
subject 13245 13283 
submersible 13193 
submit 13281 
submits 13197 
submitted 13197 13249 13263 
subroto 13275 13276 13280 13281 
subscribers 13215 
subsidaries 13235 
subsidiaries 13227 13235 
subsidiary 13227 13240 13259 13263 13280 
substances 13251 
substantial 13241 13258 13263 13278 
substituting 13213 13217 
succeed 13271 
successful 13238 13245 
successfully 13181 
succumbing 13216 13220 
suffered 13216 13238 
suffering 13252 
sufficient 13281 
sugar 13237 13241 
sugarcane 13237 
suggesting 13260 
suggests 13216 13261 
suit 13221 
suits 13209 
sumatra 13280 
sumitomo 13279 
summit 13278 
sunday 13260 
sunflowerseed 13162 
super-voting 13202 
superior 13263 
suppliers 13240 
supplies 13246 
supply 13216 13240 13256 13266 
support 13208 13213 13217 13227 13228 13260 13271 13275 
supported 13228 
surge 13260 
surged 13216 13220 
surpassing 13274 
surplus 13278 
surpluses 13278 
surrounding 13280 
survey 13258 13280 13281 
surveys 13260 
surviving 13249 
survivors 13249 
suspended 13184 13245 
suspending 13234 
swap 13239 
swapping 13281 
sydney 13259 13265 
symbol 13193 
sympathetic 13252 
system 13194 13240 13243 13244 13245 13275 13282 13283 
systems 13165 13175 13194 13228 13246 
t-bill 13264 
tab/galleria 13163 
tackle 13277 
tahoe 13233 
tail 13249 
taiwan 13179 
takeover 13235 13265 
takes 13263 13266 
taking 13183 13216 13234 13235 13269 13273 
talk 13179 13253 
talks 13244 13252 13254 13271 
tampa 13192 13199 
tapie 13250 
target 13205 13208 13276 13277 13281 
targets 13254 13281 
targetted 13253 
tariffs 13278 
tax 13167 13186 13214 13216 13235 
taxes 13234 13235 
tbti 13203 
team 13249 
technical 13213 13217 13244 
techniques 13280 
technology 13195 13203 13205 
tehran 13246 
telebyte 13203 
telecharge 13207 
telecommunications 13240 
telegraph 13253 
telephone 13240 13244 13249 13253 
televised 13234 
television 13178 13246 13250 13273 
telex 13239 
temporary 13277 
ten 13236 
ten-day 13216 13220 
tender 13179 13188 13263 13264 
tenders 13179 
tensions 13208 
tentatively 13256 13266 
tentonian 13205 
term 13178 13236 13244 13260 13261 13263 13281 
terminated 13188 
terminates 13188 
terms 13161 13195 13196 13252 
territory 13265 
test 13236 13257 
tested 13181 13227 
testing 13215 
tests 13219 
texas 13163 13176 13180 13193 13225 
textbook 13187 
tf1 13250 
thatcher 13240 13243 13253 13260 
thayer 13187 
then-existing 13208 
thing 13240 
things 13199 13263 13276 
thinks 13210 
thought 13249 13276 
thousands 13162 13277 
threat 13261 
threats 13281 
three-and-a-half 13260 
three-month 13208 
three-year 13225 
thrift 13233 
thursday 13221 13249 13253 13261 
tied 13262 
tighten 13208 13261 
time 13164 13187 13216 13220 13227 13241 13242 13247 13258 13259 13277 13278 
timecharter 13179 
timely 13227 
times 13178 13247 13253 13260 13261 
timetable 13253 
tin 13185 13275 
titled 13219 
tl 13187 
tmoc 13265 
today 13170 13190 13193 13201 13208 13221 13257 13259 13260 13261 13262 13271 13281 
tokyo 13208 13241 13249 13253 13259 13270 13273 13278 13279 13281 13283 
told 13187 13206 13210 13239 13241 13243 13244 13246 13249 13252 13257 13263 13269 13270 13275 13277 
tomorrow 13264 
tone 13208 
tonens 13179 
tonight 13170 13201 13234 
tonne 13173 13279 
tonnes 13162 13179 13185 13237 13256 13266 13269 13271 13272 13275 13277 13279 
tons 13169 
tony 13244 
tool 13193 
top 13271 
topic 13271 
toppling 13257 
torday 13278 
toronto 13181 13183 
total 13170 13182 13190 13194 13201 13206 13211 13212 13234 13256 13266 13269 13279 
totaled 13167 
totaling 13164 
totalled 13179 13201 13255 13256 13266 13274 
totally 13221 
toys 13209 
trade 13208 13246 13252 13253 13273 13278 13281 13284 
traded 13208 13261 
trademark 13209 
trader 13281 
traders 13183 13236 13281 
trades 13281 
trading 13179 13193 13253 13259 13261 13262 13273 13281 
traditional 13257 
traditionally 13234 
training 13213 13217 
transaction 13196 
transactions 13239 13245 13263 
transfer 13235 
transferred 13233 
transfers 13246 
transfusion 13215 
transfusions 13215 
translating 13261 
transport 13249 13256 13266 
transportation 13249 
travelling 13253 
treasury 13167 13171 13208 13252 13255 13261 13264 13278 
trend 13256 13266 
trends 13261 13262 
trenton 13205 
trentonian 13205 
trials 13219 
trigger 13278 
trip 13239 13253 13260 
triumph 13260 
troubled 13235 
true 13221 
trust 13204 13223 13229 13250 
tse 13283 
tuesday 13210 13231 13261 
tumbled 13248 
turbulence 13244 
turkey 13179 
turkish 13251 
turned 13259 
turnover 13250 
tv 13178 13250 
twelve 13177 
twenty-nine 13253 
twenty-seven 13248 
twice-yearly 13271 
two-house 13241 
two-seat 13257 
two-tier 13245 
two-year 13228 
txa 13163 
type 13234 
type= 13198 13219 13230 13267 13268 13272 
types 13234 
u.k 13259 13284 
u.k. 13243 13284 
u.k.-based 13250 
u.s 13169 13178 13185 13191 13193 13208 13216 13220 13234 13240 13247 13249 13261 13273 13278 
u.s. 13166 13168 13178 13179 13183 13185 13193 13208 13240 13246 13247 13256 13258 13261 13270 13273 13278 
u.s.-based 13216 
u.s.-built 13216 13220 
u.s.-japanese 13278 
u.s.-made 13273 
u.s.-origin 13246 
u.s./asean 13185 
uae 13236 
uk 13240 13243 13253 13259 13260 13283 13284 
umm 13236 
unable 13189 13208 13252 
unanimously 13263 
unavailable 13270 
uncertainties 13261 
unchanged 13255 13261 13282 13284 
undermine 13208 
undermining 13276 
underpinned 13208 
underscored 13208 
understanding 13185 
undertaken 13249 
undisclosed 13195 
undislcosed 13161 
undivided 13176 
unemployed 13282 
unemployment 13282 
unenthusiastic 13244 
unexpected 13166 
unexpectedly 13183 13261 
unfolding 13210 
unfortunate 13253 
unheard 13216 
union 13279 
unique 13257 
unit 13168 13176 13179 13184 13195 13197 13222 13227 13240 13251 
united 13185 13236 13239 13240 13246 13252 13266 
units 13174 13216 13227 
uno 13218 
unproc 13219 13272 
unproductive 13235 
unprofitable 13174 
unrealistic 13275 
unsafe 13233 
unsatisfactory 13244 
unsound 13233 
unspecified 13175 
unsuccessful 13265 
unsuccessfully 13188 
unusual 13277 
unveiling 13252 
upcoming 13243 
upham 13261 
upper 13236 13265 
upward 13261 13277 
urge 13278 
urged 13253 
urging 13265 
uruc 13200 
usda 13179 
ussr 13179 13279 
utiles 13251 
utilities 13168 13225 
utility 13168 13222 13225 13265 
va. 13196 
valued 13196 13228 
values 13210 13265 13281 
vending 13181 
vendor 13258 
venezuela 13177 
venezuelan 13177 
verses 13216 
versus 13179 
vessels 13281 
victorious 13257 
video 13181 
videocassette 13181 
videocassettes 13181 
vienna 13276 
views 13185 
vigorously 13221 
violated 13185 
violates 13227 
virginia 13196 13229 
virus 13215 
visit 13260 
voice 13249 
volkswagen 13216 
volume 13170 13276 13279 13281 13284 
vote 13168 13260 13263 
voted 13208 13257 
voters 13257 
w. 13196 
w.german 13238 
wage 13234 
wagner 13210 
wait 13241 13269 
wales 13265 
wallmann 13257 
walter 13257 
wanted 13210 13252 13253 
war 13247 13253 13273 
ward 13261 
warehouse 13174 
warehouses 13174 
warns 13277 
warranted 13261 
wars 13253 
warships 13247 
washington 13166 13167 13168 13169 13182 13185 13189 13194 13206 13211 13212 13213 13217 13218 13233 13246 13249 13252 13254 13270 13273 13278 
watchdog 13250 
watched 13250 
wave 13178 13277 
wclb 13174 
weak 13183 13208 13216 13261 
weakened 13243 
weakening 13216 
weaker 13216 13227 13244 13281 
weaker-than-expected 13208 
weapons 13246 
weapons-related 13246 
wedd 13259 
wednesday 13261 13278 
week 13162 13169 13179 13208 13216 13231 13245 13251 13252 13260 13261 13269 13270 13272 13273 13277 13278 
week-political 13267 
weekly 13169 13245 13264 13269 13272 
weeks 13170 13177 13231 13245 13249 13253 13261 13277 
wehat 13179 
weinberger 13247 
wellington 13264 
wells 13200 
wertheim 13208 
wesson 13197 
west 13195 13243 13244 13247 13252 13257 13270 13278 
west-germany 13238 13257 13278 
western 13211 13212 13244 13249 13251 13252 13256 13266 
wheat 13162 13179 13272 13277 
wheats 13179 
white 13246 
whitelaw 13260 
wholesale 13232 
wholly 13263 13280 
wholly-owned 13259 
widely 13243 13250 13260 
wider 13219 
william 13210 
win 13240 13257 
winning 13250 
wins 13228 13240 
winter 13179 
wireless 13253 
wise 13253 
witholding 13271 
wo 13171 13273 
won 13240 13257 
woo 13235 
word 13239 
work 13199 13213 13228 13243 13244 13249 13271 13273 13282 
workers 13234 
working 13244 
works 13234 
world 13179 13213 13217 13234 13236 13239 13241 13252 13254 13256 13261 13263 13266 13271 13273 
world-wide 13259 
worldbank 13213 13234 13241 13252 13254 
worldopoly 13209 
worst 13249 
worth 13163 13176 13227 13239 
wpi 13232 
wreckage 13249 
write 13192 
write-downs 13199 
yaounde 13271 
year-ago 13169 
year-end 13259 
year-on-year 13232 13256 13266 13274 
year-to-date 13169 
years 13178 13216 13220 13228 13240 13246 13252 13256 13257 13260 13263 13266 13280 
yen 13278 13279 
yesterday 13170 13179 13208 13221 13233 13234 13236 13244 13245 13248 13260 13277 
yield 13208 13261 
yielded 13237 
yielding 13200 
yields 13261 
york 13178 13182 13187 13191 13206 13208 13210 13219 13222 13227 13239 13247 13258 13259 13261 13263 13283 
yr-ago 13214 
yugoslavia 13213 13217 
yugoslavian 13213 13217 
zakum 13236 
zambia 13245 
zambian 13245 
zealand 13262 
zia 13277 
zielonka 13208 
zimoil 13245 
zoete 13259 
zones 13259 
zurich 13259 
