'n 11032 11066 11078 
're 11038 11074 11075 11076 11083 11118 11155 
've 11103 11118 11148 11155 
****** 11006 11012 11066 11069 11072 11073 11077 11079 11127 11139 11140 11159 
-3 11060 
-3r 11019 
-4 11145 
-4t 11132 
-4th 11115 
-aci 11102 
-announce 11001 
-asks 11096 
-audio/v 11101 
-aware 11041 
-buys-rex 11113 
-declar 11156 
-en 11056 
-ends-talks 11051 
-expands 11050 
-franch 11092 
-g 11067 
-in 11089 
-in-4.8 11097 
-intr 11054 
-pred 11049 
-proposal 11093 
-qtly 11057 
-re 11130 
-say 11081 
-se 11117 
-sees-synf 11118 
-set 11087 
-sets 11027 11068 
-sets-r 11098 
-t 11002 11004 
-takeo 11048 
-to 11016 11063 11146 
-to-e 11032 
-to-merg 11088 
-to-p 11126 
-to-rei 11147 
-to-repa 11045 
-to-sell-s 11133 
-uni 11151 
-unit 11010 11070 
-unit-p 11021 
-unit-raises-s 11121 
-unit-to-red 11099 
-unit-win 11003 
-ye 11018 
-year-loss 11034 
..7.25 11083 
..7.30 11083 
..7.50.. 11083 
..7.75 11083 
..8.25 11083 
..t-bonds..fed 11083 
.7.00 11083 
.7.10 11083 
.7.50 11083 
.current 11083 
.forecast 11083 
/author 11007 11074 11076 11083 11084 11120 11123 11135 11148 
0.3 11070 
0.5 11070 
0.7 11070 
0/92 11082 
0010 11066 11069 
0011 11127 
0013 11006 11077 11079 11159 
0014 11072 11073 11139 11140 
0015 11012 
0023 11115 
0024 11154 
0025 11057 11098 
0030 11052 11128 
0031 11090 
0032 11112 
0033 11153 
0037 11027 11067 
0040 11133 
0042 11036 
0043 11018 
0046 11017 11109 11113 11156 
0048 11130 
0049 11019 11060 11088 11132 11145 
0052 11097 11147 
0054 11065 
0055 11068 
0056 11004 11051 11086 11110 11117 
0057 11129 
0058 11125 
0060 11126 
0061 11134 
0062 11142 
0063 11047 
0064 11003 11046 
0065 11005 
0069 11160 
0070 11031 11058 11146 
0071 11111 
0072 11034 11092 
0073 11095 
0074 11028 
0075 11106 
0076 11104 11158 
0077 11030 11093 
0078 11089 11138 
0079 11032 
0080 11074 11096 
0084 11002 11015 11048 11059 11085 
0085 11054 
0086 11001 11016 
0087 11029 11102 
0088 11050 11101 
0091 11039 
0092 11044 11122 
0093 11131 
0094 11021 11035 11070 
0095 11010 11080 11118 
0096 11150 
0097 11020 11042 11081 
0098 11040 11056 11100 
0099 11014 11037 
0100 11105 11121 11143 
0101 11009 11062 11149 
0102 11022 11114 
0103 11007 11008 11135 
0104 11099 
0105 11038 11137 
0106 11011 11076 11120 
0107 11053 11083 
0108 11107 
0109 11025 11136 11144 11155 
0110 11055 11075 11123 11151 
0111 11033 11078 11103 11124 
0112 11013 11024 
0113 11141 11157 
0114 11045 11108 11119 11148 
0116 11063 11087 11094 
0117 11049 
0121 11041 
0122 11043 
0127 11061 11091 
0128 11084 
0130 11152 
0131 11023 
0132 11026 
0134 11116 
0139 11082 
0141 11071 
0142 11064 
03-30 11001 11002 11003 11004 11005 11006 11007 11008 11009 11010 11011 11012 11013 11014 11015 11016 11017 11018 11019 11020 11021 11022 11023 11024 11025 11026 11027 11028 11029 11030 11031 11032 11033 11034 11035 11036 11037 11038 11039 11040 11041 11042 11043 11044 11045 11046 11047 11048 11049 11050 11051 11052 11053 11054 11055 11056 11057 11058 11059 11060 11061 11062 11063 11064 11065 11066 11067 11068 11069 11070 11071 11072 11073 11074 11075 11076 11077 11078 11079 11080 11081 11082 11083 11084 11085 11086 11087 11088 11089 11090 11091 11092 11093 11094 11095 11096 11097 11098 11099 11100 11101 11102 11103 11104 11105 11106 11107 11108 11109 11110 11111 11112 11113 11114 11115 11116 11117 11118 11119 11120 11121 11122 11123 11124 11125 11126 11127 11128 11129 11130 11131 11132 11133 11134 11135 11136 11137 11138 11139 11140 11141 11142 11143 11144 11145 11146 11147 11148 11149 11150 11151 11152 11153 11154 11155 11156 11157 11158 11159 11160 
0300 11013 
0720 11116 
0800 11116 
1,001,430 11043 
1,034 11075 
1,054,000 11112 
1,069,550 11031 
1,113,500-share 11143 
1,133,000 11058 
1,219,000 11046 
1,295,104 11036 
1,321,940 11153 
1,329,000 11112 
1,489,298 11029 
1,528,000 11058 
1,544,000 11106 
1,563,000 11047 
1,582,125 11028 
1,675,000 11030 
1,696,000 11030 
1,772,000 11106 
1,850,000 11043 
1,944,627 11031 
1-1/2 11121 
1-1/4 11121 
1-3/4 11074 
1-5/8 11144 
1-7/8 11041 
1.0 11080 
1.01 11047 
1.019 11124 
1.042 11124 
1.05 11036 11049 
1.09 11087 
1.1 11080 11083 
1.11 11028 
1.12 11060 
1.125 11001 
1.28 11042 
1.3 11030 
1.38 11029 11074 
1.4 11025 11089 
1.495 11025 
1.5 11149 
1.50 11070 
1.504 11124 
1.60 11111 
1.619 11124 
1.64 11160 
1.732 11124 
1.75 11070 
1.79 11111 
1.8 11080 
1.82 11160 
1.86 11160 
1.9 11003 
1.90 11123 
1.94 11123 
1.95 11158 
1.98 11123 
10,000 11007 
10,100,000 11112 
10-3/4 11099 
10-k 11041 11081 
10-pct 11056 
10.1 11046 11145 
10.2 11016 
10.3 11148 
10.4 11131 
10.7 11158 
10.786 11059 
10.9 11007 
100,000 11033 
101.5 11099 
104,000 11106 
104.9 11047 
107.1 11115 
108.4 11047 
108.7 11007 
11.4 11111 11112 
11.66 11158 
11001 11001 
11002 11002 
11003 11003 
11004 11004 
11005 11005 
11006 11006 
11007 11007 
11008 11008 
11009 11009 
11010 11010 
11011 11011 
11012 11012 
11013 11013 
11014 11014 
11015 11015 
11016 11016 
11017 11017 
11018 11018 
11019 11019 
11020 11020 
11021 11021 
11022 11022 
11023 11023 
11024 11024 
11025 11025 
11026 11026 
11027 11027 
11028 11028 
11029 11029 
11030 11030 
11031 11031 
11032 11032 
11033 11033 
11034 11034 
11035 11035 
11036 11036 
11037 11037 
11038 11038 
11039 11039 
11040 11040 
11041 11041 
11042 11042 
11043 11043 
11044 11044 
11045 11045 
11046 11046 
11047 11047 
11048 11048 
11049 11049 
11050 11050 
11051 11051 
11052 11052 
11053 11053 
11054 11054 
11055 11055 
11056 11056 
11057 11057 
11058 11058 
11059 11059 
11060 11060 
11061 11061 
11062 11062 
11063 11063 
11064 11064 
11065 11065 
11066 11066 
11067 11067 
11068 11068 
11069 11069 
11070 11070 
11071 11071 
11072 11072 
11073 11073 
11074 11074 
11075 11075 
11076 11076 
11077 11077 
11078 11078 
11079 11079 
11080 11080 
11081 11081 
11082 11082 
11083 11083 
11084 11084 
11085 11085 
11086 11086 
11087 11087 
11088 11088 
11089 11089 
11090 11090 
11091 11091 
11092 11092 
11093 11093 
11094 11094 
11095 11095 
11096 11096 
11097 11097 
11098 11098 
11099 11099 
111,210 11031 
111.1 11115 
11100 11100 
11101 11101 
11102 11102 
11103 11103 
11104 11104 
11105 11105 
11106 11106 
11107 11107 
11108 11108 
11109 11109 
11110 11110 
11111 11111 
11112 11112 
11113 11113 
11114 11114 
11115 11115 
11116 11116 
11117 11117 
11118 11118 
11119 11119 
11120 11120 
11121 11121 
11122 11122 
11123 11123 
11124 11124 
11125 11125 
11126 11126 
11127 11127 
11128 11128 
11129 11129 
11130 11130 
11131 11131 
11132 11132 
11133 11133 
11134 11134 
11135 11135 
11136 11136 
11137 11137 
11138 11138 
11139 11139 
11140 11140 
11141 11141 
11142 11142 
11143 11143 
11144 11144 
11145 11145 
11146 11146 
11147 11147 
11148 11148 
11149 11149 
11150 11150 
11151 11151 
11152 11152 
11153 11153 
11154 11154 
11155 11155 
11156 11156 
11157 11157 
11158 11158 
11159 11159 
11160 11160 
114-1/4 11144 
115,000 11106 
12-3/4 11055 
12-pct 11056 
12.131 11059 
12.2 11007 11145 
12.4 11061 
12.9 11034 
125,000 11134 
128,000 11058 
128,164 11153 
13-year 11155 
13.283 11059 
13.29 11078 
13.3 11109 
13.9 11106 
13/16 11148 11155 
130,804 11043 
132.4 11060 
133,119 11019 
136,918 11019 
14,918,000 11145 
14.4 11060 
14.5 11106 
14.6 11030 
14.7 11102 
14.9 11034 
140,000 11035 
1400 11116 
141,000 11106 
147,671 11031 
147.6 11060 
149.0 11158 
14:22:36.87 11001 
14:23:25.56 11002 
14:23:31.58 11003 
14:23:38.33 11004 
14:28:03.38 11005 
14:28:16.03 11006 
14:29:14.28 11007 
14:29:24.83 11008 
14:29:34.81 11009 
14:29:58.53 11010 
14:30:15.88 11011 
14:32:12.01 11012 
14:32:29.52 11013 
14:35:33.56 11014 
14:36:52.17 11015 
14:38:10.07 11016 
14:42:08.80 11017 
14:43:54.75 11018 
14:44:06.64 11019 
14:47:20.29 11020 
14:47:40.85 11021 
14:48:20.82 11022 
14:49:29.53 11023 
14:54:12.48 11024 
14th 11102 
15-3/4 11143 
15.4 11102 
15.6 11007 
150,000 11025 11026 
1500 11040 
1515 11116 
156-1/2 11074 
15:00:51.14 11025 
15:02:17.84 11026 
15:05:58.06 11027 
15:06:30.04 11028 
15:15:20.33 11029 
15:16:34.99 11030 
15:17:57.62 11031 
15:18:39.33 11032 
15:20:25.66 11033 
15:20:32.84 11034 
15:20:48.00 11035 
15:20:52.65 11036 
15:22:33.92 11037 
15:24:34.95 11038 
15:26:11.53 11039 
15:26:25.70 11040 
15:27:02.85 11041 
15:29:30.70 11042 
15:29:47.66 11043 
15:39:21.47 11044 
15:44:23.25 11045 
15:51:12.26 11046 
15:52:04.99 11047 
15:54:36.57 11048 
15:55:50.23 11049 
15:56:28.52 11050 
15:58:33.75 11051 
15:58:44.17 11052 
15:59:18.08 11053 
15:59:24.50 11054 
16.1 11060 
16.2 11029 11074 
16.3 11046 
16.5 11034 
16:00:03.76 11055 
16:00:28.68 11056 
16:00:33.29 11057 
16:00:39.33 11058 
16:01:55.85 11059 
16:06:38.27 11060 
16:06:53.63 11061 
16:07:10.68 11062 
16:08:25.90 11063 
16:10:35.89 11064 
16:11:45.14 11065 
16:12:16.53 11066 
16:13:10.33 11067 
16:16:09.66 11068 
16:16:49.64 11069 
16:18:50.48 11070 
16:20:47.32 11071 
16:21:28.45 11072 
16:22:15.49 11073 
16:23:40.41 11074 
16:23:57.15 11075 
16:27:36.56 11076 
16:34:47.25 11077 
16:35:31.51 11078 
16:35:50.16 11079 
16:37:25.46 11080 
16:38:42.46 11081 
16:40:02.27 11082 
16:42:04.68 11083 
16:47:03.31 11084 
16:49:19.53 11085 
16:52:06.21 11086 
16:52:34.08 11087 
16:52:52.72 11088 
16:53:09.48 11089 
16:53:15.24 11090 
16:53:24.37 11091 
16:53:32.60 11092 
16:54:03.65 11093 
16:54:20.27 11094 
16:54:40.88 11095 
16:54:56.48 11096 
16:55:01.06 11097 
16:55:04.33 11098 
17,683 11012 
17-year 11148 
17.04 11078 
17.2 11007 
1700 11013 
17062 11001 
17063 11002 
17064 11003 
17065 11004 
17066 11005 
17067 11006 
17068 11007 
17069 11008 
17070 11009 
17071 11010 
17072 11011 
17073 11012 
17074 11013 
17075 11014 
17076 11015 
17077 11016 
17078 11017 
17079 11018 
17080 11019 
17081 11020 
17082 11021 
17083 11022 
17084 11023 
17085 11024 
17086 11025 
17087 11026 
17088 11027 
17089 11028 
17090 11029 
17091 11030 
17092 11031 
17093 11032 
17094 11033 
17095 11034 
17096 11035 
17097 11036 
17098 11037 
17099 11038 
17100 11039 
17101 11040 
17102 11041 
17103 11042 
17104 11043 
17105 11044 
17106 11045 
17107 11046 
17108 11047 
17109 11048 
17110 11049 
17111 11050 
17112 11051 
17113 11052 
17114 11053 
17115 11054 
17116 11055 
17117 11056 
17118 11057 
17119 11058 
17120 11059 
17121 11060 
17122 11061 
17123 11062 
17124 11063 
17125 11064 
17126 11065 
17127 11066 
17128 11067 
17129 11068 
17130 11069 
17131 11070 
17132 11071 
17133 11072 
17134 11073 
17135 11074 
17136 11075 
17137 11076 
17138 11077 
17139 11078 
17140 11079 
17141 11080 
17142 11081 
17143 11082 
17144 11083 
17145 11084 
17146 11085 
17147 11086 
17148 11087 
17149 11088 
17150 11089 
17151 11090 
17152 11091 
17153 11092 
17154 11093 
17155 11094 
17156 11095 
17157 11096 
17158 11097 
17159 11098 
17160 11099 
17161 11100 
17162 11101 
17163 11102 
17164 11103 
17165 11104 
17166 11105 
17167 11106 
17168 11107 
17169 11108 
17170 11109 
17171 11110 
17172 11111 
17173 11112 
17174 11113 
17175 11114 
17176 11115 
17177 11116 
17178 11117 
17179 11118 
17180 11119 
17181 11120 
17182 11121 
17183 11122 
17184 11123 
17185 11124 
17186 11125 
17187 11126 
17188 11127 
17189 11128 
17190 11129 
17191 11130 
17192 11131 
17193 11132 
17194 11133 
17195 11134 
17196 11135 
17197 11136 
17198 11137 
17199 11138 
172.4 11158 
17200 11139 
17201 11140 
17202 11141 
17203 11142 
17204 11143 
17205 11144 
17206 11145 
17207 11146 
17208 11147 
17209 11148 
17210 11149 
17211 11150 
17212 11151 
17213 11152 
17214 11153 
17215 11154 
17216 11155 
17217 11156 
17218 11157 
17219 11158 
17220 11159 
17221 11160 
17:00:00.52 11099 
17:01:19.82 11100 
17:01:43.07 11101 
17:01:59.09 11102 
17:03:12.41 11103 
17:04:41.27 11104 
17:06:21.94 11105 
17:06:57.25 11106 
17:08:02.18 11107 
17:11:43.28 11108 
17:16:10.91 11109 
17:19:01.86 11110 
17:19:24.18 11111 
17:19:40.14 11112 
17:21:30.03 11113 
17:23:47.84 11114 
17:25:34.58 11115 
17:26:56.78 11116 
17:31:08.62 11117 
17:36:39.53 11118 
17:37:39.28 11119 
17:44:05.16 11120 
17:45:13.80 11121 
17th 11102 
18,810,000 11030 
18.00 11070 
18.50 11070 
18.75 11070 
189.1 11158 
18:01:52.57 11122 
18:03:22.77 11123 
18:06:41.28 11124 
18:06:46.57 11125 
18:08:08.35 11126 
18:09:21.61 11127 
18:10:03.46 11128 
18:10:26.36 11129 
18:11:35.95 11130 
18:12:15.26 11131 
18:12:25.56 11132 
18:12:38.77 11133 
18:13:23.49 11134 
18:16:30.24 11135 
18:20:15.37 11136 
18:20:33.78 11137 
18:20:48.85 11138 
18:24:28.61 11139 
18:26:18.25 11140 
18:27:25.00 11141 
18:30:18.58 11142 
18:32:29.95 11143 
18:42:26.46 11144 
18:42:50.94 11145 
18:47:09.26 11146 
18:48:04.37 11147 
18:48:24.01 11148 
18:49:53.18 11149 
18:59:42.80 11150 
19,513,200 11016 
19.05 11095 
19.50 11070 
192.9 11145 
195,000 11058 
1953 11160 
196,868 11018 
1974 11089 
1978 11124 
1981 11156 
1983 11044 11087 
1984 11022 11096 11135 
1984-86 11026 
1985 11018 11028 11031 11035 11053 11058 11061 11114 11124 11135 11145 11148 
1985's 11124 
1986 11034 11035 11043 11046 11053 11060 11076 11083 11113 11123 11134 11135 11137 11145 
1987 11007 11010 11016 11026 11043 11047 11049 11053 11063 11076 11082 11083 11094 11099 11103 11104 11107 11123 11148 
1987-88 11084 
1987-89 11124 11148 
1988 11023 11148 
1989 11023 11037 11108 11148 
1990 11099 11148 11149 
1990-model 11037 
1992 11022 
1994 11055 
1999 11089 11129 
19:01:10.88 11151 
19:02:23.16 11152 
19:02:33.80 11153 
19:02:43.70 11154 
19:07:43.63 11155 
19:08:19.24 11156 
19:08:49.67 11157 
19:16:25.70 11158 
19:28:26.04 11159 
19:31:59.80 11160 
1st 11153 
2,000 11052 11084 
2,098,602 11063 
2,140,673 11036 
2,291,210 11029 
2,732,000 11145 
2,955,000 11047 
2,968,437 11111 
2-for-1 11015 
2.0 11080 
2.1 11083 
2.15 11123 11155 
2.17 11145 
2.2 11053 11070 
2.23 11123 
2.25 11123 
2.28 11084 
2.3 11083 
2.4 11049 11083 11085 
2.424 11059 
2.5 11053 11064 11083 
2.508 11059 
2.7 11083 11109 
2.74 11123 
2.8 11070 11160 
2.85 11123 
2.9 11159 11160 
20,717 11012 
20.25 11070 
20.5 11150 
20.7 11112 11131 
2000 11118 
202,500 11031 
206.8 11158 
20s 11064 
21.50 11070 
2100 11013 11040 
216.9 11158 
22,016,000 11030 
22.50 11070 
22.6 11028 
220,582 11018 
222.8 11145 
23.9 11047 
2300 11013 
237,859 11031 
24.6 11046 
24.9 11029 11074 11080 11145 
245.6 11007 
25,192 11043 
257,157 11036 
26,000 11117 
26.1 11047 
26.2 11028 
265.1 11158 
27.4 11089 
271.48 11053 
274.82 11053 
278,000 11078 
28.0 11080 
28.4 11109 
29,043 11043 
293.4 11145 
2nd 11083 11106 
3,038,000 11128 
3,321,000 11047 
3,495,579 11031 
3,785,607 11031 
3,904,373 11031 
3,906,250 11042 
3-1/2 11114 
3-mo 11073 
3.0 11159 11160 
3.2 11086 11095 
3.3 11083 
3.30 11123 
3.5 11083 11092 11149 
3.59 11123 
3.6 11076 
3.74 11123 
3.80 11123 
3.926 11124 
3/4 11121 
30,000 11007 11063 
30-mar-1987 11001 11002 11003 11004 11005 11006 11007 11008 11009 11010 11011 11012 11013 11014 11015 11016 11017 11018 11019 11020 11021 11022 11023 11024 11025 11026 11027 11028 11029 11030 11031 11032 11033 11034 11035 11036 11037 11038 11039 11040 11041 11042 11043 11044 11045 11046 11047 11048 11049 11050 11051 11052 11053 11054 11055 11056 11057 11058 11059 11060 11061 11062 11063 11064 11065 11066 11067 11068 11069 11070 11071 11072 11073 11074 11075 11076 11077 11078 11079 11080 11081 11082 11083 11084 11085 11086 11087 11088 11089 11090 11091 11092 11093 11094 11095 11096 11097 11098 11099 11100 11101 11102 11103 11104 11105 11106 11107 11108 11109 11110 11111 11112 11113 11114 11115 11116 11117 11118 11119 11120 11121 11122 11123 11124 11125 11126 11127 11128 11129 11130 11131 11132 11133 11134 11135 11136 11137 11138 11139 11140 11141 11142 11143 11144 11145 11146 11147 11148 11149 11150 11151 11152 11153 11154 11155 11156 11157 11158 11159 11160 
30-year 11103 
30s 11064 
319,564 11028 
324,011 11019 
33,453 11031 
33.2 11034 
339,000 11058 
34.0 11111 
340,210 11019 
35,000 11058 
35.6 11138 
352,000 11010 11128 
36,581 11012 
36.5 11111 
369,000 11061 
369,848 11031 
38.6 11067 
381,841 11018 
3com 11054 
3he 11038 
3rd 11019 11060 
3station 11054 
4,010,000 11132 
4,142,000 11115 
4,165,000 11060 
4,200 11022 
4,212,000 11115 
4,500,000 11058 
4,582,260 11153 
4,739,000 11047 
4,793,000 11132 
4,837,000 11058 
4-7/8 11041 
4.30 11123 
4.5 11046 
4.75 11101 
4.8 11097 
40-year 11083 11103 
400,518 11018 
408,031 11031 
413,444 11031 
414,890 11036 
415.2 11158 
420.3 11111 
433.4 11060 
438,933 11031 
44.2 11138 
44.4 11158 
455,000 11143 
46.6 11158 
470,000 11134 
474,270 11031 
478,991 11019 
483,518 11018 
496,391 11019 
4th 11028 11031 11036 11046 11047 11058 11115 11132 11145 11158 
5,000 11026 
5,036,000 11060 
5,115,456 11153 
5,250,376 11053 
5,568,319 11111 
5,583,560 11028 
5,747,000 11128 
5,970,141 11053 
5-1/2 11083 
5-3/4 11016 
5-7/8 11083 
5.375 11088 
5.50 11083 
5.55 11080 
5.60 11083 
5.70 11080 
5.72 11073 11080 
5.74 11073 11080 
5.75 11083 
5.80 11073 11080 11083 
5.875 11083 
5.89 11080 
5.9 11143 
5.90 11080 
50-50 11104 
500,000 11007 11017 
5000 11026 
520,200 11031 
521.3 11111 
53.9 11034 11138 
54.7 11145 
56.3 11145 
58.6 11076 
588,000 11106 
59,520 11031 
597,000 11106 
6,419,230 11028 
6,479,516 11035 
6,700,000 11009 
6-1/4 11083 
6-mo 11073 
6.07 11080 
6.1 11109 
6.125 11083 
6.15 11083 
6.25 11083 
6.4 11080 
6.56 11158 
6.68 11034 
6.75 11016 
6.9 11106 
60-day 11135 
600,000 11122 
625,000 11044 
641,000 11128 
650,000 11025 
654,083 11028 
660,000 11035 
688,000 11046 
69.8 11034 
697.3 11158 
7,271,668 11034 
7,500,000 11009 11112 
7,970,000 11053 
7-1/2 11083 11103 
7.00.. 11083 
7.10 11083 
7.2 11032 11049 11078 
7.20 11083 
7.3 11106 
7.5 11011 11136 
7.50 11083 
7.50.. 11083 
7.66 11103 
7.7 11155 
7.75 11083 
7.75.. 11083 
7.8 11049 
7.80 11083 
7.83 11103 
7.9 11041 
7/8 11148 11155 
70.5 11113 
71.6 11042 11145 
72,000 11058 
72,865,101 11111 
721,900 11078 
737,917 11019 
74.8 11145 
760,603 11031 
77,000 11071 
77.8 11030 
78,000 11106 
78.7 11007 11030 
784,000 11132 
8,329,492 11034 
8,530,000 11053 
8,539,000 11132 
8.00 11083 
8.13 11016 
8.25 11083 
8.37 11087 
8.425 11001 
80286-based 11054 
818,000 11047 
83.5 11094 
84,203 11028 
84.1 11158 
841,908 11019 
85,198,853 11111 
893,612 11031 
9,943,000 11049 
9-7/8 11089 
9.10 11158 
9.5 11143 11146 
9.706 11059 
9.9 11066 11078 
9.95 11034 
90.25 11101 
92.50 11101 
945,000 11071 
96-7/32 11103 
967,000 11046 
97.068 11080 
98-5/32 11103 
98.549 11080 
98.554 11080 
98.559 11080 
98.7 11034 
982,000 11046 
`` 11007 11014 11023 11024 11026 11029 11038 11041 11045 11048 11064 11074 11075 11076 11081 11082 11083 11084 11094 11101 11102 11103 11118 11120 11122 11123 11135 11144 11148 11149 11150 11155 
a-minus 11055 
a. 11144 
a.h 11147 
aapl 11050 
ab 11010 
abandoned 11038 
abandonment 11024 
ability 11050 
abolition 11122 
abroad 11014 11025 
abundance 11071 
abundant 11118 
abused 11084 
acccording 11071 
accelerate 11026 
accept 11021 11148 
acceptable 11007 
acceptance 11044 
accepted 11080 
access 11076 
accompanying 11148 
account 11127 11137 
accounted 11061 11064 
accounting 11111 11141 11145 
accounts 11059 
accrue 11023 11099 
accrued 11018 11089 11099 
accruing 11111 
accu-weather 11064 
accumulation 11083 
accused 11084 
acf 11102 
achieve 11023 
aci 11102 
acq 11006 11029 11041 11048 11051 11056 11063 11066 11074 11078 11086 11088 11095 11101 11102 11113 11126 11133 11134 11136 11139 11143 11144 
acquire 11029 11032 11044 11045 11051 11063 11074 11086 11095 11126 
acquired 11046 
acquiring 11074 
acquisition 11045 11048 11055 11063 11086 11095 11102 11134 11144 
acquisitions 11141 
acre 11084 
acreage 11023 11040 11061 
acres 11061 11117 
act 11033 11094 
acting 11141 
action 11048 11076 11123 11130 11144 
active 11138 
actively 11094 
activist 11152 
activity 11075 11083 11119 
actual 11043 11076 
adamant 11148 
add 11083 11152 
added 11007 11014 11100 
adding 11007 11044 11108 
addition 11008 11042 11076 
additional 11016 11025 11032 11091 11101 11138 
address 11149 
addressing 11118 
adequacy 11044 
adequate 11044 11085 11119 
adhere 11038 
adjusted 11030 11043 11137 11160 
adjustment 11123 
adjustments 11158 
administration 11097 11114 11118 
admit 11014 
adopt 11020 11037 
adopted 11023 11038 11068 
adoption 11084 
advance 11023 
advancement 11122 
advancing 11082 
advantage 11026 11147 
adviser 11074 11152 
advisers 11144 
advisor 11032 
advisory 11155 
advocated 11118 
aec 11098 
aece 11098 
ael 11047 
aelna 11047 
aerojet 11144 
affairs 11152 
affect 11075 
affected 11014 
affiliate 11110 11144 
affiliates 11018 11101 
affirmed 11055 
affirms 11055 
afg 11139 11140 11144 
afloat 11083 
africa 11024 11062 11122 
african 11024 11062 11122 
ag 11017 
agency 11150 11160 
agenda 11024 
agent 11033 
aggregate 11142 
ago 11030 11075 11085 11120 11135 11138 11157 
agonizing 11148 
agreed 11020 11083 11084 11086 11101 11104 11131 11148 
agreeing 11020 
agreement 11001 11056 11076 11082 11084 11088 11095 11101 11107 11108 11126 11131 11133 11148 11149 
agreements 11005 11056 
agricultural 11022 11061 11064 11071 
agriculture 11023 11040 11043 11061 11064 11065 11071 11082 11084 
ahead 11084 11091 11148 
aid 11023 11082 
aide 11152 
aides 11023 
aimed 11004 11038 11120 11135 11144 
ain 11019 
ain-leasing-corp 11019 
air 11037 11067 11102 
aircal 11102 
aircraft 11067 
airline 11102 
airlines 11102 
airlines-aircal 11077 
airport 11102 
airports 11102 
akin 11024 
akio 11014 
akron 11144 
ala. 11060 11068 
alan 11022 11148 
alberta 11100 
alcasa 11124 
ald 11067 
alexandria 11009 11085 
alfonsin 11155 
alg 11093 
algi 11028 
allegation 11151 
allergy 11020 
alleviate 11120 11135 
allied 11067 
allied-signal 11067 
allowed 11123 11148 
allowing 11123 
alloy 11121 
alter 11102 
alteration 11141 11144 
alternate 11093 
alternative 11094 11140 11144 
alternatives 11024 11032 11144 
altogether 11038 
alum 11124 
alumina 11124 
aluminum 11124 
am-brazil-trade 11120 11135 
am-court-cars 11037 
am-reagan-staff 11152 
am-warner 11114 
am/fm 11126 
ama 11133 
amazing 11076 
ambassador 11114 
amended 11044 
amendment 11022 11082 
amendments 11002 11015 11082 
america 11026 11156 
american 11007 11028 11030 11031 11062 11074 11077 11094 11102 11118 11122 11123 11150 11157 
american-aircal 11102 
american-made 11076 
ameron 11057 
amfac 11133 
amid 11119 
amkg 11048 
amn 11057 
amortizations 11148 
amortizing 11148 
amoskeag 11048 
amount 11038 11089 11099 11101 11118 11142 
amounts 11001 
amr 11102 
analyst 11074 11123 11149 
analysts 11064 11074 11083 11103 11123 
analytical 11003 
analyze 11048 
ancillary 11044 
andover 11125 
andrew 11042 
andriessen 11084 
angeles 11090 11102 11117 
anger 11149 
anglo 11122 
anita 11146 
announce 11148 
announced 11001 11053 11094 11101 11102 11108 11120 11124 11135 11152 
announces 11001 11108 
annual 11002 11015 11024 11045 11053 11062 11075 11083 11084 11100 11105 11122 11125 11135 11147 11149 
annually 11118 
annum 11108 
anti-competitive 11038 
anti-takeover 11002 
antibodies 11096 
anticipated 11001 11039 
anticipates 11001 
antisubmarine 11003 
antonio 11007 11025 11134 11149 
api 11007 
apparel 11021 
apparently 11148 
appeared 11137 
apple 11050 
appletalk 11050 
appliance 11010 11104 11107 
applicable 11001 
application 11013 11119 
applications 11054 
applied 11003 
applies 11038 
apply 11026 11082 11121 
approval 11015 11102 11126 
approve 11002 11015 
approved 11022 11063 11088 11105 
approves 11077 11102 
approx 11108 
approximately 11041 11082 
april 11013 11026 11027 11044 11057 11060 11065 11068 11076 11084 11086 11087 11090 11095 11098 11105 11108 11118 11125 11154 11156 
april-june 11083 
aquired 11095 
arab 11149 
archie 11007 
area 11102 11138 
areas 11040 11064 11091 
argentina 11148 11155 
argentine 11155 
argue 11148 
arguments 11102 11141 
arising 11001 
ariz. 11017 
ark. 11093 
arkansas 11093 
arkla 11093 
arlington 11151 
army 11009 
arrangement 11092 
arranger 11011 
arrive 11082 
article 11110 
asheville 11010 
ashland 11118 
asked 11024 11074 11076 
asks 11062 11096 
aspects 11081 
assembled 11152 
assembles 11005 
asset 11016 11045 11134 
assets 11004 11022 11028 11035 11044 11045 11055 11136 11141 11144 11158 
assist 11032 
assistance 11082 
assocates 11146 
associates 11141 11146 
association 11007 11025 11038 11102 11108 11131 11149 
associations 11061 11114 
assume 11092 
assuming 11044 11123 
assured 11044 
atmoscan 11017 
atorino 11074 
attached 11022 11099 
attempt 11032 11084 
attending 11007 11025 
attention 11024 11081 
attn-mesa 11124 
attorney 11152 
attracts 11082 
attributed 11075 11135 
atwell 11086 11095 
auction 11080 
audi 11026 
audio/video 11079 11101 
august 11076 
austin 11003 11064 11091 
australian 11013 11108 
author 11007 11074 11076 11083 11084 11120 11123 11135 11148 
authorised 11120 11135 
authorities 11080 11141 
authorization 11114 
authorized 11015 11016 11063 11074 11102 11144 
auto 11076 
automated 11017 
automatic 11037 
automobile 11037 11104 11107 
automotive 11076 
autos 11083 
ava 11101 
avalanche 11103 
average 11042 11080 11083 11085 11099 11118 11135 
averages 11080 
avg 11031 11034 11085 11109 11112 
aviation 11102 
avionics 11067 
avoid 11024 11076 11083 
awarded 11003 
aware 11041 
axp 11150 
b-minus 11055 
back 11016 11038 11076 11083 11122 11148 
backed 11084 11157 
backing 11074 
backlog 11009 
backs 11084 
baffled 11074 
bag 11037 
bags 11037 
baker 11152 
balance 11045 11059 11120 11135 
balances 11059 
baldwin 11146 
bales 11064 
ball 11051 
bami 11094 
ban 11075 
banco 11120 11135 
bancorp 11090 
bank 11001 11027 11033 11038 11044 11045 11048 11083 11114 11123 11129 11148 11155 
banker 11094 11155 
bankers 11033 11083 11097 11123 11148 11155 
banking 11011 11114 11148 
bankruptcy 11001 11044 11130 
banks 11011 11022 11083 11123 11144 11148 11155 
banner 11055 
baptist 11062 
bar 11039 
bargain 11144 
bargaining 11151 
barney 11074 
barrel 11070 11083 11118 
barrels 11007 11025 11053 11118 11149 
barriers 11122 
barring 11141 
base 11121 
based 11118 
basic 11044 11083 11094 11135 
basis 11011 11043 11081 11084 11123 
bass 11006 11029 11074 
bc- 11010 11019 11034 11112 11115 11124 
bc-******bilzerian-tells 11066 
bc-******cyacq-ends-tend 11079 
bc-******gencorp-rejects 11139 11144 
bc-******gencorp-said-it 11140 
bc-******rjr-nabisco-say 11069 
bc-******rjr-nabisco-to 11072 
bc-******u.s.-sells-3-mo 11073 
bc-******u.s.-transporta 11077 
bc-/little-risk-seen-for 11064 
bc-3com-corp- 11054 
bc-a.h-belo- 11147 
bc-aec-inc- 11098 
bc-ael-industries- 11047 
bc-allied-signal- 11067 
bc-american-locker-group 11028 
bc-ameron-inc- 11057 
bc-amfac- 11133 
bc-amoskeag- 11048 
bc-anglo-executive-urges 11122 
bc-apple- 11050 
bc-argentine-debt-talks 11155 
bc-arkla- 11093 
bc-audi-offers-cash-ince 11026 
bc-ball- 11051 
bc-basic-american- 11094 
bc-bass-group-emerges-as 11074 
bc-brougher-insurance-gr 11036 
bc-bull-and-bear-group-i 11128 
bc-campbell-soup- 11004 
bc-canada-banks-could-se 11123 
bc-columbia-gas- 11089 
bc-comdata 11143 
bc-commercial-metals-co 11154 
bc-csc-industries-unit-t 11039 
bc-denpac-corp- 11018 
bc-dixons-group 11101 
bc-dome-mines-ltd- 11145 
bc-endotronics- 11130 
bc-envirosure-management 11153 
bc-export-inspections 11012 
bc-exxon- 11118 
bc-fed's-policy-ease-may 11083 
bc-fidata- 11001 
bc-florida-wkly-crop-rep 11071 
bc-foreign-ownership-of 11061 
bc-fretter-inc- 11132 
bc-genova- 11088 
bc-gulf-of-mexico-rig-co 11138 
bc-halifax-engineering- 11009 
bc-harper-international 11134 
bc-hartmarx- 11021 
bc-hughes'-u.s.-rig-coun 11075 
bc-hybritech- 11096 
bc-imperial- 11156 
bc-imperial-bancorp- 11090 
bc-infinity- 11126 
bc-inland-vacuum- 11105 
bc-investors-file-proxy 11125 
bc-japan-buys-canadian-r 11052 
bc-japan-february-unempl 11159 
bc-japan-unemployment-fa 11160 
bc-johnson-electronics-i 11058 
bc-johnson-products-inc 11106 
bc-kansas-gas-and-electr 11111 
bc-lle-royalty- 11087 
bc-louisiana-weekly-crop 11085 
bc-louisville-gas 11002 
bc-marriott- 11092 
bc-maynard-oil-co- 11109 
bc-metromail- 11049 
bc-mexico-fund- 11016 
bc-midam-exchange-moves 11116 
bc-morrison- 11068 
bc-morrison-inc- 11060 
bc-n.z.-february-current 11127 11137 
bc-naples-federal- 11131 
bc-neoax- 11113 
bc-newmont-mining- 11015 11024 11053 
bc-north-american-group 11031 
bc-nynex 11008 
bc-oklahoma-weekly-crop 11119 
bc-olson-industries- 11136 
bc-oxoco-concludes-priva 11042 
bc-pay-'n-pak 11078 
bc-pay-'n-pak- 11032 
bc-philippines-to-repay 11148 
bc-policy-of-u.s.-in-mid 11149 
bc-primebank- 11027 
bc-proposed-offerings 11129 
bc-quartz-engineering- 11017 
bc-quebec-court-upholds 11157 
bc-reef-energy- 11056 
bc-refine- 11007 
bc-regulators-to-conside 11013 
bc-report-on-export-mark 11065 
bc-rjr-nabisco- 11081 
bc-royal-dutch- 11070 
bc-s/p-affirms-banner- 11055 
bc-sallie-mae-announces 11108 
bc-salomon-sa-euro-cp/cr 11011 
bc-santa-anita- 11146 
bc-santa-fe- 11041 
bc-sec 11141 
bc-security-tag-systems 11110 
bc-senate-bill-would-all 11022 
bc-service-resources- 11086 11095 
bc-shearson 11150 
bc-shell-canada 11100 
bc-smith-international-i 11158 
bc-smithfield- 11151 
bc-society-for-savings- 11033 11142 
bc-sony-increasing-produ 11014 
bc-steel-technologies- 11104 11107 
bc-sugar-imports 11043 
bc-sungard- 11097 
bc-taft 11006 11029 
bc-teeco-properties-l.p. 11035 
bc-templeton-energy-inc 11046 
bc-texas-weekly-crop-rep 11091 
bc-textron- 11045 
bc-time- 11099 
bc-times-mirror- 11117 
bc-tracor- 11003 
bc-trade-body-sets-new-r 11038 
bc-transamerican-files-a 11044 
bc-treasury-balances-at 11059 
bc-u.s.-bill-auction-rat 11080 
bc-u.s.-credit-markets-e 11103 
bc-u.s.-dot-approves-ame 11102 
bc-u.s.-farm-disaster-bi 11082 
bc-u.s.-group-asks-speci 11062 
bc-u.s.-senate-budget-ch 11023 
bc-u.s.-trade-official-s 11076 
bc-us-steel-production 11030 
bc-usda-to-update-winter 11040 
bc-usx- 11121 
bc-vanderbilt- 11063 
bc-venez- 11025 
bc-video-display- 11005 
bc-warner-lambert- 11020 
beach 11158 
bear 11033 11128 11142 
bearing 11108 
beaubien 11123 
begin 11013 11023 11054 11064 11102 11104 11107 11148 
beginning 11091 11121 
begun 11064 11083 
belgian 11084 
belgium 11025 11084 
belief 11083 
believed 11116 11118 
believes 11074 11084 
belo 11147 
belonging 11038 
belt-use 11037 
belts 11037 
benadryl 11020 
benchmark 11148 
benefit 11097 11123 11144 
benefits 11081 
benylin 11020 
bernice 11007 
bicoastal 11032 11078 
bid 11101 11139 11144 
bidder 11074 
bidders 11074 
bids 11080 
big 11038 
biggest 11114 
bigi 11036 
bill 11022 11080 11082 11122 
billion 11023 11029 11038 11044 11045 11053 11059 11074 11076 11080 11082 11084 11118 11123 11124 11135 11148 11155 
bills 11073 11080 
bilzerian 11032 11066 11078 
binding 11038 11157 
bindings 11011 
bkne 11129 
black 11122 
blacks 11122 
blah 11006 11012 11066 11069 11072 11073 11077 11079 11127 11139 11140 11159 
blc 11147 
bll 11051 
bln 11124 
block 11048 11084 
blocked 11048 
bloodbath 11103 
bloom 11021 11071 
blueprint 11023 
bluff 11093 
bnbga 11128 
bnr 11055 
board 11013 11014 11015 11016 11027 11032 11038 11056 11068 11078 11105 11114 11116 11125 11144 11151 
bolivars 11124 
bond 11038 11083 11103 11116 
bond-equivalent 11080 
bonds 11083 
bonn 11014 
bonus 11082 
book 11038 
books 11038 
boost 11025 11120 11135 
booting 11091 
boots 11011 
bop 11127 11137 
boren 11082 
borrower 11038 
borrowers 11038 
borrowing 11045 
borrowings 11045 11144 
boschwitz 11082 
boston 11033 11149 
bottom 11075 
bought 11025 11052 11078 11105 11113 
bounce 11083 
boxes 11071 
bpd 11007 11025 11149 
braced 11148 
branch 11141 
brasil 11120 11135 
brasilia 11120 11135 
braverman 11083 
brazil 11120 11123 11135 11148 
brazil's 11120 11135 
brazilian 11120 11123 11135 
break 11074 
breakup 11074 
breweries 11157 
brewing 11134 
bridge 11144 
brings 11063 11070 
britain 11084 
british 11110 
british-based 11110 
broad 11083 
broadcasting 11006 11029 11074 11126 
broadening 11082 
brodersohn 11155 
brokerage 11141 11150 
brothers 11032 11033 11074 11108 11144 11150 
brougher 11036 
brought 11084 
brown 11139 11144 
bruce 11076 
brusca 11083 
brussels 11084 
buckler 11007 
budget 11023 11059 11083 11084 11118 
budgetary 11084 
buffalo 11153 
build 11005 11010 11014 11093 11146 
building 11032 11102 
buildings 11146 
buildup 11083 
built 11014 11146 
bulk 11155 
bull 11128 
burton 11021 
bushel 11082 
bushels 11012 
bushnell 11048 
business 11014 11051 11052 11054 11059 11081 11083 11095 
bust-up 11144 
buy 11016 11029 11038 11056 11074 11083 11120 11134 11135 
buyer 11004 
buyers 11083 
buyout 11029 11144 
buys 11052 11113 
byrd 11076 
ca 11014 
cacex 11120 11135 
calgary 11100 
calif 11136 11146 11156 11158 
calif. 11050 11054 11057 11092 11096 11150 
california 11075 11133 
call 11062 11063 11092 
called 11032 11038 11054 11099 11104 11107 
calling 11024 
calls 11097 
camden 11004 11093 
campbell 11004 11145 
canada 11052 11075 11086 11095 11100 11112 11115 11123 11145 11157 
canadian 11052 11086 11123 
canceled 11094 
cancer 11096 
capabilities 11049 11050 
capacity 11007 11025 
capital 11014 11024 11029 11042 11053 11055 11083 11094 11101 11108 11129 11131 11136 11158 
capitalists 11042 
car 11076 
caracas 11124 
carbon 11121 
care 11094 
careful 11081 11144 
carl 11029 11074 
carolina 11010 
carried 11100 
carrier 11102 
carriers 11102 
carries 11038 
carrying 11158 
cars 11026 11037 
carter 11114 11118 
case 11141 11150 
cases 11084 
cash 11016 11026 11042 11044 11045 11055 11059 11060 11088 11113 11136 
cathodes 11005 
cattle 11091 11119 
caused 11014 11026 11071 11091 11119 
cbt 11013 11116 
ccc 11023 
cci 11123 
cdn 11143 
cease 11099 
ceiling 11025 
center 11003 11010 11107 11146 11149 
centers 11025 11107 
central 11007 11056 
century 11116 11118 
certificate 11015 
certificates 11023 11026 
cftc 11013 
cg 11089 
cgp 11044 
chain 11110 
chairing 11084 
chairman 11007 11014 11021 11023 11029 11041 11042 11048 11074 11105 11118 11122 11130 11144 
champlin 11025 
chance 11007 11064 11076 11149 
change 11023 11105 11111 
changed 11044 
chapter 11034 11044 11130 11158 
charge 11047 11136 11151 
charged 11114 11141 
charges 11151 11158 
charles 11025 11082 11149 
chas 11086 11095 
cheap 11118 
chemical 11118 
cherrin 11083 
chicago 11013 11021 11031 11041 11106 11116 
chief 11021 11023 11081 11083 11105 11122 11130 11152 
children 11020 
chiles 11023 
christi 11025 
christopher 11038 
churches 11062 
cie 11007 
cincinnati 11029 11114 
cited 11039 
citgo 11025 
citicorp 11101 11123 
cities 11102 
citizens 11061 
citrus 11071 
city 11016 11056 11062 11119 11157 
claim 11148 
claims 11001 
clara 11054 
class 11038 
clauses 11122 
clayton 11004 
clear 11023 
clearance 11102 
clinched 11148 
close 11024 11084 11086 11095 11103 11114 11155 
closed 11074 11100 11120 11135 11144 
closing 11084 
clothing 11110 
cmc 11154 
cme 11116 
cni 11143 
cnp 11007 
co-chairman 11042 
coal 11118 11145 
coast 11102 
coastal 11044 
coastal's 11044 
code 11130 
cold 11039 11064 11091 11119 
collapse 11114 
collapsed 11114 
colleagues 11084 
collective 11151 
columbia 11089 
combination 11095 11102 11136 
combine 11040 
combined 11039 
comdata 11143 
coming 11118 
commence 11016 
comment 11023 11074 11144 11150 
commenting 11122 
comments 11102 
commerce 11010 11076 11123 11146 
commercial 11045 11146 11148 11151 11154 
commission 11008 11013 11029 11032 11041 11078 11084 11093 11125 11129 11141 11143 11149 11150 
commissioner 11084 
committed 11011 
committee 11023 11076 11083 11155 
committing 11141 
commmunicate 11050 
commodity 11013 11023 11116 
common 11015 11016 11029 11041 11042 11056 11063 11078 11101 11150 
communities 11084 11144 
community 11084 11148 
company 11001 11002 11004 11008 11009 11014 11015 11024 11025 11026 11029 11032 11034 11039 11041 11042 11044 11049 11051 11053 11054 11056 11062 11068 11074 11078 11081 11094 11099 11100 11104 11105 11107 11110 11117 11124 11125 11130 11143 11144 11147 11150 11156 11157 11158 
comparable 11035 
compared 11035 11043 11059 11074 11080 11103 11123 11124 11138 
compares 11053 
compelling 11123 
competed 11102 
competition 11076 11102 
competitive 11118 
competitively 11093 
compiled 11102 
compiling 11160 
complain 11014 
complaint 11151 
complaints 11062 
complete 11051 11092 
completed 11085 11117 
completion 11016 11071 11126 
complex 11123 
comprehensive 11097 
compressor 11034 
compromise 11148 
computer 11050 11150 
computers 11050 11054 
coms 11054 
concern 11007 
concerned 11076 
concerns 11102 
conclude 11076 
concluded 11042 11081 
concludes 11042 
condition 11071 11085 11119 
conditional 11144 
conditioned 11016 
conditions 11076 11091 11096 11119 
conex 11120 11135 
conference 11118 11124 11148 
confident 11044 
confirmation 11044 
confirmed 11041 11044 
confirming 11150 
conglomerate 11045 
congress 11076 11118 
congressional 11023 
conn 11142 
connection 11151 
conoco 11007 
consent 11020 
conservation 11082 
conservative 11045 11123 11152 
consideration 11024 
considered 11082 11152 
consolidated 11010 11151 
construct 11107 
construction 11010 11083 
consult 11155 
consultant 11152 
consumated 11088 
consumed 11093 
consumer 11014 11045 11083 
consumption 11149 
contacted 11083 
contained 11076 
container 11051 
contemplating 11082 
contest 11151 
contingently 11144 
continue 11004 11029 11045 11071 11072 11081 11083 11094 11116 11118 11150 
continued 11024 11103 11155 
continues 11007 
continuing 11024 11045 11099 
contract 11003 11009 11067 11070 11097 11157 
contractors 11146 
contracts 11009 11116 11138 
control 11002 11006 11029 11032 11074 11078 11092 11102 11143 11157 
controlled 11017 
controlling 11032 11150 
controls 11029 11032 11078 
conversion 11050 
convert 11108 
convince 11076 
cool 11091 
cooney 11123 
cooperative 11092 
coordination 11160 
copper 11053 
copperweld 11039 
corn 11012 11082 11085 11091 
corp. 11083 11118 
corporate 11008 11147 
corporation 11024 11092 11107 11118 11124 
corporations 11061 11063 
corpus 11025 
correct 11026 
cost 11001 11099 
costing 11084 
costly 11118 
costs 11039 11063 11123 11158 
cotton 11013 11064 11082 11084 11091 
cough 11020 
council 11120 11135 
counselor 11152 
count 11075 11138 
countries 11076 11135 
country 11118 11120 11135 11144 11148 
counts 11114 
county 11102 
coupons 11099 
court 11020 11037 11044 11048 11096 11141 11157 
cover 11155 
covered 11091 
covering 11158 
covers 11096 
cpb 11004 
cpsl 11039 
crain 11115 
created 11118 
credit 11011 11023 11033 11094 11103 11135 
creditor 11044 11123 
creditors 11044 11135 
cribb 11152 
crisis 11038 11084 11114 11135 
criteria 11038 11148 
critical 11155 
criticized 11038 
crk 11145 
crop 11064 11071 11082 11085 11091 11119 
cropland 11061 11082 
crops 11023 11082 
crown 11007 
crucial 11064 
crude 11007 11025 11100 11118 11149 
crushers 11052 
csc 11039 
cst 11116 
ct 11018 11031 
cubic 11053 
cudahy 11151 
cumulative 11043 11111 
cupertino 11050 
currencies 11038 11083 11116 
currency 11014 11084 11103 11108 11120 11135 11158 
current 11007 11026 11038 11039 11084 11102 11120 11127 11135 11137 11148 11149 11158 11160 
custom 11113 
customers 11144 
customs 11043 
cut 11007 11023 11055 11083 11084 11130 
cutbacks 11075 
cuts 11083 
cvg 11124 
cyacq 11079 11101 
cyclops 11079 11101 
cyl 11101 
cynical 11122 
d-fla. 11023 
d-ill. 11022 
d-okla. 11082 
daily 11102 
dallas 11109 11147 11154 
damage 11064 
damaging 11084 
daryl 11107 
data 11043 11049 11060 11074 11083 11097 11102 11137 11138 
david 11082 11083 11141 
davison 11088 
day 11007 11025 11059 11149 
days 11044 11059 11083 11085 11088 11119 11123 
daytime 11071 
dd 11053 
de 11025 11084 
deadline 11135 
deal 11038 11074 11148 
dealer 11038 
dealers 11103 
dealing 11150 
dean 11083 
deaths 11091 11119 
debate 11084 
debentures 11055 11089 
debt 11008 11034 11038 11045 11055 11099 11123 11124 11148 11155 
debt-repayment 11044 
debt-to-capital 11045 
debtor 11148 
debtors 11148 
dec 11128 
decade 11118 
december 11043 11061 
decide 11029 
decided 11038 
decision 11048 11076 11081 11120 11135 11144 
decisions 11023 
declare 11123 
declared 11027 11090 11156 
declares 11156 
declaring 11123 
decline 11075 11083 11145 11149 
declined 11025 11037 11053 11081 11123 11149 11150 
declines 11037 11075 
declining 11118 
decoupling 11023 
deep 11084 
defect 11026 
defendants 11141 
defense 11045 
deficiency 11023 11082 11087 
deficit 11076 11083 11127 11137 
deficits 11084 
definitive 11095 
deflator 11083 
del. 11004 11015 11089 
delaware 11004 11063 11147 
delay 11065 11071 11123 
delayed 11065 
delays 11091 
deliver 11093 
delivers 11093 
demand 11007 11014 11083 11118 11149 
demarkus 11134 
democratic 11076 
democrats 11082 
demonstrated 11118 
denied 11096 
denies 11122 11151 
denmark 11084 
dennis 11074 
denomiations 11033 
denominated 11038 
denpac 11018 
deny 11144 
denying 11150 
department 11010 11023 11037 11040 11043 11061 11064 11065 11071 11077 11082 11102 11120 11135 11137 11141 
department's 11065 
dependence 11149 
depending 11148 
deposit 11114 
depositors 11048 
depressed 11024 
deputy 11076 11152 
des 11007 
designed 11093 
designer 11134 
destruction 11141 
detailed 11011 
detailing 11150 
details 11051 11068 
detect 11096 
deter 11068 
determined 11008 
develop 11118 11144 
developed 11144 
developing 11014 11118 11140 11144 
development 11003 11014 11046 11071 11097 11107 11118 11119 11143 
devices 11037 
devoted 11081 11082 
dial-up 11050 
dictate 11123 
die 11014 
diego 11096 11156 
differ 11084 
difficult 11081 11122 11149 
difficulties 11014 11120 11135 
difficulty 11155 
dilligence 11086 
diluted 11123 
diplomatic 11084 
diplomats 11084 
direct 11094 11148 11149 
direction 11029 
directors 11002 11015 11029 11074 11105 11125 
disagreement 11084 
disappears 11038 
disaster 11082 
discipline 11007 11084 
disclosed 11117 11133 
disclosure 11044 11150 
discontinue 11020 
discontinued 11028 11031 11034 11106 11136 11145 
discount 11083 
discretionary 11023 
discrimination 11122 
discriminatory 11122 
discuss 11062 
discussed 11041 11084 
discussions 11029 
disease 11096 
disinvestment 11024 
dismiss 11079 
dismissed 11084 11101 
display 11005 
disposal 11028 
dispose 11035 
dispute 11074 11093 
distillate 11007 
distribute 11035 
distributed 11027 11038 
distributing 11053 
distribution 11001 11010 11060 11068 11087 
district 11020 11044 11141 
div 11060 11098 11154 11156 
diverging 11084 
diversified 11045 
diversity 11055 
divest 11117 
divestment 11024 
dividend 11015 11027 11053 11057 11060 11087 11090 11154 11156 
division 11045 11064 11067 11093 11097 11121 
divisions 11084 
dixon 11022 
dixons 11079 11101 
dlr 11003 11008 11010 11011 11017 11018 11026 11060 11067 11074 11076 11082 11087 11094 11097 11102 11108 11110 11118 11120 11123 11135 11137 11144 11148 11155 
dlr/shr 11140 
dm 11145 
dmp 11145 
dnpc 11018 
documents 11044 11141 11150 
dole 11082 
dollar 11013 11014 11038 11044 11083 11084 11103 11120 11135 11149 
dollars 11108 11120 11124 11135 11148 11149 
dome 11145 
domestic 11014 11104 11107 11152 
dominion 11123 
domm 11074 
donald 11152 
donna 11123 
doomed 11084 
door 11148 
dot 11037 11102 
double 11084 
doubted 11076 
doug 11064 
downstream 11007 
downturn 11149 
dozens 11114 
drag 11123 
draw 11076 
drawing 11148 
drawings 11011 
drilling 11075 
drink 11134 
drop 11064 11071 11075 11083 
dropped 11075 11135 
drops 11083 
dry 11091 
du 11053 
duberstein 11152 
dublin 11092 
dudley 11029 11074 
due 11018 11049 11084 11086 11089 11099 11108 11129 11135 11148 
dunham 11007 
durkin 11105 
dutch 11062 11070 
dutch/shell 11070 11100 
duties 11130 
dwell 11148 
e.s.m 11001 
eager 11074 11083 
earlier 11025 11026 11041 11049 11053 11082 11084 11160 
earliest 11148 
early 11044 11064 11071 11105 11118 11119 11152 
earn 11015 11018 11019 11027 11028 11031 11034 11035 11036 11046 11047 11049 11057 11058 11060 11087 11090 11098 11105 11106 11109 11111 11112 11115 11123 11124 11128 11132 11145 11153 11154 11156 11158 
earned 11124 
earnings 11007 11031 11045 11049 11055 11123 11144 
ease 11083 
easier 11083 
east 11056 11149 
ebinger 11149 
ec 11084 
economic 11083 11118 11135 
economist 11075 11083 11103 
economists 11083 
economy 11014 11038 11083 11120 11135 
ecus 11084 
edge 11083 
edging 11083 
edward 11074 
edwin 11152 
effect 11111 
effective 11039 11070 11102 11121 
effectiveness 11141 
effort 11002 11024 11029 11099 11120 11135 
efforts 11038 11044 
egg 11136 
egg-related 11136 
eighth 11083 
elaborate 11081 11150 
elbert 11021 
elect 11125 
elected 11042 11105 
electric 11002 11111 
electrolux 11010 
electrolux-ab 11010 
electron 11005 
electronic 11047 11110 
electronics 11014 11058 11076 
eligible 11026 
elisra 11047 
elixir 11020 
elk 11098 
elser 11107 
embassy 11009 
emerge 11044 
emerged 11074 11085 
emerges 11074 
employee 11097 
employees 11130 11144 11150 11151 
enable 11082 11131 11144 11147 
encourage 11118 11123 
end 11009 11013 11053 11061 11062 11083 11084 11101 11103 11112 11123 11128 11148 
end-june 11083 
end-of-june 11083 
ended 11007 11030 11043 11071 11103 11153 
ending 11049 11123 
endo 11130 
endotronics 11130 
ends 11051 11079 
energy 11039 11046 11056 11093 11118 
engaged 11094 11151 
engineering 11003 11009 11017 
engineers 11118 
england 11129 
enhance 11144 
enrolled 11082 
ensuring 11025 
enter 11108 
entered 11020 11051 11056 11126 11133 
enterprises 11146 
enters 11056 
entrance 11038 
entry 11102 
environment 11149 
environmental 11102 
environmentally 11017 
envirosure 11153 
envs 11153 
equal 11089 11093 11160 
equipment 11075 11110 11120 11135 11150 
equity 11005 
erodible 11082 
erosion 11083 
escrowing 11087 
esm 11001 11114 
est 11040 
establish 11013 11107 
established 11033 11107 11142 
estate 11001 11143 
estates 11061 
estimate 11040 11083 
estimated 11022 11071 11074 11123 
estimates 11053 11123 
ethernet 11054 
eugene 11130 
euro-commercial 11011 
euro-cp/credit 11011 
eurodlr 11038 
eurodollar 11038 11148 
europe 11014 11084 
european 11014 11084 
european-mediterranean 11138 
evaluate 11081 
evaluating 11029 11087 
evening 11013 
event 11157 
evidence 11102 
ex-cell-o 11045 
examine 11045 
exceed 11045 
excellent 11091 11119 
excess 11001 11044 11158 
exchange 11008 11013 11016 11024 11029 11032 11041 11063 11078 11108 11116 11125 11129 11141 11143 11150 
exchange's 11013 
exclude 11031 11038 11145 
excludes 11034 11053 11109 
excluding 11053 
exclusive 11051 
exclusively 11026 
executive 11007 11021 11084 11105 11118 11130 11141 
exist 11144 
existing 11024 11101 
expand 11083 
expanded 11116 
expands 11050 11116 
expansion 11049 11102 11124 
expect 11007 11045 11076 11083 
expected 11045 11064 11076 11086 11095 11104 11107 11123 11136 
expects 11001 11038 11045 11049 11083 11136 11149 
expeditious 11024 
expenditures 11049 
expenses 11031 
experience 11014 
experimental 11003 
explaining 11038 
explanation 11075 
exploration 11118 
explore 11032 11074 11144 
export 11012 11052 11065 11137 
exporters 11084 
exports 11014 11076 11084 11120 11135 11137 11149 
express 11150 
extend 11013 11131 11141 11149 
extended 11043 11050 
extension 11124 11135 11141 
extinguishment 11034 
extra 11148 
extraordinary 11109 11145 
extreme 11103 
exxon 11118 
eyeing 11082 
eyes 11023 
f-15 11067 
f. 11081 
f2192 11001 
f2194 11002 
f2195 11003 
f2196 11004 
f2207 11005 
f2208 11006 
f2209 11007 
f2210 11008 
f2212 11009 
f2213 11010 
f2215 11011 
f2221 11012 
f2222 11013 
f2239 11014 
f2244 11015 
f2254 11016 
f2265 11017 
f2273 11018 
f2275 11019 
f2282 11020 
f2284 11021 
f2286 11022 
f2291 11023 
f2301 11024 
f2311 11025 
f2316 11026 
f2335 11027 
f2336 11028 
f2351 11029 
f2355 11030 
f2366 11031 
f2371 11032 
f2377 11033 
f2378 11034 
f2380 11035 
f2381 11036 
f2385 11037 
f2395 11038 
f2401 11039 
f2402 11040 
f2404 11041 
f2406 11042 
f2407 11043 
f2427 11044 
f2434 11045 
f2449 11046 
f2450 11047 
f2452 11048 
f2454 11049 
f2455 11050 
f2457 11051 
f2458 11052 
f2459 11053 
f2460 11054 
f2462 11055 
f2463 11056 
f2464 11057 
f2465 11058 
f2469 11059 
f2480 11060 
f2481 11061 
f2483 11062 
f2488 11063 
f2491 11064 
f2493 11065 
f2497 11066 
f2501 11067 
f2503 11068 
f2509 11069 
f2516 11070 
f2517 11071 
f2518 11072 
f2520 11073 
f2521 11074 
f2522 11075 
f2529 11076 
f2543 11077 
f2544 11078 
f2545 11079 
f2549 11080 
f2550 11081 
f2553 11082 
f2559 11083 
f2572 11084 
f2577 11085 
f2587 11086 
f2588 11087 
f2590 11088 
f2592 11089 
f2593 11090 
f2594 11091 
f2595 11092 
f2598 11093 
f2600 11094 
f2602 11095 
f2604 11096 
f2605 11097 
f2606 11098 
f2619 11099 
f2624 11100 
f2625 11101 
f2627 11102 
f2632 11103 
f2633 11104 
f2635 11105 
f2637 11106 
f2639 11107 
f2646 11108 
f2658 11109 
f2669 11110 
f2670 11111 
f2671 11112 
f2675 11113 
f2680 11114 
f2685 11115 
f2687 11116 
f2690 11117 
f2696 11118 
f2699 11119 
f2710 11120 
f2714 11121 
f2720 11122 
f2722 11123 
f2725 11124 
f2726 11125 
f2729 11126 
f2733 11127 
f2734 11128 
f2736 11129 
f2739 11130 
f2742 11131 
f2743 11132 
f2744 11133 
f2747 11134 
f2750 11135 
f2759 11136 
f2760 11137 
f2762 11138 
f2770 11139 
f2775 11140 
f2776 11141 
f2778 11142 
f2780 11143 
f2794 11144 
f2795 11145 
f2797 11146 
f2798 11147 
f2799 11148 
f2803 11149 
f2811 11150 
f2813 11151 
f2814 11152 
f2815 11153 
f2816 11154 
f2822 11155 
f2824 11156 
f2825 11157 
f2830 11158 
f2833 11159 
f2835 11160 
face 11120 11123 11135 11148 
faced 11135 
facilitate 11095 
facilities 11007 11014 11093 11107 11116 11124 11144 
facility 11011 
fact 11026 11148 
factor 11084 
factors 11081 11083 
facts 11102 
failed 11082 
fails 11118 
failure 11114 
fair 11002 11044 11085 11091 11119 
fairfield 11113 
faith 11148 
fall 11082 11083 11103 11104 11107 11135 
fallen 11149 
falling 11014 
falls 11075 11123 11125 11149 11159 11160 
family 11029 11050 11054 11074 11084 
fargo 11083 
farm 11022 11023 11082 11084 
farmers 11040 11082 11084 
farming 11023 
farmland 11061 
favorable 11024 11083 
fcc 11126 
fe 11041 
fear 11083 
fears 11064 11084 11122 
feb 11047 11060 11106 
feb. 11102 
february 11080 11081 11095 11105 11111 11127 11137 11159 11160 
fed 11059 11080 11083 
federal 11020 11022 11027 11033 11037 11059 11080 11082 11083 11114 11118 11131 11141 
federally 11114 
fee 11011 
feedgrains 11082 
feel 11155 
feet 11053 
fell 11059 11103 11160 
fenner 11141 
ferrominera 11124 
fertilizer 11119 
feulner 11152 
fibre 11117 
fid 11001 
fidata 11001 
fields 11091 11119 
fieldwork 11085 11091 11119 
figarella 11124 
figueiredo 11120 11135 
figure 11053 11084 
figures 11014 11035 11137 
filament 11005 
file 11044 11050 11125 
filed 11001 11008 11041 11044 11048 11093 11102 11125 11129 11130 
files 11008 11044 
filing 11029 11032 11034 11044 11078 11081 
final 11020 11043 11082 11083 11102 
finalized 11148 
finance 11099 11148 11155 
financed 11045 11144 
financial 11032 11045 11055 11074 11078 11083 11086 11116 11131 11144 
financially 11144 
financier 11029 
financing 11011 11094 11144 11148 11155 
finding 11157 
finely 11155 
finer 11148 
finished 11010 11039 
fire 11076 
firm 11029 11032 11038 11078 11084 11143 11150 
firms 11014 11038 11141 11143 
first-quarter 11083 
fiscal 11009 11023 11033 11049 11113 11123 
five-year 11013 
fixed 11108 11142 
fixed-price 11009 
fixed-rate 11033 11038 
fl-yr 11145 
fla 11071 11131 
fla. 11032 11058 11078 11110 
flat 11049 
fleet 11138 
fleming 11086 11095 
flexible 11147 
floating 11038 
flooding 11082 
floor 11082 11116 
floors 11116 
florida 11023 11071 11114 
flow 11045 11055 11136 
fluctuations 11014 11158 
fm 11126 
follow 11083 
food 11081 11084 11151 
foods 11136 11151 
foolish 11076 
foolishness 11076 
foot 11010 
force 11038 11067 
forcing 11114 11141 
forecast 11083 11123 
forecasts 11083 11118 11123 
foreign 11014 11038 11061 11076 11080 11083 11120 11123 11124 11135 11148 
foreign-held 11061 
foreign-owned 11061 
foresaw 11123 
foreseeable 11081 
forest 11061 
forgiveness 11018 
form 11015 11033 11053 11092 11104 11118 11137 
formal 11038 11150 
formation 11081 
forming 11092 
formula 11033 11142 11157 
fort 11029 11074 
found 11004 11044 11102 11138 
foundation 11152 
founded 11116 
founder 11021 
fourth 11049 11083 
fourth-quarter 11083 
fq 11030 
francaise 11007 
france 11007 11011 
franchisees 11092 
franchises 11092 
francisco 11042 11133 
francisor 11092 
frank 11076 
frans 11084 
freezing 11023 11064 11141 
french 11011 11084 
fresh 11136 
fretter 11132 
friday 11029 11041 11074 11076 11101 11103 11148 
friendly 11149 
frigid 11064 
frigidaire 11010 
frns 11038 
frost 11105 
ftcny 11001 
fttr 11132 
fuel 11070 
fuels 11118 
fulfill 11135 
full 11028 11031 11044 11123 11141 11144 
full-blown 11083 
full-year 11123 
full-year's 11123 
fully 11123 
functions 11023 
fund 11016 11089 11092 11114 
fundamental 11149 
funding 11118 
funds 11083 11087 11114 
funds..prime.. 11083 
future 11014 11029 11081 11084 11102 11137 
futures 11013 11064 11116 
ga. 11005 
gain 11018 11034 11058 11075 11083 11106 11109 11124 11145 
gains 11028 11031 11075 11124 
gap 11083 11084 11148 
gas 11002 11044 11053 11056 11089 11093 11111 11118 11134 11145 
gasoline 11007 
gathering 11056 
gave 11024 11084 11102 
gears 11113 
gencorp 11139 11140 11144 
general 11008 11038 11056 11144 11146 11152 
generally 11084 
generate 11136 
generated 11045 
generic 11023 
genova 11088 
geoffrey 11021 
german 11014 11084 
germany 11017 11025 
gerrard 11084 
giant 11141 
gibson 11010 
give 11084 11102 11141 
glowtronics 11005 
gmt 11013 11040 
gnp 11083 
gnva 11088 
goal 11118 
gold 11063 11122 
goldman 11033 11074 
good 11071 11085 11091 11119 11148 
goods 11120 11135 
gorda 11131 
gorham 11045 
goverment 11160 
governing 11082 
government 11001 11075 11083 11114 11118 11120 11122 11135 11148 11155 11160 
govt 11127 
grain 11012 11040 11065 11085 11091 11116 11119 
grains 11091 
grand 11027 11157 
grande 11064 
grant 11146 
granted 11141 11148 11157 
granting 11157 
grassley 11082 
great 11019 11125 
greenwood 11036 
grew 11083 
gross 11083 
ground 11075 
group 11006 11021 11028 11029 11031 11036 11041 11042 11062 11070 11074 11092 11100 11101 11125 11128 11129 11131 11143 
groups 11023 11094 
grove 11098 
groves 11071 
growing 11084 
growth 11071 11083 11091 11119 
gruenberg 11130 
guarantee 11025 11114 
guaranteed 11084 11099 
guaranty 11011 
guayana 11124 
gulf 11138 11149 
gun 11005 
gundy 11123 
gy 11144 
h-pile 11121 
h-piles 11121 
hackensack 11018 
hackles 11084 
half 11001 11083 11124 11149 
half-point 11083 
halifax 11009 
hall 11118 
halt 11016 
halted 11118 11119 
halves 11083 
hambrecht 11042 
hamm 11150 
hammer 11150 
hampshire 11048 
hand 11014 11021 
handle 11010 
harper 11134 
harris 11074 
hartford 11142 
hartmarx 11021 
harvest 11071 
harvested 11071 
hat 11092 
hbo 11125 
hboc 11125 
head 11023 11091 
headed 11085 11141 
health 11094 
hearing 11044 11076 11151 
heatrers 11005 
heavy 11070 11075 
hectare 11084 
height 11076 
heightens 11055 
held 11001 11053 11061 11063 11148 
helped 11038 11083 
helping 11083 
heng 11041 
henley 11041 
henry 11007 
heritage 11152 
high 11037 11064 11076 11080 
high-strength 11121 
higher 11007 11039 11049 11053 11083 11118 11148 11149 
highest 11080 11083 
highly 11144 
highways 11075 
history 11110 11114 
hit 11082 
hmx 11021 
hnt 11134 
hold 11149 11150 
holders 11015 11027 11035 11060 11087 11156 
holding 11122 11150 11155 
holdings 11015 11024 11041 11074 11101 11102 11117 11131 11150 
holds 11029 11032 11074 
home 11001 11033 11114 
homeless 11023 
hope 11076 
hopes 11013 
hoping 11148 
hospital 11125 
host 11082 
hostile 11068 11144 
hot 11039 
hours 11116 
house 11076 11082 11133 11152 
houston 11034 11042 11044 11046 11075 11087 11118 11138 11143 
howard 11152 
hsla 11121 
ht 11075 
huge 11084 
hughes 11075 11158 
hurried 11148 
hurt 11082 
hurting 11083 
hx 11009 
hybr 11096 
hybritech 11096 
hydroelectric 11124 
iba 11090 
iban 11090 
ibm-compatible 11054 
ica 11156 
identified 11025 11040 11045 11074 
identify 11029 11045 11074 11123 
ignaz 11084 
ignoring 11084 
ike 11075 
ill. 11098 
illegal 11120 11135 11141 
illinois 11020 
illusions 11038 
imitated 11020 
imitates 11020 
immediately 11010 11074 11081 
immunoassay 11096 
impact 11084 11123 
imperial 11090 11123 11143 11156 
implicit 11083 
implied 11038 
import 11043 11137 
important 11014 
imported 11084 11149 
importers 11120 11135 
imports 11043 11120 11135 11137 11149 
imposition 11076 
impression 11084 11148 
improve 11136 
improved 11091 11144 
improvement 11075 
improving 11004 
inc. 11021 11039 11105 11114 11118 
incentive 11026 11148 
incentives 11118 
incline 11024 
include 11002 11023 11050 11054 11062 11116 
included 11023 11058 11137 
includes 11018 11028 11029 11046 11047 11101 11106 11111 11145 11158 
including 11009 11080 11081 11144 
income 11023 11035 11045 11058 11082 11123 
inconsistent 11102 
incorporation 11015 
incrase 11102 
increase 11007 11014 11015 11039 11063 11070 11101 11102 11118 11121 11124 11131 11148 11149 
increased 11039 11053 11075 11101 11121 11123 11138 
increases 11039 11121 
increasing 11014 11023 11029 11045 11055 11071 11122 
increasingly 11149 
incurred 11022 
ind. 11036 11051 
indebtedness 11131 11136 
indefinitely 11141 
index 11013 
india 11005 
indian 11005 
indianapolis 11094 
individual 11075 
individuals 11061 
industrial 11113 11120 11135 11146 
industrialised 11135 
industries 11010 11039 11047 11055 11105 11124 11134 11136 11144 
industries/wagner 11139 
industry 11007 11102 11122 
infectious 11096 
infinity 11126 
inflation 11083 
information 11040 11125 11141 
informed 11041 
infrastructure 11124 
infringement 11096 
infta 11126 
ingredients 11004 
initial 11092 11107 
injunction 11141 11157 
inland 11105 
insect 11119 
inserted 11122 
inside 11141 
insider 11141 
insisted 11148 
inspections 11012 
installation 11009 
installed 11037 
installer 11134 
institute 11007 11030 11118 
institution 11114 
institutions 11061 
insurance 11022 11036 11114 
insured 11114 
insurer 11114 
intangible 11136 
integrated 11040 11050 11054 
intended 11101 
intends 11016 11032 11045 11063 11122 11134 
intent 11136 
inter-market 11116 
interalumina 11124 
interbank 11011 11155 
interest 11005 11018 11032 11033 11045 11056 11083 11087 11089 11099 11102 11108 11123 11142 11148 11150 
interest-rate 11155 
interested 11014 11074 
interests 11063 11144 11149 
intermediate 11124 
internal 11087 
internally 11045 
international 11038 11080 11083 11093 11102 11134 11148 11149 11151 11158 
internationally 11038 
introduced 11026 11054 
introduces 11054 
introducing 11122 
inventories 11007 11083 11158 
inventory 11083 11158 
invest 11124 
investigating 11150 
investigation 11150 
investing 11014 
investment 11029 11032 11041 11078 11083 11094 11097 11122 11124 11143 11144 11145 11148 
investments 11024 11124 
investor 11032 11078 11101 11114 
investors 11024 11038 11042 11062 11074 11083 11101 11125 
invisibles 11137 
invited 11011 
involuntary 11083 
involved 11029 
involves 11011 
ip 11093 
ipma 11038 
iron 11030 11124 
iron-steel 11030 11039 11104 11107 11121 11124 
irrevocable 11033 
irs 11087 
irving 11083 11094 
island 11029 
isles 11131 
israeli 11141 
issuance 11033 11142 
issue 11038 11094 11142 11145 
issued 11016 11033 11089 11141 11151 
issues 11038 11148 
issuing 11063 11135 
italian 11084 11158 
iv 11146 
ivac 11105 
ivaco 11105 
jacqueline 11076 
jail 11114 
jaime 11148 
jamestown 11028 
jan 11019 11094 11112 11127 11132 
january 11040 11044 11087 11099 11137 11159 11160 
january-december 11043 
japan 11014 11052 11076 11083 11159 11160 
japanese 11014 11052 11076 11083 11104 11107 
japanese-made 11076 
jaymar-ruby 11021 
jeffrey 11130 
jeopardizes 11144 
jhsn 11058 
jim 11076 
joao 11120 11135 
job 11076 
jobs 11076 11122 11159 11160 
joe 11118 
johannesburg 11122 
john 11041 11105 11118 11157 
johnson 11058 11081 11106 
join 11011 11074 
joined 11144 
joint 11005 11092 11104 11107 11146 
jointly 11005 
jopling 11084 
jose 11120 11135 
journalists 11084 
journey 11112 
journey's-end-motel 11112 
jpc 11106 
judge 11141 
judgment 11020 11024 11158 
judy 11100 
julian 11122 
july 11039 11080 11123 
jump 11007 
jumped 11103 
june 11015 11026 11083 11089 11121 11149 
justified 11120 11135 
justify 11081 11148 
kan. 11111 
kansas 11056 11075 11111 
karnatake 11005 
keersmaeker 11084 
kelvinator 11010 
kenneth 11007 11152 
kent 11032 
kerridge 11075 
key 11103 
kge 11111 
kiechle 11084 
kinds 11118 
kvil 11126 
ky. 11002 11107 
l.p. 11035 
la 11025 
labatt 11157 
labor 11076 11151 
laboratories 11020 
lake 11025 11145 
land 11061 11091 
landing 11102 
lansdale 11047 
large 11038 11045 11081 11083 11116 
largely 11024 11083 
larger 11038 
largest 11102 11110 11123 
larkspur 11150 
larry 11082 
las 11063 
laserwriter 11050 
late 11010 11023 11041 11071 11083 11123 11149 
late-type 11071 
late-week 11071 
latest 11014 11043 11059 11071 11075 
launching 11029 
law 11083 11141 
lawrenceville 11113 
laws 11037 11147 
lawsuits 11001 
lawton 11023 
layoffs 11100 
lead 11014 11038 11118 
lead-managed 11038 
leaded 11039 
leader 11076 
leaders 11076 11149 
leading 11076 11102 11148 11152 
leaked 11141 
lease 11026 
leasing 11019 
leave 11024 11083 
leaving 11038 
led 11029 11042 11074 11114 11129 
left 11083 
legal 11038 11144 
legalises 11120 11135 
legislation 11122 
lehman 11033 11144 11150 
lend 11083 
lender 11131 
lenders 11044 
lending 11083 
lengthy 11084 
leopoldo 11124 
lessen 11102 
letter 11033 11094 11136 11144 
level 11007 11076 11081 11160 
levels 11007 11039 11083 11149 
leveraged 11029 11144 
levesque 11123 
liabilities 11015 11044 
liberty 11133 
libor 11011 
lien 11131 
liens 11044 
life 11087 
lift 11083 
lifted 11083 
light 11149 
likelihood 11123 
limit 11091 11102 
limited 11081 11091 
limiting 11015 11023 
lincoln 11049 11056 
lindner 11029 11074 
line 11025 11102 
lines 11010 11014 11135 
link 11149 
linking 11050 
liquidation 11044 
liquified 11118 
lira 11158 
list 11038 
listing 11023 
lists 11040 
litigation 11079 11101 11158 
live 11014 
livestock 11116 
living 11084 
livonia 11132 
ll 11087 
lle 11087 
loan 11022 11023 11033 11059 11108 11114 11131 11144 11148 11155 
loans 11022 11120 11123 11131 11135 
local 11013 
locate 11010 
located 11104 11107 11117 11144 
locations 11014 
locker 11028 
london 11011 11038 11141 11155 
long 11148 
long-haul 11102 
long-term 11008 
longer 11045 11074 
loomis 11042 
los 11090 11102 11117 
loses 11114 
losing 11157 
loss 11018 11019 11028 11031 11034 11036 11046 11058 11076 11106 11109 11128 11132 11145 11153 11158 
losses 11022 11031 
lost 11014 11075 11123 
lot 11014 11123 
lou 11002 
louisiana 11046 11075 11085 
louisville 11002 11104 11107 
low 11064 11103 11148 
low-alloy 11121 
lower 11007 11064 11083 11091 11123 
lowering 11023 
lowers 11055 
lowest 11083 
lows 11083 11103 
lrt 11087 
lump 11044 
lure 11083 
lynch 11083 11141 
machinery 11120 11135 
macintosh 11050 
made 11014 11023 11091 11101 11108 11124 11144 11149 11150 
mae 11108 
magazine 11102 
magma 11053 
magma's 11053 
mailed 11026 
mailing 11016 
main 11116 
maintain 11084 11100 
maintenance 11067 11100 
major 11001 11029 11038 11083 11084 11100 11123 11126 11134 
majority 11122 
make 11002 11005 11014 11038 11104 11118 11122 11123 11148 
maker 11011 11150 
makers 11038 11104 
makes 11113 11124 
making 11023 
male 11160 
management 11024 11074 11081 11092 11144 11152 11153 11160 
manager 11038 
managers 11029 11038 11074 
managing 11014 
manchester 11048 
mandate 11149 
mandatory 11037 11089 
manila 11148 
manipulation 11150 
manufacturers 11037 
manufactures 11107 
manufacturing 11005 11113 
marathon 11123 
margin 11011 11148 11155 
marginally 11083 
mario 11155 
market 11014 11016 11038 11039 11044 11064 11083 11094 11102 11103 11120 11135 11144 11150 
marketable 11014 11145 
marketing 11007 11014 11056 11108 11130 
markets 11038 11065 11083 11102 11103 11108 11126 
marriott 11092 
martin 11083 
marvin 11114 
mason 11143 
massive 11084 
master 11081 
masterminding 11141 
mateo 11133 
material 11039 11062 11124 
materials 11017 11032 11125 
matter 11024 11150 11151 
maturing 11099 
maturites 11033 
maturities 11142 11155 
maturity 11033 11108 11131 
maximizing 11032 11081 
maynard 11109 
mcalpine 11074 
mcf 11118 
mcgovern 11042 
mckinnon 11094 
mcmillan 11118 
means 11120 11135 
measurable 11024 
measure 11022 11082 11105 11120 11135 
measured 11076 11083 
measurement 11137 
measures 11002 11038 11120 11135 
media 11074 
medical 11094 
medium 11055 
medium-term 11033 11142 
meese 11152 
meet 11045 11089 
meeting 11002 11007 11015 11016 11024 11025 11062 11063 11076 11084 11105 11118 11125 11147 11149 
megabyte 11050 
member 11084 
members 11023 11029 11038 11074 11082 11135 11143 
membership 11038 
memorybank 11050 
men 11021 11130 
mention 11025 
mercantile 11116 
merchandise 11137 
meredith 11123 
merge 11063 11088 
merged 11102 
merger 11055 11063 11077 11088 11101 11102 
mergers 11141 
meridian 11050 
merrill 11083 11141 
met 11148 
metal 11024 
metals 11116 11124 11154 
meteorologists 11064 
method 11096 
methods 11111 
metromail 11049 
mexico 11016 11138 11148 11155 
mexico's 11155 
mfx 11016 
mhs 11092 
mi-tech 11104 11107 
mich. 11026 11027 11056 11088 11132 
michael 11042 11084 11123 11130 
michigan 11075 
mid 11063 
midam 11116 
midamerica 11116 
midcontinent 11075 
middle 11064 11149 
mideast 11149 
midseason 11071 
midwestern 11082 
mild 11083 
mildly 11083 
miles 11102 
military 11062 11120 11135 
mill 11093 11121 
millions 11148 
mills 11030 11093 
mine 11063 
mineral-rich 11124 
miners 11122 
mines 11145 
minimal 11123 
minimum 11016 11033 11084 
mining 11015 11024 11053 11122 11145 
minister 11084 11148 
ministers 11084 
minneapolis 11130 
mirror 11117 
mirroring 11103 
misapplying 11114 
mistake 11014 
mitsui 11104 11107 
mitsy 11107 
mkt 11083 
mlp 11081 
mn 11097 
mobile 11060 11068 11138 
model 11037 
moderate 11064 11119 11149 11152 
modernise 11014 
modest 11083 11148 
moil 11109 
moisture 11071 11085 11091 11119 
molson 11157 
monday 11130 
monetary 11080 11083 
money 11014 11083 11103 11123 11148 11157 
money-fx 11059 11103 11120 11135 
monitor 11096 
monoclonal 11096 
monsanto 11051 
monterey 11057 
month 11013 11064 11100 11123 11138 11148 
monthly 11065 11087 
months 11038 11043 11049 11056 11080 11084 11100 11106 11111 11149 
montreal 11123 11157 
morgan 11011 11129 
morita 11014 
morning 11063 
morr 11060 11068 
morris 11020 
morrison 11060 11068 
motel 11112 
mountain 11005 
mouths 11014 
move 11029 11083 11120 11123 11135 11149 
moved 11116 
moves 11116 11135 
moving 11152 
mq 11030 
mtc 11051 
mths 11019 11047 11060 11112 11158 
mtma 11049 
muncie 11051 
murfreesboro 11104 11107 
my-k 11020 
n't 11014 11074 11123 
n.c 11010 
n.c. 11010 11081 
n.h. 11048 
n.j. 11004 11018 11020 11113 
n.y. 11019 11028 11153 
n.z 11127 11137 
nabisco 11069 11072 11081 
naf 11131 
nafco 11131 
nahum 11141 
named 11021 11152 
namg 11031 
napach 11007 
naples 11131 
narragansett 11029 
narrowed 11137 
narrower 11083 
narrowing 11083 
narrows 11137 
nat-gas 11093 
nation 11102 11118 11148 
national 11007 11010 11025 11083 11120 11123 11135 11149 11151 
nations 11030 
nationwide 11040 
natural 11044 11053 11093 11118 
naturally 11014 
naval 11003 
navy 11003 
near-term 11055 
neb. 11049 
necessity 11087 
neck 11019 
needed 11091 
negative 11083 
negotiate 11029 11074 
negotiated 11044 
negotiating 11157 
negotiation 11084 
negotiations 11044 11051 11076 11084 11151 11155 
negotiators 11148 
nem 11015 11024 11053 
neoax 11113 
net 11016 11018 11019 11028 11031 11034 11036 11039 11044 11046 11047 11049 11058 11060 11106 11109 11111 11112 11115 11128 11132 11145 11153 11158 
netherlands 11084 
netted 11141 
network 11050 11054 11143 
networks 11050 
new-crop 11064 
new-loan 11155 
new-money 11155 
new-zealand 11127 11137 
newgotiated 11095 
newmont 11015 11024 11053 
newport 11158 
news 11048 11083 11118 11124 11148 
newspaper 11014 
nicho 11083 
night 11013 
nikko 11083 
nil 11153 
ninety 11044 
nitrogen 11119 
noax 11113 
nominally 11084 
nomura 11083 
non-agricultural 11061 
non-competitive 11080 
non-competitives 11080 
non-performing 11123 
non-qualified 11063 
non-redeemable 11033 
non-seasonally 11137 
non-u.s. 11061 
nonstop 11102 
normal 11049 11100 
north 11010 11031 
northern 11020 11050 11056 11075 
northwest 11117 
notably 11148 
note 11018 11028 11031 11033 11034 11046 11047 11058 11059 11060 11094 11106 11108 11109 11111 11142 11145 11148 11158 
noted 11038 11119 
notes 11033 11038 11045 11094 11099 11108 11129 11142 
notice 11087 
noting 11150 
nov 11153 
nov. 11102 
nova 11123 
november 11046 
number 11016 11024 11035 11138 
nv 11099 
nyce 11013 
nyn 11008 
nynex 11008 
oaks 11136 
objective 11035 
obligated 11144 
obligation 11038 
obligations 11108 
obliquely 11148 
obstacles 11014 
obstructs 11122 
obtain 11002 11032 11120 11135 
obtained 11114 11141 11150 
occasionally 11038 
oct 11108 
oct. 11113 
october 11044 11051 11082 11123 
offer 11002 11016 11026 11032 11033 11044 11074 11082 11101 11108 11140 11142 11144 11155 
offered 11011 11022 11029 11038 11082 11108 11155 
offering 11008 11082 11108 11116 11129 11150 
offerings 11129 
offers 11026 
office 11023 
officer 11021 11081 11105 11130 
official 11025 11076 11120 11135 11159 
officially 11120 
officials 11007 11084 11114 11135 
offshore 11138 
ohio 11029 11039 11074 11114 11144 
oil 11007 11025 11053 11083 11109 11118 11145 11149 
oilseed 11012 11052 
oilseeds 11084 
oklahoma 11056 11075 11119 
ols 11136 
olsn 11136 
olson 11136 
one-time 11044 
ongoing 11081 11117 
ongpin 11148 
opec 11025 11149 
open 11016 11076 11083 11116 11122 11148 
opening 11076 11084 
oper 11031 11034 11035 11109 
operable 11007 
operate 11004 11007 11107 
operating 11007 11021 11040 11044 11049 11059 11081 11120 11130 11135 
operation 11004 11133 
operations 11007 11028 11031 11034 11035 11045 11049 11053 11069 11072 11081 11092 11106 11107 11136 11145 
oppenheimer 11074 
opportune 11071 
opportunities 11045 11084 11102 11116 11122 
opportunity 11048 
oppose 11082 
opposed 11048 11062 11084 
opposing 11102 
optimistic 11044 11123 
option 11009 11063 11082 
options 11023 11048 11056 11081 
orange 11071 11102 
oranges 11071 
order 11014 11017 11084 11110 11118 11120 11123 11135 11148 11150 
orders 11141 
oregon 11117 
organic 11023 
organisation 11038 
organization 11038 
original 11040 11044 11133 
orinoco 11124 
orlando 11071 
ottawa 11115 
ounce 11063 
ounces 11063 
outlays 11023 
outlet 11025 
outlook 11083 11123 
outperform 11083 
outstanding 11008 11016 11035 11042 11089 11101 11102 11131 
overcome 11014 
overnight 11052 
overseas 11099 
oversees 11124 
overturned 11048 
owed 11044 11123 
owned 11025 11061 11100 11114 11143 
owner 11087 11114 
owners 11026 11092 
ownership 11053 11061 11063 
owns 11125 11150 
oxoco 11034 11042 
oxoco-inc 11034 
p. 11095 11146 
pa. 11047 11097 
pacific 11025 11041 11117 
package 11148 11155 
packaging 11020 
pact 11102 
paid 11001 11015 11087 11101 11108 
pak 11032 11066 11078 
panel 11023 
panhandle 11091 
panic 11103 
paper 11011 11045 11093 
par 11108 
parallel 11120 11135 11148 
pare 11038 
paring 11083 
park 11057 11058 11146 
parliament 11122 
part 11024 11029 11038 11084 11099 11101 11117 11124 11148 
parternships 11061 
participated 11044 
participating 11074 
participation 11029 11074 11120 11135 
parties 11001 
partnerhsip 11035 
partners 11135 11143 
partnership 11035 11056 11072 11081 11143 11144 
parts 11010 11076 11104 11107 
passed 11082 
passenger 11102 
past 11024 11083 11120 11135 
pastures 11061 
patent 11096 
patents 11134 
patricia 11123 
patrick 11151 
patti 11074 
paul 11032 11078 11084 
pay 11032 11057 11066 11078 11092 11094 11098 11101 11102 11131 11136 11148 11154 
payable 11060 11087 11090 11105 
paying 11033 11148 
payment 11001 11042 11082 11108 11135 11156 
payments 11023 11044 11082 11108 11123 11148 
payoff 11131 
payout 11087 11098 
pays 11148 
pct-owned 11145 
pdvsa 11025 
pending 11083 11087 
penetrating 11014 
penteco 11056 
percentage 11138 
perform 11122 
performance 11135 
performers 11124 
permit 11022 
perpetual 11038 
personal 11050 11054 
persuade 11076 
persuading 11076 
petal 11071 
peter 11123 
petersburg 11110 
petition 11096 
petroleos 11025 
petroles 11007 
petroleum 11007 11025 11062 11070 11118 11145 11149 
petroluem 11007 
phase 11037 11146 
philadelphia 11013 
philip 11083 
philippine 11148 
philippines 11148 11155 
phillip 11105 
picking 11071 
picks 11007 
pickup 11083 
pierce 11141 
pilots 11102 
pine 11093 
pipeline 11056 11093 
pipelines 11093 
pits 11116 
pittsburgh 11121 
pizza 11092 
place 11071 11094 
placement 11042 11094 
plains 11020 11064 11091 
plaintiffs 11001 
plan 11023 11026 11044 11063 11068 11084 11093 11097 11102 
planet 11084 
planned 11148 11150 
planning 11014 
plans 11015 11029 11045 11054 11055 11062 11063 11084 11124 11151 
plant 11004 11005 11082 11104 11124 
planted 11064 11085 
planting 11040 11064 11082 11091 
plants 11121 
plastic 11051 
plate 11121 
plates 11121 
play 11118 
plc 11101 
pledges 11122 
plowing 11085 
plunged 11038 
pm-community-farm 11084 
pmbk 11027 
pnp 11032 11078 
point 11011 11083 11123 
pointing 11024 
points 11011 11103 11138 
poised 11155 
polarizations 11043 
police 11062 
policies 11062 
policy 11023 11083 11084 11120 11135 11149 11150 
poll 11083 
pont 11053 
poor 11055 11135 
population 11037 
portion 11045 11081 
portray 11148 
portsmouth 11048 
position 11021 11123 11131 
positions 11032 11122 
possibly 11001 
posting 11081 
posts 11130 
potential 11002 11007 11074 
potentially 11001 
pound 11121 
practices 11151 
practises 11145 
praise 11076 
pre-tax 11123 
precedent 11148 
preceding 11038 
predicted 11118 11123 
predictions 11083 
predicts 11049 
pregnancy 11096 
preliminary 11001 11125 11141 
preparation 11091 
prepared 11024 11062 11118 
prepayment 11148 
prepayments 11148 
presented 11023 
president 11007 11021 11074 11076 11081 11083 11105 11107 11118 11120 11124 11130 11135 11152 11155 
press 11148 
pressing 11155 
pressler 11082 
pressure 11024 11103 11123 
prestige 11038 
pretax 11158 
pretoria 11122 
pretty 11064 
prevailing 11016 
prevent 11122 
prevented 11082 11119 
preventing 11122 11141 11157 
previous 11043 11059 
previously 11053 11087 11148 
price 11002 11016 11023 11039 11042 11064 11070 11074 11080 11083 11084 11089 11103 11118 11121 11134 11144 
priced 11093 11108 11149 
prices 11016 11023 11038 11039 11070 11078 11080 11083 11084 11103 11118 11121 11135 11149 
pricing 11149 
primarily 11023 11102 
primary 11038 
prime 11083 
primebank 11027 
principal 11089 11099 11108 11142 11148 11155 
principle 11001 11035 
principles 11145 
printer 11086 
printers 11050 
printing 11086 11095 
prior 11016 11034 11049 11057 11060 11082 11098 11106 11109 11154 
private 11026 11029 11042 11056 11120 11135 
privately 11061 
prix 11157 
probability 11040 
probe 11150 
probes 11150 
probing 11150 
problem 11038 
problems 11014 
procedures 11040 
proceeds 11008 11035 11045 
process 11134 
processing 11017 11049 11107 
produce 11007 
produced 11030 11064 11071 11080 11084 
producers 11023 11082 11149 
produces 11025 
producing 11007 
product 11010 11014 11054 11063 11083 
production 11014 11023 11030 11063 11084 11100 11104 11149 
productive 11087 
productivity 11014 
products 11007 11020 11039 11076 11084 11088 11104 11106 11121 11150 
profit 11014 11019 11028 11036 11046 11058 11106 11109 11124 11128 11132 11145 11153 
profitability 11007 
profitable 11007 
profits 11007 11014 11049 11081 11124 11141 11144 11148 
program 11003 11011 11023 11026 11040 11082 11117 11118 
programs 11023 
progress 11076 11091 11123 
progressed 11091 
project 11118 
projects 11083 11118 11124 
prominent 11152 
promissory 11045 
promoter 11157 
promoting 11120 11135 
prompt 11083 
prompted 11026 11114 
promptly 11101 
proper 11151 
properties 11035 11087 11146 
property 11058 
proposal 11013 11024 11093 11094 11147 
proposals 11002 11023 11062 11074 11081 11084 
proposed 11001 11013 11015 11016 11023 11048 11094 11102 11105 11129 11155 
prospect 11149 
prospective 11040 
protection 11044 11055 
protectionist 11135 
protective 11002 
proven 11053 
provide 11001 11003 11009 11023 11082 11102 11123 11131 11144 
provided 11051 11084 11102 
providence 11029 11045 
providing 11144 
provision 11002 11145 11158 
provisions 11122 
proxy 11015 11024 11062 11125 
pruning 11045 
public 11001 11080 11093 11102 11123 11150 
public-sector 11155 
published 11040 
pulcine 11123 
pull 11007 
punta 11131 
purchase 11016 11026 11042 11055 11056 11086 11120 11126 11134 11135 
purchased 11016 11025 11041 11056 11101 
purchaser 11002 
purchases 11076 
purpose 11032 
purposes 11008 11041 
pursuant 11101 
pursue 11094 
pushed 11075 
pushing 11103 
put 11083 11123 
puts 11123 
qrtz 11017 
qtly 11057 11060 11154 
qtr 11019 11028 11031 11036 11046 11047 11057 11058 11060 11083 11106 11115 11132 11145 11153 11158 
qtrly 11098 
qualify 11122 
quality 11076 11082 
quantity 11093 
quarter 11007 11031 11049 11083 11123 
quarter-point 11083 
quartz 11017 
quebec 11157 
question 11020 11155 
questions 11144 
quick 11024 11083 
quietly 11148 
quist 11042 
quota 11043 
quoted 11014 
r-iowa 11082 
r-kan. 11082 
r-minn 11082 
r-s.d 11082 
r.i. 11029 11045 
r.l 11115 
r.l.-crain-inc 11115 
race 11157 
races 11122 
racked 11076 
radical 11084 11144 
radio 11126 
rain 11071 11119 
rain-softened 11075 
rains 11071 
raise 11014 11025 11063 11084 
raised 11070 11078 11083 11084 11102 11148 
raises 11070 11121 
raising 11023 11078 
rallied 11064 
randol 11149 
range 11081 11083 11118 11123 11135 
ranged 11080 
ranges 11080 
ranging 11045 11078 
ranking 11102 
rapeseed 11052 
rapidly 11071 
rapids 11027 
rate 11011 11033 11038 11080 11083 11108 11120 11135 11138 11142 11155 11160 
rated 11085 11091 11119 
rates 11023 11024 11038 11080 11083 11148 
ratio 11045 
raul 11083 11155 
raven 11084 
raw 11039 
raymond 11083 
re-elected 11105 
reach 11084 
reached 11001 11118 11144 
reactions 11084 
readings 11064 
reaffirmed 11083 
reagan 11076 11152 
real 11058 11083 11143 
realities 11084 
realization 11136 
realty 11146 
reason 11065 11074 
reasons 11039 
reassess 11149 
reassessment 11149 
recall 11026 
recapitalize 11022 
receive 11024 11044 11082 11088 11123 11136 
received 11009 11017 11043 11067 11080 11084 11094 11097 11110 
receiving 11123 
recent 11118 11149 11155 
recently 11023 11025 11038 11129 11149 
recession 11083 
recommendation 11038 
recommendations 11038 
recommending 11023 11024 11038 
reconcile 11148 
reconvenes 11122 
record 11015 11027 11057 11060 11068 11076 11087 11090 11098 11105 11110 11154 11156 11160 
recorded 11035 11135 
recorders 11150 
recoup 11123 
recover 11001 11135 
recoveries 11001 
red 11145 
redeem 11089 11099 
redeemed 11089 11099 
redeeming 11099 
redemption 11089 11099 
reduce 11007 11045 11055 11084 11087 11099 11102 11158 
reduced 11087 11123 
reduces 11130 
reduction 11023 11084 11120 11135 
reductions 11158 
reef 11056 
refer 11148 
referred 11148 
refinance 11008 11144 
refinanced 11045 
refinancing 11124 
refine 11007 11025 
refiner 11149 
refineries 11007 11025 11100 
refiners 11007 11025 11149 
refinery 11007 11025 11100 
refining 11007 11025 
reflect 11055 11060 
reflected 11083 
reflecting 11138 11145 
reflects 11044 11084 
refused 11062 11081 11118 
refusing 11155 
regan 11152 
regard 11032 
region 11119 11124 
registered 11008 11033 
regular 11098 
regulated 11114 
regulation 11037 
regulators 11013 
reincorporate 11147 
reincorporation 11063 11147 
reinforces 11038 
reject 11024 11144 
rejects 11139 11144 
related 11150 11158 
relating 11029 11083 11150 
relations 11151 
release 11001 11040 11065 11148 
released 11023 11068 
releasing 11065 
relief 11151 
relocation 11158 
reluctance 11122 
rely 11007 
remain 11083 11152 
remained 11122 11160 
remaining 11061 11063 11133 11136 11143 
remains 11021 11105 
remarks 11149 
remedy 11151 
remote 11050 
remove 11122 
rene 11120 11135 
renegotiation 11135 
renew 11149 
rentals 11150 
reorganization 11031 11034 11044 
reorganize 11130 
reorganized 11044 
repay 11008 11045 11148 
repayment 11044 
repayments 11148 11155 
repeal 11122 
replace 11118 
replaced 11152 
replacements 11118 
replied 11076 
report 11007 11023 11040 11041 11045 11053 11065 11071 11085 11091 11119 11122 11149 
reported 11030 11032 11043 11049 11075 11087 11145 
reporters 11076 11118 
representatives 11062 
representing 11148 
republican 11023 11152 
republicans 11082 
reputation 11076 
request 11044 
requests 11141 11148 
require 11002 
required 11037 
requirement 11038 
requirements 11038 11045 11089 
requiring 11037 
rescheduling 11148 11155 
rescinded 11037 
research 11014 11023 11118 
reserve 11059 11080 11082 11083 
reserves 11053 11114 11118 
reside 11141 
resigned 11021 11130 
resigns 11021 
resisting 11044 
resler 11083 
resolution 11024 
resolutions 11024 
resolve 11093 
resort 11084 
resources 11086 11093 11095 
respective 11059 11083 
respond 11048 
response 11002 11083 11144 
responsibilities 11122 
rest 11123 
restated 11044 11145 
restaurant 11092 
restraining 11141 
restrict 11038 11149 
restructure 11014 
result 11131 11136 11144 
resulted 11020 
resulting 11084 
results 11035 11046 11049 
resume 11120 11123 11135 
retail 11032 
retained 11032 11130 
retaliate 11076 
retired 11045 
retirement 11062 
return 11004 11007 11045 11087 
returned 11155 
rev 11106 11111 
revelations 11149 
revenue 11102 
revenues 11087 11111 11145 
reversed 11075 
review 11037 11044 11086 11096 
revised 11083 11131 
revises 11131 
revolving 11011 
revs 11019 11031 11034 11046 11047 11058 11060 11109 11112 11128 11132 11145 11153 11158 
rex 11055 11113 
rexnord 11055 11113 
reynolds 11144 
rfen 11056 
rhode 11029 
rig 11075 11138 
rights 11068 
rigs 11075 11138 
ring 11054 
ringhofer 11130 
rio 11064 
rise 11014 11083 11118 11121 11124 
rises 11149 
rising 11055 11149 
risk 11055 11064 11083 11120 11135 
rival 11101 
river 11105 11124 
rjr 11069 11072 11081 
robert 11076 11082 11083 11141 
rock 11093 
rock-bottom 11155 
role 11072 11081 11114 11118 
rolled 11039 
room 11116 
rose 11007 11030 11124 11138 
rosenberg 11007 
ross 11081 
roughly 11083 
routes 11102 
row 11119 
royal 11062 11070 11100 11123 
royalties 11087 
royalty 11087 
ruby 11021 
rudy 11082 
rule 11037 11038 
ruled 11157 
rules 11038 
ruling 11087 11120 11135 
run 11026 11114 11149 
running 11038 11083 
runs 11007 
rural 11084 
s.a. 11025 
s.africa 11122 
s/p 11055 
sa 11011 
sachs 11033 11074 
sacrifice 11148 
sacrifices 11084 
saddle 11105 
safety 11037 
sale 11004 11008 11020 11024 11042 11045 11047 11058 11117 11136 
sales 11018 11028 11045 11062 11084 11103 11113 11115 11134 11145 11150 
sallie 11108 
salomon 11011 11032 11108 
sampling 11040 
san 11007 11025 11042 11096 11133 11134 11149 11156 
sanctions 11076 11083 
santa 11041 11054 11146 
sar 11146 
sarney 11120 11135 
saved 11148 
saving 11023 
savings 11001 11022 11023 11027 11033 11048 11114 11131 11142 
scale 11084 
scallop 11070 
scenario 11123 
schedule 11091 11148 
scheduled 11040 11044 11100 11149 
schedules 11100 
scheme 11026 11084 11141 
scheudled 11065 
schmidt 11041 
sciences 11003 
sconninx 11126 
scotia 11123 
searching 11025 
season 11071 
seasonally 11137 11160 
seat 11037 11078 
sec 11008 11066 11129 11141 11150 
second-half 11083 
secretary 11038 11076 11155 
sector 11007 11038 11120 11135 
sectors 11014 
secure 11094 
secured 11044 
securities 11001 11008 11029 11032 11038 11041 11078 11083 11094 11103 11114 11123 11125 11129 11141 11143 11145 11150 
security 11009 11038 11110 11144 
seeded 11040 
seedings 11040 
seek 11024 11032 11044 11062 11078 11094 11135 
seeking 11006 11029 11032 11078 11148 11151 11155 
seeks 11024 11144 
sees 11083 11118 
selected 11040 
sell 11004 11024 11029 11035 11045 11055 11074 11133 11136 11155 
selloff 11144 
sells 11073 11117 11143 
semi-finished 11039 
semiannual 11108 
semiconductor 11017 11076 
sen. 11022 11082 
senate 11022 11023 11076 11082 
senator 11023 
senators 11082 
senior 11118 
sens 11082 
sentenced 11114 
separate 11010 11050 11108 
separated 11155 
series 11026 11089 11137 
serve 11044 11104 11107 11152 
served 11102 11152 
serves 11102 
service 11043 11064 11071 11086 11087 11093 11095 11102 11107 
services 11003 11009 11045 11050 11083 11138 
session 11013 11076 
set 11043 11068 11104 
sets 11005 11027 11038 11053 11068 11086 11087 11090 11098 11105 11154 
settle 11093 
settlement 11001 11108 11123 
seven-year 11011 
seventeen 11085 
severed 11130 
sfds 11151 
sfx 11041 
sh 11031 
shale 11118 
share 11016 11028 11029 11031 11038 11042 11047 11049 11058 11060 11074 11078 11088 11101 11102 11106 11109 11111 11123 11143 11144 11145 
shareholder 11015 11029 11068 11081 11101 11144 
shareholders 11015 11016 11024 11053 11062 11063 11068 11074 11088 11090 11105 11123 11144 11147 
shares 11015 11016 11029 11032 11041 11042 11048 11053 11056 11063 11078 11095 11101 11143 11150 
sharp 11075 11083 
sharply 11007 11135 
shearson 11033 11144 11150 
sheet 11045 
shelf 11008 
shell 11062 11100 
sherman 11136 
shipment 11052 
shipments 11054 11121 
ships 11003 
short 11030 11038 11043 11119 11135 11149 
short-term 11008 11014 
shorter 11044 
shortly 11044 11068 
show 11076 11137 
showed 11124 
shows 11076 11083 11137 
shr 11018 11019 11028 11031 11034 11036 11046 11047 11057 11058 11060 11106 11109 11111 11112 11115 11128 11132 11145 11153 11158 
shrs 11031 11034 11109 11112 
shut 11014 11118 
shutdown 11007 11100 
shutdowns 11100 
sibson 11038 
sides 11155 
sidor 11124 
siemens 11017 
signed 11005 11095 11107 11136 11148 
significant 11118 
significantly 11001 11087 11118 
signing 11082 
sii 11158 
similar 11025 11123 
simple 11014 
single-plane 11102 
sinking 11089 
situation 11123 
six-month 11080 
six-months 11080 
size 11055 
ski 11011 
skilled 11122 
sl-1 11050 
slate 11125 
slated 11064 
slc 11025 
slide 11103 
slightly 11061 
slipping 11041 
slots 11102 
slow 11083 11119 11123 
slowed 11091 11119 
slowing 11083 
small 11007 11038 11091 11102 
smaller 11038 11116 
smart 11076 
smith 11074 11141 11158 
smithfield 11151 
smoothed 11137 
sndt 11097 
sne.t 11014 
snowstorm 11091 
snowy 11091 
so-called 11082 
society 11033 11142 
socs 11033 11142 
sofer 11141 
soft 11134 
software 11097 
soil 11071 11085 
sold 11037 11080 11120 11135 11143 
son 11021 
sony 11014 
sorg 11095 
sorghum 11091 
sought 11143 11148 
sounds 11074 
soup 11004 
source 11148 
sources 11011 11052 11064 11084 
south 11024 11062 11064 11071 11122 11124 
south-africa 11024 11062 11122 
southern 11041 11044 11056 
southland 11025 
southwest 11119 
soybean 11012 11084 
soybeans 11012 
speaker 11076 
speaking 11014 11149 
special 11016 11040 11062 11063 11083 
speciality 11110 
specific 11002 11023 
speculated 11074 
speculation 11144 
speech 11120 11135 
spend 11014 
spending 11023 11053 11083 11084 
spent 11053 
spin 11081 
spinoff 11069 11081 
split 11015 11105 11123 
spoke 11118 
spokesman 11026 11044 11053 11081 11130 11144 
spokeswoman 11065 11100 11150 
sponser 11157 
sponsering 11157 
spraying 11119 
spread 11087 11116 11148 11155 
spreads 11148 11155 
spring 11023 11082 11085 11149 
springtime 11075 
spur 11118 
square 11010 
sr 11086 11095 
src 11086 11095 
srg 11095 
st 11100 11110 
stability 11025 
staff 11023 11082 11130 11152 
stag 11110 
stage 11071 11157 
staggered 11002 
stake 11025 11029 11032 11041 11066 11078 11143 11145 
stand 11084 
standard 11055 
stands 11064 
stanley 11129 
star 11063 
start 11010 
started 11157 11160 
state 11001 11005 11024 11025 11064 11085 11091 11103 11114 11124 
statement 11024 11041 11044 11048 11059 11081 11092 11102 11123 
states 11013 11025 11037 11075 11076 11084 11118 
station 11126 
stations 11126 
statistic 11064 
statistician 11064 
statistics 11071 11137 11160 
steady 11138 
steel 11030 11039 11104 11107 11121 11124 
steelmaking 11121 
steep 11075 11083 
step 11050 
stiff 11123 
stillmann 11064 
stock 11015 11016 11024 11027 11029 11041 11042 11053 11060 11063 11074 11078 11090 11102 11105 11123 11144 11150 11156 
stockholders 11002 11024 11029 11032 11074 11105 
stockpile 11100 
stocks 11007 11024 11083 11084 
stone 11005 11083 
stop 11073 
stopout 11080 
storage 11050 
store 11133 
stores 11032 11078 11084 11110 
stormy 11091 
strategic 11045 11149 
strategy 11123 
strathcona 11100 
straw 11092 
strength 11074 
strengthen 11120 11135 
stressed 11083 
stretch 11155 
strike 11076 11151 
strip 11121 
strive 11148 
strong 11083 11149 
strongest 11083 
strongly 11014 11083 
structure 11081 
sttx 11104 11107 
stuck 11038 
student 11108 
studies 11149 
study 11081 11144 
studying 11072 11081 
subject 11015 11043 11086 11126 
submit 11147 
subordinated 11055 11129 
subsequent 11034 11044 11099 
subsequently 11045 
subsidiaries 11107 
subsidiary 11001 11007 11008 11010 11021 11025 11039 11070 11086 11095 11099 11101 
subsidise 11084 
subsidized 11118 
subsoil 11119 
substantial 11045 11124 11136 
substantially 11001 11102 11136 
subsystem 11050 
succeeding 11105 
success 11014 11148 
successful 11014 
successfully 11130 
sucre 11124 
suddenly 11026 11038 
sued 11096 
suffer 11083 
sugar 11043 
suggested 11123 11135 
suit 11020 
suitable 11085 11119 
sulphur 11070 
sum 11044 
sums 11001 
sungard 11097 
sunny 11136 
superior 11140 11144 11157 
supervisory 11122 
suppliers 11076 11144 
supplies 11085 11093 11118 11149 
supply 11025 11074 11100 11118 
support 11009 11023 11024 11038 11082 11084 11093 11123 
supported 11011 11033 
supporters 11024 
supposed 11084 
supreme 11037 11048 11096 
surface 11003 
surplus 11076 11084 11085 11119 11135 11137 
surpluses 11084 
surprised 11076 
surveillance 11110 
survey 11040 11083 
surveyed 11083 
suspended 11123 
swallows 11084 
sweden 11010 11025 
sweet 11141 
switzerland 11114 
syndicate 11144 
syndicated 11011 
syndicating 11155 
synfuels 11118 
synthetic 11118 
synthetics 11118 
syrup 11020 
system 11017 11056 11062 11084 11089 11097 11160 
systems 11003 11047 11097 11110 11125 11134 
table 11155 
taft 11006 11029 11074 
tag 11110 
takeoff 11102 
takeover 11029 11048 11068 11074 11139 11144 
taking 11029 11071 11114 11122 
talked 11074 
talking 11118 
talks 11006 11029 11051 11074 11076 11123 11155 
tampa 11032 11078 
tangible 11136 
tank 11152 
tapes 11150 
tappan 11010 
target 11023 11150 
targeting 11023 
tariffs 11076 
tax 11058 11059 11083 11084 11087 11118 
teachers 11062 
team 11152 
technical 11003 
technically 11120 11135 
technologies 11104 11107 11150 
teeco 11035 
tegucigalpa 11009 
telecom 11050 
telecommunications 11009 
telephone 11008 
television 11005 
televisions 11150 
tells 11066 
tempe 11017 
temperatures 11064 11071 11091 
templeton 11046 
temporarily 11120 11135 
temporary 11141 
ten 11022 11118 
tender 11016 11032 11079 11101 11144 
tendered 11016 
tenn. 11104 11107 
tensions 11084 
tentative 11102 
term 11055 
terminal 11102 
terminals 11102 
terminate 11101 
terminated 11051 
terms 11001 11002 11008 11011 11024 11044 11092 11102 11117 11123 11133 11155 
territory 11141 
test 11083 
testified 11076 
testify 11150 
tests 11096 
texas 11007 11025 11029 11044 11064 11074 11075 11076 11091 11134 11143 11147 11149 
texton 11045 
textron 11045 
tfb 11029 11074 
theta 11029 
third-place 11102 
thompson 11122 
thomson 11094 
thought 11074 
thous 11012 
thousands 11026 
threat 11148 
threats 11149 
three- 11080 
three-month 11080 
three-two 11048 
three-year 11009 
thrift 11114 
thrown 11148 
thunderstorms 11071 
ties 11130 
tightened 11038 
tighter 11038 
timberland 11117 
timberlands 11117 
time 11008 11013 11014 11033 11037 11044 11071 11074 11076 11081 11082 11084 11094 11099 11114 11118 11124 11137 11142 
time-life 11099 
times 11103 11117 
tl 11099 
tmc 11117 
tmpl 11046 
tobacco 11069 11072 11081 11084 
today 11064 11065 11070 11076 11082 11103 11116 11144 11155 
token 11054 11148 
tokyo 11160 
told 11007 11014 11041 11076 11084 11118 11123 11124 11135 11143 
tolerated 11120 11135 
tomorrow 11009 11040 11083 11123 11135 
ton 11039 
tonight 11064 
tonnes 11052 
tons 11030 11043 11118 
tool 11075 11158 
top 11118 11152 
topsoil 11119 
toronto 11112 11123 11145 
toronto-based 11123 
tossed 11074 
total 11007 11009 11022 11029 11043 11061 11075 11078 11103 11123 11138 11143 
totaled 11043 11059 11123 
totalled 11160 
totally 11137 
tough 11007 
tower 11149 
track 11157 
tracor 11003 
trade 11013 11026 11038 11052 11076 11083 11084 11102 11116 11120 11134 11135 11137 
traded 11144 
traders 11116 11149 
trading 11013 11083 11103 11116 11141 
traditional 11076 11084 
transaction 11055 11095 11126 11136 
transactions 11016 
transamerican 11044 
transfer 11050 11081 
transferring 11114 
transition 11152 
transmission 11056 
transportation 11037 11077 11102 
transported 11075 
travel 11038 
travelers 11102 
traverse 11056 
treasury 11013 11059 11080 11083 11103 
treasury-bond 11116 
trees 11071 
trends 11039 
triggered 11103 
trim 11023 
triple 11118 
troy 11026 
trr 11003 
true 11144 
trust 11001 11033 11083 11087 11094 11097 
trusts 11061 
tuesday 11084 
tulsa-based 11056 
turn 11056 11118 
turned 11124 
twelve 11111 
two-for-one 11015 11105 
two-thirds 11037 11084 
two-year 11097 11108 
txt 11045 
type= 11006 11012 11066 11069 11072 11073 11077 11079 11127 11139 11140 11158 11159 
types 11084 
u.s 11003 11007 11009 11012 11023 11030 11043 11061 11062 11065 11073 11076 11077 11080 11082 11083 11096 11102 11103 11104 11114 11118 11141 11149 
u.s. 11007 11009 11013 11014 11020 11022 11023 11037 11038 11040 11044 11061 11062 11064 11065 11071 11075 11076 11080 11082 11083 11084 11102 11103 11107 11108 11118 11120 11123 11130 11135 11141 11145 11149 
u.s.-made 11076 
uk 11011 11038 
unable 11051 
unacceptable 11084 
unadjusted 11137 11160 
unbilled 11111 
unchanged 11083 11137 11138 
underwater 11003 
underwrite 11038 
underwriter 11008 
underwriting 11129 
uneconomic 11118 
unemployment 11159 11160 
unfair 11151 
union 11025 11151 
unit 11003 11008 11010 11021 11025 11035 11039 11070 11084 11086 11087 11095 11099 11102 11113 11121 11151 11157 
united 11013 11025 11037 11076 11118 11151 
unitholders 11087 
units 11035 11045 
unmarketable 11038 
unp 11025 
unpaid 11023 
unproc 11158 
unprofitable 11038 
unreported 11061 
unsecured 11044 
unsold 11008 
unsolicited 11139 11144 
unspecified 11023 
unspoken 11024 
upcoming 11155 
update 11040 
upham 11074 
upholds 11157 
upper 11105 
ups 11066 11078 
urged 11122 11144 
urges 11122 
usda 11040 11043 11061 11071 11085 11091 11119 
uss 11121 
usual 11083 
usx 11121 
utilization 11030 11138 
va 11151 
va. 11009 11125 
vacuum 11105 
vago 11063 
valencia 11071 
validity 11096 
valley 11064 11091 
valued 11029 11146 
values 11074 
vanderbilt 11063 
variable 11033 11142 
varieties 11071 
vaskevitch 11141 
vast 11122 
vegas 11063 
vehicle 11026 
vehicles 11026 
venalum 11124 
venezuela 11025 11124 11148 11155 
venezuelan 11025 11148 
venture 11005 11042 11104 11107 11146 
version 11054 
versus 11043 11049 11083 11106 
vesta 11010 
viable 11084 
vice 11007 11029 11074 11118 11130 
vide 11005 
video 11005 11150 
view 11081 11083 
vigorously 11044 11151 
village 11098 
villegas 11120 11135 
violations 11141 
virginia 11076 
void 11099 
volume 11116 
vote 11024 11048 
voting 11015 11023 
vowed 11122 
w.l 11004 
wafer 11017 
wagner 11144 
wait 11120 11123 11135 
walk 11148 
walsh 11123 
wanted 11074 11148 
warefare 11003 
warehouse 11010 
warm 11071 
warner 11114 
warner-lambert 11020 
warren 11039 
wash. 11032 
washington 11008 11013 11022 11023 11029 11037 11040 11043 11059 11061 11065 11067 11076 11078 11080 11082 11084 11102 11108 11117 11129 11141 11143 11150 11152 
wayne 11097 
weak 11083 
weaken 11055 
weaker 11149 
wealthy 11029 11074 
weather 11091 11119 
weather-related 11064 
wednesday 11065 
weed 11119 
week 11007 11023 11030 11032 11038 11043 11064 11071 11075 11078 11080 11091 11119 11123 11130 11138 11143 
weekly 11043 11071 11075 11080 11085 11091 11119 
weeks 11075 
weight 11043 
wellington 11137 
wells 11083 
welt 11014 
west 11014 11017 11025 11076 11084 11102 11119 
west-germany 11014 
wet 11075 11091 11119 
wheat 11012 11040 11082 11085 11091 11119 
wheatley 11004 11148 
white 11010 11076 11152 
white-westinghouse 11010 
whites 11122 
wholly-owned 11099 
wichita 11111 
wide 11021 11083 
widely 11084 
wil 11039 
william 11048 11144 11149 
willingness 11123 
willman 11146 
wilmington 11015 11089 
win 11148 
windy 11091 
winnipeg 11052 
wins 11003 11020 11141 
winston-salem 11081 
winter 11040 11058 11082 11085 11091 
wiped 11114 
withdrawal 11024 11062 
withdrawals 11024 
witter 11083 
wla 11020 
wm 11146 
woirth 11009 
wolverine 11021 
won 11076 11148 11155 
wood 11123 
worforce 11130 
work 11067 11123 11138 
worked 11116 
workers 11151 
workforce 11158 
working 11075 11087 11131 11136 11138 
workstation 11054 
workstations 11054 
world 11021 11084 11118 11135 
worldwide 11025 11138 
worst 11114 11160 
worth 11009 11029 11038 11044 11074 
wright 11076 
write 11022 
write-downs 11022 
writedown 11145 11158 
www 11021 
wyoming 11075 
xon 11118 
y/a 11085 
year-ago 11007 11158 
year-end 11123 
yearly 11123 
years 11007 11009 11022 11033 11035 11038 11114 11118 11120 11135 11142 11144 11148 11155 11157 
yen 11014 11083 11103 
yesterday 11084 
yield 11080 11083 11103 
yields 11083 
york 11001 11008 11013 11015 11016 11024 11030 11033 11035 11053 11055 11062 11064 11070 11074 11083 11086 11095 11099 11101 11103 11126 11128 11148 11155 
young 11086 11095 
yr-ago 11145 
zealand 11137 
