'll 1387 
're 1398 1408 
've 1408 
****** 1368 1411 1435 1436 1437 1454 1458 1462 1487 1508 1514 1517 1521 1530 
****santo 1519 
-1 1492 
-4 1381 1438 
-4th-qt 1375 1469 
-acquire 1470 
-b 1497 1512 
-buyback-seen 1408 
-considering 1380 
-february 1448 1484 
-february-lo 1423 
-g 1376 
-gets-4 1495 
-has-4t 1466 
-insta 1432 
-launches 1504 
-ma 1379 
-ml 1386 
-offers 1403 
-plans 1415 
-pontiac-has 1427 
-r 1483 
-s 1479 1501 
-says-i 1370 
-se 1383 
-sees-i 1414 
-sell 1463 
-sets 1471 
-six-m 1404 
-sorghum-pa 1369 
-t 1485 
-tanzani 1515 
-to 1429 1531 
-to-ma 1500 
-to-re 1402 
-to-rede 1401 1465 
-un 1431 
-wil 1391 
-y 1433 
-year-n 1364 
/author 1408 1535 
0.5 1362 1459 
0.6 1459 
0.8 1459 
0006 1462 
0008 1517 1530 
0009 1435 1508 
0010 1437 
0012 1458 1487 
0013 1368 1411 1454 1521 
0014 1436 
0016 1514 
0021 1471 
0023 1420 1496 
0024 1378 1382 1384 
0025 1404 
0026 1467 1532 
0027 1483 1527 
0030 1396 
0031 1448 
0033 1394 
0034 1381 1445 
0035 1523 
0036 1492 
0038 1363 1500 
0039 1470 1494 1524 
0040 1526 
0041 1525 
0043 1427 1452 
0045 1432 
0046 1510 
0047 1465 1529 
0049 1451 
0050 1364 1447 1469 
0051 1360 
0052 1425 
0053 1366 1433 
0054 1457 1460 1461 
0057 1365 1371 1428 1429 
0059 1505 
0060 1373 1446 
0062 1438 
0063 1395 1493 1511 
0065 1441 
0066 1484 1512 
0068 1389 1455 1479 1503 
0069 1375 1379 1417 1515 
0071 1440 1450 1497 1504 
0072 1488 
0073 1401 
0074 1519 
0075 1480 
0076 1419 1426 
0079 1359 1403 1468 1518 1531 
0080 1367 
0081 1380 1431 
0082 1383 1463 1495 
0083 1370 
0084 1474 1475 1489 
0085 1386 1416 1449 1453 
0086 1399 1410 
0087 1434 1444 1506 
0088 1459 1533 
0089 1393 1412 1443 1482 
0091 1402 1478 1522 
0092 1491 1501 1528 
0093 1418 
0094 1376 1481 
0095 1430 
0096 1390 1423 1509 
0098 1422 
0099 1391 1473 1486 
0100 1477 
0101 1372 1374 1464 
0102 1485 
0103 1358 1415 
0104 1507 1534 
0105 1408 1499 
0106 1387 1388 
0107 1361 1498 
0108 1385 1456 1502 
0109 1397 1409 1413 1414 1421 
0110 1424 
0112 1377 1392 1400 
0113 1513 1516 
0114 1405 1476 
0115 1472 
0117 1466 
0118 1490 
0119 1369 1535 
0121 1520 
0124 1362 1398 
0129 1407 
0130 1406 
0133 1439 
0145 1442 
03-03 1358 1359 1360 1361 1362 1363 1364 1365 1366 1367 1368 1369 1370 1371 1372 1373 1374 1375 1376 1377 1378 1379 1380 1381 1382 1383 1384 1385 1386 1387 1388 1389 1390 1391 1392 1393 1394 1395 1396 1397 1398 1399 1400 1401 1402 1403 1404 1405 1406 1407 1408 1409 1410 1411 1412 1413 1414 1415 1416 
03-04 1417 1418 1419 1420 1421 1422 1423 1424 1425 1426 1427 1428 1429 1430 1431 1432 1433 1434 1435 1436 1437 1438 1439 1440 1441 1442 1443 1444 1445 1446 1447 1448 1449 1450 1451 1452 1453 1454 1455 1456 1457 1458 1459 1460 1461 1462 1463 1464 1465 1466 1467 1468 1469 1470 1471 1472 1473 1474 1475 1476 1477 1478 1479 1480 1481 1482 1483 1484 1485 1486 1487 1488 1489 1490 1491 1492 1493 1494 1495 1496 1497 1498 1499 1500 1501 1502 1503 1504 1505 1506 1507 1508 1509 1510 1511 1512 1513 1514 1515 1516 1517 1518 1519 1520 1521 1522 1523 1524 1525 1526 1527 1528 1529 1530 1531 1532 1533 1534 1535 
09:30:09.86 1417 
09:30:27.05 1418 
09:30:38.71 1419 
09:30:42.87 1420 
09:30:50.97 1421 
09:31:10.66 1422 
09:31:28.88 1423 
09:33:25.06 1424 
09:33:47.25 1425 
09:33:53.87 1426 
09:36:11.28 1427 
09:36:19.44 1428 
09:36:43.89 1429 
09:41:57.41 1430 
09:42:05.68 1431 
09:42:10.08 1432 
09:42:31.22 1433 
09:43:35.73 1434 
09:45:31.48 1435 
09:47:48.74 1436 
09:48:36.17 1437 
09:48:58.72 1438 
09:49:12.92 1439 
09:51:38.24 1440 
09:51:47.01 1441 
09:52:13.08 1442 
09:53:36.72 1443 
09:53:54.04 1444 
09:54:24.71 1445 
09:55:18.27 1446 
09:55:27.79 1447 
09:55:44.82 1448 
09:56:01.20 1449 
09:56:16.11 1450 
09:56:25.33 1451 
09:56:30.09 1452 
1,000 1390 1402 1440 1475 
1,043 1430 
1,044,424 1366 
1,058,503 1366 
1,079,100 1525 
1,080,068 1446 
1,086.11 1402 
1,108,314 1494 
1,149,339 1464 
1,180,000 1524 
1,300,000 1467 
1,387,500 1446 
1,400,000 1500 
1,440,154 1494 
1,572 1481 
1,712,916 1449 
1,741,508 1494 
1,793,398 1446 
1,864,417 1452 
1,904,000 1375 
1-1/2 1420 1424 
1-1/8 1472 1475 
1-15 1395 
1.05 1367 1414 
1.1. 1504 
1.10 1488 
1.15 1469 
1.16 1452 1529 
1.2 1459 
1.25 1453 
1.29 1367 
1.3 1439 1456 
1.31 1423 
1.33 1369 
1.38 1381 
1.4 1507 
1.46 1369 
1.48 1375 1423 
1.5 1377 1459 1464 1503 
1.52 1423 
1.55 1381 
1.59 1529 
1.6 1453 1459 
1.60 1445 
1.7 1453 1459 1464 
1.73 1438 
1.74 1445 
1.75 1453 
1.750 1488 
1.765 1488 
1.77 1528 
1.8 1407 
1.80 1380 1423 
1.815 1488 
1.87 1367 
1.88 1375 
1.9 1433 1459 1466 1478 
1.96 1528 
1/2 1424 
1/8 1468 
10,000 1475 
10,742,113 1438 
10-year 1400 
10.2 1453 
10.5 1438 
10.53 1370 
10.6 1523 
10.7 1466 
100,000 1396 
101-1/2 1475 
102.24 1465 
103,000 1440 
104.55 1402 
105.3 1428 
10:00:44.74 1453 
10:00:54.43 1454 
10:02:58.88 1455 
10:04:18.87 1456 
10:04:24.06 1457 
10:06:25.10 1458 
10:09:15.34 1459 
10:09:34.47 1460 
10:10:01.53 1461 
10:10:36.81 1462 
10:15:07.09 1463 
10:15:31.10 1464 
10:16:02.51 1465 
10:16:28.05 1466 
10:16:31.72 1467 
10:17:03.27 1468 
10:17:13.95 1469 
10:18:25.86 1470 
10:19:26.67 1471 
10:19:55.55 1472 
10:22:28.13 1473 
10:22:35.49 1474 
10:24:00.44 1475 
10:26:46.27 1476 
10:29:46.99 1477 
10:30:27.85 1478 
10:34:59.73 1479 
10:35:16.62 1480 
10:36:51.54 1481 
10:37:03.87 1482 
10:38:23.91 1483 
10:38:50.06 1484 
10:39:22.90 1485 
10:39:30.49 1486 
10:39:38.33 1487 
10:39:45.48 1488 
10:39:55.56 1489 
10:40:06.91 1490 
10:40:23.36 1491 
10:40:35.59 1492 
10:40:41.91 1493 
10:40:45.77 1494 
10:41:01.45 1495 
10:41:04.46 1496 
10:41:31.74 1497 
10:42:13.33 1498 
10:44:58.63 1499 
10:45:36.47 1500 
10:48:52.30 1501 
10:49:20.05 1502 
10:51:09.32 1503 
10:51:53.92 1504 
10:52:15.38 1505 
10:52:39.54 1506 
10:53:00.12 1507 
10:53:08.00 1508 
10:53:46.06 1509 
10:53:50.23 1510 
10:53:55.34 1511 
10:55:45.44 1512 
10:59:00.59 1513 
10:59:03.55 1514 
10:59:14.90 1515 
11,607,104 1438 
11-7/8 1415 
11.00 1465 
11.4 1453 
11.75 1450 
11.91 1529 
110,831,000 1367 
112.9 1381 
11:00:23.84 1516 
11:00:33.07 1517 
11:01:17.56 1518 
11:03:42.26 1519 
11:06:06.35 1520 
11:07:28.74 1521 
11:08:03.88 1522 
11:08:09.12 1523 
11:08:26.72 1524 
11:08:30.91 1525 
11:08:56.38 1526 
11:08:59.99 1527 
11:09:08.66 1528 
11:10:02.59 1529 
11:10:23.41 1530 
11:11:17.29 1531 
11:12:03.55 1532 
11:13:59.36 1533 
11:17:14.76 1534 
11:19:12.42 1535 
12,000 1440 
12,194 1481 
12-1/2 1472 
12-month 1443 
12.1 1459 
12.2 1448 1482 
120,000 1407 
121.8 1460 
125.1 1367 
125.8 1414 
12th 1488 
13-bank 1472 
13.2 1498 
13.20 1415 
13.4 1492 
13.5 1377 1423 
13.6 1525 
131.2 1428 
133,000 1535 
133.1 1529 
135,000 1535 
1358 1358 
1359 1359 
136,594,000 1367 
136.6 1495 
136.8 1381 
1360 1360 
1361 1361 
1362 1362 
1363 1363 
1364 1364 
1365 1365 
1366 1366 
1367 1367 
1368 1368 
1369 1369 
1370 1370 
1371 1371 
1372 1372 
1373 1373 
1374 1374 
1375 1375 
1376 1376 
1377 1377 
1378 1378 
1379 1379 
1380 1380 
1381 1381 
1382 1382 
1383 1383 
1384 1384 
1385 1385 
1386 1386 
1387 1387 
1388 1388 
1389 1389 
1390 1390 
1391 1391 
1392 1392 
1393 1393 
1394 1394 
1395 1395 
1396 1396 
1397 1397 
1398 1398 
1399 1399 
13th 1488 
14,619 1464 
14,954,000 1448 
14.0 1492 
14.2 1466 
14.8 1498 
1400 1400 
1401 1401 
1402 1402 
1403 1403 
1404 1404 
1405 1405 
1406 1406 
1407 1407 
1408 1408 
1409 1409 
141.6 1460 
1410 1410 
1411 1411 
1412 1412 
1413 1413 
1414 1414 
1415 1415 
1416 1416 
1417 1417 
1418 1418 
1419 1419 
1420 1420 
1421 1421 
1422 1422 
1423 1423 
1424 1424 
1425 1425 
1426 1426 
1427 1427 
1428 1428 
1429 1429 
143,000 1535 
1430 1430 
1431 1431 
1432 1432 
1433 1433 
1434 1434 
1435 1435 
1436 1436 
1437 1437 
1438 1438 
1439 1439 
1440 1440 
1441 1441 
1442 1442 
1443 1443 
1444 1444 
1445 1445 
1446 1446 
1447 1447 
1448 1448 
1449 1449 
145,600 1535 
1450 1450 
1451 1451 
1452 1452 
1453 1453 
1454 1454 
1455 1455 
1456 1456 
1457 1457 
1458 1458 
1459 1459 
1460 1460 
1461 1461 
1462 1462 
1463 1463 
1464 1464 
1465 1465 
1466 1466 
1467 1467 
1468 1468 
1469 1469 
1470 1470 
1471 1471 
1472 1472 
1473 1473 
1474 1474 
1475 1475 
1476 1476 
1477 1477 
1478 1478 
1479 1479 
1480 1480 
1481 1481 
1482 1482 
1483 1483 
1484 1484 
1485 1485 
1486 1486 
1487 1487 
1488 1488 
1489 1489 
149.4 1414 
1490 1490 
1491 1491 
1492 1492 
1493 1493 
1494 1494 
1495 1495 
1496 1496 
1497 1497 
1498 1498 
1499 1499 
15-30 1394 1395 
15.2 1453 
15.25 1479 
15.8 1387 
150,000 1403 1479 
1500 1500 
1501 1501 
1502 1502 
1503 1503 
1504 1504 
1505 1505 
1506 1506 
1507 1507 
1508 1508 
1509 1509 
1510 1510 
1511 1511 
1512 1512 
1513 1513 
1514 1514 
1515 1515 
1516 1516 
1517 1517 
1518 1518 
1519 1519 
152,049,000 1367 
1520 1520 
1521 1521 
1522 1522 
1523 1523 
1524 1524 
1525 1525 
1526 1526 
1527 1527 
1528 1528 
1529 1529 
153.3 1367 
1530 1530 
1531 1531 
1532 1532 
1533 1533 
1534 1534 
1535 1535 
156,000 1449 
156.7 1498 
16,775,000 1448 
16.1 1498 
16.2 1525 1528 
16.3 1452 
16.6 1375 
16.7 1452 
16.8 1453 
16678 1358 
16679 1359 
16680 1360 
16681 1361 
16682 1362 
16683 1363 
16684 1364 
16685 1365 
16686 1366 
16687 1367 
16688 1368 
16689 1369 
16690 1370 
16691 1371 
16692 1372 
16693 1373 
16694 1374 
16695 1375 
16696 1376 
16697 1377 
16698 1378 
16699 1379 
16700 1380 
16701 1381 
16702 1382 
16703 1383 
16704 1384 
16705 1385 
16706 1386 
16707 1387 
16708 1388 
16709 1389 
16710 1390 
16711 1391 
16712 1392 
16713 1393 
16714 1394 
16715 1395 
16716 1396 
16717 1397 
16718 1398 
16719 1399 
16720 1400 
16721 1401 
16722 1402 
16723 1403 
16724 1404 
16725 1405 
16726 1406 
16727 1407 
16728 1408 
16729 1409 
16730 1410 
16731 1411 
16732 1412 
16733 1413 
16734 1414 
16735 1415 
16736 1416 
17.00 1521 
17.2 1528 
17.7 1459 
17.8 1377 
17.9 1498 
17835 1417 
17836 1418 
17837 1419 
17838 1420 
17839 1421 
17840 1422 
17841 1423 
17842 1424 
17843 1425 
17844 1426 
17845 1427 
17846 1428 
17847 1429 
17848 1430 
17849 1431 
17850 1432 
17851 1433 
17852 1434 
17853 1435 
17854 1436 
17855 1437 
17856 1438 
17857 1439 
17858 1440 
17859 1441 
17860 1442 
17861 1443 
17862 1444 
17863 1445 
17864 1446 
17865 1447 
17866 1448 
17867 1449 
17868 1450 
17869 1451 
17870 1452 
17871 1453 
17872 1454 
17873 1455 
17874 1456 
17875 1457 
17876 1458 
17877 1459 
17878 1460 
17879 1461 
17880 1462 
17881 1463 
17882 1464 
17883 1465 
17884 1466 
17885 1467 
17886 1468 
17887 1469 
17888 1470 
17889 1471 
17890 1472 
17891 1473 
17892 1474 
17893 1475 
17894 1476 
17895 1477 
17896 1478 
17897 1479 
17898 1480 
17899 1481 
17900 1482 
17901 1483 
17902 1484 
17903 1485 
17904 1486 
17905 1487 
17906 1488 
17907 1489 
17908 1490 
17909 1491 
17910 1492 
17911 1493 
17912 1494 
17913 1495 
17914 1496 
17915 1497 
17916 1498 
17917 1499 
17918 1500 
17919 1501 
17920 1502 
17921 1503 
17922 1504 
17923 1505 
17924 1506 
17925 1507 
17926 1508 
17927 1509 
17928 1510 
17929 1511 
17930 1512 
17931 1513 
17932 1514 
17933 1515 
17934 1516 
17935 1517 
17936 1518 
17937 1519 
17938 1520 
17939 1521 
17940 1522 
17941 1523 
17942 1524 
17943 1525 
17944 1526 
17945 1527 
17946 1528 
17947 1529 
17948 1530 
17949 1531 
17950 1532 
17951 1533 
17952 1534 
17953 1535 
17:09:16.11 1358 
17:09:23.01 1359 
17:09:28.30 1360 
17:11:18.38 1361 
17:11:38.35 1362 
17:11:42.39 1363 
17:12:08.03 1364 
17:12:20.68 1365 
17:14:24.12 1366 
17:16:34.28 1367 
17:16:36.22 1368 
17:18:55.56 1369 
17:20:21.62 1370 
17:22:50.06 1371 
17:24:17.18 1372 
17:25:41.33 1373 
17:26:15.27 1374 
17:27:35.64 1375 
17:28:36.93 1376 
17:29:01.58 1377 
17:29:05.91 1378 
17:29:34.16 1379 
17:30:56.07 1380 
17:35:05.19 1381 
17:35:09.16 1382 
17:36:48.40 1383 
17:39:59.77 1384 
17:40:09.18 1385 
17:41:40.35 1386 
17:44:25.81 1387 
17:46:40.79 1388 
17:51:56.06 1389 
17:52:31.05 1390 
17:54:29.53 1391 
17:56:37.62 1392 
18,941,000 1367 
18.5 1423 
180,000 1439 
183.6 1484 
184.3 1529 
18:00:55.71 1393 
18:01:44.12 1394 
18:02:39.11 1395 
18:03:32.10 1396 
18:04:59.16 1397 
18:07:19.94 1398 
18:07:32.91 1399 
18:11:10.75 1400 
18:11:38.97 1401 
18:12:37.04 1402 
18:12:43.09 1403 
18:12:48.09 1404 
18:17:38.58 1405 
18:18:56.00 1406 
18:23:10.82 1407 
18:23:56.61 1408 
18:25:53.86 1409 
18:27:08.58 1410 
18:27:36.86 1411 
18:34:50.92 1412 
18:37:30.54 1413 
18:42:50.14 1414 
18:52:41.42 1415 
18:54:57.93 1416 
19,000 1430 
19,200 1426 
19.75 1535 
19.8 1459 
194.5 1459 
196.7 1459 
1960s 1380 
1969 1376 
1970s 1380 1472 
1974 1459 
1979 1380 1515 
1980 1459 
1981 1393 1406 
1983 1370 1472 
1983/84 1399 
1984 1416 1476 
1985 1366 1367 1369 1393 1398 1406 1433 1438 1453 1455 1456 1466 1478 1502 
1985's 1502 
1985/86 1388 
1986 1364 1366 1367 1369 1380 1391 1402 1427 1428 1433 1438 1448 1449 1453 1456 1461 1466 1481 1485 1492 1497 1498 1501 1502 1507 
1986/87 1361 1377 1385 1388 1399 
1987 1362 1380 1405 1414 1416 1424 1427 1434 1448 1453 1456 1466 1493 1535 
1988 1380 1386 1442 1444 
1989 1387 1416 1434 1472 
1989/90 1377 
1990 1373 1408 1424 1453 1495 
1991 1475 1534 
1992 1416 1417 1424 1431 1474 
1993 1387 
1994 1400 
1995 1409 
1996 1383 
1997 1400 1515 
1st 1460 1461 1467 1492 1527 1528 1532 
2,103,000 1524 
2,157,895 1449 
2,276,000 1461 
2,292,972 1449 
2,515,400 1401 1465 
2,543,366 1449 
2,544,531 1366 
2,734 1481 
2,900 1535 
2,969,000 1364 
2-1/2 1424 
2-1/4 1424 
2-for-1 1391 
2.0 1377 
2.03 1438 
2.2 1398 1459 
2.28 1369 
2.3 1390 1438 
2.4 1407 
2.40 1369 
2.45 1438 
2.5 1399 1433 1466 1472 
2.6 1453 
2.66 1469 
2.7 1399 
2.77 1529 
2.79 1423 
2.8 1369 
2.83 1366 
2.88 1369 
2.9/1 1405 
20-20/32 1513 
20.1 1524 
2002 1424 1487 1513 
2004 1402 
2007 1415 1518 
2012 1473 1485 1531 
203.40 1394 
21.4 1404 
21.7 1428 
210.7 1484 
218.1 1484 
221.5 1428 
225,000 1388 
23,000 1426 
23,900 1430 
23.3 1404 
23.68 1535 
232.3 1466 
237,961,000 1367 
24-month 1427 
24.1 1423 
24.5 1472 
244.4 1484 
25,000 1390 1394 1395 1519 
25.6 1524 
257,252 1492 
26.2 1523 
26.4 1456 
26.5 1472 
277.0 1459 
28,384,000 1367 
29.3 1530 
294.0 1428 
298,000 1375 1527 
2nd 1460 1461 1524 1528 
3,000 1443 
3,000,000 1384 
3,071,456 1446 
3,080,000 1450 
3,111,464 1366 
3,172,537 1446 
3,288,000 1445 
3,330,000 1364 
3,358,000 1461 
3,406,841 1366 
3,451,000 1391 
3,500,000 1490 
3,535,205 1525 
3,542,217 1446 
3,562,151 1449 
3,600,000 1384 
3,687,160 1494 
3,700,000 1467 
3,700,712 1438 
3,803,000 1460 
3,808 1481 
3,814,141 1528 
3,816,580 1528 
3.0 1388 
3.03 1369 
3.06 1423 
3.1 1386 
3.18 1469 
3.2 1439 
3.26 1469 
3.3 1453 1502 
3.4 1388 
3.45 1380 
3.59 1469 
3.6 1428 1459 
3.8 1459 
3.85 1529 
3.9 1427 
30-year 1400 1501 
30.50 1463 
30.9 1528 
308,000 1365 1371 
31.2 1367 
31.6 1433 1466 
31.9 1445 1502 
311.5 1445 
315,000 1365 1371 
316,000 1527 
316,193 1494 
32.2 1528 
32.6 1438 
327.5 1529 
33,000 1388 
33.0 1524 
33.2 1438 
33.5 1461 
33.9 1445 1502 
334,463 1446 
34.7 1428 
34.8 1381 
342,000 1365 1371 
345,000 1365 1371 
345,970 1492 
35,000 1519 
35-hour 1476 
35.2 1481 
36-month 1427 
37,000 1408 
370.7 1428 
375,000 1407 
376,243 1532 
38,686,000 1367 
38.5 1476 
380.2 1445 
381.6 1498 
4,000 1440 
4,004,826 1446 
4,036,000 1375 
4,122,301 1452 
4,205,707 1528 
4,292,819 1532 
4,400,000 1450 
4,448,011 1452 
4,493,000 1404 
4,505,000 1404 
4,539,437 1528 
4,543,000 1527 
4,614,000 1460 
4,638,000 1461 
4,700,000 1497 
4,791,000 1460 
4,857,000 1527 
4- 1438 
4-mar-1987 1417 1418 1419 1420 1421 1422 1423 1424 1425 1426 1427 1428 1429 1430 1431 1432 1433 1434 1435 1436 1437 1438 1439 1440 1441 1442 1443 1444 1445 1446 1447 1448 1449 1450 1451 1452 1453 1454 1455 1456 1457 1458 1459 1460 1461 1462 1463 1464 1465 1466 1467 1468 1469 1470 1471 1472 1473 1474 1475 1476 1477 1478 1479 1480 1481 1482 1483 1484 1485 1486 1487 1488 1489 1490 1491 1492 1493 1494 1495 1496 1497 1498 1499 1500 1501 1502 1503 1504 1505 1506 1507 1508 1509 1510 1511 1512 1513 1514 1515 1516 1517 1518 1519 1520 1521 1522 1523 1524 1525 1526 1527 1528 1529 1530 1531 1532 1533 1534 1535 
4.0 1454 1459 
4.1 1453 
4.3 1369 1438 
4.4 1438 
4.5 1459 1466 
4.7 1438 
4.8 1459 
4.9 1453 
40.61 1402 
400,000 1388 1497 
407,396 1532 
41,014,000 1445 
41.2 1445 
42.2 1498 
42.3 1367 
42.5 1481 
43,500 1440 
43,602,000 1445 
43,925,000 1445 
43.0 1381 
43.00 1440 
43.147 1436 1440 
43.3 1461 
43.45 1440 
43.699 1440 
43.9 1502 
430,649 1449 
433,875 1446 
44.8 1524 
45.7 1481 
450.1 1529 
458,000 1449 
46,433,000 1445 
46.4 1502 
466,668 1452 
469.6 1458 1495 
47.1 1445 
47.7 1498 
475,000 1386 
476,000 1384 
48-mopnth 1427 
485,866 1494 
49,000 1395 
49.4 1466 
49.7 1459 
4th 1366 1367 1375 1381 1391 1428 1435 1438 1445 1446 1449 1452 1466 1469 1494 1508 1529 
5,000 1407 1424 
5,073,178 1494 
5,113,000 1375 
5,341,353 1532 
5,605,680 1446 
5,872,000 1460 
5,873 1481 
5,900,000 1428 
5.1 1459 
5.2 1454 1459 
5.3 1438 
5.5 1385 
5.7 1459 
5/8 1475 
50,000 1388 1407 
50-50 1369 
50.3 1390 
50.5 1466 
500,000 1418 
51.5 1369 
51.875 1473 
515,425 1366 
515.1 1428 
521.1 1466 
54.4 1423 
553,310 1452 
56.9 1423 
56.99 1464 
57.7 1459 
576,000 1528 
577,000 1364 
58.9 1423 
6,186,51 1449 
6,200,293 1449 
6,380,000 1523 
6,456,882 1446 
6,525,051 1460 
6,545,722 1460 
6,627 1481 
6,654,000 1461 
6,668,309 1460 
6,669,488 1460 
6,700,000 1528 
6,782,000 1376 
6.1 1459 
6.22 1503 
6.6 1498 
6.7 1459 
6.75 1466 
6.97 1433 1466 
60,000 1440 
60,500 1436 1440 
60-month 1427 
600,000 1388 
62,485,000 1367 
62.2 1423 
620.9 1358 
63.25 1403 
63.6 1466 
631.2 1469 
640,000 1524 
644,000 1407 
66.4 1461 
660,000 1450 
68,000 1528 
7,169,871 1449 
7,442,825 1438 
7,603,219 1364 
7,961,602 1449 
7-1/4 1431 
7.1 1459 
7.2 1456 
7.27 1433 
7.4 1459 1478 
7.5 1459 
7.8 1459 
7.9 1427 
7/8 1408 1472 
700,000 1388 
71,000 1364 
716.9 1466 
718,000 1375 
72.0 1460 
73.1 1469 
743.8 1423 
75,000 1388 
75-5/8 1408 
76.9 1469 
764,177 1366 
769,539 1449 
77-1/2 1368 1373 1408 
778,197 1494 
79.1 1428 
796.4 1466 
8,027,065 1438 
8,036,000 1528 
8,049,000 1523 
8,231,000 1528 
8,251,136 1449 
8,610,068 1364 
8,689,008 1438 
8,811,142 1366 
8-1/2 1402 
8-1/8 1383 
8-3/8 1400 
8.2 1459 
8.4 1416 
8.43 1400 
8.45 1529 
8.9 1416 1427 
80,000 1440 
80.9 1474 
8250 1491 
825s 1430 
825sl 1430 
83.0 1460 
8350 1491 
838,069 1446 
85.4 1375 
853,000 1524 
8530 1491 
86.6 1461 
862,500 1366 
88.5 1375 
9,117,311 1449 
9,300,000 1428 
9-1/8 1400 
9.1 1498 
9.13 1370 
9.17 1400 
9.2 1498 
9.5 1459 1489 
9.6 1423 
9.66 1443 
9.8 1469 
9.9 1427 
90.9 1466 
91.5 1459 
92,075 1366 
92,641 1452 
92.0 1364 
923.2 1423 
929,000 1384 
93,551 1366 
94.5 1383 
95.9 1364 
97.7-pct 1480 
972,935 1366 
983,000 1375 
99.54 1400 
99.63 1400 
99.9 1456 
996,000 1528 
998-bed 1432 
`` 1362 1370 1372 1380 1387 1391 1397 1398 1406 1407 1408 1409 1410 1413 1414 1416 1421 1439 1441 1443 1453 1455 1472 1477 1478 1482 1491 1499 1501 1502 1516 1519 1520 1535 
a-1 1431 
a-2 1383 
a-minus 1383 
a-rated 1358 
a.g. 1479 
a/s 1474 
aa-1 1486 
aa-minus 1431 
aaa 1417 1486 
ability 1491 
abrams 1416 
abroad 1478 1513 
abs 1493 
abusive 1477 
accelerate 1421 1442 
accept 1370 1421 
accident 1522 
accord 1439 1472 
account 1453 1456 1498 1512 1535 
accounting 1449 
accounts 1387 1478 
accrued 1401 1402 1465 
accruing 1370 1439 
accumulated 1482 
accurately 1491 
achieved 1441 
achievement 1413 
achieving 1501 
acid 1499 
acq 1409 1412 1425 1429 1477 1480 1497 1500 1506 1512 
acquire 1358 1370 1386 1425 1499 1500 
acquired 1380 1512 
acquires 1470 
acquiring 1490 
acquisition 1358 1366 1425 1485 1500 
acquisitions 1507 1518 1531 
acreage 1405 
acres 1405 
acrossall 1491 
act 1369 1376 
acting 1421 
action 1438 1477 1535 
activities 1442 1480 1512 
acton 1460 
ad 1397 1501 
add 1490 1503 
added 1362 1403 1405 1426 1434 1442 1476 1477 1478 1491 1502 1533 
adding 1380 1414 1472 1482 1490 1501 
addition 1362 1377 1392 1407 1414 1491 
additional 1359 1366 1380 1388 1407 1421 1505 
address 1414 
adequate 1507 
adjacent 1490 
adjusted 1391 1459 1461 1491 1492 
adjustment 1499 
adjustments 1491 
administration 1391 1392 1416 1418 1501 
admitted 1416 
adopted 1453 
adopting 1491 
ads 1397 
advance 1369 1370 1377 
advanced 1418 
advances 1397 
advantage 1414 1453 
advertise 1397 
advertising 1397 
advised 1501 
advisory 1472 1499 
aerial 1434 
aeronautics 1418 
aerospace 1389 
affect 1434 
affected 1361 1535 
affecting 1535 
affiliates 1486 
affirmed 1507 
afg 1507 
afloat 1416 
africa 1399 1429 1498 
african 1399 1429 
after-tax 1502 
afternoon 1362 1513 
ag 1481 1498 1509 
age 1479 
agencies 1472 
agency 1413 1486 
agent 1402 
aggressive 1507 
ago 1361 1380 1388 1405 1414 1423 1466 1535 
ago-usda 1361 
agree 1421 1515 
agreed 1362 1390 1415 1429 1439 1476 1480 1500 1506 1511 
agreement 1358 1374 1380 1386 1397 1421 1439 1455 1456 1472 1486 1499 1501 1515 
agreements 1447 1503 
agrees 1437 1506 
agrico 1466 
agricultural 1369 1377 1439 
agriculture 1361 1369 1372 1377 1385 1388 1399 1406 
ahead 1405 1408 
aid 1416 1439 1442 1478 
aide 1362 1533 
aids 1506 
ailing 1413 
aim 1380 
aimed 1430 1443 1472 1478 
aims 1442 1453 
air 1397 1458 1489 1495 1534 
air-moving 1500 
airfaorce 1489 
airlines 1389 
albany 1419 
alberta 1384 1390 
albuquerque 1501 
alcatel 1380 
alfalfa 1406 
allen-bradley 1414 
alleviate 1505 
allies 1416 
allocated 1407 
allocates 1407 
allotment 1416 
allowed 1376 
allowing 1376 1439 1499 
alloys 1418 
allwaste 1500 
alternative 1427 1501 
aluminium 1472 
alws 1500 
am-centam-american 1416 
am-gulf-iraq 1410 
am-reagan-cia 1413 
america 1362 1402 1416 1422 1498 1527 1533 
american 1392 1393 1397 1398 1416 1425 1437 1455 1509 1517 
american-made 1392 
amex 1397 
amo 1455 
amount 1358 1370 1391 1409 1415 1425 1427 1456 1472 1534 
amounting 1488 
an/alq-135 1495 
analysis 1491 
analyst 1408 
analysts 1380 1405 1408 1414 
andrew 1477 
andriessen 1439 
angeles 1373 1376 1414 1445 1502 
angry 1408 
ann 1427 
announce 1389 1421 
announced 1398 1408 1412 1421 1441 1466 1493 1501 1513 1519 
announcement 1405 1408 1413 1472 
announces 1411 1441 
annual 1443 1456 1478 1526 
annually 1534 
annum 1424 
antibiotic 1391 
anticipates 1408 
antitrust 1466 
apartments 1490 
apc 1393 
apolonio 1478 
apparently 1385 1408 
appealing 1412 
appeals 1370 
apple 1361 
apples 1361 
applicability 1391 
application 1501 
applications 1386 1504 
applies 1427 
apply 1451 
appointed 1509 
appreciation 1380 
approaches 1414 
approval 1376 1391 1416 1419 1439 1501 1520 1526 
approvals 1419 1456 
approve 1416 
approved 1419 1439 1442 1447 1501 
approximately 1370 1376 
april 1359 1360 1361 1378 1379 1387 1401 1424 1427 1451 1456 1465 1471 1475 1483 1488 1493 1495 1496 1513 1515 1526 1534 
arabia 1387 
araskog 1380 
arbitrage 1477 
arbitrageurs 1477 
architects 1510 
area 1441 
areas 1407 1506 1535 
ark. 1529 
arms 1416 
arranger 1468 
arrangers 1421 
arranging 1503 
arthurt 1397 
artillery 1410 
arv 1400 
arvin 1400 
ased 1419 
asian 1442 
asked 1362 1501 
assemble 1455 
asserted 1522 
assess 1489 
assessment 1442 
asset 1374 1456 
assets 1370 1425 1429 1438 1501 1509 1512 
assignments 1434 
assist 1472 
assistance 1457 
assistant 1393 1416 1533 
association 1392 1402 1421 1425 
association's 1421 
asst 1514 
assumed 1358 
asynchronous 1426 
athens 1453 
atlanta 1448 1534 
atmosphere 1439 
atrium 1374 
attached 1444 
attack 1410 1441 
attackers 1410 
attacks 1535 
attempt 1370 1387 1408 1414 
attempted 1421 1499 
attempting 1376 1387 1499 
attempts 1477 
attitude 1472 
attorneys 1376 
attractive 1370 1397 1405 1409 1442 
attributed 1414 1478 
auction 1535 
audiences 1397 
audit 1391 
august 1525 
austerity 1453 
austin 1430 
austin-rover-group 1430 
australia 1377 
australian 1377 1475 
author 1408 1535 
authorised 1440 
authorities 1451 
authority 1442 
authorized 1373 1408 
auto 1455 1476 1507 
autographix 1422 
automatically 1443 
automation 1414 
automobiles 1430 
automotive 1408 
autumn 1499 
availability 1535 
average 1369 1377 1424 1464 1535 
averaged 1503 1535 
avg 1364 1366 1438 1445 1446 1449 1460 1528 
aviation 1497 
avoid 1439 
award 1370 1495 
awarded 1370 1407 1489 1495 
awards 1440 
awb 1377 
b.c 1456 
ba-3 1473 
baa-2 1400 
back 1370 1405 1408 1415 1416 1511 1515 
backed 1520 
backs 1478 1520 
bae 1377 1389 
baghdad 1410 
baker 1392 
balance 1408 1421 1466 1498 1535 
balances 1507 
baldrige 1392 1499 
balmer 1456 
baltimore 1483 1489 
ban 1520 
bancorp 1419 
bangladesh 1396 
bank 1402 1419 1421 1424 1453 1457 1468 1475 1485 1498 1510 1513 
banker 1505 
bankers 1402 1472 
banking 1421 1477 
bankruptcy 1482 1516 
banks 1363 1382 1421 1472 1512 
barn 1461 
barrages 1410 
barrel 1387 
barrels 1387 
barron 1376 
base 1512 
based 1369 1491 1495 
bases 1409 
basic 1369 
basis 1359 1383 1408 1414 1417 1424 1431 1468 1474 
basra 1410 
bb-minus 1473 
bb-plus 1507 
bbb 1400 
bc- 1364 1366 1367 1384 1404 1430 1438 1488 1532 
bc-******american-motors 1437 1517 
bc-******fbi-director-wi 1411 
bc-******ford-late-febru 1530 
bc-******jefferies-and-c 1368 
bc-******northrop-corp-d 1458 
bc-******nwa-inc-4th-qtr 1435 
bc-******sun-raises-crud 1521 
bc-******tandy-corp-febr 1462 
bc-******u.s.-jan-factor 1454 
bc-******u.s.-treasury-d 1514 
bc-******wal-mart-stores 1508 
bc-/-fed-expected-to-add 1503 
bc-/american-motors- 1455 
bc-/nwa-inc- 1469 
bc-/u.s.-factory-orders 1459 
bc-/u.s.-treasury-aide-w 1533 
bc-/williams-cos- 1433 
bc-afg-industries- 1507 
bc-allwaste- 1500 
bc-amex 1397 
bc-analyst-sees-saudi-su 1387 
bc-andriessen-hails-ec-m 1439 
bc-arvin-industries- 1400 
bc-australian-government 1377 
bc-b.c.-resources-has 1456 
bc-baldrige-concerned-ab 1499 
bc-bangladesh-passes-on 1396 
bc-borden-inc- 1402 
bc-brascan-ltd- 1381 
bc-british-aerospace-to 1389 
bc-browning-ferris-indus 1496 
bc-buffton-corp- 1497 
bc-c.t.c.-dealer-extends 1412 
bc-camco-inc- 1471 
bc-canadian-home-shop 1464 
bc-castle-and-cooke- 1502 
bc-castle-and-cooke-inc 1445 
bc-cboe-membership-seat 1365 1371 
bc-cbt-traders-look-ahea 1405 
bc-city-investing-trust 1360 
bc-cml-group-inc- 1460 
bc-commission-report-war 1482 1516 
bc-compugraphic-corp- 1422 
bc-convenient-food-mart 1506 
bc-cypress-semiconductor 1450 
bc-data-architects- 1510 
bc-devtek-corp 1524 
bc-digital-equipment- 1491 
bc-dnc-unit-issues-19-bi 1474 
bc-dominican-republic-se 1519 
bc-dow-chemical- 1429 
bc-dow-chemical-co- 1493 
bc-dress-barn-inc- 1461 
bc-ea-engineering- 1489 
bc-eastern- 1470 
bc-ec-backs-new-move-to 1520 
bc-ec-driving-to-capture 1388 
bc-electro-nucleonics-in 1528 
bc-fcoj-supplies-signifi 1361 
bc-first-union- 1383 
bc-florida-commercial-ba 1363 1382 
bc-florida-public- 1359 
bc-general-datacomm- 1511 
bc-general-electric- 1417 
bc-geonex-sees-sales-hur 1434 
bc-german-engineers-will 1476 
bc-gm's- 1427 
bc-gm- 1408 
bc-greece-plans-to-reduc 1453 
bc-hamburgische-l/b-issu 1475 
bc-hilton-hotels- 1376 
bc-hoechst-celanese-name 1509 
bc-hokkaido-bank-issues 1424 
bc-home-and-city- 1419 
bc-independent-air- 1534 
bc-intermark- 1415 
bc-iran-announces-new-of 1441 
bc-italian-treasury-to-i 1443 
bc-itt- 1380 
bc-jacobs-engineering- 1447 
bc-japan-cutting-china-c 1385 
bc-japan-firm-develops-u 1444 
bc-jefferies-and-co-maki 1373 
bc-kaneb-energy- 1379 
bc-lawson-products-inc- 1378 
bc-leaf-disease-hits-sri 1535 
bc-mandatory-production 1393 
bc-marine-midland- 1512 
bc-mark-resources-to-sel 1390 
bc-memory-metals-inc- 1418 
bc-merrimac-industries-i 1452 
bc-metropolitan-federal 1425 
bc-michaels-stores- 1523 
bc-mickelberry-corp- 1420 
bc-micom-systems- 1426 
bc-micropolis- 1531 
bc-molecular-genetics-in 1449 
bc-moody's-upgrades-ge- 1486 
bc-morgan-keegan- 1479 
bc-morton-thiokol- 1374 
bc-national-pork-board-a 1407 
bc-natrional-healthcorp 1490 
bc-nippon-steel-invests 1409 
bc-northrop- 1495 
bc-occidental- 1463 
bc-ohio-mattress- 1485 
bc-omnibus-computer 1505 
bc-par-pharmaceutical- 1451 
bc-pennwalt- 1403 
bc-pennzoil- 1370 
bc-perry-drug-stores-inc 1467 
bc-photon-technology 1386 
bc-pitney-bowes- 1431 
bc-pope-and-talbot- 1473 
bc-pork-checkoff-refunds 1398 
bc-ps-new-mexico- 1501 
bc-rhodes- 1448 
bc-rockwell- 1414 
bc-rossignol-unit-buys-c 1480 
bc-s/p-may-downgrade-mep 1358 
bc-saxton-industries-ltd 1525 
bc-securities-tax-would 1362 
bc-senate's-proxmire-urg 1477 
bc-servo-corp-of-america 1527 
bc-singapore-tax-package 1442 
bc-south-africa-corn-exp 1399 
bc-spain-to-launch-expor 1478 
bc-stanline-inc- 1492 
bc-strong-point-unit-to 1522 
bc-swap-dealers-unveil-s 1421 
bc-swift-energy-co- 1494 
bc-systemed- 1432 
bc-taiwan-buys-25,000-to 1394 
bc-taiwan-passes-on-u.s. 1395 
bc-tandy- 1484 
bc-tenneco- 1401 1465 
bc-toronto-sun-plans-two 1526 
bc-u.k.-intervention-boa 1440 
bc-u.k.-money-market-giv 1457 
bc-u.k.-one-billion-stg 1487 1513 
bc-u.s.-commerce-secreta 1392 
bc-u.s.-congress-to-look 1406 
bc-u.s.-corn 1369 
bc-uk-intervention-bd-sa 1436 
bc-usair- 1423 
bc-usda-proposes-name-ch 1372 
bc-usf-and-g-corp- 1483 
bc-vendo-co- 1375 
bc-venezuela-sets-foreig 1472 
bc-vereins 1498 
bc-vneshtorgbank-seeks-2 1468 
bc-voicemail-internation 1446 
bc-volkswagen-late-febru 1481 
bc-wal-mart-stores-inc- 1529 
bc-waxman-industries- 1518 
bc-west-germany 1515 
bc-westar-mining-ltd 1428 
bc-williams- 1466 
bc-xerox- 1504 
bc-zenith-labs- 1391 
bd 1436 
beach 1359 1432 
beall 1414 
bear 1473 
beauty 1506 
bedell 1393 
beds 1490 
beef 1372 
beficit 1505 
began 1455 1464 
begin 1397 1426 
beginning 1361 
behalf 1535 
belgium 1439 1482 1516 1520 
belief 1387 
believed 1387 1416 1507 
believes 1408 1501 
bell 1434 
bellsouth 1434 
belonging 1535 
belvidere 1455 
benefit 1377 1486 
benefits 1406 1478 
benefitted 1513 
benson 1421 
bentonville 1529 
benz 1509 
berger 1514 1533 
berkley 1393 
bfi 1496 
bid 1365 1371 1376 1388 1412 1507 
big 1408 
bill 1393 1398 1406 1413 
billio 1453 
billion 1362 1369 1370 1408 1409 1416 1421 1423 1433 1439 1443 1445 1453 1456 1459 1466 1469 1472 1474 1478 1482 1487 1498 1507 1513 1529 
billion-dollar 1370 
bills 1443 
bits 1426 
blacks 1429 
blah 1368 1411 1435 1436 1437 1454 1458 1462 1487 1508 1514 1517 1521 1530 
blamed 1482 1516 
block 1376 
blocked 1412 
blocking 1412 
bls 1434 
blue-chip 1397 
blueprint 1416 
bluntest 1482 1516 
bn 1402 
board 1359 1365 1371 1377 1388 1398 1405 1407 1408 1419 1421 1440 1498 1509 1521 1535 
bond 1424 1474 1475 1487 1513 
bonds 1383 1424 1513 
bonn 1515 
bonus 1408 1427 
bonuses 1427 
boom 1535 
boost 1380 1408 1444 
boosting 1478 
boot 1480 
borden 1402 
borrow 1408 
borrower 1421 
borrowing 1453 1472 
boston 1431 1479 
bought 1392 1394 1513 
bound 1439 1535 
bowes 1431 
branch 1498 
branches 1498 
brascan 1381 
brazil 1361 1388 1472 
brazilian 1361 1388 
breadth 1413 
break 1414 
breakeven 1377 
breaking 1380 
briefed 1416 
bring 1413 
brings 1457 
brink 1482 1516 
britain 1430 
british 1389 1428 1430 1441 1456 
british-based 1358 
brnf 1488 
brnf-liquidating-tru 1488 
broadcast 1397 
broadcasting 1441 1464 
broker 1513 
brokerage 1477 1512 
brokers 1397 
brothers 1383 
brought 1362 
browning-ferris 1496 
brs.a 1381 
brussels 1439 1482 1516 1520 
buccaneers 1477 
budge 1442 
budget 1362 1369 1478 
budgetary 1482 1516 
buff 1497 
buffton 1497 
build 1455 
buildings 1511 
built 1455 
bullish 1513 
bureau 1377 1413 
burnham 1408 1415 1463 1518 
burning 1477 
burns 1502 
bushel 1369 
business 1374 1376 1414 1421 1429 1491 1498 1499 1501 1502 1506 
businesses 1380 1501 1506 
businessmen 1478 
butter 1439 
buy 1358 1376 1385 1403 1408 1415 1450 1479 1480 1506 1511 1535 
buyback 1408 
buyer 1535 
buyers 1427 
buying 1389 1408 1513 1535 
buyout 1408 
buys 1394 1480 1497 1512 
bwb 1388 
c.t.c 1412 
cabinet 1470 
cabinet-level 1392 
cable 1397 1464 
cablesystems 1464 
cal 1408 
calculated 1369 1377 1445 
caldwell 1452 
calgary 1384 1390 
calif 1432 
calif. 1375 1415 1426 1432 1446 1447 1522 
california 1447 1486 
callable 1424 
called 1380 1402 1416 1419 1476 1477 1490 1504 
calls 1408 1418 1422 1424 1478 
calming 1408 
calorie-conscious 1372 
cam 1471 
camco 1471 
campaign 1397 1407 1440 
canada 1364 1367 1381 1384 1390 1404 1412 1428 1456 1464 1480 1499 1505 1524 1525 1526 1532 
canadian 1390 1412 1464 1480 1505 
canned 1361 
capital 1390 1400 1408 1421 1442 1459 1501 1505 
cappy 1455 
capture 1388 
car 1430 1444 1455 1481 1517 1530 
caracas 1472 
carcass 1372 1393 1398 1407 
care 1407 1490 
carefully 1392 
carolina 1486 
carruthers 1501 
carry 1416 1442 
carry-in 1361 
cars 1455 1481 
cas 1434 
case 1370 
casey 1413 
cash 1360 1369 1370 1379 1380 1408 1425 1427 1466 1482 1485 1497 1507 1516 1534 
cash/certs 1369 
castle 1445 1502 
casualty 1366 
categories 1459 
caused 1361 1502 
cboe 1365 1371 
cbt 1405 
cedar 1366 
cefadroxil 1391 
celanese 1509 
celgar 1456 
center 1432 1490 
centers 1490 
centigrade 1444 
central 1413 1416 1426 1501 
centres 1472 
cents 1369 
cereals 1439 
certificate 1443 
certificates 1369 1443 1488 
cfas 1480 
cfmi 1506 
chain 1506 
chairman 1362 1370 1380 1397 1398 1408 1476 1477 1502 1509 
challenging 1408 
champion 1477 
change 1366 1372 1449 1482 1499 1516 1525 
changed 1376 
changing 1408 1491 
characterised 1482 1516 
charge 1362 1438 1449 1456 1466 
charges 1466 
charlotte 1383 
chauvco 1384 
chauvco-resources-lt 1384 
checkoff 1398 1407 
chemical 1429 1444 1466 1493 1509 
chemicals 1429 1535 
chemistry 1528 
chernobyl 1522 
chicago 1365 1371 1374 1378 1393 1394 1395 1396 1398 1405 1407 1409 1434 1468 
chief 1502 1509 
chile 1472 
chilled 1407 
china 1377 1385 
chinese 1385 
choice 1372 
choose 1421 1427 
chrysler 1408 1455 
cia 1411 1413 
cie 1380 
circumstances 1405 1456 
cites 1388 
citibank 1472 
city 1360 1410 1419 1490 
cke 1445 1502 
clarke 1509 
class 1408 1438 1534 
clause 1376 
cleaning 1489 
clear 1519 
cleared 1451 1466 
clients 1408 
clinical 1528 
clone 1535 
clones 1535 
close 1466 1482 1516 1533 
closed 1380 1408 1498 
closing 1390 1408 1466 1506 
club 1490 
cml 1460 
cmli 1460 
cnvlz 1360 
co-chairman 1421 
co-managed 1431 
co-manager 1531 
co. 1408 
coal 1456 
code 1421 
cold 1361 
collected 1398 1407 
collection 1398 
colman 1450 1531 
colombo 1535 
colonial 1490 
columbia 1428 1456 
combine 1512 
combined 1474 1475 
coming 1408 1439 
command 1410 
comment 1535 
commerce 1392 1459 1499 
commercial 1363 1382 1405 1498 1515 
commercials 1397 
commerical 1422 
commission 1412 1415 1416 1439 1477 1482 1485 1498 1501 1516 1518 1520 1531 
commissioner 1439 
commitment 1456 
commitments 1385 1388 1449 1455 
committed 1387 
committee 1362 1392 1406 1472 1477 
commodities 1369 1405 
commodity 1369 
common 1359 1366 1373 1376 1390 1403 1408 1463 1473 1479 1485 1497 1500 1501 1526 1534 
communicate 1397 
communications 1380 
communique 1410 1519 
community 1388 1439 1440 1478 1482 1516 
commuter 1389 
company 1359 1366 1370 1374 1376 1380 1381 1389 1391 1401 1402 1403 1414 1415 1418 1419 1423 1426 1427 1429 1430 1434 1444 1447 1450 1451 1455 1456 1463 1464 1466 1473 1485 1489 1490 1491 1497 1499 1500 1501 1502 1505 1509 1518 1522 1531 1534 1535 
company's 1408 1456 1501 
comparable 1383 1417 1431 1481 1513 
compared 1414 1459 1466 1478 1502 
compares 1457 1472 
compensation 1439 
competition 1362 1397 1399 1439 1478 
competitive 1397 1414 1453 
competitively 1414 
competitor 1399 
complete 1477 1499 
completed 1421 1466 1495 1497 
completely 1490 
completing 1429 
completion 1391 1456 
compliance 1369 1398 
composite 1408 1418 
comprise 1474 
compromise 1476 
compugraphic 1422 
computer 1491 1497 1499 1504 1505 
computerized 1409 1432 
computing 1366 
concentrate 1478 
concentrated 1361 1459 
concept 1501 
concern 1392 1499 
concerned 1414 1421 1477 1499 
concerted 1387 
concession 1474 1475 
concessionary 1442 
concluded 1380 
conditions 1519 
conduct 1421 
conference 1387 1389 1414 1421 1439 1443 1476 1498 
conferred 1513 
confidence 1380 
confines 1408 
confirmed 1385 
congress 1393 1398 1406 1416 1477 
congressional 1362 
congressman 1393 
conn. 1418 1461 1470 1492 1511 
connection 1485 
conrad 1376 
consequence 1361 
conservation 1369 1406 
considerable 1441 1482 1516 
considerably 1398 
considered 1472 1501 
considers 1361 
consist 1390 
consists 1380 1397 
consolidating 1442 
constraints 1376 
constructive 1408 
consumer 1407 1478 
consumers 1372 
consumption 1388 
container 1502 
contend 1376 
context 1478 
continue 1407 1422 1429 1434 1477 1498 1501 
continued 1379 1428 1498 
continues 1414 
continuing 1361 1388 1499 1513 
continuously 1444 
contract 1379 1418 1421 1455 1458 1489 1495 1510 
contracting 1414 
contractors 1414 
contracts 1414 1421 1427 1495 1535 
contras 1416 
contrast 1388 
contribute 1388 
contributed 1466 1498 
control 1369 1376 1438 1499 
controlling 1358 1535 
controls 1393 
convened 1501 
convenience 1506 
convenient 1506 
convention 1393 1398 
convergence 1421 
conversion 1424 1434 1504 
convertible 1390 1403 1415 1424 1473 1485 1518 1531 1534 
convertibles 1518 
convincing 1478 
cooke 1445 1502 
cooperate 1370 1501 
cooperation 1478 
corbin 1470 
corenes 1535 
corn 1369 1385 1395 1399 1405 
corporate 1422 1477 1511 1518 1531 
corporation 1376 1441 
corporations 1409 
correct 1376 
cos 1433 1466 
cost 1358 1408 1414 1453 1490 1491 1501 
costing 1416 
costs 1366 1421 1456 1491 
cotton 1405 
council 1392 1393 1407 1499 1519 1533 
counter-productive 1362 
countermeasure 1495 
counterparties 1421 
countries 1387 1407 1421 1478 1499 1520 
country 1489 
county 1490 
coupled 1361 
couplings 1418 
coupon 1417 1424 1431 1473 1474 
court 1370 1376 1412 
cover 1377 1450 1479 
covering 1485 1518 1531 1534 
cp 1422 
cpu 1422 
creating 1501 
credit 1408 1431 1456 1472 1486 1498 1505 1528 
creditbank 1474 
creditors 1472 
credits 1515 
crepe 1535 
crime 1438 
crime-control-inc 1438 
crisis 1482 1516 1535 
criteria 1439 
critical 1399 1501 
criticism 1408 
crop 1369 1377 1399 1405 1406 
crops 1377 1406 
cross 1421 
cross-compliance 1405 
crude 1387 1521 
ct 1364 
ctc 1412 
cumulative 1401 1403 1449 1465 
cupertino 1446 
curb 1387 
curbing 1387 
curbs 1477 
currency 1421 1439 1440 1442 1482 
current 1365 1371 1372 1377 1385 1388 1406 1409 1421 1427 1440 1449 1453 1466 1525 1528 
cushion 1421 
customer 1427 1491 1501 1503 1512 
customers 1379 1427 1491 1501 
cut 1362 1453 1456 1476 1533 
cuts 1372 1439 1456 1478 
cutting 1385 1520 
cypr 1450 
cypress 1450 
czarnikow 1519 
d'electricite 1380 
d-neb 1406 
daily 1502 
dairy 1439 
daiwa 1474 
damages 1370 
dan 1362 
data 1409 1426 1445 1510 
datacomm 1511 
dated 1482 1516 
david 1408 1477 1502 
day 1387 1413 1472 1476 1513 
days 1481 1534 
dbrn 1461 
de 1491 
deacon 1390 
deal 1392 1405 1431 1439 1511 
dealer 1412 1427 
dealers 1390 1398 1412 1421 1487 1513 
dear 1513 
debated 1393 
debating 1482 1516 
debenture 1390 
debentures 1400 1402 1415 1473 1485 1518 1531 
debt 1358 1383 1400 1415 1421 1443 1453 1456 1463 1472 1473 1485 1486 1507 1511 1515 1531 
debts 1453 
dec 1404 1491 1528 1532 
december 1383 1414 1439 1459 1485 1492 1525 1535 
decide 1393 
decided 1535 
deciding 1408 
decision 1361 1434 1472 
decisions 1482 1516 1535 
declared 1359 1360 1456 1488 
decline 1377 1388 1414 1459 1478 
declined 1380 1389 1480 1535 
declines 1361 1387 1459 
declining 1424 
decrease 1408 1459 1501 
deducted 1377 
deducting 1445 
deductions 1377 
default 1505 
defence 1454 
defense 1380 1392 1414 1458 1459 1495 
defer 1513 
deferred 1366 1442 1466 
deficiency 1369 1405 
deficit 1362 1369 1453 1499 
deficits 1499 
del. 1488 
delaware 1447 
delayed 1472 
delegates 1393 
deleterious 1522 
delivered 1427 
delivery 1388 1519 
demand 1361 1387 1388 1444 1453 1478 1513 
demands 1476 
democracies 1416 
democrat 1362 
democratic-controlled 1416 
democrats 1416 
demonstrates 1370 
den 1474 
denmark 1440 
denominations 1424 1474 1475 
department 1361 1369 1372 1377 1385 1388 1399 1459 1493 
departments 1392 
depend 1456 
depending 1427 
deposit 1456 
depressed 1502 1535 
depressions 1533 
depth 1413 
deputy 1413 1514 1533 
deregulation 1478 
describe 1397 
design 1489 
designated 1513 
designed 1430 1491 1520 1522 
designs 1497 
desktop 1504 
destinations 1385 
detailed 1439 1501 
details 1439 1440 1468 1476 1480 1491 
determine 1376 
determined 1391 
devalued 1533 
develop 1386 1418 
developed 1416 1421 1444 
developing 1478 
development 1360 1386 1399 1407 1414 1422 1442 1472 1478 1495 1535 
develops 1444 
devtek 1524 
dexleigh 1404 
dexleigh-corp 1404 
died 1376 
dieter 1509 
difference 1369 
difficult 1380 1418 
difficulty 1439 
digital 1491 
dimitris 1453 
dipped 1453 
dirctor 1413 
direct 1439 
director 1387 1411 1413 1472 
director-general 1478 
directors 1370 1373 1408 1447 
disappointing 1414 
disclose 1370 
disclosed 1432 
discontinued 1433 1445 1466 
discount 1443 1491 1512 
discounted 1443 
discovered 1535 
discretionary 1407 
discuss 1362 1535 
discussed 1392 
discussion 1499 
discussions 1439 
disease 1535 
disguise 1482 
disks 1491 
dismal 1405 
display 1497 
dispose 1439 
disposed 1535 
disposition 1456 
dispute 1370 1379 
distortion 1439 
distribute 1422 
distributed 1491 
distribution 1360 1379 1398 1422 1488 1498 1501 1506 
distributions 1379 1488 
div 1359 1363 1378 1382 1420 1471 1483 1496 
diversification 1443 
diversified 1380 1397 1502 
diversify 1409 
divestment 1509 
dividend 1359 1363 1401 1445 1456 1483 1488 1492 1498 
dividends 1401 1456 1465 
division 1427 1495 
divisions 1380 
dlr 1369 1370 1387 1390 1397 1401 1412 1416 1421 1424 1456 1465 1468 1475 1485 1501 1507 1514 1518 1521 1528 1531 1533 
dlrs/bbl 1521 
dnc 1474 
documentation 1421 1456 
documents 1504 
dollar 1514 1533 
dom 1519 
domestic 1388 1391 1453 1478 1513 
domingo 1519 
dominican 1519 
dominican-republic 1519 
donald 1414 
dormann 1509 
dosage 1522 
double 1478 
doubled 1426 
doubling 1480 
dow 1429 1493 
downgrade 1358 
downtown 1374 
drawings 1409 
drch 1510 
dress 1461 
drew 1509 
drexel 1408 1415 1463 1518 
drive 1374 1439 1478 
driving 1388 
drop 1377 1459 1478 1514 1533 
dropped 1481 1533 
drops 1533 
droughts 1399 
drug 1391 1432 1467 
due 1366 1380 1383 1385 1402 1405 1414 1415 1417 1424 1431 1453 1473 1474 1475 1482 1485 1487 1513 1515 1516 1518 1531 1534 
durable 1459 
durables 1459 
dynastar 1480 
e.f. 1408 
ea 1489 
eaco 1489 
eager 1397 
eagle 1495 
earlier 1361 1373 1399 1414 1440 1456 1491 1502 
early 1387 1414 1439 1453 1456 1472 1503 1535 
earmarked 1439 
earn 1359 1360 1363 1364 1366 1367 1375 1378 1379 1381 1382 1384 1391 1404 1414 1420 1428 1433 1434 1435 1438 1445 1446 1449 1452 1456 1460 1461 1466 1467 1469 1471 1483 1488 1492 1494 1496 1498 1502 1508 1524 1525 1526 1527 1528 1529 1532 
earned 1442 
earnings 1380 1414 1445 1466 1498 1502 
eased 1498 
easier 1405 1491 1520 
east 1410 1535 
eastern 1470 
eberhard-rainer 1498 
ec 1388 1436 1439 1440 1478 1482 1516 1520 
economic 1392 1416 1442 1477 1478 1533 
economics 1377 1393 
economists 1503 
economy 1416 1442 1453 1477 1478 
ecu 1439 
ecus 1436 1439 1440 1482 
edge 1392 
educating 1407 
education 1407 
educational 1429 
edward 1406 
edwards 1479 
effecive 1491 
effect 1366 1449 
effective 1427 1443 1491 1493 1534 
effectiveness 1491 
effects 1408 1522 
efficient 1421 
effort 1370 1376 1387 1421 1455 
efforts 1478 
egypt 1377 
eight-year 1468 
el 1472 
elaborate 1391 
electric 1417 1486 1501 
electrical 1459 
electro-nucleonics 1528 
electronic 1510 
electronics 1409 1414 
element 1513 
eligible 1369 
eliminated 1456 
elkas 1502 
elliott 1416 
emerged 1482 
emh 1470 
emhart 1470 
eml 1470 
employees 1374 1408 
employers 1476 1477 
enable 1439 
enabled 1513 
encourage 1520 
encouraging 1407 
end 1373 1380 1391 1408 1472 1482 1525 
end-1985 1453 
end-1986 1453 
end-july 1440 
ended 1391 1414 1502 
endorse 1362 
ends 1472 
energy 1379 1494 1501 
engine 1497 
engineering 1387 1447 1476 1489 1493 
engineers 1476 
engines 1444 
england 1421 1457 1513 
enhanced 1513 
enhances 1426 
enhancing 1414 
enter 1503 
entered 1386 1422 
enterprise 1491 
entire 1369 1376 1476 
entities 1501 
entitled 1376 
entity 1501 
entry 1397 
enuc 1528 
equal 1419 
equaled 1370 
equipment 1459 1470 1480 1491 1495 1502 
equipped 1427 
equity 1358 1412 
ernest 1509 
erodible 1406 
erosion 1406 
establish 1388 
established 1369 1427 
estate 1358 1502 
estates 1535 
estimate 1421 
estimated 1369 1377 1399 1405 1459 1482 1535 
eurobond 1358 1421 1424 1474 1475 
eurobonds 1358 
europe 1474 1478 1522 
european 1380 1388 1397 1430 1439 1440 1478 1482 1516 
europeaon 1397 
evaluated 1501 
evaluating 1501 
eventual 1388 1416 
eventually 1392 1421 
exceed 1439 
exceeded 1453 
exceeding 1391 
exceeds 1510 
excess 1376 1535 
exchange 1362 1365 1371 1397 1409 1415 1419 1422 1451 1477 1485 1499 1518 1531 1533 1534 
exchangeable 1390 1456 
exchequer 1513 
exclude 1367 
excludes 1364 1428 1449 
excluding 1454 1459 
exclusive 1422 
executive 1482 1502 1509 1516 1520 
executives 1477 
exempt 1406 1442 
exemptions 1406 
exercisable 1386 
exhausted 1487 1513 
exist 1358 
existence 1484 
existing 1513 
expand 1388 1407 1510 1512 
expanding 1490 
expansion 1501 1507 
expect 1414 1503 
expectations 1464 
expected 1361 1387 1390 1397 1398 1406 1419 1421 1434 1440 1451 1456 1495 1503 1506 
expecting 1409 
expects 1388 1408 1434 1501 
expenditure 1482 
expense 1421 
expensive 1513 
experience 1413 
expire 1427 1534 
explain 1472 
explained 1376 1501 1513 
explains 1416 
export 1377 1385 1388 1394 1395 1396 1399 1407 1440 1478 1499 1533 
exportable 1399 
exporters 1478 
exporting 1387 
exports 1361 1377 1399 1453 1478 
exposed 1522 
exposure 1456 1498 1522 
expressed 1392 1416 1499 
extend 1397 1491 
extendable 1456 
extended 1412 
extends 1412 
extra 1453 
extraordinary 1364 1367 1375 1428 1456 
f-15 1495 
f0006 1358 
f0007 1359 
f0008 1360 
f0015 1361 
f0016 1362 
f0017 1363 
f0020 1364 
f0021 1365 
f0030 1366 
f0036 1367 
f0037 1368 
f0042 1369 
f0044 1370 
f0048 1371 
f0050 1372 
f0053 1373 
f0054 1374 
f0058 1375 
f0063 1376 
f0065 1377 
f0066 1378 
f0068 1379 
f0072 1380 
f0086 1381 
f0087 1382 
f0088 1383 
f0094 1384 
f0095 1385 
f0098 1386 
f0104 1387 
f0106 1388 
f0117 1389 
f0120 1390 
f0126 1391 
f0133 1392 
f0139 1393 
f0141 1394 
f0142 1395 1417 
f0143 1418 
f0145 1396 1419 
f0146 1397 1420 
f0147 1421 
f0148 1422 
f0149 1423 
f0150 1398 
f0151 1399 
f0157 1400 
f0158 1401 
f0159 1402 
f0160 1403 1424 
f0161 1404 
f0163 1425 
f0164 1405 1426 
f0167 1406 
f0168 1407 
f0170 1408 
f0172 1427 
f0173 1409 1428 
f0175 1410 
f0176 1411 1429 
f0185 1412 
f0186 1413 
f0188 1414 
f0196 1415 
f0197 1416 
f0201 1430 
f0202 1431 
f0203 1432 
f0204 1433 
f0206 1434 
f0212 1435 
f0225 1436 
f0227 1437 
f0228 1438 
f0229 1439 
f0234 1440 
f0235 1441 
f0237 1442 
f0241 1443 
f0242 1444 
f0244 1445 
f0248 1446 
f0249 1447 
f0251 1448 
f0253 1449 
f0255 1450 
f0256 1451 
f0257 1452 
f0267 1453 
f0268 1454 
f0279 1455 
f0285 1456 
f0286 1457 
f0293 1458 
f0298 1459 
f0300 1460 
f0302 1461 
f0305 1462 
f0319 1463 
f0321 1464 
f0323 1465 
f0325 1466 
f0326 1467 
f0329 1468 
f0331 1469 
f0337 1470 
f0340 1471 
f0342 1472 
f0353 1473 
f0354 1474 
f0359 1475 
f0362 1476 
f0367 1477 
f0369 1478 
f0394 1479 
f0395 1480 
f0403 1481 
f0404 1482 
f0410 1483 
f0414 1484 
f0418 1485 
f0419 1486 
f0421 1487 
f0422 1488 
f0424 1489 
f0425 1490 
f0427 1491 
f0430 1492 
f0431 1493 
f0432 1494 
f0434 1495 
f0435 1496 
f0436 1497 
f0441 1498 
f0457 1499 
f0463 1500 
f0474 1501 
f0477 1502 
f0482 1503 
f0486 1504 
f0489 1505 
f0492 1506 
f0493 1507 
f0494 1508 
f0498 1509 
f0499 1510 
f0500 1511 
f0509 1512 
f0516 1513 
f0517 1514 
f0519 1515 
f0521 1516 
f0523 1517 
f0525 1518 
f0537 1519 
f0547 1520 
f0557 1521 
f0561 1522 
f0562 1523 
f0565 1524 
f0566 1525 
f0569 1526 
f0570 1527 
f0571 1528 
f0573 1529 
f0574 1530 
f0575 1531 
f0579 1532 
f0589 1533 
f0593 1534 
f0603 1535 
face 1402 1415 
faced 1413 1482 1516 
faces 1397 
facilities 1511 
facility 1456 1511 
facing 1399 
fact 1370 
factor 1423 
factors 1535 
factory 1454 1459 
fad 1478 
failed 1416 
fairchild 1392 1499 
fairfield 1528 
fairly 1453 
fairs 1478 
faith 1370 
fall 1377 1408 1459 1498 
fallen 1453 1515 
falling 1453 1459 
falloff 1408 
family 1376 
farm 1398 1406 1439 
farmer 1377 
farmers 1369 1377 1405 1406 1439 
fashion 1478 
fat 1372 
favor 1477 
favourable 1439 
fbc 1479 
fbi 1411 1413 
fcoj 1361 
feasibility 1489 
feature 1501 
features 1504 
feb 1448 
february 1361 1365 1371 1386 1401 1423 1430 1448 1459 1462 1464 1481 1484 1517 1523 1530 1535 
fed 1503 
federal 1362 1376 1406 1413 1421 1425 1501 1503 
federally 1501 
federation 1407 
fee 1468 
feel 1408 1499 
fees 1424 1474 
feet 1426 
feizal 1535 
fell 1387 1454 1459 1466 1481 1535 
felt 1392 
ferc 1501 
fg 1483 
fiber 1509 
fibers 1509 
fictitiously 1482 
field 1386 1421 
fight 1416 
fighter 1495 
fighting 1416 
figure 1376 
figures 1453 1459 
file 1501 
filed 1415 1485 1518 1531 
filled 1423 
final 1361 1367 1380 1416 1455 
finance 1415 1427 1442 1474 1478 1498 1515 
financed 1358 1482 1516 
finances 1472 1482 1516 
financial 1362 1380 1397 1472 1477 1480 1498 1509 1512 
financing 1421 1456 1472 1482 1505 1511 1516 
finished 1459 
fire 1366 1410 
firestorm 1408 
firm 1358 1361 1444 1512 1513 
firmer 1498 
firms 1477 
fiscal 1434 1478 1525 
fish 1410 
fitzwater 1413 
five-year 1431 
fixed 1424 
fixed-rate 1421 1443 
fla 1359 1382 
fla. 1434 
flat 1414 1468 
flbk 1363 1382 
flexi-van 1445 1502 
floating 1421 
floating-rate 1485 
florida 1359 1361 1363 1382 1486 
flow 1370 1408 1507 
fluctuating 1456 
fob 1388 
focus 1414 
focuses 1397 
follow 1455 
fonts 1504 
food 1372 1391 1407 1502 1506 
force 1458 1489 1495 1501 1520 
forced 1379 1434 1439 
ford 1408 1530 
forecast 1385 1388 1440 1453 1457 
foreign 1362 1453 1468 1472 1478 1482 1498 1513 1516 
foresees 1434 
form 1419 1421 
forma 1507 
formal 1456 
formation 1419 
formed 1509 
fort 1484 1497 
forward 1380 1414 1535 
fotra 1513 
found 1380 
foundation 1376 
foundations 1376 
four-year 1478 1489 
fourth 1367 1391 1438 1445 1456 1466 1502 
fput 1359 
framework 1443 
france 1480 
francisco 1402 
francs 1480 
frankfurt 1476 1498 
frans 1439 
franz 1476 
free 1499 1513 
freeing 1376 
freeport-mcmoran 1466 
freight 1377 
french 1480 
freres 1485 
fresh 1361 1410 
fresno 1375 
friday 1365 1371 1405 
front 1441 
frontline 1495 
frozen 1361 
fruit 1361 
fuel 1387 1520 
fujitsu 1392 1499 
full 1366 1439 1456 1491 1495 
full-funding 1416 
full-year 1367 
fully 1501 1513 
func 1383 
functionality 1491 
fund 1400 1402 1442 1478 1507 
funding 1407 
funds 1398 1407 1453 1456 1503 
fungus 1535 
future 1379 1397 1443 1456 1466 1477 1501 
futures 1405 
gain 1364 
gains 1361 1366 1410 1456 1513 
gamble 1405 
game 1477 
gap 1408 
garrey 1501 
gas 1379 1387 1456 1466 1501 1520 
gasoline 1520 
gates 1413 
gdb 1360 
gdc 1511 
ge 1417 1486 
gearing 1513 
gemico 1486 
geneen 1380 
general 1360 1373 1405 1408 1417 1427 1486 1501 1511 1513 1518 1531 
generale 1380 
generally 1491 
generated 1513 
generation 1501 
generic 1369 1391 
genetics 1449 
geonex 1434 
george 1502 
geox 1434 
german 1476 1498 
germans 1533 
germany 1440 1515 
getty 1370 
giant 1499 
giovanni 1443 
girozentrale 1475 
give 1439 1453 1480 
giving 1392 
glantz 1408 
glass 1507 
gm 1368 1373 1408 1427 
gme 1408 
gmh 1408 
gmp 1377 
goals 1501 
gold 1442 
goldman 1403 1431 
good 1370 1372 1398 
goods 1392 1459 1478 1533 
gordon 1390 
goria 1443 
gov 1501 
government 1377 1388 1392 1405 1406 1414 1416 1422 1443 1472 1478 1503 1513 
governments 1482 1516 
governor 1453 1455 1501 
grade 1372 1520 
grades 1372 1493 
grain 1369 1377 1388 1395 1396 1399 1405 1406 
grains 1377 1388 1399 1405 
gramm-rudman 1369 
grant 1478 
granted 1403 1450 1479 
graphics 1422 1504 1505 
grasses 1406 
great 1430 
greater 1388 
greatest 1414 
greece 1453 
greek 1453 
greenwood 1490 
grew 1423 
groceries 1506 
gross 1478 
group 1387 1412 1423 1427 1429 1430 1447 1450 1460 1480 1498 1499 1509 
groups 1535 
grow 1405 
grower 1361 
growing 1478 
growth 1442 1466 
gtx 1409 
guaranteed 1377 1388 1474 
guarantees 1405 
gulf 1394 1395 1410 1441 
gunship 1410 
h. 1408 
hails 1439 
haj 1441 
half 1430 1460 1461 1528 
halikias 1453 
hamburg 1498 
hamburgische 1475 
handle 1405 1408 
handling 1377 
happen 1387 
hard-pressed 1439 
hardware 1416 1491 
harold 1380 
harry 1509 
hazardous 1489 
hcsb 1419 
head 1411 1413 
headed 1416 
heading 1414 
headquartered 1497 
headquarters 1374 
health 1372 1407 1429 1490 1506 
healthcorp 1490 
healthy 1507 
healy 1408 
hearing 1477 
heat 1399 
heat-resisting 1444 
heavily 1443 
heavy 1410 
hectares 1535 
held 1359 1419 1439 1472 
helicopter 1410 
hendersonville 1425 
henry 1416 
hewlett-packard 1504 
hicksville 1527 
high 1365 1371 1385 1409 1410 1477 1491 1535 
high-interest 1415 
high-technology 1392 
higher 1361 1369 1434 1442 1456 1498 
highly 1406 
hill 1490 
hilton 1376 
hinting 1408 
history 1380 
hit 1502 1535 
hits 1535 
hlt 1376 
hmc 1430 
hoc 1501 
hoechst 1509 
hoechts 1509 
hokkaido 1424 
hold 1362 1376 1387 1389 1408 1412 1421 1476 
holders 1359 1379 1488 
holding 1381 1419 1466 1501 1502 
holdings 1376 1412 1433 1534 
home 1419 1464 1478 1490 
honda 1430 
honor 1455 
hoped 1472 
hopeful 1499 
horizon 1455 
hostile 1477 
hotels 1376 1380 
hours 1397 1408 1439 1476 
house 1362 1411 1413 1416 
households 1464 
houston 1370 1379 1387 1401 1465 1471 1494 1496 1500 
hu 1442 
hugh 1370 
hurt 1434 1439 
hurting 1477 
hutton 1408 
iair 1534 
ibm 1504 
identical 1370 
identify 1500 
ig 1476 
ill 1506 
ill. 1455 1495 
illegally 1370 
illinois 1362 1398 
image 1372 
imi 1415 
immediately 1427 1468 1519 
immune 1522 
immunol-rd 1522 
impact 1414 1482 1491 
implied 1370 
import 1388 1399 
important 1380 1414 
imports 1361 1399 1453 
impose 1362 1520 
imposed 1376 1442 
imposing 1520 
improve 1439 1498 
improved 1361 1466 1535 
improvement 1414 1499 
improvements 1535 
improves 1439 
inc. 1433 
incentive 1427 
incentives 1427 1442 
include 1366 1412 1424 1466 1501 1518 
included 1363 1456 1491 1495 
includes 1366 1375 1397 1422 1433 1438 1445 1449 1491 1504 1528 
including 1362 1424 1465 1491 1498 1499 1513 
income 1362 1366 1380 1408 1439 1442 1466 1498 
incorporated 1447 
incorrectly 1370 
increase 1362 1380 1385 1405 1407 1448 1459 1476 1493 
increased 1380 1399 1456 1463 1473 1491 1498 1502 
increases 1387 1491 1493 
increasing 1388 1414 1444 1459 
increasingly 1362 
incurred 1485 
ind. 1438 
indebtedness 1518 
indefinite 1408 
indemnification 1447 
independent 1501 1534 
index 1397 
indexed 1443 
indianapolis 1393 1398 1438 
indications 1399 
indirectly 1503 
individual 1397 
individuals 1522 
industrial 1380 1387 1414 1429 1478 1500 
industries 1400 1452 1496 1507 1511 1518 1525 
industruments 1497 
industry 1362 1392 1407 1409 1459 1476 1491 1499 1535 
infe 1478 
inflation 1514 1533 
influenced 1498 
information 1432 
initial 1473 
initially 1513 
initiative 1501 
initiatives 1491 
injury 1361 
innovation 1414 
instalink460 1426 
installation 1489 1510 
installations 1489 
installs 1432 
instalments 1468 
institute 1478 1535 
instituted 1491 
instituting 1491 
institutional 1397 1408 
institutions 1421 1443 
instrumentation 1497 
instruments 1497 
insufficient 1377 
insurance 1380 1486 
integrated 1491 
intelligence 1413 
intend 1501 
intends 1416 
intensive 1439 
intent 1425 
interbank 1468 1472 
intercompany 1380 
interest 1358 1370 1380 1402 1405 1421 1427 1442 1453 1472 1498 1503 1513 1515 1533 1534 
interested 1370 1507 
interests 1370 1429 1456 
interfered 1370 
interfuel 1387 
intergrating 1422 
intermark 1415 
internal 1376 1495 1507 
international 1362 1386 1397 1414 1421 1424 1446 1453 1474 1477 1478 1532 
interst 1427 
intervention 1436 1440 
interview 1472 
introduced 1442 
introducing 1491 
inventories 1459 
inventory 1470 1528 
invested 1409 
investigate 1501 
investigation 1413 
investing 1360 1477 
investment 1390 1397 1409 1428 1456 1477 
investments 1443 
investors 1362 1383 1397 1400 1408 1429 1443 1486 1513 
invests 1409 
inviting 1408 
involved 1389 1506 
involving 1424 
iowa 1366 1393 
iran 1410 1416 1441 
iran-contra 1413 1416 
iranian 1410 
iraq 1410 1441 
irate 1408 
iron 1472 
irriated 1408 
irs 1376 
irvine 1522 
irving 1523 
isda 1421 
issuance 1366 
issue 1362 1383 1417 1431 1443 1473 1477 1485 1487 1499 1513 1518 1531 
issued 1369 1477 
issuer 1421 
issuers 1421 
issues 1358 1362 1380 1408 1421 1424 1443 1474 1475 1499 
issuing 1424 1474 1475 
italian 1443 
italy 1443 1478 
itel 1502 
items 1361 1367 1456 
itt 1380 
j. 1370 
jacobs 1447 
jaime 1472 
james 1392 
jan 1454 1460 1461 1467 1492 1524 1527 1529 
janatha 1535 
january 1398 1455 1459 1464 1466 1488 1502 
japan 1385 1392 1399 1407 1409 1424 1444 1499 1513 
japanese 1385 1409 1499 1533 
japanese-made 1392 
japsper 1421 
jasper 1421 
jec 1447 
jeep 1455 
jefferies 1368 1373 1408 
jersey 1498 
jet 1389 
jets 1389 
jetstream 1389 
jim 1362 
john 1387 
johnson 1490 
join 1418 
joint 1380 1421 1422 1430 
joints 1418 
jolla 1415 
jorge 1472 
joseph 1408 1455 
jr. 1397 
judgment 1370 
juergen 1509 
juice 1361 
july 1360 1380 1459 
july-june 1388 
june 1367 1395 1419 
jury 1370 
kaneb 1379 
kansas 1497 
keegan 1479 
kenneth 1421 
kep 1379 
kidder 1417 1463 1531 
kill 1535 
kills 1535 
kilo 1535 
kilos 1440 
kissinger 1416 
kleinwort 1421 
km 1410 
knew 1370 
korea 1385 1499 
korean/taiwan 1499 
l.p. 1386 
l/b 1475 
la 1415 
labor 1437 1455 1456 
laboratories 1391 
labs 1391 
lack 1385 1478 
lacking 1399 
lag 1478 
lake 1410 
lambert 1408 1415 1463 1518 
land 1405 1406 1439 1535 
landesbank 1475 
lanka 1535 
large 1376 1377 1408 1499 
largely 1358 
larger 1361 1443 
largest 1459 
lastly 1499 
late 1374 1376 1405 1457 1481 1517 1530 1535 
latest 1388 1457 
latin 1498 
launch 1443 1478 
launched 1441 
launches 1504 
launching 1397 1504 
law 1369 1376 1406 
lawrence 1490 
lawrenceburg 1490 
laws 1378 
lawson 1378 
lawsuit 1370 1438 
lawyers 1376 
layoff 1408 
layout 1504 
lazard 1485 
lead 1400 1417 1424 1431 1450 1455 1468 1474 1475 1485 1520 1531 
leaded 1520 
leaders 1362 1416 
leadership 1491 
leading 1377 
leads 1535 
leaf 1535 
leaner 1372 
lear 1507 
lear's 1507 
lease 1511 
leased 1502 
leasing 1502 
leave 1374 
leaves 1535 
leaving 1376 
led 1416 1479 
leftist 1416 
legislation 1362 
legislative 1398 
legumes 1406 
lehman 1383 
leland 1430 
lender 1456 
lenders 1456 
lesher 1393 
letter 1370 1425 
level 1362 1387 1421 1427 1434 1478 
levels 1361 1377 1408 1478 1522 
levitt 1397 
liabilities 1482 
liability 1421 
libor 1468 1472 
licences 1440 
licensees 1485 
licensing 1491 
liedtke 1370 
life 1417 1468 
lift 1405 
ligero 1478 
light 1418 
likelihood 1499 
limit 1414 1472 
limitations 1376 
limited 1405 1501 
line 1455 1466 1470 1505 
lines 1491 
link 1397 1416 
lions 1490 
liquidating 1360 1488 
liquor 1442 
lire 1443 
list 1491 
listed 1397 1424 1451 1474 1475 
listened 1393 
listing 1451 
livestock 1372 1377 1393 1398 1407 
load 1423 
loan 1369 1405 1425 1468 
loans 1478 1498 
local 1369 1397 1455 
located 1409 
location 1374 
lock 1470 
london 1421 1424 1440 1441 1457 1468 1472 1474 1475 1498 1513 
long 1408 1432 1456 1504 1519 
long-term 1414 1486 
longer 1443 1513 
los 1373 1376 1414 1445 1502 
lose 1406 
losing 1444 
loss 1366 1375 1391 1428 1433 1435 1438 1445 1446 1449 1456 1466 1469 1502 1528 
losses 1456 
lot 1405 
low 1377 1385 1405 1453 
low-yielding 1535 
lower 1379 1388 1453 1456 1466 1501 
lower-cost 1421 
lowered 1367 1472 
lowest 1377 1535 
loye 1509 
lp 1490 
luckey 1498 
lusinchi 1472 
luxembourg 1424 1474 1475 
luxury 1430 
lynch 1400 
machinery 1459 
made 1370 1409 1410 1414 1456 1463 1519 
madrid 1478 
magnitude 1408 
magnum 1493 
mailed 1370 
maintained 1421 
major 1379 1385 1388 1397 1414 1416 1439 1459 1472 1482 1495 1499 1513 1516 
majority 1416 
make 1370 1387 1392 1405 1408 1421 1425 1442 1453 1455 1491 1500 1507 
maker 1480 
makes 1409 
making 1362 1368 1373 1376 1402 1408 1455 1520 
malaysian 1535 
malcolm 1392 1499 
man-made 1410 
manageable 1472 
managed 1403 1415 
management 1370 1374 1414 1424 1442 1443 1456 1474 1475 1498 1509 
manager 1417 1424 1431 1473 1474 1475 1531 
managers 1468 
managing 1383 1387 
managua 1416 
mandated 1398 1416 1468 
mandatory 1393 
mankowski 1408 
manufactured 1459 
manufacturer 1480 
manufacturers 1459 
manufactures 1497 
marathon 1390 
marbling 1372 
marcano 1472 
margin 1464 1472 
margins 1498 1533 
marine 1512 
mark 1390 
marked 1408 
market 1368 1369 1373 1380 1387 1388 1391 1392 1397 1407 1408 1414 1421 1422 1430 1439 1442 1456 1457 1478 1499 1503 1513 1515 1519 1522 
marketing 1369 1407 1466 
marketplace 1397 1491 
markets 1362 1377 1388 1392 1398 1399 1400 1405 1422 1478 1533 
marks 1498 1515 
marlborough 1491 
marlin 1413 
mart 1506 
mass. 1422 1460 1491 1510 
matching 1407 
materials 1418 
matter 1370 
matters 1499 
mattress 1485 
maturity 1383 1431 1534 
maximum 1358 1369 1440 
mbc 1420 
mccormick 1421 
mcdonalds 1407 
mcrib 1407 
md. 1483 1489 
meadows 1495 
means 1362 1405 
meant 1416 1482 1513 1516 1535 
measure 1406 
measures 1439 
meat 1372 1407 
meats 1407 
mechanized 1434 
medical 1386 1432 
medium 1522 
meeting 1380 1408 1419 1526 1533 1535 
meetings 1408 
member 1362 1439 1464 1498 1509 1520 
members 1387 1442 1464 
membership 1365 1371 
memorial 1432 
memories 1491 
memory 1418 
memphis 1479 
mepc 1358 
merged 1498 
merger 1509 
merrill 1400 
merrimac 1452 
met 1362 1410 1535 
metall 1476 
metals 1418 1459 
method 1366 
methods 1439 
metropolitan 1425 
mexico 1501 
mftn 1425 
miami 1363 1382 1430 
mich. 1427 1429 1455 1467 1481 1493 
michaels 1523 
mickelberry 1420 
micom 1426 
micropolis 1531 
microwave 1444 
mics 1426 
mid-1987 1397 
mid-afternoon 1513 
mid-february 1476 
mid-range 1491 
middlebury 1511 
middleman 1421 
midland 1429 1493 1512 
midnight 1412 
midwest 1374 
miles 1410 1423 
military 1414 1416 
milk 1439 
millions 1362 
mills 1456 
mine 1456 
minimal 1491 1522 
minimum 1377 1421 1478 
mining 1428 1456 
minister 1442 1443 
ministerial 1439 
ministers 1439 1482 1516 1520 
ministry 1453 1515 
minn. 1449 
minneapolis 1469 
minnetonka 1449 
mirtone 1532 
mirtone-internationa 1532 
misuse 1414 
mix 1491 
mke 1523 
ml 1386 
mlis 1531 
mm 1512 
mmac 1452 
models 1491 
moderate 1507 
moderately 1361 
module 1432 
mogn 1449 
molecular 1449 
monday 1407 1472 1513 
monetary 1442 
money 1408 1457 
money-fx 1421 1457 1503 1514 1533 
monitored 1441 
montgomery 1408 
month 1370 1430 1444 1456 1459 1478 1481 1482 1501 1516 1535 
months 1369 1385 1405 1410 1423 1453 1520 1525 1535 
montreal 1367 
moody 1400 1417 1473 1486 
moody's 1383 1431 
mor 1479 
morgan 1387 1450 1479 
morning 1389 1513 
mortar 1410 
mortgage 1486 
morton 1374 
motor 1408 1430 
motors 1373 1408 1427 1437 1455 1517 
move 1374 1409 1520 
movement 1361 
moves 1466 1491 
moving 1414 
mr 1418 
mrmt 1418 
ms 1450 
mths 1375 1404 1446 1524 
mti 1374 
multi-currency 1468 
multilateral 1472 
multiplexor 1426 
multiyear 1406 
municipalities 1434 
murdock 1502 
murfreesboro 1490 
n't 1408 1499 
n. 1374 
n.c. 1383 
n.j. 1391 1452 1509 1528 
n.m. 1501 
n.v 1380 
n.y. 1419 1451 1527 
named 1485 1502 1509 1518 1531 
names 1509 
nasa 1418 
nasdaq 1451 
nashville 1425 
national 1369 1393 1398 1402 1407 1418 1490 
nations 1387 
nationwide 1362 1476 
natrional 1490 
natural 1380 1387 1466 
naugatuk 1470 
near-term 1414 
needed 1416 1501 
negatively 1434 
negotiating 1505 
negotiations 1439 1455 
nesbitt 1390 
net 1364 1366 1367 1375 1381 1384 1403 1404 1414 1433 1438 1445 1446 1449 1452 1460 1461 1466 1467 1469 1486 1491 1492 1494 1498 1502 1524 1525 1527 1528 1529 1532 
netherlands 1440 
network 1397 1464 1498 1511 
networked 1491 
news 1389 1439 1443 1498 
newspaper 1472 
nhc 1490 
nicaragua 1416 
nicaraguan 1416 
night 1441 
nippon 1409 
noc 1495 
nominated 1411 1413 
nominates 1413 
nomination 1413 
nomura 1424 
non-callable 1383 1417 1431 1473 1475 
non-defense 1459 
non-durables 1459 
non-electrical 1459 
non-operating 1374 
non-refundable 1400 
non-residents 1442 
non-utility 1501 
non-voting 1412 
noncitrus 1361 
normal 1405 
norske 1474 
north 1422 1456 1486 
north-west 1441 
northeastern 1512 
northern 1441 
northrop 1458 1495 
northwest 1395 1466 
northwestern 1374 
norwalk 1492 
notably 1439 
note 1363 1364 1366 1367 1375 1381 1428 1433 1438 1445 1449 1461 1492 1525 1528 1534 
noted 1361 1380 1409 1414 1472 1507 1513 
noteholder 1534 
notes 1383 1400 1415 1417 1431 1534 
notice 1520 
noting 1501 
november 1397 
nppc 1407 
nucelar 1522 
number 1380 1419 1520 
nursing 1490 
nutritional 1522 
nwa 1435 1469 
nyse 1362 1451 
nyse-listed 1408 
oat 1405 
oats 1405 
objecting 1472 
objections 1439 
obligation 1421 1520 
obligations 1449 
occasions 1535 
occidental 1463 
occurs 1421 
oct-sept 1385 1399 
october 1369 1402 1453 
oecd 1478 
offensive 1441 
offer 1358 1365 1371 1388 1412 1415 1479 1531 1534 
offered 1403 1450 1468 1472 1535 
offering 1366 1383 1400 1403 1415 1417 1431 1450 1463 1473 1479 1485 1518 1531 
offerings 1400 1485 
offers 1370 1403 1443 1504 
officer 1502 1509 
officers 1447 1509 
offices 1369 
official 1387 1393 
officials 1370 1392 1407 1535 
offset 1416 1456 1522 
offshore 1387 1442 
ohio 1485 1486 
oil 1370 1379 1387 1456 1521 
oilseed 1394 1405 
older 1439 1535 
oldham 1358 
omit 1379 
omni 1455 
omnibus 1505 
omran 1441 
omt 1485 
one-x 1535 
one-year 1491 
ongoing 1466 
ontario 1412 
ope 1387 
opec 1387 
opened 1490 1498 1503 
opening 1408 1498 
oper 1364 1367 1428 1449 
operate 1509 
operates 1506 
operating 1374 1380 1414 1456 1466 1484 1498 1502 1509 1513 
operation 1464 1501 
operations 1380 1433 1445 1466 1477 1484 1491 1502 1507 1509 1512 
opportunities 1434 
opportunity 1409 1501 
opposed 1362 
opposition 1413 
opt 1439 
optimism 1397 1416 
optimistic 1399 1453 
option 1376 1400 1403 1427 1450 1479 1511 1519 1520 1534 
optional 1396 
options 1365 1371 1397 1491 
orange 1361 
order 1442 1453 1489 
orders 1454 1459 
ore 1472 
oregon 1506 
organisation 1478 
organization 1376 1387 
organizations 1407 
origin 1396 
original 1370 1421 
originally 1416 1439 1515 
orion 1475 
other's 1421 
outlined 1501 
outlook 1405 1466 
output 1387 1439 1444 1535 
outset 1513 
outstanding 1401 1402 1403 1463 1465 1506 
ovens 1444 
over-allotment 1403 
over-the-counter 1397 
overallotments 1450 1479 
overnight 1395 1410 
overseas 1498 1513 
oversees 1398 
oversupplies 1502 
ovest 1512 
owned 1428 1456 1480 1490 1501 1509 
owning 1477 
owns 1412 1506 
owuld 1358 
oxy 1463 
p. 1473 
pacific 1395 
package 1416 1439 1442 
packages 1427 
packers 1398 
pact 1422 1439 1472 
padukka 1535 
page 1504 
paid 1360 1362 1369 1380 1439 1442 1472 1488 1515 1534 
palm 1359 
pantries 1506 
paper 1443 
par 1400 1417 1424 1431 1451 1473 
par-priced 1383 
parent 1486 1498 
paris 1440 1480 
parp 1451 
part 1374 1392 1408 1421 1501 1513 1534 
partially 1456 
participating 1468 
participation 1507 
partly-paid 1513 
partner 1501 
partners 1379 1466 1533 
partnership 1379 1501 
parts 1444 
party 1477 
pasadena 1447 
passed 1395 1396 1421 
passenger 1423 
passes 1395 1396 
passing 1439 
past 1410 1535 
patents 1391 1449 
pay 1363 1377 1378 1379 1386 1401 1420 1439 1456 1468 1471 1482 1496 1515 1516 
payable 1359 1360 1382 1483 1488 1534 
paying 1402 1475 
payment 1369 1377 1456 1474 1475 1513 
payments 1369 1405 1421 1453 1456 1466 1472 
payout 1360 1363 1378 1420 1456 1496 
payouts 1379 
pays 1475 
pbi 1431 
pbx 1535 
pcs 1504 
pdp 1491 
pds 1467 
peabody 1417 1463 1466 1531 
penalized 1405 
pending 1509 
penetration 1464 
pennwalt 1403 
pennzoil 1370 
perceived 1399 
percentage 1408 1423 
perform 1434 
performance 1414 1491 1493 1513 
period 1386 1399 1414 1423 1424 1427 1453 1464 1481 1535 
periods 1449 1528 
peripherals 1491 
permitted 1369 
perot 1408 
perry 1467 
personal 1370 
peseta 1478 
pesetas 1478 
pet-chem 1493 
petersburg 1434 
petition 1372 
petroleum 1387 1456 1463 
pharmaceutical 1451 1522 
pharmacy 1432 
phase 1414 
phased 1455 
philadelphia 1403 
phillippi 1408 
phoenix 1409 
photon 1386 
photonic 1386 
pipe 1466 
pipeline 1466 
pit 1397 
pitney 1431 
placate 1408 
place 1362 1405 1442 1476 
placing 1501 
plaid 1506 
plan 1370 1408 1439 1478 1501 1520 
planned 1405 1416 1526 
planning 1534 
plans 1388 1397 1403 1415 1439 1453 1472 1478 1490 1498 1526 
plant 1405 1455 
plantations 1535 
planted 1405 1406 1535 
planting 1405 1535 
plantings 1405 
plants 1408 
plastics 1429 
playing 1421 
plc 1358 1430 
pnm 1501 
point 1399 1424 1468 1522 
points 1383 1417 1431 1468 1474 
policy 1372 1392 1393 1416 1491 
polyester 1509 
pontiac 1427 1467 
pontiacs 1427 
poor 1358 1383 1400 1417 1431 1507 
pop 1473 
pope 1473 
popular 1416 
population 1442 
pora 1535 
pork 1393 1398 1407 
port 1410 
portfolio 1358 1443 
portion 1369 1421 
portland 1506 
position 1370 1413 1439 1472 1491 1535 
positions 1478 
positive 1372 
posting 1434 
postings 1521 
postpone 1434 
potential 1444 1489 
pound 1493 
power 1367 1439 1501 1522 
power-corp-of-canada 1367 
powerful 1392 1504 
practice 1421 
practices 1406 1482 1491 
praecipuum 1424 
pre-split 1359 
precluding 1477 
predetermined 1418 
predicts 1377 
preference 1465 
preferred 1380 1401 1403 1445 1456 1465 1535 
preliminary 1439 
premium 1424 1473 
presence 1388 1478 
present 1372 1472 1482 1491 1516 
presentation 1422 
presented 1501 
president 1362 1413 1414 1416 1421 1455 1472 1499 1502 1509 1533 
press 1421 1476 
pressure 1472 
pressuring 1387 
prevailing 1478 1519 
prevent 1387 1439 
previous 1361 1365 1371 1377 1399 1535 
previously 1392 1412 1466 1502 
price 1361 1365 1369 1370 1371 1377 1380 1387 1388 1402 1405 1424 1439 1473 1491 1513 1519 
priced 1383 1400 1414 1424 1474 1475 
prices 1361 1369 1377 1379 1385 1387 1405 1426 1439 1456 1491 1493 1533 1535 
pricing 1417 1431 1473 1491 
primarily 1456 
primary 1421 1445 1459 
prime 1372 
principal 1456 1472 1534 
principle 1386 1429 1456 1500 
print 1397 
prior 1363 1375 1378 1382 1408 1420 1428 1463 1471 1483 1496 
private 1376 1394 1395 1396 1497 1535 
privately 1421 
pro 1507 
problem 1414 1478 1505 
procedures 1491 
proceed 1439 
proceeds 1374 1403 1415 1463 1466 1485 1511 1518 1531 
process 1421 
processed 1361 1407 
processing 1361 
produce 1406 1470 
produced 1406 
producer 1393 1398 
producers 1369 1393 1407 1535 
producing 1387 1405 1535 
product 1444 1470 1478 1491 1522 
production 1377 1385 1387 1388 1393 1399 1405 1422 1434 1439 1455 1495 
productive 1478 
products 1378 1392 1414 1422 1491 1528 
professionals 1405 
profit 1366 1375 1408 1428 1433 1435 1445 1466 1469 1498 1502 1528 1533 
profitable 1507 
profits 1370 1498 
program 1380 1398 1405 1406 1407 1408 1416 1427 1453 1489 1495 
programmes 1472 
programs 1429 
progress 1434 
project 1386 
projected 1361 1387 1501 
projects 1422 1472 1490 
promised 1439 
promises 1439 
promote 1442 
promoted 1478 
prompt 1405 
prompted 1513 
prompting 1405 
propagated 1535 
properties 1358 1444 
proposal 1362 1372 1520 
proposals 1370 1421 1439 1472 1501 
proposed 1372 1392 1416 1463 1501 
proposes 1372 
protect 1522 
protected 1405 
proved 1397 
provide 1439 1478 1489 1491 1501 
provided 1407 1416 1457 
providing 1407 1456 1478 1491 
provisions 1498 1505 
proxmire 1477 
prudent 1408 
ps 1501 
psm 1403 
public 1359 1370 1372 1376 1403 1439 1443 1472 1501 
publicly 1362 
publisher 1504 
publishing 1526 
pulp 1456 
purchase 1358 1370 1376 1388 1427 1464 1485 1491 1497 1513 
purchased 1470 
purchases 1362 1385 1399 1405 1491 
purposes 1518 1531 
pursuant 1386 
pursue 1434 
push 1387 
pushed 1370 
pushing 1387 
put 1370 1405 1444 1482 
pzl 1370 
qtly 1363 1378 1382 1420 1471 1483 1496 
qtr 1366 1367 1375 1381 1391 1428 1435 1438 1445 1446 1449 1452 1460 1461 1466 1467 1469 1492 1494 1502 1508 1524 1527 1528 1529 1532 
qualified 1427 
quality 1358 
quantities 1535 
quantity 1491 
quarter 1363 1367 1391 1414 1438 1445 1456 1466 1483 1502 
quarterly 1363 1379 1401 1414 1456 1471 1483 
question 1393 
questions 1391 1392 
quota 1387 
quotas 1387 
radar-jamming 1495 
radiation 1522 
radio 1441 
raids 1410 
rain 1499 
raise 1362 1444 1478 1535 
raised 1359 1362 1367 
raises 1378 1483 1521 
raising 1383 1400 1417 1431 1473 1478 
rally 1478 
ramsey 1391 
rand 1380 
range 1426 
rapidly 1491 
rapids 1366 
rate 1362 1369 1421 1427 1442 1472 1499 1501 
rated 1383 1400 1417 1431 1473 
rates 1362 1369 1409 1427 1453 1468 1499 1501 1502 1515 
rating 1408 1486 1507 
ratings 1472 
ratio 1405 
re-emergence 1399 
reach 1397 1453 1455 1478 
reached 1439 1456 1472 
reaches 1424 
read 1409 1413 
reagan 1392 1413 1416 
reagan-appointed 1416 
real 1478 1482 1502 
real-estate 1358 
realise 1478 
realized 1366 
reason 1478 
reasons 1405 
rebate 1436 
rebates 1440 
rebels 1416 
rebounded 1387 
receive 1359 1369 1377 1407 1427 1468 1534 
receiveables 1380 
received 1369 1376 1380 1391 1418 1440 1456 1510 
receivers 1495 
receives 1377 
recent 1370 1377 1387 1399 1405 1408 1414 1533 
recently 1380 1392 1406 1421 1501 1509 
recognized 1455 
recommendation 1408 
recommendations 1416 
recommended 1362 1535 
record 1359 1360 1363 1365 1370 1371 1378 1379 1382 1388 1401 1413 1420 1453 1456 1471 1483 1488 1496 1498 
recorded 1456 
records 1434 
recovery 1442 
redeem 1401 1402 1415 1465 
redeemable 1400 1534 
redeemed 1465 
redemption 1402 
reduce 1399 1421 1439 1453 1463 1485 1501 1511 1535 
reduced 1361 1370 1377 1385 1405 1456 
reduced-usda 1399 
reducing 1453 
reduction 1369 1405 1408 1501 
reductions 1491 
refinancing 1415 
reflect 1367 1491 1533 
reflected 1486 
reflects 1397 
reform 1376 
refunds 1398 
regarded 1513 
regime 1416 
region 1416 
regions 1405 
register 1477 
registered 1513 
registration 1415 1485 1518 1531 1534 
regretted 1439 
regular 1379 1401 1408 1520 
regulated 1501 
regulates 1501 
regulations 1406 
regulators 1421 1501 
regulatory 1419 1501 1526 
reimburse 1377 
reincorporate 1447 
reincorporation 1447 
reinvested 1374 
related 1429 1466 1500 
relating 1391 
relation 1513 
release 1504 
reliably 1418 
rellicensing 1491 
reluctance 1482 1516 
remain 1361 1372 1456 1491 
remainder 1361 
remained 1498 1499 1503 1533 
remaining 1358 1361 
remains 1421 
remarkable 1413 
remedial 1477 1489 
remember 1418 
remodeled 1490 
remove 1535 
rename 1372 
renegotiations 1472 
rental 1502 
reorganization 1501 
reorganize 1498 
repay 1518 
repayable 1468 
repayment 1421 
repeated 1499 
repelled 1410 
replace 1434 1491 
report 1361 1377 1385 1388 1391 1399 1416 1482 1516 
reported 1380 1391 1414 1430 1456 1466 1502 
reporters 1387 1416 1421 1453 
reporting 1456 
reports 1385 1387 1399 1410 1430 
representatives 1392 
representing 1374 1473 
reprogramme 1472 
republic 1519 
republican 1416 
repulsed 1410 
repurchase 1373 1380 1408 1415 1503 
repurchasing 1380 
request 1416 
requested 1369 1455 
requesting 1369 
require 1477 
required 1376 1399 1421 1477 
requirement 1405 
requirements 1421 1445 
resale 1491 
rescheduled 1395 
rescheduling 1472 1515 
research 1386 1414 1418 1535 
researchers 1535 
reservations 1408 
reserve 1421 1503 
reserves 1503 
residents 1513 
residual 1387 
resins 1493 
resistance 1444 
resisting 1499 
resolved 1391 
resource 1466 
resources 1380 1384 1390 1428 1456 
respect 1442 
response 1372 1501 
responsive 1491 
rest 1450 
restated 1366 1367 1433 
restitution 1440 
restoration 1489 
restore 1472 
restrictions 1477 
restructured 1472 
restructuring 1466 1501 
resubmit 1439 
result 1377 1408 1409 1491 
resulted 1406 1456 
resulting 1366 1505 
results 1366 1367 1414 1498 1502 1525 
resume 1437 1455 
retail 1407 1484 1501 
retained 1380 
retender 1395 
retirement 1439 1490 
return 1443 
returns 1377 
rev 1445 
revaluation 1409 
revenue 1376 1377 1423 
revenues 1434 1466 1484 
review 1358 1466 1501 
reviewed 1392 
reviewing 1358 
revise 1439 
revised 1459 1486 
revs 1364 1367 1384 1404 1428 1433 1438 1445 1446 1449 1469 1492 1494 1524 1525 1532 
rhd 1448 
rhodes 1448 
richard 1362 1442 1509 
rionda 1519 
rise 1380 1408 1459 1482 1523 1535 
rises 1423 1478 
risk 1421 1477 1498 
robert 1413 
robertson 1450 1531 
rockwell 1414 
rockwell's 1414 
roderick 1477 
roger 1408 
rok 1414 
role 1397 1413 
rolling 1495 
rome 1443 
ronald 1408 
room 1455 
roots 1535 
rose 1380 1423 1453 1456 1459 1464 1466 1478 1498 1523 
rosemont 1506 
rosendale 1398 
ross 1408 
rossignol 1480 
rostenkowski 1362 
rotated 1406 
rotating 1406 
rounds 1476 
rover 1430 
row 1406 1439 
royal 1475 
rri 1535 
rric 1535 
rubber 1444 1535 
rubbing 1408 
ruiz 1478 
rule 1472 
rules 1372 1421 1439 
ruling 1376 1412 
run 1424 
running 1398 
rupee 1535 
rupees 1535 
russell 1374 
s.c. 1490 
s/p 1358 1507 
sa 1480 
sachs 1403 1431 
sale 1388 1389 1429 1430 1466 1502 1519 
sale/leaseback 1511 
sales 1362 1375 1377 1388 1389 1391 1405 1409 1414 1430 1434 1439 1440 1448 1452 1456 1460 1461 1462 1464 1466 1467 1481 1484 1497 1501 1517 1520 1523 1527 1528 1529 1530 
salomon 1463 
salt 1408 
salvage 1416 
samath 1535 
same-store 1523 
san 1402 
sandinista 1416 
sandwich 1407 
satisfactory 1498 
satisfy 1478 
saturday 1482 1516 
saudi 1387 
saudi-arabia 1387 
saudis 1387 
savings 1402 1419 1425 
sawmill 1456 
saxif 1525 
saxton 1525 
sca 1527 
scale 1408 1495 
scandal 1413 1416 
scene 1410 1482 1516 
scheduled 1361 1427 
schleswig-holstein 1498 
schlumberger 1392 
science 1489 
sea 1456 
sealant 1444 
sealy 1485 
season 1361 1369 1388 1399 1439 1440 
seasonal 1361 
seasonally 1361 1459 
seat 1365 1371 1423 
seats 1423 
seattle 1506 
secretary 1392 1393 1416 1499 1514 1533 
sections 1439 
sector 1439 1472 
sectors 1480 
secure 1478 
securities 1362 1383 1390 1408 1412 1415 1417 1421 1431 1442 1477 1485 1498 1503 1518 1531 
security 1421 1501 
sedan 1430 
seed 1449 
seek 1362 
seeking 1416 1468 
seeks 1416 1451 1468 1472 1491 
sees 1414 1434 
segments 1414 
select 1372 1427 1491 
selected 1418 1489 1491 
self-regulatory 1421 
sell 1374 1385 1390 1400 1415 1422 1429 1485 1498 1511 1518 
selling 1374 1424 1450 1474 1475 1481 1493 
sells 1365 1371 1383 1417 1430 1431 1463 1473 1519 
semi-annual 1468 
semiconductor 1392 1450 
sen. 1406 
senate 1392 1406 1413 1416 1477 
senior 1415 1509 1535 
sense 1370 
sentiment 1513 
separate 1495 1501 
separately 1509 
seperately 1477 
seperation 1477 
sept 1391 
september 1397 1507 
september-january 1369 
series 1390 1403 1440 1456 1488 
service 1369 1376 1383 1400 1407 1464 1486 1501 1512 
services 1380 1442 1489 1491 1498 1500 1501 1511 1512 
servicing 1453 
servo 1527 
set 1365 1371 1376 1421 1473 1482 1495 1501 1516 
sets 1360 1420 1471 1472 1488 
setting 1421 
settle 1370 
settlement 1370 1438 
settling 1370 
seven-year 1443 
severance 1449 
severe 1399 
sfy 1494 
shape 1418 
share 1359 1363 1367 1380 1390 1391 1401 1403 1408 1414 1424 1433 1445 1450 1461 1463 1465 1466 1473 1478 1479 1492 1502 1534 
shared 1477 
shareholders 1370 1401 1408 1412 1419 1447 1450 1456 1501 1526 
shares 1359 1360 1366 1373 1376 1380 1386 1401 1403 1408 1419 1445 1450 1456 1463 1465 1479 1485 1497 1526 1534 
sharesd 1419 
sharing 1408 1414 
sharp 1361 1377 1380 1387 
sharpest 1380 
sharply 1377 1385 1388 1439 1535 
shearson 1383 
sheet 1421 1466 1498 1535 
shift 1405 1434 
shifting 1405 
shifts 1377 
shin-etsu 1444 
shipment 1394 1395 
shipments 1459 
shop 1464 
shopping 1464 
short 1380 1504 
short-term 1518 
shortage 1457 1535 
show 1421 1453 
showing 1535 
shown 1361 
shr 1364 1366 1367 1375 1381 1384 1404 1428 1433 1435 1438 1445 1446 1449 1452 1460 1461 1467 1469 1492 1494 1508 1524 1525 1527 1528 1529 1532 
shrink 1478 
shrs 1364 1366 1438 1445 1446 1449 1460 1528 
shut 1476 
shutdown 1456 
side 1408 
sides 1393 
siegler 1507 
sigler 1477 
sign-up 1405 
signed 1425 1464 1515 
significant 1414 1464 
significantly 1361 1456 
simex 1442 
simi 1426 
similar 1408 1421 1478 
simplified 1491 
simplifies 1491 
singapore 1407 1442 
single 1426 
sinking 1400 1402 
site 1489 
sites 1489 
situation 1361 1439 1482 1516 
six-day 1424 
size 1408 1463 1507 
skeena 1456 
ski 1480 
skis 1480 
slb 1392 
slide 1422 
slightly 1513 
slump 1379 
small 1380 1439 1443 1535 
smaller 1361 1408 1535 
smallholders 1535 
smith 1408 
so-called 1392 1406 
sodbuster 1406 
soft 1388 1396 1414 1478 1504 
soften 1472 
software 1491 1504 
soil 1406 
sold 1365 1370 1371 1376 1380 1388 1424 1427 1432 1436 1513 1519 
sole 1468 1473 1518 
solution 1370 
somerville 1509 
somewhate 1414 
son 1376 
sons 1479 
soothe 1408 
sophisticated 1504 
sorghum 1369 1395 
sources 1394 1395 1396 1513 1535 
south 1385 1399 1405 1429 1499 
south-africa 1399 1429 
south-korea 1499 
southern 1410 1434 
southfield 1455 
southwest 1410 
soviet 1416 1468 1535 
soybean 1394 1405 
soybean/corn 1405 
soybeans 1394 1405 
space 1418 1535 
spain 1478 
spanish 1478 
speaker 1362 
speaking 1387 1499 
special 1363 1390 1418 1419 1427 1478 
specific 1397 
specifically 1477 1491 
speech 1442 
speed 1426 
speeded 1472 
speedy 1472 
spending 1408 
split 1359 1366 1367 1391 1461 1526 
splits 1359 
spokesman 1374 1380 1389 1413 1480 1520 1535 
spokesperson 1407 
spokeswoman 1476 
sponsor 1406 
sports 1455 
spread 1472 1535 
spring 1361 1405 1451 
springfield 1490 
sri 1535 
sri-lanka 1535 
st. 1434 
stability 1466 
stabilization 1369 1501 
staff 1362 1406 1456 
stage 1399 
stages 1414 
stake 1466 
stamford 1418 1461 
stan 1492 
standard 1358 1383 1400 1417 1421 1431 1493 1507 
standards 1372 1421 
stanley 1387 1450 
stanline 1492 
stark 1388 
start 1434 1477 1482 1516 
started 1490 1513 
starting 1468 
state 1370 1416 1439 1482 1501 1516 1519 1520 1535 
state-owned 1535 
stated 1491 
statement 1362 1397 1409 1413 1415 1443 1515 1518 1520 1531 1534 
statements 1370 1485 
states 1389 1392 1439 1499 1520 1533 
stations 1397 1520 
status 1376 
stay 1361 1387 1405 
steady 1405 
stearns 1473 
steel 1409 1472 
steinkuehler 1476 
step 1443 
stephens 1450 1531 
sterling 1430 1513 
sterlings 1430 
stg 1358 1457 1487 1513 
stick 1405 1480 
stiff 1397 
stimulated 1399 
stimulation 1501 
stock 1359 1360 1362 1366 1367 1368 1373 1376 1380 1386 1391 1397 1401 1403 1408 1427 1451 1461 1463 1465 1473 1485 1492 1497 1498 1500 1506 1513 1520 1526 1534 
stocks 1361 1376 1397 1439 1513 1535 
storage 1361 1377 1535 
store 1439 
stores 1407 1439 1467 1484 1506 1508 1523 1529 
strategies 1489 
streamline 1498 
street 1408 
strength 1513 
strengthen 1387 
strengthened 1361 1491 
strengthening 1486 
stress 1399 
strict 1439 
strictly 1406 
strike 1408 
strikes 1476 
strong 1361 1380 1387 1408 1418 1522 
stronger 1380 
strongly 1362 
structure 1478 1491 1501 1513 
studied 1380 
studies 1501 
study 1418 
subject 1369 1419 1421 1439 1456 1526 
subordinated 1383 1390 1415 1473 1485 1507 1518 1531 1534 
suborindated 1415 
subscriber 1464 
subsequently 1408 
subsidaries 1501 
subsidiary 1392 1479 1480 1481 1522 
subsidies 1377 
subsidized 1388 
subsidy 1440 
substantial 1513 
succeed 1387 
success 1387 
successful 1455 
succession 1413 
successors 1439 
sue 1376 
suffered 1414 
sufficient 1416 1421 1456 
sugar 1436 1440 1519 
suggested 1416 
suicide 1477 
summary 1361 
summer 1374 1476 
sun 1521 1526 
supercomputers 1392 
suppies 1361 
supplier 1388 
supplies 1361 1385 1387 1399 1513 1535 
supply 1361 1503 1535 
support 1362 1376 1398 1410 1427 1429 1472 1495 1510 
supports 1439 
surplus 1439 1499 
surpluses 1439 
survey 1434 
survival 1478 
suspend 1439 1472 
suspended 1456 
suspension 1439 
sustain 1491 
swap 1421 
swaps 1421 
swift 1494 
swing 1387 
switching 1387 
symd 1432 
synchronous 1426 
syndicated 1468 
system 1432 1451 1457 1491 1495 1501 1522 
systemed 1432 
systems 1409 1426 1491 1495 1497 1510 
tactical 1495 
taiwan 1394 1395 1399 1499 
takeover 1392 1477 1499 
takeovers 1477 
takes 1421 1502 
taking 1439 1478 1491 
talbot 1473 
talks 1437 1455 1476 
tan 1484 
tandy 1462 1484 
tank 1410 
tanzania 1515 
tap 1513 
target 1369 1408 1453 1472 1478 1535 
targeted 1397 1409 1501 
targets 1472 
task 1489 1501 
tax 1362 1376 1442 1443 1445 1478 1513 1528 
taxed 1442 
taxes 1377 1442 
technical 1489 
technological 1414 
technologies 1386 1522 
technology 1386 1392 1397 1409 1414 1422 1489 
tehran 1441 
telecommunications 1380 
telegraph 1434 
telephone 1434 
television 1397 1464 
telex 1472 
telling 1408 
temperaturers 1418 
temporary 1503 
ten 1373 
tender 1395 1396 1440 
tenn 1490 
tenn. 1425 1479 1490 
tenneco 1401 1465 
tennis 1480 
tentative 1374 
tentatively 1506 
term 1380 1408 1456 1472 
terminal 1426 
terms 1370 1374 1424 1429 1470 1473 1478 1486 1506 1512 
terrace 1456 
tesitified 1477 
test 1495 
tex. 1497 
texaco 1370 
texan 1408 
texas 1362 1370 1484 1523 
texasgulf 1433 
textile 1509 
tgt 1401 1465 
theme 1397 
thermal 1444 
thermoplastics 1493 
thing 1405 1513 
thinking 1405 
thiokol 1374 
thomas 1374 1421 1533 
thompson 1455 
thomson 1390 
thought 1472 
threat 1414 
three-for-two 1359 1366 1461 
three-year 1386 1439 
thrusts 1410 
thursday 1389 
tied 1513 
ties 1397 
tight 1361 
tilted 1477 
timber 1456 
time 1362 1380 1387 1388 1392 1397 1400 1408 1416 1476 1477 1491 1498 1499 
timminco 1364 
timminco-ltd 1364 
tire 1412 
tishman 1374 
titled 1397 
tobacco 1442 
today 1365 1370 1371 1373 1387 1394 1421 1440 1457 1491 
today's 1440 
tokyo 1444 1510 
told 1380 1392 1414 1421 1439 1453 1498 1501 1533 1535 
tommy 1455 
tomorrow 1406 1408 
tones 1399 
tonnage 1440 
tonne 1377 1388 1394 
tonnes 1377 1385 1388 1394 1395 1396 1399 1436 1439 1440 1444 1535 
tons 1519 
tooling 1470 
top-flight 1417 1486 
toronto 1364 1381 1397 1404 1412 1464 1505 1524 1525 1526 1532 
torrenzano 1362 
total 1361 1370 1387 1388 1402 1407 1416 1424 1440 1457 1459 1490 1491 1498 1513 1535 
totaling 1495 
totalled 1453 
totalling 1358 
tough 1439 
toughest 1416 
trade 1385 1397 1405 1468 1478 1498 1499 1535 
traded 1362 1451 1535 
trader 1405 
traders 1385 1405 1421 1440 
trades 1408 
trading 1397 1408 1498 1503 1513 1533 
traditional 1405 1478 
traditionally 1478 
trained 1418 
transactions 1362 1421 1442 
transfer 1362 1409 1491 
transferred 1380 1392 
transfers 1380 
transmission 1426 1456 1501 
transmits 1426 
transportation 1459 
treasury 1383 1392 1417 1431 1443 1514 1533 
treated 1535 
tree 1535 
trees 1535 
trend 1414 1491 
trial 1370 
trigger 1408 1533 
trip 1472 
troops 1410 
troy 1481 
trust 1360 1402 1425 1488 
trustee 1402 1456 
trustees 1488 
tuesday 1535 
tulsa 1433 1466 
turned 1478 
turning 1478 
turnover 1480 1498 
two-for-one 1367 1526 
two-thirds 1388 
two-way 1397 
two-year 1418 1453 
tx 1370 
type 1422 1443 
type= 1368 1411 1435 1436 1437 1454 1458 1462 1487 1508 1514 1517 1521 1530 
types 1520 
typical 1491 
u.k 1440 1457 1513 
u.k. 1421 1487 1513 
u.s 1361 1369 1377 1387 1388 1392 1394 1399 1406 1409 1414 1454 1459 1478 1481 1499 1512 1513 1514 1530 1533 
u.s. 1361 1369 1372 1377 1385 1387 1388 1392 1394 1395 1399 1407 1416 1421 1472 1481 1484 1489 1495 1499 1503 1533 
u.s.-based 1392 
uk 1389 1421 1436 1440 1441 1457 1468 1474 1475 1513 
ultra 1444 
unacceptable 1482 
uncertainties 1358 
unchanged 1372 1498 
unchecked 1477 
und 1498 
und-westbank 1498 
undercut 1388 
undertake 1380 1386 
underway 1450 1479 
underwriter 1383 1400 1485 1518 
underwriters 1450 1479 
underwriting 1424 1474 1475 
underwritten 1463 
undisclosed 1374 1425 1429 1470 1506 1512 
unexpectedly 1472 
unfilled 1459 
uniform 1491 
union 1383 1408 1416 1476 1535 
unions 1455 
unit 1360 1379 1414 1426 1429 1431 1434 1439 1458 1466 1474 1480 1486 1488 1493 1509 1512 1522 
unit-holders 1360 
united 1366 1389 1392 1455 1499 1533 
united-fire-and-casu 1366 
units 1415 1426 1440 1442 1482 
universal 1472 
unleaded 1520 
unpaid 1401 
unresolved 1499 
unsatisfactory 1370 
unsecured 1486 
unsuccessful 1476 
untrue 1370 
unveil 1421 
unveiled 1421 
unveils 1478 
unwilling 1385 
upcoming 1405 
update 1495 
upgraded 1486 
upgrades 1486 
upheld 1370 
uproot 1535 
ups 1359 
upward 1459 
urged 1472 
urges 1477 
usair 1423 
usda 1369 1372 1377 1385 1388 1393 1405 
user 1491 
users 1387 
usf 1483 
ussr 1385 1468 
usx 1477 
utilities 1359 1501 
utility 1501 
valley 1426 1451 
vancouver 1428 1456 
variable-rate 1443 
variety 1362 1501 
vastly 1416 
vax 1491 
vehicle 1427 
ven 1375 
vendo 1375 
venezuela 1472 
ventura 1504 
venture 1380 1386 1422 1430 
ventures 1386 
vereins- 1498 
vereinwest 1498 
versa 1421 
version 1391 1504 
versus 1388 1428 1440 1466 1502 
vhbg.f 1498 
vice 1362 1421 1502 1509 
victories 1441 
view 1361 1477 
viewed 1443 
vigorous 1397 1513 
virgil 1398 
vital 1478 
vneshtorgbank 1468 
voice 1372 
voice/data 1426 
voiced 1405 
voicemail 1446 
volkswagen 1481 
volume 1443 1498 
volumes 1466 
vote 1393 
vowg.f 1481 
vulnerable 1362 
vzx 1491 
wa 1518 
wacker 1374 
wage 1476 
wal-mart 1508 1529 
wall 1408 
waltham 1422 1510 
wanted 1453 
war 1410 1441 
warning 1476 1482 1516 
warns 1482 1516 1533 
warranties 1491 
warrants 1386 1390 1534 
warranty 1491 
warrington 1480 
washington 1361 1362 1369 1372 1377 1385 1388 1389 1392 1399 1406 1413 1416 1423 1459 1477 1499 1506 1533 
waste 1489 
water 1501 
waxm 1518 
waxman 1518 
ways 1362 1535 
weakens 1522 
weakness 1414 
webster 1411 1413 
wednesday 1393 
week 1440 1466 1472 1476 1535 
weekend 1396 
weeks 1387 1421 1464 1476 
weighted 1369 
welcomed 1439 
wellemeyer 1387 
west 1359 1440 1452 1476 1498 1515 
west-germany 1440 1476 1498 1515 
westar 1428 1456 
westbank 1498 
westcoast 1456 
western 1478 
wheat 1377 1385 1388 1396 1405 
white 1362 1407 1411 1413 1436 1440 
whites 1440 
wholesale 1501 1506 
wholly 1509 
wide-ranging 1499 
widespread 1459 1513 
wil 1421 
william 1411 1413 1466 1477 1502 
williams 1433 1466 
willingness 1370 
wilmington 1488 
wine 1478 
wintering 1535 
wisconsin 1437 1455 
withdraw 1439 
withdrew 1413 
withholding 1442 
wmb 1433 1466 
wmt 1529 
wo 1499 
work 1407 1434 1472 1495 
workers 1408 1455 
working 1416 1421 1439 1476 1505 
workstations 1422 
world 1377 1385 1387 1519 
worried 1392 
worry 1414 
worth 1376 1418 1484 1486 1497 1515 
wound 1408 
wrapped 1380 
wright 1362 
writedown 1456 1528 
writedowns 1433 1466 
writeoff 1449 
writeoffs 1438 
wtc 1456 
wti 1521 
xerox 1504 
xmi 1397 
xrx 1504 
year-ago 1423 1456 
year-earlier 1361 
year-end 1425 1456 
year-to-date 1481 
years 1377 1387 1393 1405 1406 1408 1416 1439 1443 1468 1472 1473 1478 1491 1507 1534 1535 
yen 1409 1474 
yesterday 1362 1503 1535 
yield 1383 1400 1417 1431 1443 
yielding 1535 
york 1358 1360 1362 1380 1386 1397 1400 1402 1408 1417 1420 1431 1450 1451 1463 1473 1485 1486 1503 1504 1507 1512 1518 1519 1531 
yr-ago 1364 
zen 1391 
zenith 1391 
zj 1455 
zorinsky 1406 
zur 1509 
