'll 19276 
've 19157 
****** 19156 19168 19182 19187 19202 19206 19224 19229 19240 19244 19257 19279 19281 19284 
****paris 19213 
-ac 19159 
-canada-t 19193 
-d 19288 
-deale 19177 
-debt-d 19302 
-develops-ne 19232 
-ex 19215 
-has-12-pct-m 19249 
-has-33,4 19137 
-has-no-p 19181 
-in 19243 19268 
-in-fed 19228 19233 
-l 19154 
-merger-wa 19256 
-mozambique-wi 19266 
-mum-on 19241 
-opens 19230 
-r 19195 
-reincor 19140 
-reiterate 19263 
-says 19234 
-scraps-fl 19291 
-se 19301 
-see 19260 
-sets 19222 
-sets-ex- 19248 
-squibb- 19292 
-starts 19231 
-to 19264 
-to-b 19286 
-to-buy 19296 
-to-issu 19239 
-to-lower-l 19166 
-to-s 19265 
-to-sell 19280 
-u 19252 
-uni 19143 
-unit-f 19183 
-unit-gets-c 19176 
-unit-to-buil 19203 
-wet-weather-slo 19262 
/author 19157 19191 19211 19285 19289 19292 
0.1 19200 
0.10 19218 
0.15 19218 
0.20 19218 
0008 19229 
0009 19168 
0010 19206 19279 
0011 19187 19224 19240 19257 19281 
0012 19202 
0013 19244 19284 
0016 19156 19182 
0022 19150 
0024 19196 
0025 19194 19197 19235 
0026 19140 19161 19209 
0027 19205 
0030 19170 19171 19210 19222 
0033 19174 
0034 19179 19186 
0038 19192 
0039 19141 19190 
0040 19277 
0041 19166 
0042 19216 
0044 19177 
0045 19172 19217 
0046 19153 19175 
0049 19248 
0052 19137 19303 
0053 19154 
0054 19215 
0055 19143 19256 19267 
0056 19221 19236 
0058 19188 19304 
0059 19162 19180 19228 
0060 19233 
0061 19258 19288 
0062 19142 19254 19297 
0063 19271 19283 
0065 19247 19282 
0067 19219 19230 
0068 19146 19176 19298 
0069 19249 
0070 19152 
0072 19178 
0073 19265 
0074 19293 
0075 19203 19214 
0076 19193 
0077 19299 
0078 19138 19148 19213 19239 
0079 19207 19234 19237 
0080 19155 
0081 19250 19259 
0082 19159 19260 
0083 19164 19296 
0085 19181 
0087 19251 
0089 19145 19227 19285 19290 
0090 19173 
0092 19276 
0093 19253 
0094 19167 19211 19262 
0095 19191 19272 
0096 19157 19238 
0097 19189 
0098 19273 
0099 19163 19226 19264 19294 
0100 19144 19165 19208 19252 19263 
0101 19139 19149 19270 19295 
0102 19185 19198 19274 19286 19301 
0103 19147 19160 19169 19218 
0104 19195 19225 19289 
0106 19242 19246 19280 
0107 19183 19212 19241 19261 19292 
0108 19204 
0109 19151 19184 19220 19223 19268 
0110 19201 19243 19245 
0111 19291 
0112 19158 
0113 19287 19302 
0114 19231 19266 19300 
0115 19269 
0117 19200 
0121 19275 
0122 19255 
0125 19278 
0127 19232 
0133 19199 
06-19 19137 19138 19139 19140 19141 19142 19143 19144 19145 19146 19147 19148 19149 19150 19151 19152 19153 19154 19155 19156 19157 19158 19159 19160 19161 19162 19163 19164 19165 19166 19167 19168 19169 19170 19171 19172 19173 19174 19175 19176 19177 19178 19179 19180 19181 19182 19183 19184 19185 19186 19187 19188 19189 19190 19191 19192 19193 19194 19195 19196 19197 19198 19199 19200 19201 19202 19203 19204 19205 19206 19207 19208 19209 19210 19211 19212 19213 19214 19215 19216 19217 19218 19219 19220 19221 19222 19223 19224 19225 19226 19227 19228 19229 19230 19231 19232 19233 19234 19235 19236 19237 19238 19239 19240 19241 19242 19243 19244 19245 19246 19247 19248 19249 19250 19251 19252 19253 19254 19255 19256 19257 19258 19259 19260 19261 19262 19263 19264 19265 19266 19267 19268 19269 19270 19271 19272 19273 19274 19275 19276 19277 19278 19279 19280 19281 19282 19283 19284 19285 19286 19287 19288 19289 19290 19291 19292 19293 19294 19295 19296 19297 19298 19299 19300 19301 19302 19303 19304 
09:34:09.91 19137 
09:34:24.53 19138 
09:35:14.24 19139 
09:36:00.43 19140 
09:36:20.43 19141 
09:37:01.06 19142 
09:37:38.92 19143 
09:37:58.58 19144 
09:46:17.96 19145 
09:46:55.42 19146 
09:48:54.78 19147 
09:50:27.81 19148 
09:54:09.37 19149 
09:55:36.42 19150 
09:55:45.11 19151 
09:57:13.78 19152 
09:57:20.53 19153 
09:57:36.88 19154 
09:59:07.50 19155 
1,000 19230 19242 
1,200 19259 
1,400,000 19189 
1-1/2 19151 
1-3/8 19151 
1.01 19195 
1.02 19142 19304 
1.1 19204 
1.2 19149 19200 
1.23 19259 
1.25 19301 
1.3 19261 
1.37 19254 
1.38 19254 
1.4 19270 
1.43 19254 
1.45 19257 19261 
1.46 19142 
1.47 19254 
1.5 19215 19266 19292 
1.67 19266 
1.9 19138 19200 19259 
1.92 19294 
1/2 19149 
10,000 19268 
10-1/2 19231 
10-year 19252 
10.25 19137 
10.3 19259 
10.6 19164 
10.9 19249 
102.1 19220 
10:03:25.94 19156 
10:07:15.03 19157 
10:10:39.23 19158 
10:11:08.00 19159 
10:11:30.84 19160 
10:12:43.61 19161 
10:12:53.43 19162 
10:14:20.43 19163 
10:15:19.78 19164 
10:16:28.55 19165 
10:16:54.08 19166 
10:22:34.12 19167 
10:23:28.94 19168 
10:26:28.52 19169 
10:29:42.29 19170 
10:29:57.88 19171 
10:30:02.96 19172 
10:30:11.12 19173 
10:30:29.11 19174 
10:36:48.89 19175 
10:36:56.10 19176 
10:37:00.40 19177 
10:37:08.93 19178 
10:37:12.54 19179 
10:38:30.21 19180 
10:39:33.07 19181 
10:40:13.15 19182 
10:40:42.59 19183 
10:43:19.31 19184 
10:44:04.80 19185 
10:44:16.03 19186 
10:44:20.52 19187 
10:44:49.51 19188 
10:45:03.89 19189 
10:46:15.93 19190 
10:46:25.47 19191 
10:47:36.35 19192 
10:52:09.47 19193 
10:52:29.56 19194 
10:53:53.52 19195 
10:53:57.40 19196 
10:55:34.37 19197 
10:55:59.85 19198 
10:56:18.98 19199 
11.6 19249 
11.7 19249 
11.88 19270 
116,000 19177 
11:02:13.97 19200 
11:05:20.54 19201 
11:05:41.95 19202 
11:06:20.60 19203 
11:06:35.31 19204 
11:09:37.37 19205 
11:12:33.32 19206 
11:13:09.79 19207 
11:13:47.98 19208 
11:14:09.54 19209 
11:15:12.08 19210 
11:17:25.47 19211 
11:17:33.48 19212 
11:17:39.53 19213 
11:19:33.75 19214 
11:19:38.10 19215 
11:19:45.37 19216 
11:22:47.47 19217 
11:24:26.80 19218 
11:25:51.73 19219 
11:26:45.15 19220 
11:27:57.14 19221 
11:28:36.62 19222 
11:34:49.44 19223 
11:35:34.69 19224 
11:35:45.23 19225 
11:37:15.14 19226 
11:37:21.25 19227 
11:37:51.17 19228 
11:39:23.52 19229 
11:40:07.55 19230 
11:41:05.69 19231 
11:41:44.04 19232 
11:41:48.90 19233 
11:41:56.04 19234 
11:44:05.99 19235 
11:46:31.71 19236 
11:50:33.57 19237 
11:55:44.34 19238 
11:58:32.47 19239 
11:59:36.76 19240 
12-7/8 19231 
12-year 19204 
12.5 19178 
1200 19208 
127,000 19145 
127.58 19294 
12:01:08.82 19241 
12:04:21.19 19242 
12:04:32.34 19243 
12:04:34.36 19244 
12:09:34.05 19245 
12:09:56.75 19246 
12:12:43.39 19247 
12:15:17.70 19248 
12:16:27.05 19249 
12:18:49.82 19250 
12:21:40.83 19251 
12:22:11.41 19252 
12:23:34.60 19253 
12:23:53.27 19254 
12:24:32.58 19255 
12:25:10.55 19256 
12:26:07.83 19257 
12:31:14.92 19258 
12:32:22.31 19259 
12:32:55.57 19260 
12:34:51.79 19261 
12:35:54.08 19262 
12:36:11.54 19263 
12:37:52.68 19264 
12:38:20.35 19265 
12:41:54.91 19266 
12:41:59.55 19267 
12:42:45.35 19268 
12:46:21.73 19269 
12:54:16.63 19270 
12:55:45.30 19271 
12:56:06.85 19272 
12:58:08.25 19273 
12:59:33.45 19274 
13,600,000 19170 19171 
13.6 19178 
130,000 19145 19260 
132,000 19145 
138.2 19174 
13:00:31.06 19275 
13:01:22.47 19276 
13:01:42.16 19277 
13:05:20.94 19278 
13:08:32.00 19279 
13:11:55.92 19280 
13:13:16.06 19281 
13:13:33.56 19282 
13:14:39.27 19283 
13:14:43.38 19284 
13:15:39.07 19285 
13:16:09.45 19286 
13:17:35.38 19287 
13:18:20.38 19288 
13:20:06.33 19289 
13:22:59.41 19290 
13:25:57.90 19291 
13:26:10.54 19292 
13:26:56.15 19293 
13:27:31.03 19294 
13:28:13.43 19295 
13:31:49.20 19296 
13:32:01.61 19297 
13:32:17.76 19298 
13:32:24.11 19299 
13:33:23.60 19300 
13:33:59.67 19301 
13:34:45.15 19302 
13:35:55.03 19303 
13:36:39.34 19304 
13:37:07.54 19305 
13th 19259 
14-1/2 19207 
14.1 19297 
14.4 19142 
143.9 19174 
15.625 19221 
150,000 19137 19213 
16,506,000 19231 
16.0 19304 
16.4 19270 
16.6 19172 19285 
165.1 19254 
17,100,000 19170 19171 
17.11 19294 
17.5 19235 
173.6 19254 
176,000 19178 
18.3 19285 
184.45 19294 
19-jun-1987 19137 19138 19139 19140 19141 19142 19143 19144 19145 19146 19147 19148 19149 19150 19151 19152 19153 19154 19155 19156 19157 19158 19159 19160 19161 19162 19163 19164 19165 19166 19167 19168 19169 19170 19171 19172 19173 19174 19175 19176 19177 19178 19179 19180 19181 19182 19183 19184 19185 19186 19187 19188 19189 19190 19191 19192 19193 19194 19195 19196 19197 19198 19199 19200 19201 19202 19203 19204 19205 19206 19207 19208 19209 19210 19211 19212 19213 19214 19215 19216 19217 19218 19219 19220 19221 19222 19223 19224 19225 19226 19227 19228 19229 19230 19231 19232 19233 19234 19235 19236 19237 19238 19239 19240 19241 19242 19243 19244 19245 19246 19247 19248 19249 19250 19251 19252 19253 19254 19255 19256 19257 19258 19259 19260 19261 19262 19263 19264 19265 19266 19267 19268 19269 19270 19271 19272 19273 19274 19275 19276 19277 19278 19279 19280 19281 19282 19283 19284 19285 19286 19287 19288 19289 19290 19291 19292 19293 19294 19295 19296 19297 19298 19299 19300 19301 19302 19303 19304 19305 
19.2 19142 
19137 19137 
19138 19138 
19139 19139 
19140 19140 
19141 19141 
19142 19142 
19143 19143 
19144 19144 
19145 19145 
19146 19146 
19147 19147 
19148 19148 
19149 19149 
19150 19150 
19151 19151 
19152 19152 
19153 19153 
19154 19154 
19155 19155 
19156 19156 
19157 19157 
19158 19158 
19159 19159 
19160 19160 
19161 19161 
19162 19162 
19163 19163 
19164 19164 
19165 19165 
19166 19166 
19167 19167 
19168 19168 
19169 19169 
19170 19170 
19171 19171 
19172 19172 
19173 19173 
19174 19174 
19175 19175 
19176 19176 
19177 19177 
19178 19178 
19179 19179 
19180 19180 
19181 19181 
19182 19182 
19183 19183 
19184 19184 
19185 19185 
19186 19186 
19187 19187 
19188 19188 
19189 19189 
19190 19190 
19191 19191 
19192 19192 
19193 19193 
19194 19194 
19195 19195 
19196 19196 
19197 19197 
19198 19198 
19199 19199 
19200 19200 
19201 19201 
19202 19202 
19203 19203 
19204 19204 
19205 19205 
19206 19206 
19207 19207 
19208 19208 
19209 19209 
19210 19210 
19211 19211 
19212 19212 
19213 19213 
19214 19214 
19215 19215 
19216 19216 
19217 19217 
19218 19218 
19219 19219 
19220 19220 
19221 19221 
19222 19222 
19223 19223 
19224 19224 
19225 19225 
19226 19226 
19227 19227 
19228 19228 
19229 19229 
19230 19230 
19231 19231 
19232 19232 
19233 19233 
19234 19234 
19235 19235 
19236 19236 
19237 19237 
19238 19238 
19239 19239 
19240 19240 
19241 19241 
19242 19242 
19243 19243 
19244 19244 
19245 19245 
19246 19246 
19247 19247 
19248 19248 
19249 19249 
19250 19250 
19251 19251 
19252 19252 
19253 19253 
19254 19254 
19255 19255 
19256 19256 
19257 19257 
19258 19258 
19259 19259 
19260 19260 
19261 19261 
19262 19262 
19263 19263 
19264 19264 
19265 19265 
19266 19266 
19267 19267 
19268 19268 
19269 19269 
19270 19270 
19271 19271 
19272 19272 
19273 19273 
19274 19274 
19275 19275 
19276 19276 
19277 19277 
19278 19278 
19279 19279 
19280 19280 
19281 19281 
19282 19282 
19283 19283 
19284 19284 
19285 19285 
19286 19286 
19287 19287 
19288 19288 
19289 19289 
19290 19290 
19291 19291 
19292 19292 
19293 19293 
19294 19294 
19295 19295 
19296 19296 
19297 19297 
19298 19298 
19299 19299 
19300 19300 
19301 19301 
19302 19302 
19303 19303 
19304 19304 
19305 19305 
1970s 19295 
1975 19155 
1977 19264 19292 
1980s 19191 
1982 19223 19273 
1982/83 19165 
1983 19173 19211 
1985 19164 19287 19291 19299 
1986 19155 19191 19198 19259 19260 19285 19295 19297 19299 19303 
1986/87 19160 19164 19213 
1987 19138 19151 19178 19185 19200 19219 19249 19259 19266 19285 19288 
1987/88 19164 19169 19213 
1988 19147 19200 19259 19268 19276 19292 
1989 19220 19289 19301 
1990 19200 19276 
1990s 19289 
1991 19295 
1992 19151 19253 
1993 19301 
1994 19231 
1996 19273 
1997 19184 19231 19252 
1999 19204 
1st 19168 19170 19171 
2,602,000 19178 
2,800,000 19189 
2,927,000 19267 
2,978,000 19304 
2-year 19301 
2.19 19267 
2.2 19159 19280 
2.44 19259 
2.5 19215 
2.50 19252 
2.51 19198 
2.6 19164 
2.65 19294 
2.7 19290 
2.8 19200 
2.85 19164 
2.88 19164 19295 
20-mile 19271 
20-year 19266 
20.55 19285 
2000 19273 
2011 19241 
21,978 19241 19242 
21,978,000 19242 
21.5 19258 
213,000 19178 
22,865,000 19231 
22.0 19241 
22.8 19142 
225.30 19294 
227.38 19294 
229.05 19294 
23,580,000 19231 
23.33 19184 
23.8 19142 
23.9 19304 
230.8 19204 
24-1/2 19248 
24.4 19142 
243.8 19170 19171 
248,000 19145 
25,000 19145 
25.60 19182 19193 
25.7 19142 
250,000 19176 19295 
26,000 19267 
26.25 19204 
263.3 19170 19171 
265,000 19145 
27,500 19286 
270,000 19145 
275,000 19145 
28.1 19142 
28.9 19142 
284.8 19198 
289,000 19230 
2nd 19260 
3,640,000 19217 
3,668,000 19178 
3,718,908 19142 
3,749,401 19155 
3,922,000 19304 
3-1/2 19149 
3.06 19198 
3.1 19200 
3.13 19254 
3.16 19198 
3.19 19254 
3.3 19259 
3.4 19295 
3.4261 19205 
3.50 19301 
3.55 19200 
3.6 19283 
3.8784 19209 
3.9 19164 
3.9543 19205 
3/4 19151 
30,000 19145 
30,900 19286 
30-1/8 19181 
30-mln-dlr 19264 
300,000 19213 
319.2 19204 
33,467 19137 
330,000 19260 
346,000 19267 
35.65 19294 
35.8 19242 19267 
37.96 19294 
38.3 19270 
38.75 19184 
39.4 19242 
3rd 19142 19304 
4,000 19178 19291 
4,377 19211 
4,600 19280 
4,775,000 19267 
4.03 19174 
4.06 19174 
4.1 19285 
4.17 19164 
4.28 19174 
4.3742 19209 
4.6 19270 19272 
4.61 19174 
4.625 19184 
4.7 19144 
4.75 19226 
4.8 19166 
40,000 19145 
40.9 19267 
42-story 19296 
42.45 19294 
420,000 19304 
45,000 19145 
45.6 19259 
48,000 19203 
482,000 19178 
4th 19178 19267 
5,000 19151 19272 19291 
5,613,000 19267 
5,700,000 19297 
5.25 19200 
5/8 19149 
50,000 19295 
500,000 19236 19285 19295 
508.8 19204 
52.8 19254 
53.4 19254 
54.4 19254 
54.6 19270 
54.9 19254 
55,019,000 19231 
574.6 19164 
590.8 19174 
6,714,372 19142 
6-3/4 19201 19237 
6.1 19258 
6.50 19148 19252 
6.79 19164 
6.81 19201 
60,000 19152 
61.7 19142 
614,000 19178 
629.6 19254 
632.3 19254 
643,000 19249 
663.3 19174 
68.4 19198 
6973 19137 
6974 19138 
6975 19139 
6976 19140 
6977 19141 
6978 19142 
6979 19143 
6980 19144 
6981 19145 
6982 19146 
6983 19147 
6984 19148 
6985 19149 
6986 19150 
6987 19151 
6988 19152 
6989 19153 
6990 19154 
6991 19155 
6992 19156 
6993 19157 
6994 19158 
6995 19159 
6996 19160 
6997 19161 
6998 19162 
6999 19163 
7,671,000 19267 
7,891 19165 
7.3 19155 
7.4 19166 
7.8 19200 
7.9 19200 
7/8 19207 
70,000 19152 19295 
70.3 19198 
700,000 19189 
7000 19164 
7001 19165 
7002 19166 
7003 19167 
7004 19168 
7005 19169 
7006 19170 
7007 19171 
7008 19172 
7009 19173 
7010 19174 
7011 19175 
7012 19176 
7013 19177 
7014 19178 
7015 19179 
7016 19180 
7017 19181 
7018 19182 
7019 19183 
7020 19184 
7021 19185 
7022 19186 
7023 19187 
7024 19188 
7025 19189 
7026 19190 
7027 19191 
7028 19192 
7029 19193 
7030 19194 
7031 19195 
7032 19196 
7033 19197 
7034 19198 
7035 19199 
7036 19200 
7037 19201 
7038 19202 
7039 19203 
7040 19204 
7041 19205 
7042 19206 
7043 19207 
7044 19208 
7045 19209 
7046 19210 
7047 19211 
7048 19212 
7049 19213 
7050 19214 
7051 19215 
7052 19216 
7053 19217 
7054 19218 
7055 19219 
7056 19220 
7057 19221 
7058 19222 
7059 19223 
7060 19224 
7061 19225 
7062 19226 
7063 19227 
7064 19228 
7065 19229 
7066 19230 
7067 19231 
7068 19232 
7069 19233 
7070 19234 
7071 19235 
7072 19236 
7073 19237 
7074 19238 
7075 19239 
7076 19240 
7077 19241 
7078 19242 
7079 19243 
7080 19244 
7081 19245 
7082 19246 
7083 19247 
7084 19248 
7085 19249 
7086 19250 
7087 19251 
7088 19252 
7089 19253 
7090 19254 
7091 19255 
7092 19256 
7093 19257 
7094 19258 
7095 19259 
7096 19260 
7097 19261 
7098 19262 
7099 19263 
71.6 19220 
7100 19264 
7101 19265 
7102 19266 
7103 19267 
7104 19268 
7105 19269 
7106 19270 
7107 19271 
7108 19272 
7109 19273 
7110 19274 
7111 19275 
7112 19276 
7113 19277 
7114 19278 
7115 19279 
7116 19280 
7117 19281 
7118 19282 
7119 19283 
7120 19284 
7121 19285 
7122 19286 
7123 19287 
7124 19288 
7125 19289 
7126 19290 
7127 19291 
7128 19292 
7129 19293 
7130 19294 
7131 19295 
7132 19296 
7133 19297 
7134 19298 
7135 19299 
7136 19300 
7137 19301 
7138 19302 
7139 19303 
7140 19304 
7141 19305 
73.6 19254 
73.71 19198 
75.2 19254 
76.06 19198 
76.70 19213 
78.00 19294 
781.6 19164 
79.95 19195 
79.97 19294 
8,000 19277 
8,437,000 19304 
8,458,000 19304 
8,547,000 19304 
8,567,000 19304 
8,574,000 19231 
8,685,000 19304 
8-1/2 19231 
8-1/4 19301 
8.1 19138 
8.2 19264 
8.21 19264 
8.30 19301 
8.4 19270 
8.5 19179 19192 
820-830 19199 
850,000 19148 19157 
88.0 19198 
9-1/2 19184 19252 
9.35 19231 
9.5 19241 
9.60 19252 
9.9 19191 
908,000 19260 
929.3 19204 
95.02 19198 
99.365 19252 
99.89 19264 
99.90 19301 
`` 19139 19147 19157 19160 19163 19164 19165 19167 19181 19191 19208 19211 19218 19220 19232 19234 19241 19245 19247 19255 19259 19263 19264 19266 19268 19276 19285 19289 19292 19295 
a-1-plus 19212 
a-2 19252 
a-3 19301 
aa 19212 
aa-plus 19212 
aa-plus/a-1-plus 19212 
aaa 19264 
aapl.o 19195 
ababa 19273 
abandoned 19208 
abbey 19191 
abboud 19263 
ability 19185 19211 
absb.o 19217 
absorbing 19289 
absotluely 19263 
abuse 19289 
accept 19298 
acceptable 19157 
acceptance 19287 19292 
accepted 19181 
accepting 19165 
accord 19245 19266 19285 
accorded 19266 
account 19237 
accounted 19200 
accounts 19191 19264 
accra 19165 
accumulated 19185 
accurately 19251 
achieved 19292 
achievements 19167 
achieving 19259 
acme-cleveland 19148 
acq 19137 19152 19155 19159 19180 19181 19202 19208 19240 19241 19255 19256 19258 19263 19270 19271 19272 19280 19281 19283 19286 19290 19297 
acquire 19144 19155 19180 19202 19208 19214 19258 19271 19297 
acquired 19159 19242 19276 19280 
acquirers 19263 
acquires 19159 
acquiring 19241 
acquisition 19297 19299 
acrimony 19167 
act 19285 19291 
acted 19157 
acting 19173 19247 
action 19138 19204 19245 19255 19263 19276 19293 19299 
active 19232 19247 
activision 19195 
activities 19242 19264 
activity 19167 19207 19248 
adams 19283 
add 19138 19201 19237 19251 
added 19136 19157 19167 19195 19211 19245 19265 19293 19298 
adding 19201 19245 19266 19290 
addis 19273 
addition 19144 19231 19241 19260 
additional 19157 19200 19250 19289 19295 
adds 19138 
adequate 19181 
adjusted 19172 19249 
adjustment 19274 19278 
adjustments 19211 
adjusts 19251 
administration 19285 19292 
advance 19200 
advanced 19253 19289 
advertising 19191 
adviser 19241 
advisory 19292 
advocated 19292 
aerospace 19289 
aerospatiale 19243 
affair 19287 
affect 19157 19185 
affected 19158 19165 19287 19289 
affecting 19299 
affects 19204 
affiliated 19297 
affiliation 19143 
affirmed 19212 19251 
africa 19245 19273 19295 
african 19245 19273 
afsl.o 19190 19227 
ag 19264 
age 19245 
agencies 19287 
agency 19165 19204 19251 19261 19287 19302 
aggressive 19201 
ago 19145 19167 19191 19198 19238 19289 
agrea.o 19170 19171 
agree 19169 19273 
agreed 19155 19180 19181 19208 19245 19258 19261 19266 19271 19272 19273 19285 19289 19296 19297 
agreemend 19169 
agreement 19143 19144 19164 19169 19176 19225 19243 19266 19268 19270 19273 19285 19286 19291 
agreements 19188 19201 19237 
agrees 19139 19202 19208 19271 19272 
agriculture 19165 19250 19269 
agusta 19243 
ahead 19285 19292 
aid 19164 19165 19246 19266 
ailing 19211 
aim 19200 
aiming 19211 
air 19243 19289 
air-to-ground 19243 
aircraft 19289 
airlines 19297 
airport 19297 
ala. 19173 19180 
alan 19247 
alaska 19177 
albuquerque 19250 
alert 19250 
alex 19217 
alfl.o 19194 
algeria 19285 
alive 19245 
allegations 19223 
allergan 19234 
alleviate 19165 
alliance 19194 
allotments 19149 
allowable 19269 
allowance 19157 
allowances 19220 
allowed 19262 19289 19295 
alter 19292 
amarillo 19216 
amendatory 19276 
amendment 19255 
amendments 19255 
america 19138 19173 19203 19264 
american 19168 19170 19171 19190 19210 19227 19245 19281 19292 
americans 19292 
amex 19210 
amity 19303 
amount 19139 19219 19223 19241 19242 
amounting 19266 
amounts 19245 19266 19292 
amr 19297 
amsterdam-rotterdam 19149 
amt 19148 
amty.o 19303 
ana 19159 
analyst 19285 19289 19292 
analysts 19157 19285 19289 19290 19292 
anchorage 19177 
andrew 19211 
angeles 19291 
anititrust 19223 
announced 19139 19157 19164 19172 19191 19241 19242 19245 19289 
announcement 19165 19261 
annual 19164 19185 19211 19249 19259 19260 
annualised 19218 
annually 19292 
antar 19300 
anthony 19289 
anti-cholesterol 19292 
anti-takeover 19255 
anticipated 19157 19165 
antwerp 19144 
apex 19223 
appeal 19191 
appeals 19223 
apple 19195 
application 19295 
applications 19232 19253 
applies 19176 
apply 19220 
approval 19144 19147 19155 19188 19214 19276 19292 
approve 19259 
approved 19153 19180 19214 19266 19274 19276 19278 19292 
approximately 19260 
april 19172 19178 19180 19181 19198 19204 19272 
ar 19292 
arab 19164 
arabe 19218 
arabia 19285 
arbitrage 19242 
arbitrageur 19241 
area 19139 19250 19272 19273 
areas 19165 19247 19262 19275 
argi.o 19256 
argosystems 19256 
argue 19167 
argus 19289 
armco 19183 
army 19289 
arrange 19191 19201 19237 
arrangement 19245 
arrears 19164 
arteries 19292 
artery 19292 
arthur 19235 
article 19263 
artifical 19148 
ash 19189 
ashland 19189 
asia 19149 
asked 19207 19289 
assemblies 19159 
assert 19245 
assess 19157 19273 
asset 19183 19185 
assets 19159 19167 19183 19191 19214 19227 19245 19280 19294 
assigned 19204 
assist 19274 19278 
association 19157 19179 19185 19190 19192 19219 19226 19227 19246 19292 
associations 19191 
associes 19218 
assume 19289 19298 
assumption 19191 
assured 19211 19269 
atf 19289 
atlanta 19162 19286 
atlantic 19225 
atoka 19271 
attacks 19292 
attempt 19241 19242 19255 
attorney 19223 
attract 19191 
attracted 19263 
attractive 19247 
attributed 19241 
aug 19179 19216 19288 19303 
august 19153 19161 19164 19186 19192 19196 19213 19259 19280 
austerity 19200 
australia 19269 
australian 19269 
austria 19262 
austrian 19298 
author 19157 19191 19211 19285 19289 19292 
authorities 19200 19211 19238 
authority 19139 19199 19208 19276 
auto 19302 
autocatalysts 19295 
automaker 19245 
automatic 19183 19211 
automotive 19203 
average 19155 19165 19191 19201 
averted 19273 
avg 19142 19174 19254 19304 
avoid 19292 
avoided 19169 
avsn.o 19195 
award 19289 
awarded 19176 19289 
awards 19289 
b-2 19261 
b-3 19184 
b-minus 19204 
b-plus 19204 19302 
b-rated 19300 
b.c. 19152 
ba 19256 19289 
ba-3 19261 
baa-1 19251 
baa-2 19251 
bac 19218 19264 
back 19289 19293 19301 
backed 19264 
backers 19164 
bad 19158 
bahrain 19271 
baii 19218 
balance 19185 19302 
balances 19201 19294 
ball 19211 19245 
ban 19165 
bancgroup 19180 
bancorp 19161 19214 19263 19303 
bang 19247 
bank 19138 19149 19151 19160 19167 19180 19185 19191 19197 19198 19204 19211 19212 19214 19226 19228 19233 19244 19245 19246 19247 19252 19264 19274 19276 19278 19284 19294 19300 19303 
bank's 19245 
bankamerica 19264 
banker 19146 19263 
bankers 19211 
banking 19149 19150 19201 19276 
banks 19164 19211 19226 19247 19276 19294 
banned 19164 
banque 19218 
barakat 19285 
barcelona 19211 19226 
barclays 19160 
barclays/nigeria 19156 
bargaining 19225 
barley 19169 19275 
barney 19285 
barrel 19193 19285 
barrels 19223 19285 19291 
barriers 19163 19273 
barring 19285 
bars 19245 
bartels 19148 
base 19157 19167 19264 
based 19175 19218 19242 
bashing 19289 
basic 19280 
basin 19205 19209 
basis 19211 19239 19241 19252 19265 19301 
bausch 19234 
bax 19282 
baxter 19282 
bayerische 19264 
bays 19279 19282 
bb 19204 
bb-minus 19300 
bc 19243 
bc- 19148 19166 19215 19221 19296 
bc-/-fed-expected-to-arr 19201 
bc-/-fed-sets-six-day-sy 19237 
bc-/ic-industries- 19282 
bc-activision- 19195 
bc-african-states-agree 19273 
bc-alliance-federal-corp 19194 
bc-american-federal-savi 19190 19227 
bc-american-greeti 19168 
bc-american-greetings-co 19170 19171 
bc-amex-starts-trading-s 19210 
bc-amity-bancorp-inc- 19303 
bc-armco-inc- 19183 
bc-arthur-d.-little-inc 19235 
bc-baii-details-one-bill 19218 
bc-bankamerica- 19264 
bc-beta-phase- 19154 
bc-boeing- 19256 
bc-boston-digital-corp- 19178 
bc-byrd-urges-reagan-to 19147 
bc-c.o.m.b.- 19143 
bc-canada-post-workers-r 19225 
bc-canadian-money-supply 19284 19294 
bc-canadian-tax-reform-c 19157 
bc-canon- 19230 
bc-chancellor- 19288 
bc-chancellor-corp- 19267 
bc-chrysler- 19181 
bc-citizens-first-bancor 19161 
bc-civil-service-strike 19293 
bc-cold 19262 
bc-colonial-bancgroup- 19180 
bc-computer-products- 19184 
bc-crazy-eddie- 19300 
bc-daxor- 19228 19233 
bc-debt-rescheduling-pac 19156 
bc-deposit-guaranty- 19138 
bc-digicon- 19231 
bc-duff/phelps-lowers-in 19299 
bc-dutch-to-meet-1987-pu 19200 
bc-ec-farm-price-talks-f 19169 
bc-eyskens-wants-102.1-b 19220 
bc-fed-sets-six-da 19229 
bc-federated-financial- 19185 19192 19219 
bc-federated-financial-s 19179 
bc-first- 19263 
bc-first-wisconsin- 19251 
bc-ford- 19203 19249 
bc-full-interstate-banki 19276 
bc-further-us-defense-wr 19289 
bc-galaxy- 19280 
bc-gemcraft- 19260 
bc-gen-dynamics- 19243 
bc-ghana-lifts-rice/maiz 19165 
bc-great-western- 19252 
bc-greyhound-agrees-to-a 19208 
bc-greyhound-lines 19202 
bc-gte- 19176 19232 
bc-harcourt 19242 
bc-harcourt- 19241 
bc-healthcare-services- 19173 
bc-high-water-extends-rh 19199 
bc-ic-industries-n 19279 
bc-illinois-tool-worls-i 19196 
bc-integrated-resources 19146 
bc-japan-buys-8,000-tonn 19277 
bc-jewelmasters- 19268 
bc-kaypro- 19177 
bc-leaseway- 19302 
bc-lloyd's-of-london-dec 19287 
bc-lloyds-bank-says-it-w 19244 
bc-lloyds-pulls-out-of-e 19247 
bc-manufacturers 19301 
bc-may-department 19206 
bc-may-dept-stores- 19259 
bc-medford-savings-appro 19214 
bc-megavest-to-acquire-c 19258 
bc-melamine-chemicals-fi 19189 
bc-merck- 19292 
bc-mesa-limited-partners 19216 
bc-metro-airlines- 19297 
bc-micron-technology-inc 19142 
bc-microsemi- 19159 
bc-minnesota-may-conside 19255 
bc-moody's-may-upg 19257 
bc-mtech- 19137 
bc-n-d-resources- 19271 
bc-n.y.-times- 19286 
bc-nat'l-computer- 19155 
bc-national-fuel-gas-co 19175 
bc-network-security- 19188 
bc-new-england-electric 19254 
bc-news-corp-unit-loan-t 19149 
bc-nigeria-may-sign-debt 19160 
bc-nippon-oil-and-fats-i 19151 
bc-north-american 19281 
bc-northeast-savings- 19186 
bc-norwegian-central-ban 19198 
bc-nvhomes-lp- 19222 
bc-nyse-seeks-comment-fr 19207 
bc-oil-prices 19285 
bc-oshap-technologies- 19144 
bc-permian-basin-royalty 19209 
bc-philips-sees-boom-in 19253 
bc-platinum-demand-estim 19295 
bc-pnc-financial- 19212 
bc-qmax-technology- 19141 
bc-reagan-says-trade-bil 19163 
bc-reed-says-it-has-no-c 19290 
bc-rhine-blocked-for-thr 19238 
bc-s.-africa-citicorp-st 19245 
bc-s/p-withdraws-r 19187 
bc-s/p-withdraws-ratings 19204 
bc-safeway-agrees-to-sev 19272 
bc-san-juan-basin-royalt 19205 
bc-saskatchewan-crops-de 19275 
bc-sci-holdings-may-be-u 19261 
bc-slaughter-guesstimate 19145 
bc-smithkline- 19234 
bc-southeast-banking-cor 19150 
bc-southern-national-cor 19153 
bc-spain-plans-tariff-ov 19211 
bc-spanish-private-bank 19226 
bc-spectramed-initial-of 19217 
bc-stifel-financia 19240 
bc-stifel-financial- 19283 
bc-sudan-boosts-budget-c 19164 
bc-telco-systems-inc- 19304 
bc-texaco- 19193 
bc-texaco-canada-r 19182 
bc-texas-instruments-inc 19172 
bc-texas-utilities-co- 19174 
bc-the-hydraulic-co- 19236 
bc-theragenics- 19162 
bc-total-erickson- 19152 
bc-tribune- 19239 
bc-tribune-co- 19265 
bc-tribune-co-to-i 19224 
bc-tunisia-buys-150,000 19213 
bc-tva-customers-ask-cou 19139 
bc-u.k.-central-bank-war 19167 
bc-u.k.-lenders-offer-mo 19191 
bc-u.s.-court-upholds-ap 19223 
bc-u.s.-refuses-parts-of 19269 
bc-uganda 19266 
bc-unc 19270 
bc-university-bank-and-t 19197 
bc-unocal 19291 
bc-usda-ends-screwworm-c 19250 
bc-viacom- 19248 
bc-weatherford-internati 19298 
bc-wet-weather-no-real-p 19158 
bc-world-bank-loans-indi 19246 
bc-world-bank-to-loan-ja 19274 19278 
bc-xiox- 19140 
bci 19261 
bclj.j 19245 
beach 19217 19268 
beam 19230 
bear 19155 
beckman 19234 
becor 19136 
bed 19291 
beef 19269 
beet 19158 19262 
beets 19262 
began 19247 19256 
begin 19199 19238 19268 19285 19289 
begins 19268 
belcher 19223 
belgian 19144 19220 
belgium 19144 19220 19262 
believed 19211 19269 
believes 19288 
bell 19289 
belt 19275 
benchmark 19285 
benefit 19191 19292 
benefits 19220 
bergung 19238 
bernstein 19292 
beshir 19164 
beta 19154 
beta.o 19154 
beverly 19159 
bid 19181 19272 19289 19290 
bidders 19263 
bidding 19289 
bids 19169 19300 
big 19247 19253 
biggest 19157 
bilateral 19266 
bill 19139 19147 19157 19163 19211 19276 
billion 19147 19149 19157 19164 19174 19198 19200 19204 19211 19218 19220 19253 19254 19257 19259 19261 19266 19272 19289 19290 19292 19294 19295 
bills 19294 
birmingham 19167 19173 
black 19245 
bloc 19164 
block 19285 
blockage 19199 
blocked 19199 19238 
blocking 19238 
blood 19228 19233 19292 
bmy 19292 
bnp 19218 
board 19136 19153 19181 19185 19186 19214 19247 19282 19283 19288 
boats 19199 
boca 19166 
body's 19292 
boeing 19256 19289 
boiler 19291 
boise 19142 
bol 19234 
bold 19157 
bond 19191 19218 19247 
bonds 19220 19247 19294 
bonn 19199 
booked 19294 
boom 19253 
boost 19167 19200 
boosted 19200 19262 
boosts 19164 
borrowed 19149 
borrower 19191 
borrowers 19251 
borrowing 19200 19266 
bost.o 19178 
boston 19178 19241 19267 19288 19301 
botchwey 19165 
bought 19183 19213 19242 19277 
bpcl.l 19290 
brace 19241 19242 19290 
branch 19211 
brand 19157 
brazilian 19213 
brian 19247 
bridgeport 19236 
brings 19285 
bristol 19292 
british 19241 19242 19290 
broad 19264 
broad-based 19157 
broadbent 19157 
broadened 19157 
broadening 19157 
broker 19247 
brokerage 19242 
brokers 19241 19247 
brothers 19236 19239 19241 19242 19264 19265 19285 19301 
brown 19217 
brunswick 19243 
brussels 19220 
budget 19147 19164 19200 
budgetary 19220 
build 19189 19203 19292 
build-up 19292 
building 19191 19247 19296 
bulk 19176 19191 
bundling 19191 
burden 19200 
burlingame 19140 
burnham 19146 
burning 19291 
burnudi 19273 
buses 19208 
bushati 19298 
business 19155 19157 19159 19191 19211 19230 19253 
businessmen 19167 
bust 19289 
butler 19298 
buy 19155 19180 19189 19221 19247 19286 19296 
buyer 19241 19280 
buyers 19169 19191 
buying 19191 19242 19245 19295 
buyout 19272 19302 
buys 19152 19180 19213 19277 
byrd 19147 
c-17 19289 
c. 19292 
c.o.m.b 19143 
c.o.m.b. 19143 
cabinet 19200 
cable 19143 19280 
cablevision 19280 
cadwalader 19223 
caesars 19187 19204 
calif. 19140 19154 19159 19195 19217 19234 
california 19140 19259 19264 19292 
call 19226 19255 
called 19157 19183 19195 19226 
calling 19255 
calls 19200 19204 19241 
calm 19285 
cambridge 19235 
cameras 19232 
canada 19152 19157 19182 19193 19225 19243 19275 19277 19284 19294 
canadian 19157 19182 19193 19225 19277 19284 19294 
canadians 19157 
cancer 19162 
canny.o 19230 
canola 19275 
canon 19230 
capacity 19266 
capita 19266 
capital 19157 19220 19227 19239 19247 19252 19259 19264 19295 19300 
capitol 19146 
captive 19211 
carat 19268 
carcass 19269 
card 19155 19264 19285 
cards 19264 
care 19278 
caretaker 19287 
cargoes 19269 
carney 19263 
carried 19185 
carrier 19297 
carriers 19225 
carries 19261 
carry 19191 
carrying 19200 
cars 19249 19253 
case 19139 19211 19223 19241 19242 19250 19285 19289 
cases 19250 19269 19292 
cash 19152 19159 19164 19204 19245 19256 19280 19283 19287 19294 19297 19302 
cassava 19165 
cast 19183 
castings 19183 
castle 19271 
catalunya 19211 
cattle 19145 
caused 19165 19199 19201 19211 19262 19275 
causing 19158 
cautioned 19263 
cautious 19295 
caw 19204 
ccc-minus 19184 
cci 19245 19276 
cds.v 19152 
cease 19234 
ceiling 19285 
center 19296 
centimetres 19199 
central 19165 19167 19198 19200 19226 19262 
cents 19219 19280 
cereal 19165 
certificate 19264 
certificates 19212 19231 19264 
cfb 19161 
cgp 19223 
chairman 19173 19208 19259 19264 19279 19282 19300 
challenge 19245 
challengeable 19245 
chambers 19276 
chance 19191 19285 
chancellor 19267 19288 
change 19276 19285 19289 
changed 19140 19157 
channel 19199 
chaparral 19297 
characters 19268 
charge 19211 
charged 19223 
charles 19173 19292 
chartered 19294 
chcr 19267 
chcr.o 19267 19288 
cheap 19191 
cheaper 19232 
check 19155 
chemical 19300 
chemicals 19189 
chequable 19294 
chevron 19270 
chicago 19145 19196 19239 19263 19276 19282 19296 19299 
chief 19157 19173 19245 19247 19264 19279 19282 19298 
children 19220 
china 19149 
chips 19232 
choice 19163 
cholesterol 19292 
chooses 19144 
choosier 19191 
chose 19177 
chosen 19220 
chris 19245 19295 
chrispus 19266 
christian-democrat 19200 
chrysler 19181 
chugiak 19177 
chv 19270 
circuit 19223 
circulation 19286 19294 
cited 19261 19302 
cites 19187 
citibank 19245 19302 
citibank's 19245 
citicorp 19245 19276 
cities 19225 
citizens 19161 19212 
city 19263 19300 
civil 19293 
claimed 19223 
claiming 19241 
claims 19160 19272 19287 
clark 19295 
class 19292 
classes 19177 
classic 19264 
clause 19245 
clbga 19180 
clear 19292 
clearing 19164 19247 
cleaving 19176 
cleveland 19170 19171 
climate 19211 19295 
climatic 19158 
climb 19285 
climbed 19285 
clinical 19154 
close 19201 19234 
closed 19181 19226 19272 
closer 19157 
closings 19259 
closure 19272 
club 19266 
cm 19199 
cmco.o 19143 
co-chairman 19160 
co-managed 19236 19252 19264 19301 
co-managers 19149 
coastal 19223 
coface 19213 
cohen 19191 
cold 19158 19262 
colestipol 19292 
collapsed 19191 
collaspe 19208 
collateral 19302 
collected 19157 
collecting 19157 
colo. 19271 
cologne 19199 
colonial 19180 
colorado 19190 19227 19291 
combination 19201 19292 
combined 19151 19242 
combining 19220 19232 
combustion 19291 
coming 19200 19220 19289 
comment 19200 19207 19241 19290 
commerce 19208 
commercial 19137 19146 19160 19162 19164 19212 19272 
commission 19145 19208 19241 19242 19270 
commissioned 19238 
commitment 19211 19247 
commitments 19302 
committed 19285 
committee 19139 19160 19211 
commodities 19223 19273 
common 19148 19155 19184 19189 19210 19214 19215 19216 19217 19221 19231 19236 19241 19242 19258 19260 19270 19273 19292 
commons 19157 
communication 19232 19290 
communications 19241 19261 19281 
community 19169 19245 19278 
comoros 19273 
company 19137 19143 19144 19146 19148 19154 19157 19159 19166 19172 19173 19176 19180 19181 19183 19184 19185 19188 19189 19190 19191 19192 19193 19195 19207 19208 19211 19214 19215 19219 19223 19227 19228 19230 19233 19234 19236 19239 19241 19243 19248 19249 19255 19258 19259 19260 19263 19265 19268 19280 19283 19286 19288 19289 19290 19291 19292 19298 19299 19300 19303 
company's 19207 
comparable 19252 
compare 19232 
compared 19198 19249 19291 19295 19299 19301 
compares 19164 19220 
compay 19173 
compensate 19200 
compete 19157 19243 
competing 19289 19300 
competition 19191 19289 
competitive 19157 19191 19289 19302 
complained 19245 
complete 19211 19273 
completed 19280 
completely 19211 19241 
completion 19155 19283 
complex 19246 
complicated 19191 
components 19159 19176 
compound 19292 
compounds 19292 
computer 19155 19177 19184 19195 19258 
concede 19191 
concern 19165 19211 
concerned 19273 
concerns 19255 19285 
concession 19151 19184 19252 19301 
concessions 19225 
conclude 19295 
condition 19275 
conditions 19158 19283 19285 
condominiums 19296 
conduct 19301 
conducted 19292 
conductive 19232 
conduits 19146 
conference 19285 
confidence 19211 
confirmed 19250 19263 
confusion 19234 
congress 19147 
congressional 19147 
conjuncture 19167 
conn 19303 
conn. 19186 19236 
connecticut 19259 
connection 19256 
connections 19232 
consecutive 19259 
consequences 19165 
conservative 19191 
considerable 19152 
considers 19300 
consists 19185 19221 19232 
consolidated 19152 
consortium 19243 
conspired 19223 
constipation 19292 
consultant 19173 
consultation 19245 
consulted 19245 
consumer 19253 
consuming 19158 
consumption 19295 
contact 19234 
contained 19225 19250 
context 19292 
contingently 19231 
continue 19159 19227 19264 19282 19285 19296 
continued 19262 
continues 19268 19285 
continuing 19239 19265 
contract 19139 19176 19177 19223 19225 19243 19285 19289 19291 
contracted 19139 
contractor 19181 19289 
contractors 19289 
contracts 19283 19289 
contrary 19191 19245 
contrast 19292 
contribute 19149 
contribution 19266 
contributions 19185 
control 19250 
controlled 19144 
controller 19144 
controls 19269 
conventional 19232 
conventionaly 19232 
conversion 19232 19242 
convert 19241 
converted 19214 19241 19242 
convertibility 19241 
convertible 19155 19184 19231 19242 19300 
converting 19242 
cool 19262 
copiers 19230 
corn 19165 
coronary 19292 
corp. 19289 
corporate 19157 19207 19220 19239 19245 19265 
corporation 19138 19144 
corporations 19157 
cortes 19211 
cosmetic 19141 
cost 19157 19191 19220 19268 19289 19291 
cost-effective 19264 
costly 19220 
costs 19139 19211 19247 19289 19291 
counsel 19283 
counter 19200 
counterclaim 19223 
countries 19164 19212 19262 19266 19273 
country 19245 19266 19274 19286 
country's 19220 
county 19286 
coupled 19289 
coupon 19151 19184 19252 19261 19301 
court 19139 19223 19234 19241 19242 
cover 19138 19195 19211 19220 19273 
covered 19164 
covering 19266 
cp 19184 
cprd 19184 
cranes 19199 
crazy 19300 
create 19273 19292 
created 19232 
creating 19232 
creativity 19195 
credit 19160 19213 19218 19264 19266 19291 19300 
creditor 19266 
creditors 19164 19211 
credits 19157 
creditwatch 19300 
creek 19291 
crimped 19163 
crisis 19211 19285 
critical 19157 
criticised 19200 
cronin 19173 
crop 19158 19165 19262 19275 
crops 19165 19275 
crossen 19292 
crow 19296 
crowns 19198 
crude 19182 19193 19285 19291 
crusade 19292 
crushers 19277 
crystal 19253 
crystals 19232 
crzy.o 19300 
cts/bbl 19182 
culture 19292 
currency 19211 19285 19294 
current 19143 19165 19219 19220 19242 19276 19285 19290 
currey 19208 
customer 19139 19203 19264 
customers 19139 
customs 19273 
cut 19149 19157 19220 19273 19289 
cuts 19167 19191 19200 19220 19270 19273 
cutting 19157 
cvn 19143 
czechoslovakia 19262 
d'arbitrage 19218 
d'investissement 19218 
d. 19235 19236 
d.c. 19259 
daily 19286 19294 
dallas 19172 19174 19188 19208 19272 19297 
dallas/fort 19297 
damage 19169 19262 19275 
damages 19223 
damaging 19167 
danger 19289 
dart 19272 
darta.o 19272 
data 19155 
dates 19276 
david 19232 19259 19292 
daxor 19228 19233 
daxr.o 19228 19233 
day 19160 19285 19291 19292 
days 19157 19191 19238 19255 
dayton 19141 
dayton-hudson 19255 
de 19211 19218 
deal 19228 19233 19245 19252 19265 19301 
dealer 19177 
dealers 19237 19249 
deals 19242 
dearborn 19194 19203 
death 19292 
debenture 19155 19204 19241 
debentureholders 19242 
debentures 19155 19184 19204 19231 19241 19242 19261 
debt 19138 19146 19156 19160 19164 19184 19204 19211 19212 19231 19236 19251 19257 19261 19266 19272 19299 19300 19302 
debts 19164 19211 19266 
december 19164 19213 19276 19285 19303 
decide 19220 
decided 19191 19223 19247 19255 
decides 19241 
decimating 19289 
decision 19191 19223 19247 19266 
decisions 19157 
decker 19232 
declaration 19211 
declarations 19211 
declaratory 19241 
declared 19153 19164 19186 19227 19288 19303 
declares 19287 19288 
decline 19261 19285 
declined 19200 19211 19241 19247 19295 
declines 19285 
decrease 19260 
default 19211 
defaulted 19211 
defence 19147 
defense 19181 19256 19289 
deficit 19164 19200 19204 
deficits 19289 
defined 19220 
definitive 19188 
dehesa 19211 
delaware 19140 
delay 19169 19262 19293 
delayed 19262 19293 
delaying 19199 
delays 19293 
deliver 19223 
deliveries 19285 
delivery 19167 19223 19228 19233 
deluxe 19155 
demachy 19218 
demand 19139 19253 19278 19295 
demands 19225 
democratic 19157 
democratic-led 19147 
democrats 19147 
denmark 19262 
denominated 19285 
denominations 19151 
density 19262 
denver 19190 19227 
dep 19138 
department 19139 19206 19250 19259 19269 19289 19291 19293 
deposit 19138 19212 
depositors 19191 
deposits 19164 19292 19294 
deps.o 19138 
dept 19259 
deregulation 19247 
design 19221 
designate 19255 
designated 19283 
designed 19255 19274 
desire 19285 
desk 19163 
destin 19180 
destroy 19163 
details 19211 19218 19261 19266 19277 
detecting 19232 
deter 19167 
deteriorate 19275 
deterioration 19275 19302 
detroit 19181 19249 
develop 19243 19289 19296 
developed 19289 19292 
developing 19212 19247 19289 
development 19203 19232 19246 19258 19262 19289 19296 
developments 19207 
develops 19232 
device 19154 19232 
devics 19232 
dgc 19231 
dh 19255 
dialing 19166 
diamantis 19289 
dictated 19289 
diet 19292 
diets 19292 
difficult 19164 19255 19295 
difficulties 19158 
difficulty 19167 
digicon 19231 
digital 19148 19178 
digital-optronics-co 19148 
diligence 19283 
dillon 19270 
dimensional 19232 
direct 19143 19237 
direction 19163 19191 
directly 19139 
director 19173 19191 19232 19245 19295 
directors 19181 19259 19283 
dis 19268 
disclosed 19203 19245 19268 19280 19286 
discount 19259 
discouraging 19220 
discoverd 19232 
discuss 19200 19247 
discussed 19200 19211 19220 
discussion 19247 
disease 19292 
disilicide 19232 
disinvestment 19245 
dismissing 19223 
disney 19268 
display 19253 
displays 19253 
disputes 19262 
disrupt 19285 
disruptive 19169 
disrupts 19169 
distance 19166 
distorting 19163 
distribution 19144 19162 19234 
distributors 19139 
district 19139 19177 19234 
div 19150 19161 19172 19179 19190 19192 19194 19196 19197 19205 19209 19216 19222 19235 19303 
divers 19238 
diverse 19220 
divestment 19245 
dividend 19153 19161 19172 19175 19186 19189 19194 19196 19197 19204 19205 19209 19227 19235 19280 19288 19303 
dividends 19185 19216 19288 
dividing 19147 
division 19155 19176 19272 
djibouti 19273 
dlr 19137 19149 19151 19176 19204 19212 19230 19241 19246 19253 19256 19259 19267 19274 19278 19300 
dlrs/bbl 19182 
dlx 19155 
dod 19289 
doe 19139 
dog 19250 
dogg.f 19243 
dollar 19285 19294 
dollars 19285 19289 
dome 19152 
domestic 19218 19278 
donald 19268 
donaldson 19270 19289 
donaldsonville 19189 
dornier 19243 
dosage 19292 
douglas 19289 
downgrade 19300 
downgraded 19302 
dp-6 19299 
dp-7 19299 
dr. 19292 
draft 19220 
drafted 19200 
drain 19201 
dram.o 19142 
drawbacks 19292 
drawing 19198 
drawn 19220 
drexel 19146 
dried 19165 
drinking 19165 
drives 19285 
drop 19241 
drought 19165 
drug 19292 
drugs 19292 
dry 19165 19275 
dual-color 19230 
duck 19268 
due 19139 19151 19165 19184 19204 19211 19219 19227 19231 19241 19252 19266 19283 19285 19291 19293 
duff 19299 
duff/phelps 19299 
duisburg 19199 
duluth 19183 
duncan 19191 
durum 19275 
dutch 19200 19238 
duties 19173 19298 
dynamics 19243 19289 
eager 19191 
earlier 19165 19191 19211 19247 19249 19260 19276 19290 19292 
early 19191 19199 19232 19247 19262 19285 19293 
earmarked 19164 19191 
earn 19142 19170 19171 19174 19178 19254 19267 19304 
earned 19220 19259 
earning 19191 
earnings 19138 19178 19185 19212 19219 19227 19259 
earrings 19268 
easier 19292 
easing 19285 
eastern 19164 19246 19262 19273 
eberstadt 19292 
ec 19169 
economic 19164 19165 19167 19200 19251 19266 19274 19278 
economically 19251 
economist 19157 
economists 19157 19201 19237 
economy 19164 19211 19227 
ed 19157 
eddie 19300 
edmonton 19225 
edmonton/swann 19193 
edward 19236 
effected 19175 
effective 19153 19162 19166 19193 19245 19282 
effects 19247 19273 19292 
efficiency 19232 
efficient 19191 19232 19253 19289 19291 
effort 19247 
eight-acre 19296 
eindhoven 19253 
elastomeric 19176 
ele 19181 
elected 19282 
elections 19191 
electric 19139 19183 19254 19289 
electrical 19211 
electricas 19211 
electricity 19139 19291 
electronic 19154 19230 19232 
electronics 19181 19256 19289 
electrospace 19181 
eletrospace 19181 
eligible 19291 
elimination 19185 19273 
embassies 19266 
emergence 19262 
emeritus 19282 
employ 19245 
employee 19245 
employees 19245 19247 19283 
employer 19245 
employers 19226 
employment 19283 
enable 19302 
enabling 19211 
encompass 19220 
end 19164 19211 19225 19247 19254 
ended 19170 19171 19178 19250 19259 19260 19294 19303 
ending 19164 19185 19219 19287 
ends 19250 
enemies 19289 
energy 19139 19211 19232 19285 
energy-intensive 19139 
engine 19289 
engineering 19243 
england 19167 19254 
enhanced 19195 
enjoined 19139 
enjoy 19167 
enrichment 19139 
entered 19237 
enterprise 19176 19274 19278 
entertainment 19300 
entire 19232 
entitled 19144 
entry 19269 
environment 19289 
envisages 19220 
enzyme 19292 
eptastatin 19292 
equal 19245 
equipment 19177 19230 19253 
equity 19151 19247 
equivalent 19191 
erickson 19152 
erie 19183 
escape 19290 
escorts 19285 
essentially 19245 
estable 19211 
establish 19144 19228 19233 
established 19239 
establishment 19303 
estate 19146 19203 19296 
estimate 19291 19292 
estimated 19185 19266 19295 
ethiopia 19273 
eugene 19298 
eurobond 19151 
eurobond/gilt 19247 
eurobonds 19244 19247 
europe 19144 19151 19158 19249 19253 19262 
european 19169 19249 19262 19278 
evaluate 19136 19255 
evans 19183 
evening 19286 
evenly 19157 
eventually 19223 
evolutionary 19157 
ex-dividend 19248 
exceeded 19291 
exceptionally 19266 
excess 19185 19200 
excessive 19158 19167 
excessively 19167 
exchange 19144 19145 19198 19207 19210 19211 19223 19231 19241 19242 19247 19258 19270 19285 19287 
exchangeing 19231 
excited 19232 
executed 19188 
executing 19201 
execution 19283 
executive 19173 19245 19247 19279 19282 19292 19298 
executives 19173 19292 
exemptions 19157 
exercisable 19151 
exercise 19215 
exhausted 19191 
existing 19136 19189 19264 
expand 19273 
expansion 19295 
expect 19204 19211 19285 
expectations 19191 
expected 19147 19148 19155 19157 19201 19204 19220 19225 19237 19247 19268 19275 19289 19292 
expects 19162 19216 19259 19260 19285 19302 
expenditure 19164 19200 19259 
experiences 19165 
experimental 19289 
expertise 19245 
experts 19164 19285 
expired 19137 19256 
expires 19256 19283 
explain 19207 
explained 19191 
explaining 19191 
exploration 19152 
export 19169 19213 19278 
exported 19289 
exports 19274 19295 
exposure 19138 19211 19251 19287 
express 19228 19233 
express' 19228 19233 
expressed 19211 
extend 19143 19211 19232 
extendable 19301 
extended 19137 19211 19215 19246 19266 
extending 19164 19232 
extends 19199 19215 
extent 19227 
external 19266 
extinguishable 19231 
extra 19285 
extremely 19302 
eyskens 19220 
f.o 19262 
f0826 19137 
f0828 19138 
f0834 19139 
f0837 19140 
f0838 19141 
f0839 19142 
f0843 19143 
f0845 19144 
f0865 19145 
f0868 19146 
f0873 19147 
f0875 19148 
f0880 19149 
f0886 19150 
f0887 19151 
f0892 19152 
f0893 19153 
f0894 19154 
f0899 19155 
f0913 19156 
f0929 19157 
f0937 19158 
f0938 19159 
f0940 19160 
f0942 19161 
f0943 19162 
f0948 19163 
f0951 19164 
f0959 19165 
f0963 19166 
f0981 19167 
f0982 19168 
f0988 19169 
f0999 19170 
f1001 19171 
f1002 19172 
f1003 19173 
f1005 19174 
f1033 19175 
f1034 19176 
f1035 19177 
f1036 19178 
f1037 19179 
f1040 19180 
f1043 19181 
f1047 19182 
f1053 19183 
f1065 19184 
f1066 19185 
f1067 19186 
f1068 19187 
f1071 19188 
f1072 19189 
f1076 19190 
f1077 19191 
f1087 19192 
f1102 19193 
f1103 19194 
f1111 19195 
f1112 19196 
f1117 19197 
f1118 19198 
f1120 19199 
f1142 19200 
f1158 19201 
f1161 19202 
f1163 19203 
f1165 19204 
f1180 19205 
f1194 19206 
f1197 19207 
f1201 19208 
f1205 19209 
f1208 19210 
f1216 19211 
f1217 19212 
f1218 19213 
f1223 19214 
f1224 19215 
f1225 19216 
f1237 19217 
f1242 19218 
f1247 19219 
f1250 19220 
f1254 19221 
f1255 19222 
f1280 19223 
f1287 19224 
f1289 19225 
f1296 19226 
f1297 19227 
f1298 19228 
f1304 19229 
f1306 19230 
f1313 19231 
f1319 19232 
f1320 19233 
f1321 19234 
f1330 19235 
f1342 19236 
f1350 19237 
f1365 19238 
f1370 19239 
f1374 19240 
f1383 19241 
f1408 19242 
f1410 19243 
f1411 19244 
f1442 19245 
f1444 19246 
f1461 19247 
f1471 19248 
f1475 19249 
f1483 19250 
f1499 19251 
f1503 19252 
f1505 19253 
f1506 19254 
f1510 19255 
f1516 19256 
f1523 19257 
f1546 19258 
f1553 19259 
f1556 19260 
f1568 19261 
f1570 19262 
f1572 19263 
f1583 19264 
f1587 19265 
f1608 19266 
f1609 19267 
f1613 19268 
f1625 19269 
f1647 19270 
f1651 19271 
f1654 19272 
f1660 19273 
f1666 19274 
f1669 19275 
f1674 19276 
f1676 19277 
f1703 19278 
f1715 19279 
f1728 19280 
f1732 19281 
f1733 19282 
f1739 19283 
f1740 19284 
f1743 19285 
f1746 19286 
f1753 19287 
f1756 19288 
f1763 19289 
f1777 19290 
f1788 19291 
f1789 19292 
f1794 19293 
f1795 19294 
f1797 19295 
f1820 19296 
f1822 19297 
f1823 19298 
f1824 19299 
f1830 19300 
f1832 19301 
f1836 19302 
f1840 19303 
f1841 19304 
f404 19289 
face 19241 19242 
faced 19266 
faces 19163 19201 
facilities 19139 
facility 19144 19149 19203 19230 19291 
fact 19211 
factions 19200 
factor 19285 19292 
factories 19262 
factors 19200 19285 
failed 19147 19250 
failure 19165 19169 19211 
fair 19157 19275 
fairer 19157 
fairly 19157 
falconbridge 19157 
fall 19165 19191 19198 19268 19291 19292 
falls 19294 
families 19220 
family 19278 
farm 19158 19169 
farmers 19158 
farming 19165 
farms 19158 
farrell 19259 
fast 19167 
fastest-growing 19286 
fat 19292 
fats 19151 
fatty 19292 
favorably 19232 
favoring 19223 
favourable 19167 19220 19262 
favoured 19220 
favouring 19262 
fbt 19263 
fdx 19228 19233 
fears 19211 
features 19195 
featuring 19268 
february 19211 19223 
fecsa 19211 
fecsa's 19211 
fed 19201 19229 19237 
federal 19139 19157 19185 19190 19194 19201 19214 19219 19227 19228 19233 19237 
federated 19179 19185 19192 19219 
fedf.o 19179 19185 19192 19219 
feed 19169 
feel 19247 
fees 19223 
fell 19284 19294 
fiber 19166 19176 
fidelity 19212 
field 19262 
fields 19262 
fifteen 19273 
fight 19157 19292 
fighter 19289 
fighting 19289 19292 
figure 19198 
figures 19200 19293 
filed 19148 19189 19236 19272 
files 19189 19236 
filing 19241 19242 19270 
final 19147 19151 19238 19301 
finance 19149 19157 19164 19165 19200 19204 19220 19231 19266 
financed 19204 19220 
finances 19247 
financial 19167 19179 19185 19192 19212 19219 19240 19241 19251 19252 19264 19266 19274 19278 19283 19299 
financing 19261 19283 
firm 19183 19204 19238 19242 19251 19256 19265 19285 19296 
firms 19276 19289 
fiscal 19185 19219 19220 19259 
fishing 19165 
fits 19155 
five-year 19149 19221 19259 19287 
fixed 19139 19151 19159 19191 19294 19299 
fixed-price 19289 
fixed-term 19294 
fla. 19166 19221 19241 19268 
flag 19285 
flax 19275 
fleet 19238 
fleming 19292 
floating 19191 19199 
floor 19145 
floors 19296 
florida 19180 19242 
flour 19164 
flow 19302 
fluidized 19291 
flushing 19292 
fnsea 19158 
fob 19213 
food 19165 19272 19292 
foolish 19167 
foot 19203 19230 19259 
force 19139 19223 19289 
forced 19191 19199 
ford 19203 19245 19249 
forecast 19199 19295 
forecasting 19201 
forecasts 19290 
foreign 19138 19144 19164 19198 19211 19247 19266 19294 
foresaw 19295 
forget 19167 
form 19163 19214 19232 19292 
formally 19266 
formed 19144 19183 19211 19243 19261 
forms 19183 
forseeable 19302 
forsyth 19286 
fort 19205 19209 
found 19232 19234 19292 
foundation 19285 
founder 19300 
foundry 19183 
four-day-old 19225 
four-engine 19289 
four-year 19164 
fourth 19278 19285 
fox 19259 
framework 19211 19266 
franc 19218 19220 
france 19158 19213 19218 19243 19262 19266 
francisco 19264 
francs 19220 19266 
frank 19264 19285 
fraud 19287 
fred 19208 
free 19195 19273 
french 19158 19213 19266 
frequent 19262 
fresh 19158 19164 19211 
friday 19248 19255 19285 
fright 19211 
frm 19189 
fromartz 19292 
front 19195 
frozen 19228 19233 
fruit 19158 
fslic 19185 
fuel 19175 
fuels 19291 
fuerzas 19211 
fuji 19151 
fulfilled 19223 
full 19190 19192 19223 19276 19292 19303 
fully 19164 
fun 19292 
functions 19195 19247 
fund 19164 19185 19264 19266 
fundamentally 19292 
funding 19212 
funds 19155 19191 19201 19211 19237 19264 
future 19211 19247 19302 
futures 19285 
fwb 19251 19296 
g. 19259 
ga. 19286 
gabon 19266 
gain 19292 
gains 19276 19292 
galaxy 19280 
gamble 19191 
game 19211 
gap 19200 
garages 19208 
garrett 19243 
gas 19175 19200 19271 
gathering 19271 
gaurantees 19291 
gd 19243 19289 
ge 19289 
gemcraft 19260 
gemh.o 19260 
gen 19243 
general 19211 19239 19243 19245 19265 19285 19289 19294 
generally 19262 
generate 19302 
generation 19211 19246 19289 
generous 19266 
german 19238 
germany 19238 19243 19262 
ghana 19165 
gillett 19261 
gilt 19247 
gilts 19244 19247 
give 19211 
giving 19200 
glass 19176 19292 
glen 19161 
gloeilampenfabrieken 19253 
gmbh 19238 19243 
gna 19165 
gold 19152 19198 19268 
gold-bearing 19152 
goldman 19283 
good 19167 19262 19275 
goods 19273 
goofy 19268 
government 19144 19157 19164 19165 19200 19211 19220 19237 19247 19269 19289 19291 19294 
government-controlled 19144 
government-inspired 19211 
government-to-government 19266 
governments 19164 19273 
governor 19167 19255 19276 
grab 19157 
grace 19149 19266 
grade 19204 19301 
grain 19165 19169 19213 19275 
grams 19292 
grant 19266 
granted 19220 19266 
great 19157 19252 
greater 19232 19285 19292 
greatly 19211 19220 
greyhound 19202 19208 
grinding 19183 
gross 19184 19252 19301 
ground 19243 
grounds 19211 
group 19141 19189 19210 19217 19221 19236 19272 19285 19289 19302 
groups 19141 19220 19273 
grow 19232 19253 
growing 19165 19191 19232 19253 19262 
growth 19163 19200 19262 19295 
gte 19176 19232 
gtv 19280 
guarantee 19211 19287 
guaranteed 19149 19151 
guarantees 19291 
guaranty 19138 
gubernatorial 19276 
guesstimated 19145 
guesstimates 19145 
guesstimating 19145 
guilders 19200 
guillermo 19211 
gulf 19285 
gwf 19252 
gwinnett 19286 
h.k 19149 
hague 19200 
hail 19275 
half 19164 19208 19225 19285 
halted 19248 
hammmermill 19299 
hampered 19262 
hand 19204 
handled 19245 
hanover 19149 19301 
harcourt 19241 19242 19290 
hard 19157 
harms 19238 
harris 19285 
hart-scott-rodino 19256 
hartcourt 19242 
hartford 19186 
harvest 19165 
hatch 19289 
hauling 19302 
haven 19303 
hawks 19285 
hays 19259 
hbj 19241 19242 19290 
hci 19159 
head 19145 
headed 19241 19275 
headquarters 19228 19233 19296 
health 19274 19278 19292 
healthcare 19173 
healthier 19292 
hear 19276 19289 
heart 19292 
heat 19223 19291 
heating 19223 19232 
heavy 19199 19262 19266 
hecht 19259 
hedge 19191 19285 
hedging 19191 
held 19155 19191 19221 19283 19296 19297 
helicopter 19289 
helped 19191 19285 19289 
hesitate 19289 
high 19163 19167 19177 19191 19199 19232 19275 19291 19299 19302 
high-technology 19289 
higher 19220 19285 19295 
highest 19220 19285 
hike 19193 
hikes 19194 
hill 19285 
hills 19193 
himalaya 19220 
hints 19245 
hirshberg 19148 
hit 19157 19275 
hobby 19147 
hog 19145 
hold 19164 19242 19285 
holders 19188 19221 19231 19241 19242 19280 19301 
holdes 19264 
holding 19183 19214 19276 19303 
holdings 19198 19257 19261 
holds 19227 
home 19185 19191 19264 
homebuyer 19191 
homebuyers 19191 
hong 19149 
hong-kong 19149 
hopes 19246 19253 
hoping 19266 
horse 19147 
hospital 19154 
hot 19275 
hours 19226 19228 19233 
house 19145 19157 19163 19255 19276 
house-passed 19163 
household 19191 
houston 19231 19260 19263 19298 
howard 19289 
hsai.o 19173 
hundreds 19191 19289 
hunting 19243 19250 
hurst 19211 
hurt 19157 
hybrid 19159 
hydraulic 19236 
hydrocare 19234 
hypo-care 19234 
ic 19279 19282 
icx 19282 
idaho 19142 
idea 19242 19245 
identify 19280 
iigs 19195 
ilacqua 19285 
illinois 19196 19276 
image 19245 
imagined 19232 
imf 19164 
immediately 19234 19292 
imminent 19208 
impact 19157 19169 19185 19273 
implemented 19269 19272 
implementing 19147 
implements 19204 
implications 19165 19300 
implied 19300 
import 19165 
important 19157 19245 
imported 19289 
imports 19165 
imposed 19165 19269 
impossible 19164 19262 
improve 19266 19278 
improved 19211 19259 
improvement 19259 
inappropriate 19266 
incident 19285 
inclined 19255 
include 19157 19178 19183 19220 19231 19245 19273 19283 19291 19296 
included 19302 
includes 19159 19195 19231 19243 19259 19286 
including 19144 19165 19176 19200 19223 19230 19242 19268 19285 
income 19157 19185 19200 19220 19260 19266 
incomes 19220 
inconsistent 19241 
incorporated 19195 
incorporation 19140 
increase 19138 19139 19157 19167 19226 19241 19246 19285 19295 
increased 19157 19227 19249 19285 19289 19295 19299 
increases 19157 19175 19193 19211 19259 
increasing 19139 19153 19155 19181 
increasingly 19191 
incurred 19272 
indemnification 19259 
india 19246 
indicating 19207 
indirect 19220 
individual 19157 
indosuez 19218 
induce 19191 
industrial 19139 19253 19293 
industries 19139 19157 19258 19279 19282 
industry 19167 19183 19191 19211 19245 19249 19274 19278 19285 19289 19292 19293 
industry's 19211 
ineligible 19164 
inflation 19167 
infusion 19154 
inhibitors 19292 
inisel 19243 
initial 19148 19186 19189 19217 19268 
initially 19230 
injection 19237 
inspection 19238 
inspectorate 19188 
inspectors 19269 
installation 19176 
instituted 19255 
institution 19191 
institutions 19191 19276 
instrument 19191 
instruments 19172 
insurance 19146 19162 19185 19219 19287 
insz.z 19188 
integrated 19146 
intellectual 19159 
intend 19157 
intent 19180 19280 
intention 19139 19172 19181 19288 
interbank 19149 
interest 19144 19149 19155 19164 19167 19191 19201 19218 19220 19229 19237 19241 19294 
interested 19241 
interests 19152 19264 
intermediate 19285 
international 19151 19157 19164 19183 19188 19211 19221 19241 19243 19246 19251 19266 19290 19298 19299 
international-design 19221 
internationale 19218 
interstate 19166 19208 19276 
interupt 19292 
intervene 19139 
intervened 19241 19242 
intervening 19167 
intervention 19169 19208 
interview 19211 
intravenous 19154 
introduce 19157 
introduced 19157 
inventories 19159 19285 
investigation 19283 
investment 19144 19146 19155 19157 19167 19183 19220 19242 19247 19291 19295 19296 
investments 19157 19289 
investor 19191 19302 
investors 19148 19251 19261 19264 19287 19301 
invited 19149 
involve 19287 
involved 19147 19183 19245 19247 19266 19287 
involvement 19247 
ip 19299 
iran 19285 
iran-iraq 19285 
iranian 19285 
iraq 19285 
ire 19146 
ireland 19262 
irvine 19234 
irving 19137 
israeli 19144 
issue 19151 19155 19184 19204 19207 19218 19224 19231 19239 19241 19252 19271 19301 
issued 19160 19218 19231 19242 19266 
issuer 19301 
issues 19147 19151 19204 19245 
issuing 19151 
italy 19243 
items 19273 
itt 19245 
itw 19196 
j.w 19259 
jack 19253 
jackson 19138 
jamaica 19274 19278 
james 19157 19276 
january 19259 19266 19285 
japan 19203 19230 19277 
japanese 19165 19253 19277 
jem 19268 
jenrette 19270 19289 
jeopardise 19167 
jewellery 19295 
jewelmasters 19268 
jewelry 19268 
jne 19221 
job 19245 
jobber 19247 
jobbers 19247 
jobs 19163 19245 
johannesburg 19245 
john 19157 19245 19285 19289 
johnson 19282 19295 
joined 19139 
joint 19144 19160 19183 19261 
jones 19236 
jose 19211 
journal 19263 19292 
jovanovich 19241 19242 19290 
jr 19173 
juan 19205 
judgment 19241 
july 19137 19150 19151 19153 19161 19162 19164 19166 19172 19175 19179 19186 19190 19192 19194 19197 19205 19209 19213 19215 19216 19218 19222 19235 19245 19276 19277 19282 19283 19285 19288 19293 19303 
june 19137 19138 19139 19140 19141 19142 19143 19144 19145 19146 19147 19148 19149 19150 19151 19152 19153 19154 19155 19157 19158 19159 19160 19161 19162 19163 19164 19165 19166 19167 19169 19170 19171 19172 19173 19174 19175 19176 19177 19178 19179 19180 19181 19183 19184 19185 19186 19188 19189 19190 19191 19192 19193 19194 19195 19196 19197 19198 19199 19200 19201 19203 19204 19205 19207 19208 19209 19210 19211 19212 19213 19214 19215 19216 19217 19218 19219 19220 19221 19222 19223 19225 19226 19227 19228 19230 19231 19232 19233 19234 19235 19236 19237 19238 19239 19241 19242 19243 19245 19246 19247 19248 19249 19250 19251 19252 19253 19254 19255 19256 19258 19259 19260 19261 19262 19263 19264 19265 19266 19267 19268 19269 19270 19271 19272 19273 19274 19275 19276 19277 19278 19280 19282 19283 19285 19286 19287 19288 19289 19290 19291 19292 19293 19294 19295 19296 19297 19298 19299 19300 19301 19302 19303 19304 
justified 19247 
justify 19247 
karl 19279 19282 
karlsruhe 19199 19238 
kaypro 19177 
keeping 19245 19300 
kenya 19273 
key 19245 19283 19292 
keynes 19295 
khartoum 19164 
khartoum-based 19164 
kingdom 19243 19262 
kit 19176 
kiyonga 19266 
kms 19199 
knowing 19223 
knuettel 19285 
kong 19149 
korea 19169 
kpro.o 19177 
kurt 19298 
kuwait 19285 
kwesi 19165 
ky 19139 
ky. 19189 
l. 19298 
l.f. 19285 
l.p. 19280 
la 19211 
la. 19189 
labelled 19157 
laboratories 19232 19282 
labour 19262 
lack 19158 19211 
lacking 19165 
laidlaw 19283 
lambert 19146 19292 
land 19203 
lands 19154 
large 19139 19201 19237 19276 19289 
largest 19158 19191 19253 19295 
larry 19157 
laser 19148 19230 
laserplus 19166 
last-half 19277 
late 19164 19193 19276 19289 19292 19293 
latest 19200 19225 
latin 19138 
latronica 19289 
launch 19253 
laurent 19157 
law 19211 19276 
lawrenceville 19286 
lawsuit 19139 
lcds 19253 
lead 19149 19151 19218 19252 19289 19301 
leader 19147 19157 19255 
leaders 19157 19292 
leading 19211 19292 
leads 19292 19295 
leaked 19200 
lease 19203 
leaseway 19302 
leave 19220 19242 19298 
leaves 19247 19298 
leaving 19270 
led 19148 19157 19189 19217 19262 
legal 19245 19283 
legally 19245 
legislation 19163 19255 19276 
legislative 19255 
legislators 19255 
legislature 19276 
lehman 19252 19285 19301 
leigh-pemberton 19167 
lender 19191 
lenders 19191 
lending 19211 
length 19271 
lens 19234 
lent 19211 
lesotho 19273 
lessening 19169 
letter 19160 19180 19225 19245 19280 
lettter 19264 
level 19199 19227 19285 19287 
levels 19191 19199 19269 19292 
leverage 19264 19299 19302 
leveraged 19272 19302 
lhx 19289 
liability 19162 19164 
liberal 19157 19200 
liberty 19180 
libya 19285 
license 19268 
licensing 19268 
licht 19262 
lichtblau 19285 
life 19146 19218 
lift 19238 
lifted 19165 
lifting 19165 19199 19238 
lifts 19165 
light 19182 19232 19241 19289 
lighter 19199 19238 19253 
likes 19289 
limited 19216 19266 
limits 19269 19276 
line 19191 19300 
liners 19183 
lines 19202 19208 19230 
liquid 19253 19294 
list 19273 
listed 19151 
liver 19292 
livestock 19269 
lk 19289 
lloyd 19287 
lloyds 19244 19247 
loan 19138 19149 19179 19185 19191 19192 19219 19246 19251 19274 19278 19291 
loaned 19191 
loans 19138 19146 19164 19190 19191 19211 19212 19227 19246 19264 19274 19278 19294 
lobbied 19276 
local 19139 19238 19245 
localized 19162 
lock 19191 
lockheed 19289 
lomb 19234 
london 19151 19160 19167 19169 19191 19211 19241 19247 19287 19290 19293 19295 
long 19157 19166 19169 19211 19266 
long-term 19203 19295 
longer 19155 19247 
lord 19259 
los 19291 
losing 19289 
loss 19138 19142 19178 19251 19267 19291 19304 
losses 19138 19247 19287 
lot 19157 
lots 19269 
louis 19243 19259 19283 
loves 19191 
low 19191 19262 19266 19292 19299 
lower 19157 19165 19166 19219 19222 19223 19242 19292 
lowered 19157 19299 
lowering 19167 19292 
lowers 19299 
lowest 19191 
lp 19222 
ltc 19302 
ltle.o 19235 
lufkin 19270 19289 
lukman 19285 
lumberton 19153 
luxembourg 19151 
luxury 19296 
lynch 19157 19239 19252 19265 19285 
m-1 19284 19294 
m-1-a 19294 
m-2 19294 
m-3 19294 
m.e 19183 
ma 19259 
machine 19157 
macro-economic 19220 
made 19157 19160 19165 19191 19211 19231 19232 19238 19262 19266 19289 19291 
madras 19246 
madrid 19211 19226 
mager 19289 
mail 19143 19225 
main 19199 
mainstay 19191 
maintain 19247 19264 19285 
maintaining 19247 
mair 19297 
mair.o 19297 
maitland 19221 
maize 19165 
major 19154 19157 19165 19188 19193 19211 19247 19266 19289 19294 
majority 19147 19200 19255 
make 19139 19191 19211 19223 19230 19232 19241 19247 19255 19266 19268 19273 19280 19290 19295 19297 
makers 19247 
makes 19148 19191 
making 19220 19232 19244 19247 19289 
malawi 19273 
man 19247 
manage 19218 19287 
managed 19218 19270 
management 19151 19283 19300 19302 
manager 19149 19151 19184 19211 19218 19252 19301 
managers 19149 19211 19245 
managing 19191 19211 19245 
mandatory 19163 
manford 19157 
manipulation 19223 
manual 19195 
manufacturers 19149 19157 19253 19301 
manufacturing 19144 
marco 19211 
marginal 19220 
margins 19276 
margoshes 19285 
mark 19180 19220 
market 19169 19191 19200 19207 19211 19218 19223 19237 19241 19242 19244 19247 19249 19253 19268 19273 19285 19287 19290 19292 
marketable 19178 
marketed 19253 
marketing 19143 19295 19300 
markets 19163 19167 19239 19247 19252 
marriage 19220 
mass. 19178 19197 19214 19232 19235 19254 19304 
massive 19211 19295 
material 19232 
matter 19191 
matters 19147 
matthey 19295 
maturing 19262 
maturities 19239 19265 
maturity 19252 19301 
mauritius 19273 
maxwell 19241 19242 19290 
mccarter 19148 
mcdonnell 19289 
mclean 19222 
md 19289 
meaningful 19204 
means 19191 
measure 19163 
measures 19157 19200 
measuring 19253 
meat 19269 
mechanism 19211 
medford 19214 
media 19183 
medical 19292 
medicine 19292 
mediterranean 19158 
medium 19160 19211 19224 19295 
medium-term 19239 19264 19265 
meet 19164 19200 19211 19278 19283 19295 
meeting 19160 19163 19247 19259 19260 19285 19295 
meetings 19266 
megavest 19258 
melamine 19189 
member 19282 
members 19225 19272 19273 19285 19287 
memorial 19154 
memphis 19228 19233 
menlo 19154 
mercantile 19145 19223 19285 
merchandise 19268 
merck 19292 
merge 19191 
merger 19188 19240 19242 19256 19281 19283 
merrill 19157 19239 19252 19265 19285 
mesa 19216 
met 19200 19220 
metal 19232 
method 19232 19291 
methods 19292 
metro 19297 
mevacor 19292 
mexico 19250 
meyers 19292 
mhc 19301 
miami 19150 
mich. 19194 19203 
michael 19157 19173 19289 
mickey 19268 
micro 19177 
micron 19142 
microscopic 19232 
microsemi 19159 
microtel 19166 
mid-july 19155 
mid-september 19156 19160 
middle 19247 
midland 19191 19247 
midnight 19256 
midwestern 19276 
miles 19271 
milford 19178 
milk 19275 
mill 19183 
millions 19289 
milton 19295 
milwaukee 19179 19185 19192 19219 19296 
mind 19191 
minerals 19295 
mines 19152 
mini 19253 
minimal 19185 
minimum 19139 19176 
mining 19152 19157 19183 
minister 19157 19164 19200 19220 19266 19285 
ministers 19169 19220 
ministry 19165 19200 19220 19266 
minn. 19155 
minneapolis 19143 19155 19255 
minnesota 19255 
minnie 19268 
minus 19294 
miss. 19138 
missile 19243 
mississippi 19189 
mixed 19292 
mln-franc 19218 
mlp 19216 
mn 19260 
mo. 19243 19280 19283 
moderate 19285 
modest 19295 
modular 19243 
moe 19255 
moisture 19158 
momentum 19292 
monday 19241 
monetary 19164 19266 
money 19157 19191 19211 19218 19247 19284 19285 19289 19294 19295 
money-fx 19201 19229 19237 
money-supply 19284 19294 
monitors 19253 
montgomery 19180 
month 19205 19226 19230 19242 19293 
monthly 19191 19198 
months 19157 19200 19239 19249 19265 19292 
moody 19184 19251 19257 19261 19264 19301 
moody's 19252 
moore 19247 
morning 19149 19201 19207 19226 19248 19255 
mortgage 19146 19191 19264 
mortgages 19191 
mos 19174 
motor 19203 19245 19249 
motors 19245 
mountain 19152 19195 
mouse 19268 
move 19147 19157 19163 19180 19191 19247 
moved 19157 
moves 19245 19289 
moving 19199 19253 
mozambique 19266 
mozambique's 19266 
mrk 19292 
mscc.o 19159 
mtch 19137 
mtech 19137 
mthly 19205 19209 
mths 19142 19254 19267 19304 
multi-class 19146 
multi-staged 19157 
multifamily 19146 
multilateral 19164 
multinational 19243 
multiple 19268 
mum 19241 
murphy 19173 
mutual 19241 19242 
n't 19276 19285 19292 
n-d 19271 
n.a 19245 
n.c. 19153 
n.j. 19161 19183 
n.v 19231 
n.y 19286 
named 19282 
names 19173 19279 19282 19287 
narrow 19200 
narrowly-defined 19294 
nashville 19139 
nat'l 19155 
nat-gas 19271 
nation 19191 19225 19289 
national 19138 19144 19153 19155 19175 19180 19191 19200 19212 19228 19233 19245 19289 19298 
nationale 19218 
nations 19266 
natural 19200 19271 
nature 19191 
nauman 19285 
naval 19285 
navigation 19199 
navy 19289 
ncpa.s 19149 
ne 19186 
necklaces 19268 
needed 19157 19200 19275 19285 
negatively 19157 
negatives 19300 
negotiate 19147 
negotiated 19154 19242 
negotiations 19147 
negotiators 19225 
nervousness 19285 
nes 19254 
nesa.o 19186 
net 19142 19170 19171 19174 19178 19200 19254 19260 19267 19294 19304 
netherlands 19200 19238 19253 19262 
network 19143 19188 
networking 19177 
newly 19144 
newman 19264 
newport 19217 19230 
news 19149 19165 19230 19286 
newspaper 19286 
newspapers 19200 19255 
newton 19197 
nfg 19175 
niacin 19292 
nigeria 19156 19160 
nigeria's 19285 
night 19164 19165 
nil 19178 
nippon 19151 
nlcs 19155 
nlcs.o 19155 
nni 19200 
noc 19289 
non-callable 19184 19218 19252 
non-earning 19227 
non-event 19285 
non-personal 19294 
norma 19191 
normal 19262 
norris 19148 
north 19158 19199 19273 19281 
northeast 19186 19275 19286 
northern 19158 19183 19262 
northrop 19289 
norway 19198 
norwegian 19198 
norwood 19304 
note 19172 19175 19178 19179 19190 19192 19204 19216 19222 19301 19303 
noted 19181 19204 19247 19251 19289 19300 
notes 19204 19224 19231 19239 19252 19261 19265 19294 19301 19302 
notice 19294 
notified 19269 
noting 19191 19259 
november 19155 
now-defunct 19291 
ntw 19188 
ntwk.o 19188 
nudy.o 19271 
number 19157 19167 19242 19247 19266 19271 
nv 19253 
nvh 19222 
nvhomes 19222 
nymex 19223 
nyn 19176 
nynex 19176 
nyse 19181 19207 
nyt 19286 
oak 19139 
oat 19275 
oats 19275 
obligate 19139 
obligation 19223 
obligations 19266 19299 
obtained 19162 
obtaining 19283 
occasionally 19262 
occupy 19296 
october 19220 19247 
offer 19137 19181 19191 19221 19225 19228 19231 19233 19239 19242 19245 19256 19264 19287 19302 
offered 19149 19169 19226 19239 19265 
offering 19148 19184 19189 19191 19217 19236 19252 19264 19265 19280 19301 
offers 19136 19146 19231 19287 19290 
office 19255 19296 
officer 19173 19264 19282 19298 
officers 19259 
official 19165 19200 19211 19285 19289 
officials 19191 19220 19226 19241 19292 
offset 19201 19227 19285 
offtake 19295 
ohio 19141 
oil 19151 19182 19189 19193 19223 19285 19291 19298 
oilseed 19277 
oklahoma 19271 
omar 19164 
one-off 19287 
one-pct 19275 
onno 19200 
ontario 19225 
opec 19285 
open 19169 19232 19242 19259 19301 
opened 19230 19259 
opening 19276 
opens 19230 
operate 19159 19208 
operated 19247 
operates 19271 
operating 19141 19159 19173 19298 
operation 19199 19247 
operations 19139 19144 19159 19227 19245 19247 
opportunities 19247 
opportunity 19191 19245 
oppose 19285 
opposed 19139 19157 
opposition 19157 19200 
optic 19166 19176 
optical 19232 
options 19242 19268 
optronics 19148 
order 19271 19289 19290 
ordered 19154 19223 19234 
organisation 19273 19295 
organization 19139 19285 
organized 19302 
original 19195 19291 
orinoko 19199 19238 
orlando 19241 
oshap 19144 
oshsf.o 19144 
oslo 19198 
ottawa 19157 19225 19294 
ounce 19295 
ounces 19295 
out-of-state 19227 
outbreak 19250 
output 19285 19295 
outstanding 19138 19144 19160 19214 19215 19231 19242 19258 19283 19294 
over-the-weekend 19201 
overcrowded 19247 
overcrowed 19247 
overhaul 19211 
overproduction 19285 
overseas 19293 
oversubscribed 19149 
owed 19164 
owen 19148 
owes 19164 
owned 19203 
owners 19195 
ownership 19241 
owns 19241 
package 19156 19157 19160 19169 19220 19231 
pact 19143 19268 
paducah 19139 
paid 19157 19289 
painewebber 19189 19217 
paintworks 19195 
paired 19289 
palm 19268 
palpable 19211 
panel 19292 
paper 19212 19299 
par 19151 19184 19218 19241 19301 
parachute 19291 
parent 19138 19212 
paris 19158 19218 19266 
park 19154 
parliament 19157 19164 19200 19211 19220 
parsippany 19183 
part 19158 19189 19242 
partial 19226 
participants 19247 
participate 19144 
participated 19154 
parties 19157 
partnership 19216 19222 
parts 19165 19203 19225 19262 19269 
party 19157 19191 
pass-through 19264 
passed 19211 19255 19276 
passes 19169 
past 19191 19208 19211 19292 
patent 19162 
pave 19285 
pavo 19238 
pay 19139 19150 19161 19172 19175 19179 19185 19190 19191 19192 19194 19196 19197 19209 19211 19216 19222 19226 19272 19288 19289 19303 
payable 19153 19186 19205 19235 19288 
paying 19218 19270 19289 
payment 19139 19151 19172 19191 19204 19272 
payments 19139 19164 19266 19287 
payout 19153 19179 19186 
pays 19151 19288 19289 
pbt 19209 
pcw 19287 
pcw-related 19287 
peck 19283 
pegard 19144 
pencil 19276 
pending 19223 19256 
penetrating 19232 
pensacola 19180 
pentagon 19289 
percentage 19149 19200 19242 
percentages 19139 
performance 19232 19259 19274 
period 19149 19157 19170 19171 19178 19201 19211 19215 19237 19249 19256 19266 
permanent 19169 
permian 19209 
permission 19139 
perpich 19255 
pershing 19289 
persian 19285 
personal 19157 19220 19294 
persuading 19167 
pesetas 19211 
pesticide 19269 
petitioned 19208 
petroleum 19207 19285 
pglo.as 19253 
pharmaceutical 19141 19292 
phase 19154 19246 
phased 19230 
phelps 19299 
philips 19253 
pioneered 19264 
pipeline 19269 19271 19285 
pitman 19247 
pittsburgh 19212 
place 19269 
plan 19157 19164 19187 19204 19211 19238 19241 19242 19245 19259 19260 
plane 19289 
planes 19285 19289 
planned 19155 19191 19273 19289 
planning 19165 19278 19285 
plans 19155 19164 19166 19181 19191 19211 19245 19246 19296 
plant 19159 19189 19203 19230 19262 19291 
platinum 19295 
plc 19160 19191 19241 19247 19290 19295 
pledged 19200 
pluto 19268 
pnc 19212 
pncf.o 19212 
pocket-sized 19253 
point 19149 19200 19285 
pointed 19302 
points 19252 19301 
poland 19169 19262 
policies 19285 
policy 19167 19285 19289 
political 19295 
pool 19264 19275 
poor 19184 19204 19212 19252 19275 19300 19301 19302 
popular 19191 
population 19262 19274 19278 
portfolios 19191 
portion 19245 
position 19227 19238 19242 19247 19298 19302 
positions 19285 
possibilities 19232 
post 19149 19225 19250 19260 
posted 19289 
posting 19193 
postings 19182 19193 
potential 19138 19152 19250 19263 
pounds 19164 
powder 19292 
power 19139 19211 19232 19246 
practice 19220 
pratt 19289 
pre-placed 19218 
pre-split 19175 
precipitated 19211 
predicted 19165 19295 
predicting 19201 
preference 19216 
preferential 19273 
preferred 19212 19248 19251 19299 
premature 19263 
prematurely 19167 
premium 19184 
premiums 19185 
prepared 19167 19220 
preparing 19238 
presence 19247 
present 19163 19220 
presentation 19211 
presented 19164 19211 19220 19225 
presenting 19164 
president 19147 19157 19163 19173 19208 19232 19259 19285 19292 19298 
press 19200 19226 19255 
pressure 19227 
presticide 19269 
prevent 19139 19234 
previous 19185 19245 
previously 19161 19185 
previously-announced 19188 
price 19148 19169 19181 19184 19193 19215 19245 19248 19260 19264 19277 19285 19291 19295 
priced 19252 19301 
prices 19164 19193 19285 19291 
pricing 19151 19184 
primarily 19223 
principal 19164 19181 19203 
principle 19143 19258 19271 19297 
printers 19155 19230 
printing 19241 19290 
prior 19150 19172 19179 19190 19194 19196 19197 19209 19216 19222 19235 19241 19303 
private 19226 
privately 19146 19283 19296 19297 
privately-owned 19211 
probability 19289 19295 
problem 19158 19285 
problems 19158 19165 19211 19266 
procedures 19289 
proceeds 19189 19236 19239 19264 19265 
process 19162 
processing 19262 
procurement 19289 
produce 19183 19232 19285 19295 
produced 19253 
producers 19158 19285 
produces 19291 
producing 19232 
product 19162 19191 
productics 19144 
production 19165 19285 19289 19292 
products 19144 19155 19157 19159 19176 19184 19247 19253 19289 
profit 19178 19185 19260 19267 19304 
profitable 19138 19191 19247 19260 
profitably 19191 
profits 19185 19206 19219 19245 19259 
program 19195 19243 19250 19259 19266 19274 19278 19289 
programme 19165 
programs 19266 19278 19289 
progress 19160 19211 19273 
project 19246 19274 19278 19291 
projections 19211 
projects 19245 19246 
promise 19232 19247 
promised 19157 
prone 19289 
proof-of-purchase 19195 
properties 19159 19261 
property 19152 
proportion 19211 
proposal 19240 19255 19283 
proposals 19211 19220 
proposed 19149 19155 19181 19204 19236 19255 
proposing 19220 
prospective 19167 
prospects 19169 19262 19266 
prospectus 19231 
prostate 19162 
protect 19157 19191 19272 
protection 19285 
protest 19245 
protesting 19245 
prototype 19232 19289 
prototypes 19232 
proved 19232 
provide 19177 19272 
provided 19155 19191 19211 19291 
provident 19212 
providing 19157 19211 
provision 19178 19212 19245 19251 
provisional 19264 
provisions 19139 
prudential-bache 19285 19301 
psychology 19289 
pta 19273 
public 19148 19160 19189 19200 19207 19210 19217 19234 19236 19264 19274 19278 19280 
publication 19293 
publications 19286 
published 19286 
publisher 19241 19242 
pull 19245 
pulled 19247 
pulls 19247 
punitive 19223 
purchase 19155 19159 19181 19213 19221 19245 19260 19286 
purchased 19152 
purposes 19239 19265 
pursue 19223 19263 
pushing 19211 
put 19164 19167 19181 19200 19269 19285 19293 
putting 19200 
pwj 19189 19217 
qmax 19141 
qmax.o 19141 
qtly 19150 19161 19172 19179 19190 19192 19194 19196 19197 19216 19222 19235 
qtr 19142 19168 19170 19171 19178 19194 19196 19235 19260 19267 19304 
qtrly 19175 
quarter 19138 19185 19212 19259 19260 19285 19289 19292 
quarterly 19150 19153 19172 19186 19216 19227 19288 
quebec 19225 
question 19276 
quickly 19157 19211 
quota 19285 
quoted 19165 19200 19255 
radar 19148 
radiation 19162 
radwell 19289 
rain 19158 19165 19199 19262 19275 
rainfall 19165 19262 
rains 19165 
rainy 19262 
raise 19172 19181 19193 19199 19238 19274 19285 19295 
raised 19149 19193 19285 19299 
raises 19172 19182 
raising 19153 19184 19220 
ran 19249 
rand 19245 
range 19242 19264 
rapeseed 19277 
rash 19191 19300 
rate 19139 19149 19153 19155 19157 19167 19191 19218 19222 19249 19264 
rated 19184 19252 19262 19275 
rates 19166 19167 19191 19220 19301 
rating 19204 19264 19300 
ratings 19187 19204 19212 19261 19299 
ratio 19299 
raton 19166 
ratzeburg 19262 
re-evaluate 19285 
re-evaluating 19289 
reach 19225 19292 19295 
reached 19143 19163 19164 19169 19199 
reaction 19247 
read 19270 
reaffirmation 19285 
reagan 19147 19163 19285 
real 19146 19158 19167 19203 19285 19296 
reality 19251 
reallocate 19247 
reallowance 19184 19252 19301 
reason 19211 19247 
reasons 19191 
recall 19234 
recapitalization 19204 19241 19242 
receivables 19264 
receive 19144 19162 19221 19285 19292 
received 19137 19214 19228 19233 19240 19283 19292 
receives 19283 
recent 19167 19175 19282 19289 
recently 19158 19211 19289 
recently-introduced 19176 
recipients 19164 
reciprocal 19276 
recognised 19167 
recommendation 19292 
recommended 19181 
record 19150 19161 19172 19175 19179 19185 19186 19190 19192 19194 19196 19197 19205 19206 19209 19216 19221 19222 19235 19249 19259 19280 19288 19303 
recorded 19260 
recoup 19289 
recovering 19282 
recovery 19164 19266 19271 
redding 19289 
redeploy 19247 
reduce 19138 19212 
reduced 19149 19157 19165 19199 19215 19219 19287 
reduction 19185 19204 19220 19285 19292 
reductions 19157 19273 
reed 19241 19245 19290 
reed.l 19241 19290 
reemers 19253 
refinance 19187 
refinanced 19204 
reflect 19191 19251 
reflects 19191 19299 
reform 19157 19211 19220 19291 
reforming 19164 
reforms 19157 
refused 19225 19269 
refuses 19269 
refusing 19211 
regime 19220 
regina 19275 
region 19144 19158 
regional 19144 19214 19273 19297 
regions 19165 19262 19275 
registered 19195 
regular 19192 19222 19227 19242 19262 19285 
regularly 19297 
regulatory 19155 19292 
rehabilitation 19274 19278 
reincorporates 19140 
reiterated 19263 
reiterates 19263 
reject 19225 
rejected 19225 
rejects 19242 
related 19261 19289 
relating 19243 
relationships 19264 
relative 19167 
released 19195 19295 
releases 19195 
relieved 19173 
relocations 19259 
remain 19157 19302 
remainder 19259 19296 
remaining 19202 
remains 19169 19300 
remarks 19167 
remic 19146 
remodelings 19259 
removing 19157 
renewal 19268 
reorganized 19141 
repay 19236 19266 
repayment 19164 19266 
repayments 19164 
replied 19207 
report 19198 19200 19263 19275 
reported 19165 19262 19263 19275 19292 
reporters 19147 
reports 19200 19255 
repos 19201 
represent 19157 19183 19247 
representatives 19145 19211 
representing 19184 19211 19264 
represents 19139 
republicans 19147 19163 
repurchase 19201 19237 19260 
repurchases 19201 19229 19237 
requesting 19139 
require 19139 19232 
required 19185 19241 19247 19256 19295 
requirement 19200 19201 
requiring 19163 
reschedule 19266 
rescheduling 19156 19160 19211 19266 
research 19232 19289 19295 
researchers 19232 
resemble 19191 
reserve 19138 19185 19201 19212 19214 19219 19237 
reserves 19198 19201 19237 
reset 19301 
residents 19294 
residue 19269 
residues 19269 
resignations 19300 
resigned 19173 
resource 19289 
resources 19137 19146 19152 19247 19271 
respond 19300 
response 19137 19226 
ressearch 19285 
rest 19164 19189 19211 19226 
restore 19211 
restored 19211 
restraint 19245 19285 
restricted 19292 
result 19139 19191 19247 19261 19272 19302 
resulted 19169 
resulting 19220 19232 19264 19272 19299 
resume 19225 19248 
retail 19234 19296 19302 
retain 19191 
retaliation 19163 
return 19167 19191 19203 19247 19291 
returned 19225 19241 19250 
returns 19167 
rev 19174 
revamp 19157 
revenue 19139 19164 19200 19273 
revenues 19220 19227 19258 19292 19297 
reversed 19292 
review 19247 19285 
reviews 19245 
revolutionary 19157 
revs 19142 19170 19171 19254 19267 
rhine 19199 19238 
rice 19165 
rice/maize 19165 
richard 19223 
ridge 19139 
rights 19144 19221 19242 
rilwanu 19285 
rings 19268 
rise 19149 19191 19199 19204 19207 19295 
risen 19191 19253 19285 
rises 19200 
rising 19149 19191 19199 19201 19211 19285 
risk 19167 19220 19289 19292 
risks 19287 19289 
river 19199 19238 
rivers 19165 
robert 19147 19241 19242 19255 19263 19290 19292 
robin 19167 
robinson 19259 
robinson-humphrey 19184 
robotics 19203 
rock 19161 19271 
rodgaers 19173 
rods 19232 
roger 19255 
rolls 19157 
rosario 19285 
rose 19207 19259 19294 
rothschild 19285 
rots 19158 
rotterdam 19238 
round 19193 19211 
routes 19202 19208 
royalty 19205 19209 
ruding 19200 
rudy 19255 
rule 19241 
ruled 19223 
rumors 19207 19241 19255 19290 
rumours 19290 
run 19157 
runs 19245 19289 
russia 19295 
rwanda 19273 
rye 19275 
s.a. 19144 19211 
s/p 19187 19204 19212 19300 19302 
sa 19188 
sachs 19283 
safeway 19272 
sale 19154 19180 19181 19213 19239 19245 19261 19265 19281 19292 
sales 19157 19162 19178 19200 19206 19249 19259 19268 19292 19295 19304 
salomon 19236 19239 19241 19242 19264 19265 19301 
salvage 19238 
salvager 19238 
samuel 19292 
san 19205 19264 
sand-like 19292 
sanders 19292 
sanford 19285 19292 
sank 19238 
santa 19159 
saskatchewan 19275 
satisfactory 19211 19283 
saturday 19145 
saudi 19285 
saudi-arabia 19285 
saudis 19285 
savings 19179 19185 19186 19190 19191 19192 19214 19219 19227 19294 
sb 19241 
scenarios 19220 
scheduled 19164 19225 19285 19297 
scheme 19211 19274 19278 
school 19177 19292 
sci 19257 19261 
scientists 19232 19292 
scraps 19291 
screens 19253 
screrwworms 19250 
screwworm 19250 
screwworms 19250 
scrutiny 19241 
season 19213 19262 
seasonal 19165 
seasonally 19249 
seasoned 19146 
seattle 19256 
second-quarter 19259 
secondary 19185 19219 
secretary 19165 19211 
sector 19157 19160 19200 19211 19246 19274 19278 
securites 19285 
securities 19178 19231 19237 19241 19242 19247 19252 19270 19289 19294 19299 
securitisation 19191 
securitise 19191 
securitization 19264 
securitize 19264 
security 19188 19242 19245 
seek 19200 19285 
seeking 19139 19223 19241 
seeks 19207 19259 19273 
sees 19206 19219 19227 19253 19259 19260 
selected 19264 
self-expression 19195 
self-sufficient 19278 
sell 19155 19188 19189 19245 19253 19261 19265 19280 19301 
selling 19151 19184 19189 19191 19242 19252 19264 19301 
sells 19184 19195 19252 19301 
semi-annual 19303 
semiconductor 19159 
senate 19147 19163 19255 19276 
send 19285 
senior 19204 19211 19212 19231 19245 19251 19261 19298 19299 19300 19301 
sense 19241 
sensors 19148 
sentiment 19289 
separate 19247 
separately 19155 19220 
sept 19185 
september 19160 19196 19200 19219 19268 19277 19285 19298 
series 19146 
serve 19280 
served 19139 
service 19139 19164 19166 19208 19251 19261 19264 19266 19293 19297 19301 19302 
services 19173 19302 
servicing 19164 
session 19255 19285 
set 19149 19160 19161 19164 19184 19191 19211 19234 19250 19259 19265 19273 19283 19287 19295 
sets 19141 19148 19150 19186 19192 19216 19222 19229 19237 19248 
setting 19276 
settlement 19245 19287 
seven-fold 19253 
seven-year 19143 19204 
severance 19272 
sevice 19208 
sewage 19246 
sf 19283 
shale 19291 
share 19137 19138 19148 19155 19181 19184 19185 19186 19204 19214 19215 19217 19219 19221 19247 19249 19253 19256 19259 19283 19288 
shareholders 19181 19188 19189 19247 19259 19260 19288 
shares 19137 19144 19148 19152 19155 19174 19175 19181 19188 19189 19207 19214 19217 19220 19231 19236 19241 19242 19258 19260 19270 19271 19283 
sharp 19154 19191 
sharply 19285 
shd 19210 
shearson 19252 19285 19301 
sheet 19302 
shelved 19191 
shelves 19234 
sherer 19285 
sherwood 19210 
shift 19157 19289 19292 
ship 19199 19238 
shipment 19213 19277 
shipped 19228 19233 
short 19191 19211 19294 
short-term 19167 19236 19247 
shorter 19226 
shortfall 19139 19220 
shortfalls 19165 
shortly 19211 19248 
show 19232 19259 
showed 19291 19292 
showers 19262 
shows 19292 
shr 19142 19168 19170 19171 19174 19178 19254 19260 19267 19304 
shrouded 19158 
shrs 19142 19254 19304 
side 19157 19292 
sides 19160 
sights 19259 
sign 19160 19276 
signal 19148 
signalled 19157 
signed 19156 19180 19245 19268 19280 
significant 19211 19302 
significantly 19232 
signing 19160 
sikeston 19280 
sikorsky 19289 
silicon 19232 
silver 19152 
similar 19245 19276 19292 
simpler 19191 19232 
simplify 19220 
simplifying 19157 
simultaneously 19232 
singer 19289 
single 19295 
site 19296 
situation 19169 19289 
six-day 19201 19229 19237 
six-year 19266 
sjt 19205 
skb 19234 
skills 19245 
slaughter 19145 
slavery 19245 
slight 19285 
slightly 19262 
slow 19163 19262 19292 
slow-down 19200 
slowed 19262 19292 
slows 19262 19292 
small 19247 19289 
smaller 19201 
smartclamp 19154 
smartclamps 19154 
smf 19289 
smit 19238 
smit-tak 19238 
smith 19285 
smithkline 19234 
snapped 19191 
snat.o 19153 
so-called 19200 
soared 19191 
socialist 19211 
societies 19191 
society 19191 
soft 19213 19234 
software 19159 
solar 19232 
sold 19189 19213 19223 19234 19249 19264 19270 19292 19301 
sole 19184 19289 
solicit 19191 
soliciting 19263 
solids 19291 
solution 19266 
solutions 19234 
solved 19211 
somalia 19273 
sons 19217 
sorted 19225 
sought 19241 
source 19264 19289 19295 
sources 19164 19169 19213 19245 19273 19277 
south 19149 19165 19169 19245 19262 19273 19295 
south-africa 19245 19295 
southeast 19150 
southeastern 19262 19271 
southern 19153 19165 19262 19273 19275 19292 
southwest 19275 
soviet 19262 19295 
space 19296 
spain 19211 19226 19243 19262 
spanish 19211 19226 
speaker 19255 
special 19157 19169 19189 19198 19211 19251 19255 19288 19292 
specialist 19245 
specialty 19259 
specific 19239 
spectramed 19217 
spectrum 19232 
speculate 19263 
speculation 19263 
speech 19157 19295 
speed 19199 
speir 19173 
spend 19289 
spending 19200 19289 
spent 19164 
spiw 19144 
splice 19176 
split 19172 19175 19273 
spokesman 19191 19199 19220 19226 19253 19255 19276 19289 19293 
spokesmen 19157 
spokesperson 19255 
spokeswoman 19158 19181 19191 19223 19237 19269 19290 
spot 19285 
spouses 19220 
spread 19157 19184 19225 19252 19301 
spring 19200 
sqb 19292 
square 19203 19230 19259 
squibb 19292 
st 19243 19259 19283 
stabilizing 19285 
stable 19211 
stablize 19285 
staff 19226 19245 
stage 19275 
stages 19232 19247 
stake 19144 19155 19242 19270 
standard 19152 19184 19204 19212 19232 19252 19300 19301 19302 
standoff 19243 
staple 19165 
star 19255 
start 19162 19262 19289 
started 19193 19210 19231 19293 
starting 19289 
starts 19210 19213 19231 
state 19140 19211 19255 19276 
statement 19160 19163 19201 19207 19237 19241 19247 19251 19253 19263 19266 19273 19293 
states 19157 19208 19273 19276 19278 
stations 19261 
statistician 19262 
statute 19255 
stay 19245 
stb 19150 
ste.to 19183 
steadily 19285 
steel 19183 
steering 19160 19211 
stelco 19183 
step 19157 19292 
steps 19165 19232 
sterling 19167 
steven 19289 
stg 19191 19287 19290 
stifel 19240 19283 
stock 19155 19172 19175 19184 19188 19207 19210 19211 19212 19231 19236 19242 19247 19248 19251 19258 19260 19270 19290 19299 
stockholders 19185 19204 
stomach 19292 
store 19259 
storer 19261 
stores 19206 19259 19296 
story 19263 
strategic 19247 
strategy 19155 
street 19241 19263 
strength 19211 
strengthen 19274 
strengths 19247 
stretching 19273 
stricter 19269 19289 
strike 19225 19226 19293 
stroke 19282 
strong 19138 19227 19285 19302 
structural 19274 19278 
structure 19141 19157 19211 
stubble 19275 
studied 19283 
studies 19291 
study 19291 19292 
subject 19144 19155 19188 19242 19255 
submitted 19292 
submitting 19195 
subordinated 19155 19184 19204 19231 19242 19261 19300 
subscribers 19280 
subsequently 19247 
subsidiary 19146 19159 19203 19234 19238 19245 
subsidies 19163 19169 
subsidising 19164 
substantially 19295 
suburb 19286 
sudan 19164 
suffer 19292 
sufficient 19167 19211 19302 
sugar 19158 19164 19262 19274 19278 
suggested 19147 19255 19289 
suit 19223 19272 
sum 19180 19183 
summer 19211 19276 19292 
summerfallow 19275 
sun 19158 19193 
sunday 19238 19286 
sunken 19199 
superior 19232 
supplier 19159 19203 19253 
suppliers 19193 
supplies 19165 19285 19295 
supply 19139 19246 19284 19294 
support 19167 19211 19255 19274 19278 19302 
supported 19246 19276 
supports 19291 
surely 19167 
surface 19232 
surface-mounted 19232 
surge 19253 
surprise 19200 
surprises 19285 
surrendering 19242 
surveillance 19250 
survivors 19191 
susan 19285 
suspended 19211 
sustained 19247 
swallowed 19292 
swaps 19247 
swaziland 19273 
sweden 19262 
sweeping 19157 
sweet 19182 
swell 19292 
swing 19289 
swiss 19238 
symptoms 19292 
syndicate 19270 
syndication 19149 
synthetic 19291 
system 19157 19201 19211 19220 19228 19229 19233 19237 19243 19247 19254 19289 
systems 19155 19177 19181 19232 19271 19280 19304 
tablet 19292 
tactical 19289 
tactics 19289 
taft 19223 
takeover 19241 19242 19255 19300 
taking 19255 19285 
talking 19242 
talks 19164 19169 19211 
tam 19218 
tankers 19285 
tantalum 19232 
tanzania 19273 
target 19160 19200 19292 
targets 19285 
tariff 19211 19273 
tariffs 19163 19211 19273 
tasks 19247 
tax 19147 19157 19200 19201 19220 19291 
taxable 19216 
taxation 19220 
taxes 19147 19157 19220 
taylor 19259 
tcom.o 19143 
te 19304 
team 19289 19292 
teamed 19289 
teams 19289 
technical 19191 19211 19285 
technologies 19144 19289 
technology 19141 19142 19159 19291 
telc.o 19304 
telco 19304 
tele-communications 19143 
telecommunications 19253 
television 19261 19280 
televisions 19253 
temperatures 19262 
temporary 19167 19201 19237 
tender 19137 19169 19181 19242 19256 
tenders 19169 
tenn. 19139 19228 19233 
tennessee 19139 
tension 19285 
tensions 19285 
term 19143 19155 19160 19211 19224 19294 
terminals 19208 
terms 19151 19184 19203 19239 19265 19266 19268 19280 19286 19292 19296 
tesoro 19207 
test 19137 19138 19139 19140 19141 19142 19143 19144 19145 19146 19147 19148 19149 19150 19151 19152 19153 19154 19155 19156 19157 19158 19159 19160 19161 19162 19163 19164 19165 19166 19167 19168 19169 19170 19171 19172 19173 19174 19175 19176 19177 19178 19179 19180 19181 19182 19183 19184 19185 19186 19187 19188 19189 19190 19191 19192 19193 19194 19195 19196 19197 19198 19199 19200 19201 19202 19203 19204 19205 19206 19207 19208 19209 19210 19211 19212 19213 19214 19215 19216 19217 19218 19219 19220 19221 19222 19223 19224 19225 19226 19227 19228 19229 19230 19231 19232 19233 19234 19235 19236 19237 19238 19239 19240 19241 19242 19243 19244 19245 19246 19247 19248 19249 19250 19251 19252 19253 19254 19255 19256 19257 19258 19259 19260 19261 19262 19263 19264 19265 19266 19267 19268 19269 19270 19271 19272 19273 19274 19275 19276 19277 19278 19279 19280 19281 19282 19283 19284 19285 19286 19287 19288 19289 19290 19291 19292 19293 19294 19295 19296 19297 19298 19299 19300 19301 19302 19303 19304 19305 
tests 19154 
texaco 19182 19193 
texas 19137 19172 19174 19205 19209 19216 19263 19280 19285 
texas-based 19181 
textron 19289 
thc 19236 
theragenics 19162 
therapy 19162 19292 
theraseed 19162 
thermometry 19141 
thiebeault 19157 
thing 19157 
things 19289 
thinking 19245 19289 
thomas 19173 19259 
thompson 19276 
thought 19157 19211 19245 
threaten 19245 
threatening 19262 
threatens 19262 
three- 19201 19237 
three-for-one 19172 
thresholds 19220 
thrifts 19191 
througout 19232 
thrx.o 19162 
thursday 19293 
tightening 19167 
tillering 19275 
time 19147 19167 19169 19191 19232 19237 19239 19247 19265 19266 19285 19288 19289 
times 19149 19286 
timetable 19273 
timid 19157 
tle.t 19152 
today 19145 19157 19165 19200 19210 19225 19226 19227 19241 19247 19255 19263 19295 
tokico 19203 
tokyo 19149 
told 19147 19157 19211 19245 19247 19259 19291 19295 
tomorrow 19199 19226 
tonne 19213 
tonnes 19165 19213 19277 
tool 19176 19196 
toronto 19225 
total 19138 19152 19164 19181 19214 19242 19260 19266 19270 19272 19294 
totaling 19204 19287 
totalled 19198 19245 19294 
totalling 19164 19246 19274 19278 
totally 19290 
tower 19296 
towns 19226 
trade 19163 19169 19213 19258 19262 19273 19274 19277 19278 19285 19289 19293 
traded 19273 
trademark 19234 
trader 19169 
traders 19145 19169 
trading 19201 19207 19210 19211 19223 19237 19247 19248 19285 
traditional 19247 
trailways 19202 19208 
trailways' 19208 
trammel 19296 
trammel-crow 19296 
tranche 19218 
tranches 19218 19266 
transaction 19144 19155 19181 19239 
transferable 19149 
transistor 19232 
transistors 19232 
transport 19289 
transportation 19302 
travel 19199 
travenol 19282 
trb 19239 19265 
treasurer 19247 
treasury 19201 19247 19252 19291 19294 19301 
treat 19220 
treatment 19162 19292 
tremendous 19292 
trend 19289 
tribune 19224 19239 19255 19265 
trigger 19276 
triggered 19255 
trouble 19262 
troubled 19251 
troy 19155 
trust 19197 19205 19209 19212 19302 
trustee 19191 
tsb 19191 
tso 19207 
tube 19176 
tuesday 19211 19245 19275 
tug 19199 19238 
tug-of-war 19289 
tunisia 19213 
turkey 19285 
turn 19250 
turner 19157 
tva 19139 
two-for-one 19175 
two-thirds 19259 
two-year 19301 
txc 19193 
txn 19172 
txt 19289 
txu 19174 
type= 19156 19168 19182 19187 19202 19206 19224 19229 19235 19240 19244 19257 19279 19281 19284 
typewriters 19230 
typically 19289 
typing 19177 
u.k 19167 19191 19247 19293 
u.k. 19191 19243 19247 19290 19293 
u.s 19191 19203 19223 19233 19245 19269 19285 19291 19292 
u.s. 19139 19157 19162 19191 19211 19223 19228 19234 19241 19243 19250 19269 19285 19289 19291 19295 
ubtc.o 19197 
ucl 19291 
uganda 19266 19273 
ugandan 19266 
uhl 19292 
uk 19151 19160 19167 19169 19191 19247 19262 19287 19290 19293 19295 
ultimately 19245 
unable 19164 19199 
unanimously 19181 
unbudgetted 19200 
unc 19270 
uncertain 19285 
uncertainty 19167 19169 
unchanged 19198 
uncommon 19191 
unconditional 19287 
undercut 19191 
underpinned 19295 
underway 19217 
underwriters 19148 19189 19217 19270 
underwriting 19151 19236 19270 19287 
undetermined 19271 
undisclosed 19180 19183 19296 
uneconomical 19291 
unexpected 19200 
unfair 19163 
unforeseen 19289 
union 19158 19225 19226 19262 19272 19295 
unions 19226 19262 
unit 19143 19146 19149 19176 19183 19203 19204 19212 19221 19223 19252 19261 19264 19280 19289 
united 19157 19243 19262 19272 19278 19289 
units 19221 19280 
university 19197 19292 
unlike 19245 
unlisted 19258 19272 
unocal 19291 
unpaid 19266 
unproc 19235 
unrealistic 19290 
unrealized 19178 
unsolicited 19240 19283 
unspecified 19223 
unsuccessful 19245 
unusual 19207 
unusually 19165 
unwelcome 19290 
upgrade 19257 19261 
upgraded 19261 
upham 19285 
upheld 19223 
upholds 19223 
upj 19292 
upjohn 19292 
upper 19266 
upset 19292 
uranium 19139 
urged 19147 
urges 19147 
usda 19250 19269 
ussr 19262 19295 
utilities 19174 19211 
utility 19211 
utx 19289 
va 19230 
va. 19222 19230 
valley 19139 
valuable 19245 
valued 19292 
values 19283 
vanasek 19255 
vancouver 19152 
variable 19191 19292 
variety 19195 
vehicle 19285 
veins 19152 
venezuela 19250 
venture 19144 19183 19261 
vereinsbank 19264 
version 19195 19253 
versions 19243 
versus 19145 
vertically 19232 
vessels 19199 19238 
veto 19147 19163 19276 
viability 19211 
viable 19295 
viacom 19248 
vice 19232 19264 19285 19292 19298 
victoria 19225 
victory 19191 
video 19143 
vienna 19285 
view 19195 
virginia 19230 
virtusonics 19215 
virtusonics-corp 19215 
visa 19264 
vision 19148 
visual 19253 
volta 19165 
volume 19191 19201 19232 19237 
voted 19259 
votes 19196 
w. 19262 
wage 19226 
wait 19289 
waiting 19256 
walked 19225 
wall 19241 19263 
wallon 19144 
walloon 19144 
walt 19268 
waltham 19232 
wanting 19273 
war 19285 
ward 19241 19242 19272 
warm 19262 
warmer 19262 
warner 19292 
warns 19167 
warrant 19151 19221 
warrants 19151 19215 
washington 19147 19148 19163 19242 19246 19250 19259 19269 19270 19272 19274 19278 
waste 19289 
water 19165 19199 19238 19246 19292 
water-logged 19262 
wats 19166 
weaker 19273 
weakness 19227 
weapon 19243 
weapons 19289 
weather 19158 19165 19262 19275 
weatherford 19298 
wednesday 19175 19286 
week 19139 19145 19147 19169 19191 19199 19241 19245 19266 19276 19284 19285 19294 
weekday 19286 
weekly 19275 19286 
weeks 19158 19220 19238 19250 19289 
weighs 19281 
weighted 19155 
welsh 19157 
west 19238 19243 19262 19268 19280 19285 19295 
west-central 19275 
west-germany 19199 19238 19262 
westborough 19254 
western 19164 19252 19262 
westminster 19191 
westpac 19149 
wet 19158 19262 
wheat 19164 19169 19213 19275 
when-issued 19301 
white 19163 
whitney 19289 
wholly 19203 
wickersham 19223 
wide 19276 
widely 19220 19273 
wider 19276 19292 
wiener 19223 
wii 19298 
wild 19285 
william 19282 
wilson 19157 
win 19266 
winder 19286 
winds 19275 
winner 19289 
winnipeg 19277 
wins 19177 
winter 19275 
wis. 19185 19192 19219 
wisconsin 19251 19296 
wisely 19157 
withdraw 19245 19247 
withdrawal 19247 19300 
withdrawing 19244 19247 
withdrawn 19204 
withdraws 19187 19204 
withdrew 19204 
withhold 19139 
withholding 19220 
witholding 19139 19164 
wla 19292 
won 19191 
work 19225 19238 19262 19273 
workers 19225 19226 19272 
working 19226 19289 
world 19163 19187 19204 19245 19246 19274 19278 19285 
worlds 19211 
worldwide 19292 
worls 19196 
worst 19289 
worth 19165 19205 19209 19220 19253 19297 
write 19147 19157 
write-off 19219 
writeoffs 19289 
writes 19185 
written 19219 19245 
wrong 19163 19211 
wrote 19185 
xiox 19140 
xiox.o 19140 
yamaichi 19151 
year-ago 19198 
year-end 19285 
years 19149 19157 19164 19167 19184 19191 19204 19211 19218 19239 19245 19253 19265 19266 19273 19289 19292 19301 
yesterday 19137 19181 19201 
yield 19252 19264 19301 
yielding 19252 19301 
yields 19301 
york 19144 19146 19175 19176 19184 19193 19201 19204 19207 19210 19212 19215 19223 19228 19233 19234 19237 19241 19242 19248 19251 19252 19255 19258 19261 19265 19285 19286 19289 19292 19300 19301 19302 
yorke 19148 
young 19191 
zaforteza 19211 
zambia 19273 
zimbabwe 19273 
