'87 8304 
're 8272 8359 
*** 8324 
****** 8218 8223 8245 8253 8263 8279 8302 8303 8304 8305 8321 8326 8343 8348 8368 8382 8385 8387 
-1 8338 
-2nd 8226 
-3r 8292 
-3rd-qt 8236 
-4 8337 
-4t 8391 
-ameri 8333 
-bu 8214 
-buys-two-de 8370 
-c 8255 
-completes-s 8353 
-file 8251 
-files 8231 
-gets 8222 
-gets-50 8228 
-gets-c 8377 
-gets-eig 8267 
-gets-fu 8259 
-ma 8346 
-makes 8217 
-names-we 8376 
-o 8380 
-opens 8260 
-pl 8386 
-plans-re 8322 
-r 8213 
-resumes 8250 
-see 8334 
-sees-lowe 8311 
-selling 8355 
-sells-n 8371 
-sets-s 8221 
-sett 8330 
-t 8381 
-to 8249 
-to-be 8365 
-to-s 8224 
-to-sell 8293 
-un 8230 8265 
-unit-to-build 8331 
-up-o 8349 
/author 8252 8272 8307 
0.10 8263 
0.2 8286 
0.3 8347 
0.6 8283 8372 
0.7 8314 8347 
0.8 8283 
0007 8223 
0009 8245 8348 8368 
0011 8218 8279 8324 
0012 8253 8303 8304 8305 8343 
0013 8382 8385 
0014 8321 8387 
0015 8263 8302 8326 
0023 8269 
0024 8378 
0025 8338 
0026 8254 8260 
0027 8270 
0028 8297 
0032 8219 
0033 8224 
0036 8266 8366 
0041 8364 
0042 8318 
0043 8226 8255 
0044 8232 8294 8350 8362 
0045 8227 8370 
0046 8306 
0047 8249 8317 
0048 8286 
0050 8236 
0052 8335 
0053 8292 8296 8363 8391 
0054 8313 8340 
0056 8293 8339 8353 8367 
0057 8237 8380 
0058 8264 
0060 8289 
0061 8230 8344 8376 
0062 8381 
0063 8241 8268 8332 
0064 8377 
0065 8235 
0066 8229 8267 8357 
0067 8251 8351 
0068 8228 8280 
0069 8217 8287 
0070 8262 8284 8311 
0071 8278 
0073 8372 
0074 8388 
0076 8246 
0077 8256 8298 8334 
0078 8221 8323 
0079 8361 
0080 8276 8291 8327 8337 
0082 8212 8275 8300 8309 
0083 8320 8333 8358 
0084 8220 8258 8356 
0086 8211 8373 
0088 8243 8265 8285 8310 
0089 8233 
0090 8231 8247 
0091 8281 
0092 8274 8299 
0093 8371 
0094 8213 8312 8345 8365 
0095 8355 8384 
0096 8225 
0097 8252 8261 8322 
0098 8316 
0099 8290 8295 8375 
0100 8301 
0101 8215 8315 8319 8325 8352 
0102 8307 8308 8330 8390 
0103 8242 8248 8257 
0104 8238 8392 
0105 8222 8250 
0106 8259 
0107 8283 8336 8383 
0108 8272 8328 8346 8369 
0109 8271 8360 8379 
0110 8359 8386 
0111 8329 
0112 8277 8331 8341 8349 8354 
0113 8216 8288 
0114 8314 
0115 8347 
0116 8239 
0118 8234 
0121 8214 
0123 8282 
0125 8374 
0129 8389 
0134 8273 
0138 8244 
0147 8240 
0179 8342 
03-23 8211 8212 8213 8214 8215 8216 8217 8218 8219 8220 8221 8222 8223 8224 8225 8226 8227 8228 8229 8230 8231 8232 8233 8234 8235 8236 8237 8238 8239 8240 8241 8242 8243 8244 8245 8246 8247 8248 8249 8250 8251 8252 8253 8254 8255 8256 8257 8258 8259 8260 8261 8262 8263 8264 8265 8266 8267 8268 8269 8270 8271 8272 8273 8274 8275 8276 8277 8278 8279 8280 8281 8282 8283 8284 8285 8286 8287 8288 8289 8290 8291 8292 8293 8294 8295 8296 8297 8298 8299 8300 8301 8302 8303 8304 8305 8306 8307 8308 8309 8310 8311 8312 8313 8314 8315 8316 8317 8318 8319 8320 8321 8322 8323 8324 8325 8326 8327 8328 8329 8330 8331 8332 8333 8334 8335 8336 8337 8338 8339 8340 8341 8342 8343 8344 8345 8346 8347 8348 8349 8350 8351 8352 8353 8354 8355 8356 8357 8358 8359 8360 8361 8362 8363 8364 8365 8366 8367 8368 8369 8370 8371 8372 8373 8374 8375 8376 8377 8378 8379 8380 8381 8382 8383 8384 8385 8386 8387 8388 8389 8390 8391 8392 
0730 8214 
08:31:59.61 8211 
08:36:50.99 8212 
08:40:42.08 8213 
08:47:20.72 8214 
08:47:55.65 8215 
08:49:52.37 8216 
08:56:47.81 8217 
09:00:35.28 8218 
09:02:35.77 8219 
09:08:30.42 8220 
09:12:39.06 8221 
09:15:59.76 8222 
09:17:49.88 8223 
09:18:09.61 8224 
09:23:51.08 8225 
09:25:46.78 8226 
09:26:12.50 8227 
09:26:22.74 8228 
09:26:35.29 8229 
09:26:46.48 8230 
09:27:02.49 8231 
09:27:09.39 8232 
09:27:21.54 8233 
09:28:26.30 8234 
09:28:49.28 8235 
09:29:07.15 8236 
09:29:25.01 8237 
09:31:03.49 8238 
09:31:44.94 8239 
09:34:15.54 8240 
09:35:05.77 8241 
09:35:45.52 8242 
09:36:16.36 8243 
09:37:21.94 8244 
09:37:52.47 8245 
09:41:42.49 8246 
09:47:48.80 8247 
09:48:31.97 8248 
09:49:04.37 8249 
09:49:14.45 8250 
09:49:24.33 8251 
09:49:40.50 8252 
09:50:26.52 8253 
09:52:55.39 8254 
09:54:18.55 8255 
09:54:42.70 8256 
09:56:46.03 8257 
09:57:30.02 8258 
09:57:43.54 8259 
09:57:51.64 8260 
09:59:45.15 8261 
1,000 8248 8331 8375 
1,032,000 8340 
1,098,000 8318 
1,101,633 8300 
1,109,000 8292 
1,150,005 8345 
1,298,257 8297 
1,355,000 8318 
1,395,000 8291 
1,400,000 8231 
1,401,155 8366 
1,423,000 8229 
1,460,000 8339 
1,465,153 8335 
1,536,000 8262 
1,547,000 8337 
1,611,000 8296 
1,650,000 8231 
1,660,000 8286 
1,660,300 8317 
1,676,599 8345 
1,880,000 8262 
1,898,000 8338 
1,906,000 8254 
1-1/4 8375 
1-5/8 8349 
1-800-322-1887 8384 
1-800-843-9388 8384 
1.02 8296 
1.08 8236 
1.09 8211 8313 
1.1 8314 8372 
1.10 8391 
1.11 8226 
1.17 8291 
1.2 8258 8330 
1.3 8337 8347 8360 8373 8388 
1.30 8262 
1.34 8296 8313 
1.38 8325 
1.4 8211 
1.43 8262 
1.47 8311 
1.5 8283 8299 8343 8344 8364 8373 
1.55 8330 
1.6 8283 
1.65 8262 
1.66 8226 
1.73 8262 
1.75 8285 
1.8 8360 
1.9 8360 8372 
1.91 8226 8271 
10,000 8319 8375 8384 
10,603,000 8350 
10,946,000 8236 
10-year 8386 
10.125 8332 
10.3 8311 8313 
10.5 8236 
10.6 8340 
10.9 8313 
100,000 8272 
101,000 8296 
101-1/2 8274 
101-5/8 8375 
101.2 8229 
102,002 8340 
102nd 8260 
104,129 8335 8339 
104.3 8229 
106,885 8219 
107,000 8319 
107.3 8391 
108.7 8391 
109.8 8226 
10:01:55.83 8262 
10:03:44.66 8263 
10:04:29.64 8264 
10:06:04.08 8265 
10:06:21.34 8266 
10:06:50.21 8267 
10:07:33.80 8268 
10:07:38.44 8269 
10:07:41.86 8270 
10:16:17.72 8271 
10:20:11.83 8272 
10:21:50.76 8273 
10:22:53.13 8274 
10:26:23.35 8275 
10:26:33.25 8276 
10:30:36.38 8277 
10:34:09.57 8278 
10:35:28.69 8279 
10:37:03.69 8280 
10:40:10.44 8281 
10:40:23.91 8282 
10:40:47.86 8283 
10:40:53.53 8284 
10:41:02.36 8285 
10:41:11.70 8286 
10:42:04.65 8287 
10:45:10.10 8288 
10:48:47.68 8289 
10:49:54.49 8290 
10:51:21.87 8291 
10:51:36.10 8292 
10:51:43.40 8293 
10:53:19.02 8294 
10:55:55.02 8295 
10:56:20.18 8296 
10:56:25.29 8297 
10:56:34.86 8298 
10:58:29.98 8299 
10:58:47.30 8300 
10:58:58.81 8301 
11,000 8360 
11-12 8385 8392 
11.1 8340 
11.4 8275 
11.5 8313 
11/780 8295 
114,000 8241 
118,000 8326 
119,000 8241 
119.2 8270 
11:01:23.79 8302 
11:01:33.59 8303 
11:01:43.15 8304 
11:02:00.06 8305 
11:02:05.97 8306 
11:03:10.44 8307 
11:04:14.16 8308 
11:04:25.38 8309 
11:05:37.47 8310 
11:08:18.96 8311 
11:08:37.61 8312 
11:08:54.12 8313 
11:09:57.28 8314 
11:12:26.27 8315 
11:16:53.25 8316 
11:18:47.44 8317 
11:18:53.57 8318 
11:20:56.51 8319 
11:21:09.82 8320 
11:23:19.17 8321 
11:24:56.56 8322 
11:25:42.24 8323 
11:25:53.80 8324 
11:27:45.63 8325 
11:27:48.73 8326 
11:28:13.53 8327 
11:32:43.82 8328 
11:32:56.33 8329 
11:35:47.51 8330 
11:36:31.90 8331 
11:37:00.47 8332 
11:37:35.51 8333 
11:37:42.88 8334 
11:38:07.10 8335 
11:38:15.14 8336 
11:38:21.78 8337 
11:38:25.53 8338 
11:38:33.58 8339 
11:38:42.51 8340 
11:38:57.04 8341 
11:39:10.15 8342 
11:40:34.57 8343 
11:43:29.19 8344 
11:44:43.28 8345 
11:44:59.67 8346 
11:47:16.43 8347 
11:47:29.74 8348 
11:48:48.39 8349 
11:50:02.13 8350 
11:51:05.22 8351 
11:51:45.36 8352 
11:53:00.98 8353 
11:54:01.65 8354 
11:54:11.28 8355 
11:56:14.20 8356 
11:56:22.12 8357 
11:58:08.35 8358 
12,000 8360 
12-3/4 8349 
12.11 8271 
12.6 8296 8313 
12.9 8328 
120,000 8241 
120-point 8392 
121.3 8275 
124,634,000 8289 
125,000 8241 
125.4 8311 
126,434,000 8289 
12:01:43.68 8359 
12:05:41.90 8360 
12:10:21.66 8361 
12:10:50.72 8362 
12:11:07.44 8363 
12:11:11.24 8364 
12:11:18.18 8365 
12:12:15.94 8366 
12:12:55.24 8367 
12:13:22.47 8368 
12:14:42.83 8369 
12:15:41.78 8370 
12:16:15.64 8371 
12:19:29.26 8372 
12:22:53.92 8373 
12:23:36.23 8374 
12:27:00.48 8375 
12:29:48.83 8376 
12:32:00.20 8377 
12:32:21.67 8378 
12:32:35.05 8379 
12:37:28.56 8380 
12:39:04.07 8381 
12:39:30.58 8382 
12:41:52.12 8383 
12:42:33.97 8384 
12:42:51.47 8385 
12:43:00.55 8386 
12:43:13.38 8387 
12:46:47.66 8388 
12:46:57.94 8389 
12:52:04.59 8390 
12:53:00.42 8391 
12:55:25.03 8392 
13,860,000 8221 
13-week 8382 
13.2 8292 
13.3 8291 
13.7 8330 
130,000 8308 
132,000 8319 
132.8 8363 
133.2 8289 
137.4 8270 
13732 8211 
13733 8212 
13734 8213 
13735 8214 
13736 8215 
13737 8216 
13738 8217 
13739 8218 
13740 8219 
13741 8220 
13742 8221 
13743 8222 
13744 8223 
13745 8224 
13746 8225 
13747 8226 
13748 8227 
13749 8228 
13750 8229 
13751 8230 
13752 8231 
13753 8232 
13754 8233 
13755 8234 
13756 8235 
13757 8236 
13758 8237 
13759 8238 
13760 8239 
13761 8240 
13762 8241 
13763 8242 
13764 8243 
13765 8244 
13766 8245 
13767 8246 
13768 8247 
13769 8248 
13770 8249 
13771 8250 
13772 8251 
13773 8252 
13774 8253 
13775 8254 
13776 8255 
13777 8256 
13778 8257 
13779 8258 
13780 8259 
13781 8260 
13782 8261 
13783 8262 
13784 8263 
13785 8264 
13786 8265 
13787 8266 
13788 8267 
13789 8268 
13790 8269 
13791 8270 
13792 8271 
13793 8272 
13794 8273 
13795 8274 
13796 8275 
13797 8276 
13798 8277 
13799 8278 
138,000 8229 
13800 8279 
13801 8280 
13802 8281 
13803 8282 
13804 8283 
13805 8284 
13806 8285 
13807 8286 
13808 8287 
13809 8288 
13810 8289 
13811 8290 
13812 8291 
13813 8292 
13814 8293 
13815 8294 
13816 8295 
13817 8296 
13818 8297 
13819 8298 
13820 8299 
13821 8300 
13822 8301 
13823 8302 
13824 8303 
13825 8304 
13826 8305 
13827 8306 
13828 8307 
13829 8308 
13830 8309 
13831 8310 
13832 8311 
13833 8312 
13834 8313 
13835 8314 
13836 8315 
13837 8316 
13838 8317 
13839 8318 
13840 8319 
13841 8320 
13842 8321 
13843 8322 
13844 8323 
13845 8324 
13846 8325 
13847 8326 
13848 8327 
13849 8328 
13850 8329 
13851 8330 
13852 8331 
13853 8332 
13854 8333 
13855 8334 
13856 8335 
13857 8336 
13858 8337 
13859 8338 
13860 8339 
13861 8340 
13862 8341 
13863 8342 
13864 8343 
13865 8344 
13866 8345 
13867 8346 
13868 8347 
13869 8348 
13870 8349 
13871 8350 
13872 8351 
13873 8352 
13874 8353 
13875 8354 
13876 8355 
13877 8356 
13878 8357 
13879 8358 
13880 8359 
13881 8360 
13882 8361 
13883 8362 
13884 8363 
13885 8364 
13886 8365 
13887 8366 
13888 8367 
13889 8368 
13890 8369 
13891 8370 
13892 8371 
13893 8372 
13894 8373 
13895 8374 
13896 8375 
13897 8376 
13898 8377 
13899 8378 
13900 8379 
13901 8380 
13902 8381 
13903 8382 
13904 8383 
13905 8385 
13906 8386 
13907 8387 
13908 8384 
13909 8388 
13910 8389 
13911 8390 
13912 8391 
13913 8392 
14,721 8345 
14-3/8 8274 
14.5 8315 
14.6 8294 8391 
142,000 8296 
144.8 8363 
147,000 8388 
148,070 8297 
148,628 8300 
15,000 8300 8384 
15-year 8346 
15.23 8289 
15.3 8338 
15.4 8313 
15.46 8289 
15.6 8370 
15.8446 8345 
15.875 8301 
15.9 8391 
1545 8249 
155,054 8345 
159.2 8328 
16,0000 8265 
16,173,000 8350 
16.1 8211 
16.3 8211 8373 
16.6 8292 
16.8 8338 
161.58 8314 
179.4 8236 
18,688,000 8391 
18.05 8211 
18.1 8211 
18.8 8262 
187.0 8289 
187.63 8314 
19,213,000 8391 
19.2 8262 
192,000 8319 
1930 8214 
196,000 8229 
1977 8352 
1980 8211 8261 8315 8363 
1980s 8271 8277 
1981 8331 8390 
1982-1986 8283 
1983 8239 8258 8308 8315 
1984 8238 8308 8328 
1985 8239 8271 8273 8277 8283 8309 8315 8325 8328 8337 8347 8350 8352 8357 
1985-87 8325 
1985/86 8326 
1986 8212 8219 8220 8225 8239 8253 8258 8262 8271 8272 8275 8277 8282 8283 8292 8294 8311 8314 8328 8329 8330 8334 8337 8339 8347 8351 8360 8370 8373 8388 8390 8392 
1986/87 8326 
1987 8224 8228 8239 8271 8277 8295 8311 8314 8315 8322 8325 8328 8331 8334 8362 8375 8390 
1987/88 8244 
1988 8288 8336 8371 
1989 8248 8301 
1994 8322 
1997 8375 
1998 8248 
1999 8242 
1st 8270 8275 8334 8338 8366 
2,000 8360 
2,122,000 8296 
2,144,000 8275 
2,223 8246 
2,422,000 8254 
2,437,489 8340 
2,516,000 8291 
2,578,887 8294 
2,789,000 8270 
2,815,000 8262 
2,851,000 8292 
2,900 8286 8317 
2,906,000 8236 
2-3/4 8349 
2-for-1 8218 
2.0 8262 
2.1 8347 
2.15 8325 
2.19 8350 
2.2 8286 8325 
2.21 8294 
2.26 8271 8277 
2.3 8347 
2.4 8325 
2.5 8239 8285 8299 
2.7 8347 
2.71 8314 
2.78 8314 
2.8 8262 8288 8347 
20,000 8360 
20.3 8275 
200,000 8360 
20012 8248 
201,000 8364 
2017 8272 
204,499 8345 
205p 8225 
20th 8235 8280 
21.1 8318 
214.1 8236 
215.8 8211 
22-1/2 8320 
220,041 8335 8339 
222.73 8314 
229.6 8328 
23-mar-1987 8211 8212 8213 8214 8215 8216 8217 8218 8219 8220 8221 8222 8223 8224 8225 8226 8227 8228 8229 8230 8231 8232 8233 8234 8235 8236 8237 8238 8239 8240 8241 8242 8243 8244 8245 8246 8247 8248 8249 8250 8251 8252 8253 8254 8255 8256 8257 8258 8259 8260 8261 8262 8263 8264 8265 8266 8267 8268 8269 8270 8271 8272 8273 8274 8275 8276 8277 8278 8279 8280 8281 8282 8283 8284 8285 8286 8287 8288 8289 8290 8291 8292 8293 8294 8295 8296 8297 8298 8299 8300 8301 8302 8303 8304 8305 8306 8307 8308 8309 8310 8311 8312 8313 8314 8315 8316 8317 8318 8319 8320 8321 8322 8323 8324 8325 8326 8327 8328 8329 8330 8331 8332 8333 8334 8335 8336 8337 8338 8339 8340 8341 8342 8343 8344 8345 8346 8347 8348 8349 8350 8351 8352 8353 8354 8355 8356 8357 8358 8359 8360 8361 8362 8363 8364 8365 8366 8367 8368 8369 8370 8371 8372 8373 8374 8375 8376 8377 8378 8379 8380 8381 8382 8383 8384 8385 8386 8387 8388 8389 8390 8391 8392 
23.50 8346 
24.03 8271 8277 
240.2 8313 
248.3 8211 
249,192 8300 
25,000 8265 8319 
25.3 8275 
250,000 8257 8272 
251,225 8297 
251.0 8211 
26.6 8364 
26.7 8337 
266,000 8318 
27.5 8353 
27.8 8318 
275.52 8314 
275p 8225 
276.1 8350 
279,000 8391 
28.2 8225 
28.3 8390 
28.7 8337 
29.4 8275 
291,000 8388 
293,000 8229 
295,000 8241 
2nd 8223 8226 8335 8339 
3,009,000 8291 
3,024,423 8340 
3,263,000 8391 
3,545,000 8291 
3,555,000 8289 
3,649,000 8270 
3,659,600 8286 8317 
3,662,000 8391 
3,770,000 8292 
3,772,639 8300 
3,819,678 8300 
3,892,000 8236 
3,908,000 8291 
3-d 8295 
3.0 8283 
3.04 8271 8277 
3.2 8283 8350 
3.28 8272 
3.33 8350 
3.36 8350 
3.5 8271 8277 8315 
3.53 8325 
3.6 8283 8347 
3.8 8311 8330 
3.98 8272 
30,000 8360 8384 
30-day 8272 
30.50 8373 
3000 8233 
302,000 8337 
303.4 8229 
305,000 8241 
308,000 8262 
31.5 8364 
3120 8295 
319,588 8297 
32-bit 8250 
323.6 8313 
328,112 8366 
328,889 8334 
34.5 8310 
340,852 8340 
345,515 8335 8339 
345p 8225 
349.8 8229 
35,000 8388 
35.44 8271 8277 
35.8 8262 
36-mln-dlr 8352 
36.0 8262 
36.9 8292 
366,000 8388 
367,000 8291 
377,000 8327 
38.1 8262 
38.4 8289 
38.6 8262 
380,000 8319 
384,000 8337 
386-a 8250 
3rd 8236 8291 8292 8303 8318 
4,110,000 8275 
4,163,006 8300 
4,371,795 8300 
4,573,000 8291 
4,711,000 8275 
4,714,000 8291 
4,837,361 8300 
4,856,000 8291 
4,941,000 8291 
4.0 8283 
4.1 8347 
4.3 8330 8363 
4.4 8350 8388 
4.87 8294 
4.9 8262 
4.96 8262 
40,000 8242 8265 8306 
400,000 8242 
407,000 8229 
41.0 8289 
41.9 8296 
417-mile 8268 
417.0 8391 
42,000 8388 
42.9 8226 
420.8 8350 
43,500 8286 8317 
45,000 8319 
452,000 8337 
455.2 8391 
46.9 8292 
47.4 8254 
481,832 8335 8339 
487,000 8319 
49th 8346 
4th 8229 8245 8262 8286 8289 8296 8300 8313 8317 8337 8340 8364 8388 8391 
5,000 8357 
5,112,100 8286 8317 
5,144,000 8229 
5,235,233 8300 
5,437,000 8229 
5,760 8300 
5.1 8283 
5.3 8283 8314 
5.5 8325 
5.51 8262 
5.60 8391 
5.74 8212 
5.76 8391 
5.9 8388 
5.97 8390 
5/8 8375 
50,000 8265 
500,000 8243 
513.1 8313 
518,000 8337 
52,922 8335 8339 
52.3 8296 
53.2 8311 
53.7 8226 
550,000 8284 
555,000 8391 
570,491 8340 
578,900 8286 8317 
59,396 8340 
59.1 8318 
59.3 8254 
6,000 8360 
6,309,000 8229 
6,374 8366 
6,639,540 8294 
6,788,000 8291 
6,922,215 8345 
6-3/16 8299 8344 
6.09 8299 
6.2 8363 
6.3 8347 
6.31 8212 
6.38 8212 
6.64 8212 
6.72 8212 
6.9 8328 8350 
6.92 8212 
60,000 8260 8331 8360 
60,750,000 8332 
602,000 8337 
61.8 8262 
62.5 8272 
62.7 8262 
625,000 8229 
628.8 8313 
63,000 8291 
64.5 8236 
648,000 8257 
659,800 8251 
66.8 8229 
671,000 8229 
69.4 8318 
7,000 8384 8388 
7,261,000 8229 
7,450,000 8289 
7,659,000 8327 
7.1 8325 
7.25 8301 
7.37 8382 
7.40 8263 
7.45 8272 
7.46 8382 
7.5 8239 8283 8314 
7.52 8272 
7.599 8272 
7.62 8272 
7.7 8364 
7.75 8386 
7.9 8373 
70,000 8319 8331 
70.8 8229 8301 
700,000 8262 
71.8 8236 
713,300 8286 8317 
714,000 8337 
727,000 8318 
728,000 8364 
73rd 8346 
74,900 8295 
746,004 8340 
752,234 8219 
753,948 8340 
76,888 8219 
76.3 8229 
788,042 8300 
79-7/8 8349 
8,177,000 8289 
8,206,000 8236 
8,367,000 8337 
8,736,000 8296 
8,787,000 8291 
8,850,000 8320 
8-7/8 8375 
8.0 8386 
8.1 8336 
8.5 8261 8386 
8.8 8288 
80.5 8225 
80386 8250 
81.5 8314 
819,000 8364 
8211 8211 
8212 8212 
8213 8213 
8214 8214 
8215 8215 
8216 8216 
8217 8217 
8218 8218 
8219 8219 
8220 8220 
8221 8221 
8222 8222 
8223 8223 
8224 8224 
8225 8225 
8226 8226 
8227 8227 
8228 8228 
8229 8229 
8230 8230 
8231 8231 
8232 8232 
8233 8233 
8234 8234 
8235 8235 
8236 8236 
8237 8237 
8238 8238 
8239 8239 
824,554 8335 8339 
8240 8240 
8241 8241 
8242 8242 
8243 8243 
8244 8244 
8245 8245 
8246 8246 
8247 8247 
8248 8248 
8249 8249 
8250 8250 
8251 8251 
8252 8252 
8253 8253 
8254 8254 
8255 8255 
8256 8256 
8257 8257 
8258 8258 
8259 8259 
8260 8260 
8261 8261 
8262 8262 
8263 8263 
8264 8264 
8265 8265 
8266 8266 
8267 8267 
8268 8268 
8269 8269 
827,000 8288 
8270 8270 
8271 8271 
8272 8272 
8273 8273 
8274 8274 
8275 8275 
8276 8276 
8277 8277 
8278 8278 
8279 8279 
8280 8280 
8281 8281 
8282 8282 
8283 8283 
8284 8284 
8285 8285 
8286 8286 
8287 8287 
8288 8288 
8289 8289 
8290 8290 
8291 8291 
8292 8292 
8293 8293 
8294 8294 
8295 8295 
8296 8296 
8297 8297 
8298 8298 
8299 8299 
83.1 8226 
8300 8300 
8301 8301 
8302 8302 
8303 8303 
8304 8304 
8305 8305 
8306 8306 
8307 8307 
8308 8308 
8309 8309 
8310 8310 
8311 8311 
8312 8312 
8313 8313 
8314 8314 
8315 8315 
8316 8316 
8317 8317 
8318 8318 
8319 8319 
8320 8320 
8321 8321 
8322 8322 
8323 8323 
8324 8324 
8325 8325 
8326 8326 
8327 8327 
8328 8328 
8329 8329 
8330 8330 
8331 8331 
8332 8332 
8333 8333 
8334 8334 
8335 8335 
8336 8336 
8337 8337 
8338 8338 
8339 8339 
8340 8340 
8341 8341 
8342 8342 
8343 8343 
8344 8344 
8345 8345 
8346 8346 
8347 8347 
8348 8348 
8349 8349 
8350 8350 
8351 8351 
8352 8352 
8353 8353 
8354 8354 
8355 8355 
8356 8356 
8357 8357 
8358 8358 
8359 8359 
8360 8360 
8361 8361 
8362 8362 
8363 8363 
8364 8364 
8365 8365 
8366 8366 
8367 8367 
8368 8368 
8369 8369 
8370 8370 
8371 8371 
8372 8372 
8373 8373 
8374 8374 
8375 8375 
8376 8376 
8377 8377 
8378 8378 
8379 8379 
8380 8380 
8381 8381 
8382 8382 
8383 8383 
8384 8384 
8385 8385 
8386 8386 
8387 8387 
8388 8388 
8389 8389 
8390 8390 
8391 8391 
8392 8392 
844.0 8373 
846,253 8366 
85.0 8229 
858.8 8226 
875,000 8292 
88.9 8225 
881,000 8388 
882,000 8289 
892,000 8338 
9,368,000 8313 
9,400,000 8351 
9,899,038 8300 
9,909,000 8337 
9-3/16 8247 
9-7/8 8247 
9.1 8236 
9.3 8364 
9.4 8314 8377 
9.50 8301 
9.9 8327 
90.5 8331 
922,036 8219 
934,685 8335 
937,685 8339 
94,000 8326 
950,000 8286 8317 
983.3 8226 
99.20 8272 
99.60 8272 
`` 8210 8222 8234 8240 8242 8249 8252 8257 8258 8271 8272 8277 8278 8290 8307 8309 8310 8311 8315 8325 8349 8359 8360 8365 8379 8389 8390 8392 
a-1 8371 
a-plus 8375 
a. 8216 
a.g. 8272 
aa 8371 
aaa 8272 
aac 8259 
aar 8236 
ababa 8257 
abandoned 8315 
abdulkadir 8239 
abex 8293 
abraham 8352 
accept 8225 8272 8345 8361 8390 
acceptable 8308 
acceptance 8272 8315 8345 
accepted 8225 8274 
access 8250 8252 8272 
accompanied 8379 
accord 8239 8279 
accordance 8345 
account 8283 8310 8314 8325 8330 
accounting 8294 8298 8324 8330 
accounts 8290 
accugraph 8251 
accugraph-corp 8251 
accusations 8252 
accused 8252 8278 
acid 8369 
acq 8217 8220 8222 8224 8225 8255 8259 8264 8279 8287 8288 8293 8298 8327 8351 8353 8355 8359 8361 8367 8368 8370 8373 8387 
acquire 8220 8261 8264 8373 
acquired 8275 8327 8370 
acquires 8327 
acquisition 8217 8220 8222 8229 8255 8351 
acted 8330 
action 8214 8222 8238 8252 8282 8328 8357 8392 
active 8316 8328 8349 
activities 8271 8278 
activity 8328 8384 
acts 8238 
acy 8333 
add 8299 8305 
added 8210 8213 8272 8301 8310 8316 8383 8384 
adding 8221 8282 8342 
addis 8257 
addition 8244 
additional 8248 8258 8274 8288 8310 8345 
addressing 8325 
adds 8344 
adequate 8384 
adjusted 8262 8292 8320 8346 
adjustment 8239 8283 
adjustments 8283 
adler 8334 
administration 8252 8271 8310 8333 8384 
admitted 8252 
admitting 8357 
adopt 8310 
adopted 8244 8323 
adp 8350 
adr 8281 
adrs 8281 
advanced 8369 8384 
advantage 8290 8389 
advice 8252 
advise 8369 
advisement 8280 
advisor 8216 
aet 8238 
aetna 8238 
affairs 8384 
affect 8283 
affected 8213 
affecting 8210 8341 
affects 8257 
affiliation 8307 
afg 8361 
africa 8210 8246 
african 8211 8240 8246 
afternoon 8247 8272 
ag 8314 8383 
agencies 8239 
agency 8271 8277 8390 
agent 8329 8330 
aggregate 8381 
ago 8211 8241 8257 8272 8307 8311 8334 
agree 8368 
agreed 8224 8228 8252 8256 8258 8293 8325 8332 8373 8376 
agreement 8220 8224 8230 8232 8239 8240 8242 8244 8252 8258 8261 8264 8288 8325 8333 8342 8345 8355 8376 8386 
agreements 8299 8315 8343 8344 
agriculture 8244 8257 8271 8273 8284 
ahead 8271 8277 8290 8310 
ahmed 8239 
aide 8307 
aids 8384 
aids-related 8384 
ailing 8271 8277 8342 
aimed 8272 
air 8236 8359 
airline 8359 
airlines 8359 
airship 8281 
airships 8281 
airsy 8281 
akron 8361 
alann 8379 
alaska 8210 
alberta 8285 8301 8335 8339 
alco 8255 
ald 8264 
alfco 8352 
alfred 8213 
all-in-cost 8272 
allegations 8357 
alleged 8238 8357 
allegedly 8383 
alleges 8216 8357 
alleging 8216 
allied 8264 8350 8355 
allied-signal 8264 
alligator 8331 
allotments 8248 
allowance 8210 
allowed 8310 
alltel 8217 
alto 8275 
am-debt-argentina 8325 
ambassador 8242 
amc 8258 
amending 8273 
america 8271 8277 8325 8372 
american 8217 8219 8220 8252 8253 8258 8281 8310 8333 8341 8351 8379 
american-variety-int 8219 
amo 8258 
amorphous 8377 
amount 8216 8258 8274 8284 8287 8356 8384 
amounted 8258 
amounts 8271 8277 8384 
amplicon 8231 
amplicon-inc 8231 
amselco 8331 
amsterdam 8359 
amstrad 8228 
an-nahar 8379 
ana 8231 
anacomp 8259 
analysis 8310 
analyst 8349 
analysts 8234 
andriessen 8374 
angeles 8219 8220 8265 8291 8330 
announced 8222 8224 8234 8258 8288 8330 8345 
announcement 8249 8386 
annual 8271 8277 8308 8309 8310 8314 8315 8322 8328 8349 8371 
anti-fraud 8357 
anti-inflation 8315 
anticipated 8311 
antitrust 8352 
antonio 8271 8312 
anxious 8325 
apil 8248 
apparatus 8358 
apparently 8215 
appeal 8315 
appealed 8252 
appeals 8352 
appeared 8308 
application 8248 8333 8384 
applications 8374 
applied 8365 
appoint 8369 
approach 8308 
approached 8308 
approval 8293 8310 8322 8373 
approvals 8224 
approve 8310 8328 
approved 8243 8244 8328 8331 8384 
approximately 8341 
apr-39a 8267 
april 8221 8234 8248 8255 8269 8306 8307 8311 8320 8328 8357 8375 8378 8380 
arbitration 8258 
area 8230 
areas 8210 8257 8310 
argentina 8315 8325 
argentine 8325 
argues 8374 
arising 8392 
arkansas 8273 
arm 8272 8384 
armed 8278 
army 8267 
arrange 8344 
arranged 8259 
arranger 8316 
arrearages 8345 
arrears 8239 
arrested 8215 
arrivals 8319 
arsenal 8215 
article 8357 
artifical 8392 
artificially-raised 8357 
asia 8252 
asked 8210 8242 8307 8310 8328 
asn 8255 
assemblies 8307 
assembly 8307 8336 8383 
assess 8213 
assessed 8390 
assessing 8310 
assessment 8390 
asset 8216 
assets 8289 8293 8329 8373 
assigned 8371 
assist 8271 
assistance 8247 8271 
associates 8327 8358 8370 
association 8273 8282 8290 8357 8360 8373 8389 
assuming 8322 
assumption 8353 8355 
assured 8244 
assures 8336 
asu 8355 
atcma 8351 
atlanta 8346 8359 
att 8295 
attack 8354 
attacks 8281 
attain 8272 
attaining 8257 
attempt 8215 8299 
attempted 8215 
attempting 8239 
attending 8240 8312 8342 
attitudes 8315 
attorney 8216 
attract 8272 8369 
attractive 8272 
attributable 8276 
attributed 8272 8311 
auction 8234 
auctions 8234 
audience 8315 
audit 8253 
auditors 8258 
august 8262 8275 8282 8306 8331 8351 
austerity 8323 
australia 8210 8274 
australian 8274 
author 8252 8272 8307 
authorized 8322 
automaker 8258 
average 8213 8315 8372 8382 
averaged 8299 
avg 8229 8236 8262 8275 8289 8291 8300 8313 8340 8350 
avoid 8213 8252 8325 
avon 8313 
award 8258 
awarded 8258 8360 8377 
aware 8390 
aweke 8257 
aynalem 8257 
baa-3 8272 
back 8243 8252 8273 8336 8374 8383 
backdrop 8315 
backed 8307 
backing 8271 
baker 8252 8302 8303 8304 8305 8309 8310 8315 
balance 8314 8319 8323 
baldrige 8252 
bancorp 8345 
band 8247 
bangemann 8342 
bank 8234 8239 8247 8259 8271 8274 8277 8309 8310 8312 8314 8315 8316 8321 8325 8329 8341 8354 8356 8373 
bank's 8271 8310 
banker 8216 8272 
bankers 8216 8239 8315 
banking 8239 8314 8344 
bankruptcy 8238 
banks 8234 8239 8303 8304 8310 8312 8315 8325 
banque 8375 
barclay 8316 
barely 8314 
barley 8213 8257 
base 8211 8341 8363 
based 8271 8277 8311 8346 8373 
bases 8272 
basic 8261 8272 
basis 8214 8232 8272 8283 8325 8363 8371 
battery 8224 
bay 8210 
bayerische 8314 
bayernverein 8314 
bayou 8279 8288 
bbb 8341 
bbb-minus 8272 
bbec 8230 
bc- 8217 8219 8231 8251 8254 8318 
bc-******american-motors 8253 
bc-******baker-confident 8304 
bc-******baker-says-u.s. 8305 
bc-******baker-urges-ban 8303 
bc-******charter-federal 8368 8373 
bc-******coca-cola-spoke 8387 
bc-******fed-says-it-set 8343 
bc-******gencorp-files-s 8348 
bc-******humana-inc-2nd 8223 
bc-******jamesway-corp-s 8218 
bc-******mitsubishi-bank 8321 
bc-******patrick-petrolu 8279 
bc-******sec-finds-septe 8385 
bc-******supermarkets-ge 8245 
bc-******u.s.-treasury 8302 
bc-***jefferies-group-sa 8324 
bc-/-fed-adds-reserves-v 8344 
bc-/-fed-expected-to-set 8299 
bc-/american-motors- 8258 
bc-/baker-says-u.s.-maki 8310 
bc-/baker-urges-banks-to 8315 
bc-/currencies-better-re 8309 
bc-/index-trading-not-to 8392 
bc-/market-loan-could-be 8273 
bc-/mitsubishi-ny-branch 8329 
bc-aar-corp- 8236 
bc-airship-industries- 8281 
bc-alco-standard- 8255 
bc-allied- 8355 
bc-allied-products-corp 8350 
bc-american-television- 8351 
bc-american-variety-acqu 8220 
bc-anacomp- 8259 
bc-bangemann-denies-news 8342 
bc-bank-of-finland-issue 8356 
bc-bank-of-tokyo-manager 8354 
bc-bayernverein-expects 8314 
bc-belgian-prime-ministe 8323 
bc-belgian-three-month-t 8263 
bc-biocraft- 8333 
bc-biotechnology- 8362 
bc-blockbuster- 8230 
bc-bp- 8331 
bc-brazil-debt-official 8312 
bc-canada-development-in 8332 
bc-canada-southern-pete 8339 
bc-canada-southern-petro 8335 
bc-cancapital-says-it-so 8301 
bc-child-world-inc- 8313 
bc-chronar- 8377 
bc-citizens-growth- 8276 
bc-cityquest-makes-120-m 8225 
bc-colorocs- 8365 
bc-commerce-department-r 8283 
bc-communaute-urbaine-de 8375 
bc-computer-devices-inc 8388 
bc-cooper-development-co 8275 
bc-core-mark-chairman-re 8266 
bc-costain-to-change 8328 
bc-deloitte-haskins-sell 8298 
bc-doe-makes-acid-rain-c 8369 
bc-ducommon-inc- 8391 
bc-duff/phelps-lowers-be 8341 
bc-dwg- 8353 
bc-dynamic-homes-inc- 8286 8317 
bc-energy-factors- 8264 
bc-finland-february-trad 8212 
bc-florida-federal- 8282 
bc-france-to-boost-resea 8360 
bc-french-13-week-t-bill 8382 
bc-fruit/loom- 8224 
bc-gencorp-sues-general 8361 
bc-general-systems-resea 8285 
bc-greece-seeking-ec-sug 8306 
bc-group-says-u.s.-hosta 8379 
bc-h.b.-fuller-co- 8270 
bc-hahn-says-vw-equal-to 8383 
bc-harper/row- 8222 
bc-hartford-fire- 8381 
bc-hawkeye-bancorp- 8345 
bc-hemodynamics-inc- 8297 
bc-hewlett-packard- 8233 
bc-high-court-lets-stand 8352 
bc-hosposable-products-i 8340 
bc-humana-inc- 8226 
bc-iadb-bank-says-it-wil 8277 
bc-iadb-plans-to-match-1 8271 
bc-ic-inds- 8293 
bc-icco-puts-1986/87-wor 8326 
bc-icn-pharmaceuticals- 8243 
bc-inland-steel- 8249 
bc-intelligent-business 8366 
bc-investor-acquires-9.9 8327 
bc-irish-industrial-prod 8363 
bc-irt-property- 8346 
bc-jamesway- 8221 8260 
bc-japan-in-last-ditch-e 8252 
bc-japan-says-it-trying 8244 
bc-jefferies- 8330 
bc-king-instrument-recei 8261 
bc-kings-road-entertainm 8291 
bc-klm-says-it-is-not-se 8359 
bc-limited-partners-sue 8216 
bc-lopat- 8376 
bc-lowe's-cos-inc- 8378 
bc-macao-pact-details 8242 
bc-mcdonald's- 8349 
bc-merrill- 8371 
bc-mitsubishi-raises-tru 8372 
bc-moto-photo- 8334 
bc-moto-photo-inc- 8300 
bc-myles- 8250 
bc-n.z.-ports-reopen 8214 
bc-nakasone-defends-sale 8307 
bc-nasd-takes-disciplina 8357 
bc-new-brunswick-scienti 8364 
bc-nigeria-changes-aucti 8234 
bc-nigeria-opens-talks-w 8239 
bc-pacific-resources- 8238 
bc-patrick-petroleum- 8288 
bc-paychex-inc- 8292 
bc-phh- 8370 
bc-prime-computer- 8295 
bc-principal-neo-tech-se 8367 
bc-public-service-n.c.- 8320 
bc-rains-promise-bountif 8257 
bc-raven-industries-inc 8296 
bc-recoton-corp- 8337 
bc-reebok-international 8235 8280 
bc-reliable-life-insuran 8294 
bc-reynolds-metals- 8248 
bc-rostenkowski-urges-ho 8290 8389 
bc-rotterdam-grain-handl 8319 
bc-ryland-group-inc- 8269 
bc-s.-african-consumer-p 8211 
bc-safeguard-scientific 8287 
bc-sanford-corp- 8338 
bc-sierra-leone-coup-att 8215 
bc-singer- 8267 
bc-slaughter-guesstimate 8241 
bc-spain-gives-cuba-25-m 8256 
bc-summagraphics-contend 8358 
bc-sun-microsystems- 8232 
bc-supermarkets-general 8262 
bc-swedish-gnp-rose-less 8347 
bc-tandem-computers- 8237 
bc-tandon- 8228 
bc-tandy-brands- 8386 
bc-thermo-instrument- 8284 
bc-tokai-bank-doubles-st 8316 
bc-toll-brothers- 8380 
bc-tonka- 8311 
bc-trade-proposes-new-ec 8374 
bc-triton-group-ltd- 8229 
bc-u.k.-money-market-giv 8247 
bc-u.s.-corporate-financ 8272 
bc-waite-kidnapped-as-sp 8278 
bc-walker-telecommunicti 8268 
bc-wellcome-sets-up-retr 8384 
bc-west-german-barley 8213 
bc-west-german-ship-sink 8246 
bc-westlb-raises-austral 8274 
bc-westworld-community-h 8289 
bc-wickes- 8322 
bc-williams-cos- 8265 
bc-winchell's-donut- 8227 
bc-yugoslavia-seeks-two 8390 
bc-zenith-electronics- 8336 
bc-zinc-producers-approa 8308 
bcl 8333 
began 8233 8271 8277 8307 8344 8379 
begin 8210 8239 8268 8281 
beginning 8234 
begins 8233 8307 
begun 8228 
beirut 8278 8379 
belg 8257 
belgian 8263 8323 
belgium 8308 8323 8374 
belgrade 8390 
believed 8243 
believes 8271 
belives 8272 
bellwood 8338 
beneficial 8341 
benefit 8210 8238 
benefits 8383 
berlin 8260 
bi-lateral 8239 
bid 8225 8234 8272 8357 
bidding 8234 
bids 8272 
big 8304 
biggest 8325 
bilateral 8239 8252 
bill 8273 
billion 8212 8226 8239 8258 8262 8271 8272 8277 8299 8305 8310 8312 8314 8315 8321 8325 8329 8341 8343 8344 8373 8390 
bills 8247 
biocraft 8333 
biod 8362 
biotechnology 8362 
bkk 8376 
blah 8218 8223 8245 8253 8263 8279 8302 8303 8304 8305 8321 8324 8326 8343 8348 8368 8382 8385 8387 
blame 8392 
block 8271 
blockbuster 8230 
bnl 8341 
board 8212 8221 8222 8225 8243 8250 8282 8310 8314 8320 8322 8361 8362 8373 8383 
boats 8256 
boca 8217 8273 8290 8297 8389 
boesky 8216 
bond 8272 8274 8346 8375 
bonds 8238 8272 8325 8346 
bonn 8342 
book 8283 
bookings 8311 
bookrunning 8272 
boost 8252 8360 
boosted 8314 8323 
boosting 8244 
borrow 8272 
borrowed 8271 
borrower 8276 
borrowing 8310 
borrowings 8271 
bought 8247 8252 8287 8298 8327 
bound 8307 8340 
bountiful 8257 
bourses 8314 
boyd 8330 
bp 8331 
brace 8222 
bradbury 8327 
branch 8316 8321 8329 
brands 8353 8386 
branko 8390 
brasilia 8312 
brazil 8312 
brazilian 8312 
briefing 8271 8277 
bring 8336 
bringing 8271 8277 
bristol 8373 
britain 8239 8360 
british 8239 8266 8278 8331 
broadcasting 8278 8307 
broader 8272 
brodersohn 8325 
brokerage 8330 
brook 8340 
brotherhood 8336 
brothers 8329 8380 
brought 8323 
brown 8361 
brunswick 8364 
brussels 8308 8323 8374 
budget 8244 8310 8374 
bugs 8275 
build 8281 8331 
builders 8225 
bullet 8274 
burden 8303 8315 
bureau 8284 8347 8363 
burnham 8216 8259 8349 
burroughs 8384 
business 8231 8233 8249 8250 8255 8287 8290 8293 8314 8334 8357 8366 8389 
businesses 8224 
businessman 8325 
buy 8243 8252 8259 8264 8272 8279 8288 8327 8374 
buyback 8243 
buyer 8330 
buying 8272 8306 8311 8356 
buyout 8225 
buys 8287 8351 8370 
bvmg.f 8314 
bypass 8241 
c. 8213 8235 
c..joseph 8280 
cable 8351 
cache 8250 
calculated 8248 
calgary 8301 8335 8339 
calif 8237 
calif. 8227 8228 8229 8231 8232 8237 8243 8275 8289 8322 8372 8391 
california 8238 8261 
call 8322 8384 
called 8250 8252 8258 8272 8310 8331 
calling 8278 
calls 8267 8272 8322 
campaigning 8307 
canada 8210 8254 8266 8285 8301 8318 8328 8332 8335 8339 
canada-lease-financi 8318 
canadian 8375 
cancapital 8301 
candidate 8349 8384 
candidates 8307 
cantarell 8210 
canton 8235 8280 
canyon 8237 
capacity 8271 8277 8308 
capital 8215 8225 8231 8242 8271 8277 8301 8310 8315 8329 8330 8360 8371 8386 8390 
capitalisation 8225 
capitalized 8325 
captain 8246 
carbon 8331 
carbon-bearing 8331 
carefully 8361 
carena-bancorp 8328 
carl 8383 
carolina 8320 
carried 8272 8310 
carrier 8359 
carry 8328 
carryforward 8229 8300 
carryforwards 8388 
carrying 8375 
carve 8272 
case 8252 8352 
cash 8218 8221 8224 8225 8276 8287 8288 8355 8373 
cassettes 8261 
casualty 8238 8341 
catastrophe 8252 
category 8283 
cattle 8241 
caused 8357 
causing 8357 
cautioned 8315 
cci 8272 8386 
cd 8316 8329 
cds 8356 
cefixime 8333 
cells 8377 
censuring 8357 
cent 8262 
centel 8217 
centennial 8341 
central 8211 8234 8239 8247 8307 8312 8347 8356 8363 
centre 8215 
centred 8359 
centrist 8307 
century 8235 8280 
cephalosporin 8333 
cereals 8374 
certificate 8263 8316 8329 8374 
certificates 8272 8356 
chairman 8222 8225 8266 8290 8330 8355 8383 8389 
chairwoman 8307 
challenge 8383 
challenged 8258 
challenges 8258 
challenging 8307 
chance 8273 
change 8210 8310 8328 
changed 8225 8234 8315 8328 8392 
changing 8283 8328 
chapter 8238 8258 
charge 8262 8275 
charged 8258 
charges 8289 8341 
charter 8368 8373 
chatsworth 8228 
che 8239 
chemical 8316 8331 
chfd 8373 
chicago 8224 8241 8249 8265 8290 8293 8341 8350 8352 
chief 8225 8235 8280 
child 8313 
chile 8315 8325 
china 8242 
chinese 8242 
chip 8252 
chips 8252 
chirac 8360 
chjange 8294 
chronar 8377 
chrysler 8258 
church 8278 
circuits 8265 
circulate 8349 
circumstances 8310 
cited 8384 
citg 8276 
citgs 8276 
citibank 8386 
citicorp 8272 8386 
cities 8268 
citizens 8242 8276 
citizenship 8242 
city 8265 8337 
cityquest 8225 
claim 8214 
claimed 8354 
claiming 8238 
claims 8214 8239 8242 8258 8374 
clair 8254 
class 8222 8227 8251 8285 8351 8362 8381 
clayton 8252 
clean 8369 8376 
cleanup 8369 
clear 8271 8277 8310 
clients 8290 
clients' 8290 
climbed 8314 
clinical 8384 
close 8224 8225 8307 8325 8357 
closed 8214 8349 
closely 8392 
closing 8289 8357 
closures 8308 
clrx 8365 
club 8239 8315 8390 
cnt 8217 8388 
co-agents 8329 
co-lead 8272 8274 
co-manager 8274 
co-managers 8272 
coal 8342 8369 
coal-fired 8369 
coast 8246 8376 
coca 8387 
coceral 8374 
cocoa 8326 
cogeneration 8264 
coherent 8287 
coke 8387 
cola 8387 
colo 8367 
colo. 8351 
color 8336 8365 
colorocs 8365 
columbia 8266 8269 
combined 8375 
combustion 8264 
comment 8210 8349 8352 8354 8359 8360 8384 
commented 8272 
comments 8342 
commerce 8252 8283 
commercial 8233 8239 8312 8315 8325 8329 8333 
commission 8241 8248 8251 8256 8258 8308 8314 8327 8330 8381 8390 8392 
commissioner 8374 
commitment 8380 
commitments 8225 
committed 8315 
committee 8222 8239 8273 8282 8290 8357 8389 
committee's 8273 
committees 8273 
commodity 8325 
common 8222 8231 8243 8248 8285 8287 8301 8327 8332 8345 8346 8351 8362 8386 
communaute 8375 
communications 8287 8351 8366 
communist 8242 
community 8289 8308 8374 
compact 8220 
company 8216 8221 8222 8224 8225 8231 8233 8235 8243 8248 8258 8265 8268 8272 8280 8281 8282 8285 8298 8311 8320 8322 8328 8329 8330 8331 8332 8334 8336 8341 8346 8351 8358 8365 8380 8383 8384 8386 
company's 8384 
comparable 8272 8349 8371 
compared 8212 8225 8311 8314 8319 8328 8360 
compares 8247 
compatible 8250 
compensatory 8238 
competition 8308 
competitive 8290 8389 
competitively 8272 
complain 8357 
complaint 8357 
complete 8224 
completed 8217 8255 8268 8351 8353 8367 8386 
completes 8255 8353 
completion 8224 8293 8346 
complex 8384 
compliance 8252 
components 8258 
comprehensive 8244 
comprised 8282 8319 
comprises 8327 
comprising 8247 
computer 8228 8233 8237 8250 8252 8295 8365 8388 
computers 8231 8233 8237 
comsat 8287 
concept 8369 
concern 8310 8327 
concerned 8319 8342 
concerns 8325 
concession 8375 
concessional 8310 
concluded 8285 8392 
conclusion 8222 
condensed 8392 
condition 8310 8354 
conditioned 8355 
conditions 8224 8308 8310 8315 8322 8390 8392 
conference 8249 8314 8384 
confidence 8310 8315 
confident 8304 8315 
configuration 8228 8250 8295 
confirmed 8258 
congress 8290 8310 8389 
conn 8381 
conn. 8267 8358 
connects 8268 
consented 8357 
conservative 8311 8342 8383 
conservatively 8311 
considerable 8222 
consideration 8225 8307 
considered 8295 
consisted 8271 8277 
consistent 8283 8349 
consists 8259 
constant 8210 
construction 8331 
consulting 8298 
consumer 8211 
consumption 8347 8390 
contacted 8342 
contained 8239 
contends 8358 
content 8213 
contested 8258 
continue 8240 8272 8342 8392 
continued 8271 8277 8342 8349 
continuing 8262 8325 8358 
continuous 8329 
continuuing 8315 
contract 8228 8232 8250 8258 8267 8333 8336 8377 
contracts 8281 
contrast 8272 
contribute 8310 
contribution 8330 
contributors 8271 
control 8271 8284 8310 8369 8390 
controlled 8327 
controlling 8328 
controls 8295 
conversations 8272 
conversion 8220 8285 8346 
converted 8248 8285 8301 
convertible 8225 8248 8259 8345 8346 8386 
convetible 8386 
cooper 8275 
cooperation 8359 
copier 8365 
copiers 8365 
copy 8258 
core-mark 8266 
corn 8257 8273 
corporate 8272 8280 8384 
corporates 8272 
corporation 8278 8307 8355 
correct 8387 
corridor 8380 
cos 8265 8322 8355 8378 
coscan 8328 
cost 8384 
costa 8243 
costain 8328 
costan 8328 
costs 8252 8275 8283 8314 8377 
cotton 8273 
council 8252 
counteract 8299 
countries 8240 8244 8271 8277 8290 8306 8310 8315 8389 8390 
country 8214 8271 8315 8323 8325 
country's 8239 8342 
coup 8215 
coupon 8272 8371 8375 
court 8216 8258 8352 
cover 8213 8239 8248 8283 8319 
covered 8261 8314 
covering 8248 8258 
cpi 8211 
cq 8287 
create 8252 
created 8222 
creative 8315 
credit 8229 8239 8256 8262 8272 8313 8314 8386 
creditor 8239 8310 8390 
creditors 8239 8312 8315 8325 
creditors' 8239 
credits 8229 8239 8291 8337 8350 
crew 8246 
crewmen 8246 
criminal 8216 
criteria 8384 
critical 8271 
criticised 8390 
criticisms 8390 
criticized 8384 
crnr 8377 
crop 8257 8273 
crops 8213 8257 
cross 8222 
crude 8210 8288 
cst 8249 
csw 8335 
ct 8300 8335 8339 
cuba 8256 
cuban 8256 
cumulative 8271 8277 
cupertino 8237 
curbing 8290 
cure 8384 
currencies 8302 8309 
currency 8234 8383 8390 
current 8243 8271 8275 8283 8289 8300 8310 8312 8325 8337 
customer 8233 8250 8265 8299 8343 8344 
customers 8250 
customs 8212 
cut 8252 8263 8313 8383 
cut-price 8252 
cutback 8252 
cutbacks 8252 
cutting 8303 
cwld 8313 
cyanamid 8333 
cypress 8391 
d-ark. 8273 
d-ill. 8290 8389 
daily 8342 
dallas 8230 8327 
dalmo 8267 
damage 8213 
damages 8216 8238 8315 
dan 8290 8389 
daniel 8349 
darmstadt 8342 
data 8262 8283 
datagraphix 8259 
david 8266 8273 8355 
day 8252 8331 8357 
days 8242 8299 8325 8346 8357 8379 
dayton 8300 8334 
dco 8391 
de 8312 8316 8375 
dead 8215 8246 
deal 8252 8272 8274 
dealers 8316 8332 8344 8357 
deals 8272 
debenture 8285 
debentures 8248 8322 8346 8355 
debt 8239 8240 8248 8272 8275 8288 8303 8310 8312 8315 8322 8325 8341 8345 8346 8355 8371 8390 
debt-capitalization 8325 
debt-laden 8359 
debtor 8310 8315 8325 
debtors 8304 8310 8315 
debts 8239 
dec 8318 8322 8335 
decay 8307 
deceived 8216 
december 8211 8239 8242 8283 8339 8362 8363 8373 8390 
deceptive 8216 8357 
decision 8225 8356 8361 
decisions 8210 8310 8360 
declared 8221 8227 
decline 8210 8311 8392 
declined 8314 8359 8384 
decreased 8276 
deep 8271 8277 8310 
default 8276 
defaulted 8276 
defend 8234 
defendants 8216 8238 
defended 8307 
defending 8234 
defends 8307 8323 
deficit 8323 8325 
deficits 8244 
definite 8390 
definitive 8224 8279 8288 8355 
deflationary 8240 
degree 8213 
delays 8213 
delegates 8240 8326 
deliverable 8251 
delivered 8379 
delivers 8295 
delivery 8228 8267 8306 8310 
deloitte 8298 
delta 8255 
demand 8244 8252 8265 8271 8277 8282 
demands 8239 
democratic 8307 8342 
denied 8252 8342 8359 
denies 8342 
dennis 8216 
denominations 8248 8375 
denver 8331 8367 
deny 8342 
denying 8357 
department 8239 8257 8262 8283 8369 8377 
departure 8360 
depedent 8210 
dependency 8210 
depending 8288 
depletion 8210 
deporsitary 8281 
deposit 8316 8329 8356 
depreciated 8234 
deputy 8252 8390 
der 8390 
derivatives 8319 
des 8345 
design 8370 
desk 8272 
detailed 8314 
details 8242 8249 8308 8359 8360 
detainees 8379 
detect 8284 
deteriorate 8379 
determination 8222 
determined 8282 
detroit 8258 8268 8286 8317 8355 
develop 8284 8298 8365 
developed 8210 8240 
developing 8240 8264 8384 
development 8256 8257 8258 8267 8271 8275 8277 8309 8310 8312 8315 8325 8328 8332 8360 8362 
developments 8392 
devices 8369 8388 
diablo 8237 
dial 8217 
die 8342 8379 
diego 8264 
dieter 8342 
differences 8310 
difficult 8271 8277 8310 8390 
digitizing 8358 
dimensional 8295 
diminishing 8252 
diplomatic 8242 
direct 8359 
directed 8271 
directly 8250 
director 8252 8272 8312 
directors 8222 8225 8282 
disastrous 8257 
disbursed 8271 8277 
disbursements 8271 8277 
discharges 8319 
disciplinary 8357 
disclose 8216 8384 
disclosed 8217 8367 
discontinued 8229 8262 8346 8391 
discourage 8234 
discovered 8210 
discoveries 8365 
discretion 8310 
discs 8220 
discuss 8271 
discussed 8256 
discussing 8359 
discussions 8222 8312 8325 
disinterested 8282 
disk 8228 
disposal 8262 8376 
dispute 8324 8330 
disputes 8214 
disregard 8242 
disruption 8214 
distance 8217 
distributed 8257 
distribution 8230 8272 8346 8384 
distributor 8376 
distributors 8250 8252 
district 8216 
ditch 8252 
div 8269 8378 
divest 8224 
divestitures 8289 
dividend 8221 8227 8276 8314 8320 8345 
dividends 8300 
division 8259 8267 8280 
divisional 8380 
divisions 8220 
diy 8225 
dlr 8228 8232 8256 8258 8267 8268 8272 8274 8284 8285 8300 8312 8321 8325 8329 8330 8332 8369 8371 8373 8375 8390 
dlr-a-share 8361 
dls 8295 
do-it-yourself 8225 
doctors 8354 8384 
documenting 8252 
documents 8216 
doe 8369 
doi 8307 
dollar 8309 8325 
dollar-denominated 8371 
dollars 8277 
domestic 8222 8244 8252 8271 8277 8360 8371 
dominion 8332 
donut 8227 
double 8310 
doubles 8316 
doubling 8316 
dow 8392 
downturn 8314 
dp-6 8341 
dp-7 8341 
dp-8 8341 
dram.o 8252 
drew 8308 
drexel 8216 8259 8349 
drexel's 8216 
dreyer 8384 
drill 8210 
drive 8372 
driven 8295 
driver 8215 
drives 8228 
driving 8272 8383 
drop 8385 8392 
dropped 8325 
drought 8257 
drug 8333 8384 
dryer 8384 
drying 8252 8315 
dual 8242 
dublin 8363 
ducommon 8391 
due 8220 8225 8239 8248 8258 8266 8272 8283 8322 8328 8347 8362 8371 8375 8385 
duesseldorf 8274 
duff 8341 
duff/phelps 8341 
dumping 8252 
duplicate 8271 8277 
durable 8283 
durables 8283 
dutch 8359 
duties 8272 
dw 8246 
dwg 8353 
dy 8286 8317 
dyer 8327 
dyhm 8286 8317 
dynamic 8252 8286 8317 
dynamics 8259 
e. 8246 8266 
e.f. 8217 8231 
earlier 8242 8258 8319 8336 
early 8222 8246 8271 8277 8299 8309 8311 
earn 8218 8219 8221 8223 8226 8227 8229 8236 8245 8253 8254 8258 8262 8269 8270 8275 8276 8286 8289 8291 8292 8294 8296 8297 8300 8311 8313 8314 8317 8318 8320 8322 8334 8335 8337 8338 8339 8340 8349 8350 8364 8366 8378 8388 8391 
earnings 8276 8311 8314 8325 8328 8330 8334 8349 
east 8210 
eat 8257 
ec 8306 8308 8374 
ecgd 8239 
echoed 8272 
economic 8240 8244 8252 8271 8277 8309 8310 8315 8323 8392 
economic/industrial 8256 
economically 8331 
economics 8342 
economies 8240 8271 8277 8310 
economists 8299 
economy 8210 8240 8244 8323 8342 8354 8390 
edging 8271 8277 
edison 8364 
edmonton 8285 
education 8271 
edwards 8272 
efac 8264 
effect 8240 8273 8320 
effective 8266 8372 
effectively 8225 
effects 8342 
effort 8222 8244 8252 
efforts 8315 8360 
efh 8217 8231 
elaborate 8244 8359 
election 8307 
elections 8307 
electric 8237 8252 8258 8261 8272 8281 
electrical 8336 
electromagnetic 8358 
electronics 8336 
electrophotography 8365 
elevated 8299 
elevator 8319 
eliminate 8345 
elk 8236 
elmwood 8333 
ely 8331 
embassy 8354 
embodies 8365 
embody 8365 
emerge 8271 8277 
emerson 8258 
emphasize 8240 
employees 8331 
employer 8357 
employs 8295 
emr 8258 
enable 8225 8336 
enabled 8272 8365 
encourage 8239 
end 8219 8239 8311 8374 8384 
end-1985 8314 
end-1986 8314 
endanger 8342 
ended 8282 8339 8373 
ending 8255 8334 
endorsing 8252 
ends 8335 
energy 8210 8264 8271 8367 8369 8377 
engage 8222 
engaged 8357 
engine 8365 
engineering 8267 
engineering/scientific 8295 
england 8247 8380 
englewood 8351 
enlarging 8310 
enrollment 8384 
ensure 8234 8252 8257 8384 
enter 8356 
entered 8281 8344 8355 
entertainment 8220 8230 8291 
entire 8239 
entitled 8346 
entity 8242 
environmental 8271 
envisage 8308 
envisaging 8308 
envoy 8278 
equal 8306 8346 8383 
equally 8377 
equipment 8232 8250 8259 8261 8272 8287 8352 8365 
equity 8315 8341 
erasable 8252 
escrow 8353 
espionage 8278 
essentially 8322 
established 8316 8329 
establishing 8380 
estimated 8239 8319 
estimates 8283 8325 
ethiopia 8257 
eurobond 8274 
europe 8346 
european 8308 8374 
evaluate 8384 
evidence 8252 
ex-trader 8357 
excchange 8309 
exceeded 8265 
exception 8244 
exchange 8234 8241 8248 8251 8258 8290 8327 8330 8345 8375 8379 8381 8390 8392 
exclude 8391 
excludes 8229 8262 8300 8314 
exclusive 8230 8357 8376 
execute 8357 
execution 8374 
executive 8210 8225 8235 8272 8280 
exercise 8251 8346 8356 
exhausted 8331 
exide 8224 
exist 8310 
existing 8250 8355 8369 
exit 8325 
expand 8244 8265 
expanding 8265 
expansion 8265 
expansionary 8325 
expectation 8328 
expectations 8210 8265 
expected 8210 8224 8231 8242 8252 8259 8298 8299 8311 8315 8331 8347 8390 
expects 8255 8311 8314 8325 8328 8334 8345 
expense 8210 
expenses 8258 8314 
expensing 8275 
expire 8336 8362 
expired 8345 
expires 8345 
exploration 8210 
explore 8210 
explored 8210 
export 8239 8252 8315 8325 
exports 8212 8239 8273 8347 8360 
expressions 8222 
extended 8232 8362 
extends 8362 
extent 8213 
external 8240 8312 
extract 8331 
extraction 8331 
exxon 8210 
f. 8216 
f0724 8211 
f0748 8212 
f0752 8213 
f0757 8214 
f0759 8215 
f0763 8216 
f0777 8217 
f0786 8218 
f0790 8219 
f0802 8220 
f0809 8221 
f0817 8222 
f0822 8223 
f0823 8224 
f0830 8225 
f0836 8226 
f0838 8227 
f0839 8228 
f0840 8229 
f0841 8230 
f0843 8231 
f0844 8232 
f0845 8233 
f0849 8234 
f0850 8235 
f0851 8236 
f0852 8237 
f0856 8238 
f0860 8239 
f0877 8240 
f0882 8241 
f0886 8242 
f0888 8243 
f0893 8244 
f0897 8245 
f0907 8246 
f0922 8247 
f0924 8248 
f0929 8249 
f0930 8250 
f0932 8251 
f0933 8252 
f0936 8253 
f0943 8254 
f0948 8255 
f0951 8256 
f0955 8257 
f0958 8258 
f0959 8259 
f0961 8260 
f0969 8261 
f0977 8262 
f0990 8263 
f0993 8264 
f0998 8265 
f0999 8266 
f1001 8267 
f1006 8268 
f1007 8269 
f1008 8270 
f1034 8271 
f1051 8272 
f1055 8273 
f1061 8274 
f1072 8275 
f1073 8276 
f1080 8277 
f1095 8278 
f1103 8279 
f1110 8280 
f1134 8281 
f1136 8282 
f1139 8283 
f1140 8284 
f1141 8285 
f1143 8286 
f1149 8287 
f1162 8288 
f1170 8289 
f1178 8290 
f1183 8291 
f1185 8292 
f1186 8293 
f1192 8294 
f1200 8295 
f1202 8296 
f1203 8297 
f1204 8298 
f1208 8299 
f1210 8300 
f1211 8301 
f1217 8302 
f1218 8303 
f1219 8304 
f1221 8305 
f1222 8306 
f1231 8307 
f1237 8308 
f1238 8309 
f1247 8310 
f1267 8311 
f1270 8312 
f1273 8313 
f1282 8314 
f1296 8315 
f1311 8316 
f1324 8317 
f1325 8318 
f1331 8319 
f1332 8320 
f1339 8321 
f1341 8322 
f1343 8323 
f1344 8324 
f1351 8325 
f1352 8326 
f1355 8327 
f1379 8328 
f1380 8329 
f1400 8330 
f1407 8331 
f1410 8332 
f1415 8333 
f1416 8334 
f1420 8335 
f1421 8336 
f1422 8337 
f1423 8338 
f1424 8339 
f1425 8340 
f1427 8341 
f1428 8342 
f1434 8343 
f1443 8344 
f1447 8345 
f1449 8346 
f1459 8347 
f1460 8348 
f1463 8349 
f1470 8350 
f1474 8351 
f1476 8352 
f1481 8353 
f1484 8354 
f1485 8355 
f1489 8356 
f1490 8357 
f1495 8358 
f1501 8359 
f1529 8360 
f1561 8361 
f1565 8362 
f1568 8363 
f1569 8364 
f1570 8365 
f1575 8366 
f1578 8367 
f1580 8368 
f1588 8369 
f1594 8370 
f1596 8371 
f1613 8372 
f1622 8373 
f1623 8374 
f1630 8375 
f1645 8376 
f1649 8377 
f1651 8378 
f1652 8379 
f1681 8380 
f1686 8381 
f1687 8382 
f1695 8383 
f1698 8384 
f1700 8385 
f1701 8386 
f1703 8387 
f1711 8388 
f1712 8389 
f1730 8390 
f1737 8391 
f1744 8392 
faces 8258 
facilities 8225 8289 
facility 8316 
facsimile 8365 
factors 8264 8283 
factory 8283 8336 
failed 8215 8216 
failing 8252 
fair 8357 
fairfield 8358 
fairly 8239 
falcon 8376 
fall 8257 8347 8357 8392 
fallen 8309 
falling 8211 8325 
falls 8296 8382 
familiar 8349 
famine 8257 
farm 8273 8374 
farmers 8257 
fast 8315 8349 
fastest 8315 
favourable 8257 
favourably 8390 
fdp 8342 
feb 8226 8236 8270 8292 8338 
february 8211 8212 8258 8268 8283 8314 
fed 8299 8343 8344 
federal 8282 8299 8344 8361 8368 8369 8373 
federal's 8282 
federation 8214 
fee 8295 8375 
feeder 8359 
fees 8370 
feldman 8352 
fell 8283 8347 
fertiliser 8257 
fiber 8265 8268 
field 8213 
fields 8210 
fierce 8307 
fight 8307 
figure 8283 
figures 8211 8212 8283 8314 8319 8347 8390 8391 
file 8251 8320 
filed 8216 8231 8238 8248 8251 8258 8261 8332 8333 8352 8358 8361 8381 
files 8231 8251 8348 
filing 8327 8332 8358 
film 8235 8280 
final 8258 
finalised 8239 
finalized 8259 
finance 8231 8239 8272 8273 8274 8310 8315 8347 
financial 8216 8235 8244 8253 8258 8280 8310 8311 8315 8341 8383 
financing 8224 8231 8259 8271 8272 8318 8325 
financings 8272 
findings 8282 
finds 8385 
fining 8357 
finland 8212 8356 
fire 8354 8381 
firm 8216 8272 8298 8329 8357 
firm's 8357 
firms 8222 8360 8370 
fiscal 8282 8311 8330 8334 
fishing 8256 
five-year 8258 8274 
fla 8290 
fla. 8217 8255 8273 8282 8297 8389 
fleets 8281 
flfe 8282 
flights 8359 
floor 8241 
florida 8217 8282 
flow 8276 
flowing 8315 
fluctuations 8346 
focus 8242 8349 
focusing 8349 
fogiveness 8315 
foiled 8215 
follow 8239 
food 8257 8333 8349 8384 
foods 8355 
foot 8260 
force 8272 8307 8331 
forces 8215 8392 
ford 8272 
forecast 8247 8315 8347 
foreign 8222 8234 8242 8312 8314 8329 8354 
forest 8289 
forgiveness 8315 
form 8384 
formation 8222 
formed 8225 8282 8355 8380 
fort 8386 
fortnightly 8234 
forward 8328 
found 8282 8374 
founder 8235 8280 8352 
fountain 8372 
four-wheel 8372 
four-wheel-drive 8372 
four-year 8310 
fourth 8242 8325 8330 
fox 8235 8280 
fraidin 8216 
france 8360 
francisco 8352 
frank 8216 
frans 8374 
fraudulent 8383 
fraudulently 8238 
free 8310 8315 8342 8379 
freedom 8242 
freer 8310 
freetown 8215 
french 8239 8360 8382 
frequently 8310 
fresh 8239 
friction 8293 
friday 8272 8299 8342 8349 8356 8384 8390 
friday's 8225 
fried 8216 
frighten 8315 
fringe 8383 
front 8290 8389 
fruit 8224 
fruit/loom 8224 
ftl 8224 
fuel 8210 
fueled 8264 
fulfill 8220 
full 8222 8240 8270 8289 8308 8365 8366 
full-scale 8267 
fuller 8270 8271 8277 
fully 8225 
function 8374 
fund 8248 8315 8390 
fundamental 8392 
fundamentals 8302 8309 
funding 8310 8329 8369 
funds 8259 8272 8299 8344 8360 
future 8210 8222 8261 8325 
futures 8273 8290 8389 8392 
ga 8359 
ga. 8365 
gain 8229 8275 8294 8388 
gaions 8294 
gap 8240 8272 
gas 8210 8237 
gastonia 8320 
gatt 8240 8244 8342 
gave 8242 8314 8360 
gd 8259 
gdp 8277 8360 
gem 8319 
gencorp 8348 8361 
general 8224 8240 8244 8245 8252 8258 8259 8262 8272 8285 8307 8329 8342 8348 8354 8361 
generally 8272 
generate 8210 
generation 8333 
george 8252 
german 8213 8246 8314 8342 8360 8390 
german-registered 8246 
germany 8360 8383 
gillespie 8266 
girozentrale 8274 
give 8242 8320 8359 
giving 8342 
gladly 8272 
global 8315 
gm 8272 
gmac 8272 
gmt 8214 
gnp 8347 
goal 8244 8325 
gold 8331 
goldman 8248 8349 8386 
good 8257 8311 8315 
goods 8256 8283 
governing 8234 
government 8215 8242 8257 8285 8293 8299 8310 8312 8323 8325 8344 8360 
governments 8239 8307 
governor 8239 8307 
governors 8310 
graan 8319 
grace 8239 
gradual 8315 
grain 8213 8257 8273 8319 8374 
grains 8319 
grains/oilseeds 8319 
grand 8268 
granted 8230 8248 8256 8365 
granting 8242 
graphics 8295 
great 8273 
greater 8210 8271 8310 8315 
greece 8306 
grey 8252 
gross 8271 8277 8301 8311 8347 8360 
group 8216 8217 8225 8229 8231 8235 8243 8269 8278 8280 8282 8314 8316 8324 8328 8330 8354 8370 8379 
groups 8360 
grove 8236 
grow 8240 8315 
growing 8210 8257 8271 8277 8316 
growth 8231 8240 8271 8276 8277 8310 8315 8323 8325 8328 8347 8349 
guarantee 8239 
guesstimated 8241 
guesstimates 8241 
guesstimating 8241 
guilty 8216 
gun 8354 
gundy 8332 
gunmen 8354 
gwf 8264 
h.b 8270 
hackl 8314 
hahn 8383 
hajime 8252 
half 8228 8233 8311 8346 8373 
half-height 8228 
hambros 8274 
hamburg 8213 
hammered 8252 
hand 8242 
hand-written 8379 
handler 8319 
handover 8242 
happy 8242 8272 
hararghe 8257 
harbour 8214 
harcourt 8222 
hard 8390 
harper 8222 
harper/row 8222 
harris 8216 
hartford 8381 
haskins 8298 
hasty 8252 
hata 8244 
hauppauge 8268 8366 
havana 8256 
hawekeye 8345 
hawkeye 8345 
hawkeye's 8345 
hbj 8222 
head 8241 8257 
headed 8239 
headway 8315 
health 8266 8271 8289 8379 
healthcare 8289 
hears 8240 
heat 8210 
held 8239 8271 
helped 8216 8323 
helping 8309 
helsinki 8212 8356 
hemodynamics 8297 
henry 8225 
herrington 8210 8369 
hewlett-packard 8233 
hig 8381 
high 8234 8258 8309 8314 8341 8352 8357 8360 8384 
higher 8210 8221 8283 8349 
higher-performance 8233 
highlighted 8210 
hint 8252 
history 8384 
hitherto 8315 
hmd 8297 
hmdy 8297 
hme 8216 
hmmwv 8258 
hog 8241 
hold 8239 8249 8272 8306 
holders 8221 8225 8227 8242 8262 8320 8345 
holding 8214 8331 
holdings 8272 8367 
holds 8225 
holland 8298 
home 8216 8373 
homes 8286 8317 
honestly 8290 8389 
honesty 8290 8389 
hong 8252 
hope 8252 
hoped 8239 
hopeful 8239 
hopkinton 8380 
horsham 8380 
hosp 8340 
hospital 8354 
hosposable 8340 
hostage 8278 8379 
hours 8214 
house 8241 8290 8389 
houses 8227 
housing 8328 
hp 8233 
hpr 8222 
hrs 8214 
huge 8272 
hum 8226 
humana 8223 8226 
humanitarian 8379 
hundred 8379 
hunt 8370 
hurt 8354 
hutton 8217 8231 
hwkb 8345 
hwp 8233 
iad 8249 
iadb 8271 8277 8305 8310 8325 
ibcc 8366 
ibm 8250 
ic 8293 
icco 8326 
icn 8243 
icx 8293 
idd 8272 
ideal 8210 
ideas 8303 8315 
identified 8307 8354 
identify 8357 
ignore 8290 8389 
ii 8327 
iii 8357 
ill 8379 
ill. 8236 8338 
illness 8379 
imaging 8334 
imbalance 8310 
imbalances 8244 8315 
imf 8325 8390 
immediately 8249 8310 8354 8357 8372 
immune 8384 
impact 8307 8325 
implement 8307 
implementation 8295 
implemented 8252 8328 
import 8210 8315 
important 8210 8290 8389 
imports 8212 8252 
impossible 8310 
improperly 8290 8389 
improve 8213 8259 8310 8315 
improved 8271 8277 8308 8328 8365 
inability 8390 
inadequacies 8341 
inappropriate 8252 
incentive 8252 
include 8216 8217 8229 8239 8275 8289 8310 8341 
included 8215 8288 
includes 8250 8262 8267 8275 8291 8294 8337 8350 8359 8388 
including 8281 8283 8288 8325 8355 
income 8330 8337 8373 
inconsiderable 8390 
increase 8210 8211 8252 8265 8273 8310 8314 8316 8328 8347 
increased 8221 8314 8328 8341 8349 
increases 8372 
increasing 8372 
increasingly 8210 
incumbent 8307 
incurred 8258 8330 
ind. 8259 
indebtedness 8240 
indefinately 8222 
indemnify 8258 
independent 8222 8225 8352 8379 
independents 8307 
index 8211 8363 8385 8392 
index-related 8392 
indian 8379 
indianapolis 8259 
indicating 8283 
indirect 8344 
indirectly 8299 
individual 8308 8392 
inds 8293 
induce 8238 
industrial 8210 8214 8256 8315 8363 8392 
industrialized 8240 
industries 8249 8281 8284 8293 8296 8342 8361 8376 
industry 8225 8252 8256 8273 8290 8308 8311 8360 8369 8389 
industry's 8295 
infection 8384 
inflation 8211 8310 8315 8323 
influence 8271 8310 
inform 8384 
informal 8240 8244 
information 8237 8272 8298 8384 
infringement 8261 8358 
initial 8224 8227 8231 8233 8267 8384 
initiative 8369 
injunction 8358 8361 
inland 8249 
innovative 8369 
inoperative 8220 
insider 8216 
insitute 8377 
installation 8237 
installed 8237 8369 
institute 8377 
instituted 8357 
institution 8271 8373 
institutional 8216 8316 8386 
institutions 8272 
instructing 8252 
instructions 8252 
instrument 8261 8284 
instrumental 8392 
instruments 8252 8284 
insufficient 8213 
insurance 8239 8294 8341 8381 
insured 8239 
intact 8352 
intc 8250 
integrated 8298 
integrators 8250 
intel 8250 
intelligent 8366 
intend 8222 
intended 8225 8271 8277 
inter-american 8271 8277 8309 8310 8312 8315 8325 
interactive 8295 
interbank 8316 8356 
interest 8222 8240 8247 8282 8299 8312 8314 8316 8328 8343 8344 8371 8390 
interested 8222 
interests 8216 8243 
interleaf 8232 
internal 8271 8277 
international 8219 8220 8225 8235 8240 8244 8249 8250 8252 8266 8280 8315 8316 8336 8359 8390 
internationally 8290 8389 
intervene 8299 
intervention 8374 
interview 8342 8390 
introduced 8250 8295 8298 
introduces 8295 
introductions 8311 
invalid 8358 
inventory 8283 8357 
invest 8216 
invested 8325 
investing 8216 
investment 8216 8225 8235 8243 8271 8272 8277 8280 8282 8294 8313 8325 8327 8332 8383 
investments 8271 8277 8347 
investor 8225 8327 8386 8392 
investors 8216 8225 8272 8301 8315 8316 8346 8392 
invoice 8252 
involving 8330 
ipi 8363 
iran 8278 
ireland 8363 
iris 8295 
irish 8363 
iron 8256 
iron-steel 8342 
irrespective 8307 
irt 8346 
islamic 8379 
island 8337 
israel 8379 
issuance 8275 8316 
issucne 8346 
issue 8238 8242 8272 8310 8332 8346 8371 
issued 8242 8272 8356 8365 
issuers' 8375 
issues 8272 8356 8375 
issuing 8252 8272 8375 
italian 8293 
italy 8293 
items 8211 8384 
ivan 8216 
iwate 8307 
jackson 8276 8288 
jacobson 8216 
jacques 8360 
jails 8379 
james 8252 8309 8310 8315 
james-baker 8302 8303 8304 8305 8309 8310 8315 
jamesway 8218 8221 8260 
jan 8229 8262 8275 8296 8313 8366 
jan. 8288 
janez 8390 
january 8211 8212 8225 8276 8278 8283 8301 8307 8314 8322 8390 
japan 8239 8244 8252 8307 8360 
japanese 8239 8244 8252 8354 8360 
jefferies 8324 8330 
jefferson 8368 8373 
jefg 8330 
jersey 8260 
jihad 8379 
jmy 8221 8260 
job 8312 
jobs 8336 
john 8272 8369 
joining 8307 
joint 8256 8281 8327 
jointly 8307 8331 
jolla 8229 
jones 8392 
joseph 8215 8235 
journal 8359 
jovanovich 8222 
judge 8308 
judgment 8352 
july 8306 8307 8320 8352 
jump 8315 
jumped 8349 
june 8282 8292 8295 8306 8310 8320 8322 8362 8373 
jury 8352 
justice 8278 
justices 8352 
justification 8282 
k-20 8376 
kansas 8265 
kennedy 8384 
key 8283 
kidder 8222 8231 
kidnapped 8278 
kidnappers 8379 
kill 8213 
killed 8246 
kilobit 8252 
kilobytes 8250 
king 8261 8287 
kings 8291 
klm 8359 
klm.as 8359 
knowlton 8222 
kong 8252 
korth 8272 
kren 8291 
kuomintang 8242 
ky. 8226 
l. 8222 
l.a. 8370 
la 8227 8229 
laargest 8276 
labonte 8235 8280 
laboratories 8333 
laboratory 8377 
lacks 8238 
lagos 8234 
lake 8289 8388 
lakes 8286 8317 
lambert 8216 8259 8349 
landesbank 8274 
lansing 8268 
lapse 8325 
large 8210 8257 8272 8311 
largely 8314 
largest 8252 8271 8281 8329 
las 8246 
last-ditch 8252 
late 8315 8352 
latest 8213 8262 8313 
latin 8271 8277 8310 8315 8325 
latina 8256 
launched 8252 8274 8328 
law 8216 
laws 8361 
lawsuit 8238 8352 
ldp 8307 
ldp-dominated 8307 
leaching 8331 
lead 8225 8274 8329 8375 
leaders 8290 8389 
leading 8215 8295 8312 
leaf 8232 
lease 8318 
leases 8231 
leasing 8231 8352 
leave 8312 
lebanese 8278 
lebanon 8379 
led 8215 8231 8248 8273 
lederle 8333 
lee 8349 
left 8352 
legal 8210 8238 8258 8282 8328 
lehrman 8216 
lenders 8353 
lending 8271 8277 8310 8315 
lent 8271 8277 
leone 8215 
lets 8352 
letter 8252 
letters 8239 8386 
level 8252 8271 8299 8311 8314 8328 
levels 8272 8283 8311 8314 8316 
leverage 8341 
levine 8216 
lewis 8216 8370 
liabilities 8353 8355 
liberal 8307 
liberation 8379 
library 8220 
license 8230 8261 
lie 8210 8310 
life 8294 8341 8371 
lifo 8262 
light 8252 8276 8325 
lima 8354 
limit 8252 
limited 8216 8222 8227 8233 8276 8384 
lincoln 8216 
line 8256 8275 8295 8298 8311 8372 8383 
lines 8386 
link 8268 
lion 8310 
liquidation 8345 
list 8248 8349 8384 
listed 8375 
litigation 8330 
livened 8314 
lives 8384 
lk 8358 
lnc 8216 
loading 8261 
loan 8225 8271 8273 8276 8282 8310 8315 8325 8359 8373 
loans 8271 8273 8277 8285 8304 8310 8315 8325 8354 
lobby 8374 
local 8214 8307 
locate 8252 
located 8331 8380 
lockheed 8358 
lon 8355 
london 8225 8239 8247 8278 8306 8316 8375 
long 8217 8337 8357 
long-term 8239 8248 
loom 8224 
loom's 8224 
lopat 8376 
los 8219 8220 8265 8291 8330 
losing 8360 
loss 8219 8229 8258 8262 8275 8286 8289 8291 8296 8297 8300 8308 8313 8317 8330 8334 8335 8337 8339 8373 8388 8391 
losses 8258 8282 8383 8391 
lot 8272 
louis 8294 
louisville 8226 
low 8252 8315 8334 8341 8378 
lowe 8378 
lower 8234 8240 8311 8347 
lowered 8341 
lowers 8341 
lowest 8234 
loyal 8215 
lp 8216 8227 
lpat 8376 
ltv 8258 
luis 8237 
luxembourg 8375 
lynch 8301 8329 8371 
m/a-com 8217 
macao 8242 
machines 8250 
made 8222 8234 8248 8252 8258 8271 8272 8277 8305 8310 8325 8354 8365 8374 8390 8392 
magazine 8390 
magnetic 8261 
magnified 8392 
magnitude 8392 
mai 8217 
main 8257 8307 
maintained 8315 
maintenance 8295 
maize 8257 
major 8239 8240 8249 8250 8304 8310 8315 8323 8352 8357 
majority 8271 8310 8359 
makanoff 8355 
make 8249 8252 8272 8304 8310 8315 8333 8360 8361 8384 
maker 8228 8252 8281 
makers 8252 
makes 8217 8225 8369 
making 8225 8244 8252 8310 8315 8342 8384 
malcolm 8252 
mamman 8240 
man 8246 8354 
managed 8325 
management 8216 8225 8230 8237 8298 8310 8312 8314 8355 8375 8383 
manager 8274 8354 8371 8375 8384 
managers 8272 
managing 8383 
mangan 8272 
manhattan 8351 
manipulative 8357 
manufacture 8333 
manufactured 8365 
manufacturer 8259 8311 
manufacturers 8250 
manufacturing 8284 8336 
marathon 8301 
margin 8361 
marginal 8234 
margins 8311 8314 8328 
mario 8325 
mark 8314 8357 
market 8225 8240 8247 8250 8252 8272 8273 8298 8299 8308 8315 8322 8344 8346 8356 8357 8360 8371 8374 8385 8390 8392 
marketing 8273 8359 
markets 8251 8252 8271 8310 8329 8371 
marking 8357 
markka 8212 
marks 8314 8383 
martens 8323 
martin 8216 
masaji 8252 
mass 8362 8380 8388 
mass. 8235 8261 8280 8284 8313 
massive 8315 
match 8271 8277 8369 
material 8384 
materials 8293 8384 
maturity 8248 8356 
max 8372 
maximilian 8314 
mbank 8386 
mcd 8349 
mcdonald 8349 
mcivor 8210 
mckinnon 8272 
mcorp 8386 
md 8370 
md. 8269 
meadowdale 8355 
means 8234 8290 8307 8389 
meant 8383 
measure 8390 
measures 8244 8323 
media 8215 
medium 8239 
medium-term 8321 8329 
meet 8216 8252 8325 8390 
meeting 8210 8239 8240 8244 8271 8309 8310 8312 8315 8322 8325 8328 8342 8360 8390 
meetings 8214 8310 
meets 8384 
megabyte 8228 
megabytes 8250 
member 8225 8271 8306 8310 8357 
members 8214 8225 8246 8273 8336 8355 
memory 8250 8252 
mer 8371 
mercantile 8241 8290 
merchants 8225 
merge 8368 8373 
merged 8259 
merger 8255 8355 8373 
merit 8238 
merrill 8301 8329 8371 
mesa 8243 
message 8246 
metals 8248 8284 
method 8330 
mexico 8210 8315 8325 8336 
mfd 8327 
miami 8271 8309 8310 8312 8315 8325 8353 
mich. 8288 
michael 8272 8334 
michigan 8268 8355 
michigan-based 8293 
micro-chip 8252 
microgrpahics 8259 
micron 8252 
microprocessor 8250 
microscopic 8331 
microsystems 8232 
microtel 8217 
microtel-inc 8217 
mid-1987 8233 
mid-april 8250 
middle 8210 8341 
mighty 8372 
mij 8319 
mikulic 8390 
military 8215 8258 8281 
miller 8252 
millionth 8383 
milos 8390 
milosavljevic 8390 
milwaukee 8230 
mimai 8250 
mine 8331 
minerals 8331 
minimize 8342 
mining 8284 
minister 8239 8240 8252 8307 8323 8342 8360 8390 
ministerial 8342 
ministers 8244 
ministry 8242 8252 8342 8347 8354 8360 
minn. 8270 8286 8311 8317 
minnetonka 8311 
minority 8359 
minutes 8357 
mirada 8227 
misleading 8216 
miss. 8276 
missing 8278 
missle 8281 
miti 8252 
miti's 8252 
mitsubishi 8321 8329 8372 
mlx 8293 
mo 8336 
mo. 8336 
mobility 8258 
moderate 8299 8309 8311 8315 
moines 8345 
moisture 8213 
momoh 8215 
monetary 8240 8315 8325 8390 
money 8247 8342 8360 8374 
money-fx 8234 8247 8299 8302 8309 
monica 8322 
monitor 8392 
monitored 8278 
month 8272 8306 8312 8316 8330 8346 
monthly 8211 8283 8295 
months 8252 8272 8273 8283 8314 8356 8362 8374 8376 8384 
montreal 8375 
moody 8272 
moody's 8371 
morgan 8216 8329 
morning 8214 8283 8354 
mortgage 8272 8276 8314 
motherboard 8250 
motives 8379 
moto 8300 8334 
motor 8246 8272 8372 
motors 8253 8258 8272 
mountain 8232 
move 8271 
moved 8309 
ms 8216 
mths 8219 8226 8236 8291 8292 8317 8318 8335 8339 
mull 8303 8315 
multi-purpose 8258 
multi-tiered 8272 
multilateral 8310 
munford 8327 
munich 8314 
mutual 8272 
myles 8250 
mylex 8250 
mylx 8250 
n't 8310 
n.c. 8320 8378 
n.j 8260 
n.j. 8221 8260 8262 8333 8340 8364 8376 8377 
n.y. 8268 8292 8337 8366 
n.z 8214 
naira 8234 
nakamikado 8307 
nakasone 8307 
named 8235 8238 8266 8280 8329 8354 
names 8216 8376 
nasd 8357 
nasdaq 8281 8357 
nation 8307 
national 8216 8220 8307 8341 8347 8357 8360 
nationale 8375 
nationalist 8242 
nationality 8242 
nations 8310 8314 8315 8390 
nationwide 8307 
natural 8210 8310 
naval 8281 
navy 8246 8281 
nbsc 8364 
nec 8252 
needed 8271 8277 
negative 8325 
negotiated 8386 
negotiating 8310 
negotiations 8220 8242 8312 
negotiator 8312 
neo-tech 8367 
ner 8331 
nerco 8331 
net 8219 8226 8229 8236 8254 8262 8270 8275 8286 8289 8291 8292 8294 8296 8297 8300 8311 8313 8314 8317 8318 8334 8335 8337 8338 8339 8340 8350 8364 8366 8373 8374 8388 8391 
netherlands 8319 8359 
network 8268 8359 
nev. 8331 
neville 8370 
new-zealand 8214 8240 8244 
newly 8225 
news 8215 8249 8314 8390 
newspaper 8252 8342 8379 
newton 8362 
niche 8272 
nigeria 8234 8239 8240 
nigerian 8239 8240 
nigerians 8239 
nil 8229 8262 8317 8366 
nipn.t 8252 
non-callable 8371 
non-exclusive 8261 
non-refundable 8272 
nonstop 8237 
norcross 8365 
nord 8246 
norfolk 8217 8272 
normal 8257 
north 8210 8320 8378 
northeast 8217 8380 
northern 8213 
note 8229 8275 8289 8291 8292 8294 8300 8313 8321 8329 8337 8350 8366 8391 
note:1985 8388 
noted 8271 8272 8308 8309 
notes 8225 8259 8262 8272 8287 8329 8367 8371 8375 8386 
notified 8365 
noting 8386 
november 8229 8283 8363 
now-defunct 8352 
nsc 8217 8272 
nuclear 8237 
null 8242 
number 8216 8222 8272 8308 8328 8336 
nutting 8388 
nv 8274 
ny 8321 8329 
oassis 8238 
obispo 8237 
obligations 8315 
obstacle 8323 
obstacles 8240 
obtained 8384 
occupation 8379 
occur 8214 
occurred 8392 
octavio 8242 
october 8272 8331 
offer 8225 8332 8345 8348 8361 8381 
offered 8210 8222 8234 8248 8272 8312 8316 8379 
offering 8224 8231 8248 8272 8295 8320 8329 8346 8371 
offerings 8272 
offers 8312 8379 
office 8211 8354 8380 
officer 8215 8235 8272 8280 
officers 8215 8272 
official 8215 8239 8242 8263 8272 8312 8315 8354 8356 8382 8390 
officials 8239 8315 8354 8360 
ohio 8300 8334 8361 
oil 8210 8239 
oilseed 8213 8273 8319 
oilseeds 8319 
oki 8252 
okla. 8265 
okongwu 8239 
olympia 8352 
omits 8276 
ommitted 8276 
on-lending 8325 
on-line 8237 
onboard 8250 
one-for-five 8322 
one-year 8232 
ontario 8332 
open 8310 8315 8331 8380 
opened 8260 8299 8357 
opening 8380 
opens 8239 8260 8380 
oper 8229 8262 8300 8391 
operate 8230 8264 8331 8373 
operated 8259 
operating 8233 8235 8262 8268 8280 8295 8314 
operation 8331 
operations 8229 8262 8355 8391 
operator 8349 
opportunities 8210 
opportunity 8210 8290 8389 
opposed 8210 
opposes 8242 
opposing 8307 
opposition 8307 
optic 8265 
optics 8265 8268 
option 8225 8248 8267 
options 8210 8288 
oral 8333 
order 8284 8311 
ordered 8352 
orders 8250 8283 8290 8311 8384 
ore 8331 
ore. 8331 
organisation 8278 8374 
organised 8225 
organizations 8384 
original 8232 8250 8310 8316 8374 
originally 8283 
orlando 8255 
ortiz-mena 8271 
otari 8261 
ounces 8331 
outcome 8353 
outlined 8315 
output 8252 
outright 8247 
outstanding 8221 8243 8251 8271 8315 8322 8345 8354 8375 
overcoming 8383 
oversee 8280 
owing 8325 
owned 8331 8357 
owner 8222 
ownership 8325 
owns 8351 
oxide 8331 
p.w 8272 
pa 8380 
pa. 8287 
pace 8311 8315 8390 
pacific 8237 8238 8246 
pacificorp 8331 
package 8239 8307 8325 
pact 8220 8242 8252 8333 8336 
padua 8312 
page 8355 
paid 8225 8262 8276 
painewebber 8272 
painstaking 8315 
paint 8254 
palestine 8379 
palmas 8246 
palo 8275 
panel 8273 8369 
paper 8272 8342 
papers 8216 
par 8272 8346 8371 
paragon 8327 
paramount 8238 
parent 8314 8329 
paris 8239 8315 8360 8375 8390 
park 8333 
part 8210 8239 8248 8261 8311 8345 8367 8369 
partial 8314 
participate 8239 
participation 8256 
particulartly 8210 
parties 8222 8307 8310 
partner 8239 
partners 8216 8348 8361 
partnership 8216 8227 
parts 8210 8342 
party 8307 8342 
passport-holders 8242 
passports 8242 
past 8210 8272 8383 
patent 8261 8358 8365 
patented 8358 
patents 8360 
patient 8384 
patients 8384 
patrick 8279 8288 
patrolled 8215 
pattern 8311 
paul 8270 8384 
paulo 8312 
pave 8239 
pay 8214 8234 8261 8269 8272 8273 8288 8314 8352 
payable 8221 8227 8320 8378 
paychex 8292 
paying 8234 8371 
payment 8244 8374 8375 
payments 8312 8323 
payout 8218 8221 8320 
payx 8292 
pcg 8237 
pe 8272 
peabody 8222 8231 
peak 8210 
peasants 8257 
peking 8242 
pending 8222 8353 8355 
pension 8294 
perceptions 8392 
perform 8377 
performance 8233 8295 8315 
performances 8295 
period 8257 8271 8277 8314 8339 8384 8392 
periodic 8251 
periods 8300 
peripherals 8231 
permits 8325 
permitted 8346 
person 8252 
personal 8228 8250 8330 
personnel 8310 8314 
persons 8282 
peru 8354 
petersburg 8282 
petroleum 8238 8288 8331 8335 8339 
petroleum-coke 8264 
petroleums 8301 
petroluem 8279 
pfe 8384 
pfizer 8384 
pharmaceuticals 8243 
pharmacists 8384 
phase 8268 
phelps 8341 
phh 8370 
philadelphia 8272 8295 
philippines 8315 
photo 8300 8334 
photograph 8379 
photvoltaic 8377 
physicians 8384 
picinich 8272 
picked 8246 
pinned 8273 
pit 8290 8331 
place 8342 8384 
placement 8259 8285 
placing 8290 
plaintiffs 8216 
plan 8224 8271 8272 8307 8308 8315 
planks 8307 
planned 8222 8248 8392 
plans 8243 8271 8272 8294 8307 8315 8320 8322 8325 
plant 8237 8257 8331 
plants 8264 8369 
plasma 8284 
play 8210 8310 
played 8312 
plc 8225 8228 8328 8331 8384 
plea 8240 
pleaded 8216 
plebiscite 8307 
pledge 8216 
pledged 8342 
plenty 8210 
pm-gatt-debt 8240 
pneumonia 8384 
poco 8301 
point 8309 
pointed 8272 8310 8315 
pointing 8310 
points 8263 8272 8349 8371 
police 8215 8354 
policeman 8215 
policies 8210 8240 8310 
policy 8252 8310 8390 
political 8315 
polled 8307 
polls 8307 
pollution 8369 
poor 8272 8290 8371 
poor's 8375 
poorest 8310 
poreferred 8300 
port 8214 8319 
port-by-port 8214 
portfolio 8231 
portion 8275 
portland 8331 
ports 8214 
portugal 8242 
portuguese 8242 
portuguese-ruled 8242 
position 8271 8310 8357 8380 
positive 8315 8360 
post 8312 
post-split 8320 
postponed 8222 8233 
posttax 8275 
potential 8383 
pound 8311 
pour 8342 
power 8237 8264 8271 8310 8369 
pp 8288 
ppc 8238 8288 
ppw 8331 
pr 8238 
practice 8357 
pre-split 8221 
pre-tax 8262 
precaution 8374 
precipitous 8392 
predecessor 8238 
predicted 8347 
prefectural 8307 
prefectures 8307 
preference 8345 
preferred 8259 8285 8288 8341 8345 8367 8381 
preliminary 8212 8332 
premium 8346 8374 
prensa 8256 
preparation 8216 
prepared 8216 8244 8310 8360 
present 8252 8257 8374 
presented 8252 
presently 8234 
president 8215 8235 8252 8271 8280 8334 8355 8369 8384 
presidents 8280 
presidnet 8280 
press 8229 8359 8384 
pressures 8244 8271 8277 8309 
pretax 8275 
pretoria 8211 
previous 8314 8386 
previously 8224 8258 8271 8277 8288 8320 8328 8345 
previously-announced 8255 8353 
pri 8238 
price 8210 8211 8224 8231 8272 8273 8285 8346 8357 8367 8372 8386 
priced 8252 8272 8274 8295 8371 8375 
prices 8243 8252 8272 8325 8357 8372 8392 
pricings 8272 
primarily 8334 
prime 8295 8307 8323 8360 8390 
prime's 8295 
princeton 8377 
principal 8315 8367 8384 8390 
principally 8276 
principle 8228 8328 
print 8365 
printers 8365 
prior 8248 8269 8291 8328 8357 8358 8378 8391 
private 8259 8285 8347 8360 8386 
privatizing 8315 
prm 8295 
problem 8242 
problems 8252 8266 8310 8323 
procedures 8284 
proceed 8308 
proceeding 8258 
proceeds 8224 8231 8248 8301 8329 8353 8381 
process 8310 8315 8331 
procurement 8258 
produce 8374 
produced 8257 8331 8370 8383 
producers 8252 8273 8308 
producing 8308 
product 8250 8271 8272 8275 8277 8295 8311 8333 8347 8360 8365 8384 
product's 8295 
production 8210 8252 8257 8267 8271 8277 8333 8342 8363 
productive 8308 
products 8284 8298 8319 8340 8350 8376 
professors 8379 
profit 8219 8229 8262 8275 8286 8289 8296 8300 8311 8314 8317 8335 8337 8339 8388 
profits 8314 
program 8239 8244 8276 8295 8310 8316 8321 8323 8329 8377 
programmable 8252 
programs 8315 8323 8360 
progress 8310 8315 8325 8390 
projected 8224 
projecting 8325 
projects 8256 8264 8271 8328 
prolong 8384 
promise 8257 
promoting 8310 8315 
proof 8252 
properties 8276 
property 8341 8346 
proposal 8222 8258 8271 8325 
proposals 8222 8369 
propose 8374 
proposed 8224 8293 8307 8308 
proposes 8307 8374 
proprietary 8365 
prospect 8257 
prospects 8257 
prospectus 8332 
protect 8242 8281 
protection 8258 
protectionist 8244 8309 
prototype 8281 
protracted 8220 
prove 8239 
provide 8217 8232 8310 8315 8346 
providing 8359 8386 
provincial 8285 
provision 8273 8337 
provisions 8314 8357 
prudhoe 8210 
prussia 8287 
pryor 8273 
psnc 8320 
public 8224 8231 8271 8301 8320 8392 
publicized 8252 
publish 8342 
published 8283 
publishers 8222 
punitive 8238 
puppies 8311 
purchase 8243 8248 8256 8259 8301 8362 
purchased 8247 8285 8287 
purchases 8272 
purposes 8327 8329 
pursue 8281 
pursuing 8315 
put 8310 8349 
puts 8326 
putting 8307 
qltv 8258 
qtly 8269 8378 
qtr 8223 8226 8229 8236 8245 8262 8270 8275 8286 8289 8291 8292 8296 8300 8313 8317 8318 8335 8337 8338 8339 8340 8364 8366 8388 8391 
qualified 8253 8258 
quality 8284 
quantities 8257 
quantity 8267 
quartelry 8276 
quarter 8229 8252 8262 8291 8311 8330 8334 
quarterly 8221 8227 8269 8276 8320 
question 8242 
questioned 8330 
quick 8325 
quick-maturing 8257 
quickly 8272 
quotation 8357 
quotations 8357 
quoted 8225 8342 8390 
radar 8267 
radio 8246 8278 
raid 8215 
railway 8272 
rain 8257 8369 
rains 8257 
rainy 8257 
raised 8257 8320 
raises 8274 8320 8372 
raising 8274 8360 
ramifications 8249 
random 8250 8252 
range 8272 8372 
ranges 8302 8309 
rape 8213 
rapeseed 8213 
rapid 8392 
rapidly 8213 8360 
rapids 8268 
rare 8307 
rate 8234 8263 8299 8315 8346 8382 
rated 8272 8371 8375 
rates 8240 8272 8316 8371 8390 
ratification 8336 
ratified 8282 8336 
ratings 8341 
ratio 8345 
raton 8217 8273 8290 8297 8389 
rav 8296 
raven 8296 
raw 8384 
rbok 8235 8280 
rcot 8337 
re-evaluation 8288 
reach 8239 8314 8325 
reached 8239 8328 
reaching 8210 8315 
reaction 8308 
read 8252 
readily 8290 8389 
ready 8310 
reaffirmed 8276 8349 
reaffirming 8310 
reagan 8252 8271 8310 8369 
real 8315 8390 
realise 8225 
reasons 8384 
rebel 8242 
rebuttal 8252 
recalculation 8283 
receipts 8239 8281 
receive 8239 8288 
received 8222 8232 8250 8261 8267 8284 8367 
receives 8261 
receiving 8349 
recent 8224 8239 8283 
recently 8235 8280 8290 8308 8315 
recently-named 8216 
recession 8271 8277 
recognise 8242 
recommendation 8349 
recommended 8225 
reconcile 8239 
record 8220 8221 8227 8262 8269 8311 8314 8320 8378 8390 
recorded 8330 
recording 8342 
recored 8334 
recoton 8337 
recover 8331 
recovered 8331 
recruit 8216 
recycled 8325 
redeem 8346 
redeemable 8248 
redemption 8346 8381 
redemptions 8272 
reduce 8252 8271 8315 8323 8336 
reduced 8310 8331 8341 8342 
reducing 8315 
reduction 8308 
reebok 8235 8280 
reevaluating 8220 
referred 8390 
referring 8272 
refinance 8248 8390 
refinancing 8390 
reflect 8262 8283 8302 8309 8341 
reflected 8309 8358 
reflecting 8244 
reflects 8240 8316 
reform 8307 8310 8390 
reforming 8310 
reforms 8305 8310 8315 
refunding 8272 
regard 8242 
regime 8210 
region 8271 8277 
regional 8272 8359 
regions 8257 8342 
register 8251 
registered 8360 
registers 8248 
registration 8248 8251 8381 
regular 8276 
regulating 8390 
regulations 8290 8361 8389 
regulatory 8224 8392 
reiterated 8325 8349 
reject 8361 
related 8214 8289 8330 
relating 8238 8251 8381 
relations 8242 
relaxing 8290 8389 
release 8283 
released 8242 8271 
releases 8250 
reliable 8294 
relief 8240 8315 
reluctance 8239 8273 
remain 8240 8274 8311 8322 
remainder 8346 
remained 8299 8323 
remaining 8246 8282 8331 
remains 8233 
reneging 8252 
renewal 8232 
rental 8230 
reopen 8214 8273 
reopened 8214 
reorganization 8310 
reorganizations 8258 
repaid 8390 
repair 8256 
repayment 8346 
repayments 8325 
replace 8272 
replacing 8336 
replenishment 8310 
replied 8242 
reply 8306 
reponsibility 8290 8389 
report 8210 8213 8258 8271 8277 8283 8328 8359 8390 8392 
reported 8246 8283 8328 8330 8347 8363 8373 
reporters 8242 8252 8257 8271 8277 
reporting 8315 
reports 8215 8251 8290 
represent 8242 8310 8325 
representative 8244 8252 
representatives 8239 8241 
represented 8243 
representing 8239 
republic 8242 
repurchase 8276 8299 8343 8344 
repurchases 8299 8344 
require 8273 8310 8346 8379 
required 8239 8251 8384 
requirement 8248 
requires 8242 
resale 8301 
rescheduld 8315 
reschedule 8239 
rescheduled 8315 
rescheduling 8239 
reschedulings 8239 
research 8285 8360 8377 8384 
resellers 8250 
reserve 8299 8341 8344 
reserves 8299 8331 8344 
residents 8242 
residual 8331 
resign 8312 
resignation 8312 8330 
resigned 8266 
resigns 8266 
resold 8301 
resolved 8323 8324 8330 
resolving 8315 
resort 8240 
resource 8310 
resources 8238 8279 8288 8310 
respect 8222 
respective 8391 
respectivley 8388 
respond 8290 8389 
responded 8312 
response 8282 8290 
responsibility 8290 8354 8389 
responsible 8282 8290 
rest 8231 8332 
restaurants 8349 
restore 8374 
restruction 8341 
restructure 8244 
restructuring 8222 8244 8345 
result 8238 8272 8276 8283 8325 8341 8345 8373 8392 
resulted 8330 
resulting 8258 8330 8373 
results 8229 8242 8259 8262 8275 8288 8289 8311 
resume 8239 8250 
resumes 8250 
retail 8272 8372 
retailers 8311 
retaliatory 8252 
retire 8248 
retract 8307 
retrovir 8384 
return 8311 8346 
returned 8242 
revenue 8328 
revenues 8311 
reversal 8229 
reverse 8322 
review 8252 8282 
revised 8283 
revises 8283 
revisions 8283 
revolt 8215 
revolutionary 8278 
revs 8219 8226 8254 8289 8291 8292 8300 8317 8318 8335 8337 8339 8364 8366 8388 
reynolds 8248 
rice 8273 
rich 8252 
richard 8349 
richmond 8248 
ridge 8331 
rise 8211 8271 8277 8314 8347 8357 8363 
risen 8314 
rises 8211 
rising 8283 
risk 8213 8314 8315 
risks 8314 
rlifa 8294 
rlm 8248 
road 8291 
rochester 8292 
rock-bottom 8252 
rogers 8358 
role 8210 8310 8312 
rose 8211 8272 8283 8314 8319 8347 8349 
ross 8214 
rostenkowski 8290 8389 
rotterdam 8319 
rough 8271 
route 8359 
row 8222 
royal 8359 
royalty 8261 
rule 8242 
ruled 8360 
rules 8234 8308 8357 8374 
ruling 8307 8352 
rumors 8349 8387 
run 8271 8357 
ryl 8269 
ryland 8269 
s.d. 8296 
sachs 8248 8349 8386 
sacrifice 8272 
safeguard 8287 
safety 8242 8374 
sale 8224 8275 8328 8341 8353 8367 8391 
sales 8229 8236 8252 8255 8261 8262 8270 8275 8286 8296 8297 8307 8311 8313 8328 8338 8340 8349 8350 8372 8374 8376 8391 
salomon 8329 
salvage 8252 
samaila 8240 
same-maturity 8272 
san 8237 8264 8352 
sanctions 8357 
sanders 8358 
sanf 8338 
sanford 8338 
sank 8246 
santa 8231 8322 
sao 8312 
satellite 8287 
satisfactory 8354 
satisfy 8239 
save 8252 8374 
saved 8272 
savings 8282 8368 8373 
sawaki 8354 
scandal 8383 
schedule 8233 
scheduled 8228 8233 8250 8272 8283 8295 8322 
schemes 8325 
schultz 8252 
scientific 8287 8364 
scrambling 8272 
sea 8210 
season 8213 8257 8334 
seasonal 8283 8311 
sec 8251 8324 8330 8385 8392 
secaucus 8221 
secertary 8309 
secondary 8272 
secretary 8210 8214 8252 8310 8315 8325 8369 
sections 8357 
sector 8272 8314 8360 
sectors 8310 
securities 8225 8248 8251 8258 8272 8299 8301 8314 8327 8330 8332 8344 8357 8361 8375 8381 8392 
security 8357 
seed 8257 
seek 8322 8358 
seeking 8271 8306 8359 8361 8387 8390 
seeks 8216 8310 8390 
sees 8282 8307 8311 8334 
segment 8262 8265 
seismic 8367 
seixas 8312 
selected 8369 
seligman 8216 
seligmann 8216 
sell 8224 8228 8231 8252 8272 8293 8325 8332 8346 8355 8359 
seller 8330 
selling 8252 8258 8272 8355 8356 8375 
sells 8231 8298 8367 8371 
semi-annually 8371 
semiconductor 8252 
semiconductors 8252 
sen 8273 
senate 8273 
senator 8273 
sending 8252 
senior 8215 8216 8239 8259 8312 8322 8341 8355 8369 
sense 8272 
sentiment 8272 
separate 8259 8261 
sept 8392 
september 8233 8239 8244 8329 8373 8385 8392 
serial 8272 
series 8233 8239 8242 8295 
serve 8359 
serves 8273 
service 8217 8320 8376 
services 8216 8256 8272 8298 
session 8244 8247 
sessions 8349 
set 8298 8299 8329 8331 8384 
setback 8383 
sets 8218 8221 8227 8269 8321 8329 8343 8384 
setting 8252 
settlement 8261 8328 8330 
settles 8330 
seven-year 8272 
seventh 8310 
severely 8257 
sfe 8287 
sgl 8262 
share 8222 8225 8231 8262 8276 8285 8288 8292 8300 8301 8310 8311 8314 8320 8328 8330 8332 8345 8346 8350 8360 8369 8373 8386 
shared 8272 8357 8377 
shareholder 8282 8322 
shareholders 8217 8222 8225 8231 8243 8285 8322 8328 8361 
shares 8221 8225 8231 8243 8251 8285 8288 8301 8310 8320 8322 8327 8332 8345 8351 8367 8373 
sharp 8314 8347 8365 
sharply 8211 8341 8349 
sheet 8314 
shimane 8307 
ship 8214 8246 8319 
shipment 8295 
shipments 8228 8233 8250 8311 
shipping 8311 
shop-owners 8307 
short 8252 8310 
short-term 8239 
shortage 8247 
shorter 8325 
shortfall 8257 
shortly 8360 
shot 8215 
show 8211 8347 
showed 8212 8290 8307 8389 
showing 8363 
shown 8307 8384 
shr 8219 8223 8226 8229 8236 8254 8262 8270 8275 8286 8289 8291 8292 8294 8296 8297 8300 8313 8317 8318 8335 8337 8338 8339 8340 8350 8364 8366 8388 8391 
shriver 8216 
shrs 8229 8236 8262 8275 8289 8291 8300 8313 8340 8350 
shunichi 8307 
sides 8325 
siegel 8216 
sierra 8215 
sierra-leone 8215 
sign 8215 
signed 8264 8288 8333 
significant 8271 8277 8288 8325 
signing 8242 8316 
signs 8230 
silicon 8377 
similar 8239 8271 8308 
simon 8349 
simple 8310 8325 
simply 8310 
singapore-registered 8246 
singer 8267 
sinking 8248 
sinks 8246 
sintered 8293 
sioux 8296 
situation 8271 8277 8315 8374 
six-year 8346 
size 8310 8316 
slash 8252 
slaughter 8241 
slightly 8211 8311 8314 
slope 8210 
slow 8390 
slowly 8271 8277 
small 8257 8264 8272 8356 
smaller 8272 
smelting 8308 
smf 8267 
snow 8213 
so-called 8252 8325 
socialist 8307 
software 8233 8298 
soil 8213 
solar 8377 
sold 8252 8258 8272 8301 8355 8374 
sole 8371 
solicitation 8369 
soliciting 8369 
solutions 8315 
sought 8258 8310 
sound 8308 
sources 8215 8239 8308 
south 8211 
south-africa 8211 
southern 8217 8272 8335 8339 
soviet 8284 
sow 8257 
soybeans 8273 
spain 8256 
spanish 8246 8256 
speak 8272 
speaking 8244 8360 8390 
special 8222 8267 8282 
specific 8252 8272 8310 
spectrometers 8284 
speech 8307 8309 8310 8315 8383 
spelled 8252 
spending 8265 8360 
spent 8360 8384 
spi 8243 
spiegel 8390 
spip 8243 
split 8218 8221 8262 8292 8320 8322 
spokesman 8214 8246 8312 8314 8331 8342 8344 8359 8373 8387 
spread 8272 
spring 8213 
springfield 8336 
spun 8351 
spx 8372 
spy 8278 8379 
square 8260 
st 8254 
st-.-clair-paint-and 8254 
st. 8270 8282 8294 
stability 8315 
stable 8210 
staff 8330 8392 
stake 8225 8238 8298 8327 8359 
stamford 8267 
stand 8315 8352 
standard 8250 8255 8272 8290 8295 8371 8375 
standards 8284 
stands 8307 8390 
stanley 8216 8329 
start 8250 8268 8315 8331 8357 
starting 8248 
state 8252 8342 8360 
statement 8225 8234 8242 8248 8251 8258 8310 8342 8379 8381 
statements 8253 
states 8252 8271 8376 
statistics 8211 8347 8354 8363 
status 8242 
steadily 8234 
steel 8249 8256 8342 
steen 8379 
steering 8239 
stefan 8246 
stemmed 8352 
stems 8265 
step 8360 
stephen 8216 
steps 8252 
sterling 8316 
stg 8225 8239 8247 8316 
stifled 8240 
stock 8218 8221 8222 8225 8243 8248 8259 8262 8287 8288 8292 8311 8320 8322 8327 8341 8345 8346 8349 8359 8362 8375 8381 8385 8392 
stockholder 8281 
stockholders 8282 8288 8373 
stockholm 8347 
stocks 8257 
stood 8211 8314 8363 
stop 8252 8358 
stoppages 8214 
stopped 8252 8310 
stopwork 8214 
store 8260 8262 8349 
strange 8252 
strategies 8272 8392 
strategy 8310 8315 
street 8272 8349 8359 8392 
strengthen 8271 8277 
strengthening 8310 
strike 8214 
strong 8244 8272 
stronger 8311 
struck 8239 
structural 8239 
studying 8361 
sub-libor 8316 
sub-machine 8354 
subject 8224 8276 8293 8373 
subjects 8210 
submit 8384 
submitting 8369 
submodules 8377 
subordianted 8322 
subordinated 8225 8248 8259 8355 8386 
subscribe 8225 
subsequently 8358 
subsidiaries 8261 8341 
subsidiary 8217 8224 8238 8252 8258 8265 8274 8287 8293 8341 8353 8367 
subsidies 8210 8342 
substantial 8283 8315 
substantially 8355 
succeeded 8225 
succesful 8310 
successful 8234 8239 
successor 8266 
sue 8216 
sues 8361 
suffer 8379 
suffered 8257 
sufficient 8384 
sugar 8306 
suggested 8372 
suggestions 8315 
suit 8216 8261 8348 8358 8361 
summagraphics 8358 
sun 8232 
sun-3 8232 
sunday 8336 
sundor 8353 
sunw 8232 
supermarkets 8245 8262 8355 
superstore 8230 
superstores 8230 
suppliers 8384 
supplies 8384 
supply 8210 8252 8272 8344 8384 
support 8307 
supported 8328 
supporters 8307 
supporting 8239 8307 
supreme 8352 
surety 8238 
surpassed 8315 
surplus 8212 8314 8323 8326 
surrounding 8258 
surveillance 8357 
survey 8283 8307 
suspended 8239 8312 
suspending 8357 
suspension 8357 
suspicion 8215 
suzuki 8307 
swap 8379 
swapping 8315 
sweden 8347 
swedish 8347 
sweetbaum 8225 
syndicate 8272 
syndicates 8272 
system 8233 8237 8240 8247 8250 8261 8265 8267 8295 8307 8344 8374 8384 
systems 8255 8264 8284 8285 8287 8298 8384 
t-bill 8382 
tab 8386 
tadao 8354 
tailor-made 8272 
tailored 8369 
taipei 8242 
taiwan 8242 
takako 8307 
takeover 8242 8349 8359 8387 
takes 8247 8320 8357 
taking 8225 8252 8359 8384 
talk 8272 
talking 8312 8359 
talks 8239 8240 8242 8346 8353 8359 
tamura 8252 
tandem 8237 
tandon 8228 
tandy 8386 
tanjug 8390 
tanker 8246 
tape 8220 8261 8342 
target 8233 8257 8272 
targeted 8376 
tariffs 8210 8240 8244 8342 
taupo 8240 8244 
tax 8229 8291 8300 8307 8313 8337 8350 8388 
tcor 8228 
team 8239 
technical 8232 8360 
technicon 8275 
technique 8272 
technological 8360 
technologies 8369 
technology 8252 8358 8360 8365 
tehran 8278 
telecommunications 8265 8268 8287 8352 
telecommunictions 8268 
teledata 8217 
telegraph 8352 
telephone 8217 8272 8312 
teleprinter 8352 
telesystems 8287 
television 8323 8336 8351 
temporary 8299 8344 
tender 8306 8361 
tendered 8345 
term 8346 
terminated 8220 
terms 8217 8220 8264 8274 8293 8328 8367 8370 8373 
territory 8242 
terry 8278 
test 8233 
texas 8252 8386 
texsun 8353 
theodore 8222 
thermo 8284 
things 8310 
thinking 8359 
thomas 8384 
thomson 8272 
thought 8272 
thoughts 8272 
threat 8267 8330 
threatened 8252 
three-for-two 8292 
three-month 8263 
three-year 8377 
threw 8352 
thrift 8373 
thrust 8210 
thursday 8242 8252 8325 
tied 8271 8310 
tier 8272 
tiers 8272 
tight 8310 
tightened 8290 8389 
tigre 8257 
time 8214 8222 8257 8311 8325 8346 8351 8356 8357 8359 8392 
times 8295 
tiny 8242 
tka 8311 
tl 8351 
tnd 8237 
tndm 8237 
today 8239 8240 8241 8242 8246 8247 8249 8252 8258 8310 8342 8349 8392 
today's 8356 
toepfer 8213 
tokai 8316 
tokyo 8252 8261 8307 8354 
tol 8380 
told 8214 8240 8242 8244 8252 8257 8271 8273 8290 8307 8308 8312 8314 8315 8323 8359 8383 8389 
toll 8380 
tomorrow 8239 8272 8342 8365 
tonka 8311 
tonnes 8246 8257 8306 8308 8319 8326 
tons 8331 
top 8252 
top-flight 8272 
toronto 8251 8254 8318 8328 8332 8367 
total 8247 8271 8277 8308 8314 8319 8320 8329 8345 8346 8347 8370 8384 
totaled 8373 
totaling 8271 8277 8345 
tourist 8256 
toxic 8376 
toy 8311 
trade 8212 8240 8244 8252 8273 8281 8290 8315 8342 8374 
traded 8251 
trader 8213 8272 8290 8357 8374 8389 
traders 8241 8272 8290 8306 8349 
trading 8216 8239 8299 8314 8344 8349 8385 8386 8392 
traditional 8311 
traditionally 8242 
traffic 8319 
trailing 8311 
tranches 8306 
trandy 8386 
transaction 8222 8224 8272 8288 8293 8330 8351 8355 8373 
transactions 8222 8285 8356 8357 8383 
transfer 8325 
transferability 8222 
transition 8310 
transmission 8392 
transportation 8210 
trapped 8252 
treasuries 8272 
treasury 8247 8252 8263 8272 8302 8309 8310 8315 8325 8346 
treat 8384 
treatment 8384 
trends 8390 
trip 8239 
triple 8310 
triton 8229 
troops 8215 
trouble 8215 
troy 8293 
trr 8229 
trro 8229 
truck 8372 
trucks 8372 
trust 8272 8276 
tsomu 8244 
tuesday 8283 
tulsa 8265 
two- 8372 
two-day 8244 8392 
two-for-one 8262 8320 
two-wheel 8372 
type= 8218 8223 8245 8253 8263 8279 8302 8303 8304 8305 8321 8324 8326 8343 8348 8368 8382 8385 8387 
types 8384 
u.k 8247 8281 
u.k. 8225 8239 
u.s 8210 8261 8272 8281 8283 8290 8302 8309 8310 8344 8377 8379 
u.s. 8210 8216 8225 8229 8251 8252 8271 8273 8281 8290 8305 8310 8315 8321 8329 8336 8346 8352 8359 8360 8365 8379 8384 8385 8389 8392 
uk 8225 8239 8247 8278 8306 8316 8375 
unable 8252 
unamorized 8275 
unavailable 8349 
uncertain 8258 
uncertainties 8258 
unchanged 8283 8314 
uncompetitive 8342 
underscores 8380 
understanding 8252 8390 
undertakings 8225 
underused 8271 8277 
underwrite 8272 
underwriter 8272 
underwriters 8231 8248 8272 
underwriting 8272 8375 
underwrote 8272 
undisclosed 8264 8287 8293 8370 8384 
unemployment 8244 8323 
unfair 8240 
unfilled 8283 
uninsured 8239 
union 8214 8284 8336 8352 
unit 8216 8224 8227 8230 8258 8260 8265 8272 8275 8287 8331 8351 8353 8358 8367 
united 8252 8271 
units 8227 8264 8267 8355 
unity 8307 
unix 8295 
unlisted 8225 
unreasonable 8310 
unregulated 8252 
unrelated 8224 
unsold 8283 
unsolicited 8361 
unspecified 8216 
unsuccessful 8215 
updating 8283 
upmost 8242 
ups 8218 
urbaine 8375 
urban 8271 
urged 8310 8315 8360 
urgent 8323 
urges 8290 8303 8315 8389 
useable 8310 
ussr 8284 
utilization 8271 8277 
utmost 8252 
v.3 8295 
va 8373 
va. 8248 8373 
vague 8349 
valerio 8242 
valid 8210 8374 
valley 8370 8372 
value-added 8250 
valued 8288 8373 8377 
values 8283 
vancouver 8266 
vantage 8235 8280 
variety 8219 8220 
varying 8315 
vast 8271 8277 
vax 8295 
vehicle 8258 8383 
vendor 8352 
venezuela 8315 8325 
venture 8281 8298 8315 8327 
verdict 8352 
vereinsbank 8314 
version 8267 
versus 8241 
vessel 8246 
veto 8271 8310 
vice 8384 
victor 8267 
victory 8307 
video 8230 
videos 8230 
view 8232 8271 8310 8330 
village 8236 
violated 8258 8357 
violates 8361 
violations 8216 8357 
vira 8243 
viratek 8243 
virus 8384 
visible 8272 
visited 8390 
vlx 8237 
vogel 8342 
voice 8265 
void 8242 
volkswagen 8383 
volume 8240 8310 8314 8356 
volumes 8315 
voluntary 8308 
vons 8355 
vote 8222 8307 8310 
votes 8222 
vowg.f 8383 
vw 8383 
wages 8336 
wagner 8361 
waite 8278 
walker 8268 8370 
wall 8272 8349 8359 8392 
wallpaper 8254 
waltham 8284 
wanamassa 8376 
wanted 8272 8310 8312 
warburg 8225 
ward 8252 
warm 8213 
warned 8290 
warning 8267 8360 
warrant 8301 
warrants 8251 8301 8362 
warrenton 8373 
washington 8252 8271 8277 8283 8310 8327 8352 8357 8369 8392 
waste 8376 
waterside 8214 
watersiders 8214 
ways 8290 8389 
wchi 8289 
wdh 8227 
weakens 8315 
weaknesses 8390 
wedd 8316 
wednesday 8272 
week 8210 8222 8239 8241 8252 8272 8283 8312 8319 8359 8384 
weekend 8310 8390 
weekly 8234 8390 
weeks 8307 
welfare 8242 
wellcome 8384 
wellington 8214 
wello 8257 
welt 8342 
wendy 8349 8387 
west 8213 8246 8342 8360 8376 8383 8390 
west-germany 8213 8314 8342 8383 
westboro 8261 
westdeutsche 8274 
western 8239 8307 8310 8315 8341 8352 8376 8390 
westinghouse 8281 
westlb 8274 
westworld 8289 
wheat 8273 
wheeled 8258 
white 8306 
wholesale 8310 
wickes 8225 8322 
wide 8257 8272 8311 8384 
widening 8240 
wilfried 8323 
wilkesboro 8378 
williams 8265 
willingness 8290 8389 
wilson 8214 
wiltel 8265 
winchell 8227 
winchester 8228 
winding 8261 
winter 8213 
winthrop 8222 
wis. 8230 
wix 8322 
wix.a 8225 
wmb 8265 
wolfsburg 8383 
woltz 8357 
wood 8332 
woodbridge 8262 
work 8213 8331 
workers 8214 8336 8383 
workforces 8342 
working 8231 8301 8358 8386 
workstation 8295 
workstations 8232 
world 8240 8252 8273 8281 8303 8313 8315 8326 8360 
worlkd 8210 
worth 8386 
wounded 8354 
wrinkle 8272 
writing 8311 
written 8374 
wrong 8307 
wtel 8268 
wx 8281 
yamamoto 8252 
yasuhiro 8307 
year-ago 8314 
year-on-year 8211 8363 
years 8210 8239 8257 8272 8283 8307 8315 8323 8331 8333 8336 
yeutter 8252 
yield 8272 8346 8371 
york 8216 8222 8233 8238 8248 8272 8281 8298 8299 8325 8329 8344 8349 8370 8371 8384 
yugoslav 8390 
yugoslavia 8390 
yugoslavia's 8390 
yuko 8307 
ze 8336 
zealand 8214 8240 8244 8342 8371 
zemljaric 8390 
zenith 8336 
zinc 8308 
zoete 8316 
