're 15460 
****** 15487 15502 15522 15535 15542 15544 15566 15583 15603 15606 15608 
-1st 15477 15558 
-3 15482 
-4th 15594 
-4th-qtr 15459 
-argentine-grain 15500 
-awarded 15514 
-bein 15465 
-comp 15461 
-cure 15609 
-cuts-heat 15607 
-declar 15553 
-forms-in 15517 
-forms-ja 15491 
-france-to-urge-de 15576 
-gets-1 15501 
-gets-5.2 15458 
-gets-6.6-m 15599 
-i 15467 
-m 15507 15546 
-ma 15619 
-makes 15479 
-mar 15554 
-march 15586 
-march-s 15604 
-march-sa 15509 
-march-sale 15588 
-produc 15499 
-puts-l 15490 
-repurcha 15605 
-roebuck- 15546 
-s 15457 
-say 15464 
-se 15585 15612 15614 
-sees-end 15475 
-signs-mark 15526 
-sues-lotus 15469 
-to-buy-i 15571 
-to-ma 15591 
-un 15466 
-uni 15565 
-unit 15533 15592 
-up-on-smith 15589 
..17 15580 
..21 15580 
..24 15580 
..6 15580 
..7 15580 
..8 15580 
.11 15580 
.12 15580 
.18 15580 
.22 15580 
.24 15580 
/author 15460 15470 15488 15530 15549 15551 15556 15576 
0.2 15554 15557 
0.25 15520 
0.361 15504 
0.4 15557 
0.5 15502 15506 15507 
0.50 15563 15607 
0.56 15504 
0.654 15504 
0.658 15504 
0.665 15504 
0.677 15504 
0.9 15539 
0007 15502 
0008 15535 
0009 15566 15583 
0011 15608 
0012 15606 
0014 15487 15522 15544 
0015 15542 15603 
0023 15457 
0026 15613 
0027 15461 
0028 15553 15570 
0032 15559 
0033 15548 
0036 15493 
0038 15477 15510 15528 
0039 15508 
0040 15563 
0041 15474 
0042 15601 
0043 15495 15579 15605 
0045 15595 
0046 15496 
0048 15499 
0049 15482 15515 15572 
0052 15507 15577 15594 
0053 15476 15521 15568 
0054 15590 15612 
0055 15463 
0056 15464 15536 15588 
0057 15561 
0058 15490 15593 
0059 15519 
0060 15546 
0061 15587 
0062 15501 15512 15540 15598 
0063 15532 
0064 15459 15491 
0065 15538 15558 
0069 15541 
0070 15458 15494 15619 
0071 15513 
0072 15509 
0075 15489 15524 15555 15557 15607 
0077 15475 15506 15609 
0078 15537 
0079 15465 15550 15560 15610 
0080 15479 15543 
0081 15485 15523 
0082 15505 15539 15586 
0083 15484 15497 15504 
0084 15547 15582 15600 15604 
0085 15500 
0086 15575 
0087 15517 15578 
0088 15467 15585 15589 
0089 15569 
0090 15462 
0091 15584 
0093 15526 
0094 15473 
0095 15488 15562 
0096 15599 
0098 15514 15554 15565 15615 
0099 15580 15591 15597 15617 
0100 15520 15531 15611 
0101 15481 15527 
0102 15471 15478 15483 
0103 15530 15576 15596 
0104 15529 15592 
0105 15469 15498 15602 
0106 15518 15616 
0107 15516 15573 
0108 15545 15567 15571 
0109 15460 15618 
0110 15468 15492 15533 15581 
0112 15511 15552 15556 
0113 15466 15534 15574 
0118 15470 15549 
0119 15480 
0120 15472 15564 
0121 15614 
0123 15486 
0124 15551 
0128 15503 15525 
04-09 15457 15458 15459 15460 15461 15462 15463 15464 15465 15466 15467 15468 15469 15470 15471 15472 15473 15474 15475 15476 15477 15478 15479 15480 15481 15482 15483 15484 15485 15486 15487 15488 15489 15490 15491 15492 15493 15494 15495 15496 15497 15498 15499 15500 15501 15502 15503 15504 15505 15506 15507 15508 15509 15510 15511 15512 15513 15514 15515 15516 15517 15518 15519 15520 15521 15522 15523 15524 15525 15526 15527 15528 15529 15530 15531 15532 15533 15534 15535 15536 15537 15538 15539 15540 15541 15542 15543 15544 15545 15546 15547 15548 15549 15550 15551 15552 15553 15554 15555 15556 15557 15558 15559 15560 15561 15562 15563 15564 15565 15566 15567 15568 15569 15570 15571 15572 15573 15574 15575 15576 15577 15578 15579 15580 15581 15582 15583 15584 15585 15586 15587 15588 15589 15590 15591 15592 15593 15594 15595 15596 15597 15598 15599 15600 15601 15602 15603 15604 15605 15606 15607 15608 15609 15610 15611 15612 15613 15614 15615 15616 15617 15618 15619 
08:26:30.02 15457 
08:26:38.46 15458 
08:26:46.70 15459 
08:26:57.49 15460 
08:27:21.33 15461 
08:27:30.72 15462 
08:27:36.08 15463 
08:27:43.07 15464 
08:27:51.00 15465 
08:27:59.63 15466 
08:28:52.32 15467 
08:29:14.57 15468 
08:29:23.72 15469 
08:33:49.59 15470 
08:37:11.99 15471 
08:39:11.06 15472 
08:40:12.68 15473 
08:40:40.31 15474 
08:40:53.37 15475 
08:41:00.63 15476 
08:41:05.32 15477 
08:42:37.20 15478 
08:43:30.98 15479 
08:46:51.55 15480 
08:51:09.49 15481 
08:51:14.35 15482 
09:00:01.33 15483 
09:00:40.27 15484 
09:01:41.95 15485 
09:04:13.41 15486 
09:04:41.23 15487 
09:07:36.45 15488 
09:10:51.76 15489 
09:10:56.74 15490 
09:11:03.45 15491 
09:11:13.48 15492 
09:11:22.89 15493 
09:11:38.99 15494 
09:11:45.51 15495 
09:11:52.34 15496 
09:13:08.19 15497 
09:13:39.27 15498 
09:14:25.73 15499 
09:15:27.47 15500 
09:16:13.82 15501 
09:16:47.73 15502 
09:18:22.11 15503 
09:18:53.44 15504 
09:24:50.38 15505 
09:25:33.37 15506 
09:25:38.11 15507 
09:25:59.29 15508 
09:26:35.71 15509 
09:27:09.44 15510 
09:27:51.36 15511 
09:28:31.13 15512 
09:28:52.85 15513 
09:29:09.32 15514 
09:29:14.71 15515 
09:29:32.54 15516 
09:29:46.27 15517 
09:30:50.29 15518 
09:31:03.71 15519 
09:32:17.28 15520 
09:33:49.16 15521 
09:33:58.88 15522 
09:35:20.08 15523 
09:35:36.61 15524 
09:36:38.77 15525 
09:37:15.50 15526 
09:37:38.62 15527 
09:37:52.03 15528 
09:38:01.21 15529 
09:38:13.65 15530 
09:40:15.27 15531 
09:40:43.83 15532 
09:41:33.99 15533 
09:45:03.90 15534 
09:46:09.57 15535 
09:48:18.40 15536 
09:49:36.32 15537 
09:49:51.02 15538 
09:51:52.33 15539 
1,011,029 15611 
1,031,306 15482 
1,052 15541 
1,066,000 15459 
1,096,732 15611 
1,100,000 15609 
1,196,331 15613 
1,200,000 15601 
1,218 15568 
1,250,000 15495 
1,300,000 15512 
1,341,314 15613 
1,353 15472 
1,400 15514 
1,400,000 15512 
1,503,000 15601 
1,746,000 15558 
1,755,137 15521 
1,800,000 15596 
1,865 15472 
1,910,000 15477 
1,995 15526 
1-1/2 15518 
1-2-3 15469 
1-3/4 15541 
1-3/8 15589 
1.0 15557 
1.00 15570 
1.01 15557 
1.015 15504 
1.02 15504 
1.032 15504 
1.05 15504 
1.11 15590 
1.12 15554 
1.13 15530 15538 15554 
1.14 15530 
1.15 15530 
1.15-1.16 15530 
1.16 15530 
1.2 15488 15554 15574 15619 
1.20 15530 
1.25 15520 15554 
1.26 15554 15619 
1.3 15554 15589 
1.36 15590 
1.39 15619 
1.43 15515 
1.435 15561 
1.47 15538 
1.5 15488 15554 15581 
1.50 15520 
1.55 15587 
1.56 15594 
1.64 15594 
1.65 15587 
1.7 15506 
1.77 15460 
1.8 15511 
1.80 15460 
1.825 15460 
1.83 15460 
1.84 15460 
1.87 15460 15554 
1.9 15539 
1.90 15554 
1.91 15573 
1.92 15515 
1/2 15589 
1/8 15589 
10-year 15488 15605 
10.75 15531 
100,000 15508 15582 
100-dlr-a-share 15600 
104-179 15560 
105,000 15618 
10:02:08.32 15540 
10:02:42.53 15541 
10:02:59.09 15542 
10:03:09.95 15543 
10:07:10.41 15544 
10:07:23.01 15545 
10:07:37.41 15546 
10:07:47.65 15547 
10:08:25.44 15548 
10:10:03.25 15549 
10:10:58.67 15550 
10:13:27.77 15551 
10:15:55.48 15552 
10:17:10.28 15553 
10:17:34.23 15554 
10:18:07.33 15555 
10:18:18.64 15556 
10:18:31.61 15557 
10:19:41.72 15558 
10:21:05.94 15559 
10:21:12.37 15560 
10:21:36.16 15561 
10:22:53.01 15562 
10:23:50.87 15563 
10:25:04.55 15564 
10:25:12.80 15565 
10:25:21.51 15566 
10:27:33.19 15567 
10:27:43.96 15568 
10:28:23.58 15569 
10:28:40.30 15570 
10:29:46.26 15571 
10:30:30.68 15572 
10:31:04.89 15573 
10:32:48.71 15574 
10:36:05.26 15575 
10:38:57.84 15576 
10:39:23.18 15577 
10:39:52.56 15578 
10:40:26.19 15579 
10:40:33.86 15580 
10:40:55.74 15581 
10:44:42.54 15582 
10:46:14.86 15583 
10:46:32.50 15584 
10:47:44.16 15585 
10:48:33.33 15586 
10:49:45.65 15587 
10:50:04.69 15588 
10:50:22.80 15589 
10:50:33.97 15590 
10:50:41.65 15591 
10:50:59.53 15592 
10:51:18.84 15593 
10:51:23.69 15594 
10:51:40.15 15595 
10:52:13.14 15596 
10:52:23.56 15597 
10:52:28.98 15598 
10:52:47.46 15599 
10:52:56.16 15600 
10:53:07.94 15601 
10:54:31.21 15602 
10:54:55.04 15603 
10:55:26.11 15604 
10:56:15.42 15605 
10:56:38.37 15606 
10:58:42.56 15607 
10:59:06.68 15608 
10:59:58.69 15609 
11,000 15511 
11,193,000 15590 
11.15 15574 
11.4 15552 15557 
11.5 15605 
11.75 15571 
11.8 15495 15552 
11.9 15515 
111.1 15598 
115.60/115.80 15527 
118.25/118.75 15527 
118.5 15600 
11895 15584 
11:00:08.03 15610 
11:00:17.88 15611 
11:00:45.64 15612 
11:01:08.42 15613 
11:01:22.05 15614 
11:02:11.02 15615 
11:03:05.03 15616 
11:05:11.68 15617 
11:05:49.50 15618 
11:07:33.90 15619 
12.00 15580 
12.25 15574 
12.3 15477 
12.5 15488 
12.7 15588 
12.95 15574 
1200 15536 
123.0 15570 
124,000 15532 
125,723 15572 
12664 15584 
128,000 15532 
129,000 15532 
129.65 15618 
13,500 15531 
13,952 15504 
13-1/4 15501 
13.50 15487 15501 15531 
134,000 15532 
1375 15584 
138.50 15618 
1398.60 15584 
14.2 15489 
14.5 15552 
14.8 15574 15598 
140,000 15556 
140-150 15460 
1409.50 15584 
141.25 15618 
142.0 15570 
142.45 15618 
145.5 15567 
146.20 15541 
147.5 15519 
15-20 15530 
15-360 15578 
15-85 15578 
15-day 15520 
15-year 15541 
15.0 15489 
15.4 15459 
15.50 15531 
150.5 15567 
1508.79 15584 
151.2 15507 
1510.67 15584 
152.0 15507 
152.4 15567 
15457 15457 
15458 15458 
15459 15459 
15460 15460 
15461 15461 
15462 15462 
15463 15463 
15464 15464 
15465 15465 
15466 15466 
15467 15467 
15468 15468 
15469 15469 
15470 15470 
15471 15471 
15472 15472 
15473 15473 
15474 15474 
15475 15475 
15476 15476 
15477 15477 
15478 15478 
15479 15479 
15480 15480 
15481 15481 
15482 15482 
15483 15483 
15484 15484 
15485 15485 
15486 15486 
15487 15487 
15488 15488 
15489 15489 
15490 15490 
15491 15491 
15492 15492 
15493 15493 
15494 15494 
15495 15495 
15496 15496 
15497 15497 
15498 15498 
15499 15499 
15500 15500 
15501 15501 
15502 15502 
15503 15503 
15504 15504 
15505 15505 
15506 15506 
15507 15507 
15508 15508 
15509 15509 
15510 15510 
15511 15511 
15512 15512 
15513 15513 
15514 15514 
15515 15515 
15516 15516 
15517 15517 
15518 15518 
15519 15519 
15520 15520 
15521 15521 
15522 15522 
15523 15523 
15524 15524 
15525 15525 
15526 15526 
15527 15527 
15528 15528 
15529 15529 
15530 15530 
15531 15531 
15532 15532 
15533 15533 
15534 15534 
15535 15535 
15536 15536 
15537 15537 
15538 15538 
15539 15539 
15540 15540 
15541 15541 
15542 15542 
15543 15543 
15544 15544 
15545 15545 
15546 15546 
15547 15547 
15548 15548 
15549 15549 
15550 15550 
15551 15551 
15552 15552 
15553 15553 
15554 15554 
15555 15555 
15556 15556 
15557 15557 
15558 15558 
15559 15559 
15560 15560 
15561 15561 
15562 15562 
15563 15563 
15564 15564 
15565 15565 
15566 15566 
15567 15567 
15568 15568 
15569 15569 
15570 15570 
15571 15571 
15572 15572 
15573 15573 
15574 15574 
15575 15575 
15576 15576 
15577 15577 
15578 15578 
15579 15579 
15580 15580 
15581 15581 
15582 15582 
15583 15583 
15584 15584 
15585 15585 
15586 15586 
15587 15587 
15588 15588 
15589 15589 
15590 15590 
15591 15591 
15592 15592 
15593 15593 
15594 15594 
15595 15595 
15596 15596 
15597 15597 
15598 15598 
15599 15599 
15600 15600 
15601 15601 
15602 15602 
15603 15603 
15604 15604 
15605 15605 
15606 15606 
15607 15607 
15608 15608 
15609 15609 
15610 15610 
15611 15611 
15612 15612 
15613 15613 
15614 15614 
15615 15615 
15616 15616 
15617 15617 
15618 15618 
15619 15619 
15620 15620 
16.8 15515 15614 
160,111 15611 
162,000 15585 
167.4 15519 
169,200 15464 
17,376,480 15590 
17.1 15489 
17.2 15489 
17.4 15588 
175-190 15560 15610 
177,687 15611 
177-183 15578 
18,257,631 15590 
18.01 15520 
18.1 15492 
180-205 15560 
181,000 15565 
183.7 15506 
184-360 15578 
184.7 15506 
19.4 15476 
19.7 15476 
191-270 15560 15610 
1948 15525 
195,095 15482 
1980 15556 
1980/1985 15462 
1982 15564 
1983/84 15567 
1984/85 15488 15567 15574 
1985 15467 15469 15547 15551 15564 15581 15599 
1985/86 15488 15567 15574 
1986 15459 15466 15469 15472 15478 15479 15488 15489 15496 15497 15509 15521 15525 15527 15528 15529 15546 15547 15551 15554 15558 15573 15581 15582 15593 15597 15598 15601 15604 15611 15614 15619 
1986/7 15584 
1986/87 15472 15488 15567 15574 
1987 15468 15471 15472 15476 15477 15478 15481 15494 15511 15512 15518 15521 15539 15552 15555 15558 15559 15569 15582 15589 15597 15599 15614 
1987/88 15472 15488 15567 
1988 15508 15514 15589 
1990 15567 
1992 15518 15534 
1993 15512 
1994 15465 15471 15481 
1994.94 15584 
1996 15511 
1st 15476 15477 15489 15496 15521 15535 15548 15558 15559 15566 15570 15601 
2,045/2,070 15471 15481 
2,113 15472 
2,158,664 15601 
2,219,961 15482 
2,334,528 15611 
2,436,000 15485 
2,442,221 15611 
2,450 15471 15481 
2,480,000 15485 
2,500,000 15461 
2,529,000 15459 
2,634,000 15598 
2,700,000 15512 
2,702,085 15482 
2,830,390 15595 
2,918,000 15558 
2,995 15526 
2.01 15538 
2.08 15509 
2.09 15554 
2.1 15513 15571 
2.14 15468 15554 
2.18 15509 
2.2 15554 
2.3 15551 15554 
2.30 15461 
2.4 15551 15565 
2.5 15488 
2.50 15463 
2.51 15546 
2.575 15593 
2.58 15573 
2.62 15546 
2.7 15551 
2.79 15573 
2.8 15594 
2.9 15506 15551 
20,000 15618 
20,214,000 15590 
20.1 15594 
20.2 15490 
20.3 15594 
200,000 15511 15592 
200.3 15590 
2002 15565 
2012 15492 15498 
2014.93 15584 
2053.25 15584 
206-360 15560 
2073.15 15584 
2095.64 15584 
21.1 15489 
21.6 15490 
2107.64 15584 
22,125 15556 
22.8 15515 15561 
220,000 15495 
223.0 15590 
225,000 15618 
2250.19 15584 
2252.18 15584 
2267.21 15584 
2289.99 15584 
2291.13 15584 
2292.92 15584 
23,602,000 15590 
23.25 15531 
2304.78 15584 
231.1 15459 
2358.96 15584 
24.2 15598 
2400 15565 
247.0 15459 
25,000 15534 15618 
25.3 15468 
25.63 15498 
25.8 15489 
250,000 15600 
26.3 15468 
26.50 15563 
263.2 15507 
265p 15468 
27,000 15531 
27,622 15482 
27.75 15531 
271-288 15560 15610 
276,000 15477 
278p 15468 
279.6 15507 
28.7 15543 
2867 15584 
287,000 15532 
287.3 15506 
288.6 15506 
289-360 15560 15610 
289.6 15506 
29.4 15513 
291.3 15473 
292,000 15532 
294,000 15511 
295,000 15532 
297.9 15506 
2nd 15515 
3,000 15556 
3,001,222 15521 
3,193,000 15559 
3,314 15504 
3,358,664 15601 
3,370,682 15521 
3,400,000 15495 
3,425,216 15521 
3,445,000 15559 
3,803,425 15521 
3-3/8 15471 15481 
3.0 15539 15551 
3.1 15551 
3.16 15573 
3.2 15509 15594 
3.3 15604 
3.37 15509 
3.4 15594 
3.5 15551 
3.64 15509 
3.83 15488 
3/4 15518 
3/8 15589 
30,000 15531 
30-174 15560 15610 
30-87 15560 
300,000 15514 
31,000 15531 
314.0 15473 
3198 15584 
32,876 15584 
320,000 15618 
320/330 15556 
322,000 15532 
323.2 15604 
326,182 15584 
32876 15584 
330,000 15571 
332.9 15604 
338,000 15485 
34,661 15568 
34.3 15495 
34.48 15470 15549 
35,000 15584 
350,000 15571 
35000 15584 
355,000 15485 
36.95 15488 
381,000 15462 
381,050 15605 
39.1 15534 
390,500 15462 
3rd 15482 
4,037,274 15495 
4,250 15531 
4,450 15531 
4,583,000 15594 
4,682,000 15476 
4-5/8 15589 
4.0 15557 
4.2 15546 15557 
4.27 15546 
4.3 15557 
4.35 15589 
4.4 15536 15557 
4.46 15546 
4.5 15530 15546 15589 
4.51 15488 
4.6 15509 
4.63 15589 
4.9 15583 15587 15619 
40,000 15618 
400,000 15558 
405,000 15462 
40th 15534 
41,500 15584 
42,000 15511 
422.0 15519 
445,379 15482 
45.1 15495 
450,000 15464 15511 
463.5 15588 
4635 15457 
4637 15459 
4639 15461 
4640 15462 
4641 15463 
4645 15467 
4646 15468 
4647 15469 
4648 15470 
4651 15473 
4652 15474 
4653 15475 
4655 15477 
4658 15480 
4659 15481 
4660 15482 
4661 15483 
4663 15485 
4668 15490 
4675 15497 
4677 15499 
4678 15500 
4680 15502 
4683 15505 
4685 15507 
4689 15511 
4691 15513 
4692 15514 
4693 15515 
4695 15517 
4697 15519 
47.1 15586 
4701 15523 
4705 15527 
4707 15529 
4708 15530 
4710 15532 
4711 15533 
4714 15536 
4715 15539 
4716 15537 
4717 15538 
472,500 15531 
4721 15543 
4723 15545 
4726 15548 
4730 15552 
4731 15553 
4732 15554 
4733 15555 
4736 15558 
4737 15559 
4738 15560 
4742 15564 
4743 15565 
4745 15567 
4746 15568 
4747 15569 
4748 15570 
4749 15571 
4752 15574 
4753 15575 
4755 15577 
4757 15579 
4760 15582 
4762 15584 
4763 15585 
4766 15588 
4767 15589 
4768 15590 
4770 15592 
4772 15594 
4774 15596 
4776 15598 
4778 15600 
4780 15602 
4782 15604 
4783 15605 
4786 15608 
4787 15609 
4788 15610 
4792 15614 
4793 15615 
4798 15620 
48,700,000 15548 
49,300,000 15548 
49.75 15607 
499.6 15519 
4th 15459 15495 15590 15594 
5,000 15518 15534 
5,116,892 15565 
5,153,109 15613 
5,200,000 15458 
5,223,000 15476 
5,313,000 15594 
5,421,330 15521 
5,556 15482 
5-1/4 15526 
5-14 15578 
5.00 15560 15578 15610 
5.06 15594 
5.2 15458 
5.5 15473 15488 
5.6 15473 15552 
5.75 15578 
5.80 15578 
5.82 15560 
5.83 15578 
5.85 15560 15610 
5.88 15610 
5.9 15507 
5.92 15560 15594 15610 
50,000 15471 15481 
500,000 15468 
501.8 15555 
51,880 15572 
515.1 15473 
52.6 15459 
520.5 15590 
522.3 15588 
53.5 15558 
5356 15458 
5358 15460 
5362 15464 
5363 15465 
5364 15466 
5369 15471 
5370 15472 
5374 15476 
5376 15478 
5377 15479 
5382 15484 
5384 15486 
5385 15487 
5386 15488 
5387 15489 
5389 15491 
5390 15492 
5391 15493 
5392 15494 
5393 15495 
5394 15496 
5396 15498 
5399 15501 
54.1 15586 
540.9 15555 
5401 15503 
5402 15504 
5404 15506 
5406 15508 
5407 15509 
5408 15510 
5410 15512 
5414 15516 
5416 15518 
5418 15520 
5419 15521 
5420 15522 
5422 15524 
5423 15525 
5424 15526 
5426 15528 
5429 15531 
5432 15534 
5433 15535 
5438 15540 
5439 15541 
5440 15542 
5442 15544 
5444 15546 
5445 15547 
5447 15549 
5448 15550 
5449 15551 
5454 15556 
5455 15557 
5459 15561 
5460 15562 
5461 15563 
5464 15566 
5470 15572 
5471 15573 
5474 15576 
5476 15578 
5478 15580 
5479 15581 
5481 15583 
5484 15586 
5485 15587 
5489 15591 
5491 15593 
5493 15595 
5495 15597 
5497 15599 
5499 15601 
55,000 15618 
55-5/8 15589 
5501 15603 
5504 15606 
5505 15607 
5509 15611 
5510 15612 
5511 15613 
5514 15616 
5515 15617 
5516 15618 
5517 15619 
554.7 15473 
56-7/8 15589 
572.2 15604 
59.0 15459 
6,000 15556 
6,332,471 15565 
6-1/2 15498 
6-1/4 15492 
6-3/16 15615 
6-3/8 15505 
6.00 15579 
6.45 15615 
6.5 15543 15552 
6.6 15599 
6.8 15587 
603,661 15496 
609.6 15604 
62.50 15498 
63.50 15492 
64.0 15489 15490 
64.3 15593 
656.5 15590 
66.5 15478 
68.3 15558 
6834 15584 
689,000 15477 
69.92 15488 
6p 15468 
7,000 15488 
7,012,000 15590 
7,680,350 15613 
7-3/4 15550 
7.0 15536 
7.2 15489 
7.3 15604 
7.5 15555 
7.7 15473 
7.8 15473 15555 
7.9 15509 15557 
70.2 15489 15490 
71-1/2 15589 
72,026 15611 
723.7 15588 
7289 15584 
73,374,398 15548 
73,843 15572 
74,123,837 15548 
74.6 15594 
75.1 15586 
755.6 15619 
77.92 15488 
791.8 15619 
793,740 15496 
8,700,000 15479 
8,800,000 15592 
8,929,000 15515 
8.5 15536 15599 
8.6 15600 
80,168 15611 
840,906 15482 
8440 15584 
849.3 15588 
85,000 15618 
85.8 15586 
86-91 15578 
865,000 15459 
865.0 15570 
870.6 15548 
88-103 15560 
891.6 15587 
898.2 15555 
9,217 15504 
9,430,000 15495 
9,432,000 15477 
9-13/16 15523 
9-7/8 15523 
9-apr-1987 15457 15458 15459 15460 15461 15462 15463 15464 15465 15466 15467 15468 15469 15470 15471 15472 15473 15474 15475 15476 15477 15478 15479 15480 15481 15482 15483 15484 15485 15486 15487 15488 15489 15490 15491 15492 15493 15494 15495 15496 15497 15498 15499 15500 15501 15502 15503 15504 15505 15506 15507 15508 15509 15510 15511 15512 15513 15514 15515 15516 15517 15518 15519 15520 15521 15522 15523 15524 15525 15526 15527 15528 15529 15530 15531 15532 15533 15534 15535 15536 15537 15538 15539 15540 15541 15542 15543 15544 15545 15546 15547 15548 15549 15550 15551 15552 15553 15554 15555 15556 15557 15558 15559 15560 15561 15562 15563 15564 15565 15566 15567 15568 15569 15570 15571 15572 15573 15574 15575 15576 15577 15578 15579 15580 15581 15582 15583 15584 15585 15586 15587 15588 15589 15590 15591 15592 15593 15594 15595 15596 15597 15598 15599 15600 15601 15602 15603 15604 15605 15606 15607 15608 15609 15610 15611 15612 15613 15614 15615 15616 15617 15618 15619 
9.1 15605 
9.4 15489 
9.5 15552 
9.8 15600 
900,000 15571 
9009 15584 
912,000 15585 
918,707 15584 
92-176 15578 
934.9 15587 
938,000 15601 
961.0 15548 
965.8 15555 
`` 15460 15470 15472 15483 15488 15503 15511 15525 15527 15530 15537 15539 15545 15549 15551 15554 15557 15562 15567 15576 15581 15589 15598 15602 15614 15616 15617 
a. 15505 
a/s 15533 
aa 15584 
ab 15584 
abatement 15591 
abbott 15566 15570 
abiding 15576 
ability 15551 15589 
abr 15580 
abroad 15534 
absb 15585 
absent 15556 
abt 15570 
accept 15525 15534 
acceptable 15470 15549 
acceptance 15470 15484 15549 
accepted 15525 
access 15596 
accompanying 15468 
accord 15460 15470 15486 15503 15549 15617 
accords 15480 
account 15470 15488 15510 15531 15543 15549 15573 
accounting 15558 
accounts 15466 
accumulate 15589 
accumulated 15589 
achieved 15468 15478 15567 
ackerman 15596 
acq 15464 15467 15468 15479 15487 15501 15542 15544 15545 15561 15565 15571 15575 15591 15595 15596 15600 15605 15616 
acquire 15468 15561 15605 
acquired 15459 15479 15497 15545 15558 15569 15571 15575 
acquires 15569 
acquisition 15467 15468 15476 15479 15489 15501 15513 15561 15565 15575 15591 
acquisitions 15466 15600 15614 
acquisittion 15542 
action 15470 15480 15549 15589 
actions 15605 
active 15531 15554 15589 
activities 15517 15581 
activity 15478 
actual 15530 15567 
add 15551 15615 
added 15511 15534 15539 15551 15556 15565 15574 15584 15589 15599 
adding 15462 15488 15551 15567 15571 15574 15614 
addison 15595 
addition 15556 15571 15576 15589 
additional 15463 15551 15556 15564 15569 15591 15605 
adequate 15472 15503 15567 15569 
adjusted 15485 15489 15496 15500 15550 15559 15560 15579 15610 
adjustment 15543 
adjustments 15551 
adjusts 15578 15579 
administration 15470 15514 15537 15549 15551 15564 
adopted 15569 15576 
adoption 15569 
advanced 15475 15526 
advantage 15462 
adverse 15497 
adviser 15564 
aeri.mi 15480 
afc 15561 
afcx 15561 
affair 15581 
affairs 15564 
affect 15529 15562 
affected 15511 15552 15556 
affiliate 15533 
affirmed 15617 
afp 15614 
afpc 15614 
africa 15472 15575 15576 
african 15575 15576 
afternoon 15523 
afterward 15569 
ag 15460 15528 15547 15581 
agencies 15514 
aggregate 15464 15565 
ago 15469 15511 15519 15532 15546 15555 15604 15611 15617 15619 
agree 15470 15549 
agreed 15480 15483 15501 15530 15531 15533 15534 15549 15561 15571 15576 15591 15605 15612 
agreeing 15501 
agreement 15469 15470 15483 15484 15511 15514 15525 15526 15544 15549 15562 15565 15571 15591 15605 15612 15617 
agreements 15480 15511 15534 15539 15552 15615 
agricultural 15567 
agriculture 15462 15472 15567 15574 15582 
ahead 15460 
aid 15576 
aiding 15530 
aids 15497 15533 
aim 15617 
aimed 15534 
aims 15525 
air 15474 15480 15589 
aires 15500 15504 15580 
airfares 15480 
airline 15589 
airlines 15480 15589 
airways 15480 
ajoy 15488 
alain 15564 
alaska 15516 
alberta 15613 
alex 15585 
algeria 15531 
alitalia 15480 
alleged 15547 15581 
alleges 15469 
alleging 15469 
allies 15470 15549 
allowed 15488 15534 
allowing 15514 
alta 15536 
alver 15551 
ambrosiano 15545 
america 15472 15478 15556 
america's 15470 15549 
american 15465 15491 15496 15508 15576 15589 15593 
amex 15465 
ammount 15573 
amount 15488 15565 
amount^m 15488 
amr 15589 
amwd 15508 
analyst 15530 15589 
analysts 15530 15551 15581 15589 15602 
anchor 15561 
andrew 15529 
angeles 15467 15473 15517 15530 15612 
anglo-american 15517 
announced 15470 15549 15575 15589 
announcement 15470 15549 
announces 15569 
annual 15468 15551 15567 15571 
annualised 15552 
annually 15567 
anti-cancer 15537 
anti-takeover 15569 
antibody 15533 
anticipated 15557 
antwerp 15556 
antwerp-hamburg 15531 
apiece 15569 
apparant 15530 
apparent 15551 
appeal 15488 
appears 15470 15520 15549 
application 15525 
applications 15485 
applied 15494 15525 
appreciating 15460 
approach 15497 
approval 15571 15599 
approvals 15561 
approved 15503 
approximately 15569 
apr 15504 
apr-mar 15567 
april 15457 15458 15459 15460 15461 15462 15463 15464 15465 15466 15467 15468 15469 15470 15471 15472 15473 15474 15475 15476 15477 15478 15479 15480 15481 15482 15483 15484 15485 15486 15488 15489 15490 15491 15492 15493 15494 15495 15496 15497 15498 15499 15500 15501 15503 15505 15506 15507 15508 15509 15510 15511 15512 15513 15514 15515 15516 15517 15518 15519 15520 15521 15523 15524 15525 15526 15527 15528 15529 15530 15531 15532 15533 15534 15536 15537 15538 15539 15540 15541 15543 15545 15546 15547 15548 15549 15550 15551 15552 15553 15554 15555 15556 15557 15558 15559 15560 15561 15562 15563 15564 15565 15567 15568 15569 15570 15571 15572 15573 15574 15575 15576 15577 15578 15579 15581 15582 15584 15585 15586 15587 15588 15589 15590 15591 15592 15593 15594 15595 15596 15597 15598 15599 15600 15601 15602 15604 15605 15607 15609 15610 15611 15612 15613 15614 15615 15616 15617 15618 15619 
aqaba 15531 
aquire 15569 
area 15466 15607 
areas 15462 15467 15540 
argentina 15500 15504 15580 
argentine 15500 15504 15580 
argues 15470 15549 
argument 15470 15549 
ark. 15538 
arrange 15501 
arranged 15609 
arrangements 15576 
arrested 15581 
arroyos 15580 
arscc 15458 
art 15614 
arts 15469 15614 
arus 15458 
asarco 15563 
asbestos 15591 
asked 15534 15539 15543 15617 
assembling 15614 
assembly 15611 
assessment 15602 
assets 15479 15489 15494 15529 15552 15561 
assigned 15475 
assist 15551 15616 
assistance 15510 15523 15551 
associate 15499 
associates 15495 15598 
association 15466 15467 15515 15530 15578 
assume 15511 
assuming 15616 
assumption 15479 
atlanta 15489 15490 
atlantic 15459 
attached 15471 15481 
attempt 15569 
attempts 15569 
attend 15470 15549 
attending 15539 15551 
attitude 15576 
attracting 15552 15556 
attractive 15488 
attributable 15529 15597 
attributed 15556 
attributing 15527 
auction 15584 
auctioned 15504 
auditing 15581 
august 15466 15593 
australes 15504 
australia 15516 15556 
author 15460 15470 15488 15530 15549 15551 15556 15576 
authorised 15488 
authority 15480 
authorized 15514 15605 
auto 15499 
automatic 15534 
automotive 15611 
availability 15556 
avenues 15551 
average 15462 15530 15584 
averaged 15615 
averaging 15552 
avg 15476 15521 15548 15590 15594 15601 
avialable 15526 
awaiting 15568 
awarded 15514 15552 
b-1 15498 
b.c. 15556 
ba-2 15492 
bab.l 15480 
back 15525 15534 15600 
backed 15470 15549 
background 15556 
backs 15530 
bad 15574 
baer 15460 
bagged 15531 
bags 15584 
bahia 15580 
baker 15470 15493 15549 
bala 15464 
balance 15529 15543 15552 15556 
balanced 15456 15556 
balances 15470 15549 
baldwin 15595 
bales 15568 
balloting 15484 
baltimore 15585 15598 
bamboo 15525 
banco 15545 
bancorp 15476 
bancshares 15476 
band 15523 
bank 15460 15466 15467 15470 15486 15501 15510 15511 15515 15518 15521 15523 15539 15541 15543 15545 15549 15550 15551 15552 15560 15561 15573 15576 15609 15610 15617 
bank/imf 15539 
banker 15460 15488 
bankers 15460 15470 15488 15549 15551 
banking 15609 15615 
bankruptcy 15465 
banks 15460 15488 15489 15490 15534 15545 15606 15617 
bankshares 15496 
banquiers 15505 
barber 15543 
bargaining 15484 
barge 15607 
barley 15618 
barney 15589 
barrel 15520 
base 15563 
based 15475 15525 
basic 15460 15526 
basis 15488 15509 15519 15604 15619 
batliwala 15488 
battered 15543 
batteries 15556 
battery 15556 
bazoli 15545 
bbb 15492 
bbc 15528 
bbcz.z 15528 
bc- 15459 15469 15613 
bc-******-bundesbank-see 15522 
bc-******abbott-laborato 15566 
bc-******clevite-industr 15487 
bc-******e.f.-hutton-lbo 15542 15544 
bc-******f.-w.-woolworth 15557 
bc-******federated-depar 15583 
bc-******lawson-says-it 15608 
bc-******lawson-says-maj 15606 
bc-******mercantile-stor 15502 
bc-******u.k.-chancellor 15603 
bc-******whirlpool-corp 15535 
bc-/-fed-may-add-reserve 15615 
bc-/k-mart- 15509 
bc-/lawson-says-some-cou 15617 
bc-/sears 15546 
bc-/yugoslavia-to-tender 15582 
bc-abbott-laboratories-i 15570 
bc-afp-imaging- 15614 
bc-alex.-brown- 15585 
bc-american-woodmark- 15508 
bc-amr- 15589 
bc-anchor-financial- 15561 
bc-argentine-cattle-mark 15504 
bc-argentine-grain-belt 15580 
bc-arus- 15458 
bc-asarco-lead-price 15563 
bc-bank-of-france-leaves 15550 
bc-belgium-launches-bond 15471 15481 
bc-best-products- 15507 
bc-biosystems-research-t 15497 
bc-biotherapeutics- 15537 
bc-bramall-to-acquire-ge 15468 
bc-brazilian-coffee-rain 15540 
bc-brazilian-soy-rainfal 15536 
bc-brenda-mines-selling 15595 
bc-brown-boveri-und-cie 15528 
bc-bundesbank-sees-no-re 15539 
bc-burlington-industries 15492 
bc-c.o.m.b.- 15479 
bc-calfed- 15517 
bc-cannon-int'l- 15612 
bc-cater-hawley-hale- 15473 
bc-cb-and-t-bancshares-i 15476 
bc-certif-cotton-stocks 15568 
bc-chicago-pacific- 15498 
bc-china-likely-to-join 15525 
bc-clevite- 15501 
bc-coast-savings- 15467 
bc-colonial-american-ban 15496 
bc-cominco 15516 
bc-commonwealth-edison- 15577 
bc-compaq- 15514 
bc-cray- 15599 
bc-datatrak-inc- 15482 
bc-dayton-hudson- 15619 
bc-derlan-industries-pla 15513 
bc-diamond-crystal- 15616 
bc-durakon- 15499 
bc-e.f.-hutton- 15565 
bc-ec-shelves-legal-acti 15480 
bc-egypt-buys-pl-480-whe 15572 
bc-eurocheque-expects-ar 15534 
bc-european-markets-reac 15460 
bc-exxon- 15607 
bc-exxon-south-african-u 15575 
bc-fao-sees-lower-global 15472 
bc-federated-department 15587 
bc-fhlbb-changes-short-t 15560 15610 
bc-first-eastern-corp- 15559 
bc-france-plans-to-cover 15564 
bc-freddie-mac-adjusts-s 15579 
bc-french-free-market-ce 15618 
bc-g-7-wants-to-show-mar 15486 
bc-galaxy-oil- 15465 
bc-ge 15555 
bc-gemina-has-no-comment 15545 
bc-general-partners-cuts 15600 
bc-george-wimpey-says-be 15478 
bc-global-economic-slowd 15551 
bc-hanson- 15571 
bc-health-and-rehabilita 15597 
bc-heritage-financial-se 15601 
bc-highland-superstores 15590 
bc-hokkaido-takushoku-co 15541 
bc-independent-air- 15474 
bc-india-foodgrain-targe 15567 
bc-indian-oilseed-output 15574 
bc-indian-state-company 15488 
bc-j.c.-penney- 15554 
bc-jamesway- 15586 
bc-japan-business-leader 15503 
bc-kapok-corp- 15609 
bc-lead-prices-rise-on-f 15556 
bc-lebanese-pound-falls 15527 
bc-london-freight-market 15531 
bc-lvi-group- 15591 
bc-macgregor- 15592 
bc-mercantile-stores- 15506 
bc-miyazawa-says-yen-sti 15483 
bc-mobil's- 15604 
bc-national-computer- 15602 
bc-payless-cashways- 15519 
bc-philip-crosby-associa 15495 
bc-phoenix-financial- 15596 
bc-physio-technology- 15511 
bc-ponce-federal-bank-f. 15521 
bc-prices-generally-lowe 15584 
bc-pse-to-start-option-t 15493 
bc-reichhold-chemical- 15569 
bc-rexham- 15605 
bc-rexham-corp- 15558 
bc-rio-tinto-cuts-debt-e 15529 
bc-ropak- 15491 
bc-rpt 15500 
bc-sallie-mae-adjusts-sh 15578 
bc-sekisui-chemical-issu 15518 
bc-senetek- 15533 
bc-showboat- 15553 
bc-slaughter-guesstimate 15532 
bc-southwest-realty- 15463 
bc-spain-has-35-mln-dlr 15573 
bc-spanish-employers-wor 15552 
bc-step-saver- 15464 
bc-stoltenberg-not-surpr 15562 
bc-stop-and-shop's- 15524 
bc-suntrust- 15490 
bc-suntrust-banks-inc- 15489 
bc-t.-rowe-price- 15598 
bc-talking-point/semicon 15530 
bc-texas-american- 15593 
bc-texas-international- 15512 
bc-thomson 15494 
bc-todd-shipyards- 15484 
bc-transcapital- 15466 
bc-u.k.-money-market-def 15510 15523 
bc-u.s.-energy-futures 15520 
bc-u.s.-first-time-joble 15485 
bc-u.s.-said-to-view-g-7 15470 15549 
bc-uk 15576 
bc-unifirst-corp- 15457 
bc-volkswagen-dividend-u 15547 
bc-vornado-inc- 15594 
bc-vw-says-480-mln-marks 15581 
bc-wal-mart-stores- 15538 
bc-wang- 15526 
bc-washington-federal-sa 15515 
bc-weekly-car-production 15611 
bc-west-german-beet-plan 15462 
bc-west-germany's-thesin 15505 
bc-westronix- 15461 
bc-whirlpool-corp- 15548 
bc-world-bank-to-support 15543 
bc-xicor- 15475 
bc-xicor-inc- 15477 
bc-zayre- 15588 
beach 15561 15571 
bearishness 15460 
bed 15499 
beet 15462 
before. 15587 
begin 15575 
beginning 15494 15551 15556 
behalf 15565 
beirut 15527 
belgium 15471 15480 15481 15534 
belgrade 15582 
believed 15460 15470 15549 15551 15556 
believes 15581 
belongs 15576 
belt 15580 
benefits 15478 15485 15488 
benton 15548 
bentonville 15538 
berard 15564 
bergen-richards 15464 
berlin 15539 
bes 15507 
bhi 15493 
bickering 15470 15549 
bid 15514 15589 15600 15605 
bids 15514 15618 
big 15460 
big-ticket 15530 
biggest 15534 
bilateral 15576 
bill 15530 
billings 15530 
billion 15470 15488 15489 15509 15534 15538 15543 15545 15546 15549 15552 15554 15557 15564 15570 15573 15576 15581 15587 15589 15619 
bills 15523 
binding 15470 15549 
biological 15537 
biostimulation 15497 
biosystems 15497 
biotechnology 15533 
biotherapeutics 15537 
bit 15617 
bitx 15537 
blackwood 15596 
blah 15502 15608 
blanca 15580 
bln 15614 
blue 15601 
blunts 15470 15549 
board 15470 15474 15500 15539 15549 15553 15560 15569 15571 15581 15584 15593 15596 15605 15610 
bombay 15488 
bond 15471 15481 15488 15505 15518 
bonds 15471 15481 15488 15577 
bonn 15470 15549 
book 15530 
book-to-bill 15530 
booked 15531 
bookrunner 15541 
boom 15488 
boost 15460 15530 15574 
bop 15543 15573 
borrow 15488 
borrowings 15501 15605 
boss 15556 
boston 15469 15498 15524 15616 
bought 15523 15534 15572 
boveri 15528 
bp 15599 
brackets 15500 15504 15567 
bradlees 15524 
bradshaw 15556 
bramall 15468 
bran 15500 
branches 15466 15467 
brazil 15490 15536 15540 
brazilian 15536 15540 
breached 15469 
bread-making 15618 
break 15460 
breaking 15488 
brenda 15595 
brent 15520 
bridge 15501 
briefly 15562 
bringing 15480 
brings 15523 15607 
britain 15470 15533 15549 15576 15617 
british 15480 15531 15599 15617 
broad 15589 
broadly 15460 15470 15549 
broke 15480 
broken 15556 
brokerage 15589 
brokers 15488 15531 
brothers 15492 
brought 15539 15551 
brown 15528 15585 15595 
brunswick 15556 
brussels 15480 15534 
brussels-based 15534 
budget 15470 15526 15543 15549 15564 15617 
budgetary 15488 
buenaventura 15531 
buenos 15500 15504 15580 
build 15508 15556 
built 15611 
bulletin 15472 
bundesbank 15522 15539 
buoyancy 15556 
buoyant 15556 
bur 15492 
burden 15488 
burkhard 15581 
burlington 15492 
burnham 15530 
business 15478 15479 15484 15503 15517 15528 15530 15531 15547 15571 15581 15602 15614 
businesses 15557 
businessmen 15488 
buxton 15529 
buy 15464 15471 15481 15487 15501 15569 15571 15589 15592 15600 15605 
buyers 15556 
buying 15467 15472 15545 15556 
buyout 15589 
buys 15525 15569 15572 15596 
c.d 15468 
c.o.m.b 15479 
cabinet 15508 
cabk 15496 
cake 15500 
cal 15517 
calfed 15517 
calgary 15613 
calif. 15475 15477 15482 15491 15497 15533 
call 15552 
called 15491 15497 15520 15616 15617 
calm 15460 
cambridge 15469 15597 
camden 15476 
camera 15614 
cameras 15614 
campo 15536 
canada 15470 15494 15499 15513 15516 15549 15576 
canadian 15470 15499 15516 15549 
cancer 15537 
canning 15504 
cannon 15612 
cap 15592 
capacity 15480 
capital 15488 15492 15530 15552 15576 15581 15585 
capitalise 15488 
capitalized 15517 
capitol 15470 15549 
car 15611 
card 15534 
cards 15534 
care 15533 
carefully 15617 
cargo 15531 
carload 15563 
carlos 15540 
carlson 15551 
carmakers 15611 
carried 15581 
carriers 15480 
carries 15471 15481 
carrying 15488 15531 
cars 15611 
carter 15473 
cascavel 15536 
cases 15488 
cash 15468 15501 15534 15556 15591 
cashways 15519 
catalog 15554 
catalogs 15554 
catanduva 15540 
category 15550 
cater 15473 
cattle 15504 15532 
caused 15480 
cb 15476 
cbtb 15476 
ceiling 15552 
cent 15511 15520 15563 15607 
centigrade 15580 
central 15460 15462 15467 15470 15486 15539 15549 15551 15606 15617 
centre 15534 
centres 15460 
cents 15563 
cereal 15472 15618 
cereals 15472 
certificated 15568 
ch 15473 
chairman 15469 15470 15503 15511 15545 15549 15571 15575 15596 15602 
chairs 15614 
chambers 15488 
chancellor 15603 15617 
change 15480 15494 15522 15539 15558 
changed 15460 15469 15486 
changing 15511 
chapter 15465 
charge 15534 
chargeoffs 15489 
charges 15607 
charles 15602 
charlotte 15558 15605 
charterers 15531 
chase 15460 
cheap 15589 
chemical 15518 15569 
cheques 15534 
chh 15473 
chicago 15498 15532 15546 15570 15604 
chief 15511 15581 15596 
china 15472 15525 
chip 15530 
chirac 15564 
cia 15556 
cie 15505 15528 
cincinnati 15587 
circuit 15458 
citizens 15466 
city 15459 15484 15511 15512 15519 15572 
claims 15485 
clair 15616 
clarke 15571 
class 15474 
claus 15539 
clear 15460 15576 
clearwater 15609 
clev 15501 
cleveland 15466 
clevite 15487 15501 
clients 15534 
climbed 15589 
climbs 15460 
close 15465 15466 15470 15484 15520 15527 15549 15591 15615 
closed 15527 15556 15597 
closely-watched 15552 
closer 15556 
closing 15466 
closings 15466 
closure 15556 
clt 15516 
club 15576 
cmco 15479 
cmos 15475 
co-managed 15492 15498 
coarse 15472 15567 
coast 15467 15484 
coda 15464 
coercive 15569 
coesfeld 15505 
coffee 15540 15584 
cohen 15596 
cold 15462 15576 
colleagues 15539 
collective 15484 
colombo 15543 
colonial 15496 
columbia 15531 
columbus 15466 15476 
comanav 15531 
combat 15552 
combination 15497 15614 
combined 15518 
comecon 15533 
cominco 15516 15556 
coming 15488 15534 15614 
commands 15469 
comment 15539 15545 
commenting 15478 15581 
comments 15460 
commerce 15488 15531 
commercial 15488 
commission 15480 15532 15577 15600 
commissions 15534 
commitment 15456 15470 15549 
commitments 15556 
committee 15503 15571 15576 
common 15461 15465 15474 15488 15492 15498 15513 15565 15569 15571 15585 15591 15592 15596 
commonwealth 15577 
communique 15456 15460 
community 15476 15480 15525 
company 15458 15459 15463 15465 15466 15473 15475 15478 15479 15484 15487 15488 15490 15492 15494 15497 15498 15511 15513 15516 15517 15524 15528 15533 15538 15545 15547 15554 15555 15556 15557 15569 15571 15581 15585 15586 15587 15588 15589 15592 15593 15596 15597 15599 15601 15602 15605 15609 15612 15614 15616 
company-wide 15554 
compaq 15514 
comparable 15509 15519 15555 15604 15619 
compared 15460 15511 15523 15527 15541 15551 15573 15581 15589 15614 15619 
compensate 15473 
compete 15488 
competition 15480 15488 
competitive 15514 
competitively 15514 
complaints 15488 
complete 15551 
completed 15461 15501 15581 
completes 15461 
completion 15508 15591 
complex 15497 15525 
comply 15480 
component 15508 
comprised 15565 
computer 15514 15530 15581 15602 
computers 15514 15530 
conable 15543 
concentrate 15470 15549 
concentrated 15486 
concept 15470 15549 
concern 15460 15503 15551 15591 15617 
concerned 15617 
concerted 15470 15549 
concession 15518 15576 
concessional 15576 
concessions 15488 15576 
concrete 15460 
condition 15501 
conditioned 15565 
conditions 15470 15520 15549 
conference 15483 15486 15534 15552 
confidence 15470 15549 
confidentiality 15469 
configurations 15458 
confirmation 15501 15531 
confirmed 15581 
connected 15547 
connection 15569 
consecutive 15602 
consent 15569 
considerable 15614 
consideration 15576 
considered 15470 15549 15551 15582 
consistent 15460 15470 15549 
consists 15592 
constant 15537 15557 
constitute 15511 
construction 15591 
consultations 15470 15549 
consumer 15479 
contacted 15530 
contained 15460 
continent 15531 
continental 15556 
continue 15470 15511 15513 15516 15534 15549 15592 15614 15617 
continued 15470 15527 15530 15549 15554 15573 15589 15617 
continuing 15478 15484 
contract 15514 15539 15556 15568 15607 
contracts 15556 
contradict 15525 
contributed 15556 15573 
contributing 15460 
control 15552 15569 15596 
controls 15534 15556 
conversion 15541 15576 
conversions 15512 
convertible 15465 15488 15492 15498 15511 15512 15541 15593 15605 
convertibles 15492 
converting 15565 
convince 15486 
cooperation 15470 15549 
cooperative 15537 
coordinating 15534 
coordination 15470 15549 
cope 15551 
copper 15556 
copying 15469 
copyright 15469 
cordoba 15580 
corn 15618 
corp's 15466 
corp. 15492 15498 
corporate 15585 
corporation 15488 
correct 15488 15552 
corrective 15470 15549 
cos 15524 
cost 15468 15525 
cotton 15568 
council 15484 15539 
counselor 15582 
counties 15467 
countries 15470 15472 15486 15525 15533 15534 15549 15551 15556 15562 15576 15603 15617 
country 15534 15543 15551 15567 15573 
coupon 15471 15481 15492 15498 15505 15518 15541 
courier 15542 15544 15565 
court 15469 
cover 15564 15592 
covered 15552 
covers 15612 
cows 15504 
cpac 15498 
cpq 15514 
cray 15599 
create 15511 15530 
created 15569 
credit 15471 15477 15481 15511 15552 
creditor 15576 
creditors 15576 
crisis 15551 
criteria 15465 
crops 15567 15574 
crosby 15495 
crucially 15472 
crude 15520 
crudes 15520 
cruz 15536 15556 
crystal 15616 
csa 15467 
ct 15482 15563 
cuevas 15552 
cumulative 15593 15604 15611 
cupertino 15497 
curb 15460 
curbing 15470 15549 
cured 15609 
cures 15609 
curious 15551 
currencies 15460 15470 15486 15549 15562 15617 
currency 15460 15470 15529 15534 15539 15547 15549 15581 15618 
current 15460 15470 15480 15483 15503 15539 15543 15549 15552 15555 15556 15562 15573 15589 15616 15617 
curtailed 15556 
curtain 15525 
customer 15589 15615 
customers 15607 
cut 15470 15529 15530 15539 15541 15543 15549 15550 15556 15603 15617 
cuts 15470 15529 15539 15549 15600 15607 
cwe 15577 
cynwyd 15464 
cyr 15599 
czechoslovakia 15533 
d. 15469 
daily 15531 15545 
dal 15589 
dallas 15463 
damages 15469 
danish 15533 
data 15460 15464 15596 
datatrak 15482 
dated 15582 
dave 15460 
david 15571 15596 
day 15511 15568 15617 
days 15462 15501 15539 15560 15578 15579 15610 
dayton 15619 
de 15543 
deadlock 15527 
deal 15492 15498 15591 
dealer 15460 15527 
dealers 15460 15511 15514 15527 15539 15550 15581 
dealter 15511 
debenture 15488 15511 
debentures 15465 15488 15492 15498 15511 15565 
debit 15534 
debt 15488 15492 15498 15529 15551 15576 15577 15592 
debt-equity 15529 
debtor 15551 
debtors 15576 
dec 15597 
decade 15551 
december 15489 15539 15552 15558 15575 
decertification 15568 
decided 15593 
decision 15602 
declaration 15511 
declared 15553 15585 15597 
declares 15553 
decline 15527 15530 15539 15551 15562 
declined 15562 15619 
declines 15607 
decrease 15607 
decreased 15557 
deep 15503 
default 15511 
defaults 15609 
defence 15543 
defend 15460 15549 
defendant 15469 
deficiency 15497 
deficit 15460 15470 15510 15523 15543 15549 15551 15552 15564 15573 15617 
deficits 15543 
defined 15478 
definitive 15501 15565 15591 
del. 15506 
delay 15576 
delayed 15462 15512 15556 
delhi 15488 15567 15574 
deliberately 15469 
delisted 15465 
deliverable 15568 
delivered 15563 
delivery 15556 
delta 15589 
demand 15472 15527 15556 15608 15617 
demanded 15534 
demanding 15576 
demands 15480 
democratic 15470 15549 
demonstrate 15602 
demonstrates 15549 
denominations 15518 
dent-x 15614 
dental 15614 
department 15485 15524 15583 15587 
department's 15582 
departure 15470 15549 
depend 15472 
depending 15458 
deposited 15565 
depository 15565 
deposits 15489 
depressed 15554 15556 
derlan 15513 
designed 15569 
designs 15614 
desk 15526 
detail 15581 
detailed 15525 15618 
details 15569 15572 
determining 15556 
detroit 15611 
devaluation 15552 
develop 15556 15608 
developed 15469 15551 
developer 15469 
developing 15472 15551 
development 15469 15470 15475 15488 15503 15516 15533 15543 15549 15567 15574 
developments 15539 
deviations 15470 15549 
devices 15475 
dh 15619 
diagnostic 15458 15533 
diagnostics 15533 
diamond 15616 
dictating 15525 
diego 15467 
dieter 15539 
differences 15470 15549 15576 
difficult 15480 15488 
dig 15581 
diligence 15591 
diplomat 15525 
diplomats 15525 
directed 15556 
direction 15470 15549 15556 
director 15511 15529 
directors 15596 
disappointment 15460 15551 
discharge 15577 
disclosed 15581 15612 
disclosure 15490 
discontinuance 15602 
discount 15524 15560 15578 15579 15610 
discriminatory 15488 
discuss 15564 
discussed 15539 15576 15581 
discussing 15551 
discussion 15539 
discussions 15483 15549 
diskettes 15526 
dispensers 15534 
displays 15469 
distaste 15576 
distortions 15480 
distribute 15612 
distributed 15472 15569 
distributing 15592 15614 
distribution 15569 15612 
district 15469 15484 
disturbances 15543 
div 15457 15496 
dividend 15496 15528 15547 15569 15581 15593 15597 
division 15484 15501 15524 15565 15616 
divisions 15478 15558 
dlr 15458 15460 15477 15515 15518 15541 15549 15562 15573 15593 15609 15614 
dlr/shr 15501 
documents 15581 
doe 15556 
dollar 15460 15466 15470 15483 15504 15527 15541 15549 15551 15562 15617 
dollar's 15460 
dollar-yen 15460 
dollar/mark 15539 
dollars 15534 
domestic 15488 15520 15545 15551 15557 15571 15608 15611 15617 
domestically-generated 15456 
donald 15459 15556 
donaldson 15501 
double 15614 
downgrade 15589 
downgraded 15589 
downside 15460 
downsize 15602 
downward 15460 15510 
dramatic 15530 
draw 15525 
drawing 15556 
drexel 15530 
drift 15556 
drive 15470 15549 
drkn 15499 
drop 15460 
dropped 15556 
dropping 15600 
drought 15472 
drug 15537 
dslt 15616 
dtrk 15482 
due 15460 15465 15471 15472 15481 15492 15498 15511 15518 15520 15539 15556 15557 15565 15567 15591 
durakon 15499 
duties 15511 
e.f 15542 15544 15565 
e.f. 15530 15565 15592 
e.gutzwiller 15505 
e2 15475 
earlier 15470 15473 15488 15489 15490 15506 15507 15509 15511 15529 15538 15549 15550 15557 15576 15581 15611 
early 15615 
earn 15457 15459 15476 15477 15478 15482 15489 15494 15495 15496 15511 15515 15521 15528 15535 15547 15548 15553 15558 15559 15566 15569 15570 15581 15583 15585 15589 15590 15593 15594 15597 15598 15601 15602 15613 
earned 15488 15511 15598 
earning 15551 
earnings 15490 15529 15573 15589 15591 15598 15602 
ease 15488 
east 15531 15534 15549 15554 15592 
easter 15460 15473 15554 15557 15586 
eastern 15559 
easy 15488 
ec 15480 15618 
economic 15456 15460 15470 15486 15503 15525 15539 15549 15551 
economically 15554 
economies 15525 15551 
economist 15460 
economists 15539 15615 
economy 15470 15539 15543 15549 15551 15573 
ecuador 15490 
ecus 15618 
edible 15574 
edison 15577 
edt 15565 
educational 15575 
edward 15530 
effect 15484 15530 15551 
effective 15563 15569 15596 15602 15607 
effects 15497 
efficiencies 15466 
efficiency 15567 
effort 15614 
efforts 15567 15617 
efh 15565 15592 
egypt 15572 
eishiro 15503 
elaborate 15503 
election 15571 
electrical 15497 
electronic 15479 15534 
eliminate 15480 
eliminated 15512 
elmsford 15614 
embezzlement 15581 
emphasised 15543 
emphasizes 15589 
employee 15605 
employees 15511 
employers 15552 
employers' 15552 
employment 15564 
encouraging 15478 15530 
end 15472 15475 15484 15488 15511 15529 15531 15534 15551 15564 15581 
end-1986 15552 
end-april 15556 
endangering 15552 
ended 15473 15485 15506 15507 15509 15511 15519 15520 15524 15530 15546 15554 15555 15557 15586 15587 15588 15590 15604 15619 
ending 15468 15475 15567 15574 15597 15611 15614 
endorsement 15488 
endorses 15470 15549 
ends 15515 
energy 15520 15529 15593 
engaged 15479 
engine 15501 
england 15510 15523 15537 
enhance 15530 
enter 15576 
entered 15517 15565 
entering 15562 15573 
entire 15471 15481 
entitle 15569 
entitled 15569 
entrenched 15460 
entry 15467 15525 
environmental 15556 
equal 15488 15569 15600 
equally 15517 
equilink 15592 
equipment 15458 15614 
equities 15488 
equity 15488 15518 15529 
equivalent 15504 
erased 15581 
essential 15470 15549 15608 
esso 15575 
establish 15525 15556 
establishment 15605 
estimate 15510 15523 
estimated 15472 15534 15551 15567 15611 
estimates 15530 
eurobond 15518 15541 
eurocheque 15534 
eurocheques 15534 
europe 15518 15534 15541 15556 15582 
european 15460 15470 15480 15525 15534 15549 15576 15618 
evaded 15581 
eve 15470 15549 
examines 15551 
exceed 15581 
exceeds 15488 
excellent 15602 
excessively 15503 
exchange 15465 15470 15488 15493 15532 15533 15534 15541 15549 15551 15556 15557 15561 15562 15568 15577 15600 15617 
exchangeable 15593 
exchequer 15617 
exclusive 15499 
exclusively 15612 
execution 15591 
executive 15480 15511 15571 15596 
exempted 15488 
exercisable 15518 15569 
exercise 15474 15569 
exercised 15464 
exist 15466 
existing 15569 
expand 15571 15614 
expansion 15513 15551 
expect 15520 15530 15591 
expectations 15554 15589 
expected 15460 15463 15465 15472 15484 15508 15517 15520 15525 15530 15534 15543 15551 15571 15574 15585 15589 15592 15602 15605 15611 
expects 15458 15460 15475 15511 15534 15598 15602 15614 
expedite 15501 
expellers 15500 
expenditures 15617 
expiration 15474 
expirations 15493 
expire 15569 
expired 15514 15542 15565 
expires 15484 15565 
expiring 15556 
expiry 15556 
explained 15511 
exploration 15516 15599 
exploring 15614 
export 15470 15500 15549 15599 15618 
exports 15551 15556 15573 
exposure 15497 
expressed 15460 15545 15550 15557 15617 
extended 15474 
extends 15474 
extensions 15609 
extraordinary 15470 15549 
extreme 15460 
extremely 15470 15549 
exxon 15575 15607 
f.s.b 15521 
f0623 15457 
f0624 15458 
f0625 15459 
f0626 15460 
f0629 15461 
f0630 15462 
f0631 15463 
f0632 15464 
f0633 15465 
f0634 15466 
f0638 15467 
f0640 15468 
f0641 15469 
f0667 15470 
f0679 15471 
f0690 15472 
f0697 15473 
f0699 15474 
f0700 15475 
f0701 15476 
f0702 15477 
f0705 15478 
f0706 15479 
f0715 15480 
f0725 15481 
f0726 15482 
f0731 15483 
f0734 15484 
f0740 15485 
f0749 15486 
f0752 15487 
f0761 15488 
f0766 15489 
f0767 15490 
f0768 15491 
f0769 15492 
f0770 15493 
f0771 15494 
f0772 15495 
f0773 15496 
f0778 15497 
f0780 15498 
f0783 15499 
f0784 15500 
f0790 15501 
f0793 15502 
f0796 15503 
f0799 15504 
f0807 15505 
f0808 15506 
f0809 15507 
f0810 15508 
f0813 15509 
f0814 15510 
f0815 15511 
f0817 15512 
f0818 15513 
f0820 15514 
f0821 15515 
f0823 15516 
f0824 15517 
f0830 15518 
f0831 15519 
f0840 15520 
f0853 15521 
f0854 15522 
f0859 15523 
f0861 15524 
f0868 15525 
f0872 15526 
f0874 15527 
f0876 15528 
f0877 15529 
f0878 15530 
f0885 15531 
f0888 15532 
f0895 15533 
f0902 15534 
f0911 15535 
f0919 15536 
f0925 15537 
f0926 15538 
f0929 15539 
f0955 15540 
f0957 15541 
f0958 15542 
f0959 15543 
f0965 15544 
f0966 15545 
f0968 15546 
f0969 15547 
f0971 15548 
f0975 15549 
f0978 15550 
f0995 15551 
f1011 15552 
f1017 15553 
f1019 15554 
f1023 15555 
f1024 15556 
f1025 15557 
f1032 15558 
f1046 15559 
f1047 15560 
f1050 15561 
f1051 15562 
f1052 15563 
f1056 15564 
f1057 15565 
f1058 15566 
f1065 15567 
f1066 15568 
f1070 15569 
f1072 15570 
f1074 15571 
f1076 15572 
f1079 15573 
f1091 15574 
f1108 15575 
f1116 15576 
f1117 15577 
f1118 15578 
f1122 15579 
f1123 15580 
f1125 15581 
f1140 15582 
f1146 15583 
f1147 15584 
f1153 15585 
f1159 15586 
f1165 15587 
f1167 15588 
f1168 15589 
f1169 15590 
f1170 15591 
f1171 15592 
f1174 15593 
f1175 15594 
f1177 15595 
f1180 15596 
f1181 15597 
f1182 15598 
f1183 15599 
f1184 15600 
f1185 15601 
f1192 15602 
f1194 15603 
f1197 15604 
f1200 15605 
f1202 15606 
f1206 15607 
f1207 15608 
f1209 15609 
f1210 15610 
f1211 15611 
f1214 15612 
f1216 15613 
f1217 15614 
f1222 15615 
f1229 15616 
f1243 15617 
f1248 15618 
f1259 15619 
face 15470 15549 
faces 15564 15615 
facilities 15488 15534 
facility 15501 
factor 15530 
factors 15556 
factory 15614 
failed 15460 
failure 15567 
fair 15616 
fairfield 15571 
faked 15581 
fal. 15495 
fall 15470 15472 15549 15551 15586 
falls 15465 15527 
family 15571 
fao 15472 
fare 15589 
farm 15567 
farmers 15462 
fast 15488 15556 
favour 15460 15552 15564 
fds 15587 
fe 15580 
fear 15525 15576 
fears 15551 
features 15531 
feb 15482 
febc 15559 
february 15460 15470 15530 15545 15549 15562 15573 15604 15617 
fed 15470 15549 15615 
federal 15466 15467 15470 15514 15515 15521 15531 15549 15560 15579 15582 15610 15615 
federated 15583 15587 
federation 15488 15503 15552 
feeble 15551 
feed 15556 15618 
feel 15469 
feeling 15470 15549 
feels 15469 15589 
fell 15485 15520 15527 15539 
felt 15556 
fertiliser 15567 
fertilisers 15488 15567 
fhlbb 15560 15610 
field 15511 15582 
fierce 15488 
figure 15485 15568 
figures 15488 15539 15551 15573 
filed 15463 15465 15469 15577 15585 15592 
files 15577 15592 
filing 15516 
filled 15556 
film 15612 15614 
films 15612 
final 15471 15481 15518 
finance 15460 15470 15483 15486 15488 15529 15543 15549 15551 15562 15575 15617 
financed 15501 
financial 15458 15466 15470 15478 15488 15494 15501 15526 15549 15551 15561 15589 15595 15596 15601 15602 15617 
financing 15501 
finding 15556 
findings 15537 
finely 15556 
fintrelex 15505 
firm 15458 15469 15591 
firm's 15589 
firmness 15556 
firms 15488 15545 
fiscal 15473 15488 15506 15511 15538 15554 15555 15586 15587 15588 15602 15614 
five-week 15555 
five-year 15567 
fix 15488 
fixed 15511 15518 15541 15567 15574 
fixing 15531 
fla. 15609 
flat 15602 
floated 15488 
floor 15532 
flour 15531 15572 
flows 15551 
fluctuations 15470 15549 
fob 15500 15563 
focused 15530 15537 
followthrough 15520 
food 15472 
foodgrain 15567 
foodgrains 15567 
foods 15616 
foot 15508 
football 15592 
footing 15488 
force 15470 15511 15549 
forecast 15472 15530 15574 
foreign 15488 15541 15545 15551 15552 15557 15562 15576 15581 
foreseeable 15460 
forgive 15576 
form 15516 
formation 15517 
formed 15491 15525 
forming 15516 
forms 15491 15517 
fort 15609 
forward 15520 
foster 15470 15549 
founder 15469 
founding 15469 
fourth 15599 
framingham 15588 
franc 15460 15471 15481 15505 15564 
franca 15540 
france 15470 15480 15549 15550 15564 15576 15618 
francisco 15484 15493 
francs 15471 15481 
frankfurt 15460 15539 15581 
franklin 15537 
fraud 15547 15581 
freddie 15579 
free 15470 15488 15525 15549 15618 
freely 15488 
freight 15531 
french 15534 15564 15618 
freres 15498 
fresh 15460 
friday 15530 
fslic 15467 
fuelled 15556 
full 15515 15547 
fullerton 15491 
fund 15470 15549 15551 15562 15564 15576 
fundamental 15551 
fundamentals 15460 15470 15486 15549 15589 
fundo 15536 
funds 15488 15494 15550 15615 
future 15460 15470 15549 15591 
futures 15520 15568 15607 
g-7 15456 15460 15470 15486 15503 15549 15617 
ga. 15476 15508 
gabbett 15530 
gain 15488 15558 15614 
gained 15519 15539 
gains 15521 15556 
galaxy 15465 
gallon 15607 
galveston 15484 
gap 15567 
garfield 15594 
gas 15613 
gasoil 15520 
gatt 15525 
gave 15567 15617 
gc 15600 
gearing 15529 
gelco 15468 
gemina 15545 
gencorp 15600 
general 15514 15525 15534 15555 15585 15600 15611 
generally 15556 15584 
geographically 15554 
george 15478 
gerais 15540 
gerhard 15470 15549 15562 
german 15460 15462 15539 15562 15581 
germany 15462 15470 15480 15505 15528 15534 15547 15549 15551 15576 15581 15617 
ghent 15531 
giovanni 15545 
gisela 15460 
give 15460 15467 15543 
giving 15526 
glenview 15501 
global 15472 15551 
globe 15556 
gm 15611 
gmbh 15505 
gmt 15536 15580 
gnp 15551 
goal 15617 
goals 15486 15617 
goenka 15488 
gold 15471 15481 
goldman 15498 
gonzaga 15536 
good 15470 15478 15497 15525 15549 15567 15589 15598 
goods 15525 15534 15551 15573 15592 
gothenburg 15556 
government 15488 15514 15534 15552 15564 15615 
governments 15576 
governors 15486 
gox 15465 
grades 15584 
gradually 15460 
grain 15472 15500 15531 15567 15572 15580 15582 15618 
grain/oilseed 15500 
grains 15567 
grammes 15471 15481 
grando 15536 
granted 15592 
grants 15576 
graphic 15614 
graphics 15558 15614 
great 15531 15571 15615 
greater 15460 15529 15567 
greatly 15529 
greece 15480 15534 15556 
grew 15534 15552 
gross 15513 15551 
grossa 15536 
groundnut 15574 
groundnut-oil 15500 
groundnutseed 15500 
group 15470 15478 15483 15486 15503 15530 15546 15547 15549 15562 15569 15581 15589 15591 15592 15595 15617 
groups 15503 
grow 15543 15551 15573 
growing 15470 15549 15551 15567 
growth 15456 15470 15534 15539 15549 15551 15552 15598 15602 15614 
gsa 15514 
guaranteed 15460 15505 15518 15565 
guaxupe 15540 
guesstimated 15532 
guesstimates 15532 
guesstimating 15532 
guidance 15467 
guidelines 15470 15549 
gulf 15531 
gumport 15530 
gundy 15516 15595 
gy 15600 
ha 15462 
hale 15473 
half 15511 15517 15556 15617 
hall 15511 
halt 15470 15549 
halting 15556 
hamburg 15462 
hampering 15552 
han 15571 
handelsgesellschaft 15505 
hands 15552 15556 
hanson 15571 
happened 15483 15549 
harbor 15548 15607 
hard 15525 
harvest 15472 15582 
harvested 15567 15574 
harvests 15472 
hawley 15473 
head 15504 15532 15552 
headquarters 15599 
health 15533 15597 
heart 15576 
heat 15520 15607 
heating 15607 
heavily 15488 
heavily-protected 15480 
hectares 15462 
heeding 15552 
held 15472 15516 15556 15571 15581 15584 
helmet 15592 
helmut 15539 
helped 15473 
hemisphere 15556 
herculaneum 15556 
heritage 15601 
hia 15459 
high 15472 15530 15551 15552 15567 15581 15590 15615 
high-level 15576 
high-yielding 15574 
higher 15472 15488 15567 15573 15589 15598 15602 15614 
highland 15590 
hikes 15589 
hill 15470 15549 15556 
hiss 15539 
hit 15530 15574 
hog 15532 
hokkaido 15541 
hold 15460 15480 15539 15552 
holder 15471 15481 
holders 15511 
holding 15545 15591 
holdings 15516 15600 
holiday 15459 
home 15560 15579 15610 
hoped 15551 
hostile 15600 
hours 15536 15540 15580 
house 15479 15532 
house's 15589 
houston 15514 
hrp 15597 
hudson 15619 
huge 15470 15549 
hughes 15493 
hungary 15534 
hutton 15530 15542 15544 15565 15592 
iair 15474 
ignite 15551 
ill. 15501 15570 15601 
imaging 15614 
imbalance 15470 15549 15552 
imbalances 15470 15549 
imf 15551 15562 15576 
immediately 15563 
immune 15497 
impact 15472 15529 15551 15602 
implied 15470 15549 
implies 15470 15549 
import 15582 
important 15539 15556 15617 
importing 15491 
imports 15479 15573 15574 15582 
impose 15552 
impression 15539 
improve 15602 
improved 15466 15567 15574 
improvement 15478 15567 
inadequate 15605 
inc. 15469 
inch 15526 
include 15476 15558 
included 15488 15504 15572 
includes 15477 15558 15571 15589 15597 15600 
including 15479 15480 15525 15551 15567 15585 15611 
inclusion 15470 15549 
income 15488 
inconclusively 15576 
incorporated 15616 
increase 15509 15530 15552 15555 15573 15602 15617 
increased 15509 15557 15581 15602 
increases 15552 15556 
increasing 15534 15563 15567 15617 
increasingly 15488 
indefinitely 15488 
independent 15470 15474 15511 15549 
india 15488 15567 15574 
indian 15488 
indirect 15616 
indirectly 15615 
individuals 15488 
industrial 15470 15503 15529 15539 15549 15551 15562 15576 
industries 15479 15487 15492 15499 15501 15513 15533 15571 15614 
industry 15488 15530 15539 15614 
inflation 15470 15549 15552 15617 
inflationary 15470 15549 15617 
influenced 15539 
influx 15552 
information 15526 15533 15545 
infringement 15469 
infusion 15537 
ingots 15556 
initial 15464 15468 15549 15562 15569 15592 15597 15601 
initially 15517 
initital 15597 
injected 15550 
inputs 15567 
inroads 15488 
inside 15483 
installed 15599 
institute 15537 
instructed 15565 
insurance 15467 15485 15517 
int'l 15571 15612 
intc 15475 
integrate 15525 
intel 15475 
intend 15511 
intended 15581 
intent 15458 15533 
intentions 15460 15462 
interbank 15460 
interest 15459 15470 15488 15516 15522 15539 15545 15549 15550 15552 15560 15576 15578 15579 15592 15596 15603 15610 15615 15617 
interests 15575 15616 
interim 15576 
interior 15591 
interleukin-2 15537 
internal 15488 15513 15614 
international 15470 15494 15512 15516 15518 15527 15534 15541 15549 15551 15562 15571 15576 15612 
internationally 15516 15534 
interpreted 15530 
intervene 15606 15615 15617 
intervention 15460 15470 15549 15550 15617 
interview 15539 
intitial 15597 
intravenous 15537 
introduced 15469 
introducing 15564 
invest 15574 
investing 15488 
investment 15488 15517 15552 15571 15573 
investments 15494 
investors 15488 15492 15498 
involve 15576 
involved 15531 15617 
involves 15497 
irrigation 15567 
ishihara 15503 
island 15601 
issue 15460 15468 15488 15492 15498 15505 15513 15518 15534 15576 15593 
issued 15464 15488 15534 15547 15571 15581 
issues 15465 15488 15505 15518 
issuing 15488 15505 15518 
italian 15460 15534 15545 
italy 15470 15472 15480 15534 15545 15549 15576 
items 15530 
j.c 15554 
j.p. 15487 15501 
jackson 15609 
jacques 15564 
james 15470 15511 15549 
james-baker 15470 15549 
jamesway 15586 
jan 15494 15590 15594 
janie 15530 
january 15476 15488 15493 15497 15527 15539 15550 15559 15573 
japan 15470 15483 15486 15491 15503 15525 15531 15549 15551 15576 15608 15617 
japan's 15456 
japanese 15470 15483 15486 15491 15530 15549 15617 
jcp 15554 
jcpenney 15554 
jenrette 15501 
jersey 15484 
jmy 15586 
joaquin 15467 
jobless 15485 
jobs 15485 
johannesburg 15575 
john 15575 
join 15525 
joining 15525 
joint 15475 15505 15533 
joint-lead 15541 
jose 15552 
jouhin 15460 
journal 15537 
journalists 15617 
jpi 15501 
julius 15460 
july 15457 15468 15469 15489 15493 15525 15556 
june 15457 15463 15466 15470 15474 15500 15520 15549 15556 15571 15572 15591 15614 
junger 15581 
junin 15580 
juppe 15564 
justice 15581 
kan. 15511 
kansas 15511 15519 15572 
kapok 15609 
kapor 15469 
karani 15488 
karl 15539 
keeping 15552 
keidanren 15503 
kenro 15614 
kenya 15584 
kerr 15595 
key 15551 
keystrokes 15469 
kg 15584 
kidder 15492 15530 
kiichi 15483 15486 15549 15617 
kilo 15504 
kilos 15504 
kimberley 15556 
kingdom 15471 15481 
kit 15533 
kitchen 15508 
km 15509 
koehler 15539 
kommanditgesellschaft 15505 
kpk 15609 
kubiak 15530 
la 15531 15545 15556 
labor 15485 
laboratories 15526 15566 15570 
labour 15556 
lack 15551 15556 
lackluster 15557 
lakes 15531 
lambert 15530 
lands 15576 
lane 15511 
lanka 15543 
lanka's 15543 
laons 15609 
lapeer 15499 
large 15472 15499 15556 15573 
largely 15564 
las 15553 
late 15597 
latest 15470 15471 15480 15481 15485 15549 
latin 15576 
lauderdale 15609 
launch 15488 
launched 15534 
launches 15471 15481 
launching 15471 15481 
lawson 15603 15606 15608 15617 
lazard 15498 
lb 15563 
lbo 15542 15544 15565 
lead 15471 15481 15492 15498 15505 15518 15556 15563 15585 15592 
leaders 15470 15503 15549 
leading 15460 15470 15549 
leased 15599 
leasing 15602 
leaves 15550 
lebanese 15527 
lebanon 15527 
led 15516 15595 
left 15474 15550 
legal 15480 
lend 15520 
letter 15458 15533 15569 
level 15468 15470 15503 15547 15549 15556 15589 
levels 15503 15539 15556 15562 15581 15617 
levied 15500 
lhag.f 15480 
liabilities 15479 
liable 15488 
liberal 15470 15488 15549 
liberalisation 15480 
liberalising 15480 
licences 15618 
license 15599 
licenses 15592 
licensing 15592 
life 15471 15481 
lift 15534 
lifts 15528 
light 15470 15497 15549 15554 
likelihood 15472 
limit 15460 15470 15488 15549 15581 
limited 15470 15549 
lin-oil 15500 
linares 15556 
line 15480 15511 15526 15554 15614 
liner 15499 
lines 15501 
liniers 15504 
linked 15581 
linseed 15500 
liquid 15552 
lira 15534 
lire 15545 
list 15525 15589 
listed 15488 
listing 15465 15518 
livestock 15504 15532 
lme 15556 
loading 15614 
loan 15466 15467 15511 15515 15560 15578 15579 15609 15610 
loans 15489 15490 15576 15609 
local 15534 15575 
located 15494 
lockheed 15599 
loewen 15513 
london 15460 15468 15470 15478 15510 15517 15518 15520 15523 15529 15531 15541 15549 15556 15576 15599 
london-based 15460 15517 
londrina 15536 15540 
long 15460 15470 15525 15531 15549 
long-term 15616 
longer 15465 
looked 15478 
los 15467 15473 15517 15530 15612 
losing 15488 
loss 15459 15477 15482 15511 
losses 15472 15581 
lost 15527 
lots 15469 15563 
lotus 15469 
louvre 15460 15483 15617 
low 15556 
low-level 15497 
lowell 15526 
lower 15460 15468 15472 15520 15525 15556 15584 15611 
lowest 15556 
lows 15520 
loyalty 15589 
lufkin 15501 
lufthansa 15480 
luiz 15536 
lump 15531 
luxembourg 15518 
lvi 15591 
lynch 15492 
mac 15579 
macgregor 15592 
made 15460 15463 15468 15470 15490 15531 15534 15549 15567 15576 15581 15585 15589 15617 
madrid 15552 15573 
mae 15578 
magnetic 15497 
mahanagar 15488 
mailed 15569 
mainframe 15530 
mainstay 15551 
maintain 15488 15516 15562 15567 15581 
maintaining 15617 
maintenance 15556 15615 
maize 15531 15618 
major 15460 15470 15488 15503 15549 15551 15567 15576 15602 15606 15614 
majority 15516 
make 15469 15561 15576 15591 
maker 15530 
makes 15479 15614 
making 15470 15488 15549 15569 
management 15467 15518 15564 15567 15589 15616 
manager 15481 15492 15498 15518 
managers 15505 
mananger 15471 
mannheim 15528 
manufacture 15556 
marathon 15516 
margins 15602 
maria 15536 15552 
marie-helene 15564 
maringa 15536 15540 
mark 15460 15470 15486 15534 15549 15581 
market 15460 15467 15486 15488 15491 15504 15510 15523 15525 15526 15527 15530 15531 15533 15550 15556 15576 15589 15605 15614 15615 15618 
marketing 15469 15526 15578 15589 
markets 15460 15470 15486 15492 15549 15551 15562 15584 15607 15617 
marks 15460 15528 15547 15581 
mart 15509 
martin 15505 15596 
mass. 15457 15469 15526 15588 15597 
massive 15617 
match 15547 15581 
material 15556 
materials 15567 
maturity 15471 15481 15488 15560 15578 15579 15610 
max 15580 
maximum 15468 15581 
maximun 15504 
mccutcheon 15513 
mcgregor 15592 
mcleod 15513 
md. 15609 
meal 15500 
meal-feed 15500 
meant 15556 
meantime 15539 
measure 15551 15552 
measured 15529 
measures 15564 15617 
medical 15614 
medicine 15537 
mediterranean 15534 15556 
medium-term 15470 15549 
meet 15470 15472 15549 15556 15564 
meeting 15460 15470 15483 15486 15539 15543 15549 15562 15571 15581 
meetings 15470 15549 15551 15576 15617 
meets 15465 15576 
megabit 15475 
mel 15543 
member 15539 
membership 15484 
memory 15475 
mention 15470 15549 
mercantile 15502 15506 15532 
merchandise 15460 15479 15546 
merchant 15488 15556 
merchants 15511 15556 
merge 15565 
merger 15501 15544 15565 15589 
merit 15469 
merrill 15492 
met 15468 
metal 15484 15529 15556 
meterological 15567 
mexican 15556 
mgs 15592 
mich. 15499 15509 15548 15590 15616 
michael 15470 15511 15530 15549 
midland 15460 15593 
midpoint 15567 
midsession 15556 
midvale 15461 
midwestern 15511 
milan 15460 15545 
milan-based 15545 
millets 15567 
millimetres 15536 
milpitas 15475 15477 
minas 15540 
mine/smelter 15556 
mineral 15516 
mines 15595 
minimum 15500 15534 15565 15591 
mining 15529 
minister 15470 15483 15486 15543 15549 15562 15564 15617 
ministers 15460 15470 15480 15486 15549 15551 15564 
ministry 15462 15488 15543 15564 15567 15574 
minn. 15479 15599 
minneapolis 15599 15602 15619 
minor 15562 
misappropriation 15469 
misc 15584 
miss. 15609 
missiles 15599 
mitchell 15469 
mixed 15550 
miyazawa 15470 15483 15486 15549 15617 
miyazawa's 15617 
mm 15536 15580 
mo 15556 
mo. 15519 
mob 15604 
mobil 15604 
mobilise 15488 
mobilised 15488 
mode 15537 15617 
model 15525 
moderate 15530 
moderately 15531 
modest 15511 15530 
modestly 15602 
momentum 15470 15549 
monday 15581 
monetary 15470 15522 15539 15549 15551 15552 15562 15576 
money 15488 15510 15523 15550 15552 
money-fx 15460 15510 15522 15523 15527 15539 15615 
money-supply 15552 
monolith 15470 15549 
monopoly 15488 
monsoon 15567 
montana 15556 
montgomery 15604 
month 15484 15488 15525 15530 
monthly 15472 
months 15460 15473 15488 15527 15530 15538 15552 15556 15587 15614 15619 
mood 15539 
moody 15492 15498 
moreno 15589 
morning 15510 15520 
morocco 15531 15556 
mortgage 15577 15579 
motors 15611 
mounds 15551 
mountain 15482 15533 
mourao 15536 
move 15511 15531 15539 15551 15556 15565 15581 15600 15614 
moved 15466 15539 15589 
movement 15460 15549 
movements 15529 15562 
moves 15460 15480 
moving 15470 15549 
ms 15506 
mst 15506 
mths 15482 15515 
multi-union 15484 
murphy 15460 
murray 15609 
myrtle 15561 
n't 15562 15617 
n.c. 15558 15605 
n.j. 15459 15484 15555 15571 15586 15592 15594 15596 
n.l 15479 
n.y. 15458 15614 
nairobi 15584 
named 15469 15571 15577 15596 
naples/venice 15531 
narrow 15460 
narrowed 15573 
nasdaq 15501 
national 15479 15488 15489 15537 15551 15567 15574 15602 
nationally 15534 
nations 15460 15470 15486 15503 15549 15551 15576 
near-term 15460 
nearby 15556 
needed 15470 15486 15530 15549 15564 
negative 15460 15530 
negatively 15530 
negotiate 15458 
negotiated 15609 
negotiations 15480 15484 15525 15539 15552 15556 
nervousness 15556 
net 15459 15476 15477 15482 15489 15495 15496 15515 15521 15529 15547 15548 15558 15559 15566 15570 15581 15590 15594 15601 15613 
newly 15569 
news 15486 15534 15539 15552 
newspaper 15581 
nigam 15488 
nigel 15617 
nil 15482 15536 15540 
nine-weeks 15555 
nippon 15491 
nisker 15595 
nl 15602 
nlcs 15602 
nominal 15581 
non-callable 15492 15498 
non-compliance 15511 
non-convertible 15488 
non-drug 15497 
non-government 15488 
non-oil 15573 
nonaccrual 15490 
nonrecurring 15602 
noranda 15556 
normal 15530 15556 
norms 15470 15549 
nortek 15605 
north 15472 15478 15491 15520 15556 15570 
northern 15556 
notably 15556 
note 15459 15471 15476 15477 15481 15489 15496 15515 15521 15547 15558 15559 15560 15578 15601 15610 
noted 15530 15586 
notes 15471 15481 15512 15560 15578 15579 15591 15610 
noting 15470 15549 
november 15496 
ntk 15605 
ntpc 15488 
number 15466 15469 15470 15485 15534 15549 15556 15565 15576 15602 15604 
nuovo 15545 
nwa 15589 
nyce 15568 
objection 15576 
objectives 15470 15549 
obligations 15577 
observed 15551 
obtainable 15531 
obtained 15616 
occasion 15551 
occurred 15483 
october 15493 15574 15601 
offer 15501 15527 15542 15565 15569 15577 15584 15585 15592 
offered 15487 15565 15584 
offering 15463 15464 15492 15498 15585 15592 15597 15601 
offerings 15516 
office 15526 
officer 15511 15596 
officers 15565 
offices 15466 
official 15488 15576 
officials 15460 15543 15551 15564 
offset 15615 
ohio 15466 
oil 15465 15500 15551 15575 15607 15613 
oils 15574 
oilseed 15500 15536 15574 
oilseeds 15531 15574 
ois 15526 
oklahoma 15512 
olympic 15480 
omit 15593 
omits 15593 
ondaatje 15513 
one-half 15563 
one-hundreth 15569 
one-tenth 15509 
one-time 15602 
onwards 15500 
open 15460 15520 15551 15605 
opened 15460 15615 
operated 15459 
operates 15467 
operation 15599 15604 
operations 15488 15523 15554 15565 15571 
operator 15459 
operatories 15614 
operators 15460 15618 
opinion 15539 15589 
opportunities 15460 
opposition 15576 
optimism 15539 
option 15493 15592 
options 15493 
orange 15467 
order 15458 15514 15556 15581 15599 15615 
ordered 15599 
orders 15530 15539 
ordinary 15468 15547 15581 
organisation 15472 15494 15525 
organizations 15503 
organized 15597 
originally 15488 
oswald 15602 
otto 15539 
outcome 15472 15529 
outlets 15534 
outlined 15460 15569 15617 
outlook 15472 15478 15551 
output 15472 15539 15551 15556 15567 15574 15611 
outright 15576 
outstanding 15501 15511 15565 15569 15571 15577 15591 15602 
overallotments 15592 
overfunding 15605 
overhaul 15564 
overhead 15511 
overlaps 15466 
overnight 15562 
oversubscribed 15488 
owe 15576 
owed 15576 
owned 15459 15463 15533 15565 15616 
ownership 15569 15605 
p. 15488 
pa. 15464 15559 
pacific 15484 15493 15498 
package 15470 15549 15617 
packages 15526 
packaging 15491 
packet 15616 
pact 15612 
pacts 15552 
paid 15479 15531 15545 15575 15593 
pails 15491 
pallice 15531 
pan 15589 15609 
pans 15491 
paper 15550 
par 15471 15481 15492 15498 15505 15518 
parana 15536 15540 
paranavai 15540 
parent 15547 15581 15589 
paris 15460 15470 15483 15486 15503 15549 15550 15562 15564 15576 15617 15618 
park 15495 
parliament 15617 
part 15468 15556 15576 
part-owned 15565 
partly 15488 15556 
partners 15600 
parts 15501 
party 15470 15549 
passo 15536 
past 15462 15470 15483 15527 15540 15549 15614 
paul 15470 15549 
paulo 15540 
pay 15457 15496 15534 15581 
payable 15488 15553 15585 15591 15593 
payed 15597 
paying 15518 
payless 15519 
payment 15468 15471 15481 15511 15518 15581 
payments 15468 15534 15543 15551 
payout 15593 15597 
pays 15518 
pb 15584 
pc 15542 15565 
pcc 15565 
pci 15519 
pcro 15495 
peabody 15492 15530 
peak 15556 
pegged 15611 
peking 15525 
pellets 15500 
pending 15599 
penney 15554 
pension 15558 15605 
perceived 15552 
perfectly 15576 
perform 15517 
performance 15530 
performer 15589 
period 15460 15485 15488 15509 15511 15546 15552 15555 15557 15590 15597 15604 15611 15615 15619 
periods 15494 15497 
permission 15488 15534 
permit 15534 
permitted 15488 
person 15569 
personal 15514 15530 15534 
personnel 15475 
peru 15556 
peseta 15552 
pesetas 15552 
peter 15470 15549 15576 15609 
petroleum 15599 
pfbs 15521 
ph 15511 15596 
phase 15530 
phfc 15596 
philip 15495 
philippines 15612 
phoenix 15596 
phototherapy 15497 
physical 15556 
physicals 15556 
physio 15511 
phyt 15511 
pick-up 15530 
pickup 15499 
pilots 15589 
pirie 15556 
pl 15572 
place 15470 15483 15549 
placement 15513 15571 
plains 15569 
plan 15567 15569 15576 15605 
planned 15488 15565 
planning 15526 
plans 15466 15488 15508 15513 15564 15614 15617 
plant 15508 
planting 15462 
plantings 15462 15472 
plants 15611 
plastic 15491 
play 15556 
player 15614 
players 15460 
plaza 15459 
plc 15468 15478 15517 15529 15533 15571 
plea 15576 
plymouth 15479 
pn 15589 
poehl 15539 
point 15549 15550 
point/semiconductor 15530 
policies 15470 15525 15549 15552 
policy 15460 15470 15539 15549 15576 
policy-making 15576 
political 15525 15527 
politically 15470 15549 
pollard 15500 
polled 15488 
ponce 15521 
ponta 15536 
pontas 15540 
pool 15584 
pooled 15476 15489 
poor's 15492 15498 
poorest 15551 15576 
popular 15488 15556 
port 15556 
pose 15470 15549 
poses 15551 
position 15478 15516 15527 15569 
positions 15460 
possibility 15550 15614 
possibly 15460 
postive 15589 
postponed 15488 
potential 15567 
pound 15527 
poured 15576 
poverty 15551 
power 15488 15569 15605 
powers 15470 15549 
practices 15480 
prague 15533 
pre-press 15614 
preference 15547 15581 
preferred 15569 15593 15605 
preliminary 15516 15530 
premium 15492 15498 15556 
premiums 15517 
prepare 15470 15549 
prepared 15576 
presence 15467 15614 
present 15503 15552 
presentation 15617 
presently 15475 
president 15488 15511 15539 15543 15571 
presidente 15540 
presidents 15539 
presonal 15514 
press 15483 15545 
pressing 15488 
pressure 15556 
pressuring 15551 
pretax 15478 15558 
prevent 15503 15534 
preventing 15488 
previous 15485 15500 15514 15529 15564 15568 
price 15471 15474 15481 15492 15498 15505 15513 15541 15563 15569 15572 15575 15584 15592 15598 15600 15607 15616 
priced 15471 15481 15518 15526 
prices 15500 15504 15525 15551 15556 15584 15607 
pricing 15492 15498 15525 
primarily 15589 
prime 15564 
principal 15479 15565 
principle 15591 
prior 15457 15485 15494 15496 15569 
private 15461 15488 15513 15571 
privately 15470 15549 15605 
privately-held 15469 
pro 15571 
probable 15539 
probe 15581 
problem 15576 
problems 15525 15534 15556 
proceedings 15577 
proceeds 15513 15571 15585 15592 15605 
processing 15529 15614 
processors 15614 
produce 15567 
produced 15497 
producer 15556 
producing 15592 
product 15499 15520 15526 15551 15614 
production 15472 15484 15530 15556 15558 15567 15574 15611 
products 15491 15500 15507 15520 15551 15602 15614 15616 
profit 15459 15477 15482 15511 15529 15547 15575 15581 
profits 15468 15478 15511 15575 15581 
program 15469 15475 15513 15543 15574 
programme 15567 
programs 15475 15485 15575 15581 
progress 15470 15539 15549 15617 
project 15602 
projected 15530 15543 15611 
prom 15475 
promote 15525 
promotions 15473 
promptly 15565 
properties 15597 
property 15609 
property-casualty 15517 
proportion 15529 
proposal 15484 15501 15605 
proposals 15480 
proposed 15468 15501 15589 15591 
prospects 15472 15525 
prospectus 15516 
protect 15569 15581 
protein 15571 
proteins 15571 
protocol 15537 
provide 15460 15488 15576 
provided 15488 15543 
providing 15523 
provinces 15516 
provision 15581 
provisions 15547 
provoke 15488 
provoking 15460 
prudente 15540 
pse 15493 
pt 15533 
pty 15575 
public 15464 15488 15539 15552 15592 15597 15601 15617 
publication 15537 15611 
publicly 15516 
publish 15530 
published 15537 
puchases 15514 
puerto 15521 
pulses 15567 
purchase 15458 15463 15476 15514 15565 15569 15571 15572 15575 15591 15605 
purchasing 15571 
purolator 15542 15544 15565 
purolator's 15565 
purposes 15571 15585 
pursued 15567 
put 15460 15462 15530 15556 15576 
puts 15490 
putting 15480 15556 
qtly 15457 15496 
qtr 15459 15476 15477 15482 15489 15495 15496 15515 15521 15535 15548 15558 15559 15566 15570 15590 15594 15597 15601 
qtrs 15521 
qualities 15584 
quality 15584 
quantities 15567 
quarter 15488 15490 15511 15539 15550 15552 15598 15599 15602 
quarterly 15457 15593 
quarters 15511 15602 
question 15539 
questions 15525 15539 
quietly 15460 
quoted 15556 15581 
r. 15488 15511 
railway 15488 
rain 15580 
rainfall 15536 15540 
rains 15567 
raise 15488 
raised 15488 15552 
raises 15551 
raising 15488 15492 15498 
rand 15575 
range 15460 15483 15531 15549 15552 
ranged 15554 
ranges 15460 15470 15549 
ranging 15460 
rape-oil 15500 
rapeseed 15500 
rate 15470 15503 15539 15541 15549 15550 15551 15552 15560 15576 15578 15579 15602 15610 15615 15617 
rated 15492 15498 
rates 15470 15503 15539 15549 15552 15557 15560 15576 15578 15579 15603 15610 15617 
ratio 15529 15530 
rci 15569 
reach 15468 15614 
reached 15470 15503 15549 
react 15460 
reacted 15460 
reaction 15549 15562 
readily 15530 
ready 15460 15556 
reafffirmation 15470 15549 
reaffirm 15470 15549 
reaffirmation 15483 15486 
reaffirmed 15460 15470 15486 15549 15617 
reaffirming 15562 
reagan 15470 15549 15551 
real 15525 15552 
realised 15478 
reality 15470 15549 
reallocate 15475 
realty 15463 
reappeared 15531 
reason 15522 15539 15551 
reasonable 15616 
reasons 15475 15525 
reassure 15581 
rebates 15618 
rebuild 15582 
receive 15463 
received 15458 15501 15531 
receiving 15485 
recent 15470 15475 15494 15549 15556 15567 15589 
recently 15501 15534 15571 
recession 15617 
recognized 15551 
recommend 15581 
recommendation 15589 
recommended 15484 15589 
record 15457 15470 15472 15488 15496 15549 15553 15567 15585 15597 
recorded 15536 15540 
recovery 15530 15551 15573 
redeem 15569 
redistribution 15595 
redress 15470 15549 
reduce 15511 15592 
reduced 15472 15488 15534 15600 15607 
reduces 15543 
reducing 15466 15488 15617 
reduction 15537 15607 
refined 15563 
reflect 15486 15549 
reflected 15476 15527 
reflecting 15530 15573 
reflects 15521 
reform 15543 
reforms 15488 
refund 15577 
refused 15480 15525 
regard 15503 
registered 15573 
regular 15485 15556 
regulates 15525 
regulators 15516 
regulatory 15561 
rehabilitation 15597 
reichhold 15569 
reichhold's 15569 
rein 15552 
reinsurance 15517 
rejected 15605 
related 15478 15497 15589 
relative 15589 15617 
release 15530 
released 15551 
relief 15576 
remain 15472 15616 
remained 15470 15486 15549 15557 15615 
remaining 15460 15516 15567 
remarks 15539 
remedy 15470 15549 
removed 15523 
renewed 15470 15549 
repayment 15576 
repayments 15576 
repeated 15470 15549 
replace 15599 
replaced 15470 15549 
report 15470 15494 15504 15530 15545 15549 15551 15567 15574 15580 15582 
reported 15511 15529 15530 15531 15556 15568 
reporters 15529 15562 
reporting 15490 15526 
reports 15537 15611 
representatives 15511 15532 15596 
represented 15456 15484 
representing 15492 15498 
repubblica 15545 
republic 15609 
repurchase 15539 15605 15615 
repurchased 15605 
repurchases 15605 
request 15534 15576 
requested 15618 
required 15458 15470 15471 15481 15549 
requiring 15511 
research 15475 15497 15533 15599 
reserve 15470 15511 15549 15615 
reserves 15581 15582 15615 
reshaping 15478 
residents 15534 
resignation 15511 
resigned 15469 15596 
resilience 15567 
resistance 15460 
resolve 15460 15486 
resonably 15551 
resources 15488 15516 15564 
responding 15539 
response 15469 15569 
rest 15466 15552 
restated 15489 
restaurant 15609 
restrict 15480 
restricted 15571 
restrictions 15556 15571 
restructuring 15478 
rests 15551 
result 15470 15494 15512 15549 15556 15569 15581 15582 15589 15602 
resulted 15470 15549 
results 15468 15476 15478 15484 15489 15494 15497 15501 15558 15567 15581 15602 
resume 15484 
resumed 15556 
retail 15534 15546 15619 
retailer 15499 
retained 15616 
retired 15512 
retires 15512 
retroactively 15494 
return 15488 15565 
reuter^m 15551 15576 
revenue 15480 15598 
revenues 15598 15602 15614 
revenueslast 15602 
reverse 15460 
review 15568 
reviewing 15534 
reviews 15552 
revised 15472 15510 15523 
revived 15539 
revs 15459 15477 15495 15590 15594 15613 
rexham 15558 15605 
rhineland 15462 
rice 15567 
richard 15460 
richmond 15507 
rico 15521 
riddell 15592 
rights 15463 15469 15488 15569 
rigid 15470 15549 
rigid-plastic 15491 
rio 15529 15536 
rise 15470 15472 15524 15530 15538 15549 15556 15574 15617 
risen 15470 15503 15549 15556 15589 
rising 15503 15564 15615 
risk 15617 
risks 15470 15517 15549 
roanoke 15496 
roebuck 15546 
roland 15589 
rome 15472 15534 
ronnie 15543 
ropak 15491 
ropk 15491 
rosa 15580 
rose 15490 15509 15519 15546 15557 15589 15598 15604 15619 
rotterdam 15556 
round 15531 
rout 15551 
rowe 15598 
rpt 15500 
rtz 15529 
rtzl.l 15529 
rules 15480 
ruling 15470 15549 
rumors 15589 
run 15556 15576 
rupees 15488 15543 15574 
rutherford 15592 
rxh 15558 15605 
s. 15596 
s.c. 15561 
s.g. 15516 
sa 15505 
sachs 15498 
saito 15503 
salary 15552 
sale 15461 15479 15571 15577 15584 15616 
sales 15473 15479 15482 15502 15506 15507 15509 15511 15519 15521 15524 15530 15538 15546 15548 15554 15555 15557 15558 15563 15570 15571 15583 15586 15587 15588 15602 15604 15611 15614 15619 
sallie 15578 
salomon 15492 
salt 15616 
same-store 15473 15506 15524 15538 15554 15586 
san 15467 15484 15493 
sank 15549 
santa 15536 15580 
sanwa 15518 
sao 15536 15540 
saopaulo 15536 
sapc 15469 
sapc-inc 15469 
satisfied 15468 15470 15523 15549 
save 15488 
savings 15466 15467 15515 15609 
savona 15531 
sbo 15553 
scale 15470 15549 
scandal 15581 
scandinavian 15533 
sceptical 15460 
schallplattentruhe 15505 
scheduled 15512 
scheme 15575 
schlesinger 15522 15539 
screen 15469 
sea 15520 
seafood 15491 
sears 15546 
season 15472 
seasonal 15530 15556 
seasonally 15485 15557 
seattle 15484 15515 
secaucus 15586 
secondary 15556 
secret 15470 15549 
secretariat 15525 
secretary 15470 15534 15549 
secrets 15469 
sector 15480 15488 15531 15552 15556 15567 
sector-issued 15488 
sectors 15488 
secured 15531 15609 
securities 15488 15501 15516 15521 15577 15600 15615 
security 15472 15564 
seed 15567 
seeds 15574 
seeking 15469 15501 
sees 15472 15475 15511 15522 15539 15598 15602 15614 
sekisui 15518 
selected 15499 
selective 15488 
sell 15571 15616 
selling 15486 15518 15520 15595 15600 
sells 15492 15498 
semi-annual 15551 15576 
semiconductor 15530 
semincondutor 15530 
sen 15488 
senetek 15533 
senior 15460 15488 15576 
sensitive 15557 
sentiment 15460 
separate 15503 
separately 15599 
separatist 15543 
september 15466 
series 15511 15512 15569 
serve 15511 
served 15551 
service 15492 15498 15514 
services 15534 15551 15574 15601 
set 15466 15492 15498 15525 15541 15547 15550 15581 15617 
sets 15457 15569 15585 15612 
setting 15539 15581 
seven-year 15488 
seventh 15567 
sfr 15505 
sgl 15555 
share 15463 15474 15487 15488 15489 15492 15496 15498 15501 15511 15513 15517 15528 15547 15559 15561 15565 15569 15571 15581 15589 15592 15593 15597 15600 15605 15614 
shared 15460 
shareholder 15463 15561 15569 15585 
shareholders 15553 15565 15569 15581 15597 15616 
shareholding 15545 
shares 15461 15463 15464 15468 15488 15501 15513 15547 15561 15565 15569 15571 15581 15585 15589 15591 15592 15595 15596 15597 15600 15601 15602 15605 
sharing 15480 
sharp 15470 15549 15551 15607 
sharply 15520 15527 15589 
sheet 15529 15556 
shelved 15480 
shelves 15480 
shift 15554 
shifting 15473 
shifts 15470 15549 
shillings 15584 
ship 15484 15531 
shipment 15500 15572 
shipments 15530 15556 
shippers 15531 
shipping 15491 15556 
shipyards 15484 
shop 15524 
shops 15534 
shored 15589 
short 15460 
short-term 15470 15549 15560 15578 15579 15610 
shorter 15488 
shortfall 15470 15510 15523 15549 
shortly 15475 
show 15486 15488 15509 15530 15551 15573 15602 
showboat 15553 
showed 15478 15497 15539 
showing 15530 
shows 15503 
shp 15524 
shr 15476 15477 15482 15489 15495 15496 15515 15521 15535 15548 15558 15559 15566 15570 15590 15594 15601 15613 
shrs 15476 15521 15548 15590 15594 15601 
side 15556 
sidelined 15460 
sideways 15460 
sign 15617 
signed 15526 15533 15552 
significant 15531 
significantly 15511 
signifying 15567 
signs 15526 
simao 15540 
similar 15470 15531 15549 15576 
simple 15488 
simultaneous 15617 
simultaneously 15567 
singapore 15533 
situation 15539 
sixth 15530 
slackening 15556 
slaughter 15532 
slightly 15520 15581 
slipped 15589 
slow 15617 
slowdown 15551 
slower 15551 
small 15488 15530 15576 
smelter 15556 
smelters 15556 
smith 15589 
smyrna 15474 
snior 15512 
sntky 15533 
social 15564 15575 
socialist 15564 
soft 15582 
softening 15472 
software 15469 
sold 15469 15488 15499 15516 15584 15585 15595 15596 15609 
solidarity 15483 
solutions 15526 
sons 15585 
sooner 15576 
sorghum 15500 15567 
sought 15469 15470 15488 15549 15618 
sounded 15470 15549 
source 15576 15617 
sources 15470 15504 15549 15572 15576 15618 
south 15556 15571 15575 
south-africa 15575 
southeast 15609 
southwest 15463 15554 
soviet 15472 15525 15531 15534 15556 
soy 15536 
soy-oil 15500 
soybean 15500 15536 
spa 15545 
space 15599 
spain 15552 15573 
spanish 15552 15556 15573 
sparked 15488 
speaking 15562 15617 
specialties 15592 
specialty 15616 
specific 15556 15569 
spectrum 15497 15591 
speculating 15581 
speculation 15539 15589 
speculative 15486 15552 15556 
speech 15617 
spelled 15480 
spend 15614 
spending 15530 15543 15617 
split 15489 15553 15559 15585 
spokesman 15462 15488 15581 
spokeswoman 15545 15589 
sport 15592 
sporting 15592 
sports 15592 
spot 15563 15607 
spread 15567 
spreadsheet 15469 
spring 15508 15530 
square 15508 
squeeze 15520 
sri 15543 
sri-lanka 15543 
st. 15616 
stabilisation 15460 
stabilising 15486 
stability 15460 15470 15549 15617 
stabilize 15470 15549 15617 
stable 15460 15470 15486 15549 
stadelmann 15460 
stage 15617 
stagnate 15539 
stake 15545 15596 15600 15605 
stakes 15545 
standard 15492 15498 
standstill 15605 
star 15499 
start 15465 15493 15501 15525 15556 15576 15615 
started 15462 15491 
state 15485 15488 15525 15536 15539 15540 15552 15561 15564 
statement 15468 15470 15478 15480 15486 15511 15549 15557 15562 15575 15581 15617 
statements 15460 15503 
states 15470 15494 15511 15525 15549 15551 15576 15617 
statewide 15466 
statistic 15530 
status 15488 15490 
stay 15460 
stb 15609 
steady 15460 15531 15539 15556 15584 
steers 15504 
steinfeld 15609 
steinhaeuser 15460 
step 15480 
step-saver 15464 
steps 15556 15602 
sterling 15494 
stg 15478 15510 15523 15529 15556 
sti 15489 15490 
stimulate 15470 15549 15617 
stimulation 15470 15497 15549 
stock 15461 15465 15488 15492 15493 15496 15498 15501 15553 15559 15565 15569 15571 15585 15589 15591 15593 15605 
stockholder 15571 
stockholders 15569 
stocks 15472 15530 15556 15568 15589 
stoltenberg 15470 15549 15562 
stop 15524 
store 15509 15519 15604 15619 
stores 15473 15499 15502 15506 15524 15538 15554 15583 15587 15604 
straight 15530 
strategy 15567 
strathfield 15613 
strathfield-oil-and 15613 
street 15530 
strengthen 15460 
strengthening 15467 15483 
stretched 15576 
strikes 15552 15556 
strong 15460 15530 15554 15556 15576 15589 
strongly 15470 15549 
struck 15484 
structural 15543 
structure 15456 
student 15578 
studies 15497 
study 15551 
sub-divisions 15567 
sub-saharan 15576 
subdued 15539 
subject 15480 15539 15561 15571 15582 15591 
subjected 15488 
subjects 15497 
submit 15525 
subordinated 15465 15492 15498 15511 15512 
subscription 15505 
subsidiary 15466 15491 15517 15528 15533 15565 15571 15575 15585 15592 15604 15616 
subsidies 15525 
substantial 15470 15472 15549 15573 15576 
substantially 15460 
succeed 15525 
success 15470 15549 15551 
successful 15470 15549 
successfully 15478 
sues 15469 
sugar 15462 
suggested 15531 
suisse 15471 15481 
suit 15469 
suitable 15488 
sul 15536 
sum 15531 
summer 15480 15530 15564 
summit 15470 15549 
sun-meal 15500 
sun-oil 15500 
sunflowerseed 15500 
suntrust 15489 15490 
supercomputer 15599 
supermarkets 15555 
superseded 15539 
superstores 15590 
supervisory 15581 
supplement 15556 
supplemental 15617 
supplementary 15470 15549 
supplier 15556 
suppliers 15582 
supplies 15472 15556 
supply 15520 15552 15556 15615 
supply/demand 15556 
supplying 15574 
support 15460 15488 15520 15525 15543 15574 15589 15617 
supported 15525 
supporting 15460 
supposed 15460 
surcharges 15582 
surfside 15561 
surpass 15543 
surplus 15488 15556 15564 15573 
surpluses 15470 15549 
surprise 15460 
surprised 15562 
surprises 15460 
susbcription 15488 
suspended 15465 
suspicion 15581 
sustained 15551 
swelled 15556 
swiss 15460 15471 15481 15505 
switzerland 15460 15471 15481 15505 15528 
swl 15463 
syndrome 15497 
system 15470 15525 15526 15534 15549 15558 15599 15615 
systems 15464 15526 15558 15596 15602 
tabulated 15484 
tackled 15525 
tae 15593 
tails 15556 
taiwan 15531 
takashi 15503 
takeover 15569 15589 15600 
taking 15510 15567 
takushoku 15541 
talk 15531 
talking 15530 
talks 15467 15470 15475 15480 15525 15549 15576 
tandil 15580 
target 15460 15470 15549 15552 15556 15567 15574 
targeted 15567 
targets 15567 
targetted 15543 
targetting 15539 
tariffs 15525 
tata 15488 
tax 15477 15488 15564 15602 
tax-free 15488 15569 
taxes 15488 15500 
taylor 15590 
teacher 15602 
team 15592 
tech 15479 
technical 15460 15609 
technique 15497 
technology 15497 15511 15530 15533 15558 15567 
tei 15512 
telemarketing 15479 
telephone 15458 15488 15539 
telkom 15479 
temp..min 15580 
temp..rainfall 15580 
temperatures 15580 
temporary 15615 
tempt 15460 
ten 15520 
tender 15501 15539 15542 15550 15565 15569 15572 15582 15618 
tendered 15565 
tendering 15565 
tending 15556 
tenn. 15474 15537 
tentatively 15466 
term 15460 
terminated 15565 
terminates 15544 
terming 15470 15549 
terms 15492 15498 15518 15595 15596 15612 15616 
tessek 15533 
test 15456 15457 15458 15459 15460 15461 15462 15463 15464 15465 15466 15467 15468 15469 15470 15471 15472 15473 15474 15475 15476 15477 15478 15479 15480 15481 15482 15483 15484 15485 15486 15487 15488 15489 15490 15491 15492 15493 15494 15495 15496 15497 15498 15499 15500 15501 15502 15503 15504 15505 15506 15507 15508 15509 15510 15511 15512 15513 15514 15515 15516 15517 15518 15519 15520 15521 15522 15523 15524 15525 15526 15527 15528 15529 15530 15531 15532 15533 15534 15535 15536 15537 15538 15539 15540 15541 15542 15543 15544 15545 15546 15547 15548 15549 15550 15551 15552 15553 15554 15555 15556 15557 15558 15559 15560 15561 15562 15563 15564 15565 15566 15567 15568 15569 15570 15571 15572 15573 15574 15575 15576 15577 15578 15579 15580 15581 15582 15583 15584 15585 15586 15587 15588 15589 15590 15591 15592 15593 15594 15595 15596 15597 15598 15599 15600 15601 15602 15603 15604 15605 15606 15607 15608 15609 15610 15611 15612 15613 15614 15615 15616 15617 15618 15619 15620 
tested 15497 
testing 15458 
tests 15497 15533 
tex 15589 
texas 15465 15512 15589 15593 15602 
tfc 15466 
theatrical 15612 
theme 15539 
then-current 15617 
theodor 15460 
ther 15554 
therapy 15537 
thermal 15488 
thesing 15505 
thesing-verwaltungsgesellschaft 15505 
thin 15520 
thing 15617 
thomson 15494 
threatened 15480 
three-for-two 15585 
three-month 15530 
thrust 15567 
thursday 15504 
tight 15552 
tightness 15556 
time 15485 15545 15551 15556 15605 
time-consuming 15514 
timecharter 15531 
timely 15567 
times 15488 15552 
tinto 15529 
tinto-zinc 15529 
tire 15499 
toccoa 15508 
tod 15484 
today 15470 15480 15493 15504 15510 15520 15523 15527 15530 15532 15536 15537 15545 15549 15550 15576 15581 15589 15607 15615 15618 
todd 15484 
tokyo 15470 15503 15549 
tokyo-based 15491 
told 15483 15527 15529 15534 15539 15545 15552 15600 15602 
tomorrow 15484 
tonne 15500 15520 15584 15618 
tonner 15531 
tonnes 15472 15556 15567 15572 15574 15582 15618 
tons 15531 
top 15503 15526 
topeka 15511 
torday 15470 15549 15576 
toronto 15494 15513 15595 
total 15458 15466 15472 15479 15488 15523 15534 15554 15556 15557 15567 15581 15584 15618 
totaled 15485 
totalled 15488 15552 15573 
totalling 15573 
totally 15486 
tough 15480 
tourism 15573 
toxicity 15537 
tracking 15520 
trade 15456 15460 15469 15470 15472 15493 15504 15525 15549 15551 15552 15572 15573 15611 15618 
traded 15460 15488 15520 
trademarks 15592 
traders 15460 15520 15532 15556 15572 15589 15607 
trades 15484 
trading 15460 15465 15468 15493 15501 15520 15549 15589 15615 
trail 15556 
trans-atlantic 15531 
transaction 15501 
transactions 15569 15581 
transcapital 15466 
transferability 15488 
transferable 15463 
transferring 15488 
transohio 15466 
transport 15480 15556 
treasury 15470 15523 15549 15576 
treated 15497 
treatment 15488 15497 
treatments 15497 
trend 15460 15530 15552 
tres 15540 15580 
trieste 15556 
trigger 15460 
trip 15531 
trow 15598 
troy 15509 
truck 15499 15611 
trump 15459 
trump-plaza 15459 
truscott 15575 
trust 15571 15597 
tt 15584 
tuesday 15460 15539 15564 
tunisia 15534 
turn 15556 
turning 15551 
two-for-one 15489 15553 15559 
two-thirds 15565 
two-week 15615 
type= 15487 15502 15522 15535 15542 15544 15566 15583 15603 15606 15608 
u.k 15510 15523 15556 15603 
u.k. 15468 15478 15556 
u.n. 15472 
u.s 15460 15470 15472 15485 15517 15520 15531 15549 15565 15572 
u.s. 15460 15469 15470 15494 15520 15527 15530 15531 15549 15551 15556 15557 15563 15565 15571 15572 15576 15582 15611 
u.s.a. 15607 
ual 15589 
uk 15468 15470 15478 15510 15517 15518 15523 15529 15531 15541 15549 15556 15576 15599 15603 15617 
umuarama 15540 
uncertainty 15527 
unchanged 15474 15520 15539 15547 15550 15557 15567 15581 
unconvinced 15549 
und 15505 15528 
undercutting 15552 
underlying 15460 
undermine 15470 15549 
understand 15503 
understood 15470 15549 
underwriter 15464 15577 15585 15592 
underwriters 15592 15595 
underwriting 15517 15518 
undisclosed 15575 15595 15596 
unemployment 15485 15564 
unequal 15488 
unevenly 15472 
unf 15457 
unifirst 15457 
union 15472 15525 15534 
unit 15466 15470 15491 15516 15517 15533 15544 15549 15565 15575 15589 15592 15607 15616 
united 15470 15494 15517 15525 15549 15551 15576 15589 15617 
units 15618 
unnamed 15581 15614 
unnecessary 15552 
unprecedented 15470 15549 
unseasonal 15462 
unsolicted 15569 
unspectacular 15556 
unsuccessful 15470 15549 
unsuccessfully 15470 15549 
unusually 15472 15556 
upgraded 15589 
upper 15460 15581 
ups 15563 
upwards 15472 
urbana 15609 
urge 15576 
urgency 15615 
urgent 15470 15549 15576 
ussr 15472 15556 
utah 15461 
utica 15458 
uysed 15592 
va. 15496 15507 15508 
validly 15565 
valley 15467 
valued 15488 15599 
van 15534 
vancouver 15516 
varieites 15567 
varies 15488 
variety 15491 
veg-oil 15500 
vegas 15553 
venture 15475 15517 15533 
versus 15532 15551 
vertical 15614 
vessel 15531 
vice-president 15522 15539 
video 15612 
view 15460 15470 15482 15533 15549 15556 
views 15550 
vigilant 15617 
vigrously 15567 
violates 15469 
virtually 15460 15602 
visible 15497 
visicalc 15469 
vitality 15551 
viva 15612 
vno 15594 
volatility 15460 
volcker 15470 15549 
volkswagen 15547 15581 
volume 15589 
vornado 15594 
voting 15569 15605 
votuporanga 15540 
vowg.f 15547 15581 
voyage 15531 
voyages 15531 
vw 15581 
w. 15557 
waccamaw 15561 
wage 15552 
waiting 15525 
waive 15511 
waiver 15511 
wal-mart 15538 
wall 15530 
wan 15526 
wang 15526 
wanted 15480 15576 
warburg 15516 
ward 15604 15611 
warehouses 15556 
warmer 15462 
warned 15470 15549 
warning 15480 
warrant 15464 15518 15569 
warrants 15464 15471 15474 15481 15518 15565 
washington 15460 15470 15483 15485 15486 15503 15515 15539 15543 15549 15551 15560 15562 15576 15577 15578 15579 15582 15600 15610 15617 
water 15567 15576 
wauve 15534 
wauwe 15534 
wave 15552 
weak 15470 15549 15554 
weaken 15460 15551 
weaker 15520 
weakness 15551 15617 
wealth 15488 
wealthier 15551 
weapons 15558 
weather 15462 15567 15574 15580 
wednesday 15504 15589 
week 15460 15470 15485 15532 15549 15551 15555 15556 15576 15584 15604 15611 
weekend 15460 
weekly 15611 
weeks 15462 15473 15483 15497 15506 15507 15509 15519 15524 15546 15549 15554 15556 15557 15586 15587 15588 15589 15604 15611 15617 15619 
weir 15513 
welcomed 15470 15549 15617 
west 15462 15470 15480 15484 15505 15528 15539 15547 15549 15551 15562 15576 15581 15617 
west-germany 15462 15470 15505 15528 15539 15547 15549 15562 15581 
western 15525 15576 
westronix 15461 
wfsl 15515 
wheat 15472 15500 15531 15567 15572 15582 15618 
whilke 15614 
whirlpool 15535 15548 
white 15530 15569 
wholly 15459 15565 15616 
wholly-owned 15592 
whr 15548 
wichita 15465 
widen 15556 
wilkes-barre 15559 
willingness 15460 15470 15549 
wilmington 15506 
wilson 15470 15549 
wimpey 15478 
winchester 15508 
wings 15525 
winston 15458 
winter 15472 15495 15556 
withdraw 15511 
withdrawal 15575 
withdrawn 15565 15605 
wmpy.l 15478 
wmt 15538 
woburn 15457 
wolfsburg 15547 15581 
won 15470 15549 
wood 15516 15595 
woodbridge 15555 
woodmark 15508 
wooing 15488 
woolworth 15557 
worded 15470 15549 15617 
wording 15460 
work 15551 
worked 15469 
workers 15484 15552 15556 
working 15585 
works 15617 
world 15456 15472 15525 15539 15543 15551 15556 15576 15617 
worldbank 15543 15551 15576 
worried 15470 15549 15552 15581 15617 
worries 15460 15551 
worry 15470 15549 
worrying 15503 
worse-than-expected 15460 
worth 15470 15488 15549 
worthwhile 15617 
writing 15534 
written 15480 15501 15534 
wstx 15461 
x-mp/12 15599 
x-mp/24 15599 
x-ray 15614 
xico 15475 15477 
xicor 15475 15477 
xon 15575 15607 
yamaichi 15518 15541 
year-ago 15598 
year-end 15529 
year-to-date 15507 15509 
years 15469 15470 15488 15492 15498 15534 15543 15549 15551 15556 15567 15569 15571 15576 15612 
yen 15460 15470 15483 15486 15503 15541 15549 15617 
yesterday 15470 15486 15503 15520 15527 15539 15549 15565 15572 15600 15615 15617 
yesterday's 15470 15549 15576 15617 
yielding 15567 
york 15492 15498 15520 15554 15557 15563 15565 15568 15589 15591 15607 15615 
young 15513 
yugoslavia 15582 
zayre 15588 
zenex 15575 
zinc 15556 
zones 15470 15549 
zurich 15460 15471 15481 15505 
zy 15588 
