****** 9243 9264 9282 
***urgent 9209 
-198 9177 
-3r 9235 
-4th 9237 
-comple 9239 
-e 9166 9222 
-ends-offe 9285 
-expects-eur 9298 
-gets 9262 
-gets-tex 9241 
-opening 9236 
-phillips 9204 
-s 9255 9284 
-sets 9233 
-sets-tw 9268 
-t 9242 9288 
-to 9251 
-to-b 9258 
-to-cut 9289 
-to-have 9232 
-unit-sel 9291 
/author 9170 9180 9203 9225 9244 9275 
0.07 9212 
0.1 9165 9212 9294 
0.2 9165 
0.3 9212 9294 
0.5 9212 9294 
0.7 9294 
0009 9264 9282 
0012 9243 
0023 9255 
0025 9260 9272 
0027 9271 
0031 9284 
0033 9250 9266 
0035 9287 
0036 9239 
0037 9233 
0039 9278 
0042 9177 9263 9270 
0043 9273 9288 
0044 9268 
0045 9217 9240 
0047 9261 
0049 9242 9280 
0053 9267 9299 
0054 9195 9238 9265 
0055 9274 
0056 9218 
0058 9236 
0060 9197 
0061 9187 
0062 9165 
0063 9235 
0064 9189 
0067 9185 
0068 9231 9237 
0071 9198 9252 
0073 9234 
0075 9248 
0077 9193 9286 
0079 9295 
0080 9179 9241 
0081 9285 
0082 9229 
0083 9200 9251 
0084 9215 9224 
0086 9181 9245 9246 9262 9296 
0087 9180 9258 
0088 9199 
0089 9277 
0091 9232 9276 9291 
0092 9169 
0093 9168 9191 
0095 9203 9221 
0096 9201 9212 9269 
0097 9253 9294 
0099 9226 9249 9298 
0100 9173 9259 
0101 9209 9214 9289 9292 
0102 9186 9293 
0103 9170 9174 9178 9183 
0104 9208 9227 9257 9283 9290 9300 
0105 9194 9213 9216 
0106 9230 9297 
0107 9171 9190 9202 9206 9211 9222 
0108 9166 9196 9207 
0109 9192 9220 
0111 9184 9210 9275 
0112 9205 9228 9244 
0115 9172 9223 9281 
0116 9188 9204 9219 
0117 9167 9175 9176 
0118 9182 
0120 9247 
0121 9256 9279 
0136 9225 
0139 9254 
03-25 9165 9166 9167 9168 9169 9170 9171 9172 9173 9174 9175 9176 9177 9178 9179 9180 9181 9182 9183 9184 9185 9186 9187 9188 9189 9190 9191 9192 9193 9194 9195 9196 9197 9198 9199 9200 9201 9202 9203 9204 9205 9206 9207 9208 9209 9210 9211 9212 9213 9214 9215 9216 9217 9218 9219 9220 9221 9222 9223 9224 9225 9226 9227 9228 9229 9230 9231 9232 9233 9234 9235 9236 9237 9238 9239 9240 9241 9242 9243 9244 9245 9246 9247 9248 9249 9250 9251 9252 9253 9254 9255 9256 9257 9258 9259 9260 9261 9262 9263 9264 9265 9266 9267 9268 9269 9270 9271 9272 9273 9274 9275 9276 9277 9278 9279 9280 9281 9282 9283 9284 9285 9286 9287 9288 9289 9290 9291 9292 9293 9294 9295 9296 9297 9298 9299 9300 
04:35:12.91 9165 
04:39:07.53 9166 
04:40:19.97 9167 
04:47:50.97 9168 
05:00:43.91 9169 
05:00:56.31 9170 
05:02:55.15 9171 
05:05:15.93 9172 
05:06:54.80 9173 
05:07:54.44 9174 
05:09:22.90 9175 
05:13:52.81 9176 
05:14:21.93 9177 
05:15:27.75 9178 
05:20:36.90 9179 
05:23:51.11 9180 
05:24:23.31 9181 
05:24:46.68 9182 
05:30:25.72 9183 
05:31:46.25 9184 
05:35:05.82 9185 
05:43:48.03 9186 
05:44:08.80 9187 
05:46:06.54 9188 
05:47:07.38 9189 
05:48:28.38 9190 
05:50:59.08 9191 
05:51:21.34 9192 
05:59:13.34 9193 
06:18:55.81 9194 
06:19:48.07 9195 
06:21:48.40 9196 
06:23:47.46 9197 
06:29:43.94 9198 
06:37:40.26 9199 
06:43:26.99 9200 
06:46:02.57 9201 
06:47:09.74 9202 
06:51:56.93 9203 
06:52:09.01 9204 
06:56:17.04 9205 
07:00:38.78 9206 
07:08:53.60 9207 
07:09:17.42 9208 
07:15:13.44 9209 
07:16:19.97 9210 
07:16:54.27 9211 
07:17:43.15 9212 
07:18:24.59 9213 
07:22:34.64 9214 
07:25:24.52 9215 
07:26:42.04 9216 
07:27:18.76 9217 
07:27:24.22 9218 
07:27:47.51 9219 
07:28:52.81 9220 
07:30:09.92 9221 
07:30:26.26 9222 
07:32:57.90 9223 
07:33:34.64 9224 
07:35:07.17 9225 
07:39:41.83 9226 
07:43:05.88 9227 
07:50:39.21 9228 
08:03:02.71 9229 
08:10:23.65 9230 
08:13:22.13 9231 
08:13:32.48 9232 
08:14:49.51 9233 
08:20:42.04 9234 
08:24:17.92 9235 
08:24:40.66 9236 
08:24:56.16 9237 
08:25:20.82 9238 
08:25:56.56 9239 
08:26:17.61 9240 
08:27:16.19 9241 
08:30:38.10 9242 
08:32:45.43 9243 
08:34:10.95 9244 
08:36:41.34 9245 
08:38:10.55 9246 
08:48:54.11 9247 
08:49:32.28 9248 
08:50:07.38 9249 
08:50:40.31 9250 
08:51:04.57 9251 
08:51:19.67 9252 
08:51:32.15 9253 
08:52:36.78 9254 
08:56:32.23 9255 
0955 9182 
09:02:05.94 9256 
09:05:42.07 9257 
09:07:44.32 9258 
09:07:56.19 9259 
09:08:01.76 9260 
09:11:08.30 9261 
09:11:17.08 9262 
09:11:21.47 9263 
09:18:18.45 9264 
09:21:01.23 9265 
09:21:26.36 9266 
09:21:39.02 9267 
09:21:53.91 9268 
09:22:43.14 9269 
09:23:22.52 9270 
09:23:26.54 9271 
09:23:29.98 9272 
09:23:34.32 9273 
09:24:21.56 9274 
09:24:38.25 9275 
09:27:56.77 9276 
09:28:11.83 9277 
09:28:34.70 9278 
09:30:05.51 9279 
09:31:48.94 9280 
09:34:52.92 9281 
09:35:22.27 9282 
09:37:07.26 9283 
09:40:04.86 9284 
09:41:35.10 9285 
09:41:58.21 9286 
09:42:27.21 9287 
09:42:42.51 9288 
09:42:50.70 9289 
09:43:33.15 9290 
09:45:46.93 9291 
09:48:39.35 9292 
09:50:17.02 9293 
09:51:38.05 9294 
09:53:07.03 9295 
09:53:14.83 9296 
09:53:22.38 9297 
09:53:42.52 9298 
09:55:29.61 9299 
09:56:20.55 9300 
1,042,000 9231 
1,079,165 9231 
1,125,000 9274 
1,168 9178 
1,200 9209 
1,232 9178 
1,255,000 9231 
1,269 9209 
1,295,000 9235 
1,405,000 9278 
1,408,813 9270 
1,449,550 9252 
1,458,000 9274 
1,521,000 9273 
1,603,000 9231 
1,640 9245 
1,712,000 9237 
1,800,000 9238 
1,856,000 9250 
1,870.00 9290 
1,880,000 9231 
1,900 9167 9219 9275 
1-1/2 9169 9276 9281 
1-1/4 9198 
1-3/4 9281 
1.03 9182 
1.1 9229 
1.10 9187 9238 9300 
1.15 9208 
1.16 9231 
1.19 9212 
1.2 9196 
1.22 9187 
1.23 9206 
1.32 9189 
1.38 9206 
1.39 9182 
1.4 9213 
1.44 9287 
1.45 9174 
1.5 9298 
1.50 9287 
1.6 9283 
1.62 9230 
1.7 9296 
1.75 9189 
1.78 9206 
1.8 9176 9196 
1.81 9295 
1.8150-1.8700 9295 
1.9 9196 9229 9283 
1.93 9189 
10-mark 9195 
10-year 9212 9244 
10-years 9244 
10.0 9267 
10.1 9188 9287 
10.2 9184 
10.6 9270 9274 
10.75 9189 
100,000 9253 
100-tonne 9205 
100.5 9231 
101-5/8 9198 
105.0 9267 
109.0 9237 
11.1 9267 
11.13 9189 
11.2 9267 
11.3 9267 
11.4 9267 
11.6 9174 
11.75 9239 
11.75p 9177 
11.85 9283 
11.9 9176 9194 
11.94 9171 
110.5 9250 
112.5 9287 
115.6 9231 
116.8 9267 
119.05 9281 
11p 9177 
11th 9279 
12,000 9253 
12-year 9241 
12.2 9170 
122.3 9287 
13.2 9238 
13.4 9170 
13.5 9260 
13.6 9184 
13.9 9187 
133.8 9176 
14-bank 9215 9225 
14.9 9260 
141.9 9237 
146,000 9274 
14686 9165 
14687 9166 
14688 9167 
14689 9168 
14690 9169 
14691 9170 
14692 9171 
14693 9172 
14694 9173 
14695 9174 
14696 9175 
14697 9176 
14698 9177 
14699 9178 
147.4 9165 
14700 9179 
14701 9180 
14702 9181 
14703 9182 
14704 9183 
14705 9184 
14706 9185 
14707 9186 
14708 9187 
14709 9188 
14710 9189 
14711 9190 
14712 9191 
14713 9192 
14714 9193 
14715 9194 
14716 9195 
14717 9196 
14718 9197 
14719 9198 
14720 9199 
14721 9200 
14722 9201 
14723 9202 
14724 9203 
14725 9204 
14726 9205 
14727 9206 
14728 9207 
14729 9208 
14730 9209 
14731 9210 
14732 9211 
14733 9212 
14734 9213 
14735 9214 
14736 9215 
14737 9216 
14738 9217 
14739 9218 
14740 9219 
14741 9220 
14742 9221 
14743 9222 
14744 9223 
14745 9224 
14746 9225 
14747 9226 
14748 9227 
14749 9228 
14750 9229 
14751 9230 
14752 9231 
14753 9232 
14754 9233 
14755 9234 
14756 9235 
14757 9236 
14758 9237 
14759 9238 
14760 9239 
14761 9240 
14762 9241 
14763 9242 
14764 9243 
14765 9244 
14766 9245 
14767 9246 
14768 9247 
14769 9248 
14770 9249 
14771 9250 
14772 9251 
14773 9252 
14774 9253 
14775 9254 
14776 9255 
14777 9256 
14778 9257 
14779 9258 
14780 9259 
14781 9260 
14782 9261 
14783 9262 
14784 9263 
14785 9264 
14786 9265 
14787 9266 
14788 9267 
14789 9268 
14790 9269 
14791 9270 
14792 9271 
14793 9272 
14794 9273 
14795 9274 
14796 9275 
14797 9276 
14798 9277 
14799 9278 
148.20 9166 9222 
148.65 9224 
148.80 9224 
14800 9279 
14801 9280 
14802 9281 
14803 9282 
14804 9283 
14805 9284 
14806 9285 
14807 9286 
14808 9287 
14809 9288 
14810 9289 
14811 9290 
14812 9291 
14813 9292 
14814 9293 
14815 9294 
14816 9295 
14817 9296 
14818 9297 
14819 9298 
14820 9299 
14821 9300 
149.50 9173 9249 
149.60 9214 
149.98 9166 9222 
14th 9170 
15.0 9170 
15.25 9206 
15.32 9171 
150,000 9203 
154.5 9165 
154.6 9165 
16.0 9235 
16.3p 9187 
16th 9209 
17.5p 9229 
17.9p 9187 
170,560 9227 
170,800 9201 
171,600 9201 
178,790 9227 
18.78 9189 
180.7 9176 
182.50 9173 9249 
183.9 9191 
184.2 9191 
19.2 9174 
1904 9190 
1937 9190 
194,000 9231 
1955 9190 
1972 9297 
1974 9213 
1979 9180 
1980 9165 
1980s 9174 
1981 9170 
1982 9174 9182 9223 
1983 9170 9275 
1984 9170 9293 
1985 9175 9176 9182 9184 9192 9194 9196 9202 9228 9244 9273 9283 
1985/86 9181 
1986 9165 9170 9171 9174 9175 9176 9177 9178 9180 9182 9184 9187 9191 9192 9194 9196 9201 9202 9206 9208 9213 9226 9228 9229 9231 9237 9244 9247 9256 9273 9283 9290 9298 
1986/87 9181 
1987 9173 9174 9175 9180 9181 9184 9191 9192 9196 9206 9226 9232 9249 9256 9281 9283 9289 9298 
1987-june 9290 
1987/1988 9275 
1987/88 9275 
1988 9185 9213 9241 9290 
1989 9173 9174 9205 9249 
1990 9174 
1990s 9253 
1991 9184 9253 9281 
1992 9198 9281 
1993 9186 
1996 9245 
1997 9291 
1st 9250 
1stld 9225 
2,001,000 9273 
2,052,000 9235 
2,150 9181 
2,300,000 9263 
2,309,181 9270 
2,400 9236 
2,480,000 9280 
2,599,000 9278 
2,685 9181 
2,692,000 9231 
2,700,000 9251 
2,972,000 9267 
2,990,695 9260 
2-1/4 9281 
2.11 9177 9228 
2.14 9177 9228 
2.5 9213 
2.50 9202 
2.60 9300 
2.68 9231 
20.3 9229 9263 
20.3p 9177 
20.9p 9189 
2002 9169 9276 
202,000 9273 
205.0 9176 
2050 9275 
21.4p 9229 
212,000 9274 
219.41 9171 
22,500,000 9263 
22-1/2 9169 9276 
22-city 9199 
22.12 9187 
22.5 9275 
22.7p 9177 9189 
22.8 9190 
223.0 9176 
228.86 9171 
23.31 9171 
230,000 9274 
24-hour 9292 
24.13 9187 
24.5p 9189 
24.8p 9189 
240.24 9171 
2400 9246 
25-mar-1987 9165 9166 9167 9168 9169 9170 9171 9172 9173 9174 9175 9176 9177 9178 9179 9180 9181 9182 9183 9184 9185 9186 9187 9188 9189 9190 9191 9192 9193 9194 9195 9196 9197 9198 9199 9200 9201 9202 9203 9204 9205 9206 9207 9208 9209 9210 9211 9212 9213 9214 9215 9216 9217 9218 9219 9220 9221 9222 9223 9224 9225 9226 9227 9228 9229 9230 9231 9232 9233 9234 9235 9236 9237 9238 9239 9240 9241 9242 9243 9244 9245 9246 9247 9248 9249 9250 9251 9252 9253 9254 9255 9256 9257 9258 9259 9260 9261 9262 9263 9264 9265 9266 9267 9268 9269 9270 9271 9272 9273 9274 9275 9276 9277 9278 9279 9280 9281 9282 9283 9284 9285 9286 9287 9288 9289 9290 9291 9292 9293 9294 9295 9296 9297 9298 9299 9300 
25.0 9250 
25.57 9181 
25.7 9229 
250,000 9205 
255.56 9171 
256,600 9201 
258.34 9171 
26.0 9270 
26.2 9212 
26.3 9235 
26.8 9235 
27.0 9250 
27.3 9237 
27.4 9174 
27.5 9231 
27.60 9189 
27.98 9181 
28.59 9189 
281.65 9171 
287,600 9201 
287,606 9270 
29-day 9167 9219 
2nd 9273 
3,250,000 9251 
3,271,000 9274 
3,310,000 9235 
3,320,206 9260 
3,516,000 9267 
3,538,000 9278 
3,701,000 9235 
3,766,000 9274 
3,914,968 9252 
3. 9189 
3.0 9176 
3.2 9176 
3.4 9196 
3.5 9164 9176 9229 
3.6 9175 
3.66 9210 
3.7 9273 
3.80 9210 9277 
3.9375 9167 9219 
3.9495 9167 9219 
30,000 9190 9253 
30.4 9283 
30.5 9231 
30.8 9174 9235 
30th 9195 
31.1 9235 
31.7 9275 
31.9 9229 
33.4 9237 
330,000 9231 
34-seater 9199 
34.5 9235 
34.55 9187 9192 
34.8 9237 
34.9 9235 
340,000 9189 
344.25 9193 
344p 9228 
357p 9228 
36.07 9181 
36.3 9267 
36.49 9189 
36.50 9285 
360,000 9203 
37.09 9187 9192 
37.1 9237 
37.2 9229 
37.47 9189 
370,000 9189 
38,616 9265 
38.4 9270 
385,000 9231 
3rd 9235 9267 9274 
4,200 9281 
4,678,000 9250 
4,834,000 9235 
4-1/4 9198 
4.12 9189 
4.14 9237 
4.20 9210 9277 
4.30 9210 
4.4-gram-a-tonne 9190 
4.42 9210 
4.5 9190 
4.58/42 9167 9219 
4.7p 9187 
4.8 9165 
4.80 9210 9277 
40,000 9253 
40.0 9267 
400,000 9203 
41,000 9193 
41.75 9230 
42.00 9230 
435,900 9201 
44-nation 9225 
44.819 9207 
45.00 9207 
45.75 9207 
46,000 9193 
46.0 9207 
469,900 9201 
47.50 9173 9249 
48.22 9178 
485,000 9231 
49.3 9237 
4th 9176 9231 9237 9238 
5,000 9193 9281 
5,000-strong 9209 
5,074.2 9191 
5,591.1 9191 
5,745,706 9252 
5.19 9178 
5.2 9172 
5.3 9176 
5.35 9187 
5.4 9258 
5.42 9187 
5.5 9174 
5.51 9237 
5.73 9212 
5/8 9198 
50,000 9173 9207 9249 
50.25 9206 9223 
50.61 9189 
500,000 9200 
517.50 9193 
522.50 9193 
533.59 9189 
537p 9182 
54,576 9265 
54.25 9206 
54.96 9178 
550,000 9278 
555.81 9189 
57,000 9208 
57.78 9189 
5p 9189 
6,200,000 9238 
6,520,928 9287 
6,544,000 9237 
6-3/8 9169 9276 
6.1p 9229 
6.5p 9189 9229 
6.88 9187 
60,500 9207 
61.7 9250 
6406/8 9279 
6407/10 9279 
653,000 9274 
653,464 9270 
66.2 9300 
684,000 9231 
686,000 9280 
69.4 9278 
7,199 9290 
7,600,000 9270 
7,671,855 9287 
7-1/4 9170 
7.2 9201 
7.3 9271 
7.5 9271 
7.6p 9189 
7.8 9190 
700,000 9229 
700,086 9231 
71.1 9234 
71.2 9176 
7124/3 9279 
7125/1 9279 
7219/9 9279 
7220/7 9279 
7224/7 9279 
7224/8 9279 
73.8 9212 
766.9 9229 
784,000 9273 
8,006,000 9235 
8,146,000 9267 
8,866,000 9287 
8-1/8 9291 
8.10 9187 
8.18 9291 
8.25p 9177 
8.3 9292 
8.35 9195 
8.5 9272 
8.7 9187 
80.9 9235 
800,000 9207 9208 
82,000 9273 
852,000 9246 
86.0 9191 
864.4 9206 
882,000 9273 
89.5 9191 
9,561,000 9274 
9-9/16 9299 
9.2 9272 
9.4 9174 9210 9277 
9.45 9171 
90.25 9246 
91.1 9191 
9165 9165 
9166 9166 
9167 9167 
9168 9168 
9169 9169 
9170 9170 
9171 9171 
9172 9172 
9173 9173 
9174 9174 
9175 9175 
9176 9176 
9177 9177 
9178 9178 
9179 9179 
9180 9180 
9181 9181 
9182 9182 
9183 9183 
9184 9184 
9185 9185 
9186 9186 
9187 9187 
9188 9188 
9189 9189 
9190 9190 
9191 9191 
9192 9192 
9193 9193 
9194 9194 
9195 9195 
9196 9196 
9197 9197 
9198 9198 
9199 9199 
92.50 9246 
9200 9200 
9201 9201 
9202 9202 
9203 9203 
9204 9204 
9205 9205 
9206 9206 
9207 9207 
9208 9208 
9209 9209 
9210 9210 
9211 9211 
9212 9212 
9213 9213 
9214 9214 
9215 9215 
9216 9216 
9217 9217 
9218 9218 
9219 9219 
9220 9220 
9221 9221 
9222 9222 
9223 9223 
9224 9224 
9225 9225 
9226 9226 
9227 9227 
9228 9228 
9229 9229 
9230 9230 
9231 9231 
9232 9232 
9233 9233 
9234 9234 
9235 9235 
9236 9236 
9237 9237 
9238 9238 
9239 9239 
9240 9240 
9241 9241 
9242 9242 
9243 9243 
9244 9244 
9245 9245 
9246 9246 
9247 9247 
9248 9248 
9249 9249 
9250 9250 
9251 9251 
9252 9252 
9253 9253 
9254 9254 
9255 9255 
9256 9256 
9257 9257 
9258 9258 
9259 9259 
9260 9260 
9261 9261 
9262 9262 
9263 9263 
9264 9264 
9265 9265 
9266 9266 
9267 9267 
9268 9268 
9269 9269 
9270 9270 
9271 9271 
9272 9272 
9273 9273 
9274 9274 
9275 9275 
9276 9276 
9277 9277 
9278 9278 
9279 9279 
9280 9280 
9281 9281 
9282 9282 
9283 9283 
9284 9284 
9285 9285 
9286 9286 
9287 9287 
9288 9288 
9289 9289 
9290 9290 
9291 9291 
9292 9292 
9293 9293 
9294 9294 
9295 9295 
9296 9296 
9297 9297 
9298 9298 
9299 9299 
93.4 9252 
9300 9300 
94.4 9278 
966,200 9201 
968,000 9273 
970,000 9273 
973,400 9201 
977,000 9242 
99.63 9291 
9p 9229 
`` 9170 9174 9180 9183 9194 9203 9206 9209 9210 9213 9215 9216 9223 9225 9226 9230 9244 9247 9253 9254 9256 9262 9275 9277 9281 9293 9300 
a-2 9291 
a/s 9279 
ab 9199 9200 
abandoning 9206 
abbey 9168 
abbey's 9168 
ability 9203 
abroad 9176 9184 9194 9220 
absolute 9292 
abu 9170 9208 
abu-nawar 9209 
abul-gassim 9209 
accelerate 9228 9229 
accelerated 9228 
accept 9246 9279 9285 
acceptable 9203 
accepted 9212 9243 9252 9290 
accepting 9279 
accepts 9290 
access 9212 
accessible 9190 
accomodations 9208 
accompanying 9192 
accord 9167 9219 9220 
account 9174 9191 
accounted 9182 9257 
accounting 9203 9208 
accounts 9176 9244 9283 
accumulate 9180 9256 
accumulation 9180 9256 
accused 9183 
achieve 9225 9228 
achieved 9182 
achieving 9182 
acid 9175 
ackerly 9287 
ackerly-communicatio 9287 
acm 9190 
acq 9172 9210 9230 9234 9239 9243 9246 9252 9258 9259 9264 9277 9283 9285 9288 9296 
acquire 9230 9258 
acquired 9259 9281 9296 
acquires 9259 9296 
acquisition 9230 9239 9246 9283 9285 9289 9296 
acquisitions 9175 9182 9281 
acrylic 9175 
act 9168 9244 
acting 9244 9286 
action 9172 9224 
actions 9210 9293 
activate 9200 
active 9168 9295 
activities 9182 9244 9269 
activity 9189 9244 
adage 9275 
adar 9179 9221 
add 9293 
added 9180 9184 9194 9202 9203 9215 9220 9226 9275 9298 9300 
adding 9202 9220 
addition 9213 
additional 9211 9290 
address 9183 
addressing 9174 
adhesives 9259 
adjusted 9178 9187 9235 9240 
administration 9262 
adopted 9203 
adoption 9203 
advanced 9170 
advances 9297 
adverse 9166 9222 
adversely 9213 
advise 9205 
advisory 9215 9225 
aerial 9208 
affairs 9247 
affect 9213 
affected 9227 9289 
affecting 9192 
affects 9227 
affiliates 9246 
afghan 9179 9221 
afghanistan 9179 9221 
african 9209 
afternoon 9197 
ag 9175 9185 9188 9204 9212 9281 
agency 9170 9179 9213 9221 9257 
aggressively 9224 
agip 9279 
ago 9181 9206 9240 9244 
agree 9215 
agreed 9208 9215 9220 9225 9283 9285 
agreement 9199 9203 9220 9258 9279 9288 9295 9296 9298 
agricultural 9175 
agriculture 9201 9290 
ahc.n 9279 
ahead 9180 9223 9228 9256 9275 
aimed 9166 9172 9197 9213 9222 
aiming 9191 
air 9179 9199 9208 9209 9241 
aircraft 9179 9199 9208 9223 9241 9247 
airline 9199 
airlines 9241 9292 
airport 9186 9223 
airways 9206 9223 9275 
akzo 9175 
akzo.as 9175 
al-awsat 9293 
al-bukhoosh 9208 
al-sharq 9293 
alan 9300 
alberta 9260 
alexandria 9193 
ali 9209 
allegations 9247 
alleged 9230 
alliance 9275 9292 
allied 9182 9247 
allocate 9164 
alloy 9195 
am-britain-contras 9247 
amalgamation 9283 
amd 9216 
amerada 9279 
america 9298 
american 9170 9175 9192 9213 9247 9259 9263 9269 9298 
americans 9184 
amines 9175 
amnount 9280 
amount 9191 9211 9214 9277 
amounting 9206 
amounts 9188 9209 9295 
amp 9202 
analyst 9253 9275 
analysts 9182 9244 9275 9298 
analyzing 9297 
anecdotal 9244 
angeles 9233 9250 
angur 9179 9221 
anibal 9248 
animal 9180 
anniversary 9195 
announce 9225 
announced 9225 9228 9234 9277 9279 9286 9289 9290 9297 
announces 9248 
annual 9170 9172 9180 9182 9225 9253 9256 9259 9281 9286 
annually 9205 
answer 9188 
anthony 9286 
anti- 9247 
anti-aircraft 9208 9209 
antibodies 9297 
anticipating 9211 
antonio 9292 
ap 9292 
apology 9300 
apparatus 9205 
apparent 9295 
appleton 9182 
applicants 9279 
applications 9279 
applied 9180 9244 
apply 9275 
appointed 9269 9279 
approval 9186 9203 9211 9230 9239 9258 9262 9283 
approved 9195 9212 9247 9258 9262 9269 
april 9167 9181 9198 9211 9212 9216 9219 9240 9255 9266 9268 9271 9272 9275 9279 9281 9284 9290 
aquitaine 9279 
arab 9170 9208 
arabia 9170 9293 
arabian 9170 
arabic 9293 
arc 9205 
arc.n 9279 
arco 9279 
area 9242 9279 
areas 9209 
argo 9298 
argos 9182 
arm 9234 9292 
armed 9209 
arms 9247 
army 9209 
arranged 9168 9244 9295 
arrangement 9215 9225 
arrangements 9280 
arranger 9168 9200 
arrival 9193 
as-yet 9275 
asia 9212 
asia-pacific 9253 
asian 9203 9237 9244 
asked 9166 9220 9222 
asks 9166 9222 
assests 9176 
asset 9180 9296 9300 
assets 9172 9176 9237 9283 9296 
assistance 9296 
associates 9251 9283 
association 9170 9240 9253 9296 
associations 9213 
assured 9203 
astral 9210 9277 
asturias 9292 
atlanta 9267 
atlantic 9279 
attack 9208 
attacked 9208 
attempt 9295 9297 
attempts 9172 
attend 9170 
attorney 9300 
attract 9174 
attractive 9211 
attributable 9177 
attributed 9181 9202 9224 
audio/video 9246 
august 9207 9281 
australia 9190 9253 
australian 9190 9253 
author 9170 9180 9203 9225 9244 9275 
authorise 9207 
authorities 9180 
authority 9180 
automobile 9192 
automotive 9175 9204 
autumn 9279 
avatar 9278 
avenue 9174 9182 
average 9227 9244 
avg 9231 9235 9250 9267 9274 9287 
aviation 9283 
avoid 9170 9184 9293 
avtr 9278 
awaiting 9211 
award 9207 
awarded 9205 9279 
awards 9279 
azraai 9174 
bab.l 9275 
babcock 9185 9187 9192 
babk.l 9187 9192 
bache 9212 
back 9202 9214 9224 9275 
bad 9213 
bahrain 9170 
bahrain-based 9170 
baht 9211 
baker 9220 
balance 9174 9229 9277 9298 
balancers 9201 
balfour 9228 
bancorp 9266 
bangkok 9211 9227 
bank 9164 9167 9168 9170 9173 9174 9176 9178 9180 9184 9188 9211 9212 9214 9215 9216 9217 9218 9219 9220 9224 9225 9232 9244 9249 9251 9261 9281 9284 9295 9299 
bankers 9170 9200 9211 9215 9225 9244 
banking 9170 9178 9269 9283 
bankruptcy 9280 
banks 9167 9170 9174 9176 9188 9203 9211 9212 9214 9215 9219 9224 9225 9244 9295 
bankverein 9281 
banner 9289 
bare 9300 
barents 9279 
barney 9212 
barrel 9293 
barrels 9208 9253 
base 9165 9168 9170 9209 9275 
based 9196 9234 9289 9296 
bases 9174 
basf 9175 
basf.f 9175 
basic 9205 
basin 9253 
basins 9253 
basis 9189 9210 9225 9229 9246 9269 9277 9291 
basket 9170 
basle 9204 
bass 9253 
bat 9182 
battle 9172 9209 
batus 9182 
bc- 9262 9273 9287 
bc-****** 9282 
bc-******dixons-said-it 9243 
bc-******waste-managemen 9264 
bc-abbey-national-has-on 9168 
bc-abu-dhabi-to-reopen-g 9208 
bc-afghan-bombing-toll-a 9221 
bc-american-resource 9263 
bc-american-resourcesets 9269 
bc-avatar-holdings-inc- 9278 
bc-babcock-expects-furth 9192 
bc-babcock-international 9187 
bc-babcock-unit-wins-ord 9185 
bc-bank-of-england-does 9218 
bc-bank-of-england-drain 9299 
bc-bank-of-japan-to-sell 9167 9219 
bc-bank-of-thailand-plan 9211 
bc-basf-u.s.-profit 9175 
bc-bat-sees-strong-perfo 9182 
bc-belgian-public-debt-r 9191 
bc-belgolux-trade-swings 9171 
bc-bicc-plc- 9177 
bc-bicc-seeks-accelerate 9228 
bc-brazil-announces-new 9248 
bc-brazil/bank-committee 9215 
bc-brierley-offer-for-pr 9277 
bc-british-compound-feed 9201 
bc-brockway-air-to-buy-f 9199 
bc-bundesbank-buys-dolla 9295 
bc-cargill-u.k.-strike-t 9197 
bc-ccc-accepts-bonus-bid 9290 
bc-central-banks-buy-dol 9224 
bc-china's-premier-zhao 9183 
bc-china-must-cut-demand 9180 9256 
bc-china-must-reform-irr 9226 
bc-china-to-tighten-impo 9194 9254 
bc-ciba-geigy 9204 
bc-citibank-launches-cur 9173 9249 
bc-core-mark-intn'l 9286 
bc-cpc- 9298 
bc-crossland-savings- 9296 
bc-danish-february-consu 9165 
bc-dart-group-raises-sup 9230 
bc-delta-group- 9189 
bc-disney- 9236 
bc-dixons-gets-only-20-p 9246 
bc-duriron- 9239 
bc-e.d.-and-f.-man-to-bu 9234 
bc-egypt-buys-46,000-ton 9193 
bc-enserch-issues-100-ml 9169 9276 
bc-enterra-corp- 9237 
bc-exchange-rates-almost 9220 
bc-foreign-brokers-get-m 9212 
bc-general-computer-corp 9274 
bc-general-electric- 9297 
bc-guinness-seeks-u.k.-i 9172 
bc-h.k.-official-defends 9300 
bc-horizon-bank- 9284 
bc-inspectorate-issues-2 9281 
bc-intel- 9291 
bc-japan-asks-traders 9166 9222 
bc-japan-buys-modest-amo 9214 
bc-japan-does-not-intend 9216 
bc-jardine-to-join-conso 9186 
bc-jefferies- 9233 
bc-johnstown/consolidate 9238 
bc-kaufman-and-broad-hom 9250 
bc-kloeckner-und-co's-19 9202 
bc-krupp-to-build-south 9205 
bc-london-on-rise-as-tra 9244 
bc-malaysia's-foreign-bo 9174 
bc-march-prices-fell-in 9294 
bc-matsushita-to-issue-2 9245 
bc-mcfarland- 9258 
bc-metro-cable- 9251 
bc-middle-east-currency 9170 
bc-mixed-asian-reaction 9203 
bc-national-data-corp- 9267 
bc-nippon-steel-to-reduc 9181 
bc-norway-issues-60-bill 9198 
bc-norway-offers-11th-li 9279 
bc-nvhomes- 9268 
bc-ocean-transport-and-t 9229 
bc-oil-analyst-sees-papu 9253 
bc-olson- 9232 
bc-olson-industries-inc 9231 
bc-one-valley-bancorp- 9266 
bc-oracle-corp- 9235 
bc-pakistan-says-afghan 9179 
bc-paloma-petroleum-ltd 9260 
bc-perception-technology 9280 
bc-placer-pacific-says-b 9190 
bc-rainbow-lifts-progres 9210 
bc-renouf-has-93.4-pct-o 9252 
bc-reuters-to-buy-i-p-sh 9283 
bc-rexnord- 9289 
bc-rowley-scher- 9242 
bc-saab-scania-launches 9200 
bc-severe-drought-affect 9227 
bc-singapore-gdp-to-grow 9196 
bc-singer- 9241 
bc-spain's-socialist-tra 9292 
bc-swire-expects-continu 9206 
bc-swire-uncommitted-on 9223 
bc-swiss-bank-net-foreig 9176 
bc-taiwan-money-supply-r 9178 
bc-taiwan-sees-its-inves 9184 
bc-thatcher-defends-uk-o 9293 
bc-thomson-mckinnon-inco 9272 
bc-thomson-mckinnon-u.s. 9271 
bc-timminco-acquires 9259 
bc-u.k.-money-market-for 9217 
bc-u.k.-money-market-sur 9261 
bc-uk-equities-seen-due 9275 
bc-uncertainty-surrounds 9207 
bc-united-medical- 9288 
bc-usair-group-inc- 9255 
bc-vanguard-technologies 9270 
bc-veba-placement-contin 9188 
bc-washington-federal-sa 9240 
bc-waste- 9285 
bc-west-german-coffee-im 9265 
bc-west-germans-to-mint 9195 
bc-yen-may-rise-to-140-t 9213 
bc-yugoslavia-seeks-600 9257 
bcil 9300 
beatty 9228 
began 9214 
begins 9170 
begun 9175 
behalf 9224 9244 
belfast-based 9247 
belgian 9191 
belgium 9171 9191 
belgo-luxembourg 9171 
belgolux 9171 
belgrade 9257 
belief 9275 
believed 9275 
bell 9190 
bellingham 9284 
belmont 9235 
beltsville 9242 
benchmark 9211 
benefit 9203 
benefits 9180 
benequity 9252 
benson 9212 
bermuda 9186 
bh 9252 
bicc 9177 9228 
bicc.l 9177 9228 
bid 9210 9230 9233 9246 9277 9290 
big 9188 9190 9206 
bil 9210 9277 
bill 9167 9219 
billion 9164 9167 9168 9170 9171 9174 9175 9176 9177 9178 9181 9182 9184 9186 9187 9191 9194 9198 9206 9211 9215 9219 9223 9225 9228 9230 9244 9245 9275 9296 9298 
bills 9167 9219 9299 
bioreactor 9297 
bit 9206 
bkb 9251 
blah 9243 9264 9282 
blamed 9208 
block 9185 9279 
blocks 9279 
blood 9262 9297 
blowpipe 9247 
blowpipes 9247 
bnr 9289 
board 9172 9192 9230 9258 9268 9269 9284 9286 
bombers 9209 
bombing 9221 
bond 9169 9211 9212 9244 9245 9276 9281 9300 
bonds 9211 9212 9244 
bonn 9195 
bonus 9178 9180 9256 9290 
bonuses 9180 
book 9170 
books 9188 
boost 9174 9213 
boosted 9175 
boosting 9170 9213 
boris 9257 
borrow 9203 9211 9281 
borrower 9244 
borrowing 9174 9275 
borrowings 9174 
borsig 9185 
boston 9212 9242 9251 
bought 9175 9210 9214 9295 
bound 9226 
bourgeois 9183 
bp 9279 
bp.l 9275 9279 
bpd 9208 9253 
bradenton 9296 
branch 9170 9296 
brasileiro 9279 
brasilia 9248 
brazil 9215 9225 9248 
brazil/bank 9215 
brazilian 9215 9225 
breakdown 9189 
breakthrough 9225 
breathe 9180 
brgs.l 9275 
bridge 9208 
brierley 9210 9277 
bright 9174 
bring 9203 9213 9220 
bringing 9213 
brining 9242 
britain 9201 9216 9220 9247 
british 9201 9228 9247 9275 9279 9286 9293 9295 
broad 9250 
brockway 9199 
brokerage 9234 
brokers 9164 9212 9214 9244 9275 
brook 9285 
brookfield 9289 
brothers 9168 9169 9212 9244 9247 9269 9276 9291 
brown 9182 
brussels 9171 9191 9257 
bsc 9170 
bti.l 9182 
budget 9174 9180 9256 9275 
budgeted 9298 
buffer 9203 
build 9185 9186 9205 
building 9168 
built 9275 
bulk 9193 9203 
bull 9275 
bumpei 9213 
bundesbank 9282 9295 
buoyant 9228 
burbank 9236 
burlington 9199 
burnham 9212 
burns 9269 
business 9170 9175 9176 9181 9182 9188 9193 9196 9206 9213 9232 9244 9298 
businesses 9184 9298 
businessman 9213 
businessmen 9194 9254 
busy 9170 
buy 9199 9224 9234 9258 9283 9285 9295 
buyer 9251 
buying 9203 9214 9224 
buys 9193 9214 9282 9295 
ca 9275 
cabinet 9195 9203 
cable 9228 9251 
cables 9228 
cablevision 9251 
cadafe 9185 
calendar 9175 9184 
calgary 9260 
calif 9236 
calif. 9231 9232 9235 9236 9238 9258 
california 9252 9296 
call 9170 9173 9249 9275 9292 
called 9215 9220 9251 
calls 9213 9275 
cambiste 9170 
campaign 9275 
canada 9216 9220 9251 9259 9260 9263 9269 9283 9286 
canadian 9283 
canadian-based 9259 
canton 9280 
capable 9253 
capacity 9174 9175 9203 9205 9226 9296 
capel 9275 
caph.hkg 9206 9223 
capita 9180 9256 
capital 9168 9170 9180 9202 9206 9211 9232 9245 9251 9256 9298 
capitalisation 9184 
capitalized 9235 
capture 9209 
captured 9209 
care 9205 
careful 9226 9293 
cargill 9197 
carolina 9175 
carr 9212 
carried 9170 9203 9215 
carries 9281 
carry 9211 
carrying 9169 9276 
case 9281 9300 
casey 9247 
cash 9182 9203 9230 9232 9275 9277 9283 9296 9298 
casualty 9209 
cathay 9206 9223 
cathay's 9206 
cattle 9290 
cattle/calf 9201 
caused 9183 
cayacq 9246 
ccc 9290 
cd 9168 
ceiling 9211 9292 
ceilings 9180 
celanese 9175 
cement 9180 
cent 9273 
center 9253 
centers 9242 
central 9178 9192 9209 9211 9214 9215 9216 9220 9224 9225 9261 9279 9295 
centre 9175 9184 9244 
centres 9170 
certificate 9281 
certificates 9167 9202 9219 9268 9281 
chad 9209 
chadian 9209 
chainat 9227 
chairman 9172 9182 9186 9206 9223 9286 9296 9300 
chaiyaphum 9227 
chance 9203 
chances 9275 
change 9165 9170 9216 9298 
changed 9244 
chaos 9180 
character 9236 9275 
charge 9232 9280 
charged 9211 
charleston 9266 
chase 9275 
cheap 9213 
cheaper 9170 
chem 9285 
chemical 9228 9244 9259 
chemicals 9204 
chemlawn 9264 9285 
cheung 9186 9223 
chief 9210 9244 9269 9277 9286 9296 
china 9180 9183 9186 9194 9206 9223 9226 9254 9256 
chinese 9183 9186 
christopher 9296 
cia 9247 
ciba-geigy 9204 
cie 9279 
cigz.z 9204 
circulation 9180 9226 
citibank 9173 9225 9249 
citicorp 9168 9173 9246 9249 
cities 9180 
city 9296 
ckgh.hkg 9186 9223 
claims 9247 
class 9230 9268 9269 
clayton 9220 
clear 9207 9275 
clearing 9170 
climbed 9176 
close 9188 9220 9225 9228 9293 9298 
closed 9169 9170 9188 9245 9276 9292 
closely 9216 9220 
closing 9288 
co-general 9251 
co-managed 9291 
coal 9180 9292 
coffee 9265 
cohen 9244 
coin 9195 
coinciding 9292 9293 
collapse 9203 
collecting 9244 
collins 9277 
colo. 9251 
colonel 9209 9247 
colorado 9251 
columbia 9286 
combination 9180 
combine 9289 
combined 9169 9186 9198 9223 9230 9258 9276 9281 9296 
command 9209 
commander 9209 
commemorating 9195 
comment 9224 9295 
commented 9179 9221 
commercial 9167 9170 9211 9215 9219 9225 9293 
commission 9207 9246 9247 
commit 9203 
commitment 9174 9190 9212 
committee 9215 9216 9225 
commodities 9213 9234 9290 
commodity 9180 9226 9234 9290 
common 9170 9230 9246 9258 9283 9289 
commonplace 9244 
communicated 9215 
communications 9287 
community 9195 9257 
compagnie 9208 
companmy 9246 
company 9172 9175 9181 9185 9196 9197 9202 9205 9206 9210 9223 9228 9229 9230 9232 9236 9241 9242 9246 9247 9258 9259 9262 9269 9277 9279 9281 9283 9286 9289 9296 9297 9298 
company's 9172 
comparable 9281 9291 
compared 9174 9191 9196 9201 9206 9283 
compares 9181 
competition 9180 
competitor 9244 
complement 9259 
complete 9215 
completed 9175 9186 9239 9289 
completely 9170 
completes 9239 
completing 9298 
completion 9206 9246 9257 9283 
comply 9215 
component 9201 
components 9201 
compound 9201 
compounds 9201 9204 
comprise 9186 9198 
comprised 9193 
compromise 9197 
computer 9274 
concentrate 9232 
concentrates 9201 
concentration 9190 
concern 9203 9293 
concerned 9220 
concert 9295 
concession 9169 9198 9276 9279 
conclusion 9203 
condensates 9253 
condition 9213 
conditions 9180 9246 
conduct 9230 
conducted 9166 9222 
conference 9170 9216 9223 9244 9253 9292 
confidence 9203 9230 9275 9292 
confirmation 9224 
confirmed 9292 
conflict 9210 
congress 9170 9180 9183 9194 9254 9256 
conn. 9241 
connected 9215 
connecting 9175 
connection 9296 
conoco 9279 
conscious 9174 
conservative 9275 
conservatives 9275 
considerable 9207 
consideration 9166 9222 
considered 9220 9294 
consolidated 9190 
consolidating 9174 
consortium 9170 9186 9188 9205 9223 
construction 9180 9190 9194 9205 9256 9281 9292 
consultation 9295 
consultations 9295 
consumer 9165 9180 9236 9256 9293 
consumers 9203 
consumption 9180 9213 9226 9256 
contact 9295 
contained 9230 
continental 9241 
contingency 9203 
continuation 9180 
continue 9174 9180 9192 9203 9211 9213 9225 9226 9256 9275 9286 
continued 9170 9206 9244 9275 
continues 9188 
continuing 9275 9298 
contra 9247 
contract 9180 9241 
contracted 9194 
contraction 9174 9196 
contradiction 9180 9256 
contras 9247 
contributed 9166 9222 9293 9296 
contributions 9203 
control 9194 9226 9254 
controls 9223 
conventional 9185 
conversion 9169 9245 9276 9296 
convert 9211 
converted 9205 9296 
converter 9205 
convertible 9169 9245 9276 9281 
converting 9211 
cooled 9180 9256 
cooling 9205 
cooperate 9220 9295 
cooperated 9220 
cooperation 9170 9295 
cope 9213 
copenhagen 9165 
copper 9195 
coral 9278 
core-mark 9286 
corn 9298 
corp. 9291 
corporate 9189 9269 9275 9289 9298 
corporation 9290 
correct 9180 9226 
correction 9275 
correspondents 9203 
corrupt 9180 9256 
cost 9180 9193 9194 9204 9213 9254 9256 9281 9294 
costa 9212 
costs 9194 9206 9213 9235 9298 
council 9170 9180 9203 9300 
counseling 9289 
counterparty 9244 
countries 9203 9283 9293 9295 
country 9194 9209 9226 9247 9254 9279 
countryside 9180 
county 9244 
coupled 9206 
coupon 9169 9211 9245 9276 9281 
court 9172 9280 
cover 9202 9290 
covering 9279 9283 
cpc 9298 
cpi 9165 9294 
cr 9296 
craig 9210 
crandall 9244 
create 9180 9184 
created 9202 
creation 9203 
credit 9180 9215 9225 9290 
creditors 9215 9225 
credits 9231 9273 9278 
crew 9241 
crisis 9183 9213 
crld 9296 
crops 9227 
crossland 9296 
crude 9181 9193 9208 9253 9279 9293 
curb 9180 
curbed 9183 
currencies 9170 9211 9220 9295 
currency 9166 9170 9173 9178 9211 9214 9216 9220 9222 9228 9244 9249 9295 
current 9174 9181 9203 9220 9233 9235 9275 9298 
customer 9280 
customs 9180 9256 
cut 9166 9174 9180 9184 9191 9194 9206 9211 9212 9213 9216 9222 9254 9256 9275 9289 9292 9298 
cuts 9191 9292 
cutting 9216 
cyclops 9243 9246 
cyl 9246 
czechoslovak-made 9209 
da 9212 
daily 9211 9244 9277 9293 
daim 9174 
dairy 9290 
daiwa 9245 
damaged 9208 9227 
damaging 9213 
damping 9275 
daniel 9286 
danish 9165 
dart 9230 
data 9244 9267 
database 9283 
david 9244 9286 
day 9173 9208 9249 9253 9281 
days 9188 9200 9208 9210 9215 9225 9279 
dayton 9239 
dbcg.f 9185 
dbkg.f 9188 
dd.n 9279 
de 9248 9279 
dead 9209 
deal 9244 9291 9298 
dealer 9168 9170 9214 9244 9295 
dealers 9170 9200 9214 9216 9224 9228 9244 9282 9295 
dealing 9170 
deals 9244 
death 9221 
debate 9170 9292 
debated 9170 
debit 9189 9229 
debt 9169 9174 9182 9191 9203 9215 9225 9230 9232 9244 9251 9276 9298 
debts 9174 
dec 9273 
decade 9170 9223 
decaffeinated 9265 
decelerate 9174 
december 9171 9174 9183 9190 9203 9245 
decided 9212 9246 9300 
decision 9170 9172 9211 9212 9215 9225 9300 
decisions 9244 9293 
declare 9225 
declared 9268 9284 
decline 9202 9279 
declined 9170 9204 9215 9223 9224 9225 9295 
declines 9202 
declining 9174 
deep 9180 9223 
deep-water 9186 
defences 9208 
defend 9295 
defends 9293 9300 
deficit 9171 9174 9180 9194 9256 9295 
deficits 9174 9180 9256 
definitive 9258 9288 9298 
deflationary 9216 
delivered 9193 9199 
delivery 9290 
delta 9189 
demagogy 9292 
demand 9170 9180 9181 9213 9228 9253 9256 
demands 9292 
deminex 9279 
demonstrations 9183 
den 9279 
denied 9293 
denmark 9165 
denominated 9168 
denominations 9198 9200 9281 
department 9290 
departments 9180 
depend 9280 
depends 9213 
deposit 9167 9168 9170 9219 
deposits 9170 
depot 9206 
depressed 9203 9206 
depressing 9213 
depression 9203 
deprived 9209 
deputy 9184 9209 9257 
des 9208 9279 
designed 9262 
desire 9170 9210 
desk 9244 
destroyed 9208 
detailed 9201 
details 9196 9225 9242 
detect 9297 
detection 9208 
determination 9295 
determined 9228 9293 
deutsche 9185 9188 9212 
deutschland 9281 
develop 9180 9190 9206 9234 9297 
developed 9180 9230 
development 9174 9180 9182 9184 9186 9203 9206 9223 9225 9229 9253 9279 
developments 9215 9216 9220 9225 
dhabi 9170 9208 
diabetics 9262 
diagnostic 9262 
dick 9244 
died 9179 
difference 9244 
differential 9180 
difficult 9170 
dilson 9248 
diluted 9246 
dinar 9170 
diplomats 9208 
direct 9203 
direct-dealing 9244 
direction 9244 
director 9172 9184 9269 
dis 9236 
disagreed 9248 
disclose 9242 
disclosed 9251 
discontinued 9231 
discount 9167 9216 9219 
discounted 9200 9275 
discourage 9211 
discovery 9253 
discuss 9225 
discussed 9170 9247 
discussions 9170 
disease 9297 
dismissed 9247 
disney 9236 
dispelled 9203 
dispute 9207 9295 
disrupting 9275 
distillers 9172 
distortion 9300 
distributed 9253 9268 
distribution 9288 
districts 9227 
disturbing 9180 
div 9177 9187 9189 9229 9240 9255 9266 9271 9272 
divergence 9170 
diversified 9281 
diversify 9180 
dividend 9181 9202 9271 9272 
divides 9209 
division 9259 
divisions 9206 
dixons 9243 9246 
dizzy 9275 
dlr 9166 9168 9169 9186 9200 9213 9214 9222 9223 9224 9225 9237 9244 9263 9276 9282 9295 9296 
dltl.l 9189 
dmn 9251 
dockyard 9206 
document 9184 
dollar 9166 9167 9170 9182 9202 9213 9214 9219 9220 9222 9224 9230 9295 
dollar/yen 9220 
dollars 9168 9173 9214 9220 9224 9249 9282 9295 
domestic 9196 9202 9213 9245 9253 9279 
domestically 9194 9254 
dominated 9170 
donaldson 9244 
double 9182 9184 9259 
doubtful 9213 
douglas 9241 
doum 9209 
downtown 9242 
downturn 9213 
downward 9275 
drained 9299 
drains 9299 
dramatic 9215 9225 
dresdner 9212 
drew 9212 9244 9275 
drexel 9212 
drinks 9234 
drive 9214 
driving 9275 
drop 9224 9228 9275 
dropped 9170 9182 9246 
drought 9227 
drug 9262 
drums 9193 
drying 9275 
du 9279 
due 9166 9167 9169 9174 9176 9184 9198 9205 9207 9212 9213 9219 9222 9226 9228 9275 9276 9280 9291 9294 9299 
duesseldorf 9294 
duisburg 9202 
dunbar 9182 
durham 9175 
duri 9239 
duriron 9239 
dust 9205 
dutch/shell 9279 
duties 9180 9256 
e.d 9234 
e.f. 9212 
e.i 9279 
eagle 9182 
earlier 9171 9180 9181 9182 9206 9207 9212 9217 9218 9223 9228 9261 9265 9277 9285 9294 9295 9299 
early 9223 9227 9253 9279 
earn 9175 9177 9181 9182 9187 9189 9190 9192 9194 9202 9206 9228 9229 9231 9232 9235 9237 9238 9240 9242 9250 9255 9260 9263 9266 9267 9268 9270 9271 9272 9273 9274 9278 9280 9284 9287 
earnings 9174 9180 9206 9228 9242 9256 9275 9280 
eased 9216 
east 9170 9190 9212 9227 
east-west 9253 
eastern 9227 9251 9279 
ec 9195 9207 9257 
ecolab 9285 
economic 9171 9180 9184 9190 9213 9215 9216 9220 9226 9248 9256 9275 
economics 9244 9283 
economist 9170 9244 9248 
economy 9166 9174 9180 9196 9213 9216 9222 9256 9275 
ecu 9257 
ecuador-level 9253 
ecus 9207 9257 
edition 9195 
edward 9286 
effect 9275 
effective 9170 9180 
effectively 9226 
effects 9166 9222 9232 9293 
effort 9244 9292 
efforts 9174 9184 
egg 9232 
eggar 9247 
egypt 9193 9290 
elaborate 9180 9223 
elapsed 9225 
election 9275 
electric 9245 9297 
electrical 9189 9205 
electricity 9185 9192 
electronic 9204 
electronics 9184 9194 9254 
eleventh 9279 
elf 9279 
elfp.pa 9279 
eliminate 9232 
eliminated 9242 
emerged 9221 
emeryville 9238 
emirates 9170 9208 
employ 9213 
employees 9289 
employers 9213 
en 9237 
enabled 9182 
enables 9229 
encompass 9220 
encourage 9180 9184 
encouragement 9275 
encouraging 9190 
encumbrance 9203 
end 9170 9183 9185 9207 9210 9220 9275 9289 9294 9298 
end-1985 9170 
end-1986 9283 
end-february 9178 
end-september 9170 
ended 9201 9280 9285 
ending 9181 9197 9213 9242 
endorsing 9215 
ends 9264 9285 
enemy 9208 
energy 9180 9226 9253 9256 9258 9279 9283 
engage 9269 
engineering 9189 9204 9205 9223 
england 9217 9218 9224 9261 9295 9299 
englewood 9251 
enhancement 9290 
enjoys 9253 
enka 9175 
enlarged 9206 
enormous 9180 9256 
enserch 9169 9276 
enskilda 9200 
ensure 9203 
enter 9203 
entered 9230 9251 9262 
enterprises 9174 9180 9210 9213 9234 9277 
enterra 9237 
enthusiasm 9275 
entitled 9202 
entitles 9281 
environment 9194 9254 
equal 9244 
equalling 9281 
equals 9245 
equipment 9189 9205 9208 9280 
equities 9275 
equity 9182 9263 9281 
equivalent 9170 
erected 9205 
ernest 9172 
esmah 9290 
essen 9205 
esso 9279 
est 9246 
establish 9204 9226 
establishing 9200 
estate 9206 9216 
estimate 9218 9244 9261 
estimated 9167 9181 9190 9211 9217 9219 9244 9299 
estimates 9174 9196 9244 9253 
euphoria 9275 
euro 9168 
euro-certificate 9168 
euro-commercial 9200 
euro-cp 9200 
eurobond 9198 9244 9281 
europe 9204 
european 9170 9192 9195 9207 9244 9257 9298 
evaluation 9190 
events 9277 
evidence 9244 9247 9300 
exact 9280 
exceeds 9174 9180 9256 
excellent 9228 
excess 9167 9180 9211 9219 9256 
excessive 9166 9180 9222 9226 9256 
excessively 9180 9256 
exchange 9166 9167 9169 9170 9180 9182 9191 9194 9210 9211 9219 9220 9222 9245 9246 9254 9256 9258 9276 9283 9297 
exchangeable 9230 
exciting 9253 
excludes 9231 9278 
excluding 9175 
exco 9244 
executive 9210 9244 9269 9277 9286 9296 
executived 9296 
executives 9230 
exercisable 9281 
exercise 9173 9249 9281 
exercised 9281 
exercising 9281 
exerting 9225 
exhaust 9205 
existing 9203 9205 9206 
expand 9180 9194 9212 9254 9259 9269 
expanding 9190 
expansion 9175 9206 9259 
expect 9170 9215 9216 9220 9225 9253 
expectations 9182 9228 
expected 9164 9170 9174 9175 9181 9184 9192 9196 9203 9207 9216 9269 9279 9288 9289 9298 
expects 9186 9192 9206 9216 9232 9242 9246 9280 9298 
expenditure 9174 
expenditures 9174 
expensive 9170 9203 9223 
experienced 9213 
experimental 9236 9297 
expire 9164 
expired 9246 
expires 9203 9211 
explained 9244 
exploit 9180 
exploration 9253 9279 
export 9174 9194 9207 9254 9290 
export-oriented 9257 
exporter 9253 
exporters 9166 9213 9222 9253 
exports 9171 9180 9194 9203 9207 9254 9256 
exposed 9209 
exposure 9170 
expressed 9203 9225 
extend 9225 
extended 9211 
extending 9246 
extension 9215 
extent 9180 9203 9256 9280 
external 9174 
extra 9210 
extraordinary 9189 9206 9229 
extruded 9205 
exxon 9279 
f. 9234 
f0225 9165 
f0232 9166 
f0236 9167 
f0247 9168 
f0266 9169 
f0267 9170 
f0270 9171 
f0274 9172 
f0279 9173 
f0293 9175 
f0306 9176 
f0307 9177 
f0309 9178 
f0314 9179 
f0316 9180 
f0318 9181 
f0320 9182 
f0331 9183 
f0332 9184 
f0339 9185 
f0356 9186 
f0357 9187 
f0362 9188 
f0364 9189 
f0367 9190 
f0373 9191 
f0374 9192 
f0384 9193 
f0401 9194 
f0405 9195 
f0408 9196 
f0412 9197 
f0419 9198 
f0424 9199 
f0430 9200 
f0436 9201 
f0437 9202 
f0441 9203 
f0442 9204 
f0446 9205 
f0455 9206 
f0465 9207 
f0467 9208 
f0489 9209 
f0492 9210 
f0495 9211 
f0498 9212 
f0502 9213 
f0516 9214 
f0520 9215 
f0524 9216 
f0527 9217 
f0528 9218 
f0530 9219 
f0534 9220 
f0538 9221 
f0540 9222 
f0546 9223 
f0552 9224 
f0555 9225 
f0570 9226 
f0578 9227 
f0593 9228 
f0620 9229 
f0641 9230 
f0654 9231 
f0656 9232 
f0658 9233 
f0671 9234 
f0679 9235 
f0681 9236 
f0682 9237 
f0683 9238 
f0687 9239 
f0689 9240 
f0692 9241 
f0698 9242 
f0704 9243 
f0711 9244 
f0722 9245 
f0727 9246 
f0742 9247 
f0745 9248 
f0747 9249 
f0752 9250 
f0755 9251 
f0757 9252 
f0759 9253 
f0766 9254 
f0784 9255 
f0800 9256 
f0807 9257 
f0811 9258 
f0812 9259 
f0813 9260 
f0823 9261 
f0824 9262 
f0825 9263 
f0838 9264 
f0844 9265 
f0845 9266 
f0846 9267 
f0847 9268 
f0848 9269 
f0853 9270 
f0854 9271 
f0855 9272 
f0856 9273 
f0859 9274 
f0860 9275 
f0866 9276 
f0868 9277 
f0870 9278 
f0873 9279 
f0881 9280 
f0895 9281 
f0896 9282 
f0901 9283 
f0916 9284 
f0921 9285 
f0923 9286 
f0928 9287 
f0930 9288 
f0931 9289 
f0932 9290 
f0935 9291 
f0940 9292 
f0945 9293 
f0952 9294 
f0956 9295 
f0957 9296 
f0958 9297 
f0959 9298 
f0967 9299 
f0968 9300 
face 9180 9203 9256 
facie 9300 
facilitate 9296 
facilities 9205 9208 
facility 9211 
fact 9208 
factor 9206 
factors 9275 
fahd 9293 
fail 9225 
failed 9180 9197 9224 9225 
failing 9183 
failure 9180 9256 
fairfax 9270 
fall 9165 9166 9180 9202 9209 9213 9220 9222 9226 9256 9275 9293 9295 
fallen 9294 
falling 9295 
falls 9202 
families 9227 
family 9202 
fanciful 9247 
farm 9180 9226 
farming 9227 
farmlands 9227 
faster 9178 
fata 9192 
favourable 9194 9254 
favourably 9174 
faya 9209 
fda 9262 
fe 9258 
fear 9203 
fears 9203 
feasibility 9190 
featuring 9236 
feb 9235 9250 9267 9274 
february 9165 9178 9191 9220 9225 9289 9295 
federal 9174 9240 9244 9265 9294 9295 9296 
federation 9213 
fee 9169 9276 
feed 9201 
fees 9198 9281 
felipe 9292 
fell 9165 9166 9171 9178 9202 9203 9207 9222 9265 9294 
fence 9223 
fereidun 9253 
fesharaki 9253 
fewer 9170 
fiduciary 9176 
field 9208 9253 9259 9279 
fields 9204 
fierce 9209 
fight 9275 
fighter 9209 
figure 9191 
figures 9170 9196 9201 9202 9244 9265 9294 
filed 9269 
filters 9205 
fina 9279 
final 9170 9177 9192 9232 9269 9279 
finance 9168 9170 9174 9189 9191 9195 9203 9211 9212 9248 9257 9269 9281 9283 
finances 9180 9256 
financial 9170 9180 9182 9203 
financially-strapped 9203 
financing 9167 9191 9203 9219 9246 9251 
find 9190 9220 9253 
firm 9186 9199 9204 9206 9234 9244 9300 
firmed 9182 9246 
firms 9180 9194 9204 9212 9244 9256 
fisheries 9180 
fit 9205 9283 9297 
five-day 9292 
five-year 9175 9184 9281 
fixed 9180 9188 9203 9208 9220 9281 
fixing 9211 
fla. 9278 9296 
flat 9217 9218 
fleet 9206 
fleming 9212 
flight 9241 
flights 9206 
floated 9206 
floating 9180 
florida-based 9296 
flow 9182 9232 9275 9298 
flows 9253 
fluctuate 9166 9222 
fluctuations 9182 9191 9203 
follow 9275 
food 9184 9262 
foot 9236 
forbid 9194 9254 
force 9170 9203 9209 9275 
forced 9211 
forces 9203 
ford 9244 
forecast 9184 9196 9217 9218 9261 
forecasts 9181 
foreign 9166 9167 9170 9174 9176 9180 9191 9194 9211 9212 9219 9222 9225 9247 9254 9256 9279 9283 
foresee 9170 
foresees 9174 
forestry 9180 
form 9170 9200 9277 9290 
formal 9203 
formally 9203 
formation 9170 
forming 9244 
forward 9206 
fossil-fired 9192 
foster 9295 
foulkes 9247 
foundation 9180 9247 
foundations 9202 
founded 9190 
fourth 9176 
francaise 9208 9279 
france 9216 9220 9279 
francisco 9215 9225 
francs 9171 9176 9191 9281 
frankfurt 9188 9281 9282 9295 
free 9203 
free-fall 9220 
freeport 9175 
freeze 9172 
freezing 9225 
freight 9193 
french 9209 9279 
frequent 9295 
friday 9170 9203 9246 9292 
fried 9205 
froze 9215 
frozen 9244 
fry 9269 
fsb 9296 
fsla 9296 
fslic 9296 
ft-se 9275 
fuel 9206 
fuels 9192 
full 9175 9180 9183 9190 9210 
fully 9180 9213 9246 
funaro 9248 
fund 9191 9271 9272 
fundamental 9170 9244 
fundamentals 9220 
funding 9168 9281 
funds 9167 9172 9176 9180 9194 9211 9219 9256 9257 9263 
funeral 9273 
furnace 9205 
future 9203 9293 
g-6 9220 
gables 9278 
gain 9181 9182 9231 9263 9273 
gained 9170 
gains 9182 
galleria 9236 
gas 9185 9275 9279 
gassim 9209 
gave 9202 9224 9247 
gcc 9170 
gccc 9274 
gdp 9196 
ge 9297 
geismar 9175 
general 9168 9174 9182 9226 9230 9233 9274 9275 9292 9297 9300 
generally 9206 9300 
generate 9232 
generating 9192 
generation 9174 
geneva 9203 
geological 9253 
george 9247 
german 9195 9205 9265 9281 9294 9295 
germans 9195 
germany 9175 9185 9202 9205 9216 9220 9281 9294 
gillespie 9286 
gilt 9275 
gilts 9244 
give 9170 9173 9183 9206 9249 9275 9281 
giving 9165 9180 9196 9300 
glendale 9236 
global 9283 
glucose 9262 
gmbh 9185 9205 
gmt 9182 
gnp 9196 
go-ahead 9170 
goal 9259 
gold 9190 
goldfield 9190 
goldman 9212 9244 
goldschmidt 9275 
gonzalez 9292 
good 9182 9206 9213 9253 9294 
goods 9180 9194 9254 9256 
gordon 9186 
gottsegen 9269 
gov't 9247 
government 9167 9174 9179 9184 9186 9188 9191 9196 9206 9208 9211 9213 9215 9219 9221 9223 9227 9244 9247 9248 9253 9271 9275 9279 9283 9292 9293 
government-held 9209 
governments 9186 9203 
governor 9216 9220 9225 
govett 9212 
gradual 9216 
grain 9180 
grant 9207 9225 
granted 9207 9297 
greater 9216 
green 9265 
greenshields 9269 
grew 9178 9182 9196 9213 
gros 9215 9225 
gross 9182 9196 9244 9265 
group 9182 9189 9192 9202 9210 9223 9230 9233 9246 9255 9277 9279 9281 9288 
grovewood 9182 
grow 9196 
growers 9203 
growing 9170 9184 9275 9295 
growth 9174 9182 9196 9206 9213 9216 9228 9275 
guarantor 9281 
guess 9224 
guidance 9180 9226 
guide 9294 
guilders 9164 
guin.l 9172 
guinea 9253 
guinness 9172 
gulf 9170 9208 
guns 9209 
h.k 9186 9206 9223 9300 
habits 9170 
haddonfield 9288 
half 9182 9196 9208 9216 9275 
halted 9224 
haltenbanken 9279 
hamburg 9265 
hands 9202 
happen 9275 
happened 9247 
happy 9203 
hard 9170 9209 
harmful 9293 
harpener 9281 
harris 9212 
hastar 9209 
hawaii 9253 
head 9244 9247 9248 9275 9279 9290 
headed 9225 
headquarters 9203 9244 9289 9296 
heagerty 9296 
health 9182 
heatley 9210 
heavily 9208 
heavy 9167 9180 9205 9214 9219 9256 
hectares 9227 
hedging 9244 
held 9170 9174 9182 9202 9211 9234 9252 
helicopter 9208 
helicopters 9209 
helped 9214 
henry 9212 
hernandez 9292 
hess 9279 
hiap 9234 
hiccups 9275 
high 9170 9172 9174 9180 9204 9209 9213 9216 9253 9256 
high-performance 9175 
higher 9174 9206 9228 9253 
highly 9180 
highways 9186 9223 
hike 9292 
hillside 9273 
hire 9180 
hit 9166 9170 9208 9221 9222 
hk 9186 
hoare 9212 
hold 9220 9295 
holder 9173 9249 
holders 9202 9258 9284 
holding 9206 9211 9213 9224 9229 9292 
holdings 9167 9186 9219 9223 9234 9252 9263 9273 9278 9283 
home 9250 9262 9273 9275 
hong 9186 9206 9223 9234 9300 
hong-kong 9186 9206 9223 9234 9300 
hongkong 9206 9223 
honolulu 9253 
hoped 9203 
hopes 9200 
hopewell 9186 9223 
horizon 9284 
hospital 9288 
hot 9205 
house 9166 9222 9234 
housed 9208 
houses 9166 9167 9170 9219 9222 
housing 9206 9208 9213 
houston 9237 
hpwh.hk 9186 
hrzb 9284 
hsien 9196 
hundreds 9209 
hurting 9213 
husbandry 9180 
hutchison 9186 9223 
hutton 9212 
hwhh.hkg 9186 9223 
hydro 9279 
iadb 9225 
iagifu 9253 
iain 9275 
idea 9170 9223 
ideas 9183 
ideology 9183 
ill. 9273 9285 9298 
imagination 9292 
imbalance 9180 
imbalances 9180 9256 
imf/world 9216 
impact 9203 9213 9216 9275 
implemented 9226 
import 9184 9193 9194 9254 
imports 9171 9194 9203 9213 9254 9265 
impression 9170 
improve 9192 9232 
improved 9192 9228 
improvement 9228 
inadequate 9180 9256 
incentives 9184 
inception 9203 
include 9184 9208 9263 
included 9175 9201 9209 9279 
includes 9186 9235 9237 9238 9273 
including 9170 9181 9209 9213 9223 9244 9275 9279 
inclusion 9175 
income 9180 9232 9256 9272 
incomes 9174 9180 9256 
incorporating 9196 
increase 9165 9180 9182 9187 9194 9206 9226 9254 9293 
increased 9170 9176 9182 9228 9244 9277 
increases 9180 9201 9213 9226 9256 9275 
increasing 9244 
increasingly 9209 9244 
incur 9194 9254 
indebted 9203 
indecision 9244 
indefinitely 9275 
indemnifying 9296 
independently 9204 9244 
index 9165 9275 
indicating 9225 
indications 9174 
indicator 9196 
indonesia 9203 
industrial 9184 9189 9194 9216 9245 9254 9257 9259 
industries 9180 9182 9184 9203 9205 9213 9228 9231 9232 9256 9283 9289 
industrietechnik 9205 
industry 9166 9192 9196 9203 9206 9208 9212 9222 9279 
inevitably 9170 9275 
inflation 9180 9292 9294 
influence 9293 
influential 9213 
information 9215 9300 
infrastructure 9186 9223 
ingots 9205 
ingredients 9300 
initial 9180 9256 
initially 9204 9241 
initiated 9186 
initiative 9290 
injunction 9172 
inmont 9175 
innovation 9297 
inra 9203 
inro 9203 
inspectorate 9281 
instability 9232 
installation 9185 
installed 9208 
institutional 9188 
institutions 9180 9188 9224 
instructions 9180 
instrument 9211 9215 
instruments 9168 
insulin 9262 
insurance 9180 9182 9296 
insz.z 9281 
intc 9291 
intel 9291 
intend 9216 
intends 9269 
intent 9251 
intention 9216 
inter-american 9225 
inter-arab 9170 
interbank 9176 
interefere 9203 
interest 9180 9187 9190 9206 9211 9215 9216 9223 9225 9229 9230 9244 9258 9261 9281 9297 
interested 9186 
interesting 9244 
interests 9189 9210 
interim 9216 
interior 9227 
intermediaries 9244 
intermountain 9251 
internal 9283 
international 9166 9168 9169 9170 9187 9191 9192 9198 9200 9202 9203 9206 9212 9222 9228 9244 9252 9269 9270 9276 9281 9286 9298 9300 
internationalisation 9170 
intervene 9220 9293 9295 
intervened 9224 
intervention 9207 9224 9295 
interview 9293 
introduced 9174 9184 
inventories 9196 
inventory 9290 
invest 9184 9269 
invested 9176 9211 
investment 9168 9173 9174 9175 9180 9184 9194 9206 9211 9249 9254 9256 9269 
investments 9174 9210 9277 
investor 9168 9246 
investors 9188 9244 9251 9281 9291 
invigorated 9180 
involved 9223 9247 9280 9295 
involves 9205 9210 
involving 9230 9244 
iowa 9251 
iran 9208 9247 
iraq 9208 
iraqi 9208 
iron 9205 
iron-steel 9205 
irrational 9180 9226 
islamabad 9179 9221 
island 9170 9186 9206 
issuance 9200 
issue 9180 9198 9207 9211 9245 9256 9291 
issued 9178 9200 9202 9206 9210 9211 9244 9277 9281 
issues 9169 9170 9198 9220 9244 9248 9275 9276 9281 
issuing 9169 9173 9198 9249 9276 
italian 9279 
j. 9212 9296 
jakarta 9203 
james 9168 9220 9275 9296 
jan 9189 9265 
january 9165 9166 9171 9178 9201 9222 9265 9275 
japan 9166 9167 9181 9212 9213 9214 9216 9219 9220 9222 9224 9245 9275 9295 
japanese 9166 9203 9212 9213 9216 9222 9224 9295 
jardine 9186 9212 9223 
jct 9238 
jeddah 9293 
jeddah-based 9170 
jefferies 9233 
jefg 9233 
jenrette 9244 
jeremy 9244 
jersey 9172 
joao 9248 
job 9289 9292 
jobs 9184 
john 9275 
johnstown/consolidated 9238 
join 9186 9203 
joint 9186 9204 9205 9237 
joint-venture 9170 
jointly 9234 
jones 9244 
judgment 9293 
juha 9253 
jukes 9170 
jump 9223 
june 9184 9275 
junior 9247 
justify 9253 
kaufman 9250 
kbh 9250 
keith 9225 
keng 9203 
key 9170 9220 9259 
kgaa 9202 
khalifa 9209 
kidder 9212 
killed 9179 9208 9209 9221 
kilos 9207 
king 9293 
kingdom 9170 
kits 9297 
kleinwort 9212 
kloeckner 9202 
km 9190 9209 
knight 9275 
know-how 9205 
kong 9186 9206 9223 9234 9300 
kong's 9186 
korat 9227 
korea 9205 
korean 9205 
krupp 9205 
kuala 9203 
kurram 9179 9221 
kuwait 9170 
kuwaiti 9170 
l-39 9209 
l.f. 9291 
laboratory 9205 9298 
labour 9180 9194 9247 9275 
lack 9180 
lacy 9244 
ladles 9205 
lake 9296 
lambert 9212 
land 9206 9213 
landed 9279 
landing 9208 
landover 9230 
language 9293 
lanka 9203 
lantau 9186 
lapse 9188 
large 9170 9180 9207 9209 9213 9253 9256 9295 
largeau 9209 
largely 9182 9202 9224 
larger 9253 
largest 9168 9170 9182 9201 9203 9208 9244 
lasted 9275 
late 9170 9181 9224 9253 9289 
latest 9248 
latin 9298 
launched 9180 9210 
launchers 9247 
launches 9173 9200 9249 
law 9168 9226 
lawyers 9172 
lax 9183 
lead 9168 9169 9188 9198 9226 9276 9281 9291 
leader 9182 9253 9292 
leaders 9183 
leading 9196 9213 9247 9275 9295 
lease 9241 9280 
leased 9280 
leaving 9225 
lebanese 9170 
led 9186 9223 9246 
lee 9184 9196 
left 9182 9209 
legal 9172 9215 
legislative 9300 
lehman 9168 9212 9244 9291 
lend 9211 
lending 9211 
length 9289 
letter 9230 9251 
level 9170 9174 9176 9182 9203 9207 9208 9213 9214 9224 9226 
levels 9174 9203 9213 9220 9228 9253 9275 
liabilities 9176 9298 
liberal 9253 
liberalisation 9183 
libya 9209 
libyan 9209 
libyan-controlled 9209 
libyans 9209 
licence 9170 9279 
licences 9170 9207 9279 
licensed 9170 
licenses 9279 
life 9180 9182 
lifted 9210 
lifting 9275 
lifts 9210 
light 9194 9253 9254 
lim 9203 
limit 9292 
limited 9170 9174 9194 9203 9244 9251 9252 9254 9275 
limits 9174 9283 
line 9182 9209 9220 
lines 9175 9215 9225 
link 9170 
linked 9170 
linking 9170 9186 9208 
liquidated 9203 
liquidation 9203 
liquidity 9170 9211 9217 9218 9275 9299 
list 9209 9253 
listed 9173 9198 9234 9249 9281 
little-explored 9253 
livestock 9290 
living 9180 9208 9226 9256 9294 
load 9206 
loan 9211 9238 9257 9296 
loand 9296 
loans 9184 9225 9240 
loath 9224 
local 9170 9174 9180 9186 9211 9228 
locally 9234 
located 9208 
location 9242 
lock 9244 
loewen 9269 
london 9168 9169 9170 9172 9173 9177 9182 9187 9189 9192 9193 9197 9198 9200 9201 9207 9217 9218 9224 9228 9229 9244 9247 9249 9261 9275 9276 9283 9293 9299 
london-based 9170 
long 9174 9180 9203 9213 9223 9226 9275 
long-range 9297 
long-term 9203 9259 
longer 9202 
loong 9196 
los 9233 9250 
loss 9194 9231 9232 9237 9238 9242 9244 9254 9283 9287 
losses 9180 9181 9296 
lot 9170 
louis 9244 
louisiana 9175 
low 9166 9180 9213 9220 9222 9224 9226 9244 9256 9275 
low-yield 9211 
lower 9171 9194 9202 9254 9281 9294 
lowered 9211 
lp 9268 
ltd's 9197 
ltd. 9200 
ludwigshafen 9175 
lufkin 9244 
lumpur 9203 
lunar 9178 
luxembourg 9171 9173 9249 
lwarai 9179 9221 
lynch 9212 9244 9269 
m-1b 9178 
m1-b 9178 
machinery 9194 9254 
made 9166 9174 9175 9178 9190 9194 9197 9202 9222 9244 9254 9269 9280 9290 9297 
madrid 9292 
main 9170 9180 9208 9209 9292 
maintain 9203 9244 
maintained 9174 
major 9170 9174 9180 9182 9191 9203 9206 9209 9216 9220 9244 9253 9262 
majority 9275 9292 
make 9215 9225 
maker 9170 
making 9177 9187 9189 9194 9229 9233 
malaysia 9174 9203 
malaysian 9174 9203 
mall 9236 
man 9234 
managed 9275 
management 9169 9197 9198 9264 9276 9281 9285 
manager 9168 9169 9173 9188 9198 9203 9249 9276 9281 9291 
managerial 9180 
managing 9262 9269 
mancha 9292 
mandi 9179 9221 
mangal 9179 9221 
manhattan 9275 
manufacture 9204 
manufactured 9194 9254 
manufacturer 9234 
manufacturers 9184 9213 
manufactures 9247 
manufacturing 9174 9213 
mar 9199 
marcxh 9271 9272 
margaret 9247 9293 
marginal 9206 
margins 9174 
marine 9206 9279 
mark 9180 9185 9202 9281 9295 
market 9167 9170 9180 9182 9203 9206 9212 9213 9215 9217 9218 9219 9220 9228 9233 9241 9244 9245 9259 9261 9262 9275 9293 9297 9299 
marketed 9204 
marketing 9244 9262 
markets 9168 9180 9244 9261 
marks 9173 9202 9205 9249 9281 9295 
marxism 9183 
mass. 9280 
match 9180 9256 
material 9202 
materials 9175 9180 9226 9256 
matheson 9186 9223 
matsushita 9245 
matter 9293 
matures 9281 
maturing 9167 9219 9245 
maturities 9200 
maximum 9207 9208 
mc.t 9245 
mcc 9251 
mccutcheon 9269 
mcdonnell 9241 
mcfarland 9258 
mcfe 9258 
mckinnon 9271 9272 
mclean 9268 
md-80 9241 
md-82 9241 
md. 9230 9242 
meal-feed 9201 
means 9213 9225 
measures 9174 9180 
mechanical 9205 
mechanism 9203 
medical 9288 
medium 9180 
medium/long 9168 
meet 9170 9215 9216 9292 
meeting 9172 9180 9216 9225 9256 9286 
meetings 9247 
member 9203 9247 9286 
members 9203 9212 9293 
memphis 9259 
merchandise 9236 
merchant 9269 
merge 9210 
merger 9210 9258 9277 9285 9296 
merrill 9212 9244 9269 
meters 9190 
methods 9180 
meto 9251 
metro 9251 
mi-24 9209 
miami 9215 9225 
michael 9206 9223 9300 
michigan 9175 
mid 9242 
mid-1992 9186 
mid-february 9170 9294 
mid-january 9220 
mid-march 9294 
middle 9170 
midsession 9224 
miles 9206 9208 9209 9223 
military 9208 9209 
mill 9205 
milling 9190 9298 
millions 9230 
minerals 9190 
mines 9292 
ming-yi 9184 
minimum 9173 9249 
mining 9190 
minister 9174 9196 9203 9247 9248 9257 9292 9293 
ministry 9166 9174 9184 9191 9195 9196 9201 9211 9212 9222 9227 9279 
minority 9229 
mint 9195 
minted 9195 
misleading 9300 
missiles 9208 9209 9247 
missstatements 9230 
misunderstanding 9300 
miti 9166 9222 
mixed 9203 
mixture 9283 
mob.n 9279 
mobil 9279 
moderate 9166 9170 9222 
moderating 9166 9222 
modernisation 9180 9256 9257 
modest 9214 
moere 9279 
moment 9215 9216 
monday 9179 9188 9210 9221 
monetary 9170 9191 9216 
money 9164 9167 9178 9180 9206 9215 9216 9217 9218 9219 9261 9299 
money-fx 9166 9170 9213 9214 9216 9217 9218 9220 9222 9224 9261 9282 9295 9299 
money-market 9225 
money-supply 9178 
month 9178 9190 9211 9212 9215 9216 9220 9271 9272 9275 9294 9295 9300 
monthly 9191 
months 9182 9183 9190 9191 9208 9211 9244 9273 9275 9283 9289 
moody 9291 
mooted 9170 
mop 9211 
morality 9180 9256 
morgan 9212 
morning 9210 9214 9217 9218 9224 9295 
moses 9203 
motion 9292 
motor 9245 
motorway 9257 
move 9172 9207 9211 9225 9259 
moved 9225 
movements 9166 9222 
moves 9184 9295 
moving 9170 9220 
mr 9247 
mthly 9271 9272 
mths 9235 9267 9273 9274 
mulasartsathorn 9227 
multilateral 9295 
multiple 9275 
murchison 9190 
mutual 9296 
myriad 9288 
n'djamena 9209 
n't 9216 9223 9275 
n.j. 9230 9288 
n.y. 9297 
n.z 9210 9277 
na 9173 9249 
named 9279 
names 9286 
narrow 9295 
narrowly 9220 
nation 9170 9174 9213 
national 9165 9168 9170 9171 9176 9180 9183 9194 9244 9245 9248 9251 9254 9256 9267 9294 
nationale 9279 
nations 9216 9220 
natural 9170 9203 
naturally 9293 
nature 9244 
ncb 9170 
ndta 9267 
nearby 9279 
needed 9194 9213 9254 9257 
negative 9213 
negligence 9226 
negotiate 9230 
negotiating 9206 
negotiations 9232 
neighbours 9174 
nemours 9279 
nerves 9275 
nervously 9220 
net 9174 9175 9176 9182 9187 9189 9191 9202 9206 9229 9231 9232 9235 9237 9238 9250 9260 9263 9267 9270 9273 9274 9278 9283 9287 9300 
network 9283 
nevada 9290 
new-zealand 9210 9277 
news 9221 9257 9275 
nhy.ol 9279 
nicaragua 9247 
nicaraguan 9247 
nick 9275 
night 9169 9225 9276 9292 
nikkeiren 9213 
nikko 9245 
nil 9189 9265 
nippon 9181 
no-wipe 9262 
nominal 9173 9191 9202 9249 
nomura 9198 9245 
non-arab 9170 
non-callable 9169 9198 9276 9291 
non-corrosive 9205 
non-executive 9172 
non-performing 9225 
non-productive 9180 9256 
non-prosecution 9300 
non-tourist 9236 
non-voting 9269 
norge 9279 
norma 9244 
normal 9203 9211 
norsk 9279 
norske 9279 
north 9175 9179 9190 9192 9209 9221 9247 9259 9293 9294 9298 
north-south 9257 
northeast 9227 
northeastern 9227 
northern 9209 9279 
northwest 9251 
norway 9198 9279 
norwegian 9279 
notably 9253 
note 9200 9229 9231 9235 9237 9238 9240 9263 9266 9273 9278 
noted 9223 9253 9275 
notes 9291 
notice 9173 9249 
noting 9207 9213 
november 9170 9208 
nstc.t 9181 
nuclear 9192 
nucleus 9170 
number 9179 9209 9226 9242 9244 9283 
nv 9175 9281 
nvh 9268 
nvhomes 9268 
o'neill 9180 
oak 9285 
oakridge 9273 
oakridge-holdings-in 9273 
oaks 9231 
oberhausen 9185 
obliged 9190 9225 9244 
observing 9295 
obstinate 9295 
obtain 9247 9281 
obtained 9186 9297 
obtaining 9247 
occur 9296 
ocean 9229 
ocl 9229 
october 9169 9174 9202 9203 9276 
odds 9275 
offence 9300 
offer 9211 9230 9246 9252 9264 9277 9285 9289 
offered 9233 9257 9279 9283 
offering 9269 9291 
offers 9211 9279 
office 9165 9171 9265 9275 9294 9300 
officer 9247 9286 9296 
officers 9209 
offices 9170 9244 9283 9296 
official 9166 9215 9222 9227 9257 9300 
officially 9170 
officials 9166 9179 9203 9211 9221 9222 9227 9247 9279 9298 
offshore 9170 9186 9206 9208 9279 
ohio 9239 9274 
oil 9180 9185 9193 9206 9208 9213 9228 9253 9256 9279 9293 
oilfield 9208 
oilseed 9197 
okas 9232 
oliver 9247 
oljeselskap 9279 
olsn 9231 9232 
olson 9231 9232 
oman 9170 
ondaatje 9269 
one-for-one 9210 9269 9277 
one-month 9167 9219 
one-third 9298 
opec 9293 
open 9170 9188 9203 9236 9242 9244 
open-pit 9190 
opened 9188 9279 
opening 9183 9236 9292 
oper 9231 9278 
operable 9208 
operate 9218 9279 9296 
operated 9218 9261 9296 
operates 9283 
operating 9175 9242 9244 9286 9293 
operation 9167 9170 9186 9203 9219 9236 9242 
operations 9170 9174 9175 9191 9203 9206 9231 9232 9244 9259 9298 
operator 9207 9279 
operatorship 9279 
operatorships 9279 
opinion 9210 
opposition 9247 9292 
optimistic 9203 9275 
option 9168 9190 9199 
optional 9193 
options 9281 9283 
oracle 9235 
orcl 9235 
order 9185 9205 9213 
ordering 9192 
orders 9196 9199 
ordinary 9194 9202 9254 
ore 9190 
oregon 9296 
origin 9193 
original 9212 9218 9230 
originally 9174 
osaka 9245 
oslo 9279 
otsuki 9213 
ottl.l 9229 
ouadi 9209 
outcome 9207 
outlay 9277 
outlet 9236 
outlook 9213 9216 9253 
output 9180 9181 9201 
outstanding 9167 9219 9251 9252 9280 
over-extended 9180 
over-issue 9180 
overhang 9203 
overhead 9298 
overheated 9180 9256 
overnight 9224 
overseas 9291 
overshadowed 9207 
ovwv 9266 
owned 9188 9247 9269 9285 9300 
ownership 9174 9246 
owns 9186 9208 9252 
pace 9170 
pacific 9190 9206 9210 9223 9234 9277 
package 9281 9283 
packaging 9232 
packet-switching 9283 
pact 9168 9203 9216 9220 9295 
pact's 9203 
pads 9208 
paid 9172 9290 
paint 9175 
pakistan 9179 9221 
pakistani 9179 9221 
paloma 9260 
panic 9230 
paper 9182 9200 9253 
papua 9253 
papua-new-guinea 9253 
papuan 9253 
par 9169 9276 9281 
par-priced 9245 
paradise 9253 
parallel 9209 
parent 9175 9181 9281 9296 
paris 9207 9220 9295 
park 9175 
parliament 9180 9183 9194 9196 9247 9254 9256 9292 
part 9168 9172 9175 9184 9205 9208 9225 9244 9289 9293 
participate 9186 9212 9223 
participation 9281 
parties 9186 9277 
partly 9170 9175 9275 
partners 9186 9205 9251 9279 
partnership 9251 9252 
parts 9213 
party 9183 9247 9275 9292 
pass 9182 
past 9216 9244 
patent 9297 
patrick 9182 
pattern 9180 
paul 9277 
pause 9275 
pay 9173 9180 9202 9215 9232 9240 9244 9249 9255 9266 9281 9289 
payable 9187 9268 9271 9272 9284 
paying 9198 
payment 9202 9215 9225 9245 9252 
payments 9174 9178 9215 9225 9230 9275 
pays 9281 
pcep 9280 
peabody 9212 
peak 9170 9174 
pears 9275 
peg 9170 
peking 9180 9183 9194 9226 9254 9256 
pence 9182 
pending 9283 
people's 9180 9256 
perceived 9224 
perception 9280 
perfectly 9283 
performance 9182 9192 9204 9213 9228 
performed 9172 
period 9180 9191 9201 9242 9273 9281 9290 
periods 9180 9237 
permanent 9182 9227 
permitted 9168 9170 
personnel 9208 
perth 9190 
pet-chem 9204 
petb.br 9279 
peter 9269 
petrobras 9279 
petrofina 9279 
petroleo 9279 
petroles 9208 9279 
petroleum 9204 9206 9253 9260 9275 9279 
petrominerals 9258 
pharmaceutical 9262 
phase 9279 
phases 9205 
philips 9212 
phillips 9204 9275 
phrae 9227 
pick 9213 9275 
pig 9201 
pisarn 9227 
place 9247 
placement 9188 9245 9289 
placer 9190 
plan 9180 9186 9195 9212 9215 9223 9230 
planes 9199 9208 
planned 9172 9184 9211 9289 9292 9298 
planning 9172 9213 9248 
plans 9170 9181 9211 9297 9298 
plant 9175 9185 9197 9205 9298 
plantation 9203 
plants 9175 9184 9259 
plastics 9232 
plateau 9293 
platform 9208 
plc 9172 9177 9182 9187 9192 9228 9229 9244 9246 9275 9283 
plc's 9279 
pm-chad-casualties 9209 
pm-debt 9225 
png 9253 
pockets 9253 
pohang 9205 
point 9244 9275 
points 9170 9281 9291 
policy 9248 9293 
political 9170 9183 9292 
polled 9203 
polls 9275 
polyphenylene 9204 
polytetrahydrofuran 9175 
pont 9279 
pooling 9180 
poor 9181 
poor's 9291 
popular 9292 
populous 9294 
port 9186 9223 
portfolio 9206 9296 
portfolios 9211 
position 9217 9218 9223 9225 
positions 9211 
positive 9174 9190 
possibly 9214 
posted 9202 
potential 9180 9203 
poultry 9201 
pound 9170 
power 9185 
powered 9185 
powerful 9275 
powers 9180 
practical 9285 
practice 9170 9180 
pre-election 9275 
pre-tax 9177 9189 9228 
precipitous 9180 
precise 9207 
predict 9207 
predicted 9192 
preferred 9203 9230 
preliminary 9269 
prematurely 9223 
premier 9180 9183 9194 9226 9254 9256 
premium 9169 9276 9281 
premiums 9182 
prepared 9295 
preparing 9244 
presence 9170 9259 
present 9206 9215 9253 
presented 9174 9186 9223 
president 9213 9215 9244 9286 9296 
press 9180 9216 9223 9256 9292 
pressing 9215 9225 9292 
pressure 9225 9275 
pressured 9203 
pressures 9213 
pretax 9182 9187 9189 9192 9229 9283 
prevent 9203 
prevented 9203 
preventing 9216 
previous 9166 9206 9222 9230 
previously 9211 9221 9244 9286 
price 9199 9202 9203 9213 9226 9228 9232 9245 9281 
priced 9169 9173 9198 9249 9276 9281 9291 
prices 9165 9180 9193 9196 9202 9203 9206 9207 9210 9216 9226 9253 9256 9275 9293 9294 
prima 9300 
primarily 9206 
primary 9203 9226 9244 
prime 9247 9292 9293 
principal 9244 
principle 9283 
prior 9255 9263 9266 9271 9272 
priority 9188 
prisoner 9209 
prisoners 9209 
private 9174 9202 9211 9213 
privatisation 9275 
privatize 9174 
privilege 9188 
probable 9275 
problem 9180 9211 
problems 9206 
proceeding 9280 
proceeds 9246 9269 
processed 9205 
processing 9180 9197 9205 
produce 9190 9203 9204 9275 
produced 9201 9253 
producer 9203 9208 9293 
producers 9203 9207 
producing 9175 9203 9205 9208 9253 
product 9196 9205 9297 
production 9175 9180 9181 9194 9201 9205 9208 9226 9253 9254 9293 
products 9180 9226 
profit 9175 9177 9181 9182 9187 9189 9202 9206 9229 9244 9283 
profit-participation 9202 
profitability 9192 
profits 9180 9181 9182 9192 9206 9213 9228 9232 9275 
program 9168 9191 9200 9248 9253 9289 9290 
programme 9175 9192 
progress 9192 9197 
progressive 9210 9277 
project 9186 9206 9223 
projected 9167 9174 9219 9275 
projections 9206 
projects 9175 9180 9256 9257 
prolonged 9197 9226 
promised 9180 
promote 9180 9226 
promotion 9183 
prompt 9180 
prompted 9170 
propaganda 9230 
proper 9180 
properties 9206 9300 
property 9206 
proportion 9170 9174 9194 9254 
proposal 9186 9230 9285 
proposed 9186 9210 9223 9230 9246 9275 9277 9279 
proprietary 9262 
prosecute 9300 
prosecution 9300 
prospect 9170 9190 9253 9275 
prospective 9253 
prospects 9174 9181 9253 
prospectus 9269 9300 
protect 9170 9208 
protests 9292 
prove 9300 
provide 9194 9205 9213 9226 9241 9254 
provided 9244 9275 
providing 9205 
provinces 9227 
provisional 9171 9294 
provisionally 9203 
provisions 9203 9238 
prudence 9174 
psychologically 9203 
ptro 9258 
public 9174 9180 9186 9191 9245 9256 9300 
publicly 9206 
publish 9294 
published 9209 9293 
pulp 9182 
purchase 9173 9239 9249 9277 9279 9281 
purchased 9193 9244 
purchases 9167 9176 9203 9219 
purposes 9210 
pursue 9182 
push 9214 9224 9295 
pushed 9214 
pushes 9292 
put 9167 9213 9219 9225 9244 9253 
qatar 9170 
qtly 9240 9255 9266 
qtr 9231 9235 9237 9238 9250 9267 9273 9274 
quality 9193 9205 9228 9253 
quantify 9170 9224 
quarter 9176 9182 9196 9202 9231 9235 9238 9244 9273 9275 9280 
quarterly 9240 9255 9266 
quarters 9196 9208 9213 
queries 9188 
question 9170 
questioned 9203 
quickly 9214 
quiet 9170 
quotas 9184 
quoted 9228 9257 
raid 9179 9208 
raided 9179 
raids 9221 
railway 9257 
railways 9292 
rainbow 9210 9277 
raise 9174 9212 9269 
raised 9180 9230 9246 9256 
raises 9230 9266 
raising 9213 9281 9291 
rajan 9203 
ran 9170 
range 9244 9248 9295 
ranges 9295 
ranging 9193 9210 
rapid 9174 9206 9213 
rate 9166 9167 9182 9196 9216 9219 9220 9222 9244 
rate-sumita 9216 
rated 9291 
rates 9166 9180 9211 9220 9222 9244 9275 9299 
ratified 9203 
ratio 9174 9182 
rationalising 9174 
rationally 9180 
raw 9180 9202 9226 9256 
rayong 9227 
rd.as 9279 
reach 9172 9197 
reached 9225 9288 
reaching 9298 
reacted 9220 
reaction 9203 
ready 9208 
real 9170 9206 9216 
realty 9238 
reason 9180 
reasons 9220 9300 
reassurance 9275 
rebate 9207 
rebels 9247 
receivables 9280 
receive 9279 9289 9297 
received 9211 9244 9251 9262 
recent 9174 9202 9213 9244 9253 9275 9281 9295 
recently 9168 9186 9244 
recession 9170 9213 
recessions 9174 
recommendations 9292 
record 9166 9184 9194 9220 9222 9240 9245 9255 9266 9268 9271 9272 9275 9284 
recorded 9171 9253 
recover 9172 
recovering 9174 
recovery 9280 
red 9209 
redeeming 9281 
reduce 9174 9181 9289 9298 
reduced 9174 9180 9206 9208 9256 9298 
reduction 9184 
reductions 9174 9289 
refined 9193 
refining 9205 
refitted 9175 
reflect 9220 9240 
reflected 9175 9220 
reform 9180 9226 
reformed 9180 
reforming 9213 
reforms 9180 9213 9226 9256 
refrain 9166 9222 
refused 9225 
regensburg 9286 
regime 9253 
region 9170 9203 9208 9253 
regional 9170 9199 9209 9294 
registered 9186 
regulating 9180 
rejected 9213 
related 9244 
relations 9220 
relay 9215 
released 9174 
relief 9227 
reluctant 9207 9295 
remain 9180 9203 9206 9220 9256 
remained 9206 9292 
remaining 9174 9186 9208 9232 
remains 9170 9207 9216 9230 
remarks 9295 9300 
remove 9172 9298 
rename 9234 
renew 9225 
renfe 9292 
renouf 9252 
reopen 9208 
reopening 9208 
repeated 9220 
repeatedly 9295 
replace 9203 9241 
replaces 9248 
report 9174 9181 9212 9242 9247 9275 
reported 9182 9206 9221 9242 9246 9283 
reporters 9206 9211 9213 9220 9225 9227 9257 
reports 9179 9221 9224 9244 
representative 9170 9220 
representing 9172 
repro 9242 
reprographic 9242 
reprographics 9242 
repurchase 9167 9211 9219 
request 9166 9172 9215 9222 9225 9246 
requested 9257 
requirement 9191 9275 
requirements 9184 9215 
requires 9180 9281 
requiring 9173 9249 
research 9175 9244 9275 
reserve 9244 9295 
reserves 9202 9253 
reservoir 9208 
resignation 9248 9286 
resins 9204 
resolution 9172 
resolve 9295 
resource 9174 9263 9269 
resources 9174 9180 9256 
respect 9225 
respective 9204 
responding 9180 9230 
response 9225 9228 9236 9246 9252 
responsibilities 9180 
responsibility 9180 
responsible 9208 
rest 9206 9214 
restrain 9174 
restrict 9194 9254 
restructuring 9289 
rests 9170 9180 
result 9180 9206 9256 9275 9298 
result-trade 9207 
resulted 9202 
resulting 9216 9296 
results 9181 9182 9190 9192 9206 9228 9263 9275 
resume 9197 9208 9225 
retail 9236 
retailing 9182 
retain 9180 
retire 9251 
return 9211 
returned 9203 9285 
revalued 9206 
revenue 9174 9180 9206 9283 
review 9216 9277 9283 
revised 9171 9217 9218 9261 
reviving 9295 
revs 9235 9237 9250 9260 9263 9267 9270 9274 9278 9287 
reward 9172 
rex 9289 
rexnord 9289 
rhine-westphalia 9294 
richard 9244 
richardson 9269 
richfield 9279 
ridden 9275 
right-wing 9292 
rights 9269 9275 9297 
rigid 9226 
ringgit 9174 
rise 9165 9166 9175 9176 9180 9181 9182 9184 9203 9213 9216 9220 9222 9226 9228 9244 9275 
risen 9174 9294 
rises 9178 9191 9202 9203 9224 9226 9275 9292 
rising 9178 9180 9182 9184 9228 9256 
rival 9170 
riyad 9170 
riyadh 9170 
riyal 9170 
riyals 9170 
rmj 9244 
role 9180 
rolled 9180 
rolling 9205 
rolls 9275 
room 9170 
rose 9175 9176 9178 9179 9182 9184 9191 9203 9206 9221 9228 9244 
rothschild 9291 
round 9279 
routing 9209 
rowley-scher 9242 
royal 9279 
royce 9275 
rsch 9242 
rtrs.l 9283 
rubber 9203 
rubbing 9170 
ruling 9275 
rumored 9224 
run 9170 9174 9275 9292 
running 9182 
runs 9281 
runway 9209 
rushed 9220 
s.g 9212 
s.g. 9168 
sa 9279 
saab 9199 
saab-scania 9199 9200 
sabs 9199 
sachs 9212 9244 
saga 9279 
sagp.ol 9279 
sail 9275 
saks 9182 
salary 9292 
sale 9181 9206 9229 9232 9242 9247 9251 9263 9273 9275 9290 9298 
sales 9166 9167 9181 9182 9219 9222 9228 9231 9259 9273 
salomon 9169 9212 9269 9276 9291 
salt 9296 
sama 9170 
samba 9170 
samples 9297 
samsung 9205 
santa 9258 
sassan 9208 
satisfaction 9225 
satisfactory 9180 
satoshi 9216 9220 
saturday 9170 
saturdays 9170 
saudi 9170 9293 
saudi-arabia 9170 9293 
saudriyal 9170 
saunders 9172 
savings 9206 9240 9296 
sayad 9248 
scale 9224 
scandal 9247 
scheduled 9211 
scheme 9223 
schroeder 9212 
schweizerische 9281 
screens 9244 
sea 9279 9293 
seaforth 9197 
search 9253 
seasonally 9178 
seattle 9240 9287 
secondary 9253 
secretary 9174 9220 9227 
sector 9174 9206 9213 
sectors 9182 
securities 9167 9169 9176 9181 9182 9200 9211 9212 9219 9230 9234 9244 9245 9246 9275 9276 9283 9291 
security 9212 
sedimentary 9253 
seek 9172 
seeking 9184 9203 9211 9227 9230 9247 9257 
seeks 9172 9228 9257 
sees 9170 9182 9184 9206 9210 9253 
segment 9237 
sell 9167 9219 9220 9244 9251 9275 9288 9298 
selling 9166 9169 9198 9203 9214 9222 9224 9276 9281 
sells 9291 9297 
semi-finished 9180 9226 9256 
seminar 9174 
seng 9234 
senior 9170 9211 9227 
sentiment 9295 
seoul 9205 
separate 9244 9281 
september 9245 9290 9298 
serenely 9275 
series 9281 
serve 9180 9256 9296 
service 9174 9184 9199 9206 9213 9228 9289 9291 
services 9172 9180 9182 9189 9213 9237 
session 9183 9197 9218 
set 9170 9184 9188 9204 9207 9211 9245 9269 
sets 9233 9255 9268 9269 9284 
settlement 9283 
severance 9230 9289 
severe 9227 
sf340 9199 
sgl 9230 9233 
share 9187 9196 9202 9210 9212 9230 9235 9239 9246 9258 9273 9277 9279 9280 9281 9285 9293 9300 
shareholder 9239 
shareholders 9188 9189 9210 9230 9258 9268 9269 9277 9283 9285 
shares 9182 9188 9206 9210 9228 9243 9245 9246 9258 9275 9277 9279 9283 9285 9289 
sharing 9279 
sharp 9180 9203 9216 9220 9228 9256 9283 
sharply 9184 9244 9265 
shearson 9168 9212 9244 9291 
sheehy 9182 
sheet 9205 9229 9298 
sheets 9244 
shell 9279 
shelved 9223 
sherman 9231 9232 
shift 9170 
shifting 9170 
shing 9206 
shipbuilding 9205 
shopping 9236 
short 9211 9226 9247 
short-term 9211 9215 9225 
shorter 9168 
shortly 9225 
show 9170 9174 9201 9216 9217 9244 9265 
showed 9166 9184 9201 9222 9247 9283 9295 
showing 9192 
shows 9275 
shr 9177 9187 9189 9229 9231 9235 9237 9238 9250 9260 9263 9267 9270 9273 9274 9278 9287 
shrank 9213 
shrinking 9196 
shrs 9231 9235 9250 9267 9274 9287 
shut 9208 
sideline 9180 
sides 9225 
signature 9203 
signed 9199 9241 
significant 9295 
signs 9170 9275 
silver 9190 9195 
silver-copper 9195 
similar 9253 
similiar 9166 9222 
simpler 9262 
simply 9277 
simulator 9241 
singapore 9174 9196 9203 9234 
singer 9241 
single 9201 
situation 9213 9295 
size 9174 9244 9245 
sized 9180 
skapin 9257 
slide 9170 
slow 9181 9182 9216 
slowdown 9192 
small 9188 9226 9275 
smaller 9201 
smf 9241 
smith 9212 
smoerbukk 9279 
so-called 9209 
soak 9167 9219 
social 9180 9256 
socialist 9180 9226 9256 9292 
societies 9168 
society 9168 9226 
soft 9234 
software 9235 
sogen 9212 
sold 9182 9299 
soldiers 9209 
sole 9173 9244 9249 
sons 9212 
sought 9292 
source 9203 9244 
sources 9167 9178 9208 9211 9219 9279 9292 
south 9179 9205 9209 9221 9242 9247 9279 
south-korea 9205 
southeast 9237 
southern 9186 
southfield 9175 
souza 9248 
soviet 9209 
soviet-backed 9179 9221 
spa 9279 
spain 9292 
speaking 9215 9253 9300 
special 9175 9195 
specialising 9283 
specially-created 9283 
specialty 9259 
specific 9206 9220 
specifically 9215 
speculation 9170 9211 9300 
speed 9180 
spell 9275 
spending 9174 9180 9191 9256 9298 
spent 9190 
splinter 9244 
split 9235 9240 9268 9284 
spokesman 9172 9178 9181 9188 9197 9204 9212 9247 9281 9292 
spread 9244 
spreading 9168 
springs 9258 
spur 9203 
spurred 9244 
squander 9180 9256 
square 9236 
squeeze 9275 
sri 9203 
sri-lanka 9203 
st 9199 
stabilise 9203 
stabilising 9203 
stability 9216 9220 9295 
stable 9203 9206 
staff 9170 9208 9289 
stage 9180 9225 9256 
stake 9186 9206 9210 9223 9234 9275 9277 9281 
stakes 9279 
stamford 9241 
stance 9216 
stand 9294 
standard 9291 
standards 9180 9226 9256 
stands 9277 
standstill 9215 
stanley 9212 
stanton 9286 
star 9182 
start 9170 9186 9275 9292 9298 
started 9206 
starting 9181 9216 
starts 9192 
stat.ol 9279 
state 9174 9180 9203 9211 9226 9256 9292 9294 
state-owned 9185 9206 
state-set 9180 
stated 9300 
statement 9168 9175 9182 9186 9190 9191 9192 9195 9210 9228 9277 9283 
statements 9220 9300 
states 9170 9259 9269 9296 
station 9185 
statistics 9165 9171 9265 9294 
statoil 9279 
stats 9279 
status 9170 
ste 9279 
steady 9224 
steel 9180 9181 9205 
steels 9205 
stem 9224 
stemmed 9275 
step 9170 9259 
stephen 9170 
steps 9213 
stg 9172 9177 9182 9187 9189 9192 9217 9218 9228 9229 9261 9275 9283 9299 
stimulate 9213 
stipulated 9220 
stock 9169 9203 9210 9213 9216 9230 9233 9235 9240 9245 9246 9258 9276 9283 9284 9296 
stockholm 9199 
stocks 9275 
stopgap 9225 
stoppage 9292 
stopping 9275 
storage 9206 
store 9236 
stores 9182 
strain 9226 
strained 9220 
strains 9170 
strait 9253 
strategic 9210 9279 
strategy 9168 
stream 9185 9205 
streamlining 9298 
stress 9194 
stressed 9215 
strictly 9203 
strike 9197 9292 
strikes 9292 
strive 9213 
strong 9182 9206 9213 9224 9247 
stronger 9174 
strongly 9182 9224 
strongpoint 9209 
structure 9226 
student 9183 
studies 9226 
study 9190 
style 9170 
subject 9180 9210 9230 9258 9283 9298 
submitted 9248 
subsidiaries 9279 9296 
subsidiary 9185 9199 9205 9208 9242 9244 9251 9279 9285 9296 
subsidy 9207 
substantial 9209 9232 9234 9277 
substantially 9228 
substitutes 9194 9254 
success 9203 
successful 9253 
sudden 9170 9224 
sugar 9207 
suggested 9211 9247 
suggests 9244 9275 
suit 9275 
sulfide 9204 
sum 9172 9173 9249 
sumita 9216 9220 
summer 9279 
summit 9170 
sumner 9296 
sun-oil 9193 
sunday 9209 
sundays 9170 
sunflowerseed 9193 
supermarket 9210 9277 
supermarkets 9230 9233 
supervise 9205 
supervision 9183 9211 
supervisory 9296 
supply 9167 9178 9180 9205 9216 9219 9226 9247 9256 
support 9183 9275 9292 
supported 9295 
supporting 9224 9295 
supportive 9277 
surfers 9253 
surplus 9167 9171 9184 9211 9217 9218 9219 9261 9299 
surrounding 9220 
surrounds 9207 
survey 9166 9222 9253 
surveys 9166 9222 
survive 9292 
suspended 9215 9225 
swap 9244 
swap-driven 9244 
swap-related 9244 
swaps 9244 
sweden 9199 
sweep 9275 
swings 9171 
swire 9206 9223 
swiss 9168 9176 9204 9212 9244 9281 
switzerland 9176 9204 
swpc.hkg 9206 9223 
sydney 9190 
syndicate 9212 
system 9170 9180 9199 9203 9218 9226 9257 9299 
systems 9251 9283 
t.c 9280 
tabled 9292 
taikoo 9206 
taipei 9178 9184 
taiwan 9178 9184 
taiwanese 9184 
takeover 9172 9210 
taker 9170 
taking 9191 9225 
talking 9170 9247 
talks 9197 9215 9225 9247 9262 
tanjug 9257 
tanks 9209 
tap 9168 
tapped 9180 
target 9224 
targetted 9174 
task 9180 
tax 9174 9189 9213 9229 9230 9231 9253 9273 9278 
taxes 9174 9253 
teape 9182 
technical 9175 9298 
technimed 9262 
technimed-corp 9262 
technique 9297 
technologies 9175 9228 9270 
technology 9262 9280 9297 
tehran 9208 
teixeira 9248 
telecommunications 9180 9256 
telephone 9166 9222 
telex 9215 
tendency 9203 
tender 9193 9207 9243 9264 9285 9289 
tendered 9246 9252 9285 
tenneco 9279 
tensions 9220 
tentative 9196 
teri 9179 9221 
term 9168 9174 9203 9211 9275 
terms 9182 9188 9193 9228 9230 9259 9269 9288 
territory 9221 
terrorists 9247 
tertiary 9213 
test 9236 9262 9295 9297 
testified 9247 
tet.n 9279 
tetrahydrofuran 9175 
tex 9241 
texas 9175 9241 9279 
textiles 9194 9254 
tgt.n 9279 
thai 9203 
thailand 9203 9211 9227 
thatcher 9247 9293 
therapy 9262 
thermoplastic 9204 
thing 9244 
things 9205 
thomas 9172 9300 
thomson 9271 9272 
threat 9183 
threatened 9213 
threats 9207 
three-for-two 9240 9284 
three-gram-per-tonne 9190 
thrift 9296 
tighten 9194 9254 
tightened 9203 
timber 9180 
time 9170 9174 9180 9186 9190 9208 9215 9225 9242 9294 
time-sharing 9283 
times 9182 9211 
timminco 9259 
timothy 9247 
tin 9203 
tobacco 9182 
today 9164 9167 9172 9188 9207 9209 9210 9217 9218 9219 9223 9261 9277 9281 9293 9295 9299 
token 9215 9225 
tokyo 9166 9167 9181 9212 9213 9214 9216 9219 9220 9222 9224 9244 9245 9295 
told 9166 9174 9180 9184 9194 9196 9203 9206 9213 9216 9220 9222 9223 9225 9227 9247 9253 9254 9256 9257 9292 9293 9295 9298 9300 
toll 9179 9221 
tomorrow 9167 9215 9219 9292 
tonnage 9207 
tonne 9193 9203 
tonnes 9181 9190 9193 9201 9203 9205 9207 9265 
top 9275 
topic 9170 
tories 9275 
toronto 9259 9263 9269 9283 
total 9174 9180 9181 9189 9201 9208 9242 9256 9257 9279 9281 9298 
totaled 9298 
totaling 9215 
totalled 9184 9201 9283 
totalling 9175 
tourists 9194 
tower 9247 
toyota 9245 
tpn.pa 9208 9279 
tract 9279 
trade 9166 9170 9171 9180 9184 9194 9196 9215 9220 9222 9225 9244 9256 9292 9295 
traded 9210 9244 9295 
trademarks 9204 
trader 9170 9203 9224 
traders 9166 9167 9170 9193 9203 9207 9219 9222 9244 9295 
trades 9244 
trading 9166 9170 9184 9202 9210 9222 9224 9229 9244 9283 
traditional 9275 
traditionally 9170 
tragets 9220 
training 9241 
tranche 9275 9281 
transacted 9244 
transaction 9230 9246 9285 
transactions 9166 9170 9222 9244 
transfered 9251 
transformed 9229 
transition 9244 
transmit 9215 9225 
transport 9180 9229 9256 9257 
trat 9227 
treasurers 9170 
treasuries 9244 
treasury 9170 9220 9244 9291 9299 
treatment 9205 
trend 9244 
trends 9294 
triangle 9175 
tribal 9179 9221 
tripoli 9209 
troll 9279 
troops 9209 
troy 9297 
trust 9182 9200 9206 9212 9230 9238 9244 
turmoil 9248 
turn 9175 9180 
turnover 9175 9177 9187 9189 9228 9229 9244 
twin 9174 
twinsburg 9274 
two-corner 9275 
two-for-one 9268 
two-way 9170 
type= 9228 9243 9264 9282 
tyrrell 9168 
u.k 9170 9172 9182 9192 9217 9261 
u.k. 9168 9172 9197 9234 9244 9275 9295 
u.n. 9203 
u.s 9168 9173 9175 9182 9184 9192 9199 9213 9225 9244 9247 9249 9259 9279 9295 
u.s. 9170 9175 9182 9184 9213 9214 9216 9220 9224 9244 9247 9259 9262 9263 9269 9271 9290 9295 9298 
u.s.-based 9244 
u.s/japan 9220 
uae 9208 
ugt 9292 
uk 9168 9169 9170 9172 9173 9177 9182 9187 9189 9192 9193 9197 9198 9200 9201 9207 9216 9217 9218 9224 9228 9229 9244 9247 9249 9261 9275 9276 9283 9293 9299 
ultimately 9203 
um 9288 
unable 9215 
unadjusted 9178 
unavailable 9181 
uncertain 9172 
uncertainties 9275 
uncertainty 9207 
unchanged 9202 
unclear 9170 9295 
uncommitted 9223 
und 9202 
undecided 9223 
underground 9190 
underlined 9295 
underlying 9220 
undermining 9170 
undertake 9166 9190 9222 
undertaken 9174 9210 
undertakes 9166 9222 
underwriters 9245 9269 
underwriting 9169 9182 9198 9212 9276 9281 
undisclosed 9199 9259 9288 
undue 9170 
unexplored 9279 
unfair 9300 
unfavourable 9166 9222 
unhappy 9203 
unidentified 9208 
unified 9170 
union 9170 9171 9212 9292 
unions 9197 
unit 9182 9185 9206 9223 9232 9234 9241 9251 9252 9279 9281 9288 9291 9296 
united 9170 9175 9206 9208 9259 9269 9288 
units 9252 9268 
universal 9259 
unjustifiably 9180 
unmanageable 9232 
unnamed 9183 
unpredictable 9275 
unproc 9228 
unprofitable 9242 
unreasonably 9180 9256 
unroasted 9265 
unsecured 9245 
unspecified 9297 
unstable 9220 
unthinkable 9244 
untimetabled 9275 
upgraded 9170 
upgrading 9170 
upham 9212 
upturn 9216 
upwards 9171 9275 
urgently 9174 
usair 9255 
usda 9290 
usual 9275 
utah 9296 
va. 9268 9270 
valid 9277 
validly 9246 
valley 9266 
valt 9239 
valtek 9239 
valued 9281 9285 
van 9244 
vancouver 9286 
vanguard 9270 
vary 9244 
vast 9180 
veba 9188 
vebg.f 9188 
veg-oil 9193 
vehicles 9205 9209 
venezuela 9185 
venezuelan 9185 
venture 9186 9204 9237 
vermont-based 9199 
versus 9201 
viable 9203 
vice 9244 
vice-chairman 9286 
vickers 9212 
victim 9248 
viewed 9203 9225 
views 9203 
vigorous 9226 
village 9221 
villages 9179 
virginia 9266 
virtually 9275 9292 
visit 9293 
volatility 9293 
volume 9170 9182 9244 
volumes 9253 
voluntary 9296 
vti 9270 
vulnerable 9275 
w.i 9212 
w.va. 9266 
wage 9180 9213 9256 9292 
wages 9180 9213 
walt 9236 
wanted 9172 9203 9295 
war 9208 
warburg 9168 9212 
ward 9172 
warplanes 9221 
warrant 9173 9190 9249 9281 9300 
warrants 9173 9249 9281 
wash. 9240 9284 
washington 9184 9216 9240 9255 9290 9295 9296 
washington/baltimore 9242 
waste 9264 9285 
watch 9216 9220 
water 9205 9223 9227 
waziristan 9179 9221 
weak 9180 9183 9300 
weakness 9293 9295 
weaponry 9209 
week 9172 9174 9206 9207 9211 9213 9227 9244 9246 9248 9269 9275 9285 9292 9295 
weekend 9170 9220 
weeks 9201 9242 9244 9268 9275 9288 
welcomed 9203 
welfare 9248 
wellhead 9208 
wellheads 9208 
wellington 9210 9277 
wells 9253 
weritedown 9237 
west 9175 9185 9195 9202 9205 9216 9220 9265 9266 9279 9281 9295 
west-germany 9175 9185 9188 9195 9202 9205 9216 9265 9281 9294 9295 
western 9183 9190 9208 9296 
westminster 9244 
wet 9298 
wfsl 9240 
whampoa 9186 9223 
white 9207 
whites 9207 
wholesale 9168 
wholly 9285 
wholly-owned 9185 9251 
wide-ranging 9180 9256 
widely 9166 9204 9222 9244 
widens 9168 
widespread 9183 9300 
wiggins 9182 
wild 9247 
william 9247 
williamson 9182 
willingness 9184 
window 9211 
winning 9275 
wins 9185 
wis. 9289 
wise 9215 
withdrawn 9246 
withheld 9279 
withstand 9226 
wmx 9285 
won 9170 9185 9205 
woodbridge 9230 
work 9175 9183 9194 9205 9213 9254 
workers 9178 9180 9208 9292 
workforce 9205 
working 9208 9225 9232 9251 
works 9205 
world 9170 9180 9181 9182 9203 9256 9293 
world's 9203 
worried 9275 
worse 9227 
worsen 9211 
worst 9213 
worth 9210 9211 9230 9244 
wounded 9209 
wrightson 9244 
write-back 9202 
writing 9202 
wu 9186 
xon.n 9279 
yaik 9203 
yamaichi 9245 
year's 9174 
year-ago 9265 9294 
year-on-year 9165 9294 
years 9169 9174 9180 9244 9253 9275 9276 9291 
yen 9166 9167 9173 9181 9198 9213 9214 9216 9219 9220 9222 9224 9245 9249 9282 9295 
yen/dollar 9220 
yeo 9234 
yesterday 9164 9166 9167 9193 9197 9207 9211 9219 9220 9222 9224 9228 9239 9245 9246 9257 9295 
yeutter 9220 
yield 9167 9202 9219 9291 9292 
yielded 9190 
yielding 9291 
york 9169 9203 9244 9246 9252 9262 9271 9272 9275 9276 9280 9291 9296 9298 
yugoslavia 9257 
yugoslavia's 9257 
zain 9174 
zainuddin 9174 
zealand 9210 
zhao 9180 9183 9194 9226 9254 9256 
zhao-ziyang 9180 9183 9194 9226 9254 9256 
ziyang 9180 9183 9194 9226 9254 9256 
zones 9209 
zurich 9176 
