'debt 1270 
're 1227 1254 1357 
****** 1199 1206 1247 1253 1256 1268 1274 1307 1324 1331 1346 
-1s 1311 
-4 1200 
-4t 1258 
-4th-q 1355 
-4th-qt 1198 
-aircraft-f 1227 
-and-qum 1286 
-bertone-m 1263 
-co 1303 
-cofoundr-r 1223 
-continues 1254 
-de 1330 
-fe 1338 
-februa 1218 
-gets-mer 1203 
-gm-sees 1204 
-gm-sees-r 1202 
-in-talks 1217 
-lifetime 1209 
-n 1305 
-negotia 1302 
-profit-outloo 1252 
-proposes-n 1266 
-quar 1342 
-raise 1239 
-se 1260 1315 
-seeks-na 1297 
-sees-sl 1339 
-sets 1228 1322 
-sets-hearing 1319 
-sets-re 1298 
-to 1340 
-to-close-norw 1231 
-to-close-w 1300 1332 
-to-repuchase 1353 
-to-sell 1220 
-unit-se 1323 
-unit-wins 1310 
/author 1214 1227 1252 1254 1269 1272 1275 1299 1306 1312 1357 
0.2 1272 
0.5 1211 
0.8 1272 
0011 1206 
0012 1256 1324 
0013 1199 1253 1346 
0015 1247 1268 1274 1307 1331 
0022 1234 1341 1342 
0023 1264 1322 1326 1328 
0024 1244 
0025 1277 1298 1345 
0027 1239 1293 
0029 1311 
0032 1225 1317 
0033 1351 
0038 1330 
0040 1303 
0044 1222 
0045 1205 
0046 1355 
0047 1314 
0048 1196 1240 1265 
0049 1273 
0051 1216 
0052 1200 1271 
0053 1305 
0054 1245 1344 
0056 1229 1320 
0058 1251 1327 1334 
0059 1218 1279 
0060 1235 
0061 1304 
0062 1217 1296 
0064 1313 1321 
0065 1284 1287 
0066 1258 1261 1309 
0069 1280 
0070 1243 1302 
0072 1262 1289 1325 
0074 1198 
0076 1310 
0077 1223 
0078 1288 
0079 1297 
0080 1232 1249 1286 
0082 1308 
0083 1238 1319 
0084 1237 1255 
0085 1250 1323 1353 
0086 1209 1290 1315 
0087 1194 1214 1281 1301 1336 1338 
0088 1294 
0091 1220 1233 1285 1291 
0092 1340 
0093 1241 1263 1272 1283 
0094 1228 1306 1339 
0095 1236 
0096 1329 1332 
0097 1259 1349 
0098 1270 1275 1348 
0099 1276 
0100 1248 1260 1300 1343 
0101 1202 1267 1269 
0102 1242 1282 1333 
0103 1208 1213 1347 1357 
0104 1203 
0105 1197 1207 1230 1252 1352 
0106 1201 1219 1312 
0107 1226 1231 
0108 1215 1337 
0109 1227 1335 
0110 1204 1246 
0111 1195 
0112 1254 
0115 1210 1350 
0116 1354 
0118 1266 
0122 1212 
0125 1318 
0126 1221 
0127 1257 
0130 1278 
0131 1211 1224 
0132 1292 
0133 1356 
0134 1295 
0136 1299 
0141 1316 
03-03 1194 1195 1196 1197 1198 1199 1200 1201 1202 1203 1204 1205 1206 1207 1208 1209 1210 1211 1212 1213 1214 1215 1216 1217 1218 1219 1220 1221 1222 1223 1224 1225 1226 1227 1228 1229 1230 1231 1232 1233 1234 1235 1236 1237 1238 1239 1240 1241 1242 1243 1244 1245 1246 1247 1248 1249 1250 1251 1252 1253 1254 1255 1256 1257 1258 1259 1260 1261 1262 1263 1264 1265 1266 1267 1268 1269 1270 1271 1272 1273 1274 1275 1276 1277 1278 1279 1280 1281 1282 1283 1284 1285 1286 1287 1288 1289 1290 1291 1292 1293 1294 1295 1296 1297 1298 1299 1300 1301 1302 1303 1304 1305 1306 1307 1308 1309 1310 1311 1312 1313 1314 1315 1316 1317 1318 1319 1320 1321 1322 1323 1324 1325 1326 1327 1328 1329 1330 1331 1332 1333 1334 1335 1336 1337 1338 1339 1340 1341 1342 1343 1344 1345 1346 1347 1348 1349 1350 1351 1352 1353 1354 1355 1356 1357 
0600 1333 
1,002,000 1317 
1,013,000 1285 
1,015,800 1291 
1,083,800 1291 
1,126,315 1328 
1,157,883 1264 
1,158,000 1320 1327 
1,200 1269 
1,270 1312 
1,280,727 1271 1301 
1,301,000 1200 
1,309,000 1284 1288 
1,314 1312 
1,366,000 1198 
1,368,959 1344 
1,381,009 1246 
1,444,149 1271 1301 
1,466 1218 
1,492,000 1258 
1,495 1242 
1,500 1202 
1,523,000 1251 1320 1327 
1,594,895 1344 
1,616,101 1246 
1,673 1218 
1,680,240 1293 
1,700 1269 
1,700,000 1351 
1,741,000 1258 
1,785,000 1251 
1,800,000 1246 
1,808,832 1293 
1,815,000 1285 
1,816,000 1258 
1,850,000 1320 1327 
1,950,000 1213 
1,965,000 1258 
1-1/2 1262 
1-3/4 1194 
1-3/8 1194 1330 
1.02 1245 
1.04 1245 
1.06 1198 1245 
1.09 1198 
1.1 1262 
1.10 1198 
1.14 1212 
1.19 1251 
1.2 1347 
1.20 1205 1349 
1.21 1198 
1.23 1338 
1.24 1258 
1.28 1198 
1.3 1246 1252 
1.33 1205 
1.34 1338 
1.35 1252 
1.375 1303 
1.39 1252 1285 
1.4 1306 
1.40 1251 1252 1338 
1.48 1251 1271 1301 
1.5 1314 
1.51 1271 1301 
1.52 1198 1205 
1.538 1308 
1.54 1198 
1.55 1258 1260 
1.57 1338 
1.6 1213 
1.60 1284 1288 
1.62 1205 
1.64 1269 
1.65 1302 
1.66 1346 1353 
1.7 1335 
1.78 1269 
1.85 1269 
1.86 1285 
1.90 1302 
1/2 1208 
1/4 1252 
1/8 1194 
10,000 1194 
10-1/8 1330 
10-3/4 1219 1267 
10.0 1229 
10.1 1355 
10.13 1272 
10.3 1200 1205 
10.5 1258 
10.6 1211 1353 
100,000 1194 1257 1297 
1000 1333 
101-1/8 1194 
103-1/2 1252 
104,000 1268 1273 
106-3/8 1349 
107.1 1198 
108.00 1312 
11,900 1242 
11,989 1264 
11.2 1312 
11.25 1219 
11.55 1254 
11.6 1258 
11.9 1284 1288 
113.5 1200 
114.66 1312 
1194 1194 
1195 1195 
1196 1196 
1197 1197 
1198 1198 
1199 1199 
12,879 1283 
12-1/2 1345 
12.0 1317 
12.17 1343 
12.42 1343 
12.7 1200 
1200 1200 
1201 1201 
1202 1202 
1203 1203 
1204 1204 
1205 1205 
1206 1206 
1207 1207 
1208 1208 
1209 1209 
1210 1210 
1211 1211 
1212 1212 
1213 1213 
1214 1214 
1215 1215 
1216 1216 
1217 1217 
1218 1218 
1219 1219 
1220 1220 
1221 1221 
1222 1222 
1223 1223 
1224 1224 
1225 1225 
1226 1226 
1227 1227 
1228 1228 
1229 1229 
1230 1230 
1231 1231 
1232 1232 
1233 1233 
1234 1234 
1235 1235 
1236 1236 
1237 1237 
1238 1238 
1239 1239 
1240 1240 
1241 1241 
1242 1242 
1243 1243 
1244 1244 
1245 1245 
1246 1246 
1247 1247 
1248 1248 
1249 1249 
125.9 1230 1255 
1250 1250 
1251 1251 
1252 1252 
1253 1253 
1254 1254 
1255 1255 
1256 1256 
1257 1257 
1258 1258 
1259 1259 
1260 1260 
1261 1261 
1262 1262 
1263 1263 
1264 1264 
1265 1265 
1266 1266 
1267 1267 
1268 1268 
1269 1269 
127,000 1200 
127.10 1343 
127.5 1205 
1270 1270 
1271 1271 
1272 1272 
1273 1273 
1274 1274 
1275 1275 
1276 1276 
1277 1277 
1278 1278 
1279 1279 
1280 1280 
1281 1281 
1282 1282 
1283 1283 
1284 1284 
1285 1285 
1286 1286 
1287 1287 
1288 1288 
1289 1289 
1290 1290 
1291 1291 
1292 1292 
1293 1293 
1294 1294 
1295 1295 
1296 1296 
1297 1297 
1298 1298 
1299 1299 
12:56:30.92 1194 
12:57:40.70 1195 
12:57:45.78 1196 
12:58:39.80 1197 
13,000 1204 
13.1 1285 
13.2 1307 1309 
13.8 1213 1338 
13.85 1262 
1300 1300 
1301 1301 
1302 1302 
1303 1303 
1304 1304 
1305 1305 
1306 1306 
1307 1307 
1308 1308 
1309 1309 
131.50 1343 
1310 1310 
1311 1311 
1312 1312 
1313 1313 
1314 1314 
1315 1315 
1316 1316 
1317 1317 
1318 1318 
1319 1319 
132.8 1200 
1320 1320 
1321 1321 
1322 1322 
1323 1323 
1324 1324 
1325 1325 
1326 1326 
1327 1327 
1328 1328 
1329 1329 
1330 1330 
1331 1331 
1332 1332 
1333 1333 
1334 1334 
1335 1335 
1336 1336 
1337 1337 
1338 1338 
1339 1339 
1340 1340 
1341 1341 
1342 1342 
1343 1343 
1344 1344 
1345 1345 
1346 1346 
1347 1347 
1348 1348 
1349 1349 
135,587 1344 
1350 1350 
1351 1351 
1352 1352 
1353 1353 
1354 1354 
1355 1355 
1356 1356 
1357 1357 
138.1 1229 
13:02:15.90 1198 
13:04:18.47 1199 
13:06:07.24 1200 
13:07:32.63 1201 
13:07:41.38 1202 
13:08:10.59 1203 
13:08:45.51 1204 
13:11:08.44 1205 
13:11:40.41 1206 
13:13:14.46 1207 
13:13:47.06 1208 
13:14:06.08 1209 
13:15:51.58 1210 
13:16:23.75 1211 
13:22:20.55 1212 
13:23:39.33 1213 
13:25:05.20 1214 
13:25:40.40 1215 
13:26:49.70 1216 
13:28:25.86 1217 
13:30:42.16 1218 
13:30:59.38 1219 
13:31:26.89 1220 
13:32:01.13 1221 
13:32:37.39 1222 
13:33:00.56 1223 
13:33:20.18 1224 
14-inch 1254 
14.1 1284 1288 
14.4 1301 
14.9 1347 
14:15:59.92 1225 
14:17:36.13 1226 
14:17:59.90 1227 
14:28:45.25 1228 
14:29:20.05 1229 
14:32:10.59 1230 
14:33:16.43 1231 
14:37:58.70 1232 
14:43:48.64 1233 
14:44:17.23 1234 
14:45:29.33 1235 
14:45:51.48 1236 
14:48:29.68 1237 
14:50:47.02 1238 
14:51:45.95 1239 
14:54:19.29 1240 
14:57:45.23 1241 
14:57:57.04 1242 
14:58:33.67 1243 
15,992,000 1245 
15.59 1312 
15.63 1306 
15.65 1309 
15.7 1210 
15.8 1213 1306 
15.9 1317 
15/april 1216 
150,000 1257 
1530 1247 1250 
154,000 1200 
155,410 1283 
156,726 1264 
159,000 1258 
15:01:50.58 1244 
15:04:50.88 1245 
15:05:42.80 1246 
15:06:34.16 1247 
15:10:05.25 1248 
15:10:58.54 1249 
15:11:40.49 1250 
15:13:31.92 1251 
15:13:43.66 1252 
15:14:52.57 1253 
15:15:20.63 1254 
15:16:01.64 1255 
15:17:10.42 1256 
15:17:46.20 1257 
15:18:36.88 1258 
15:19:01.84 1259 
15:21:08.19 1260 
15:21:53.21 1261 
15:22:24.71 1262 
15:22:58.70 1263 
15:24:51.90 1264 
15:25:41.79 1265 
15:27:00.76 1266 
15:29:00.29 1267 
15:31:48.87 1268 
15:32:05.85 1269 
15:33:49.17 1270 
15:34:53.49 1271 
15:36:02.05 1272 
15:36:24.69 1273 
15:36:50.80 1274 
15:37:19.65 1275 
15:37:38.08 1276 
15:37:42.69 1277 
15:38:10.09 1278 
15:38:38.75 1279 
15:39:06.62 1280 
15:40:45.10 1281 
15:41:10.37 1282 
15:41:19.94 1283 
15:41:33.40 1284 
15:42:02.39 1285 
15:42:12.41 1286 
15:42:17.82 1287 
15:42:31.55 1288 
15:42:40.10 1289 
15:44:56.07 1290 
15:47:16.48 1291 
15:47:32.09 1292 
15:47:45.62 1293 
15:48:02.22 1294 
15:48:14.76 1295 
15:49:03.82 1296 
15:49:27.22 1297 
15:50:04.27 1298 
15:50:23.85 1299 
15:50:42.06 1300 
15:51:08.97 1301 
15:52:03.89 1302 
15:53:23.86 1303 
15:54:28.03 1304 
15:56:51.18 1305 
15:57:37.08 1306 
16.3 1285 
16.5 1209 
16.50 1306 
161,000 1311 
16514 1194 
16515 1195 
16516 1196 
16517 1197 
16518 1198 
16519 1199 
16520 1200 
16521 1201 
16522 1202 
16523 1203 
16524 1204 
16525 1205 
16526 1206 
16527 1207 
16528 1208 
16529 1209 
16530 1210 
16531 1211 
16532 1212 
16533 1213 
16534 1214 
16535 1215 
16536 1216 
16537 1217 
16538 1218 
16539 1219 
16540 1220 
16541 1221 
16542 1222 
16543 1223 
16544 1224 
16545 1225 
16546 1226 
16547 1227 
16548 1228 
16549 1229 
16550 1230 
16551 1231 
16552 1232 
16553 1233 
16554 1234 
16555 1235 
16556 1236 
16557 1237 
16558 1238 
16559 1239 
16560 1240 
16561 1241 
16562 1242 
16563 1243 
16564 1244 
16565 1245 
16566 1246 
16567 1247 
16568 1248 
16569 1249 
16570 1250 
16571 1251 
16572 1254 
16573 1253 
16574 1255 
16575 1256 
16576 1257 
16577 1252 
16578 1258 
16579 1259 
16580 1260 
16581 1261 
16582 1262 
16583 1263 
16584 1264 
16585 1265 
16586 1266 
16587 1267 
16588 1268 
16589 1269 
16590 1270 
16591 1271 
16592 1272 
16593 1273 
16594 1274 
16595 1275 
16596 1276 
16597 1277 
16598 1278 
16599 1279 
16600 1280 
16601 1281 
16602 1282 
16603 1283 
16604 1284 
16605 1285 
16606 1286 
16607 1287 
16608 1288 
16609 1289 
16610 1290 
16611 1291 
16612 1292 
16613 1293 
16614 1294 
16615 1295 
16616 1296 
16617 1297 
16618 1298 
16619 1299 
16620 1300 
16621 1301 
16622 1302 
16623 1303 
16624 1304 
16625 1305 
16626 1306 
16627 1307 
16628 1308 
16629 1309 
16630 1310 
16631 1311 
16632 1312 
16633 1313 
16634 1314 
16635 1315 
16636 1316 
16637 1317 
16638 1318 
16639 1319 
16640 1320 
16641 1321 
16642 1322 
16643 1323 
16644 1324 
16645 1325 
16646 1326 
16647 1327 
16648 1328 
16649 1329 
16650 1330 
16651 1331 
16652 1332 
16653 1333 
16654 1334 
16655 1335 
16656 1336 
16657 1337 
16658 1338 
16659 1339 
16660 1340 
16661 1341 
16662 1342 
16663 1343 
16664 1344 
16665 1345 
16666 1346 
16667 1347 
16668 1348 
16669 1349 
16670 1350 
16671 1351 
16672 1352 
16673 1353 
16674 1354 
16675 1355 
16676 1356 
16677 1357 
16:01:09.59 1307 
16:03:42.64 1308 
16:04:28.56 1309 
16:04:59.85 1310 
16:05:12.71 1311 
16:05:22.24 1312 
16:05:38.59 1313 
16:06:02.92 1314 
16:06:59.86 1315 
16:07:20.77 1316 
16:08:03.13 1317 
16:10:29.79 1318 
16:10:48.85 1319 
16:11:09.23 1320 
16:13:23.92 1321 
16:13:33.31 1322 
16:17:52.27 1323 
16:20:43.91 1324 
16:21:17.90 1325 
16:21:45.94 1326 
16:22:26.49 1327 
16:26:58.41 1328 
16:29:42.22 1329 
16:30:51.15 1330 
16:31:14.73 1331 
16:33:09.60 1332 
16:34:07.14 1333 
16:35:01.08 1334 
16:35:36.70 1335 
16:37:10.27 1336 
16:39:14.98 1337 
16:41:33.75 1338 
16:41:44.21 1339 
16:42:02.19 1340 
16:43:45.30 1341 
16:43:52.96 1342 
16:45:20.80 1343 
16:48:40.40 1344 
16:49:45.00 1345 
16:50:56.35 1346 
16:53:18.61 1347 
16:53:31.66 1348 
16:53:51.57 1349 
16:55:02.51 1350 
16:58:41.18 1351 
16:58:51.90 1352 
17,259,000 1245 
17.00 1306 
17.05 1306 
17.1 1245 
17.4 1210 
17.48 1272 
174.7 1245 
177.5 1229 
17:00:10.20 1353 
17:00:38.71 1354 
17:00:43.73 1355 
17:04:13.44 1356 
17:07:07.46 1357 
17th 1282 
18,042,000 1245 
18.7 1291 
182,766 1328 
182.5 1314 
185,325 1355 
188,000 1265 
189,140 1225 
189.1 1245 
19,995 1242 
19.1 1213 
192,896 1283 
1970 1269 
1972 1312 
1979 1275 
1980 1269 1312 
1981 1272 
1983 1279 
1984 1296 
1985 1198 1204 1251 1258 1269 1272 1283 1285 1290 1301 1347 
1985/86 1257 
1986 1198 1202 1208 1210 1211 1215 1230 1246 1249 1254 1255 1257 1258 1260 1269 1272 1275 1282 1283 1285 1288 1301 1305 1306 1314 1315 1325 1340 1347 1351 1353 
1986/87 1211 1257 1268 1273 
1987 1202 1208 1211 1214 1215 1218 1220 1226 1230 1231 1241 1252 1253 1259 1260 1269 1272 1279 1288 1295 1314 1348 1353 
1988 1226 1227 1336 1350 
1989 1227 1353 
199,037 1344 
1990 1254 1346 1353 
1990s 1227 
1991 1252 
1994 1194 
1995 1219 
1997 1267 1349 1352 
1st 1225 1264 1311 1314 
2,051,000 1258 1260 
2,232,400 1354 
2,236,471 1229 
2,322,000 1251 
2,323,000 1285 
2,364,000 1200 
2,432,179 1229 
2,454,000 1285 
2,495 1242 
2,500,000 1351 
2,523 1218 
2,554.41 1325 
2,640,000 1265 
2,684 1218 
2,709,600 1354 
2,744,000 1284 1288 
2,778,000 1198 
2,779,000 1285 
2,791,188 1271 1301 
2,850,000 1229 
2,852,198 1320 1327 
2-1/2 1287 
2-1/5 1264 
2-takes 1292 
2.0 1272 
2.02 1269 
2.13 1285 
2.2 1272 1321 1325 
2.29 1284 1288 
2.4 1227 1325 1344 1355 
2.41 1285 
2.45 1307 1309 
2.5 1316 1344 1353 1355 
2.6 1347 
2.61 1338 
2.75 1269 
2.8 1208 1211 1272 1344 
2.82 1229 
2.90 1338 
20-year 1227 
20.0 1291 
20.1 1338 
20.2 1347 
20.25 1291 
20.5 1245 
20.7 1320 1327 
2000 1242 
2001 1349 
2002 1219 
2005 1303 
2010 1267 
2011 1349 
2017 1352 
21,929,000 1245 
21-story 1282 
21.334 1308 
214.9 1314 
21st 1282 
22.6 1320 1327 
224.7 1251 
229,000 1258 
23.5 1245 
232.00 1205 
235,092 1246 
238,000 1285 
24-hour 1241 
24.2 1315 1339 
24.3 1311 
24.816 1308 
240-mln-dlr 1280 
25.164 1308 
25.24 1291 
250,000 1215 1257 
251.3 1198 
252,000 1235 
252.92 1343 
252.95 1343 
256,000 1258 
26.5 1311 
26.702 1308 
261.7 1251 
27.0 1200 
27.6 1347 
27.9 1314 
278.1 1205 
279,000 1285 
280,000 1279 
282,305 1355 
289,433 1293 
29.6 1314 
293,000 1258 
294.0 1351 
2nd 1271 1301 1314 
3,050,000 1320 1327 
3,242,588 1283 
3,289,000 1284 1288 
3,443,392 1283 
3,500,000 1351 
3,567,123 1229 
3,581,000 1258 
3,600,000 1229 
3,629,000 1245 
3,650,000 1316 
3.1 1272 1344 
3.2 1347 
3.25 1269 
3.28 1209 
3.3 1272 
3.35 1229 
3.482 1308 
3.5 1335 
3.6 1211 
3.65 1297 
3.98 1343 
3/8 1194 1349 
30,000 1331 1343 
30-35 1299 
30.0 1200 
300,000 1257 1302 
301,000 1208 
305,000 1279 
315,000 1279 
315,763 1283 
316,289 1225 
319.4 1353 
320,000 1200 
328.68 1343 
329.38 1343 
34.7 1347 
35,000 1279 
35.1 1229 
351.5 1351 
354,000 1265 
358,000 1320 1327 
367,000 1311 
369,000 1320 1327 
37.1 1213 
38.04 1343 
38.42 1343 
380,000 1343 
3rd 1284 1288 1314 1320 1327 
4,073,000 1208 
4,100 1269 
4,250,000 1260 
4,277,000 1251 
4,3200,000 1200 
4,355,000 1251 
4,377,000 1314 
4,466,006 1271 1301 
4,520,781 1344 
4,573,000 1245 
4,577,000 1284 1288 
4,660,000 1245 
4,700 1269 
4,752,455 1271 1301 
4,982,000 1198 
4-1/2 1312 
4.0 1211 1301 
4.22 1343 
4.4 1316 1331 1343 
40.50 1354 
40.9 1230 1255 
41,000 1200 
42.9 1258 
43.8 1285 
434.4 1198 
439,000 1285 
44,000 1300 1332 
446,005 1355 
446,426 1344 
448.79 1325 
45.0 1295 
45.5 1258 
456,000 1285 
458.51 1325 
459,131 1293 
470,000 1317 
477,200 1354 
48.91 1325 
49.31 1354 
4th 1198 1200 1205 1229 1245 1251 1258 1265 1283 1285 1317 1339 1344 1355 
5,090,000 1251 
5,165,000 1251 
5,219,000 1314 
5,400 1242 
5,527,000 1251 
5,552,000 1198 
5,770,000 1198 
5,785,365 1344 
5,973,000 1251 
5.8 1353 
5.96 1269 
5/8 1349 
50,000 1238 1276 
50.08 1325 
50.8 1229 
500,000 1196 1215 
51.10 1325 
51.6 1338 
52.6 1338 
53.5 1353 
538,000 1265 
54.1 1338 
540385847 1199 
55.5 1338 
56,000 1279 
569.3 1314 
58.0 1285 
59,960 1246 
59.8 1251 
594,000 1265 
6,008,000 1284 1288 
6,155,461 1301 
6,174,731 1301 
6,194,000 1301 
6,287,000 1198 
6,322,000 1245 
6,712,000 1320 1327 
6,806,000 1198 
6,950,000 1213 
6-3/4 1208 1219 
6-mo 1307 
6.3 1354 
6.50 1269 
6.9 1249 
60.0 1295 
600,000 1257 
606,000 1285 
608,000 1200 
608,181 1271 1301 
61,762 1225 
610,000 1213 
617,000 1265 
62,000 1200 
625,000 1252 
634.5 1314 
642,590 1328 
646,000 1258 
649.3 1338 
651,000 1258 
66.6 1353 
666,000 1285 
674.8 1245 
68,000 1291 
692,000 1265 
695,398 1344 
7,000 1202 
7,076,000 1320 1327 
7,481,000 1205 
7,507,000-dlr 1288 
7,637,000 1251 
7,774,000 1198 
7-1/4 1267 
7-day-a 1241 
7.2 1347 
7.5 1284 
7.7 1354 
7.9 1353 
700,000 1331 1343 
705,496 1328 
709,787 1355 
71.8 1211 
72.3 1251 
75.0 1295 
750,000 1213 
758x 1242 
760.2 1245 
767-300 1227 
78.1 1343 
783,564 1283 
79.7 1343 
8,000 1202 
8,031,000 1314 
8,308,000 1198 
8,459,000 1205 
8,934 1225 
8-1/2 1349 
8-1/4 1349 
8-3/8 1352 
8.43 1352 
8.8 1272 
80.4 1198 
806,278 1283 
827.5 1198 
863,000 1285 
88,000 1200 
89-6 1337 
890,138 1264 
9,091,688 1271 1301 
9,265,457 1271 1301 
9,554,658 1229 
9,669,000 1205 
9,883,000 1284 1288 
9,900 1242 
9,995,000 1222 
9-1/2 1349 
9-1/8 1352 
9.17 1352 
9.375 1221 
9.8 1211 
9.9 1347 
906,000 1265 
913,000 1246 
95.7 1205 
950,000 1208 
962,360 1347 
98-1/8 1349 
98.7 1193 
99-1/4 1349 
99.54 1352 
99.63 1352 
`` 1197 1201 1202 1207 1208 1210 1212 1226 1227 1231 1232 1236 1249 1252 1254 1259 1269 1270 1272 1275 1290 1292 1299 1306 1312 1315 1333 1348 1353 1357 
a-3 1267 
a300-600 1227 
aac 1208 
abandon 1312 
ability 1210 1252 
abolish 1275 
above-mentioned 1303 
abroad 1275 
accelerometer 1222 
accept 1275 1312 
acceptability 1275 
acceptable 1275 1312 
access 1201 
accessories 1278 
accommodate 1233 1242 
accordance 1303 
account 1212 1272 1275 
accounted 1269 1340 
accounting 1198 1249 
accounts 1246 1308 
accu 1299 
accusing 1292 
achieve 1230 1312 
acq 1203 1209 1213 1217 1220 1228 1238 1243 1276 1280 1291 1292 1303 1316 1340 1354 
acquire 1213 1228 1276 1294 1302 
acquired 1238 1276 
acquisition 1208 1238 1243 1252 1267 1297 1316 
acquisitions 1303 
acreage 1299 
act 1275 1318 1323 
acted 1357 
acting 1236 1275 
action 1249 1267 1295 1297 1337 
actively 1208 
activities 1193 1356 
activity 1275 1330 
actve 1357 
ad 1312 
added 1201 1208 1216 1227 1248 1272 1276 1282 1306 1343 1356 1357 
adding 1210 1213 1252 1312 1316 
addition 1209 1213 1275 1336 
additional 1213 1215 1249 1295 1313 
additionally 1278 
adhesively 1263 
adjacent 1282 
adjourned 1213 1337 
adjusted 1315 1339 
adjustment 1230 
administration 1197 1276 1357 
adopted 1266 
adoption 1198 
advance 1272 1275 
advanced 1232 1310 
adventure 1237 1289 
adversely 1232 
advertising 1254 
adviser 1207 
advises 1207 
advisory 1223 1291 
advocate 1356 
aerospace 1267 1292 
affairs 1207 
affect 1232 1246 1275 
affected 1246 
affecting 1336 
affects 1267 
affiliate 1193 1209 
ag 1336 
aged 1210 
agencies 1318 1356 1357 
agency 1210 1236 1249 1272 1323 1329 1356 
aggressively 1210 
ago 1193 1197 1212 1269 1357 
agree 1212 1312 
agreed 1195 1208 1209 1213 1220 1227 1286 1290 1297 1306 1316 1333 1335 
agreement 1207 1212 1213 1241 1250 1259 1266 1290 1303 1312 1323 
agricultural 1224 1350 1356 
agriculture 1273 1295 1299 1350 1356 
agritech 1328 
ahead 1193 1259 1299 
aid 1239 1255 1266 1269 
aidc 1239 1266 
aided 1242 1252 
ailing 1236 
aimed 1275 
air 1337 1338 
airbus 1227 1252 
aircraft 1227 1238 1252 1276 1353 
airline 1252 1338 
airlines 1227 1338 
airplane 1227 
airplanes 1227 
akron 1315 1339 
al 1263 1300 1332 
alaska 1329 
alberta 1293 1335 1351 
alberto 1207 
alcan 1263 1300 1332 
alexandria 1205 
allan 1193 
allegheny 1336 
allied 1266 
allies 1290 
allocate 1306 1312 
allocations 1306 
allowing 1302 
alongside 1275 
alternative 1232 1312 
alternatives 1232 
alto 1217 1242 
alum 1263 1300 1332 
alumina 1255 
aluminium 1263 1300 1332 
aluminum 1263 1300 1332 
alummina 1230 
am-debt-brazil 1357 
am-energy 1337 
ambassador 1290 
amco 1266 
amended 1275 
amendment 1266 
amendments 1275 
america 1214 1215 1292 1333 1357 
american 1197 1201 1212 1227 1237 1238 1240 1276 1279 1289 1312 1317 1319 1343 1347 1349 1357 
american-made 1202 1204 
amex 1279 
amgd 1317 
amount 1235 1238 1249 1257 1275 1276 1353 
amr 1227 1252 
amts 1198 
anacomp 1208 
analysis 1211 1231 
analyst 1208 1227 1252 1254 1299 1306 
analysts 1214 1227 1252 1254 1299 1306 1315 1339 
anderson 1304 
angeles 1264 1311 1317 1341 
animal 1211 
announced 1213 1233 1254 1269 1303 1318 
announcement 1247 1250 1315 
annual 1210 1280 1300 1332 
annualized 1272 
annually 1353 
answered 1236 
anti-missile 1290 
anticipated 1353 
anticipates 1353 
antonio 1320 1327 
anw 1240 
anwi 1240 
ap 1304 
api 1331 1343 
apm 1304 
apparel 1269 
apparently 1212 1226 
appeal 1270 
appearance 1290 1306 
appears 1252 1306 
appleson 1269 
appliance 1336 1337 
appliances 1336 1337 
application 1195 
applications 1195 
applied 1304 
apply 1240 1275 1312 
approached 1236 
approaches 1270 
appropriateness 1275 
approval 1213 1226 1228 1289 1290 1297 1302 1335 
approve 1213 1297 
approved 1230 1255 1266 1289 1295 1303 1356 
approves 1230 1255 
approximately 1267 
april 1207 1213 1215 1234 1257 1262 1277 1287 1296 1297 1298 1312 1313 1316 1322 1326 1350 
arabia 1306 
arango 1212 
arbitrage 1354 
area 1215 1243 1269 1299 
areas 1252 1290 1299 
arena 1214 
argentina 1215 1259 1348 
argonaut 1294 
argonauts 1294 
argument 1312 1357 
ariz. 1196 1265 
arizona 1196 1350 
arm 1252 
arms 1250 1290 
army 1310 
arrangement 1213 1230 1252 1255 
arrangements 1227 1252 
arrears 1357 
arrived 1224 
arrives 1224 
artificially 1211 
arv 1352 
arvin 1352 
asia 1290 
asian 1197 
asked 1236 1266 1297 1357 
aspects 1275 
assemble 1195 
assembly 1231 
assessed 1275 
assessing 1214 
assessment 1275 1357 
assets 1193 1198 1227 1237 1289 
assigned 1246 
assimilating 1267 
assist 1230 1255 
assistance 1241 1306 
assistant 1259 1270 1348 
associates 1217 1291 1356 
association 1212 1263 1325 
associations 1249 
assume 1266 1334 
assumed 1266 
assuming 1266 
ast 1281 
asta 1281 
athough 1250 
atlanta 1241 
atlantic 1197 1334 
atmosphere 1197 
att 1319 
attack 1254 
attempt 1269 1275 1292 1306 
attractive 1202 
auction 1309 
august 1202 1231 
austin 1223 
australia 1297 1316 
author 1214 1227 1252 1254 1269 1272 1275 1299 1306 1312 1357 
authoring 1195 
authorities 1275 
authority 1299 
authorization 1275 
authorized 1297 1316 1353 
auto 1214 1228 1263 
automakers 1214 
automotive 1353 
autumn 1207 
availability 1312 
average 1204 1312 1354 
avg 1229 1245 1251 1258 1301 1320 1327 1344 
aviation 1276 1338 
avoid 1197 1201 1223 1306 1357 
b-2 1219 
b-3 1219 
b. 1353 
ba 1227 1252 
baa-2 1267 
baby 1225 1232 
back 1226 1292 1299 1312 
backlog 1249 1259 1260 
backs 1270 
bad 1272 1299 1312 
bags 1312 
baker 1357 
balance 1226 1227 1230 1275 1308 1316 
balances 1308 
balzac 1228 
bangladesh 1356 
bank 1193 1194 1210 1224 1249 1259 1272 1275 1357 
bank's 1193 1275 
banker 1275 
banking 1193 1249 1275 1318 1357 
bankruptcy 1237 1289 
banks 1259 1275 1348 1357 
barbecue 1336 
barclay's 1210 
barney 1252 1306 
barrel 1306 
barrels 1343 
barrier 1290 
base 1275 1292 
based 1195 1216 1223 
basic 1263 1312 
basis 1210 1275 1312 
baton 1229 
batteries 1228 
bauxite 1230 1255 
bbls 1331 
bc- 1228 1314 1326 
bc-******api-says-distil 1331 
bc-******gm-to-repuchase 1346 
bc-******mobil-corp-file 1256 
bc-******president-reaga 1274 
bc-******rostenkowski-ca 1206 
bc-******rostenkowski-sa 1199 
bc-******treasury's-mulf 1253 
bc-******u.s.-selling-13 1307 
bc-******white-house-say 1247 
bc-/amr- 1227 
bc-/api-says-distillate 1343 
bc-/reagan-to-make-annou 1250 
bc-/treasury's-mulford-s 1259 
bc-/u.s.-to-sell-13.2-bi 1309 
bc-aid- 1266 
bc-aid-corp- 1239 
bc-alcan- 1263 1300 1332 
bc-allegheny-int'l- 1336 
bc-american-adventure- 1237 1289 
bc-american-aircraft-buy 1276 
bc-american-aircraft-cor 1238 
bc-american-network- 1240 
bc-american-vanguard-cor 1317 
bc-amex-has-record-seat 1279 
bc-applied-magnetics- 1304 
bc-arvin-industries- 1352 
bc-ast-research-inc- 1281 
bc-att- 1319 
bc-bank-of-england-sets 1275 
bc-belgian-says-ec-would 1197 
bc-bell 1291 
bc-brazilian-finance-min 1248 
bc-bristol-myers-co- 1234 
bc-buckhorn-inc- 1258 1260 
bc-burst-agritech-inc- 1328 
bc-butler- 1220 
bc-canada-economy-expect 1272 
bc-canada-introduces-new 1318 
bc-cannon-group- 1330 
bc-carling-o'keefe-to 1294 
bc-ccr-video-1st-qtr-nov 1264 
bc-cetec-corp- 1342 
bc-ciit-plans-rights-off 1262 
bc-co-steel-inc 1245 
bc-coca-cola-bottling- 1334 
bc-colombia-to-sell-suga 1216 
bc-colombian-coffee-trad 1212 
bc-commonwealth-realty- 1221 
bc-continental-general- 1287 
bc-continental-general-i 1283 
bc-corrected 1202 1204 1209 
bc-del-e.-webb-investmen 1265 
bc-dh-howden-dividend 1244 
bc-dynamics-research- 1222 
bc-empi-inc- 1355 
bc-equitable-life-leasin 1296 
bc-executive-telecom- 1233 
bc-exporters-see-higher 1257 
bc-exspetalnick- 1292 
bc-fbi-chief-webster-ref 1236 
bc-fertility-and-genetic 1225 
bc-fertility/genetics- 1232 
bc-fruit-of-the-loom-off 1219 
bc-gao-says-fslic-shows 1249 
bc-ge- 1252 
bc-gm- 1231 1353 
bc-hanson-trust- 1303 
bc-harper-international 1320 1327 
bc-hewlett-packard- 1242 
bc-hitech- 1286 
bc-home-intensive-care- 1321 
bc-ico-quota-pact-unlike 1207 
bc-imf-approves-125.9-ml 1230 
bc-imf-approves-developm 1255 
bc-imtec- 1203 
bc-international-technol 1243 1280 
bc-jaguar- 1218 
bc-jones-medical-industr 1344 
bc-kasler-corp- 1311 
bc-kay-corp- 1198 
bc-kay-jewelers-inc- 1205 
bc-kmw- 1223 
bc-kodak- 1254 
bc-lower-coffee-prices-m 1312 
bc-margaux-controls-inc 1284 1288 
bc-maui-land-and-pinappl 1345 
bc-mca-inc- 1298 
bc-merchants-group-inc- 1285 
bc-mobil 1261 
bc-moody's-downgrades-lo 1267 
bc-more-intermediate-u.s 1295 
bc-musto- 1302 
bc-national-data- 1241 
bc-new-canada-issue-almo 1349 
bc-norfolk-southern- 1282 
bc-nynex- 1310 
bc-oil-prices-rise-on-sa 1306 
bc-oils/fats-stocks-seen 1211 
bc-pacific-lighting-copr 1341 
bc-pancanadian 1324 
bc-pancanadian-to-sell-b 1335 
bc-pantasote-inc- 1200 
bc-perini-investment- 1235 
bc-peruvian-producers-sa 1246 
bc-phone-a-gram- 1305 
bc-piedmont-air- 1338 
bc-premier-industrial- 1278 
bc-premier-industrial-co 1277 
bc-reagan-arms 1290 
bc-reid-ashman- 1340 
bc-reidel- 1323 
bc-riedel-environment- 1329 
bc-rostenkowski-opposes 1201 
bc-rostenkowski-reluctan 1226 
bc-royal- 1297 
bc-royal-resources- 1316 
bc-royal-resources-corp 1271 1301 
bc-seaman-furniture- 1313 
bc-soviet-grains-seen-en 1299 
bc-soviet-soymeal-import 1215 
bc-steelhead-resources- 1196 
bc-sun-microsystems- 1195 
bc-talking-point/auto-su 1214 
bc-telxon- 1339 
bc-telxon-corp- 1315 
bc-tender-loving- 1213 
bc-tiverton-pete-ltd 1293 
bc-treasury's-mulford-ba 1270 
bc-treasury-balances-at 1308 
bc-trimac-ltd 1351 
bc-u.k.-exports-body-get 1210 
bc-u.s.-senate-panel-cou 1356 
bc-u.s.-treasury-officia 1348 
bc-u.s.-wine-exports-ros 1347 
bc-united-cos-financial 1229 
bc-usda-to-reduce-citrus 1350 
bc-ussr-export-sale 1268 1273 
bc-varian- 1217 
bc-viacom 1354 
bc-wall-street-stocks/an 1208 
bc-weekly-electric-outpu 1325 
bc-willcox-and-gibbs-inc 1251 
bc-witco-corp- 1322 
bc-woolworth 1269 
bc-world-bank-launches-3 1194 
bc-world-bank-team-arriv 1224 
bc-writers-guild-to-meet 1333 
beach 1235 
bearish 1214 
bears 1299 
beauty 1269 
begain 1282 
began 1273 1323 
begin 1196 1290 1312 
behalf 1291 
beigie 1272 
belgian 1197 
belgium 1197 
believes 1252 1292 1306 
bell 1291 
bellows 1203 
ben 1304 
benchmark 1349 
benefit 1208 1353 
benefits 1252 1356 
bernardino 1316 
bertone 1263 
bi 1291 
bid 1279 1292 
bidding 1354 
bids 1216 
big 1197 1214 
bigger 1197 
biggest 1252 
bill 1197 1199 1201 1226 1275 1292 1318 1337 1356 
billion 1193 1206 1210 1224 1226 1227 1249 1252 1254 1256 1261 1269 1272 1275 1286 1292 1307 1308 1309 1325 1338 1349 1353 1357 
billions 1275 
bills 1307 1309 
binding 1275 
bird 1316 
bizarre 1357 
bkn 1258 1260 
blah 1199 1206 1247 1253 1256 1268 1274 1307 1324 1331 1346 
blenders 1336 
blinch 1272 
bmy 1234 
board 1203 1207 1223 1233 1266 1281 1287 1294 1304 1305 1312 1313 1316 1353 
boca 1235 
bodies 1263 
boeing 1227 1252 
bogota 1212 
bolster 1275 
bond 1194 1349 
bonded 1263 
bonding 1232 
bongard 1272 
bonn 1248 
boon 1275 
boost 1254 1297 
boosted 1208 
borrowers 1193 
bottling 1334 
bottom 1254 
bottomless 1312 
bought 1215 1223 1292 1312 1354 
bpd 1306 1343 
brannam 1269 
brazil 1212 1215 1248 1253 1259 1312 1348 1357 
brazilian 1248 1312 1357 
bread 1254 
breakdown 1312 
brent 1306 
briefing 1202 1227 1290 
bring 1306 1312 
bristol-myers 1234 
britain 1263 1275 1347 
british 1275 1292 1302 1335 
broad 1356 
broadcast 1217 1333 
broadcasting 1252 
broadening 1318 
broader 1243 
broken 1299 
brokerage 1272 1354 
brothers 1227 1252 1306 1352 
brought 1214 1242 1299 1306 1312 
bruce 1278 
brzt 1328 
btlr 1220 
buckhorn 1258 1260 
budget 1226 1272 1308 
buffalo 1285 
buffer 1312 
build 1282 1312 
builder 1276 
builders 1213 
buildiers 1213 
building 1275 1276 1282 1288 
buildings 1221 
builds 1238 
built 1231 1263 
bulk 1299 
bulletin 1343 
bullish 1214 
burden 1227 1270 
burnham 1219 1252 
burst 1328 
business 1209 1210 1252 1254 1276 1278 1292 1308 1310 1353 1354 1357 
businesses 1214 1232 1252 1254 
butler 1220 
butter 1211 1215 1254 
buy 1208 1209 1213 1227 1233 1252 1299 
buyback 1353 
buyers 1306 
buying 1208 1209 1213 1224 1227 1294 1299 
buys 1235 1238 1276 1280 
cabinet 1254 
cafe 1246 
cal 1252 
calgary 1293 1335 1351 
calif 1280 
calif. 1217 1231 1242 1243 1281 1284 1286 1288 1298 1304 1316 1340 
california 1347 1350 
call 1241 
callable 1321 
called 1203 1227 1242 1270 1275 1339 1357 
calling 1297 
calls 1206 1226 1237 1241 1289 
camaro 1231 
cameras 1254 
camp 1316 
campaign 1254 
canada 1204 1244 1245 1262 1263 1269 1272 1293 1294 1300 1314 1318 1326 1332 1335 1336 1347 1349 1351 
canadian 1272 1294 1318 1335 1347 
cancel 1227 
cancellation 1316 
candor 1299 
cannon 1330 
canot 1306 
capabilities 1242 
capacitry 1231 
capacity 1231 1300 1332 1338 1343 
capital 1193 1270 1275 1333 1352 1353 
car 1214 1231 1263 
cardenas 1212 
care 1209 1213 1321 
career 1210 
careful 1231 1299 
cargo 1216 
cargoes 1306 
caribbean 1227 
carl 1272 
carle 1313 
carling 1294 
carrier 1220 1227 
carrozzeria 1263 
carryforwards 1251 
carryovers 1285 
cars 1204 1218 1231 1263 
case 1212 1252 1312 1357 
case-by-case 1275 
cases 1249 1275 
casey 1236 
cash 1213 1221 1227 1287 1308 1324 1335 1353 
cast 1312 
castor 1211 
catastrophe 1212 
caused 1246 1275 1299 1312 
causing 1292 
cautioned 1275 
cbs 1333 
ccb 1333 
ccc-plus 1219 
ccr 1264 
cease 1231 
cec 1342 
ceiling 1275 
cement 1303 
cent 1347 
center 1241 1319 
centered 1250 
centers 1232 
central 1212 1236 
cents 1312 
certainty 1299 
certificate 1303 
certificates 1313 
certified 1276 
certify 1286 
cetec 1342 
cetek 1288 
cf6-80c2 1252 
cgic 1283 1287 
chain 1269 
chairman 1193 1201 1226 1227 1269 1278 1281 1292 1296 1304 1305 1353 1356 1357 
change 1215 1266 1297 1316 1350 
changed 1233 1269 1275 
charge 1220 1228 1288 
charged 1292 
charges 1200 1301 
charging 1228 
charlotte 1334 
cheating 1306 
chevrolet 1231 
chicago 1208 1225 1232 1291 
chief 1210 1236 1269 1272 1278 1281 1296 1299 1304 1305 1315 1334 
child 1232 1281 
children 1269 
chile 1259 
china 1257 
choice 1236 
chrispus 1224 
chrysler 1214 
cia 1236 1250 
cidn 1203 
ciit 1262 
cincinnati 1258 1260 
circumstances 1275 
citibank 1357 
cities/abc 1333 
citrus 1350 
city 1220 1298 
civil 1210 
ckb 1294 
claimed 1312 
claims 1270 1306 
clara 1340 
class 1219 1353 
classes 1353 
clean 1329 
cleanup 1323 
clear 1204 1312 1357 
clearance 1213 
cleared 1201 
cleveland 1277 1278 
clients 1291 
clock 1241 
close 1231 1237 1249 1252 1300 1312 1332 1336 1349 
closed 1220 1292 1316 1349 
closely 1266 1290 
closing 1300 1332 1335 
clouded 1214 
clouts 1197 
club 1201 1226 1294 
co-steel 1245 
co. 1227 
coast 1243 
coca-cola 1334 
coconut 1211 
coffee 1207 1212 1246 1312 
cofounder 1223 
cofoundr 1223 
cohen 1275 
coincides 1252 
coke 1334 
cold 1299 
collapse 1312 
collateral 1275 
collect 1241 
collections 1195 
colo. 1271 1297 1316 
colombia 1212 1216 
colosseum 1316 
columbia 1302 
columbus 1352 
comact 1195 
comany 1237 
combat 1212 
combined 1194 1228 1266 1270 1299 
coming 1197 
comment 1227 1236 1330 1357 
comments 1275 
commercial 1193 1227 1259 1275 1312 1348 1356 
commerically 1254 
commission 1213 1261 1291 1354 
commissions 1193 
commitment 1275 1312 
committed 1290 
committee 1201 1226 1236 1249 1356 
commodity 1295 
common 1212 1213 1219 1262 1287 1291 1297 1303 1313 1316 1321 1330 1346 1353 1354 
commons 1318 
commonwealth 1221 
communications 1310 
community 1197 1211 1215 
compact 1195 
company 1195 1196 1198 1203 1208 1213 1218 1223 1227 1228 1232 1233 1235 1237 1238 1240 1241 1242 1243 1252 1254 1261 1262 1266 1267 1269 1276 1278 1281 1282 1283 1287 1289 1292 1294 1296 1297 1300 1310 1315 1316 1319 1321 1329 1332 1334 1335 1336 1339 1340 1352 
company's 1198 1313 
compare 1357 
compared 1211 1269 1280 1308 1312 
compares 1312 
compatible 1281 
compensatory 1230 
compete 1210 1269 1275 
competing 1232 
competition 1214 1275 
competitive 1353 
compiled 1275 
complaints 1201 
complete 1208 1260 
completed 1353 
completes 1303 
completion 1228 1259 1348 
complicated 1214 
components 1278 
compromise 1312 
computer 1195 1203 1242 
computerized 1254 
computers 1281 
concern 1292 
concerned 1259 1275 
concerns 1210 1349 
concessional 1356 
concessions 1357 
conciliatory 1201 
conclude 1259 1348 
condition 1210 1312 
conditioners 1337 
conditions 1299 1353 
conference 1197 
confidence 1306 
confirmed 1227 1237 
conflict 1197 1223 
conflicting 1233 
confrontation 1357 
congress 1197 1201 1226 1249 1337 
congressional 1226 
congressmen 1197 
conn. 1200 
connection 1198 1353 
consecutive 1269 
consensus 1357 
conservative 1275 
considerable 1357 
considered 1249 1275 1312 
consist 1335 
consistent 1290 
consolidated 1334 1336 
consolidation 1318 
consortium 1227 
consternation 1212 
constraints 1275 
construction 1282 
consultations 1275 1290 
consultative 1275 
consumer 1193 1195 1254 1312 
consumers 1312 
consuming 1212 1312 
consummation 1213 
consumption 1211 1263 
contact 1197 
containers 1260 
contaminated 1323 1329 
contents 1254 
continental 1283 1287 
contingent 1249 
continue 1193 1213 1230 1232 1249 1296 1306 1336 1353 1357 
continued 1193 1201 1246 1272 1312 1347 
continues 1213 1254 1269 1278 
continuing 1211 1248 
continuous 1272 
continuously 1263 
contract 1216 1222 1241 1252 1257 1310 1323 1329 1333 
contractor 1323 
contrast 1312 
contribute 1254 
contributed 1208 1347 
control 1250 1292 
controls 1220 1275 1284 1288 
convened 1213 
convern 1210 
conversion 1270 1321 
conversions 1270 
convert 1321 
converted 1270 1321 
convertible 1213 1219 1267 1303 1321 
cookville 1336 
cooperate 1195 
cooperation 1306 
cooperative 1246 
cooperatives 1246 
copied 1242 
copiers 1254 
copr 1341 
cork 1272 
corn 1211 1215 1268 1273 
corporate 1195 1261 1266 1292 
corporation 1202 1260 1295 
corrected 1202 1204 1209 
corrects 1209 
correlation 1299 
corridors 1312 
cos 1229 
cosmetics 1269 
cost 1224 1300 1303 1332 
costa 1356 
costs 1200 1220 1221 1242 1300 1332 
cotton 1211 
council 1207 1306 1312 1357 
counterproductive 1270 
countries 1201 1207 1210 1212 1230 1270 1312 1356 1357 
country 1210 1248 1272 1292 1357 
country's 1357 
county 1316 
couples 1232 
coupon 1194 
court 1237 1289 
cover 1306 
coverage 1295 
covered 1211 1329 
covering 1306 1333 
cp 1335 
crandall 1227 
create 1254 1269 1270 
creating 1270 
creative 1252 
credit 1221 1275 1295 1349 1356 1357 
crediting 1252 
creditor 1275 1357 
creditors 1357 
credits 1200 1210 1252 1275 1295 
criminal 1275 
crisis 1197 1357 
criteria 1312 
critical 1254 
criticism 1210 
criticized 1197 1270 
criticizes 1292 
croo 1197 
crop 1212 1246 1299 1312 
crops 1299 
cross 1197 
crtyz 1221 
crucial 1299 
crude 1306 1324 1331 1335 1343 
csecs= 1199 
ct 1208 
cumulative 1295 1321 
curb 1211 
curbing 1197 
current 1241 1252 1272 1279 1284 1306 
curtailed 1201 
customer 1240 
customized 1223 
customs 1257 
cut 1201 1206 1211 1212 1227 1306 
cuts 1291 
cynical 1312 
d'afflisio 1306 
d-ill. 1201 
d-mont 1356 
d-vt. 1356 
d.h. 1244 
dallas 1249 
damage 1246 1312 
damaged 1299 
dan 1201 1226 
danger 1357 
daniel 1306 
data 1220 1241 1254 1353 
datagraphix 1208 
dauster 1312 
david 1259 1270 1348 1357 
day 1308 1312 1343 
days 1207 1227 1275 1308 
dayton 1336 
de 1197 
deadlock 1207 
deal 1197 1208 1221 1227 1233 1252 1335 1357 
dealers 1349 
dealings 1291 
deals 1227 1292 
debate 1275 
debated 1226 
debentures 1219 1267 1303 1352 
debt 1210 1212 1221 1227 1248 1252 1256 1259 1261 1267 1270 1292 1312 1348 1352 1357 
debtor 1270 1275 
debtors 1253 1259 1348 1357 
debts 1212 1357 
dec 1198 1271 1288 1291 1293 1301 
december 1208 1213 1225 1306 1318 1350 
decided 1294 1300 1332 1340 
decidedly 1214 
decides 1252 
decision 1252 1357 
decisions 1212 1312 1357 
declared 1287 1313 
decline 1214 1230 1252 1349 
declined 1193 1207 1227 1248 1252 1330 1357 
declines 1306 1330 
declining 1347 
decrease 1353 
decreased 1295 
deducted 1249 
defend 1212 1260 
defense 1290 
deficit 1206 1249 1272 
defines 1297 
defining 1312 
del 1265 
delaware 1237 1289 
delegate 1312 
delegates 1312 
delegation 1248 
delegations 1207 
delisted 1303 
delivery 1201 1216 1227 1252 1257 
demand 1211 1272 1306 
demands 1299 
democratic 1197 
denials 1306 
denied 1201 
denominations 1194 
denver 1228 1271 1297 1301 1316 
department 1210 1273 1275 1295 1299 1318 1356 
department's 1249 1350 
departmental 1242 
departments 1357 
depend 1275 
deposit 1193 1275 1318 
deposit-takers 1275 
deposits 1196 1227 
depressed 1312 
deputy 1272 1306 
des 1239 1266 
design 1195 1242 1286 
designed 1230 1242 1286 
designs 1217 
desire 1357 
desktop 1242 1286 
desperate 1299 
destinations 1268 1273 
detail 1252 
detailed 1290 
details 1233 1248 1250 1306 1312 
deteriorated 1272 
deterioration 1230 
determine 1299 1312 
determined 1249 1261 1275 1306 
detroit 1214 1231 
develop 1195 1223 1290 
developed 1210 1263 
developers 1195 
developing 1212 1270 1356 
development 1228 1230 1252 1255 1259 1270 1348 1356 1357 
device 1242 
devices 1319 
dictate 1312 
diego 1296 
difference 1312 
differences 1312 
difficult 1212 1312 1357 
difficulties 1193 
difficulty 1306 
dilson 1248 1357 
dim 1207 1299 
dime 1269 
dinner 1248 
diplomats 1224 
direct 1312 
director 1210 1223 1236 
directors 1203 1213 1233 1287 1353 
disc 1195 
disclose 1282 
disclosed 1220 1250 
discontinue 1350 
discontinued 1258 1284 1288 
discount 1269 1306 
discounts 1306 
discuss 1312 1357 
discussed 1248 
discussion 1275 1357 
discussions 1217 1248 1259 1357 
disk 1242 1254 
disposal 1193 
dissatisfaction 1203 
dissatisfied 1357 
distance 1240 1241 1252 
distillate 1331 1343 
distinctions 1275 
distributed 1198 1313 
distribution 1198 1202 1213 1278 
district 1249 1289 
div 1234 1239 1277 1298 1322 1326 1341 1342 1345 
diversified 1254 
diverted 1197 
divest 1340 
divided 1309 
dividend 1239 1244 1277 1287 1341 1342 1345 
divisioin 1241 
division 1200 1220 1254 1336 1340 
dlr 1193 1208 1221 1222 1252 1254 1260 1261 1262 1292 1303 1306 1346 1349 1352 1353 
documents 1242 1254 
dollar 1202 1204 1347 
dollars 1204 1275 
domestic 1193 1197 1211 1272 1357 
dominican 1356 
dominion 1272 
donation 1356 
donors 1224 
doubled 1208 1210 
doubt 1312 1357 
douglas 1312 
downgrade 1267 
downgraded 1267 
downgrades 1267 
downtown 1282 
downturn 1252 
dr 1222 
draft 1274 1290 
drafting 1356 
drafting-plotter 1242 
draftmaster 1242 
draftmasters 1242 
draftpro 1242 
draftsmaster 1242 
dramatized 1197 
drawers 1254 
drawn 1230 1255 1356 
drco 1222 
drexel 1219 1252 
drink 1334 
drive 1254 
drop 1210 
dropped 1204 1350 
dropping 1214 
drought 1212 1312 
drug 1212 1269 
drum 1310 
dry 1299 
dryers 1337 
dryness 1299 
dubai 1306 
due 1193 1194 1204 1207 1215 1219 1224 1230 1255 1267 1299 1300 1303 1306 1312 1316 1332 1352 
dutch 1195 
dwindled 1357 
dwpa 1265 
dynamics 1208 1222 
e. 1265 
e.f. 1254 1299 
earlier 1193 1208 1211 1242 1290 1325 
earlier-proposed 1275 
early 1210 1211 1227 1230 1246 1269 1333 
earn 1198 1200 1205 1208 1225 1229 1234 1239 1244 1245 1251 1252 1258 1260 1264 1265 1269 1271 1277 1283 1284 1285 1287 1288 1293 1298 1301 1311 1313 1314 1315 1317 1320 1322 1326 1327 1328 1339 1341 1342 1344 1345 1351 1355 
earned 1208 1339 
earning 1249 1252 
earnings 1193 1198 1208 1212 1214 1220 1269 1315 1339 1353 
ease 1201 1270 
eastman 1254 
eavesdropping 1286 
ec 1197 1211 
ecgd 1210 
echelon 1281 
economic 1224 1230 1255 1272 1357 
economies 1306 
economist 1224 1272 1306 
economists 1272 
economy 1252 1272 
edelman 1254 
edgar 1254 
edged 1347 
edison 1325 
editors 1333 
eds 1353 
edt 1333 
education 1195 
edward 1296 
eei 1325 
effect 1220 1252 1337 
effecting 1270 
effective 1231 1266 1270 1296 1334 
effectively 1212 1290 
efficiency 1337 
efficient 1252 
effort 1230 1292 1306 1357 
efforts 1212 1260 1347 
egg 1232 
eight-year 1221 
ek 1254 
election 1281 
electric 1252 1325 1336 
electrical 1325 
electromagnetic 1286 
electronic 1254 1278 1353 
electronics 1195 1209 1217 1278 
elements 1252 1312 
eligible 1266 1295 
eliminate 1270 
elimination 1290 
ellman 1254 
emergency 1243 1280 1306 
emerging 1254 
empi 1355 
employees 1336 
employees' 1221 
employs 1300 1332 
enable 1195 1319 
enacted 1197 1226 
encompasses 1323 
encourage 1270 1312 
end 1201 1211 1221 1231 1249 1312 1346 1353 
end-september 1211 
ended 1193 1207 1208 1210 1212 1225 1230 1255 1325 1327 1340 1343 
ending 1208 1290 1312 1315 1339 
ends 1241 
enduring 1299 
enercon 1220 
energy 1193 1220 1230 1325 1337 
engaged 1228 
engine 1252 
engineering 1286 
engineers 1310 
engines 1252 
england 1275 
enhancement 1257 1356 
ensure 1275 
enter 1209 
entered 1228 1282 
entering 1299 
entertain 1340 
entertainment 1195 
entire 1221 1299 
entities 1275 
entitle 1262 
entry 1242 
envirnomental 1323 
environment 1260 1329 
environmental 1243 1280 1323 1329 
epa 1323 1329 
equal 1275 1299 
equally-owned 1221 
equimpment 1217 
equipment 1214 1233 1286 
equitable 1296 
equity 1198 1227 1238 1270 
equivalent 1254 1354 
essentially 1227 1272 
est 1333 
est/2030 1247 1250 
establish 1232 1249 1312 1356 
establishing 1241 
establishment 1232 
estimate 1312 1339 1350 
estimated 1227 1249 1257 1286 
estimates 1208 1252 1306 1315 
estimating 1350 
eugene 1305 
eurobond 1275 
eurobonds 1275 
euromarkets 1275 
euromoney 1275 
europe 1197 1202 1204 1227 1250 1290 
european 1197 1202 1207 1211 1215 1227 1248 1306 
evaluating 1275 
evaluation 1232 
evening 1248 
evenly 1309 
eventual 1290 
evidence 1259 
evident 1212 
ex-cia 1236 
examining 1267 
exceed 1215 1254 1353 
exceeded 1275 
exceeding 1275 
excellent 1299 
exceptional 1275 
excess 1196 1241 1275 1295 
exchange 1193 1213 1224 1240 1261 1279 1291 1303 1330 1354 1357 
exchanged 1219 
exchequer 1210 
exclude 1245 1285 
excludes 1198 1200 1251 1258 1314 
excluding 1353 
executive 1207 1210 1221 1231 1233 1269 1278 1281 1296 1304 1305 1312 1315 1334 
executives 1278 1292 
exhibit 1263 
exist 1275 
existing 1352 
expand 1227 1272 
expanding 1272 
expansion 1272 
expect 1211 1224 1226 
expected 1208 1215 1220 1224 1237 1246 1252 1254 1272 1297 1335 1353 1356 
expects 1208 1218 1241 1252 1315 1339 
expenditures 1230 
expense 1260 
expenses 1193 1292 
expensive 1260 
experience 1275 
experts 1214 
expired 1333 
explain 1248 
explained 1232 
explaining 1213 
exploration 1297 1316 1335 
explorations 1302 
exploring 1232 
export 1207 1210 1212 1230 1246 1255 1257 1275 1295 1312 1356 
exported 1246 1257 1295 1347 
exporters 1212 1257 1268 1273 1312 
exporting 1207 1212 1312 
exports 1201 1210 1246 1272 1295 1312 1347 
expose 1275 
exposure 1227 1275 
exposures 1275 
expressed 1203 
expressions 1294 
extend 1213 1306 
extended 1213 1295 1321 
extends 1321 
extension 1227 1356 
extensive 1246 
extent 1227 1275 1306 
external 1212 
extraodinary 1258 
extraordinary 1200 1258 1314 
eye 1290 
f.w 1269 
f0186 1194 
f0196 1195 
f0197 1196 
f0198 1197 
f0208 1198 
f0221 1199 
f0235 1200 
f0239 1201 
f0240 1202 
f0241 1203 
f0246 1204 
f0252 1205 
f0253 1206 
f0260 1207 
f0264 1208 
f0266 1209 
f0275 1210 
f0277 1211 
f0294 1212 
f0304 1213 
f0315 1214 
f0319 1215 
f0325 1216 
f0333 1217 
f0344 1218 
f0345 1219 
f0348 1220 
f0351 1221 
f0358 1222 
f0360 1223 
f0362 1224 
f0523 1225 
f0524 1226 
f0525 1227 
f0541 1228 
f0542 1229 
f0547 1230 
f0553 1231 
f0565 1232 
f0577 1233 
f0578 1234 
f0579 1235 
f0580 1236 
f0590 1237 
f0596 1238 
f0600 1239 
f0605 1240 
f0615 1241 
f0616 1242 
f0619 1243 
f0625 1244 
f0639 1245 
f0641 1246 
f0642 1247 
f0649 1248 
f0651 1249 
f0652 1250 
f0658 1251 
f0659 1252 
f0662 1253 
f0665 1254 
f0667 1255 
f0672 1256 
f0676 1257 
f0682 1258 
f0683 1259 
f0693 1260 
f0695 1261 
f0698 1262 
f0699 1263 
f0707 1264 
f0709 1265 
f0714 1266 
f0716 1267 
f0720 1268 
f0722 1269 
f0726 1270 
f0729 1271 
f0733 1272 
f0735 1273 
f0737 1274 
f0740 1275 
f0742 1276 
f0743 1277 
f0745 1278 
f0746 1279 
f0749 1280 
f0759 1281 
f0761 1282 
f0762 1283 
f0764 1284 
f0767 1285 
f0769 1286 
f0770 1287 
f0771 1288 
f0772 1289 
f0779 1290 
f0785 1291 
f0787 1292 
f0789 1293 
f0791 1294 
f0792 1295 
f0799 1296 
f0800 1297 
f0804 1298 
f0805 1299 
f0806 1300 
f0809 1301 
f0813 1302 
f0817 1303 
f0822 1304 
f0830 1305 
f0832 1306 
f0842 1307 
f0852 1308 
f0854 1309 
f0855 1310 
f0856 1311 
f0857 1312 
f0858 1313 
f0859 1314 
f0862 1315 
f0863 1316 
f0868 1317 
f0872 1318 
f0873 1319 
f0874 1320 
f0878 1321 
f0879 1322 
f0896 1323 
f0900 1324 
f0903 1325 
f0907 1326 
f0909 1327 
f0912 1328 
f0919 1329 
f0922 1330 
f0924 1331 
f0930 1332 
f0931 1333 
f0933 1334 
f0934 1335 
f0940 1336 
f0943 1337 
f0948 1338 
f0950 1339 
f0951 1340 
f0954 1341 
f0955 1342 
f0957 1343 
f0961 1344 
f0963 1345 
f0964 1346 
f0967 1347 
f0968 1348 
f0969 1349 
f0972 1350 
f0976 1351 
f0977 1352 
f0981 1353 
f0982 1354 
f0983 1355 
f0986 1356 
f0993 1357 
face 1201 1269 1275 
facilities 1275 1336 
facility 1230 1310 1336 
facing 1249 
factor 1338 
factors 1212 1306 
fail 1212 
failed 1312 
failing 1212 
failure 1212 1312 
failures 1269 
fairness 1201 
fall 1210 1211 1218 1226 1299 1312 
falling 1211 1306 
falls 1203 
family 1242 
fantasies 1269 
farmers 1299 
faster 1357 
fats 1211 
faulty 1299 
favor 1213 
favorable 1227 
fbi 1236 
fear 1257 1306 
feature 1275 
feb 1291 1308 1325 1341 1343 1345 
february 1213 1218 1246 1257 1287 1312 1316 1337 1338 1350 
fed 1308 1357 
federal 1249 1272 1276 1308 1318 1329 1333 1356 1357 
federation 1207 
feed 1299 
feeding 1299 
feel 1299 1357 
fees 1193 1194 
feet 1235 
feldspar 1196 
fell 1193 1210 1308 1343 1349 
fellow 1208 
felt 1312 
fernand 1300 1332 
fertility 1225 1232 
fertility/genetics 1232 
fertilized 1232 
fight 1212 
figure 1204 
figures 1215 1257 1275 1317 
file 1254 
filed 1213 1261 1262 
files 1256 1261 
filing 1291 1303 1354 
filled 1338 
film 1254 
final 1262 1272 1275 1299 1337 
finance 1210 1224 1227 1248 1267 1272 1278 1318 1357 
financial 1214 1227 1229 1230 1252 1255 1259 1275 1278 1282 1296 1318 
financing 1227 1230 1252 1259 1303 1348 
find 1254 1312 
finland 1194 
fire-fighting 1278 
firebird 1231 
firm 1195 1208 1238 1243 1275 1280 1354 
firmly 1290 
firms 1210 1275 
fiscal 1208 1241 1295 
fish 1211 
five-fold 1202 
fixed 1306 
fla. 1235 
flat 1272 
flatbed 1242 
flawed 1275 
flight 1270 
flood 1214 1246 
floods 1246 
floor 1312 
floors 1282 
florida 1235 1292 1350 
flow 1357 
flown 1338 
flows 1353 
fluke 1299 
folk 1269 
follow 1214 
fom 1197 
food 1211 1356 
foot 1269 
football 1294 
footing 1275 
footwork 1252 
force 1312 
forced 1236 
forces 1290 1312 
ford 1214 
forecast 1208 1211 1214 1272 1299 1312 
forecaster 1299 
forecasts 1339 1350 
foreign 1193 1197 1201 1207 1224 1357 
forge 1221 
forgiveness 1270 
form 1306 
formal 1275 1294 
formula 1290 1312 
fort 1310 
forthcoming 1312 
forward 1210 1246 
fought 1292 
found 1312 
founded 1269 
founder 1223 1340 
four-member 1224 
four-year 1227 
fourth 1208 1220 1269 1272 1315 1339 
framework 1318 
framingham 1235 
france 1257 
francisco 1238 1276 1347 
francisco-based 1347 
frankfurt 1300 1332 
fred 1223 1305 
frederick 1249 
free-standing 1232 
freedom 1201 
fremont 1284 1288 
french 1257 
frequencies 1217 
fresh 1212 
friday 1357 
friends 1290 
frosts 1215 
fruit 1219 
fry 1202 1204 
fslic 1249 
fuel 1252 1263 1272 1343 
full 1207 1275 1283 1312 
funaro 1248 1357 
fund 1224 1230 1255 1267 1352 
fundamental 1227 1306 
funded 1353 
funding 1230 
funds 1230 1249 1357 
furnances 1337 
furniture 1313 
future 1249 1292 1297 1299 1312 1353 
futures 1216 1306 1312 
gail 1269 1299 
gain 1198 1245 1258 1314 1351 
gaining 1312 
gains 1193 1251 1285 
gallons 1347 
gao 1249 
garofalo 1269 
gas 1297 1301 1316 1335 1343 
gasoline 1331 1343 
gates 1236 
gave 1306 
gd 1208 
gdp 1272 
ge 1252 
geert 1275 
general 1202 1208 1214 1226 1231 1232 1248 1249 1252 1254 1261 1269 1275 1283 1287 1353 1357 
generally 1214 1269 1299 
generate 1241 1356 
generated 1269 1325 1353 
generation 1242 
generations 1227 
genetics 1225 1232 
geneva 1202 1263 1290 
gerhard 1248 
german 1248 1300 1332 
germany 1204 1300 1332 
germination 1299 
gestation 1232 
giant 1214 
gibbs 1251 
gilberto 1212 
gill 1210 
give 1227 1248 1275 1306 
giving 1292 
global 1353 
gm 1202 1204 1214 1231 1346 1353 
gme 1353 
gmh 1353 
gmt 1247 1250 
gnp 1272 
goaa 1237 1289 
goal 1297 
goeglein 1281 
gold 1297 1316 
goldsmith 1292 
goleta 1304 
good 1197 1252 1254 1299 
goods 1197 1201 1272 
goodwill 1207 
goodyear 1267 1292 
gorbachev 1290 
government 1211 1224 1230 1255 1275 1286 1356 
governments 1248 1275 1357 
gradually 1299 
grain 1215 1257 1268 1273 1295 1299 
grains 1299 
granted 1275 
grapefruit 1350 
graphics 1242 
gratifying 1269 
greco 1254 
green 1249 
greenwich 1200 
grew 1272 
griffin 1334 
grills 1336 
gross 1272 
groundnut 1211 
grounds 1197 
group 1195 1231 1246 1266 1275 1278 1285 1326 1330 1343 1347 1354 
groups 1246 1269 1352 
grow 1272 
growing 1269 1299 
grows 1227 
growth 1193 1218 1230 1272 1306 
gsm-102 1295 
gsm-103 1295 
gt 1292 
guarantee 1210 1275 1295 
guaranteed 1275 
guarantees 1275 
guidance 1222 
guild 1333 
gulf 1243 1306 
h.p 1252 
half 1208 1218 1221 1252 1299 1300 1301 1332 1353 
hamburg 1211 1215 
hamilton 1278 
han 1303 
handle 1249 1275 
handling 1263 
hanson 1303 
happening 1259 
happy 1312 
hard 1242 1269 1306 1312 
hardware 1195 
harlow 1208 
harm 1292 
harold 1269 
harper 1320 1327 
harris 1252 1291 1306 
harvest 1246 1299 
harvesting 1246 
havew 1203 
hawaii 1329 1342 1345 
hazardous 1243 1323 1329 
head 1236 1250 
headlines 1197 
headquarters 1282 1336 
health 1209 1213 1269 1326 
hearing 1249 1292 1319 
hearing- 1319 
hearing-impaired 1319 
heavily 1270 
heavily-indebted 1357 
heavy 1246 1312 
hectares 1299 
held 1203 1213 1262 1312 1313 1343 1353 1357 
helicopter 1238 1276 
helicopters 1238 1276 
helped 1252 
helsinki 1194 
henry 1281 
herman 1197 
hesse 1207 
hewlett 1242 
hewlett-packard 1242 
heymann 1252 
hidden 1312 
high 1208 1279 1281 1292 1300 1306 1332 
higher 1193 1211 1257 1260 1269 1315 1339 
highest 1299 
hike 1226 
hit 1230 1269 
hitech 1286 
hnt 1320 1327 
hoc 1312 
hold 1226 1237 1289 1306 
holder 1262 
holder's 1219 
holders 1198 1297 1313 1321 1353 
holding 1216 1217 1312 
holdings 1312 
holiday 1281 
home 1195 1249 1290 1321 
hope 1312 
hopelessly 1249 
hopes 1202 
hoping 1246 1306 
horman 1296 
horse 1312 
hospitality 1314 
hostile 1260 1292 
hosts 1357 
hours 1325 
house 1199 1201 1226 1247 1249 1250 1259 1270 1290 1318 1337 1348 
household 1337 
howard 1208 
howden 1244 
hp 1242 
huge 1299 
hughes 1353 
hughes' 1353 
hume 1357 
hunter 1238 1276 
hurt 1193 1197 1292 
hutton 1254 1299 
hwp 1242 
ibc 1312 
ibm 1254 1281 
ice-crusting 1299 
iceland 1290 
ico 1207 1212 1246 1312 
ico-coffee 1207 1212 1312 
identics 1203 
idling 1336 
ii 1242 
iii 1282 
image 1254 
images 1242 
imagine 1312 
imaging 1254 
imf 1224 1230 1255 
immediately 1213 1230 1255 
imminent 1212 
impact 1211 1212 1299 
impaired 1319 
implement 1318 
import 1201 
important 1290 
imported 1215 
importer 1347 
importers 1312 
importing 1207 1312 
imports 1197 1210 1215 1226 1272 1343 1347 
impose 1197 
imposed 1312 
impossible 1312 
impractical 1270 
improve 1263 
improved 1193 1230 1252 1269 1272 
improvement 1269 
improvements 1353 
imprudent 1275 
imtc 1203 
imtec 1203 
inadequate 1299 
inc's 1338 
include 1213 1226 1284 1301 1318 
included 1220 1260 
includes 1283 1285 1351 
including 1194 1212 1303 1306 
inclusion 1275 
income 1193 1198 1255 1269 1285 1353 
incorporated 1237 1289 
increase 1193 1211 1226 1235 1238 1246 1266 1267 1272 1297 1316 1353 
increased 1272 1299 1338 1347 
increases 1211 1226 1244 1269 1295 
increasing 1252 
increasingly 1227 1353 
incurred 1260 
ind. 1352 
indebted 1270 
indefinitely 1353 
indepedent 1306 
independence 1292 
independent 1352 
india 1356 
indian 1211 
indidate 1306 
indirect 1303 
individual 1226 1275 
indonesia 1312 1356 
indonesian 1306 
industrial 1277 1278 1286 1292 
industrial/warehouse 1235 
industrialist 1292 
industrialized 1212 1357 
industrie 1227 1252 
industries 1224 1275 1291 1344 1352 
industry 1197 1214 1226 1263 1269 1306 1343 1347 
industry's 1214 
ine 1198 
inf 1290 
infantry 1310 
infertile 1232 
inflation 1230 1349 
inform 1275 
information 1195 1232 1254 1286 1310 
informed 1203 
inhibit 1275 
initial 1275 1310 
initiative 1257 
inlcude 1288 
inserting 1204 
insisted 1290 1312 
insolvent 1249 
institute 1312 1325 1343 1347 
institutions 1195 1259 1270 1275 1318 1348 
instructed 1290 
insufficient 1312 
insurance 1210 1249 1266 1283 1287 1318 
insure 1299 
insured 1210 1249 
insuring 1210 
int'l 1336 
integrate 1208 
integrating 1208 
integration 1195 
intelligence 1236 
intelligent 1212 
intense 1275 
intensified 1214 
intensive 1321 
intent 1228 
interactive 1195 
interagency 1357 
interemdiate 1295 
interest 1193 1198 1221 1230 1238 1252 1270 1276 1292 1294 1316 1335 1356 1357 
interested 1356 
interests 1223 1335 
intermediate 1274 1290 1295 
international 1193 1207 1212 1224 1230 1240 1243 1246 1255 1259 1263 1270 1280 1312 1320 1327 1336 1348 1354 1356 
interview 1312 
introduce 1211 
introduced 1211 1242 1318 
introduces 1318 
introducted 1197 
inventory 1235 
investigating 1249 
investment 1193 1198 1235 1265 1270 1285 1291 1354 
investments 1228 
investor 1275 
investors 1214 1219 1267 1302 
involve 1353 
involved 1275 
involves 1220 
iowa 1239 1266 
iran 1197 
iranian 1306 
iron 1312 
irvine 1281 
issue 1194 1275 1314 1349 
issued 1275 1309 1350 
issuers 1275 
issues 1197 1207 1208 1219 1226 1275 1290 1309 1352 
italian 1207 
italy 1207 
itd 1260 
item 1258 
items 1226 
itx 1243 1280 
iv 1323 
j. 1269 
jack 1210 
jagry 1218 
jaguar 1218 
jam 1312 
jamaica 1230 1255 
james 1202 1292 1334 1357 
jan 1288 1311 1314 1320 1327 1341 1354 
january 1193 1215 1257 1266 1279 1300 1332 1350 
january/march 1215 
japan 1197 1209 1306 1347 
japanese 1214 1306 
jawboning 1306 
jestin 1272 
jet 1252 
jewelers 1198 1205 
jim 1299 
jmed 1344 
jobs 1270 1292 
john 1356 
johnes 1296 
johnson 1278 
joined 1263 1296 
joint 1221 1233 1282 
jones 1344 
jorio 1312 
jose 1286 
jr. 1334 
judiciary 1236 
jugular 1212 
julius 1227 
july 1215 1219 1257 1350 
july/june 1257 
june 1244 1300 1312 1332 1350 
justo 1246 
kahului 1342 1345 
kaiser 1303 
kampala 1224 
kampelman 1290 
kan. 1328 
kansas 1220 
kasier 1303 
kasl 1311 
kasler 1311 
katrine 1224 
kay 1198 1205 
kdny 1321 
keeping 1306 1312 
kenya 1356 
kevin 1227 
keyboard 1319 
kilos 1246 
kilowatt 1325 
kilowatt-hours 1325 
kingdom 1217 
kinney 1269 
kirkland 1237 1289 
kiyonga 1224 
kji 1205 
klingensmith 1223 
kmw 1223 
kmws 1223 
koba 1209 
kodak 1254 
krl 1223 
l.p. 1291 
la. 1229 
lace 1209 
lake 1213 
lambert 1219 1252 
land 1345 
lapse 1312 
lard 1211 
large 1210 1214 1215 1249 1267 1275 
large-scale 1270 
largely 1204 1214 1306 
larger 1242 
largest 1269 
laser 1242 1286 
laserjet 1242 
lashed 1292 
lasting 1312 
late 1207 1299 1357 
latest 1308 1357 
latin 1312 1348 1357 
launched 1254 
launches 1194 
launching 1194 1254 
lawn 1336 
lawrence 1254 1296 
lay 1227 
lb 1212 1312 
lead 1193 1194 1219 1272 1275 
leader 1290 
leading 1347 
league 1294 
leahy 1356 
learmond 1312 
lease 1227 
leased 1196 
leases 1196 1227 1252 
leasing 1227 1233 1296 
leave 1226 
leavitt 1252 
leclerc 1300 1332 
led 1210 1224 1306 1352 
left 1223 
leg 1248 1275 
legal 1275 
legislation 1197 1201 1275 1318 
lehman 1306 
lemons 1350 
lending 1193 1253 1259 1270 1348 1357 
lenient 1275 
leonia 1218 
lesser 1210 
letter 1228 
level 1226 1252 1306 1353 
levels 1214 1260 
lft 1209 
liability 1249 
libraries 1254 
licensed 1275 
life 1263 1296 
lifetime 1209 
light 1310 
lighting 1341 
lima 1246 
limit 1197 1226 
limited 1217 1227 1275 1291 1326 
limits 1275 
lin 1211 
line 1220 1242 1254 1295 1306 
lines 1220 1221 1275 1357 
linkage 1290 
linking 1290 
linnebank 1275 
list 1210 1356 
listen 1319 
listing 1194 
livestock 1299 
load 1338 
loan 1221 1249 1275 1308 
loans 1193 1259 1306 1348 1357 
local 1270 1275 1333 
locate 1282 
located 1340 
logo 1266 
london 1210 1212 1216 1244 1275 1312 
long 1210 1240 1241 1252 1263 
long-range 1227 1290 
longer 1203 1299 
longshot 1306 
looked 1275 
loom 1219 
lor 1267 
loral 1267 
loral's 1267 
los 1264 1311 1317 1341 
lose 1306 
losing 1357 
loss 1193 1200 1225 1258 1260 1271 1283 1284 1285 1288 1301 1311 1328 1355 
losses 1215 1288 1301 
lost 1249 
lot 1197 1299 
louis 1344 
loving 1213 
low 1202 1211 1212 1306 1312 
lower 1193 1230 1252 1299 1312 
lowered 1291 
lowest 1212 
ludena 1246 
ludwigshafen 1300 1332 
lukman 1306 
lump 1210 
luncheon 1226 
lynch 1352 
machine 1242 
machines 1242 
made 1212 1215 1233 1238 1254 1259 1263 1299 1339 1340 1348 1356 1357 
magazine 1275 
magellan 1228 
magellan-corp 1228 
maggie 1299 
magnate 1354 
magnetics 1304 
main 1318 1357 
maintain 1252 
maintaining 1224 
maintenance 1278 
major 1201 1214 1223 1226 1252 1253 1254 1259 1260 1290 1299 1337 1348 1357 
majority 1197 1203 
make 1204 1241 1247 1250 1263 1306 1312 1357 
makes 1202 1227 1243 1336 
making 1257 1263 1275 1282 1303 1315 1357 
malaysia 1356 
malcolm 1210 
maldutis 1227 
mall 1221 
manage 1275 
management 1203 1213 1220 1243 1288 1354 
manager 1194 1219 1254 
managing 1275 
managment 1194 
mandel 1278 
mankowski 1252 
manufacture 1278 
manufactured 1204 1276 
manufacturer 1260 
manufacturers 1214 1227 1337 
manufactures 1217 
manufacturing 1220 1336 
map 1212 
margaux 1284 1288 
margins 1254 
margoshes 1306 
margx 1284 1288 
marin 1246 
marion 1306 
market 1193 1201 1212 1216 1254 1275 1286 1299 1306 1312 1353 
marketing 1273 1312 
marketplace 1353 
markets 1201 1254 1306 1312 1347 1349 1352 
markka 1194 
martell 1299 
marvin 1334 
mass. 1222 1235 
massive 1197 
materials 1243 1263 
maternal 1232 
matthews 1281 
maturing 1309 
maui 1345 
max 1290 
maximum 1275 
mca 1298 
mccance 1281 
mckinley 1306 
mcminnville 1336 
mcneil 1299 
mds 1326 
mds-health-group-lim 1326 
meal 1215 
meal-feed 1215 
means 1201 1226 
measure 1337 1356 
measures 1270 1318 
mediation 1333 
medical 1344 
medically 1232 
medicine 1232 
mediocre 1299 
medium 1230 1250 
medium-range 1290 
meet 1207 1275 1312 1333 1337 1357 
meeting 1207 1212 1213 1233 1266 1281 1290 1292 1297 1306 1316 1357 
meets 1248 1312 
melcher 1356 
melting 1299 
member 1294 1305 1306 
members 1246 1281 1306 1312 1356 
membership 1279 
men 1248 
mentioned 1236 
mercer 1292 
merchandise 1269 1272 
merchants 1285 
merger 1203 1213 1228 1303 
merrill 1352 
mess 1357 
message 1201 
met 1248 1294 
meteorologist 1299 
methods 1263 
metric 1300 
mexican 1259 1348 
mexico 1356 
meyo 1315 
miami 1292 1321 
michael 1254 1272 1281 
micrographics 1208 
microsystems 1195 
mid-year 1353 
midafternoon 1252 
mideast 1306 
mikhail 1290 
mile 1338 
miles 1310 1338 
military 1252 
million 1204 1241 1260 1347 
milwaukee 1336 
mine 1196 1316 
minicomputers 1242 
minimize 1286 
minimum 1312 
mining 1196 
minister 1197 1224 1248 1272 1306 1357 
ministers 1306 
ministry 1207 
minneapolis 1220 1355 
minute 1242 
misconception 1312 
mislead 1275 
missile 1290 
missiles 1250 1274 1290 
mission 1224 1306 
missions 1356 
mississippi 1323 1329 
mixed 1214 1306 
mn 1245 
mo. 1220 1344 
mob 1261 
mobil 1256 1261 
model 1202 1204 1231 
models 1231 1242 
moderate 1349 
moderately 1272 
modern 1263 
modernize 1300 1332 
modest 1272 
modified 1275 
moines 1239 1266 
moment 1357 
momentum 1312 
monetary 1224 1230 1255 
money 1224 
money-supply 1308 
month 1208 1224 1237 1246 1257 1272 1289 1299 1309 1312 1336 1338 1357 
months 1230 1255 1312 1335 1350 1356 1357 
montreal 1262 1263 1300 1332 
moody 1219 1267 
moody's 1219 
moore 1334 
mora 1305 
morgan 1227 
morocco 1295 1356 
mortgage 1221 
mortgages 1193 
morton 1278 
mosty 1197 
motherhood 1232 
motion- 1319 
motor 1202 1214 1263 1292 
motors 1202 1214 1231 1353 
move 1233 1259 
moves 1306 
movie 1354 
moving 1272 1306 
mowers 1336 
mrch 1285 
mths 1258 1271 1284 1288 1293 1314 1320 1327 1355 
mulford 1253 1259 1270 1348 
multi-media 1195 
multi-year 1241 
multilateral 1270 
murphy 1227 
musmf 1302 
musto 1302 
n't 1272 1299 1357 
n.c. 1334 1338 
n.j. 1218 1221 1319 
n.l 1297 
n.l. 1316 
n.y. 1213 1285 1310 1313 
n.y.-based 1254 
named 1210 1278 1296 1304 1305 
names 1269 1278 1296 1304 1305 1334 
naming 1250 
narrow 1208 
nass 1350 
nation 1292 
national 1201 1226 1241 1319 1350 1357 
nations 1197 1201 1212 1270 1306 1357 
navy 1222 
nbc 1252 
ndta 1241 
near-record 1299 
nearby 1249 
neb. 1283 1287 
needed 1312 
negative 1211 
negotiate 1233 1250 
negotiated 1302 
negotiates 1302 
negotiating 1312 
negotiation 1312 
negotiations 1290 1312 
negotiators 1290 
nesbitt 1272 
net 1193 1198 1200 1205 1208 1221 1225 1229 1245 1251 1258 1260 1264 1265 1271 1283 1284 1285 1288 1293 1301 1311 1314 1317 1320 1325 1327 1328 1339 1344 1351 1353 1354 1355 
network 1240 1241 
networks 1242 1333 
neutral 1214 
nev. 1305 
nevada 1238 1276 
newitt 1304 
news 1197 1202 
newsletter 1211 1215 
nicholas 1252 
nigeria 1306 1356 
night 1212 1312 
nil 1264 1283 
nippon 1209 
nominal 1275 
nominated 1281 
nominates 1281 
nomination 1236 
nominee 1250 
non-food 1211 
non-ico 1246 
non-interest 1193 
non-members 1312 
non-recurring 1260 
non-surgical 1232 
non-transferable 1302 
non-voting 1223 
nonsense 1357 
norfolk 1282 
norma 1275 
normal 1299 
norrell 1213 
north 1202 1204 1214 1306 1310 1324 1335 
northern 1299 
norwood 1231 
note 1198 1200 1245 1251 1258 1283 1284 1285 1288 1299 1301 1308 1317 1351 
noted 1208 1210 1215 1252 1299 1312 
notes 1219 1352 1357 
notice 1227 1252 
notified 1275 
nov 1264 1328 
nova 1272 
november 1290 1296 1350 
nsc 1282 
nuclear 1290 
number 1222 1226 1272 1294 
numerous 1242 
nuys 1231 
nyn 1310 
nynex 1310 
nyse 1208 
o'keefe 1294 
objective 1312 1353 
objectives 1275 1290 
obligation 1227 
obstacle 1290 
obtain 1357 
occupy 1282 
occur 1275 1299 
october 1211 1282 1290 1312 1336 1350 
odd-lot 1353 
oecd 1306 
off-pasture 1299 
offence 1275 
offer 1203 1233 1243 1250 1256 1260 1261 1275 1279 1290 1294 1312 1319 1340 1349 1352 
offered 1233 1257 1275 1306 1352 
offering 1219 1261 1262 1312 1353 
offerings 1219 
offers 1219 1242 1294 1319 1340 1352 
offical 1224 
office 1249 1318 1334 
officer 1278 1281 1296 1304 1305 1315 
officers 1213 1304 
offices 1333 
official 1276 1299 1306 1312 1348 1357 
officials 1197 1202 1250 1357 
offset 1193 
ohio 1231 1258 1260 1315 1339 
oil 1211 1215 1297 1301 1306 1316 1335 1343 1349 
oils 1211 
oils/fats 1211 
okla. 1233 
olive 1211 
omaha 1283 1287 
one-sixth 1275 
one-time 1299 
ongoing 1353 
ontario 1244 
onward 1215 
opec 1306 
open 1201 1269 1270 1312 
opened 1201 1269 
opening 1202 
oper 1198 1200 1245 1251 1258 1285 1314 
operate 1249 1252 1269 
operated 1269 1336 
operates 1269 
operating 1251 1252 1260 1269 1278 1281 1285 1296 1300 1304 1308 1312 1332 1343 1353 
operation 1252 1269 
operations 1193 1196 1232 1258 1269 1284 1288 1333 
operator 1241 
operators 1227 
opinions 1306 
oppenheimer 1354 
opportunities 1214 1270 
opportunity 1290 
oppose 1199 1201 
opposes 1201 
optical 1254 
optimistic 1207 1272 
option 1219 1232 1276 
options 1227 1279 1312 1354 
orange 1350 
oranges 1350 
order 1212 1252 1267 1275 
orders 1260 
ore. 1240 1323 1329 
organisation 1246 
organization 1207 1212 1312 
organizations 1356 
original 1214 1282 
originally 1213 
originated 1272 
oster 1336 
ottawa 1272 1318 
ounces 1297 
ouray 1316 
outcome 1299 
outlined 1275 1318 
outlook 1214 1252 
output 1231 1325 
outstanding 1213 1291 1303 1313 1353 
overcome 1270 
overland 1328 
overriding 1353 
overseas 1202 
oversold 1306 
ovum 1232 
owed 1357 
owned 1227 1303 
owners 1227 
ownership 1221 1294 1318 
owning 1228 
pa. 1221 
pacific 1329 1335 1341 
package 1252 1259 1348 
packages 1259 1348 
packard 1242 
pact 1195 1207 1213 1241 1286 1290 1306 1312 
pages 1242 
paid 1213 1287 1292 1316 
palm 1211 
palmkernel 1211 
palo 1217 1242 
pancanadian 1324 1335 
panel 1356 
panic 1312 
pantasote 1200 
paper 1275 1319 
par 1219 1346 1353 
pared 1272 
parent 1269 1275 
paris 1257 
parliament 1210 1275 
parsippany 1319 
part 1220 1221 1223 1226 1227 1252 1257 1336 1347 1352 1354 1357 
participants 1275 
participate 1312 1353 
participation 1266 1353 
partly 1193 
partners 1197 1335 
partnership 1291 
parts 1214 1252 
parts-making 1214 
pass 1201 1254 
passage 1356 
passed 1197 1337 
passenger 1276 1338 
passes 1337 
past 1212 
pastures 1299 
patrick 1356 
paul 1357 
pay 1208 1210 1227 1234 1244 1269 1298 1307 1322 1326 1341 1342 1345 
payable 1194 1221 1239 1277 1287 
paydown 1309 
paying 1227 1338 
payment 1213 
payments 1230 1259 1357 
payout 1298 1322 1326 
payroll 1292 
pct-owned 1335 
peak 1210 1252 
peaking 1211 
penalty 1227 
pending 1259 1348 
pennsylvania 1221 
pension 1198 
per-share 1339 
perceives 1254 
percentage 1338 
perfect 1299 
performance 1252 1263 1272 1281 1353 
perini 1235 
period 1224 1249 1269 1299 1315 1321 1325 
periods 1193 1215 1225 1284 1285 1301 
permission 1275 
permit 1353 
perplexed 1357 
persistent 1306 
person-to-person 1241 
personal 1242 1281 
personnel 1333 
persons 1319 1356 
perth 1297 1316 
peru 1246 1356 
peruvian 1246 
peterson 1305 
petroleum 1306 1335 1343 
petroleums 1293 
phase 1336 
philip 1278 
philippines 1259 1348 1356 
philips 1195 1217 
phillip 1281 
phoenix 1196 1265 
phog 1305 
phone-a-gram 1305 
photocopier 1242 
photography 1254 
physical 1306 
pick 1306 
pick-up 1215 
picture 1272 
pictures 1254 
pie 1338 
piedmont 1338 
pinapple 1345 
pitfield 1272 
pittsburgh 1336 
pl480 1356 
place 1203 1232 1269 1313 1347 
placement 1302 
plains 1310 
plan 1201 1237 1249 1289 
planes 1227 1252 
planned 1208 1214 1275 
plans 1209 1223 1262 1269 1270 1275 1282 1292 1299 1312 1336 1353 
plant 1231 1276 1300 1332 1336 
plantations 1246 
plants 1263 1292 1336 
plastic 1260 
plc 1210 1218 1303 
plea 1201 
pleased 1333 
plotter 1242 
plt 1341 
plug 1312 
plummet 1212 
plunged 1193 
pn 1235 
pnt 1200 
pnv 1235 
point 1252 1299 1349 1357 
point/auto 1214 
points 1330 
policies 1210 1318 
policy 1312 1318 1357 
polish 1215 
political 1210 1270 1357 
politics 1312 
pompano 1235 
pontiac 1231 
pool 1230 
pooling 1266 
pooling-of-interests 1243 
poor 1219 1299 
portion 1224 1353 
portland 1240 1323 1329 
pose 1252 
position 1248 1290 1304 1334 1353 
positions 1306 
positively 1227 
possibility 1300 1332 
post 1210 1236 1278 1310 
postipankki 1194 
postitions 1306 
potential 1249 
pounds 1335 
power 1213 1220 1325 
power-cell 1228 
powered 1252 
powers 1197 1275 1318 
praecipuum 1194 
pre 1277 1278 
precipitation 1299 
precise 1231 1275 
predicted 1201 1211 1212 
predicting 1272 
predictions 1214 
prefer 1226 
preferable 1270 
preferance 1303 
preferred 1213 1321 
prefers 1270 
preliminarily 1249 
preliminary 1275 
premature 1299 
premier 1277 1278 
premiums 1266 
prepared 1201 1259 1312 1348 
presence 1275 
present 1203 1263 
presentation 1290 
presented 1318 
preserved 1292 
preserving 1292 
president 1197 1201 1202 1207 1212 1223 1226 1236 1246 1249 1250 1254 1269 1274 1278 1281 1290 1296 1304 1305 1306 1312 1315 1334 1337 1340 
presidents 1278 
press 1201 1226 1227 
presses 1263 
pressure 1306 1312 
pressures 1306 1312 
prevailing 1211 
prevent 1306 
previous 1211 1242 1272 1279 1287 1306 1308 1312 1343 1347 
previously 1203 1231 1252 1259 1266 1297 1303 1318 1334 
price 1194 1204 1212 1242 1292 1303 1312 1349 
priced 1219 1242 1352 
prices 1202 1204 1211 1212 1230 1272 1291 1306 1312 1349 1354 
primarily 1275 
primary 1343 
prime 1323 
princeton 1221 
principal 1220 1221 1259 1279 
print 1242 
printed 1242 
printer 1242 
printers 1286 
printing 1242 
printing/laminate 1200 
printouts 1319 
prints 1242 
prior 1213 1232 1234 1239 1244 1258 1269 1277 1298 1322 1326 
private 1193 1210 1212 1238 1273 1302 1335 1356 1357 
privately-held 1238 1280 
privately-owned 1276 
problem 1212 1254 1299 
problems 1197 1208 1270 1275 1299 1357 
procedure 1232 
procedures 1232 
proceed 1290 
proceeds 1221 1261 
process 1232 1357 
processing 1242 1254 1286 
producer 1312 
producers 1212 1246 1312 
producing 1212 1306 1312 1353 
product 1220 1228 1272 1292 1340 
production 1211 1214 1231 1252 1297 1306 1325 1336 
products 1197 1200 1223 1242 1254 1278 1319 1336 1340 1353 
professionals 1275 
profit 1193 1200 1252 1254 1258 1269 1283 1285 1292 1311 1355 
profitability 1193 1252 
profitable 1249 
profits 1252 1260 1269 
program 1224 1230 1255 1257 1286 1295 1350 1353 
programs 1356 
progress 1259 1290 1348 
project 1310 
projected 1204 1224 1272 
prolonged 1212 
promised 1318 
promises 1312 
promising 1272 
promote 1254 
promotional 1347 
promptly 1303 
properties 1235 1265 1297 1301 1316 1324 1335 
proposal 1201 1226 1275 1312 
proposals 1226 1275 
proposed 1203 1226 1275 1290 1292 1353 
proposes 1266 1275 
prospects 1207 1230 1299 
prospectus 1262 
protect 1197 1357 
protection 1226 1263 1275 1323 1329 
protectionism 1201 
protectionist 1199 1201 
protects 1252 
proves 1312 
provide 1213 1224 1241 1263 1270 1310 
provided 1227 1275 1306 
providing 1210 1227 1292 
provision 1200 1285 
proxies 1213 
proxy 1213 
prudently 1275 
pruning 1252 
psychologically 1232 
public 1193 1221 1275 1312 
publishing 1242 
purchase 1217 1238 1294 1302 1303 1340 
purchased 1235 1243 1280 
purchases 1215 1227 1235 1257 
purposes 1211 1261 
pursue 1203 
push 1299 
pushed 1306 
put 1227 1275 1312 
puts 1227 
pye 1217 
qatar 1306 
qtly 1234 1239 1277 1322 1326 1341 1342 1345 
qtr 1198 1200 1205 1208 1225 1229 1239 1245 1251 1258 1264 1265 1271 1277 1283 1284 1285 1288 1301 1311 1314 1317 1320 1327 1339 1344 1355 
qtrly 1298 
qualify 1275 
quantities 1215 
quarter 1193 1200 1215 1220 1251 1252 1269 1272 1287 1315 1339 
quarterly 1234 1239 1287 1341 1342 1345 
quarters 1215 1249 
quick 1228 
quick-fix 1270 
quickly 1212 1269 
quintales 1246 
qume 1286 
quota 1246 1306 1312 
quotas 1207 1212 1226 1306 1312 
quoted 1212 
qustion 1210 
r. 1223 
radio 1333 
radwell 1227 
raiders 1292 
raids 1292 
rains 1246 
raise 1249 
raised 1299 1354 
raises 1239 
rallied 1306 
rally 1306 
range 1243 1249 1250 1272 1290 1312 
ranging 1270 1291 1354 
rape 1211 
rapeseed 1215 
rapid 1259 1348 
rate 1230 1272 1340 1357 
rated 1219 
rates 1219 1226 1230 1240 1252 1272 
rating 1267 
ratio 1227 1312 
raton 1235 
raw 1216 
raymond 1315 
rca 1252 
re-orient 1197 
reach 1212 1215 1254 
reached 1246 
reaching 1207 1312 
react 1197 
ready 1272 
reagan 1197 1201 1226 1236 1247 1250 1274 1290 1337 
reagan-gorbachev 1290 
real 1207 1312 
realized 1221 1285 
realty 1221 
reas 1340 
reason 1252 1275 
reasonable 1201 
reasons 1252 
recapitalize 1249 
receive 1237 1241 1262 1289 1302 1313 1335 
received 1221 1222 1275 1294 1316 1329 
recent 1210 1215 1246 1292 1299 1357 
recently 1215 1233 1259 1299 1348 
recession 1272 
recipients 1210 
recognised 1275 
recognized 1275 
recombining 1252 
recommends 1208 
reconvened 1213 
record 1211 1213 1214 1234 1239 1244 1246 1252 1266 1269 1272 1277 1279 1287 1298 1322 1326 1341 1342 1345 
recorded 1260 1315 
recovery 1224 1230 
redeemed 1303 
redemptions 1303 
redesign 1337 
redstone 1354 
reduce 1215 1227 1231 1263 1350 
reduced 1193 1230 1240 1255 1292 1353 
reduces 1240 1263 
reducing 1290 
reduction 1231 1263 1274 
reductions 1240 1290 
reference 1232 
refers 1204 
refinancing 1221 1357 
refiner 1306 
refiners 1306 
refinery 1343 
reflect 1266 1297 1312 
reflected 1312 
reflecting 1193 1312 
reflects 1227 1267 1314 
reform 1226 
refrigerators 1337 
refusal 1306 1357 
refused 1236 1306 
refuses 1236 
refusing 1357 
regarded 1275 
regional 1357 
registered 1295 
registration 1213 1352 
regular 1277 1298 1309 1322 
regulators 1275 1335 
regulatory 1302 1318 
rehabilitating 1224 
reid 1340 
reid-ashman 1340 
reidel 1323 
related 1228 1357 
relationship 1312 
relief 1270 
reluctant 1226 1275 
remain 1214 1227 1232 1290 1312 
remaining 1198 1275 1276 1290 1316 
remains 1193 1223 
remarks 1201 
removal 1323 
remove 1329 
removed 1210 1290 
removes 1290 
renamed 1282 
renegotiated 1259 
reno 1305 
renounce 1257 
rent-a-plane 1252 
reorganization 1237 1289 
reorganize 1214 
repaid 1306 
repairing 1224 
repatriation 1270 
repay 1221 
repaying 1212 
repayment 1275 
repeatedly 1236 
replace 1242 
replacement 1214 
replaces 1210 
replacing 1334 
replicated 1232 
report 1210 1268 1325 
reported 1193 1208 1269 1272 1273 1275 1299 1306 1315 
reporters 1236 1250 1357 
reporting 1278 
reports 1273 
representatives 1259 1275 1319 1333 1348 1356 
representing 1313 
represents 1213 1316 
reproductive 1232 
republic 1356 
repuchase 1346 1353 
repuchased 1353 
repurchase 1353 
repurchases 1353 
require 1249 1275 1299 1356 
required 1213 1356 
requirements 1231 1294 1353 
res 1329 
rescheduling 1259 1357 
research 1222 1225 1232 1263 1281 
reseed 1299 
reseeded 1299 
reserve 1308 1357 
reserves 1249 1357 
reshape 1252 
residential 1193 
residual 1343 
resignation 1203 
resigned 1223 1305 1334 
resigns 1223 
resist 1306 
resolve 1249 
resolved 1290 
resource-related 1193 
resources 1196 1271 1297 1301 1316 
respecivtely 1315 
respective 1308 
response 1210 1250 1315 1339 
responsible 1278 
restated 1198 
restore 1306 
restraints 1201 
restrictions 1275 
restructuring 1220 1230 1260 1336 
result 1228 1230 1259 1306 1309 1348 1357 
results 1193 1198 1252 1260 1269 
resume 1306 
resumption 1212 1218 
retail 1193 1238 
retailer 1269 
retailing 1269 1276 
retain 1233 1237 1289 1294 1335 
retained 1275 1350 
retaliate 1197 
retaliation 1197 
reti 1323 1329 
retired 1281 
retirement 1221 
retiring 1210 
return 1201 1252 1290 1312 1356 
returned 1333 
returning 1312 
reusable 1260 
revenue 1193 1226 1241 1252 1338 1340 
revenues 1193 1208 1269 1315 1339 1340 
reverse 1233 
review 1210 1231 1336 
revised 1213 1343 
revolving 1275 
revs 1198 1205 1225 1229 1245 1258 1265 1271 1284 1285 1288 1293 1301 1311 1314 1320 1327 1351 
reykjavik 1290 
rica 1246 1356 
richard 1214 1254 1281 
richman 1269 
ride 1252 
riedel 1329 
rights 1262 
rilwanu 1306 
rise 1193 1202 1210 1211 1269 1272 1306 1312 
rises 1338 
rising 1215 1252 1349 
risk 1210 1227 1252 1275 
risks 1267 
river 1329 
roads 1224 
robert 1227 1231 1236 1278 1292 
rochester 1254 
roger 1353 
role 1357 
roofing 1200 
room 1290 
ropak 1260 
rose 1193 1208 1269 1272 1306 1308 1338 1343 1347 
rostenkowski 1199 1201 1206 1226 
rosy 1252 
rouge 1229 
roughly 1227 1280 
round 1312 
rounding 1252 
route 1270 
roy 1249 1269 
royal 1193 1271 1297 1301 1316 
royalty 1335 
royster 1282 
rrco 1271 1297 1301 1316 
rubber 1292 
ruled 1226 
rules 1198 1275 
rumors 1306 
running 1340 
runs 1343 
russell 1252 1272 
rust 1263 
rx 1269 
s.p.a. 1263 
s/p 1219 
safety 1263 
sahres 1209 
saito 1224 
sale 1200 1212 1220 1237 1252 1261 1279 1283 1289 1309 1316 
sales 1198 1200 1202 1204 1214 1218 1230 1251 1254 1257 1264 1269 1273 1280 1295 1306 1317 1328 1344 1349 1355 
salomon 1227 1252 1352 
salon 1263 
san 1238 1276 1286 1296 1316 1320 1327 1347 
sanford 1306 
santa 1340 
saturday 1290 
saudi 1306 
saudi-arabia 1306 
saudis 1306 
saved 1292 
savings 1249 
scale 1215 
scan 1242 
scandal 1197 
scanjet 1242 
scanner 1242 
scans 1242 
scheduled 1227 1248 1269 1275 1289 1300 1312 1332 
schedules 1233 
school 1221 
schultz 1231 
schwarz 1254 
scotia 1272 
scott 1314 
scott's-hospitality 1314 
screen 1201 
screwed-up 1357 
scurry 1357 
sdr 1230 1255 
sea 1306 1313 1324 1335 
seam 1313 
seaman 1313 
seams 1263 
season 1211 
seasonal 1306 
seasons 1211 
seat 1279 1338 
seats 1338 
seattle 1195 
secretary 1259 1270 1348 1357 
section 1356 
sector 1193 1230 1252 1275 
securities 1193 1208 1213 1256 1261 1272 1275 1283 1291 1352 1354 
security 1275 1357 
seek 1212 1275 1356 
seeking 1297 
seeks 1297 
seemingly 1312 
sees 1202 1204 1252 1253 1259 1260 1315 1339 1348 
segments 1252 1278 
seize 1290 
selected 1323 1356 
sell 1202 1214 1216 1220 1297 1300 1306 1309 1312 1316 1324 1332 1335 
selling 1194 1216 1294 1306 1307 1312 1336 1349 
sells 1269 
semi-annual 1244 
semi-annually 1194 
sen. 1356 
senate 1236 1292 1337 1356 
senegal 1356 
senior 1219 1224 1278 1299 1312 1357 
sense 1215 1357 
separate 1250 1290 1352 
sept 1340 
september 1207 1208 1213 1215 1230 1246 1255 1273 1295 1312 
septmember 1249 
series 1213 1242 1254 
servant 1210 
served 1334 
service 1193 1219 1227 1240 1267 1270 1280 1319 1333 1357 
services 1210 1213 1241 1243 1252 1275 1280 1305 1319 1323 1329 1350 
sesame 1211 
session 1312 
set 1201 1207 1286 1312 1316 
sets 1195 1228 1234 1237 1287 1298 1316 1319 1322 1337 
setting 1312 
settling 1312 
seven-year 1194 
severe 1215 1252 
shaky 1299 
share 1198 1208 1209 1213 1237 1238 1245 1251 1252 1258 1260 1262 1269 1275 1283 1285 1287 1289 1297 1302 1313 1315 1339 
share-outs 1312 
shareholder 1223 1238 1297 
shareholders 1203 1213 1228 1237 1287 1289 1297 1303 1316 
shares 1203 1208 1209 1213 1214 1237 1252 1262 1287 1289 1291 1292 1297 1302 1303 1312 1313 1314 1316 1321 1353 1354 
sharp 1272 1312 
sharply 1211 1272 
shearson 1306 
shed 1214 
sheet 1227 1263 1275 
sheets 1227 
shelf 1261 1352 
shelved 1290 
ship 1257 
shipment 1216 1273 
shipments 1197 1306 1347 
shipped 1215 1257 1272 
shipping 1260 
shocked 1357 
shoe 1269 
shop 1269 
short 1212 1252 1306 
short-term 1357 
shortfall 1230 1255 1272 
shortfalls 1230 
shoulders 1227 
show 1202 1209 1312 
showed 1210 1275 
shown 1252 1275 
shows 1249 1272 
shr 1198 1200 1205 1225 1229 1245 1251 1258 1264 1265 1271 1283 1284 1285 1288 1293 1301 1311 1314 1317 1320 1327 1344 1351 1355 
shrs 1229 1245 1251 1258 1301 1320 1327 1344 
shz 1196 
sign 1337 
signed 1241 1259 
significant 1193 1252 1260 
significantly 1215 1347 
signs 1241 
similar 1197 1210 1337 
simplistic 1312 
simply 1210 1292 
sims 1278 
single 1226 
sink 1312 
sinking 1267 1352 
sir 1292 
sites 1323 1329 
situation 1210 1230 1299 1357 
six-month 1309 
size 1263 
skill 1275 
slack 1306 
slight 1211 1272 
slightly 1275 1339 
slimmer 1254 
slow 1259 1272 1306 1348 
slowed 1349 
small 1214 1227 1306 1336 1357 
smaller 1242 1357 
smelter 1300 1332 
smith 1252 1272 1306 1353 
smoke 1201 
snap 1216 
snowcover 1299 
soared 1212 
societies 1275 
soft 1257 1334 
software 1195 
sold 1202 1204 1257 1268 1273 1279 1288 1291 1292 1312 1349 
solicit 1213 
solutions 1270 
solve 1197 1212 
solvent 1249 
sooner 1312 
sophisticated 1254 
sort 1210 
sought 1216 1226 
source 1357 
sources 1212 1248 1275 1306 1312 1357 
sours 1306 
south 1215 1292 
southern 1282 1299 
soviet 1215 1250 1290 1299 
soviets 1299 
sovn 1282 
sovran 1282 
soy 1211 
soy-meal 1215 
soybean 1215 
soymeal 1215 
sp 1242 
space 1290 
spares 1222 
spark 1306 
sparked 1306 
special 1207 1212 1226 1297 1319 1357 
specialists 1292 
specializing 1217 
specialty 1269 
specific 1201 1210 
speculate 1299 
speculation 1250 
speech 1292 
speech- 1319 
spending 1353 
spilled 1306 
split 1312 1313 1314 1315 1339 
spokesman 1208 1210 1213 1227 1246 1250 1280 1300 1332 1333 1347 
sponsored 1356 
sports 1263 1281 
sporty 1231 
spot 1263 
spreadsheet 1242 
spring 1299 
sprint 1241 
spun-off 1198 
spy 1236 
square 1235 1269 
st. 1344 
stability 1227 
stable 1227 
staf 1213 
staff 1213 1356 
stage 1312 1318 
stages 1356 
stake 1209 1291 1354 
stance 1248 
stand 1212 
standard 1219 1337 
standards 1286 1337 
standby 1230 1255 
standpoint 1299 
standstill 1213 
stanley 1227 
starnet 1240 
start 1254 1299 
started 1213 
starting 1350 
starts 1246 
state 1275 1289 1356 1357 
state-controlled 1246 
state-owned 1275 
stated 1357 
statement 1193 1213 1269 1272 1308 1318 
states 1197 1201 1204 1249 1269 1289 1290 1323 1329 
station-to-station 1241 
stations 1222 
statistical 1343 
statistics 1272 1350 
stay 1224 1336 
steadily 1272 
steady 1306 
steel-structured 1263 
steelhead 1196 
step 1215 1241 
stephens 1210 
steps 1254 
steven 1227 1340 
stewart 1306 
stg 1210 1312 
sticking 1357 
stiffness 1263 
stimulated 1211 
stirred 1349 
stock 1208 1213 1214 1219 1237 1238 1252 1276 1279 1280 1287 1289 1291 1292 1297 1303 1312 1313 1314 1315 1321 1330 1339 1353 
stockholders 1266 1297 
stocks 1211 1212 1214 1303 1312 1331 1343 
stocks/anacomp 1208 
stoltenberg 1248 
stood 1312 
stop-gap 1312 
stopped 1357 
storage 1254 1260 1343 
store 1254 1269 
stores 1269 
storing 1242 
story 1204 1282 
straight 1194 
strategic 1290 
strategy 1212 1269 
street 1208 1214 1252 
strengthen 1275 1356 
strengthening 1292 1318 
stress 1290 
strike 1210 
strong 1204 1230 1347 
strongly 1272 
struck 1333 
structure 1252 1263 
structured 1263 
structures 1263 
struggles 1214 
studies 1232 
stupid 1197 
subcommittee 1259 1270 1348 
subject 1228 1302 1335 
submarine 1222 
submit 1274 
subordinate 1314 
subordinated 1219 1267 
subroto 1306 
subscribe 1262 
subscribers 1241 
subsequent 1299 
subsidiaries 1240 1266 1275 1353 
subsidiary 1198 1218 1275 1329 
subsidiary's 1275 
substances 1323 1329 
substantial 1215 1259 1267 1348 
substantially 1193 1230 1237 1289 
substantiated 1232 
succeed 1236 1305 
succeeded 1304 
succeeding 1278 
success 1213 
successive 1269 
sugar 1216 
suggest 1275 
suggested 1203 
suggestion 1357 
suicide 1226 
suitable 1263 
suits 1292 
summer 1275 1312 
summit 1290 
summoning 1290 
sumner 1354 
sun 1195 1211 
sunbeam 1336 
sunw 1195 
superintendent 1318 
superior 1232 
supervise 1275 
supervision 1275 
supervisors 1275 
supervisory 1275 1318 
supplier 1214 
suppliers 1214 
supplies 1281 1299 1312 
supply 1222 1299 
support 1203 1212 1226 1230 1249 1255 1306 1312 1356 
supports 1230 
suprised 1252 
suprlus 1197 
surplus 1272 1357 
surprised 1272 
surrogate 1232 
survey 1211 
survived 1292 
suspended 1212 1312 1357 
sustained 1230 
swaps 1270 
sweden 1204 
sweeping 1318 
switzerland 1202 1204 1248 
syndicated 1275 
syracuse 1310 
system 1195 1221 1288 1305 1310 1312 1318 
systems 1195 1222 1223 1242 1254 1310 1353 
table 1201 1312 1333 
tactics 1357 
takeover 1233 1292 
takeovers 1292 
takers 1275 
takes 1275 
talk 1319 
talking 1214 1312 
talks 1197 1203 1207 1217 1224 1248 1259 1290 1312 1333 1348 1357 
tallow/greases 1211 
tangerines 1350 
target 1292 1312 
tax 1200 1211 1226 1245 1251 1308 1351 
taxes 1197 1285 
taylor 1193 
team 1224 1294 1319 
teams 1356 
technical 1232 
technologies 1195 1323 1329 
technology 1228 1232 1243 1263 1280 
ted 1306 
telecom 1233 
telecommunications 1233 1319 
telegraph 1319 
telephone 1240 1241 1319 
televised 1290 
television 1217 1333 
telxon 1315 1339 
temperatures 1299 
tempest 1286 
temporary 1305 
temptation 1201 
ten 1299 1340 
tender 1213 1216 1260 
tenders 1312 
tenn. 1336 
tennessee 1336 
term 1210 1212 1213 1221 1230 
terms 1220 1227 1261 1262 1275 1282 1295 
territories 1329 
terrorists 1292 
test 1195 1222 1340 
tested 1263 
testify 1292 
testifying 1236 
testimony 1259 1348 
texas 1223 1249 1276 1320 1327 1350 
textile 1197 1226 
textiles 1197 
theater 1354 
thex 1286 
thing 1210 1212 
thomson 1272 
thousands 1214 
three-for-one 1314 
three-for-two 1315 1339 
three-piece 1292 
thursday 1333 
tighten 1275 
time 1197 1201 1252 1261 1269 1275 1312 1315 1357 
timely 1299 
tire 1292 
tiverton 1293 
tlci 1213 
tlxn 1315 
tobago 1193 
today 1208 1212 1254 1275 1303 1306 1312 1334 1349 1357 
tokyo 1306 
told 1202 1207 1212 1226 1227 1246 1249 1269 1270 1357 
tomoorrow 1290 
tomorrow 1248 1290 1292 1312 1356 1357 
tonight 1216 
tonne 1312 
tonnes 1211 1215 1257 1268 1273 1299 1332 
tons 1196 1300 
top 1210 1236 1290 1347 
topic 1247 1250 
toronto 1245 1294 1314 1326 1336 1349 
torrance 1243 1280 
total 1193 1230 1249 1266 1286 1291 1299 1303 1309 1323 1329 1340 1347 1354 
totaled 1308 1338 
totality 1212 
totalled 1194 1204 
tourism 1255 
tourist 1230 
tower 1282 
tractors 1224 
trade 1197 1199 1201 1210 1212 1226 1272 1306 1312 1325 1343 1347 1356 1357 
traded 1208 1214 
traders 1212 1216 1306 1312 1349 
trades 1306 
trading 1197 1208 1306 1312 1349 
trafficking 1212 
transaction 1220 1228 1237 1243 1280 1289 1297 
transactions 1221 1272 
transfer 1232 
transferred 1221 1232 
transmission 1217 
travel 1230 1248 
treasurer 1278 
treasury 1249 1253 1259 1270 1308 1309 1348 1353 1357 
treatment 1275 
treaty 1274 1290 
trend 1227 
trident 1222 
trieste 1207 
trigger 1197 
trim 1292 
trimac 1351 
trinidad 1193 
trip 1248 
trouble 1252 1306 
trough 1210 
truck 1214 
true 1212 1214 
trust 1221 1303 1329 
tulsa 1233 
tunisia 1356 
turn 1252 
turning 1254 
turnover 1204 
tvt 1217 
twin-jet 1227 
twinjet 1252 
two-for-one 1313 
two-passenger 1238 
two-year 1222 
txln 1339 
type= 1199 1204 1206 1247 1253 1256 1268 1274 1307 1324 1331 1346 
u.k 1210 
u.k. 1275 
u.s 1218 1268 1272 1295 1307 1309 1325 1347 1348 1356 1357 
u.s. 1197 1199 1201 1206 1214 1215 1218 1222 1226 1237 1241 1257 1259 1272 1273 1274 1290 1295 1306 1309 1310 1348 1350 1356 1357 
u.s.-based 1214 
uganda 1224 
uk 1210 1216 1275 1312 1335 1347 
ukraine 1299 
ultimately 1259 1270 1299 
unaffected 1246 
uncertain 1312 
uncf 1229 
unchanged 1226 1272 1287 
uncompetitive 1204 
unconditional 1275 
undermining 1292 
understand 1212 
undertaken 1275 
undertaking 1275 
underwrite 1275 
underwriter 1275 
underwriters 1261 1275 
underwriting 1194 1275 1352 
undisclosed 1235 1238 1247 1250 1276 
undoubtedly 1212 
unexpected 1252 
unifying 1212 
union 1215 1250 1290 1299 
unique 1252 
unissued 1209 
unit 1198 1217 1220 1227 1269 1303 1310 1323 1324 1329 1335 1336 1340 
united 1197 1201 1204 1217 1229 1269 1289 1290 
units 1202 1269 1275 1292 
universal 1298 
unproc 1204 
unprofiable 1249 
unprofitable 1214 
unpublished 1232 
unsatisfactory 1193 
unsold 1275 
unspecified 1294 
unusual 1330 
unusually 1211 
unveiled 1242 
unveils 1242 
unwrapped 1254 
upbeat 1252 
updating 1275 
upham 1252 1306 
ups 1354 
upset 1197 
upstate 1310 
upturn 1272 
urged 1249 1312 
usda 1273 1299 1350 
ussr 1215 1290 1299 
utilities 1195 
utility 1325 
uvalde 1276 
va. 1205 1282 
valley 1221 
valued 1246 1275 1310 1347 
van 1231 
vancouver 1302 
vanguard 1317 
var 1217 
varian 1217 
variety 1269 
vast 1254 
veg-oil 1211 
vegetable 1211 
vehicle 1214 
vehicles 1202 1204 1263 
vein 1212 
venezuela 1259 1356 
venture 1221 1282 
verifiable 1290 
verification 1290 
versus 1245 
vessels 1306 
vetoed 1197 1337 
viability 1230 
viable 1232 
viacom 1354 
vice 1254 1269 1278 1296 1304 
vice- 1202 
vice-president 1231 
victor 1305 
victoria 1297 1316 
video 1264 1319 
view 1215 1252 1270 
villa 1246 
virtual 1312 
virtually 1272 1349 
visible 1211 
vision-impaired 1319 
visit 1356 
visited 1356 
vital 1212 
voice 1337 
volcker 1357 
volume 1208 1210 1214 
voluntary 1356 
vote 1213 1266 1316 1337 
voting 1223 1314 
vt. 1203 
waited 1312 
walkaway 1227 
walker 1214 
wall 1208 1214 1252 
wanted 1252 1290 1312 1357 
war 1354 
warn 1201 
warned 1201 1254 
warranties 1200 
warrants 1302 
warren 1272 1278 
wash. 1237 1289 
washers 1337 
washington 1197 1201 1226 1230 1236 1249 1250 1255 1259 1261 1270 1273 1289 1290 1291 1295 1299 1308 1309 1325 1337 1343 1348 1350 1354 1356 1357 
watch 1212 
watching 1299 
waters 1246 
watertown 1310 
wave 1252 
ways 1201 1226 
weak 1193 
weakened 1197 1210 
weaker 1349 
weapons 1290 
weather 1299 
webb 1265 
webster 1236 
week 1241 1259 1290 1306 1309 1325 1343 
weekend 1306 
weekly 1325 1343 
weeks 1224 1299 1325 1357 
weight 1263 
welcoming 1290 
welds 1263 
wells 1335 
wendy 1272 
wertheim 1254 
west 1197 1204 1215 1248 1300 1323 1329 1332 
west-germany 1211 1215 1248 1300 1332 
western 1243 1280 1289 1316 
wg 1251 
whale 1208 
wheat 1257 1295 1356 
wheel 1292 
whilst 1312 
white 1247 1250 1290 1310 
whitehall 1324 1335 
wholly 1303 
wickenburg 1196 
widespread 1214 
willcox 1251 
william 1236 1278 1304 
wilmington 1222 
wilson 1272 
wine 1347 
wines 1347 
wins 1310 
winston-salem 1338 
winter 1215 1299 
winterkill 1299 
wit 1322 
witco 1322 
withdrawal 1236 
wolf 1249 
won 1310 1323 
woods 1306 
woolco 1269 
woolworth 1269 
wopuld 1228 
word 1242 
words 1204 
work 1197 1310 1319 1357 
workers 1292 
working 1290 1335 
works 1242 
workstation 1195 
workstations 1242 1281 
world 1194 1197 1211 1212 1215 1216 1224 1248 
worldbank 1194 1224 
worldwide 1269 
worried 1299 
worth 1252 
write-down 1301 
writers 1333 
writing 1275 
written 1266 
x1/9 1263 
xt 1233 
xtel 1233 
yardstick 1312 
year-ago 1325 1339 
year-earlier 1269 
year-to-date 1218 
years 1197 1210 1212 1224 1249 1252 1254 1269 1295 1299 1323 1329 1337 
yesterday 1207 1287 1357 
yeterray 1306 
yield 1260 1299 1352 
york 1198 1209 1212 1216 1219 1227 1234 1251 1252 1254 1267 1269 1279 1303 1306 1310 1312 1322 1330 1333 1353 1354 
york-based 1269 
yr 1198 1285 
zone 1323 
