're 6656 
****** 6643 6650 6654 6666 6675 6715 6782 6803 
****washington 6735 
-1st-qt 6785 
-3rd 6668 
-4 6679 
-4t 6738 6759 
-4th 6701 
-ac 6655 
-agrees-to 6786 
-aud 6740 
-ball 6749 
-bankers 6739 
-bankers-t 6739 
-bon 6640 
-complet 6682 
-de 6763 
-dina-c 6704 
-federal 6713 
-federal-p 6741 
-file 6800 
-has-secu 6667 
-hikes 6635 
-in-natural 6660 
-in-nhl 6700 
-joins-ch 6703 
-merges-u 6691 
-names 6772 
-names-fi 6630 
-r 6728 
-regul 6774 
-reports-stro 6699 
-s 6784 
-se 6676 
-secur 6725 
-see 6732 6762 
-sees-1987-h 6721 
-sells 6753 
-sells-con 6754 
-sells-s 6768 
-set 6705 6797 
-si 6727 
-to 6717 
-to-ge 6671 
-to-make-a 6697 
-to-pay-di 6734 
-to-po 6748 
-to-sell-u 6767 
-uni 6781 
-unit 6664 
.999 6658 
/author 6656 6657 6665 6716 6722 
0.3 6798 
0.5 6798 
0.7 6798 
0/92 6720 
0010 6643 6654 6782 
0011 6715 
0012 6650 
0013 6803 
0014 6675 
0016 6666 
0022 6705 
0024 6683 6684 6730 
0025 6647 6673 6685 6686 6696 6733 6776 
0026 6777 
0027 6801 6802 
0029 6794 
0032 6774 
0033 6661 
0034 6709 6790 
0036 6783 
0037 6761 6781 
0038 6773 
0039 6785 
0042 6799 
0043 6642 6695 
0044 6687 6743 
0045 6713 
0046 6680 6736 6759 
0047 6739 
0049 6701 6741 
0050 6659 
0051 6669 6754 6765 
0053 6663 6710 6787 
0054 6786 
0055 6706 6729 6731 
0056 6697 6779 
0057 6644 6668 
0058 6678 
0059 6662 
0060 6734 6775 
0061 6653 6670 6679 6692 6700 
0062 6755 6756 6772 
0063 6655 6728 6771 
0064 6641 6711 
0065 6631 6751 
0066 6769 
0067 6698 6702 6766 6800 
0068 6636 6747 6763 
0069 6681 6723 
0070 6767 
0071 6768 
0072 6674 6712 6727 
0073 6690 6718 6738 
0076 6762 
0077 6638 
0078 6737 
0079 6694 
0080 6699 6717 6784 
0082 6682 
0084 6689 6703 
0086 6635 6637 6656 6735 
0088 6757 
0089 6664 6724 
0090 6640 6714 6793 6797 
0093 6639 6648 6651 6665 
0095 6633 6646 6789 
0096 6691 6704 6725 6732 6748 6749 
0097 6632 6658 6721 
0098 6693 6753 6764 
0100 6630 6742 
0101 6708 6726 6752 6798 
0102 6791 
0103 6672 6760 
0104 6645 6657 6660 6667 6770 
0106 6634 6676 6722 
0107 6677 6688 6778 
0108 6796 
0109 6649 
0110 6652 6716 6719 
0112 6792 
0113 6707 6750 
0115 6758 
0119 6671 6780 6795 
0123 6740 
0126 6744 
0129 6745 
0136 6720 
0137 6788 
0154 6746 
03-18 6630 6631 6632 6633 6634 6635 6636 6637 6638 6639 6640 6641 6642 6643 6644 6645 6646 6647 6648 6649 6650 6651 6652 6653 6654 6655 6656 6657 6658 6659 6660 6661 6662 6663 6664 6665 6666 6667 6668 6669 6670 6671 6672 6673 6674 6675 6676 6677 6678 6679 6680 6681 6682 6683 6684 6685 6686 6687 6688 6689 6690 6691 6692 6693 6694 6695 6696 6697 6698 6699 6700 6701 6702 6703 6704 6705 6706 6707 6708 6709 6710 6711 6712 6713 6714 6715 6716 6717 6718 6719 6720 6721 6722 6723 6724 6725 6726 6727 6728 6729 6730 6731 6732 6733 6734 6735 6736 6737 6738 6739 6740 6741 6742 6743 6744 6745 6746 6747 6748 6749 6750 6751 6752 6753 6754 6755 6756 6757 6758 6759 6760 6761 6762 6763 6764 6765 6766 6767 6768 6769 6770 6771 6772 6773 6774 6775 6776 6777 6778 6779 6780 6781 6782 6783 6784 6785 6786 6787 6788 6789 6790 6791 6792 6793 6794 6795 6796 6797 6798 6799 6800 6801 6802 6803 
0650 6652 
1,001,315 6641 
1,008,000 6785 
1,017,000 6779 
1,045,000 6638 
1,056,000 6679 
1,074,000 6670 
1,105,555 6641 
1,126,000 6681 
1,179,000 6787 
1,185,267 6641 
1,200 6693 
1,215,000 6779 
1,420,815 6641 
1,425,000 6681 
1,447,000 6799 
1,500,000 6785 
1,543,000 6787 
1,569,000 6701 
1,593,000 6668 
1,642,000 6680 
1,678,000 6670 
1,713,000 6799 
1,719,000 6669 
1,730,000 6670 
1,835,580 6747 
1,84,000 6729 
1,840,129 6642 
1,875,000 6729 
1,897,000 6669 
1,915 6656 
1-3/8 6707 
1-5/8 6707 
1.01 6637 
1.04 6738 6759 6765 
1.06 6790 
1.07 6738 
1.10 6738 
1.16 6765 
1.17 6637 
1.2 6675 6689 6752 
1.24 6653 6699 
1.25 6732 6762 6774 6798 
1.28 6787 
1.29 6760 
1.31 6689 
1.33 6738 
1.38 6653 6699 
1.39 6701 
1.44 6760 
1.46 6721 
1.5 6720 
1.50 6656 6732 6736 
1.51 6668 
1.54 6790 
1.6 6758 
1.65 6787 
1.68 6689 
1.75 6798 
1.80 6748 
1.81 6637 
10,000 6660 6672 6674 6714 
10-billion 6803 
10-year 6714 
10.1 6747 
10.3 6670 6793 
10.38 6653 
10.4 6765 
10.5 6754 
100-200 6720 
102-acre 6754 
102.3 6787 
104.6 6765 
104.8 6689 
106,300 6672 6674 
106-1/4 6665 
11,083,000 6668 
11-3/4 6753 
11-7/8 6653 
11.1 6689 6793 
11.5 6670 6765 
11.7 6689 
11.828 6753 
111.0 6765 
112,400 6672 
11543 6630 
11544 6631 
11545 6632 
11546 6633 
11547 6634 
11548 6635 
11549 6636 
11550 6637 
11551 6638 
11552 6639 
11553 6640 
11554 6641 
11555 6642 
11556 6643 
11557 6644 
11558 6645 
11559 6646 
11560 6647 
11561 6648 
11562 6649 
11563 6650 
11564 6651 
11565 6652 
11566 6653 
11567 6654 
11568 6655 
11569 6656 
11570 6657 
11571 6658 
11572 6659 
11573 6660 
11574 6661 
11575 6662 
11576 6663 
11577 6664 
11578 6665 
11579 6666 
11580 6667 
11581 6668 
11582 6669 
11583 6670 
11584 6671 
11585 6672 
11586 6673 
11587 6674 
11588 6675 
11589 6676 
11590 6677 
11591 6678 
11592 6679 
11593 6680 
11594 6681 
11595 6682 
11596 6683 
11597 6684 
11598 6685 
11599 6686 
11600 6687 
11601 6688 
11602 6689 
11603 6690 
11604 6691 
11605 6692 
11606 6693 
11607 6694 
11608 6695 
11609 6696 
11610 6697 
11611 6698 
11612 6699 
11613 6700 
11614 6701 
11615 6702 
11616 6703 
11617 6704 
11618 6705 
11619 6706 
11620 6707 
11621 6708 
11622 6709 
11623 6710 
11624 6711 
11625 6712 
11626 6713 
11627 6714 
11628 6715 
11629 6716 
11630 6717 
11631 6718 
11632 6719 
11633 6720 
11634 6721 
11635 6722 
11636 6723 
11637 6724 
11638 6725 
11639 6726 
11640 6727 
11641 6728 
11642 6729 
11643 6730 
11644 6731 
11645 6732 
11646 6733 
11647 6734 
11648 6735 
11649 6736 
11650 6737 
11651 6738 
11652 6739 
11653 6740 
11654 6741 
11655 6742 
11656 6743 
11657 6744 
11658 6745 
11659 6746 
11660 6747 
11661 6748 
11662 6749 
11663 6750 
11664 6751 
11665 6752 
11666 6753 
11667 6754 
11668 6755 
11669 6756 
11670 6757 
11671 6758 
11672 6759 
11673 6760 
11674 6761 
11675 6762 
11676 6763 
11677 6764 
11678 6765 
11679 6766 
11680 6767 
11681 6768 
11682 6769 
11683 6770 
11684 6771 
11685 6772 
11686 6773 
11687 6774 
11688 6775 
11689 6776 
11690 6777 
11691 6778 
11692 6779 
11693 6780 
11694 6781 
11695 6782 
11696 6783 
11697 6784 
11698 6785 
11699 6786 
11700 6787 
11701 6788 
11702 6789 
11703 6790 
11704 6791 
11705 6792 
11706 6793 
11707 6794 
11708 6795 
11709 6796 
11710 6797 
11711 6798 
11712 6799 
11713 6800 
11714 6801 
11715 6802 
11716 6803 
118,933 6642 
12,000 6658 
12,315,000 6795 
12-year 6800 
12.1 6758 
12.3 6657 
12.4 6641 
12.5 6670 
12.50 6649 6662 
12.6 6668 
1250 6652 
12:48:05.39 6630 
12:51:41.89 6631 
12:51:59.28 6632 
12:54:30.82 6633 
12:57:26.37 6634 
12:58:20.75 6635 
12:58:58.20 6636 
13,000 6660 
13.0 6787 
13.4 6670 6790 
13.5 6759 
13.8 6764 
13.9 6748 
130.4 6799 
136.7 6689 
13:00:42.42 6637 
13:01:08.83 6638 
13:01:55.81 6639 
13:02:32.26 6640 
13:02:37.53 6641 
13:03:23.50 6642 
13:05:00.76 6643 
13:07:20.37 6644 
13:10:17.92 6645 
13:11:13.22 6646 
13:13:04.29 6647 
13:14:17.13 6648 
13:15:01.38 6649 
13:15:38.60 6650 
13:16:51.02 6651 
13:17:36.51 6652 
13:20:01.93 6653 
13:22:11.38 6654 
13:23:31.68 6655 
13:23:37.68 6656 
13:25:33.14 6657 
13:26:43.78 6658 
13:28:42.40 6659 
13:31:06.70 6660 
13:35:07.20 6661 
13:35:14.41 6662 
13:35:21.21 6663 
13:35:35.11 6664 
13:35:57.73 6665 
13:36:23.81 6666 
13:36:40.39 6667 
13:36:45.23 6668 
13:36:53.74 6669 
13:37:17.32 6670 
13:37:45.25 6671 
13:37:53.42 6672 
13:37:57.77 6673 
13:39:39.64 6674 
13:40:33.74 6675 
13:41:28.32 6676 
13:41:40.53 6677 
13:41:45.52 6678 
13:42:14.05 6679 
13:42:53.22 6680 
13:43:03.46 6681 
13:43:25.98 6682 
13:43:32.63 6683 
13:43:38.60 6684 
13:43:43.98 6685 
13:43:47.83 6686 
13:51:21.10 6687 
13:51:32.30 6688 
13:51:44.26 6689 
13:52:06.47 6690 
13:52:20.68 6691 
13:52:28.10 6692 
13:53:05.19 6693 
13:53:23.14 6694 
13:53:28.76 6695 
13:53:31.86 6696 
13:53:37.49 6697 
13:53:43.39 6698 
13:54:06.27 6699 
14,181 6770 
14,629 6660 
14-1/2 6733 
14:00:49.80 6700 
14:00:57.11 6701 
14:01:32.57 6702 
14:02:14.53 6703 
14:05:26.60 6704 
14:05:51.13 6705 
14:07:09.92 6706 
14:08:13.44 6707 
14:08:21.35 6708 
14:08:25.37 6709 
14:09:30.32 6710 
14:11:32.26 6711 
14:12:30.58 6712 
14:12:34.63 6713 
14:13:55.52 6714 
14:15:16.56 6715 
14:15:36.53 6716 
14:17:08.30 6717 
14:23:55.94 6718 
14:25:03.65 6719 
14:25:13.78 6720 
14:25:33.84 6721 
14:26:22.35 6722 
14:27:03.43 6723 
14:27:43.69 6724 
14:28:59.10 6725 
14:29:15.07 6726 
14:30:39.78 6727 
14:30:47.85 6728 
14:32:51.61 6729 
14:33:20.93 6730 
14:42:11.66 6731 
14:42:20.21 6732 
14:42:49.97 6733 
14:42:56.07 6734 
14:43:38.25 6735 
14:44:05.23 6736 
14:46:37.45 6737 
14:47:11.61 6738 
14:52:33.74 6739 
14:53:12.72 6740 
14:53:39.27 6741 
14:55:03.43 6742 
15-3/4 6665 
15-cnt-per-share 6635 
150-200 6720 
150.5 6708 
153,000,000 6653 
154,800,000 6653 
156,000,000 6653 
15:00:36.82 6743 
15:06:26.45 6744 
15:10:35.15 6745 
15:11:03.83 6746 
15:11:50.44 6747 
15:13:50.78 6748 
15:15:30.72 6749 
15:16:17.48 6750 
15:19:12.91 6751 
15:19:46.57 6752 
15:20:39.55 6753 
15:21:03.14 6754 
15:21:52.55 6755 
15:22:46.27 6756 
15:28:20.38 6757 
15:29:07.89 6758 
15:29:29.85 6759 
15:30:34.49 6760 
15:30:52.00 6761 
15:34:16.03 6762 
15:34:30.91 6763 
15:35:21.11 6764 
15:36:18.96 6765 
15:36:48.57 6766 
15:37:17.62 6767 
15:37:45.83 6768 
15:40:08.73 6769 
15:41:00.51 6770 
15:41:12.69 6771 
15:42:33.59 6772 
15:43:01.43 6773 
15:43:13.18 6774 
15:44:07.75 6775 
15:44:15.01 6776 
15:44:55.74 6777 
15:45:52.21 6778 
15:46:28.63 6779 
15:47:55.33 6780 
15:48:52.03 6781 
15:48:55.57 6782 
15:49:22.33 6783 
15:49:31.54 6784 
15:49:36.31 6785 
15:50:31.63 6786 
15:53:38.11 6787 
15:53:56.33 6788 
15:56:42.73 6789 
15:57:11.80 6790 
15:57:37.40 6791 
15:57:48.00 6792 
15:59:00.90 6793 
15:59:55.30 6794 
16,610 6756 
16.1 6711 
16.6 6679 
16.8 6641 
162,600 6711 
163,840 6747 
165,600 6672 6674 
165.2 6708 
167.9 6799 
16:06:10.48 6795 
16:06:25.11 6796 
16:07:17.29 6797 
16:07:25.45 6798 
16:07:54.09 6799 
16:08:12.76 6800 
16:08:25.22 6801 
16:08:51.30 6802 
16:11:00.39 6803 
17-1/2 6713 6741 
17-1/4 6713 6741 
17.1 6638 
17.50 6798 
17.75 6798 
17.8 6711 6770 
173,948 6747 
18-mar-1987 6630 6631 6632 6633 6634 6635 6636 6637 6638 6639 6640 6641 6642 6643 6644 6645 6646 6647 6648 6649 6650 6651 6652 6653 6654 6655 6656 6657 6658 6659 6660 6661 6662 6663 6664 6665 6666 6667 6668 6669 6670 6671 6672 6673 6674 6675 6676 6677 6678 6679 6680 6681 6682 6683 6684 6685 6686 6687 6688 6689 6690 6691 6692 6693 6694 6695 6696 6697 6698 6699 6700 6701 6702 6703 6704 6705 6706 6707 6708 6709 6710 6711 6712 6713 6714 6715 6716 6717 6718 6719 6720 6721 6722 6723 6724 6725 6726 6727 6728 6729 6730 6731 6732 6733 6734 6735 6736 6737 6738 6739 6740 6741 6742 6743 6744 6745 6746 6747 6748 6749 6750 6751 6752 6753 6754 6755 6756 6757 6758 6759 6760 6761 6762 6763 6764 6765 6766 6767 6768 6769 6770 6771 6772 6773 6774 6775 6776 6777 6778 6779 6780 6781 6782 6783 6784 6785 6786 6787 6788 6789 6790 6791 6792 6793 6794 6795 6796 6797 6798 6799 6800 6801 6802 6803 
18.1 6770 
18.25 6798 
19.1 6679 
19.2 6795 
19.5 6669 
19.9 6640 
1915 6665 
1930 6652 
195,000,000 6653 
1961 6770 
1970 6657 
1970s 6657 
1974 6760 
1978 6760 
1979 6793 
1980 6758 
1981 6656 6760 
1981-1983 6758 
1982 6637 6760 
1983 6637 6657 6726 
1984 6637 6657 6708 6760 6778 
1985 6635 6637 6649 6653 6657 6671 6721 6722 6740 6748 6757 6758 6760 6770 6778 6787 6793 6795 
1985-86 6791 
1986 6634 6637 6638 6649 6653 6656 6657 6670 6671 6681 6689 6690 6708 6718 6721 6722 6738 6740 6742 6748 6760 6770 6771 6778 6779 6787 6795 6797 
1986-crop 6756 
1987 6635 6657 6658 6667 6671 6706 6708 6714 6720 6721 6738 6742 6751 6752 6763 6784 6797 
1988 6689 6700 6704 6717 6720 6742 6752 
1989 6656 6742 6797 
1990 6656 6752 
1990s 6656 
1991 6658 
1992 6656 6726 
1994 6676 
1995 6722 6746 
1997 6651 6775 
1999 6663 6753 6768 
1st 6672 6699 6762 6785 
2,000 6656 6722 
2,012,000 6759 
2,108,000 6681 
2,317,000 6680 
2,475,943 6729 
2,512,000 6771 
2,556.32 6690 
2,623,974 6747 
2,742,731 6642 
2,804,752 6729 
2,859,000 6787 
2,986,000 6779 
2-1/2 6707 
2-for-1 6721 
2-yr 6803 
2.09 6787 
2.1 6690 6795 
2.2 6665 6750 6780 6798 
2.20 6653 
2.22 6748 
2.24 6668 
2.3 6797 
2.30 6721 
2.4 6709 
2.43 6760 
2.44 6653 
2.5 6645 6709 6722 6798 
2.51 6637 
2.53 6637 
2.62 6738 
2.8 6798 
2.9 6784 
2.95 6701 
2.98 6637 
20-month 6757 
20.2 6759 
20.25 6798 
20.3 6758 
2007 6692 
2009 6640 
2012 6640 
2016 6664 
2017 6651 6664 
202,000 6760 
205.2 6771 
205.3 6779 
207,514 6711 6723 
21.1 6787 
21.6 6758 
21.7 6770 
21.75 6798 
21.9 6759 
210,120 6711 
213,000,000 6653 
219.2 6721 
22-1/2 6784 
22.50 6798 
22.75 6688 
22.9 6701 
220,000 6743 
220,724 6711 
23,600 6672 
23.1 6785 
23.9 6787 
230.1 6771 
236,100 6711 
24.5 6658 
24.6 6729 
24.99 6689 
241.0 6738 
25,000 6672 
25-nation 6796 
25.1 6727 
25.3 6701 
25.7 6689 
250,000 6698 
251.1 6771 
254,000 6680 6783 
26,120 6758 
26.4 6709 
26.7 6765 
27.5 6709 
273.9 6738 
275,400 6672 
28-1/2 6629 
28.5 6787 
29,000 6679 
29.6 6765 
290,000 6747 
296,272 6642 
298.2 6787 
2nd 6641 6642 6669 6672 
3,028,326 6672 
3,036,000 6787 
3,065,000 6738 
3,094,000 6787 
3,098,000 6771 
3,138,000 6670 
3,296,110 6642 
3,333,000 6701 
3,354,000 6787 
3,551,429 6747 
3,604,000 6681 
3,730,000 6738 
3,780,543 6679 
3,821,000 6785 
3,926,000 6668 
3,934,000 6696 
3,963,000 6670 
3.12 6653 6699 
3.2 6784 
3.27 6738 
3.37 6653 6699 
3.43 6760 
3.5 6694 6735 6759 
3.6 6758 6760 
3.7 6721 
3.9 6795 
30-year 6676 
30.1 6773 
30.8 6765 
300,000 6722 
312,000 6787 
315,000 6729 
318,100 6672 
32.4 6729 
320.0 6765 
321.3 6787 
329.4 6771 
335.2 6765 
34,300 6667 
34.1 6773 
34.3 6765 
34.9 6689 
343,000 6670 
347,000,000 6653 
35.3 6670 
36.6 6759 
366.1 6771 
37,000 6657 
37-1/8 6707 
37.1 6787 
37.2427 6794 
37.9 6787 
375,000 6670 
381,000,000 6653 
384,000 6668 
387,000 6729 
388,000 6681 
39.3 6799 
396,000 6672 6674 
3rd 6668 6765 6779 
4,184,000 6743 
4,189,700 6672 
4,194,466 6711 
4,224,633 6711 
4,294,300 6672 
4,366,000 6668 
4,373,000 6696 
4,435,691 6679 
4,500 6656 
4,800,840 6732 6762 
4,855,000 6799 
4,920,000 6743 
4,941,000 6668 
4,947,632 6679 
4,977,105 6642 
4,982,000 6679 
4.21 6721 
4.5 6694 6708 
4.55 6721 
4.7 6742 
4.9 6690 
40.19 6760 
40/64 6660 
400,000 6702 6722 
409,100 6672 6674 
41,000 6701 
41-1/2 6739 
413,000 6681 
417.7 6771 
418.7 6790 
42-7/8 6707 
422.0 6790 
427,000 6679 
43.2 6655 
43.5884 6794 
44,400 6672 
444,975 6642 
45.0 6787 
450,000 6657 
452,000 6681 
46.0 6787 
46.06 6690 
46.9 6799 
47.3 6680 
47.97 6690 
48.31 6690 
494,352 6747 
4th 6653 6670 6679 6681 6701 6711 6729 6738 6747 6759 6771 6787 6799 
5,229,542 6679 
5,254,000 6785 
5,440,000 6679 
5,518,000 6701 
5,667,000 6670 
5,712,000 6681 
5.2 6742 
5.3 6722 
5.77 6760 
5.96 6759 
50-50 6646 
500,000 6662 
509,471 6747 
51.5 6689 
51.50 6736 
52.1 6759 
543.15 6690 
546,600 6672 
55.5 6787 
552,000 6670 
552,500 6748 
554.79 6690 
56,000 6751 
59.3 6787 
6,000 6714 
6,154,000 6799 
6,425,925 6743 
6,517,000 6668 
6,599,000 6743 
6,604,000 6681 
6,951,000 6701 
6-1/4 6684 
6.40 6734 
6.50 6759 
6.7 6718 6729 
6.84 6734 
61.0 6787 
61.2 6779 
619,000 6670 
627,000 6729 
628,000 6668 
63.9 6787 
643,000 6696 
66.2 6752 
6630 6630 
6631 6631 
6632 6632 
6633 6633 
6634 6634 
6635 6635 
6636 6636 
6637 6637 
6638 6638 
6639 6639 
6640 6640 
6641 6641 
6642 6642 
6643 6643 
6644 6644 
6645 6645 
6646 6646 
6647 6647 
6648 6648 
6649 6649 
6650 6650 
6651 6651 
6652 6652 
6653 6653 
6654 6654 
6655 6655 
6656 6656 
6657 6657 
6658 6658 
6659 6659 
6660 6660 
6661 6661 
6662 6662 
6663 6663 
6664 6664 
6665 6665 
6666 6666 
6667 6667 
6668 6668 
6669 6669 
6670 6670 
6671 6671 
6672 6672 
6673 6673 
6674 6674 
6675 6675 
6676 6676 
6677 6677 
6678 6678 
6679 6679 
6680 6680 
6681 6681 
6682 6682 
6683 6683 
6684 6684 
6685 6685 
6686 6686 
6687 6687 
6688 6688 
6689 6689 
6690 6690 
6691 6691 
6692 6692 
6693 6693 
6694 6694 
6695 6695 
6696 6696 
6697 6697 
6698 6698 
6699 6699 
6700 6700 
6701 6701 
6702 6702 
6703 6703 
6704 6704 
6705 6705 
6706 6706 
6707 6707 
6708 6708 
6709 6709 
6710 6710 
6711 6711 
6712 6712 
6713 6713 
6714 6714 
6715 6715 
6716 6716 
6717 6717 
6718 6718 
6719 6719 
6720 6720 
6721 6721 
6722 6722 
6723 6723 
6724 6724 
6725 6725 
6726 6726 
6727 6727 
6728 6728 
6729 6729 
6730 6730 
6731 6731 
6732 6732 
6733 6733 
6734 6734 
6735 6735 
6736 6736 
6737 6737 
6738 6738 
6739 6739 
6740 6740 
6741 6741 
6742 6742 
6743 6743 
6744 6744 
6745 6745 
6746 6746 
6747 6747 
6748 6748 
6749 6749 
6750 6750 
6751 6751 
6752 6752 
6753 6753 
6754 6754 
6755 6755 
6756 6756 
6757 6757 
6758 6758 
6759 6759 
676,000 6669 
6760 6760 
6761 6761 
6762 6762 
6763 6763 
6764 6764 
6765 6765 
6766 6766 
6767 6767 
6768 6768 
6769 6769 
6770 6770 
6771 6771 
6772 6772 
6773 6773 
6774 6774 
6775 6775 
6776 6776 
6777 6777 
6778 6778 
6779 6779 
6780 6780 
6781 6781 
6782 6782 
6783 6783 
6784 6784 
6785 6785 
6786 6786 
6787 6787 
6788 6788 
6789 6789 
6790 6790 
6791 6791 
6792 6792 
6793 6793 
6794 6794 
6795 6795 
6796 6796 
6797 6797 
6798 6798 
6799 6799 
68.1 6779 
6800 6800 
6801 6801 
6802 6802 
6803 6803 
690,000 6726 
7,123,000 6771 
7,338,000 6738 
7,377,000 6668 
7-3/4 6676 
7.0 6751 
7.2 6657 
7.3 6758 
7.6 6721 
7.7 6631 
7.782 6676 
70.9 6760 
71.2 6653 
71.75 6760 
717.8 6752 
721,000 6743 
75.0 6787 
76,000 6657 
767,000 6669 
77.8 6787 
773,000 6771 
784,000 6680 6783 
8,450 6667 
8-3/4 6676 
8-5/8 6692 
8-7/8 6664 
8.2 6657 6758 
8.3 6758 
8.40 6768 
8.48 6734 
8.5 6655 
8.6 6657 6759 
8.788 6676 
8.951 6664 
80-1/8 6707 
800,000 6657 
82.6 6721 
839,700 6736 
840,000 6783 
87,449 6641 
877,000 6779 
889,000 6696 
9,091,000 6669 
9,168,000 6738 
9,455,000 6790 
9,476,000 6669 
9-1/4 6664 
9.1 6729 6793 
9.2 6793 
9.275 6803 
9.5 6688 
9.54 6653 
9.8 6665 
90-day 6757 
900,000 6657 
92,372 6642 
94,000 6701 
94.1 6680 
940,000 6787 
96,000 6657 
97.2 6721 
98,050 6711 6723 
98.5 6631 
987.2 6738 
99.20 6664 
99.50 6753 
99.60 6676 
99.825 6676 
993,000 6679 
`` 6633 6645 6648 6649 6652 6656 6657 6665 6699 6700 6707 6708 6713 6716 6719 6720 6721 6722 6726 6735 6742 6744 6745 6746 6752 6757 6770 6793 6796 
a-1-plus 6792 
a-2 6664 6676 
a-3 6768 
a-minus 6640 6768 
a-plus 6664 
a. 6665 
a330 6648 
a340 6648 
aa 6792 
abandon 6646 
abf 6784 
ability 6722 6778 6791 
abolished 6646 
abroad 6657 
absence 6787 
abz 6777 6784 
acceptable 6756 
access 6667 6707 6722 
accessories 6697 
accord 6677 
account 6797 
accountants 6740 
accounted 6699 6760 
accounting 6677 6691 
accrued 6734 6736 
accurate 6652 
accused 6793 
accusing 6646 
achieved 6758 
acid 6645 
acq 6630 6638 6639 6654 6655 6659 6665 6666 6675 6682 6689 6694 6695 6697 6702 6707 6710 6719 6725 6731 6767 6788 6789 
acquire 6658 6695 6697 6719 6750 
acquired 6656 6721 6731 6752 
acquisition 6655 6695 6697 6702 6731 6750 6752 6780 6789 
acquisitions 6708 6750 6752 6753 6775 6780 
acquistion 6789 
acreage 6720 
acted 6634 
acting 6699 
action 6634 6646 6716 6720 6721 6764 
actions 6780 
active 6656 6702 
activities 6742 
activity 6656 
add 6716 
added 6649 6656 6657 6716 6718 6719 6720 6722 6735 6791 
adding 6656 6722 6742 
addition 6645 6689 6718 6725 6726 6752 
additional 6656 6708 6720 6742 6748 6756 6773 
adds 6718 
adequacy 6793 
adequate 6639 6793 
adjusted 6635 6649 6680 6721 
adjustment 6649 
admac 6668 
administration 6645 6716 6720 6746 6757 
advance 6742 
advanced 6699 6772 
adverse 6758 
advertising 6703 
advise 6645 
advisers 6630 6665 
advisory 6645 
aeree 6646 
aerojet 6665 
aerospace 6665 
affair 6633 
affairs 6764 
affect 6708 
affiliate 6718 6780 
affiliated 6750 
affiliates 6712 
affirmed 6792 
affirms 6782 6792 
afg 6630 6665 6750 6780 
africa 6796 
after-tax 6797 
ag 6633 6646 6658 
agency 6652 6708 6780 6793 
agenda 6744 
aggressive 6750 
ago 6641 6707 6716 6722 6760 6770 
agree 6646 6654 
agreed 6656 6677 6689 6694 6695 6700 6708 6716 6722 6767 6786 
agreement 6657 6659 6665 6677 6700 6702 6703 6704 6707 6708 6719 6724 6727 6749 6751 6778 
agreements 6724 
agrees 6648 6786 
agricultural 6657 6758 
agriculture 6720 6735 6744 6745 6751 6756 
agricutural 6745 
ahead 6732 6762 
aig 6684 
air 6645 6726 6786 
airbus 6648 
aircraft 6648 
airline 6646 
airlines 6646 6648 
airport 6639 
airways 6646 6786 
ait 6774 
al 6662 
alan 6757 
albany 6659 6689 
alberta 6694 6696 6724 6755 
albn 6662 
alcohol 6657 
alert 6657 
alitalia 6646 
allegations 6721 
allege 6721 
alleged 6665 
alleges 6769 
alleghany 6763 
alleging 6769 
allen 6651 6744 
allied 6662 
allison 6729 6737 
alls 6729 6737 
alpa 6786 
alterantives 6796 
alternative 6657 
altex 6696 
altex-resources-ltd 6696 
alto 6719 
am-centam-debt 6796 
am-debt-peru 6757 
am-fao 6745 
am-rain 6645 
ambitious 6657 
amendment 6639 6716 6788 
america 6657 6700 6704 6747 6766 6796 
american 6657 6666 6684 6702 6707 6752 6774 6786 6792 6795 6796 
ameritech 6774 
amex 6795 
amiga 6749 
amoco 6650 6660 
amount 6645 6651 6671 6722 6767 
amounting 6787 
amounts 6771 
amour 6697 
amour-inc 6697 
amstutz 6735 
analyst 6656 6665 6707 
analysts 6656 6665 6728 6732 6740 6742 6752 
and/or 6751 
andersen 6671 6778 
angeles 6665 6698 6725 6729 6737 6769 
ann 6761 
annal 6796 
announce 6707 
announced 6632 6635 6645 6646 6648 6689 6757 6760 
announcement 6645 6707 
annual 6635 6636 6689 6718 6720 6721 6722 6740 6744 6752 6760 6778 6791 6796 6797 
annualized 6718 
annually 6689 
anonymous 6633 
anthony 6638 
anti-copying 6639 
anticipate 6656 
anticipated 6735 
antonio 6688 
anymore 6665 
appearing 6713 6741 
appetite 6750 
application 6634 
applications 6691 
apply 6665 
appointed 6644 6766 
approach 6793 6796 
approached 6656 
approaches 6796 
appropriations 6735 
approval 6634 6636 6665 6689 6712 6789 6796 
approve 6720 
approved 6634 6635 6639 6655 6659 6665 6677 6694 6720 6764 6788 6795 6796 
approves 6795 
april 6635 6647 6658 6661 6683 6685 6686 6687 6689 6700 6705 6714 6717 6730 6739 6741 6745 6761 6763 6766 6767 6773 6776 6777 6784 6794 6801 6802 
april-5-6 6645 
arbitragers 6665 
arbor 6761 
area 6660 6770 6792 
areas 6656 6710 6720 6722 6760 
arguing 6722 
ariz. 6641 6800 
ark. 6777 6784 
arkansas 6777 6784 
arrangement 6708 6749 
arrangements 6646 
arrears 6649 
art 6705 
arthur 6671 6778 
articles 6737 
artificial 6728 
artificially 6721 
asia 6796 
asked 6645 
aspects 6716 
assessment 6648 
asset 6689 
assets 6655 6665 6671 6672 6674 6682 6688 6689 6708 6719 6721 6725 6753 6770 6771 6797 
assigned 6640 
assistance 6704 
associates 6697 6754 
association 6644 6657 6690 6720 6727 6744 6786 
associations 6632 
assumed 6792 
assumptions 6797 
ati 6642 
atim 6642 
atlanta 6795 6799 
att 6782 6792 
attached 6791 
attack 6652 6657 
attacks 6652 
attempt 6719 6796 
attitude 6722 
attorney 6769 
attractive 6707 6742 
attributed 6742 
atvc 6702 
audio 6639 
audit 6671 
auditor 6671 
auditors 6740 6778 
august 6708 6751 6752 
author 6656 6657 6665 6716 6722 
authority 6639 6665 6720 6788 
authorized 6689 6751 
automatic 6789 
avenues 6719 
average 6656 6657 6722 6752 6760 6764 6797 
avg 6653 6668 6670 6672 6679 6680 6729 6743 6765 6785 
aviation 6673 
avoiding 6746 
awaiting 6657 
awards 6781 
aware 6719 6744 
axp 6707 
azpi.mi 6646 
ba-1 6780 
ba-2 6780 
back 6633 6656 6665 6721 
backed 6716 
backing 6657 6716 
backlog 6706 
bad 6657 6708 6770 
badly 6657 
baghdad 6652 
bailout 6708 
baird 6656 
baker 6631 6665 
balance 6656 
bally 6749 
bancorp 6654 6659 6661 6689 
bank 6631 6637 6649 6655 6658 6689 6708 6757 6770 6771 
bankers 6739 
banking 6689 6708 6764 6770 
banks 6633 6649 6708 6764 6770 
bankshares 6662 
bar 6639 6788 
barberton 6711 6723 
bard 6697 
barely 6656 6657 
barometer 6656 
barrel 6656 6722 6798 
barrels 6660 6722 6746 6760 
barriers 6657 
bars 6658 
base 6652 6723 6725 
based 6635 6658 6689 6708 6712 6742 6746 6766 6797 
bases 6677 
basis 6646 6648 6658 6664 6667 6676 6689 6692 6693 6768 
basket 6649 
bb-plus 6750 
bbb 6640 
bbb-plus 6640 
bc- 6696 6697 6739 6790 
bc-******american-expres 6666 
bc-******amoco-said-well 6650 
bc-******carolina-power 6715 
bc-******coca-cola-enter 6643 
bc-******each-norstar-sh 6675 
bc-******norstar-bancorp 6654 6659 6689 
bc-******s/p-affirms-rat 6782 
bc-******u.s.-treasury-s 6803 
bc-/mexico-to-sign-7.7-b 6631 
bc-/u.s.-wheat-growers-s 6744 
bc-/ussr-corn-buying-may 6735 
bc-admac-inc- 6668 
bc-alleghany-corp- 6763 
bc-allied-bankshares- 6662 
bc-allison's-place- 6737 
bc-allison's-place-inc- 6729 
bc-american-express- 6707 
bc-american-internationa 6684 
bc-american-travellers- 6702 
bc-ameritech- 6774 
bc-amex-approves-landmar 6795 
bc-amoco- 6660 
bc-arkansas-best- 6784 
bc-arkansas-best-corp- 6777 
bc-ati-medical-inc- 6642 
bc-auditors-lift-qualifi 6778 
bc-belcher-to-raise-heav 6798 
bc-bevis-industries-seek 6638 
bc-bionomic-sciences- 6674 
bc-bionomic-sciences-int 6672 
bc-borman's-inc- 6738 
bc-bralorne-resources-in 6724 
bc-brazil's-gdp-grew-8.2 6758 
bc-butler- 6682 
bc-carolina-power- 6726 
bc-carolina-power-and-li 6683 6730 
bc-cbt-to-submit-yen-bon 6634 
bc-central-pennsylvania 6801 
bc-ceradyne-inc- 6679 
bc-children's-discovery 6747 6766 
bc-coca-cola-bottling- 6775 
bc-coca-cola-enterprises 6651 
bc-coffee-meeting-to-be 6632 
bc-commodore- 6749 
bc-consolidated-natural 6712 
bc-cont'l-illinois-sees 6708 
bc-continental-medical- 6678 
bc-corrected 6741 
bc-correction 6713 
bc-cpc- 6721 
bc-cpi-corp- 6748 
bc-cramer-inc- 6701 
bc-cross-and-trecker- 6710 
bc-dcny-corp- 6635 
bc-del-val-financial-cor 6733 
bc-delta-natural-gas- 6692 
bc-doe-secretary-propose 6746 
bc-drilling 6656 
bc-dynalectron- 6781 
bc-eagle-entertainment- 6698 
bc-ec-commission-threate 6646 
bc-ec-warns-congress-on 6716 
bc-eldorado-bancorp- 6661 
bc-emhart-corp- 6797 
bc-energy-industry-in-be 6722 
bc-enron- 6734 
bc-ensource-inc- 6759 
bc-esso-saf-says-no-imme 6791 
bc-fairchild-president-s 6719 
bc-financial-benefit-gro 6680 6783 
bc-first-union- 6655 
bc-fpl-group- 6664 
bc-france-agrees-airbus 6648 
bc-gencorp- 6630 
bc-graphic-industries-in 6799 
bc-great-lakes-federal- 6761 
bc-hartford-national-cor 6776 6802 
bc-hechinger- 6640 
bc-house-farm-leader-see 6720 
bc-house-subcommittee-vo 6764 
bc-hyponex- 6753 
bc-icm-property- 6727 
bc-inertia-dynamics-corp 6641 
bc-interand- 6772 
bc-iraq-says-it-hit-ship 6652 
bc-jamaica-authorized-to 6751 
bc-keycorp- 6768 
bc-laidlaw-transportatio 6752 
bc-lsi-logic-canada-file 6755 
bc-marshall-industries- 6779 
bc-may- 6699 
bc-may-department-stores 6653 
bc-megaphone-internation 6681 
bc-mexican-hydrocarbon-r 6760 
bc-mgm/ua- 6703 
bc-mitsui- 6725 
bc-money-broker-sought-i 6633 
bc-moody's-may-downgrade 6780 
bc-morgan-bank-plans-war 6658 
bc-murray-ohio- 6732 6762 
bc-nasdaq-to-open-office 6644 
bc-navistar 6704 
bc-ne-electric- 6740 
bc-ne-electric-sees-high 6742 
bc-negotiators-put-final 6677 
bc-no-acceptable-bids-fo 6756 
bc-noble-broadcast-group 6663 
bc-novar-electronics- 6723 
bc-novar-electronics-cor 6711 
bc-nutmeg- 6700 
bc-ohio-art-co- 6705 
bc-pacific-eastern-adds 6718 
bc-paco-pharmaceutical- 6669 
bc-pan-am- 6786 
bc-penguin-group- 6728 
bc-peru-has-first-trade 6637 
bc-piedmont-aviation-inc 6673 
bc-premier-industrial-co 6765 
bc-publicker- 6671 
bc-publicker-industries 6670 
bc-puritan-bennett- 6731 
bc-rabbit-software- 6695 
bc-rada-electronic-indus 6743 
bc-ramada-inc- 6800 
bc-reliable-life-insuran 6709 
bc-republic-new-york- 6736 
bc-rochester-gas-and-ele 6685 
bc-ryder-system- 6676 
bc-s/p-affirms-ratings-o 6792 
bc-s/p-may-downgrade-afg 6750 
bc-savannah-electric-and 6647 
bc-scott-paper- 6717 
bc-service-corp-internat 6686 
bc-shell-canada-to-sell 6714 
bc-siebe-completes-acqui 6789 
bc-somerset-savings-bank 6771 
bc-st.-joseph-light- 6636 
bc-sugar-prices-too-low 6657 
bc-talking-point/gencorp 6665 
bc-teck-to-increase-stak 6694 
bc-tel-offshore-trust- 6794 
bc-telepanel-testing-pri 6693 
bc-thermo-electron- 6706 
bc-tie/communications-in 6787 
bc-u.s.-agency-finds-rai 6793 
bc-u.s.-bank-income-show 6770 
bc-u.s.-house-plan-seeks 6639 6788 
bc-union- 6767 
bc-unisys- 6667 6691 
bc-urs-corp- 6785 
bc-valero-natural-gas- 6688 
bc-valley-resources- 6687 
bc-vestar-securities-inc 6773 
bc-weekly-electric-outpu 6690 
bc-western-waste- 6769 
bc-xerox- 6754 
bc-zambia-clears-imf-198 6649 
bearing 6700 
bears 6676 
bed 6742 
began 6656 
begin 6646 6656 6667 6704 6722 
beginning 6796 
begins 6656 
beijing 6703 
belcher 6670 6798 
belgium 6646 
belief 6722 
believes 6769 
belonging 6796 
benefit 6680 6783 
benefits 6752 
benefitted 6791 
bernardo 6632 
betting 6656 
beverage 6671 
bevis 6638 
bicycle 6732 
bicycles 6762 
bid 6639 6719 
bidder 6665 
bids 6756 
big 6649 6656 
biggest 6656 
bill 6639 6716 6764 6788 
billion 6631 6637 6645 6653 6657 6665 6689 6690 6699 6708 6720 6721 6738 6750 6752 6760 6770 6780 6782 6792 6797 6803 
billion-dlr 6665 
bionomic 6672 6674 
black 6772 
blah 6643 6650 6654 6666 6675 6715 6782 
blamed 6645 
blife 6707 
bloc 6657 
block 6639 6665 6719 6720 6721 6788 6793 
blows 6652 
bly 6749 
board 6633 6634 6635 6636 6644 6659 6661 6687 6689 6694 6713 6726 6741 6744 6763 
boca 6680 6783 
bogota 6733 
bond 6634 
bonds 6639 6640 6664 6676 6698 6742 6788 
book 6728 
boone 6656 
boost 6632 6657 6737 6746 
bop 6637 
borman 6738 
borrower 6658 
borrowing 6752 
boston 6630 6665 6728 6768 6793 6797 
bottler 6775 
bottling 6665 6775 
bottom 6722 
bottomed 6722 
bought 6708 6719 6721 6735 
bourse 6658 
bpd 6722 6760 
bralorne 6724 
branch 6744 
branco 6657 
brand 6691 
brazil 6632 6657 6708 6758 6770 
brazilian 6657 
breach 6646 
breaching 6721 
break 6796 
breaks 6722 
breakup 6665 
brentwood 6732 6762 
brf 6738 
brian 6645 
bridging 6649 
briefing 6708 
bring 6646 6656 6665 
brings 6718 
british 6671 6706 
broadcast 6663 6665 
broadcasting 6665 
broadening 6707 
broken 6791 
broker 6633 
brokerage 6633 
brokerages 6707 
brokers 6712 
brooks 6719 
bros 6688 
brotherhood 6706 
brothers 6651 6656 6664 6676 6707 6721 6775 6800 
brought 6665 
brown 6630 6665 6750 6780 
brunswick 6633 
brussels 6646 
bryan 6705 
bs 6674 
bsii 6672 6674 
bt 6739 
btlr 6682 
bubble 6656 
budget 6720 
build 6656 6742 
building 6722 6727 
buildings 6795 
built 6742 
bullion 6658 
buolding 6723 
burlington 6793 
burnham 6753 
burns 6742 
burroughs 6691 
bus 6752 
buses 6752 
business 6633 6665 6691 6710 6723 6749 6752 6792 
businesses 6665 6753 
butler 6682 
buy 6633 6657 6665 6688 6689 6708 6725 6751 6752 
buyback 6721 
buyer 6638 6665 
buyers 6657 
buying 6708 6735 
buyout 6655 6665 6719 
cabinet 6746 
calculating 6793 
calgary 6694 6696 6724 6752 6755 
calif. 6642 6661 6679 6703 6719 6769 6779 6785 
california 6639 
called 6633 6639 6712 6722 6788 6796 
calling 6796 
calls 6633 6639 6736 
camiones 6704 
campeche 6760 
canada 6645 6656 6694 6696 6714 6724 6752 6755 6790 
canadian 6645 6714 6751 6752 
cancel 6726 
canceling 6726 
cancellation 6726 
cancels 6715 6726 
cane 6657 
cap 6764 
capacity 6656 6707 6722 6791 
capcity 6657 
capita 6758 
capital 6651 6653 6664 6707 6719 6757 6758 6768 6770 6793 6796 6800 
capitalized 6724 
card 6764 
career 6708 
caribbean 6657 6796 
carl 6633 
carolina 6683 6715 6726 6730 
carried 6665 
carrier 6784 
carriers 6646 
carries 6750 
carry 6665 
carryforwards 6787 
case 6657 
cash 6635 6689 6708 6720 6724 6742 6752 6763 6767 6780 6789 6792 
castelo 6657 
catalyst 6665 
caused 6657 
cbt 6634 
cbu 6749 
ccc 6756 
cce 6651 
cdcra 6747 6766 
center 6708 
centers 6747 6766 
central 6637 6649 6657 6704 6757 6801 
centred 6649 
cents 6657 
century 6770 
ceradyne 6679 
certificates 6720 
cftc 6634 
cgp 6798 
chain 6693 6766 
chairman 6633 6665 6708 6716 6720 6722 6766 6770 6793 
challenged 6665 
challenges 6665 
chamorro 6632 
chances 6657 
change 6634 6657 6720 
changed 6671 
characterize 6708 
charge 6653 6726 6797 
charged 6764 
charges 6633 6657 6769 6787 
charles 6665 
chartered 6649 
chemical 6638 6752 
chesepeake 6793 
chester 6749 
chicago 6634 6704 6708 6772 6774 
chief 6766 
children 6700 6747 6766 
china 6703 6735 
chips 6639 
chivanu 6649 
chivuno 6649 
choice 6646 
chokes 6660 
choose 6708 
chopping 6720 
chronic 6745 
cil 6708 
circle 6796 
cited 6640 6707 6740 6780 
citibank 6658 
cities 6646 
citing 6722 
city 6682 6701 6760 6793 
civil 6639 
claims 6716 
class 6709 6721 
clean 6671 
clear 6770 
cleared 6649 
clearning 6708 
clears 6649 
cleveland 6710 6765 
climbed 6707 
close 6665 6767 6791 
closing 6657 6670 6695 6702 
closure 6791 
cloth 6716 
clothing 6716 6737 
clubs 6700 
cng 6712 
co-managed 6664 
co-managers 6651 
coal 6726 6742 
coal-fired 6715 6726 6742 
coast 6652 6660 
coastal 6798 
coca-cola 6643 6651 6775 
code 6722 
coffee 6632 6758 
coin-operated 6749 
coinage 6764 
coins 6639 6788 
coke 6775 
collision 6716 
colombia 6632 6657 
combat 6645 
combination 6689 
combined 6689 6697 6742 6745 
combining 6653 
coming 6744 
commanded 6656 
comment 6630 6707 6708 6728 
commented 6665 6793 
commerce 6639 6649 6655 6657 6788 6793 
commercial 6631 6648 6649 6667 6725 6726 6770 6792 
commercially 6648 
commission 6634 6646 6651 6663 6665 6678 6712 6722 6726 6775 6793 6800 
commissioner 6722 
commissioners 6793 
commitment 6691 
commitments 6657 
committee 6639 6716 6720 6745 6764 
committees 6639 
committing 6645 6657 6720 
commodities 6745 
commodity 6634 6656 6720 6756 
commodore 6749 
common 6635 6653 6689 6694 6695 6697 6708 6742 6755 6763 6795 6796 
communications 6665 6695 6703 
community 6657 6716 
companion 6731 
company 6630 6633 6636 6638 6640 6651 6660 6662 6663 6665 6671 6674 6678 6689 6697 6698 6699 6702 6704 6707 6708 6710 6717 6718 6719 6721 6722 6723 6724 6725 6726 6731 6732 6734 6737 6739 6740 6742 6747 6749 6752 6755 6760 6761 6762 6763 6766 6769 6771 6773 6778 6784 6795 6797 
company-owned 6737 
comparable 6676 6692 6737 6768 
compared 6637 6658 6721 6722 6738 6764 6795 
compatible 6691 
compensate 6657 
compete 6646 6712 
competition 6646 6657 6707 6784 
competitive 6792 
complaint 6769 
complete 6649 6671 6726 
completed 6682 6689 6789 
completeness 6691 
completes 6682 6789 
completion 6698 6717 
complex 6727 6791 
compounded 6797 
comprised 6630 
comprising 6791 
compromised 6722 
comptroller 6689 
computer 6691 6749 
computerized 6723 
computers 6667 6728 
concern 6645 6665 6693 6716 6795 
concerned 6665 6708 
concerns 6645 6744 
concessions 6796 
concluded 6793 
condensate 6660 
condition 6780 
conditions 6658 6677 
conduct 6721 
conducted 6656 
conference 6649 6719 6796 
confession 6633 
confident 6721 
confirmation 6652 
confirmed 6652 
conglomerate 6665 
congress 6645 6716 6720 
congressional 6631 6744 
conn. 6670 6671 6754 6766 6767 6776 6787 6802 
connected 6670 
connecticut 6754 
conoco 6656 
conrtact 6634 
conserving 6745 
considerably 6722 
consideration 6639 6746 
considered 6745 6796 
consist 6691 
consisted 6787 
consolidated 6712 
consortium 6648 
constitute 6689 
construction 6639 6717 6726 6742 
consultant 6657 
consumer 6725 6758 6764 6797 
consuming 6677 
consumption 6656 6722 
cont 6678 
cont'l 6708 
contact 6719 
continental 6678 6708 
continue 6632 6657 6719 6732 6737 6745 6770 
continued 6657 6722 
continues 6792 
continuing 6748 
continuous 6657 
contract 6634 6670 6714 6786 
contracting 6781 
contracts 6781 
contradict 6648 
contribute 6752 
contributed 6770 
contribution 6750 6752 
contributions 6665 
control 6645 6682 6697 6708 6722 6742 6789 
controlling 6767 
controls 6633 6789 
conventional 6719 
converted 6771 
convertible 6640 6678 6780 
convey 6744 
convinced 6656 
cooperation 6665 
cooperative 6657 
cope 6796 
copy 6716 
corn 6735 
corp. 6788 
corpoartion 6635 
corporate 6702 6721 
corporation 6756 
corrected 6739 6741 
correction 6713 
corrects 6713 6739 6741 
cost 6656 6657 6712 6720 6726 6737 6742 6793 
costa 6657 6679 
costa-rica 6657 6796 
costly 6656 
costs 6653 6657 6670 6708 6717 6722 6726 6737 6742 6746 6778 
costume 6728 
council 6746 
count 6656 
counter-reaction 6716 
countries 6632 6657 6677 6745 6796 
country 6689 6708 6744 6770 
county 6726 6769 
coupled 6657 6722 
coupon 6664 6676 6692 6753 6768 
cover 6657 6742 
covered 6786 
covering 6651 6662 6663 6678 6800 
cpc 6721 
cpi 6748 
cpic 6748 
cpl 6683 6726 6730 
cpsa 6801 
cramer 6701 
crandall 6656 
crdn 6679 
create 6689 
credit 6649 6756 6757 6764 6778 
creditors 6796 
credits 6708 6711 6738 6757 
crestmont 6727 
crime 6723 
crmr 6701 
crop 6657 
crops 6720 
cross 6710 
crude 6652 6656 6722 6742 6746 6760 6791 
crushing 6756 6796 
cruzados 6758 
crystal 6693 
ct 6653 6679 6710 
ctco 6710 
cuba 6657 6796 
cubic 6650 6656 6660 6760 
cumberland 6687 
cumulative 6736 
curb 6716 
currencies 6649 
currency 6633 6657 
current 6633 6656 6657 6658 6672 6689 6706 6744 6752 6757 6786 6787 6789 6792 6793 
cushion 6648 
customarily 6635 
customer 6723 6725 
customers 6633 6656 6667 6691 6712 
cut 6645 6657 6708 6720 
cutbacks 6656 
cuts 6708 6720 
cycle 6656 6722 6742 
d-kans. 6720 
d.c. 6644 
daily 6650 6660 
dallas 6693 6702 6722 6775 
dan 6716 6720 
daniel 6735 
dannemeyer 6639 
data 6641 6653 6682 6725 
dating 6665 
day 6638 6656 6699 6722 6746 6760 
days 6656 6752 
dcny 6635 
dcy 6635 
dd 6656 
de 6657 6752 6758 
deacon 6755 
dead 6720 
deal 6655 6664 6665 6689 6707 6722 6789 
dealers 6644 
dealing 6796 
deals 6657 
dealt 6652 
dean 6688 
debentures 6640 6651 6653 6663 6664 6678 6692 6753 6792 
debt 6634 6639 6640 6643 6649 6651 6653 6657 6676 6678 6708 6719 6724 6750 6757 6770 6775 6778 6780 6782 6788 6792 6796 6800 
debtholder 6792 
debts 6708 
decade 6657 6745 6796 
december 6634 6656 6689 6721 6743 
decide 6708 6720 6752 6791 
decided 6634 6726 
decision 6716 6726 
decisions 6720 6744 
declared 6635 6636 6661 6662 6687 6708 6763 
declares 6763 6776 6777 
decline 6656 6657 6689 6722 6770 
declined 6633 6656 6665 6707 6722 
declining 6742 
decontrol 6722 
dedicate 6656 
deepest 6656 
defendants 6721 
defending 6721 
defensive 6780 
deferred 6724 
deficit 6637 
defined 6793 
definition 6720 
definitive 6659 
deflating 6656 
defrauded 6633 
degree 6744 
del-val 6733 
delaware 6721 6793 
delay 6657 
delegates 6677 6796 
delegation 6649 6716 
delegations 6744 
deliverability 6656 
delivery 6712 
delta 6692 
demand 6649 6657 6708 6722 6742 
demanding 6646 
democrat 6716 
denied 6633 
denies 6769 
denman 6716 
denver 6653 
deny 6721 
department 6653 6699 6722 6744 6751 6756 
depended 6791 
dependence 6746 
dependency 6722 
dependent 6744 
depending 6722 6798 
depleted 6657 
deployment 6645 
deposit 6649 6708 6770 
deposits 6649 6771 
dept 6744 
depth 6660 
deregulation 6770 
derived 6703 
desanctis 6766 
design 6749 
designed 6639 6646 6749 
designs 6639 
detailed 6772 
details 6633 6638 6659 6754 6755 
deterioration 6657 
deterrent 6723 
detroit 6667 6691 6738 
deutsche 6646 
develop 6749 
developed 6745 6749 
developing 6745 6796 
development 6712 6726 6796 
device 6728 6731 
devices 6789 
dg 6692 
dgas 6692 
diagnosing 6731 
diamond 6722 
diesel 6704 
difference 6657 
differences 6770 
difficult 6656 6657 
difficulties 6657 
digital 6639 
diluted 6689 6784 6785 
dilution 6689 
diminishing 6656 
dina 6704 
dioxide-removing 6726 
diplomat 6649 
diplomatic 6649 
direct 6719 
director 6633 6644 6657 
directors 6634 6635 6721 6744 
disagreed 6716 
disclosed 6682 6714 6754 6767 
discon 6772 
discontinued 6641 
discount 6635 6699 
discovered 6656 
discovery 6660 6747 6766 
discuss 6632 6744 
discussions 6649 6677 
disney 6665 
disorders 6731 
display 6772 
displays 6693 
disposal 6769 6787 
dispose 6791 
disposed 6769 
disputes 6665 6716 
distibution 6689 
distinction 6770 
distribute 6703 
distributed 6691 6742 6763 
distribution 6704 6714 6742 6745 6794 
district 6769 
div 6629 6647 6673 6683 6684 6685 6686 6705 6709 6713 6730 6733 6739 6741 6761 6773 6774 6776 6777 6801 6802 
dived 6656 
diversitech 6665 
divested 6797 
divestiture 6792 
dividend 6635 6636 6647 6661 6680 6687 6713 6741 6742 6761 6763 6773 6774 6776 6777 6802 
dividends 6635 6689 6709 6734 6736 
division 6653 6670 6671 6682 6710 6787 
divisions 6653 
dlr 6630 6631 6637 6640 6649 6653 6663 6670 6671 6674 6676 6681 6688 6689 6694 6720 6736 6742 6750 6752 6780 6798 6803 
dlr-per-share 6665 
dls 6718 
document 6633 6772 6796 
doe 6746 
dollar 6633 6649 6657 
dollars 6633 6658 6665 6757 
domestic 6657 6714 6722 6746 6756 6758 
dominican 6657 
dominican-republic 6657 
domm 6665 
donald 6719 
double 6656 
doubled 6757 
doubt 6648 6665 
doubted 6770 
doubtful 6708 
downgrade 6750 6780 
downturn 6722 
dramatically 6657 
drastic 6656 
drexel 6753 
drilled 6660 
drilling 6656 
drink 6775 
drop 6656 6722 6740 6770 
drought-reduced 6657 
drug 6693 
dry 6699 
due 6640 6651 6658 6663 6664 6671 6676 6692 6723 6732 6752 6753 6760 6762 6768 6775 
duk 6726 
duke 6726 
dumping 6657 
dupont 6656 
dutch/shell 6714 
duties 6721 
dvl 6733 
dyn 6781 
dynalectron 6781 
dynamics 6641 
e. 6722 
e.f. 6665 6688 
eagle 6698 
earlier 6652 6657 6665 6690 6699 6707 6708 6735 6791 
early 6634 6656 6717 6726 6732 6737 6740 6742 6770 
earn 6635 6636 6641 6642 6647 6653 6657 6661 6668 6669 6670 6672 6673 6674 6679 6680 6681 6683 6684 6685 6686 6687 6696 6699 6701 6705 6708 6709 6711 6713 6721 6723 6726 6729 6730 6732 6733 6734 6737 6738 6739 6740 6741 6742 6743 6747 6748 6752 6759 6761 6762 6763 6765 6770 6771 6773 6774 6776 6777 6778 6779 6783 6784 6785 6787 6790 6794 6797 6799 6801 6802 
earned 6638 6721 
earnings 6635 6640 6653 6689 6699 6721 6723 6726 6732 6748 6752 6762 6784 6795 6797 
earnngs 6757 
earth 6722 
easier 6716 
easiest 6791 
east 6660 6722 6770 
eastern 6645 6657 6714 6718 6793 
easy 6728 
ec 6646 6657 6716 
eckenfelder 6707 
economic 6632 6639 6649 6657 6722 6770 6788 6796 
economies 6657 
economist 6656 
economy 6657 6742 
ecuador 6657 
edge 6693 
edison 6690 6727 
eduardo 6657 
edward 6692 
eee 6759 
eegl 6698 
eei 6690 
eep 6720 
effect 6645 6689 6700 6708 6764 6770 6778 
effective 6652 6662 6714 6766 6798 
effects 6780 
effort 6632 6717 
efforts 6744 6793 6796 
egon 6633 
el 6779 
eld 6661 
eldb 6661 
eldorado 6661 
elecetric 6742 
electric 6647 6685 6690 6740 6742 
electrical 6690 6781 
electricity 6742 
electron 6706 
electronic 6743 6797 
electronics 6711 6723 
elgin 6793 
elsworth 6722 
emerging 6656 
emh 6797 
emhart 6797 
emission 6645 
emissions 6645 
emphasizing 6665 
employed 6716 
employee 6742 
employees 6633 6714 
employs 6728 
enable 6724 
enactment 6716 
encouraged 6645 6699 
end 6646 6657 6671 6672 6717 6718 6721 6773 
end-1986 6760 
ended 6653 6674 6689 6690 6699 6723 6743 6748 6752 6765 
ending 6638 
ends 6708 6729 
ene 6734 
enercon 6682 
energy 6639 6688 6690 6722 6724 6746 6788 
energy/drilling 6656 
enforcing 6716 
engineering 6639 
england 6740 6742 
enhancement 6720 
enrichment 6633 
enron 6734 
ensource 6759 
entered 6697 6702 
enterprises 6643 6651 
entertainment 6698 
enthusiastic 6719 6722 
entire 6708 6716 6717 
entitled 6658 6708 
entry 6677 
environment 6724 6745 
environmental 6726 
equal 6645 6651 
equalled 6758 
equally 6665 6708 
equipment 6639 6691 6767 
equipped 6726 
equity 6742 6750 6796 
equivalent 6649 6689 6708 
essf.pa 6791 
esso 6791 
establish 6712 
establishment 6632 
estate 6795 
estimate 6726 6732 6752 
estimated 6665 6689 6787 
estimates 6656 
etp 6667 
european 6644 6646 6648 6657 6716 
evaluation 6693 
eventually 6708 
everthing 6720 
evidence 6633 
evolution 6791 
examine 6645 6720 
exceed 6732 6745 
excellent 6732 6752 
exceptions 6714 
excess 6657 6722 
exchange 6634 6649 6651 6663 6678 6712 6719 6775 6795 6800 
exclude 6742 
excludes 6681 6787 
excluding 6716 
exclusively 6714 
executive 6633 6644 6708 6744 6766 
executive-secretary 6657 
executives 6719 6722 
exercisable 6658 
exercise 6658 6752 
exercised 6658 
exhange 6796 
exist 6719 
existing 6751 6796 
exists 6656 
expand 6708 6720 
expanded 6693 
expansion 6699 6707 6723 
expect 6656 6665 6726 
expectation 6665 6742 
expectations 6723 
expected 6633 6657 6689 6695 6702 6704 6708 6717 6722 6742 6767 6770 6796 
expects 6656 6671 6674 6678 6721 6723 6724 6732 6742 6748 6752 6762 
expenditure 6800 
expenses 6670 6708 6747 
expensive 6726 
experienced 6656 6752 
experimented 6796 
expertise 6725 
experts 6796 
expires 6677 
explained 6742 
exploration 6722 6746 
exploratory 6660 6760 
export 6632 6652 6657 6720 6757 
exportable 6657 
exported 6657 
exporter 6657 
exporting 6657 
exports 6637 6677 6744 6760 
exposing 6657 
express 6666 6707 6786 
expressed 6719 6722 
extend 6778 6786 
extended 6667 
extends 6667 6792 
external 6708 
extraordinary 6672 6674 
extremely 6657 
exxon 6656 6722 6791 
f8704 6630 
f8714 6631 
f8715 6632 
f8723 6633 
f8731 6634 
f8736 6635 
f8738 6636 
f8746 6637 
f8747 6638 
f8750 6639 
f8753 6640 
f8754 6641 
f8759 6642 
f8766 6643 
f8783 6644 
f8789 6645 
f8794 6646 
f8800 6647 
f8804 6648 
f8807 6649 
f8809 6650 
f8816 6651 
f8820 6652 
f8826 6653 
f8836 6654 
f8843 6655 
f8844 6656 
f8846 6657 
f8850 6658 
f8863 6659 
f8875 6660 
f8901 6661 
f8902 6662 
f8903 6663 
f8904 6664 
f8906 6665 
f8910 6666 
f8912 6667 
f8913 6668 
f8914 6669 
f8917 6670 
f8920 6671 
f8921 6672 
f8922 6673 
f8925 6674 
f8926 6675 
f8928 6676 
f8929 6677 
f8930 6678 
f8933 6679 
f8935 6680 
f8936 6681 
f8938 6682 
f8939 6683 
f8940 6684 
f8941 6685 
f8942 6686 
f8963 6687 
f8964 6688 
f8966 6689 
f8968 6690 
f8970 6691 
f8971 6692 
f8975 6693 
f8977 6694 
f8978 6695 
f8979 6696 
f8980 6697 
f8981 6698 
f8983 6699 
f8992 6700 
f8993 6701 
f8996 6702 
f8999 6703 
f9008 6704 
f9009 6705 
f9011 6706 
f9016 6707 
f9017 6708 
f9018 6709 
f9024 6710 
f9029 6711 
f9032 6712 
f9033 6713 
f9037 6714 
f9038 6715 
f9039 6716 
f9044 6717 
f9056 6718 
f9057 6719 
f9058 6720 
f9059 6721 
f9062 6722 
f9066 6723 
f9070 6724 
f9074 6725 
f9076 6726 
f9083 6727 
f9084 6728 
f9092 6729 
f9094 6730 
f9123 6731 
f9124 6732 
f9128 6733 
f9129 6734 
f9130 6735 
f9131 6736 
f9134 6737 
f9137 6738 
f9152 6739 
f9154 6740 
f9155 6741 
f9159 6742 
f9166 6743 
f9187 6744 
f9194 6745 
f9196 6746 
f9199 6747 
f9207 6748 
f9214 6749 
f9218 6750 
f9230 6751 
f9231 6752 
f9233 6753 
f9234 6754 
f9235 6755 
f9236 6756 
f9240 6757 
f9244 6758 
f9246 6759 
f9251 6760 
f9253 6761 
f9262 6762 
f9264 6763 
f9266 6764 
f9271 6765 
f9272 6766 
f9276 6767 
f9279 6768 
f9287 6769 
f9288 6770 
f9290 6771 
f9298 6772 
f9302 6773 
f9303 6774 
f9306 6775 
f9307 6776 
f9309 6777 
f9311 6778 
f9313 6779 
f9322 6780 
f9326 6781 
f9327 6782 
f9330 6783 
f9331 6784 
f9332 6785 
f9335 6786 
f9336 6787 
f9337 6788 
f9339 6789 
f9341 6790 
f9343 6791 
f9344 6792 
f9347 6793 
f9350 6794 
f9380 6795 
f9382 6796 
f9389 6797 
f9390 6798 
f9391 6799 
f9392 6800 
f9393 6801 
f9395 6802 
f9398 6803 
faced 6745 
facilities 6657 6667 6717 
failed 6633 6770 
failures 6770 
fairchild 6639 6719 6788 
fall 6633 6649 6760 
fallen 6793 
falling 6632 6657 6722 
faltering 6656 6796 
family 6691 
fao 6745 
fare-fixing 6646 
fares 6646 
farm 6720 6744 
farmbelt 6770 
farmers 6720 6744 6756 
farms 6720 
favor 6720 
favorable 6744 6796 
favorably 6793 
favoritism 6793 
fbgi 6783 
fbgia 6680 
fbt 6713 6741 
fdic 6708 6770 
feasible 6656 
feb 6641 6653 6669 6765 6771 6779 
february 6633 6699 6737 6748 6752 6762 
federal 6634 6639 6645 6656 6665 6708 6713 6722 6727 6740 6741 6761 6770 6788 6793 
fee 6722 6746 
feed 6720 
feedgrains 6720 
feel 6752 
fees 6698 
feet 6650 6656 6660 6760 
fell 6637 6657 6722 6758 
felt 6737 
fend 6665 
fenton 6672 6674 
fiduciary 6721 
fields 6760 
figure 6631 6637 6713 6718 6737 6741 6779 
figures 6657 6677 6721 6735 6748 6770 
file 6678 6716 
filed 6651 6663 6721 6755 6769 6775 6800 
files 6643 6755 6775 6800 
filing 6678 
filings 6726 
film 6703 
films 6698 
final 6635 6677 6778 
finalized 6724 
finance 6631 6725 6753 6775 
financed 6719 6752 
financial 6630 6633 6654 6659 6671 6675 6680 6689 6724 6725 6733 6750 6778 6780 6783 6796 6801 
financing 6719 6750 
find 6633 6657 6660 6745 
finding 6793 
findings 6716 6720 
finds 6648 6793 
fine 6665 
fired 6633 6742 
firm 6633 6648 6666 6708 
firms 6633 6639 6716 
fiscal 6645 6699 6706 6720 6738 6748 6752 
fish 6645 
fitzwater 6645 
five-ounce 6658 
five-year 6727 
fixed 6649 
fla. 6655 6680 6700 6783 
flat 6792 
flattened 6760 
fleet 6654 6659 6675 6689 
fleet/norstar 6689 
flexibility 6716 
flights 6646 
floated 6677 
floating 6736 
flonetics 6767 
florida 6655 
flow 6724 6780 6789 6792 
flowed 6660 
flows 6650 6660 6724 
flt 6659 6689 
fluid 6789 
fluidized 6742 
focus 6710 6797 
focusing 6677 
food 6721 6745 
foothold 6722 
force 6645 6646 6677 6708 
forced 6722 
foreign 6632 6634 6639 6657 6665 6703 6716 6744 6757 6787 6788 6796 
foreseeable 6742 
form 6719 6725 
formalized 6634 
formed 6688 
forms 6712 
fort 6777 6784 
fos 6791 
foster 6656 
found 6793 
founded 6665 
fourth 6635 6674 6699 6738 6770 
fourth-quarter 6770 
fpl 6664 
fractional 6763 
france 6648 6791 
franchises 6737 
francisco 6681 6766 
francs 6658 
frank 6722 
frankfurt 6633 
frankfurt-based 6633 
fraud 6633 
free 6657 6722 6746 
free-wheeling 6633 
freedom 6770 
freight 6784 6793 
french 6648 6791 
friday 6631 6632 6648 6796 
fuel 6657 6798 
fuels 6798 
fujitsu 6639 6719 6788 
fulfill 6633 
full 6639 6657 6669 6689 6693 6708 6732 6739 6741 6743 6747 6761 6764 6774 
fully 6689 6784 
func 6655 
function 6633 
fund 6645 6800 
funding 6645 6719 
funds 6657 6742 
furniture 6784 
futjitsu 6719 
future 6656 6657 6677 6719 6721 6722 6742 
futures 6634 
fy 6720 
ga 6647 
ga. 6662 6795 
gain 6653 6670 6674 6681 6752 6787 
gained 6707 
gains 6672 6783 
galeota 6660 
game 6749 
games 6749 
garcia 6757 
garden 6732 6762 
gardena 6769 
gas 6650 6656 6660 6685 6688 6692 6712 6722 6740 6742 6746 6760 
gas-fired 6742 
gaspar 6656 
gasper 6656 
gatt 6716 
gatt-approved 6716 
gave 6633 6735 
gdp 6758 
geis 6633 
gencorp 6630 6665 6750 6780 
general 6630 6665 6722 6757 6780 
generated 6690 6742 
generating 6726 6742 
generator 6706 
generic 6720 
geneva 6677 6796 
geographic 6770 
geography 6758 
george 6656 6744 
geplacea 6657 
germany 6633 
give 6639 6697 6755 6788 6793 
giving 6639 6657 6689 6758 6788 
glass 6630 
glass-maker 6665 
glendale 6642 
glenn 6742 
glfs 6761 
glickman 6720 
gmt 6652 
gnp 6758 6797 
goal 6746 
goals 6745 
gold 6639 6658 6788 
gold-backed 6639 6788 
goldman 6664 6688 
good 6722 6723 6752 6770 
goods 6657 6699 6758 
goss 6689 
government 6634 6639 6645 6648 6649 6656 6657 6667 6704 6708 6719 6720 6722 6788 6793 
governmental 6722 
governments 6677 
governmments 6645 
governors 6644 
grades 6798 
gradison 6793 
gradual 6656 
grain 6720 6735 6744 6751 
granite 6742 
granted 6689 
graphic 6799 
graphics 6749 
great 6722 6761 
greater 6646 6796 
greatwer 6645 
green 6698 
greenmail 6665 
greenwich 6670 6671 6754 
grew 6758 
grinding 6710 
grocery 6721 
groote 6752 
gross 6758 
groundwork 6796 
group 6654 6657 6659 6663 6664 6665 6680 6682 6684 6689 6694 6707 6714 6725 6727 6728 6775 6781 6783 6790 6796 
groups 6665 
grow 6742 6792 
grower-leaders 6744 
growers 6657 6744 
growing 6722 6746 
grown 6770 
grows 6657 
growth 6640 6719 6742 6745 6752 6796 6797 
grph 6799 
gsx 6752 
guarantees 6698 
guaranty 6658 
guatemala 6657 
guerrero 6657 
guess 6708 
gulf 6652 6656 6722 6746 
gustavo 6631 
gy 6630 6665 6750 6780 
hahn 6633 
half 6656 6657 6672 6674 
halves 6770 
hammer 6796 
hampered 6744 
happening 6657 
hard 6657 6722 
hardware 6695 6749 
harm 6657 
harris/3m 6772 
harsher 6793 
hartford 6776 6802 
harvesting 6657 
havana 6796 
hawker 6790 
hawker-siddeley-cana 6790 
hazardous 6769 
hcl 6787 
head 6649 6708 6716 
headline 6713 6741 
heads 6632 
heady 6656 
health 6656 6722 6770 
heard 6722 
hearing 6722 6746 
heart 6731 
heather 6793 
heavy 6665 6704 6798 
hecha 6640 
hechinger 6640 
hector 6757 
heighten 6750 
held 6632 6744 
helped 6665 
hemminghaus 6722 
hermann 6633 
herrington 6746 
high 6656 6735 
high-level 6722 
higher 6708 6721 6722 6726 6732 6742 6748 6762 
highest 6770 6793 
hike 6784 
hikes 6635 6636 6761 
hill 6778 
historic 6795 
hit 6652 6722 6758 
hnat 6776 6802 
hockey 6700 
hold 6639 6657 6665 6722 6744 6788 
holders 6636 6658 6689 6763 6789 
holding 6689 6708 
holds 6665 6708 
hollywood 6703 
hope 6657 
hopeful 6719 
hoping 6665 
horne 6653 
hours 6652 6690 6703 
house 6639 6645 6716 6720 6735 6746 6764 6788 
houston 6656 6660 6686 6718 6734 6759 6767 6794 
howard 6698 
ht 6656 
hudson 6793 
huge 6656 6746 
hughes 6656 
hugo 6657 
humidity 6789 
hundred 6648 
hungry 6745 
hunt 6767 
huntington 6740 6742 
hurt 6784 
hurting 6722 
hutton 6665 6688 
hydro 6742 
hydro-transmission 6742 
hydrocarbon 6760 
hydrocarbons 6760 
hyponex 6753 
hypothesis 6791 
hypx 6753 
i.e. 6716 
iaa 6657 
icc 6793 
icm 6727 
identified 6754 
ignore 6742 
ii 6656 6695 6754 
ike 6656 
illegally 6769 
illinois 6708 6716 
image 6716 
imagephone 6772 
imasco 6752 
imf 6649 
immediately 6727 
immersed 6796 
imminent 6656 
impact 6632 6720 6737 
impending 6707 
implementation 6720 
implications 6780 
implicit 6658 
import 6656 6657 6722 6735 6742 6746 
importance 6707 6744 
important 6793 
importing 6656 
imports 6637 6639 6656 6677 6716 6722 6746 
imposed 6716 6722 
improper 6665 6721 
improve 6665 
improved 6722 6723 
improvements 6726 
improving 6723 6745 
in-kind 6720 
ina 6652 
inadequate 6745 6793 
inc. 6656 
incalculable 6657 
incentives 6746 
inch 6660 
incident 6633 
include 6641 6653 6721 6726 6752 6796 
included 6745 6787 
includes 6670 6672 6711 6738 6773 6783 
including 6639 6645 6653 6665 6682 6707 6712 6726 6750 6752 6757 6758 6797 
income 6689 6708 6720 6721 6770 6795 6796 
incomes 6745 
increase 6645 6656 6657 6689 6694 6708 6721 6722 6726 6737 6745 6746 6750 6752 6758 6770 6784 6793 6797 
increased 6635 6737 6752 6762 6770 
increases 6656 6657 6793 
increasing 6657 6717 6720 6722 6752 
incurred 6633 6775 
ind. 6778 
indebtedness 6651 
indecisive 6657 
independent 6712 
indiana 6778 
indianapolis 6778 
indosuez 6658 
industrial 6640 6656 6665 6765 6797 
industrial-agricultural 6657 
industrialised 6657 
industries 6630 6638 6665 6670 6671 6700 6743 6750 6769 6779 6780 6799 
industry 6645 6656 6657 6708 6716 6722 6724 6758 6784 6791 6793 
inertia 6641 
infl 6681 
inflated 6721 
inflation 6797 
infoguard 6667 
information 6633 6693 6774 6797 
infusion 6707 
initial 6648 6688 6714 
injuring 6716 
innovative 6645 
inquiry 6708 
inra 6677 
instability 6657 
install 6693 
installation 6693 
installations 6667 
institute 6657 6690 6758 
institutions 6649 
insurance 6702 6707 6708 6709 6770 
integration 6717 
intelligence 6728 
intends 6665 6671 6708 6719 6726 
intent 6697 6725 
intention 6689 6746 
intentions 6722 
interactive 6772 
interand 6772 
interest 6639 6708 6716 6724 6731 6757 6764 6770 6788 
interests 6699 
interexchange 6792 
intermediate 6726 
internal 6657 6752 
internally 6742 
international 6657 6672 6674 6677 6681 6684 6686 6697 6704 6707 6716 6721 6725 6745 6749 
interstate 6662 6689 6793 
intervention 6719 
interview 6791 
introduce 6725 
introduced 6720 
inventory 6653 6671 6787 
invest 6645 6699 6719 
invested 6727 
investigating 6633 
investigation 6633 6639 
investment 6671 6719 6791 6793 6796 
investment/debt 6796 
investments 6639 6740 6788 
investor 6682 6767 
investors 6630 6639 6665 6694 6719 6727 6753 6768 6780 6788 
involved 6633 6658 6769 
iran 6652 
iranian 6652 
iraq 6652 
iraqi 6652 
irnd 6772 
irreversible 6722 
irv 6689 
irvin 6767 
isl 6702 
island 6652 6689 
issue 6640 6658 6663 6664 6665 6676 6692 6719 6742 6752 6753 6768 6770 6795 
issued 6638 6658 6659 6689 6698 6707 
issuers 6764 
issues 6698 
italiane 6646 
italy 6745 
item 6713 6741 
j. 6644 
j.s 6722 
jacksonville 6655 
jamaica 6751 
james 6631 6656 6722 6766 
jan 6642 6653 6668 6672 6711 6729 6785 6799 
janeiro 6657 6758 
january 6674 6699 6704 6721 6723 6762 
japan 6639 6707 6708 6725 
japanese 6634 6666 
jarvie 6657 
jerome 6791 
jersey 6721 
jet 6648 
jewelery 6728 
jim 6722 6744 
joachim 6633 
job 6665 6708 
jobs 6714 
joe 6656 
john 6708 6746 
johnson 6662 
joined 6703 
joining 6703 
joins 6703 
joint 6725 6727 
joliet 6793 
jones 6644 6692 
jose 6657 6796 
joseph 6636 6653 
journalists 6648 
jpac 6668 
judging 6716 
julian 6657 
julie 6656 
july 6644 6646 6653 6656 6658 6667 6689 6733 6757 6771 6779 6787 6796 
june 6629 6646 6684 6700 6709 6733 
justice 6698 
kan. 6701 6731 
kansai 6639 
kansas 6656 6682 6701 6793 
kaplan 6767 
kent 6668 
kerridge 6656 
key 6634 6720 6768 
keycorp 6768 
kharg 6652 
kidder 6630 6665 
killed 6645 
kilowatt 6690 6726 
kilowatt-hours 6690 
kind 6665 
king 6754 
knowledge 6704 
kr 6693 
kroger 6693 
kwacha 6649 
l'ectronique 6728 
l.p. 6688 
labor 6784 
laid 6633 
laidlaw 6752 
lakes 6761 
lakeshell 6714 
lakewood 6669 
lambert 6753 
landfills 6769 
landmark 6795 
lands 6722 
lane 6662 
large 6633 6656 6708 6716 6770 
largest 6633 6656 6657 6689 6708 6722 6784 6793 
larry 6665 
late 6634 6657 6702 6722 6726 
latest 6652 6656 6657 6707 
latin 6632 6657 6796 
latorre 6657 
launched 6630 
law 6689 6708 6793 
lawmakers 6720 
lawn 6732 6762 
lawrence 6707 
laws 6716 6721 
lawsuits 6721 
lawyer 6633 
lay 6714 6796 
lb 6657 
lco 6795 
ldmfa 6752 
lead 6651 6658 6664 6676 6722 6742 
leader 6720 
leaders 6657 6716 
leading 6722 
league 6657 6700 
learned 6720 
lease 6727 
leases 6656 6725 
leasing 6787 
leave 6649 
led 6633 6657 6758 
lee 6791 
legal 6646 6665 6670 6716 
legislation 6716 6722 6764 
legislative 6744 
legislators 6716 
lehman 6688 6707 
lenders 6724 
lending 6708 6725 
leonard 6649 
letter 6697 6716 6725 
letters 6646 
level 6645 6693 6720 6722 6758 6792 
levels 6657 6721 6722 6745 6784 
leverage 6750 
leveraged 6665 6719 
lfio 6653 
lhag.f 6646 
liabilities 6658 
liberal 6646 
license 6665 6667 6700 6703 
licensed 6667 6702 
licenses 6665 6702 
licensing 6665 6700 6749 
lie 6770 
lieu 6763 
life 6656 6702 6709 6768 
lifetime 6656 
lift 6778 
lifted 6778 
light 6633 6636 6683 6715 6716 6726 6730 
lima 6637 6757 
limit 6764 
limitations 6720 
limited 6656 6754 6757 
line 6691 6728 6786 6789 
linee 6646 
lines 6742 6757 
link 6719 
liquefied 6656 
liquid 6688 6693 6760 
liquidity 6649 
list 6720 6786 
listing 6795 
litigation 6670 
livestock 6682 
llsi 6755 
ln 6799 
loan 6631 6649 6708 6727 6761 
loans 6649 6708 6725 6770 6771 
local 6645 6657 
located 6656 
lock 6656 
logic 6723 6755 
logos 6700 
london 6644 
london-based 6644 6657 
long 6657 6665 6708 6724 6742 6745 
long-range 6648 
long-term 6634 6708 6745 
longer 6708 6793 
longer-term 6721 
los 6665 6698 6725 6729 6737 6769 
loss 6641 6668 6670 6672 6674 6679 6680 6681 6701 6708 6711 6747 6759 6783 6787 6797 
losses 6633 6740 6770 6791 6793 
lost 6633 6674 
louis 6653 6699 6709 6748 
louisiana 6712 
low 6656 6657 6712 6722 6745 
low-cost 6712 
low-sulphur 6726 
lower 6646 6722 6784 
lower-cost 6726 
lsi 6755 
ltco 6795 
lubricant 6791 
lufthansa 6646 
lusaka 6649 
luxembourg 6658 
lynch 6651 6707 
lynton 6644 
ma 6653 6699 
machines 6710 6749 
made 6634 6639 6660 6694 6716 6720 6726 6750 6756 6793 
main 6657 
maine 6793 
mainframe 6667 
mainframes 6667 
maintained 6657 
major 6646 6649 6716 
majority 6731 6793 
make 6649 6695 6697 6702 6720 6722 6726 6728 6752 6791 
maker 6695 6719 
makes 6638 6697 6710 6716 6731 6767 6789 
making 6688 6716 6720 
malvern 6695 
managed 6688 6722 6770 
management 6633 6665 6719 6723 6726 6747 6752 
manager 6651 6658 6664 6676 6692 6722 6757 6768 
managers 6770 
managua 6632 
mandatory 6716 
mantha 6694 
manuel 6657 
manufacturer 6630 6691 
manufacturing 6682 6719 6732 6749 6762 
marble 6778 
marginal 6726 
marietta 6795 
marine 6714 6767 
market 6656 6657 6665 6708 6712 6719 6725 6728 6791 6795 
marketer 6772 
marketing 6712 6722 6744 
markets 6633 6651 6657 6712 6714 6744 6797 
marks 6633 
marlin 6645 
marshall 6779 
marvin 6737 
mass 6706 
mass. 6771 
match 6724 
matching 6633 
mateo 6657 6785 
material 6742 6752 
materials 6769 
matters 6707 
maturities 6639 6658 6788 
maturity 6658 6778 
mayo 6715 6726 
mca 6665 6703 
mclean 6781 
mcleod 6755 
mcneil 6694 
means 6656 6716 6793 
meant 6657 6770 
measure 6716 
measures 6657 6722 6780 
mechanical 6781 
medical 6642 6678 
medicom 6731 
mediterranean 6791 
medium 6704 
medium- 6708 
medium-range 6648 
meet 6632 6707 6732 6744 6796 
meeting 6632 6634 6635 6636 6645 6657 6720 6740 6742 6744 6745 6796 
meets 6726 6745 
megaphone 6681 
member 6716 
members 6744 
men 6700 
mention 6722 
mer 6707 6791 
merchandise 6737 
merge 6654 6659 6689 
merged 6691 
merger 6659 6675 6689 6699 6719 
merges 6691 
merrill 6651 6707 
mesa 6656 6679 
met 6633 6712 
method 6653 
metropolitan 6795 
mexican 6631 6704 6760 
mexicanos 6760 
mexico 6631 6632 6656 6657 6704 6760 
mgm 6703 
mgm/ua 6703 
mi 6779 
mich. 6761 
michael 6752 
michel 6648 
micro 6695 
mid-1986 6722 
mid-1987 6644 
mid-1988 6656 
middle 6708 6722 
middle-man 6633 
midwest 6708 
midyear 6722 
miguel 6657 
miles 6660 
military 6652 6767 
miller 6744 
million 6757 
millions 6633 
minimal 6689 
minister 6631 6645 6648 6657 
ministers 6646 
minneapolis-based 6682 
mirror 6716 
missile 6652 
mississippi 6770 
mitsui 6725 
mitsy 6725 
mlp 6656 
mo. 6636 6672 6674 6682 
mob 6656 
mobil 6656 
modest 6656 
modified 6646 6724 
modify 6657 
modular 6742 
module 6667 
modules 6742 
monday 6633 
money 6633 6645 6658 6708 6758 6791 
monitor 6731 
monkey 6698 
monroe 6766 
monte 6779 
month 6646 6665 6708 6744 6745 6796 
monthly 6667 
months 6638 6656 6657 6658 6708 6752 
montreal 6714 6752 
montvale 6741 
moody 6664 6676 6753 6768 6780 
moratorium 6708 6770 
moratoriums 6708 
morgan 6658 
moritorium 6708 
mortgage 6688 
motion 6703 
motor 6784 
move 6646 6691 6720 6722 6744 
moves 6646 6720 
moving 6657 
mowers 6762 
mthly 6733 
mths 6641 6642 6668 6669 6729 6743 6747 6765 6779 6787 
muddies 6665 
muddy 6665 
mulroney 6645 
multilaterally 6716 
mur 6732 
murray 6732 6762 
myo 6762 
n't 6656 6708 6719 6720 6770 
n.c 6726 
n.c. 6673 6683 6726 6730 
n.j. 6665 6669 6733 6741 
n.y 6689 
n.y. 6659 6685 6727 
na 6771 
nacional 6704 
named 6651 6663 
names 6630 6772 
nasdaq 6644 
nat-gas 6650 6656 6660 6712 6722 6742 6760 
nation 6656 6722 6770 
nation-wide 6764 
national 6639 6644 6655 6657 6700 6703 6708 6716 6720 6722 6744 6772 6776 6788 6802 
nationalization 6689 
nations 6657 6716 6796 
nationwide 6770 
natural 6650 6656 6660 6677 6688 6692 6712 6722 6745 6746 6760 
nav 6704 
navistar 6704 
nawg 6744 
ne 6704 6740 6742 
nearby 6657 
needed 6657 
negotiating 6649 
negotiations 6646 6649 6657 6708 6752 
negotiators 6677 
nes 6740 6742 
nesbitt 6755 
net 6641 6642 6653 6668 6669 6670 6672 6679 6680 6681 6689 6690 6696 6701 6708 6711 6722 6729 6732 6738 6743 6747 6748 6759 6765 6770 6771 6779 6783 6784 6785 6787 6790 6795 6797 6799 6800 
network 6693 6703 6772 
networking 6691 
newly 6793 
news 6633 6652 6656 6719 
newsletter 6633 
neyra 6757 
nhl 6700 
nicaragua 6632 
nicaraguan 6632 
nice 6707 
night 6652 
niglio 6766 
nil 6672 
nippon 6707 
noble 6663 
noir 6648 
non-callable 6676 6692 6753 6768 
non-delivery 6657 
non-performing 6708 
non-recurring 6747 
non-refundable 6664 
non-strategic 6665 
non-union 6786 
nonetheless 6793 
norfolk 6793 
normal 6714 
norstar 6654 6659 6675 6689 
north 6726 6752 
northern 6714 6742 6793 
norwalk 6767 
notable 6657 
note 6641 6653 6669 6670 6672 6680 6681 6711 6738 6739 6741 6743 6747 6761 6770 6771 6773 6774 6779 6783 6787 6790 6800 6803 
noted 6740 6744 6792 
notes 6651 6676 6688 6742 6768 6775 6796 6800 
noting 6722 6740 
novar 6711 6723 
november 6633 6721 6778 
novr 6711 6723 
nuclear 6778 
nugent 6722 
number 6689 6719 6721 6722 6770 6798 
nutm 6700 
nutmeg 6700 
nutritional 6745 
oar 6705 
objectives 6797 
obligations 6681 6716 
obsolete 6657 
obstacle 6634 
obtained 6649 
occur 6708 6719 
october 6657 6677 6778 
off-the-run 6664 
offer 6630 6633 6643 6662 6665 6714 6719 6742 6750 6756 6775 6780 
offered 6633 6639 6691 6720 
offering 6662 6663 6664 6676 6688 6692 6753 6755 6756 6768 6800 
offerings 6651 6676 
office 6633 6644 6708 6727 6757 6769 
officer 6766 
official 6632 6657 6658 
officially 6748 
officials 6657 6707 6719 6728 
offset 6784 
offshore 6656 6760 6794 
ogden 6708 
ohio 6705 6711 6712 6723 6732 6762 6793 
ohio-based 6665 
oil 6638 6652 6656 6670 6708 6722 6740 6742 6746 6760 
oilfield 6656 
oilpatch 6656 6770 
olympic 6646 
one-year 6764 
ongoing 6665 6752 
opec 6722 
open 6644 6699 
opening 6644 
oper 6641 6681 6787 
operate 6702 6712 6724 
operating 6653 6674 6708 6722 6726 6752 6787 6793 
operation 6726 6752 
operational 6677 
operations 6641 6682 6717 6718 6722 6748 6752 6784 6791 
operator 6742 
opinion 6671 
oppenheimer 6665 
opportunity 6639 
opposition 6719 
optimistic 6721 6722 6752 
option 6689 6720 
options 6648 6656 6707 6708 6746 
order 6706 6720 
orders 6633 6648 6706 6728 6732 
ordinary 6772 
organisation 6745 
organization 6657 6744 
original 6691 6795 
originally 6634 
originated 6707 
originating 6725 
orleans 6712 
os 6691 
os-based 6691 
ottawa 6645 
ounce 6658 
outcome 6752 
outlays 6742 
outlets 6699 6737 6745 
outline 6689 
output 6657 6690 6758 6760 
outstanding 6640 6651 6655 6689 6721 6748 6763 6775 
outstrips 6745 
over-the-counter 6795 
overland 6731 
overseas 6744 
owned 6665 6714 6719 6725 6755 6790 
ownership 6771 
owning 6742 
owns 6737 
pa. 6695 6702 6801 
pace 6762 6770 
pacific 6718 6725 6792 6793 
package 6667 
packages 6691 
packaging 6670 
paco 6669 
pact 6657 6677 6703 6704 6725 6749 6786 
paid 6721 6763 
painewebber 6663 6707 
palo 6719 
pan 6786 
panama 6657 
panel 6645 
panels 6693 
paper 6676 6713 6717 6741 6792 
papermaking 6717 
par 6692 6768 
paramount 6703 
parent 6719 
paris 6648 6791 
park 6731 
part 6639 6682 6708 6717 6737 
participating 6632 
parties 6682 
partly 6752 
partners 6630 6665 6688 6716 6727 
partnership 6656 6750 6754 6780 
parts 6745 
pass 6740 
passed 6716 
passengers 6646 
past 6630 6652 6657 6742 6744 6793 
pattern 6657 
patti 6665 
pay 6629 6639 6649 6655 6665 6673 6684 6685 6686 6705 6708 6709 6730 6733 6734 6739 6741 6761 6773 6774 6776 6777 6788 
payable 6635 6636 6647 6661 6683 6687 6794 6801 6802 
payers 6740 
payment 6649 6658 6665 6708 6720 6787 
payments 6665 6708 6720 6724 6757 6770 6796 
payout 6636 6685 6687 6713 6730 6733 6739 6741 6773 6794 6801 
pays 6657 
pben 6731 
pc 6793 
peabody 6630 6665 
peak 6656 
peaking 6726 
peanuts 6756 
pemex 6760 
pending 6665 
penguin 6728 
penn. 6749 
pennsylvania 6712 6801 
percentage 6760 6764 
perelman 6721 
performance 6698 6770 
performing 6752 
period 6638 6653 6658 6665 6690 6693 6708 6714 6724 6732 6737 6793 
periods 6681 6738 
persian 6722 6746 
persist 6708 
person 6720 6726 
personal 6633 
peru 6637 6657 6757 
peter 6706 6722 
petriccioli 6631 
petricioli 6631 
petrochemical 6638 6791 
petroleos 6760 
petroleum 6656 6722 
pgc 6728 
pharmaceutical 6669 
philadelphia 6697 6717 6773 
phoenix 6641 6800 
phone 6772 
pickens 6656 
pictures 6703 6772 
pie 6673 
piedmont 6673 
pik 6720 
pilot 6786 
pilots 6786 
pimary 6785 
pin 6778 
pipeline 6656 6688 
pipelines 6656 
pitts 6722 
pittsburgh 6653 6712 
pl 6751 
place 6646 6729 6737 
placement 6688 6694 
plan 6639 6665 6716 6717 6724 6742 6788 
planes 6652 
planned 6640 6658 6726 6770 
plans 6630 6651 6656 6657 6658 6678 6699 6742 6752 6791 6797 
plant 6717 6726 6742 6778 6791 
plantations 6657 
plants 6742 
plastics 6665 
platform 6656 
platow 6633 
plc 6789 6790 
pleased 6719 
pledges 6645 
plunge 6656 
plunged 6657 
pn 6786 
point 6657 6660 6719 6745 
point/gencorp 6665 
pointed 6707 
pointing 6742 
points 6664 6676 6692 6751 6764 6768 
polarisation 6745 
policies 6657 6722 6744 6746 6796 
policy 6707 6744 6746 
political 6633 6657 6665 6722 
politically 6722 
polllution 6645 
pollution 6645 6742 
pooling 6699 
poor 6640 6657 6664 6750 6753 6768 6792 
poor-quality 6708 
poorer 6745 
population 6745 
populations 6745 
port 6791 
portable 6772 
portion 6724 
ports 6751 
position 6796 
positions 6708 
positive 6770 
positively 6646 
possibilities 6720 
possibly 6732 
post 6748 
post-world 6656 
posted 6798 
potential 6728 6742 6752 
power 6636 6639 6647 6683 6690 6715 6726 6730 6742 6778 6788 6789 
pps 6669 
practice 6716 
practices 6639 6646 6716 
pre 6765 
pre-split 6689 
precluded 6634 
predict 6665 
predicted 6708 
predicts 6656 6718 
prefer 6633 
preferred 6734 6736 6742 6752 6792 
preliminary 6748 
premier 6765 
premium 6656 6658 6665 6736 
present 6677 6793 
presentation 6796 
presented 6796 
president 6639 6645 6649 6656 6657 6670 6682 6716 6719 6722 6737 6740 6742 6744 6752 6757 6766 6788 6791 
presidential 6645 
presplit 6636 6687 
press 6649 6659 6708 6719 
pressure 6646 6789 
pretax 6653 6708 6787 
prevent 6667 
previouly 6760 
previous 6752 
previously 6629 6635 6660 6689 6691 
price 6646 6656 6657 6658 6693 6694 6707 6720 6721 
priced 6658 6664 6676 6753 
prices 6632 6656 6657 6720 6722 6740 6742 6760 6798 
pricing 6658 6692 6693 6753 6768 6784 
primary 6785 6797 
prime 6645 
primetime 6703 
principal 6724 
principle 6695 6700 6724 6767 
printers 6691 
prior 6647 6673 6683 6684 6685 6686 6705 6709 6730 6733 6739 6761 6773 6776 6777 6787 6794 6801 6802 
private 6688 6694 
privately-held 6695 
problem 6745 6770 
problems 6657 6770 
proceeds 6651 6688 6752 6753 6775 6800 
process 6671 
processing 6657 6691 6725 
procurement 6639 
produce 6633 6656 6657 6752 
produced 6657 6698 6726 
producer 6657 
producers 6656 6657 6712 6722 
produces 6762 6789 
producing 6677 6712 6744 
producive 6796 
product 6691 6693 6744 6758 
production 6656 6657 6690 6698 6704 6722 6745 6746 6758 6760 6791 
productive 6760 6796 
products 6639 6665 6691 6714 6721 6725 6728 6772 6797 
profiles 6770 
profit 6668 6672 6674 6679 6701 6711 6747 
profitability 6657 6674 6722 
profitable 6657 6744 6752 6784 
profitably 6674 
profits 6708 6722 
program 6718 6720 6721 6800 
programme 6649 
programming 6703 
programs 6656 6722 6796 
progressive 6657 
prohibit 6716 
prohibited 6708 
project 6648 6717 6742 6746 
projected 6726 6797 
projection 6742 
projections 6732 
projects 6645 6648 
prolonged 6657 
promised 6649 
promote 6645 
prompt 6716 
prompted 6691 6716 
properties 6665 
property 6727 6754 
proposal 6719 6720 6788 
proposals 6719 6720 6746 
propose 6746 
proposed 6689 6750 6752 6755 6780 6793 6800 
proposes 6746 
prosecutor 6633 
prospect 6656 
protect 6639 
protected 6633 
protection 6716 6780 6792 
proven 6760 
provide 6633 6704 6722 6724 6725 6742 
providence 6638 6689 
providing 6698 
provision 6639 6670 6716 6770 6788 
provisions 6634 6716 
prudential-bache 6707 
ps 6778 
psi 6778 
public 6688 6708 6719 6755 6771 6778 
publication 6634 
publicker 6670 6671 
published 6791 
pul 6670 6671 
pulling 6657 
pulp 6717 
pulping 6717 
pulverized 6742 
purchase 6667 6688 6689 6694 6702 6719 6721 6726 6751 
purchased 6693 
purchaser 6754 
purchasers 6638 
purchases 6735 
puritan-bennedtt 6731 
puritan-bennett 6731 
purpose 6744 
purposes 6726 
pushing 6646 
put 6646 6677 
putting 6677 
pwj 6707 
qt 6668 
qtly 6629 6635 6647 6673 6683 6684 6685 6686 6705 6709 6713 6730 6739 6741 6761 6774 6776 6777 6794 6801 6802 
qtr 6641 6642 6653 6669 6670 6672 6679 6681 6699 6701 6711 6729 6738 6747 6759 6761 6762 6765 6771 6773 6779 6784 6785 6787 6794 6799 6801 6802 
qtrly 6773 
qualification 6740 6778 
qualified 6671 6740 6778 
qualify 6740 
quality 6726 
quantities 6656 
quarter 6635 6672 6674 6699 6706 6708 6711 6732 6734 6737 6738 6752 6762 6770 6784 
quarterly 6635 6636 6673 6686 6687 6689 6705 6770 6794 
quarters 6635 6752 
quebec 6742 
question 6633 
questioned 6778 
questions 6630 
quickly 6708 6720 
quota 6657 
quotas 6632 6657 
quotation 6658 
quoted 6791 
r.i. 6638 6687 6689 
r.l 6638 
rabbit 6695 
rabt 6695 
racquets 6697 
rada 6743 
radical 6770 6796 
radif 6743 
radio 6665 
rail 6793 
railroad 6722 6793 
railroads 6793 
rain 6645 
raise 6657 6719 6742 6798 
raised 6636 6640 6687 6713 6741 
raises 6687 6713 6741 
raising 6664 6676 6692 6753 
raleigh 6683 6726 6730 
ram 6800 
ramada 6800 
ran 6739 
ranco 6789 
range 6677 6712 6714 
ranges 6667 
rapid 6723 
rapidly 6656 6745 
rate 6635 6649 6656 6726 6736 6740 6764 6784 6793 6797 
rated 6664 6676 6768 
rates 6764 6793 6796 
ratified 6677 
rating 6640 6780 
ratings 6753 6782 6792 
raton 6680 6783 
raw 6657 
raymond 6791 
rdr 6676 
reach 6722 6742 
reached 6665 6724 6749 
reacting 6645 
read 6713 
reagan 6639 6645 6716 6746 6788 
real 6758 6795 6796 6797 
realigned 6797 
realise 6657 
realistic 6796 
realized 6783 
reason 6648 6657 6740 
reasonable 6722 
rebuild 6657 
receive 6657 6671 6689 6698 6749 6789 
received 6665 6706 6708 6712 6756 6781 
receives 6657 
recent 6656 6657 6658 6720 6722 6732 6735 6775 
recently 6722 6781 
recession 6657 6758 
recognition 6691 
recommended 6635 6796 
reconstitution 6720 
record 6629 6635 6636 6640 6647 6656 6657 6661 6673 6683 6684 6685 6686 6687 6699 6705 6709 6730 6733 6739 6741 6761 6763 6770 6773 6774 6776 6777 6794 6801 6802 
record-setting 6762 
recorded 6762 
recording 6639 
recover 6657 6671 6740 6778 
recoverable 6671 
recovered 6657 
recovers 6724 
recovery 6656 6657 
recycling 6752 
redeem 6734 6736 
redemption 6734 
reduce 6639 6708 6717 6720 6788 
reduced 6708 6716 6721 
reducing 6671 6708 6745 
reduction 6671 
reductions 6657 
referring 6742 
refinance 6651 
refined 6657 
refineries 6657 6791 
refinery 6791 
refining 6722 
reflect 6653 
reflected 6770 
reflecting 6722 
reflects 6722 6747 6779 6787 
regime 6646 
region 6657 6708 6796 
regional 6770 
regions 6745 6770 
register 6634 
registered 6637 6645 
registration 6651 6662 6663 6678 6800 
regular 6634 6774 6802 
regulartory 6634 
regulate 6657 6789 
regulated 6793 
regulates 6722 6793 
regulations 6645 6716 6726 
regulators 6740 
regulatory 6645 6689 6722 6744 6770 
rehabilitates 6795 
reinvestment 6742 
rejected 6639 6716 6742 6788 
related 6645 6665 6721 6725 6747 
relaxing 6716 
release 6640 6659 
released 6707 6722 6740 6746 
reliable 6709 
relief 6645 
remain 6633 6719 6722 6744 
remaining 6649 6708 
remember 6770 
removed 6634 
rental 6708 
reopening 6744 
rep. 6639 
repaid 6658 6778 
repay 6657 6775 6800 
repeal 6722 
replace 6657 
replaced 6656 
replacement 6656 
replaces 6766 
report 6690 6721 6722 6740 6745 6760 6778 
reported 6633 6652 6674 6689 6699 6723 6770 6795 6797 
reporters 6631 6708 6757 6770 
reporting 6699 6770 
reports 6699 6728 6748 
represent 6658 6752 
representative 6772 
representatives 6632 6716 6744 
represented 6658 
republic 6657 6736 
republican 6639 
repurchase 6653 
request 6645 
requests 6793 
require 6634 6639 6657 6716 
required 6677 6726 6787 
requirements 6691 6714 6720 6724 
requiring 6788 
res 6681 
reschedule 6708 
rescheduling 6724 
reserve 6656 6657 
reserves 6656 6760 
resignation 6670 
resigned 6633 
resist 6665 
resolution 6665 
resolved 6665 
resort 6716 
resource 6694 
resources 6687 6696 6724 6745 
respective 6738 
responded 6646 6722 
response 6630 6708 
rest 6708 6752 
restated 6653 
restaurant 6766 
restraints 6770 
restrict 6649 
restructuring 6665 6708 6787 6797 
result 6665 6689 6702 6720 
resulting 6653 
results 6699 6723 6748 6752 6778 6784 6787 
resurgence 6656 
retail 6742 
retain 6726 
retained 6638 6665 
retaliation 6716 
retaliatory 6716 
retemeyer 6633 
retire 6708 6742 
retirement 6653 6708 
retrogression 6796 
return 6656 6657 6749 6793 
returned 6633 6652 
returns 6793 
revenue 6640 6718 6752 6793 
revenues 6699 6703 6718 6721 6752 6792 6793 6795 6797 
reverse 6680 
revert 6656 
review 6726 6746 6780 
reviewing 6791 
revised 6646 6649 
revision 6649 
revs 6642 6653 6669 6680 6681 6696 6711 6729 6743 6747 6759 6765 6785 6787 6799 
reynolds 6665 6688 
rgs 6685 
rhode 6689 
rica 6657 
richard 6657 6766 
rico 6657 
ridiculous 6657 
rig 6656 
rights 6749 
rigs 6656 6722 
rio 6657 6758 
rise 6656 6657 6757 6770 
risen 6657 
rises 6657 
rising 6745 
risk 6716 6750 6792 
river 6770 
rlifa 6709 
rn 6736 
rnb 6736 
rni 6789 
robert 6656 6716 
robertshaw 6789 
rochester 6685 
roger 6722 
role 6744 
rolf 6633 
rome 6745 
ronald 6721 
rose 6665 6707 6708 6748 6758 6760 
rostenkowski 6716 
roustabouts 6656 
route 6646 
routes 6646 
roy 6716 
royal 6714 
royce 6722 
rubber 6665 6677 6752 
rule 6634 
rules 6646 6720 
ruling 6634 
rumored 6707 
rumors 6666 6707 
run 6657 6700 6708 6770 
running 6657 6732 
ryder 6676 
s-series 6704 
s/p 6640 6750 6782 6792 
sachs 6664 6688 
saf 6791 
safely 6652 
sagging 6632 
saj 6636 
sale 6639 6653 6657 6665 6672 6674 6682 6704 6742 6787 6788 6803 
sales 6638 6639 6640 6641 6657 6668 6670 6672 6679 6701 6710 6718 6721 6732 6737 6738 6748 6772 6779 6788 6790 6795 
salomon 6651 6656 6664 6676 6721 6775 6800 
same-rated 6750 
samuel 6740 6742 
san 6681 6688 6766 6785 6796 
sands 6660 
sandy 6698 
sasles 6679 
satisfactory 6648 
sav 6647 
savannah 6647 
save 6720 
savings 6720 6727 6761 6771 
scandal 6633 
schedule 6699 
scheduled 6717 6726 6744 6784 6795 6796 
scheduling 6708 
schemes 6796 
schenker 6737 
schleede 6742 
schlumberger 6639 6719 
schmidt 6633 
school 6752 
schultz 6744 
sciences 6672 6674 
scotch 6671 
scott 6717 
scrubbers 6726 
scrutiny 6793 
sdr 6649 
search 6656 
sec 6634 6678 
secaucus 6665 
secretary 6631 6744 6746 
securities 6634 6644 6651 6662 6663 6678 6692 6707 6712 6721 6764 6768 6773 6775 6800 
security 6667 6722 6725 6740 
seek 6638 6645 6710 
seeking 6719 
seeks 6638 6639 6788 6796 
sees 6656 6657 6674 6708 6720 6721 6723 6732 6742 6752 6762 6784 
segment 6665 6722 6752 
seidman 6770 
sela 6796 
selection 6645 
sell 6633 6639 6651 6663 6665 6700 6707 6708 6710 6714 6752 6756 6767 6788 
selling 6719 
sells 6664 6676 6692 6753 6754 6768 
selowsky 6633 
semiconductor 6639 6719 6788 
semiconductors 6789 
senior 6663 6747 6753 6780 
seniority 6786 
separate 6682 
september 6638 6708 6751 
sequencing 6789 
series 6667 6734 6736 6770 
service 6656 6686 6726 6753 6768 6778 6780 6793 
services 6669 6725 6752 6758 6795 
servicing 6724 
set 6656 6665 6716 6722 6725 6744 6745 6749 6774 6797 
set-aside 6720 
sets 6636 6661 6673 6686 6687 6705 6730 6733 6773 6803 
settlement 6670 6681 
settlements 6670 
severely 6744 
shambles 6722 
shamokin 6801 
shamrock 6722 
share 6630 6635 6636 6638 6646 6653 6662 6665 6675 6680 6687 6689 6694 6699 6708 6721 6732 6734 6736 6742 6748 6752 6762 6763 6779 6784 6789 6797 
shareholder 6689 6767 
shareholders 6635 6636 6655 6661 6665 6675 6697 6778 6789 
shares 6636 6655 6689 6694 6695 6697 6707 6708 6721 6736 6742 6748 6755 6763 6795 
sharing 6646 
sharp 6722 6740 
sharper 6742 
sharpest 6656 
sharply 6657 6707 6760 
shc 6714 
shearson 6666 6688 6707 
shed 6633 
shelf 6693 
shell 6702 6714 
shelton 6787 
shifted 6657 
ship 6652 6714 6751 
shipments 6657 6667 6732 6762 
shipped 6657 
shippers 6793 
shipping 6652 
ships 6656 
shoot 6746 
short 6657 6742 6756 6793 
short-form 6665 
short-term 6757 
shortages 6656 6657 
shortfall 6637 
shortly 6659 
show 6693 6713 6741 6748 
showed 6656 6770 
shows 6770 
shr 6641 6642 6653 6668 6669 6670 6672 6679 6680 6681 6696 6701 6711 6729 6738 6743 6747 6759 6765 6771 6779 6783 6785 6787 6790 6799 
shrs 6653 6668 6670 6672 6675 6679 6680 6729 6743 6765 6785 
shut 6722 6791 
siddeley 6790 
siebe 6789 
sign 6631 
sign-up 6720 
signed 6704 6725 6727 
significant 6656 6722 
significantly 6656 6784 
signs 6727 
similar 6639 6716 6788 
simon 6722 
simplifier 6728 
single 6691 6791 
sir 6716 
site 6726 6754 
situation 6657 6665 6744 
size 6714 
skeptical 6656 
slb 6639 6719 
slightly 6760 6770 
slowest 6656 
slowing 6770 
slumped 6657 
slumps 6657 
small 6691 6708 6752 
smith 6662 6777 6784 
smokestack 6645 
so-called 6757 6796 
soared 6656 
soaring 6657 
socanav 6714 
soft 6732 6775 
software 6667 6691 6695 6749 
sold 6657 6662 6666 6682 6708 6731 6754 6787 
sole 6663 6692 6753 6768 
solid 6752 
somerset 6771 
somerville 6771 
sosa 6771 
sought 6633 
sound 6648 
source 6665 6757 
sources 6649 6652 6657 6665 6708 6712 6791 
south 6652 6657 6704 6767 
southern 6793 
southwest 6770 
soviet 6735 6744 
soviets 6735 
soybeans 6720 
spa 6646 
space 6662 
spare 6722 
spc 6725 
speaking 6631 6649 6720 
special 6657 6665 
specialized 6789 
specialty 6699 6767 6781 
specific 6752 
spectator 6700 
speculated 6665 
speculation 6707 
speeding 6745 
spend 6656 6717 6742 
spending 6645 6656 6720 6742 
spent 6726 
sperry 6691 
split 6635 6636 6653 6680 6687 6689 6721 6770 6779 
spokesman 6630 6633 6634 6644 6645 6652 6659 6726 6791 
sportswear 6700 
spot 6656 6712 
spp 6717 
spring 6702 6744 
spur 6656 
square 6727 
squash 6697 
srv 6686 
st 6636 
st. 6636 6653 6699 6709 6748 
stable 6656 6724 
stage 6656 
stagnating 6657 
stagnation 6796 
stainless 6638 
stake 6688 6694 
stamford 6754 
standard 6640 6649 6664 6750 6753 6768 6792 
standards 6716 
start 6674 6699 6717 6737 6795 
started 6721 6728 
starting 6737 
state 6633 6645 6656 6722 6742 6744 6760 
state-run 6657 
stated 6736 
statement 6637 6646 6651 6662 6663 6678 6707 6744 6758 6800 
statements 6671 
states 6633 6656 6657 6702 6716 6722 6735 6746 
station 6665 6766 
stations 6665 
statistics 6758 
status 6726 
stay 6752 
steadied 6722 
steady 6657 
steam 6706 
steel 6638 
steps 6665 
sticking 6657 
stimulate 6657 
stock 6635 6636 6653 6661 6662 6665 6680 6687 6689 6721 6734 6736 6742 6752 6756 6763 6779 6791 6792 6795 
stockholder 6721 
stockpiles 6657 
stood 6757 
storage 6639 6788 
store 6693 6737 
stores 6653 6699 6737 
story 6739 
strategic 6707 
strategies 6796 
strategy 6796 
street 6698 6754 
stressed 6657 
stresses 6796 
strictly 6793 
strikes 6652 
strong 6699 6732 6742 6792 
stronger 6770 
structure 6724 
structures 6795 
struggling 6708 
studied 6720 
studios 6703 
study 6720 6722 6746 6780 
studying 6707 
stumbling 6665 
subcommitte 6639 
subcommittee 6639 6720 6735 6746 6764 6788 
subject 6636 6689 6721 
submission 6634 
submissions 6634 
submit 6634 6746 
submitted 6796 
subordinated 6640 6663 6678 6750 6753 6768 6775 6780 6800 
subscribed 6631 
subsidiaries 6781 6789 
subsidiary 6656 6688 6698 6704 6706 6708 6710 6712 6725 6740 6752 6767 6786 6791 6798 
substantial 6719 6750 
substantially 6671 6752 
suburb 6693 
suburban 6708 
successful 6719 
successfully 6796 
successor 6708 
suffer 6657 
suffers 6657 
sugar 6657 
suit 6721 
suits 6721 
sulphur 6726 6798 
sum 6725 
summit 6645 
superfund 6722 
supermarket 6693 
supplementary 6649 
supplies 6656 6712 6742 
supply 6656 6722 6742 6749 
support 6649 6722 6725 
supports 6632 
sur 6791 
surplus 6722 
surpluses 6637 6716 6745 
surprise 6665 
surprises 6665 
surrounds 6665 
survived 6656 
suspected 6633 
suspended 6633 6760 
suspicion 6633 
sustain 6792 
sustains 6784 
swaps 6796 
swasey 6710 
swearingen 6708 
sweeten 6665 
swindle 6633 
swiss 6658 
switching 6656 
switzerland 6658 6677 
symbol 6795 
system 6649 6667 6676 6716 6723 6740 6742 6745 6770 6772 6784 6796 
systems 6656 6678 6682 6691 6706 6797 
t. 6656 
table 6720 
takeover 6639 6788 
takeovers 6639 6788 
takes 6689 
taking 6646 6657 6708 6716 
talking 6665 
talks 6649 6708 6716 
tampa 6700 
tanker 6652 
tankers 6714 
target 6720 
targets 6652 6657 
task 6645 
tax 6708 6711 6722 6738 6746 6787 
teamster 6784 
teccor 6789 
technical 6693 6704 
technologies 6645 6774 
technology 6719 6742 6749 6795 
teck 6694 
tel 6794 
telegraph 6792 
telepanel 6693 
telephone 6772 6792 
television 6665 6703 
teloz 6794 
temperature 6789 
temporary 6665 
ten 6657 6720 
tender 6630 6665 6750 6780 
tenn. 6732 6762 
tenneco 6656 
tennis 6697 
term 6657 6667 6724 6742 6745 
termed 6640 
terminal 6652 
terminals 6691 
terms 6655 6682 6689 6708 6714 6727 6731 6750 6757 6758 6789 
testified 6722 
testimony 6631 6722 
testing 6693 
texas 6656 6688 6712 6722 
textile 6716 
textile-state 6716 
tgt 6656 
thermo 6706 
thomson 6662 6755 
thousand 6656 
threatened 6746 
threatens 6646 
three-figure 6633 
three-for-two 6636 6687 
three-year 6708 
threshhold 6716 
ticker 6795 
tie 6787 6796 
tie/communications 6787 
tightening 6720 
tighter 6633 
time 6633 6656 6665 6703 6708 6722 6753 6770 6789 
times 6656 6742 6757 
tip 6633 
tire 6665 6784 
tires 6665 
tmo 6706 
today 6630 6633 6645 6646 6652 6656 6674 6722 6723 6740 
tokyo 6707 6708 
told 6633 6648 6649 6652 6657 6708 6716 6719 6722 6728 6735 6740 6742 6746 6752 6757 6770 
tonnes 6657 6714 6735 6751 6791 
tons 6756 
tool 6656 6722 
top 6633 6656 6721 
toronto 6693 6790 
toronto-based 6752 
total 6635 6660 6708 6722 6735 6737 6742 6748 6770 
totaled 6770 
totaling 6718 
totals 6742 
touches 6677 
tough 6716 
track 6699 
trade 6632 6634 6637 6639 6648 6657 6690 6716 6744 6757 6788 6796 
traders 6666 6707 
trades 6795 
trading 6634 6665 6712 6716 6745 6795 
traditional 6742 6792 
traditionally 6656 
traffic 6784 
transaction 6665 6689 6697 6719 6767 
transactions 6653 6682 
transfer 6708 
transferred 6708 6789 
transmission 6742 
transport 6657 
transportation 6752 
transported 6769 
transshipment 6751 
trautman 6716 
travellers 6702 
treacherous 6722 
treasuries 6676 
treasury 6631 6664 6676 6692 6764 6768 6803 
trecker 6710 
trees 6645 
trends 6745 
trial 6693 
tricil 6752 
trillion 6656 6758 
trilogy 6694 
trim 6641 
trimac 6752 
trinidad 6650 6660 
trinidad-tobago 6660 
trip 6633 
troubled 6745 
troubles 6657 
truck 6704 
trucking 6718 6752 
trucks 6704 
true 6707 
trust 6658 6665 6708 6739 6794 
tubing 6638 
tucker 6638 
turbine 6706 
turn 6633 6722 
tustin 6661 
two-for-one 6635 6689 6779 
type= 6643 6650 6654 6666 6675 6713 6715 6782 6803 
u.k. 6789 
u.n 6745 
u.s 6639 6657 6690 6708 6716 6722 6744 6752 6770 6788 6793 6803 
u.s. 6634 6639 6656 6657 6703 6707 6716 6719 6722 6735 6744 6751 6752 6756 6770 6788 6789 6793 
uco 6767 
uis 6667 6691 
uk 6644 
ultimate 6671 6708 
ultimately 6719 
unauthorized 6639 6667 
uncertain 6657 
uncertainty 6665 6671 6740 
unctad 6796 
undersecretary 6735 6744 
understood 6633 
undertakings 6646 
underway 6688 
underwriter 6663 6753 6800 
underwritten 6662 6755 
undisclosed 6725 6731 
unequal 6745 
unexplored 6656 
unfair 6646 6657 6716 
unfocused 6665 
unfounded 6769 
unilateral 6716 
union 6655 6656 6735 6744 6767 6786 
unionized 6786 
unissued 6689 
unisys 6667 6691 
unit 6655 6664 6665 6682 6688 6706 6707 6708 6710 6712 6714 6715 6726 6742 6749 6752 6767 6780 6784 6789 
united 6633 6656 6657 6716 6722 6735 6746 6796 
units 6638 6688 6742 6781 6797 
universal 6703 
unix 6691 
unproc 6713 
unqualified 6671 
unreasonable 6793 
unrelated 6682 
unsecured 6658 
unstable 6657 
unsubordinated 6658 
untested 6660 
unveiled 6749 
unwanted 6665 
upcoming 6784 
upgrade 6717 
upgraded 6640 
ups 6647 6709 6794 
upscale 6700 
upturn 6656 
urs 6785 
usda 6720 6751 6756 
ussr 6735 6744 
utilities 6656 
utility 6690 6740 6742 6778 
va. 6781 
valero 6688 
valley 6687 
valuation 6653 6665 
valued 6751 
valve 6767 
valves 6767 
variable 6722 
vendors 6691 
venture 6703 6725 6727 6742 
verge 6656 
versus 6783 
ves 6773 
vessel 6652 
vessels 6714 
vestar 6773 
veto 6716 
vetoed 6716 
vice 6656 6657 6742 
vice-minister 6632 
vicious 6796 
victoria 6766 
video 6749 6772 
violating 6721 
violation 6716 
virginia 6712 
visit 6631 
vlo 6688 
vlp 6688 
voice-grade 6772 
volatile 6722 
volatility 6658 6722 
volkswagen 6633 
vorman 6656 
voted 6639 6788 6793 
votes 6764 
vowg.f 6633 
vr 6687 
vw 6633 
w. 6656 
wages 6656 
wagner 6630 6665 6750 6780 
wallis 6744 
walt 6665 
waltham 6706 
wanted 6633 6744 
war 6656 
warned 6716 
warner 6710 
warning 6716 6746 
warns 6716 
warplanes 6652 
warrant 6658 
warrants 6658 6752 
warrington 6702 
wary 6657 
wash. 6668 
washington 6631 6639 6644 6645 6649 6690 6716 6719 6720 6744 6746 6751 6756 6764 6770 6786 6788 6793 
waste 6752 6769 
wasting 6721 
water 6649 6660 6720 
waters 6656 
ways 6716 
weak 6708 
weather 6657 6758 
wednesdays 6658 
weed 6657 
week 6633 6634 6690 6703 6720 
week-long 6796 
weekend 6677 
weekly 6656 6690 
weeks 6649 6678 6690 6707 6748 6752 
weingarten 6727 
weir 6755 
wells 6760 
weqb-1 6660 
west 6633 6712 6749 6770 6791 
west-germany 6633 
westbrook 6717 
western 6649 6752 6769 6793 
wheat 6720 6744 6751 
whereabouts 6633 
whisky 6671 
white 6645 6772 
whj-tv 6665 
wholly-owned 6712 6725 
wide 6712 
wider 6791 
wil 6689 
william 6639 6665 6708 6770 
windfall 6722 
winston-salem 6673 
winter 6656 6720 
wisenbaker 6722 
withdrawn 6639 6788 
withdrew 6719 
witter 6688 
wmodels 6704 
wo 6656 
women 6700 
wor-tv 6665 
work 6656 
worked 6708 
working 6757 
works 6639 
world 6631 6632 6649 6656 6657 6677 6716 6722 6745 6746 6786 
worldwide 6722 6791 6797 
worst 6722 
worth 6665 6707 6742 
write-down 6740 
writedown 6787 
writedowns 6796 
written 6633 6639 
wrote 6646 6778 
wwin 6769 
xerox 6754 
xon 6656 6722 6791 
xrx 6754 
year-ago 6690 6732 
year-end 6721 
years 6637 6639 6645 6646 6656 6657 6658 6664 6665 6676 6692 6716 6722 6724 6742 6752 6753 6770 6778 6787 6788 6792 
yen 6634 
yesterday 6631 6633 6634 6640 6722 6739 6746 
yield 6664 6676 6692 6764 6768 
yielding 6664 6753 
york 6630 6635 6640 6651 6658 6663 6664 6665 6676 6678 6684 6692 6707 6708 6712 6721 6727 6736 6739 6740 6742 6743 6747 6750 6753 6763 6768 6780 6789 6792 6795 6798 
young 6755 
yr 6787 
zambia 6649 
zambian 6649 
zone 6660 
zones 6660 
zurich 6658 
