're 386 
've 419 504 
****** 383 392 396 398 400 418 430 431 433 440 445 455 459 511 519 571 
-1st 534 
-2 533 
-2nd 483 530 
-4th-qtr 466 
-adds 446 
-agrees 408 
-arranges-m 492 
-bankameri 505 550 
-based 496 
-calend 541 
-calenda 439 
-calendar 438 
-cedel 567 
-changes-eu 499 
-compl 498 
-complete 547 558 
-completes 447 
-consolidat 542 
-de 406 
-dec 461 
-declines 520 
-euroclea 567 
-fil 479 
-for 507 
-ge 454 
-gets-penne 493 
-hazlet 442 
-i 556 
-in-gold 488 
-in-t 532 
-increases-2n 491 
-introduc 487 
-looks-to 504 
-make 424 
-pfizer- 472 
-plans-lu 471 
-receive 393 
-report 491 
-s 488 536 
-set 554 
-splits-st 480 
-to 537 
-to-form 565 
-to-ha 435 
-to-make-ac 551 
-to-offer-13 394 
-tru 544 
-unit 391 
-unit-cut 543 
-unit-s 503 
-unit-to-offe 515 
-unit-to-p 549 
-votes 555 
-won't-pa 568 
-year 484 
/author 386 419 525 540 
0.025 488 
0.1 432 
0.2 450 
0.24 488 
0.3 432 
0.4 432 
0.5 429 432 434 
0.50 488 
0.5165 440 442 
0.523 408 
0.6 432 
0.7 432 
0.8 448 
0.9 430 434 450 
0007 455 
0009 392 571 
0010 519 
0011 383 398 
0012 433 
0013 400 430 431 440 511 
0015 396 418 459 
0016 445 
0022 521 536 
0023 506 517 554 575 
0024 529 546 548 
0025 423 461 509 
0026 508 512 513 514 
0029 410 539 
0030 470 
0034 531 534 
0035 406 464 
0037 451 
0038 438 439 
0039 466 
0040 405 
0041 407 483 
0042 397 484 528 535 560 
0044 520 533 568 
0045 393 558 572 
0046 578 
0048 426 494 
0051 385 487 542 
0052 527 
0053 456 541 
0054 399 441 
0055 452 530 
0056 404 552 
0057 401 557 576 
0058 387 515 
0060 422 467 522 
0061 462 
0064 388 413 486 
0065 416 
0066 427 498 
0067 480 
0068 415 499 
0069 532 
0070 569 
0071 447 
0072 538 
0073 465 553 
0074 476 555 
0075 477 
0077 559 
0079 403 573 
0080 537 565 
0082 412 
0083 420 442 444 468 485 
0084 460 
0085 436 450 540 
0086 449 501 
0087 453 472 
0088 432 543 547 
0090 448 491 495 
0091 518 
0092 479 
0093 497 510 
0094 409 
0095 434 504 
0096 390 394 446 577 
0097 469 474 503 
0098 395 454 471 
0099 386 457 481 502 556 
0100 478 488 492 561 
0101 384 425 551 566 
0102 411 490 
0103 525 
0104 493 496 545 
0105 437 549 574 
0106 435 463 500 
0107 524 526 562 
0108 421 473 475 544 570 
0110 414 507 523 563 
0111 408 564 
0112 391 567 
0113 402 
0115 424 
0117 389 
0118 419 458 505 
0119 482 
0121 443 
0127 429 
0129 417 
0130 550 
0138 428 
0147 516 
0156 489 
08:50:09.11 383 
08:55:29.53 384 
09:01:31.06 385 
09:02:11.51 386 
09:02:51.89 387 
09:03:08.11 388 
09:03:18.94 389 
09:03:35.84 390 
09:04:40.79 391 
09:15:11.93 392 
09:16:08.70 393 
09:19:07.47 394 
09:19:23.20 395 
09:20:19.86 396 
09:21:31.84 397 
09:24:13.35 398 
09:24:34.15 399 
09:25:42.34 400 
09:28:21.66 401 
09:28:48.30 402 
09:28:54.43 403 
09:31:07.69 404 
09:31:27.97 405 
09:31:36.26 406 
09:31:58.00 407 
09:33:32.93 408 
09:34:10.64 409 
09:35:01.76 410 
09:35:41.47 411 
09:36:05.24 412 
09:36:46.03 413 
09:37:12.60 414 
09:38:05.80 415 
09:38:13.72 416 
09:39:50.97 417 
09:42:34.14 418 
09:43:38.51 419 
09:43:47.96 420 
09:47:04.97 421 
09:48:03.02 422 
09:49:36.74 423 
09:49:48.14 424 
09:52:30.13 425 
09:52:48.60 426 
09:54:01.45 427 
09:55:14.04 428 
09:57:01.54 429 
1,000 391 453 515 
1,037,690 533 
1,048,000 557 
1,100,000 532 
1,140,000 466 
1,165,000 490 
1,199,000 449 
1,232,000 456 
1,270,460 533 
1,325,755 483 
1,353,000 490 
1,434.0 444 
1,478,000 538 
1,500 523 
1,506,756 535 
1,520,797 535 
1,522,000 420 435 
1,532,431 528 
1,590,000 466 
1,600 485 524 
1,640 485 
1,700,000 388 437 
1,756,000 538 
1,770 524 
1,785,000 449 
1,817,000 420 435 
1,826,858 399 
1,837.2 444 
1,870,000 557 
1,886.8 444 
1,924,000 449 
1-1/4 414 421 453 481 
1-1/8 520 
1.0 430 434 470 
1.04 416 
1.05 516 
1.08 388 
1.09 422 
1.1 434 
1.16 466 569 
1.19 399 
1.2 577 
1.20 569 
1.25 454 540 
1.27 459 
1.28 390 
1.3 408 
1.32 560 572 
1.37 399 
1.4 434 
1.40 572 
1.43 511 
1.45 399 573 
1.46 399 422 
1.48 490 
1.5 500 519 522 
1.50 494 496 543 
1.58 490 
1.60 416 
1.65 494 
1.7 409 431 432 444 
1.72 389 
1.73 557 
1.78 560 
1.79 382 
1.80 422 
1.9 432 
1.91 545 
1.95 500 
1.99 557 
1/2 415 427 
1/8 460 
10,000 446 448 453 540 
10,500 501 
10-1/4 391 568 
10-13/16 411 
10-3/4 411 
10-7/8 411 568 
10-year 468 
10.1 533 573 
10.3 484 
10.4 530 
10.5 551 
10.53 416 
10.6 434 449 
10.77 395 
100,000 473 537 
100-1/4 415 427 
100.25 394 
1000 567 
101-1/4 453 
101-3/4 414 421 
107.0 569 
107.18 391 
10:01:38.70 430 
10:01:42.80 431 
10:02:26.35 432 
10:02:31.29 433 
10:04:24.87 434 
10:04:49.78 435 
10:06:32.63 436 
10:12:12.79 437 
10:13:07.54 438 
10:13:14.78 439 
10:17:14.61 440 
10:20:41.80 441 
10:29:07.31 442 
10:30:23.83 443 
10:31:49.20 444 
10:34:38.00 445 
10:35:55.65 446 
10:36:04.57 447 
10:36:13.53 448 
10:36:32.92 449 
10:39:16.09 450 
10:39:20.23 451 
10:39:41.75 452 
10:39:58.92 453 
10:40:44.23 454 
10:40:46.58 455 
10:44:16.31 456 
10:44:32.03 457 
10:44:46.86 458 
10:44:49.67 459 
10:45:08.29 460 
10:45:36.41 461 
10:47:27.01 462 
10:48:41.45 463 
10:49:30.79 464 
10:49:46.90 465 
10:50:28.00 466 
10:50:34.12 467 
10:52:37.95 468 
10:54:08.40 469 
10:54:21.31 470 
10:54:29.30 471 
10:54:36.46 472 
10:59:16.80 473 
10:59:28.36 474 
11,754,251 410 
11,800,000 388 
11,950 501 
11.3 490 
11.5 484 
11.8 409 
11.9 382 
110.0 466 
11:03:46.46 475 
11:04:07.61 476 
11:08:38.38 477 
11:09:06.82 478 
11:09:13.77 479 
11:09:35.98 480 
11:10:22.72 481 
11:10:36.96 482 
11:10:41.60 483 
11:10:45.64 484 
11:17:05.35 485 
11:17:27.95 486 
11:19:06.23 487 
11:19:44.98 488 
11:20:05.52 489 
11:20:13.54 490 
11:20:39.84 491 
11:20:53.95 492 
11:21:31.19 493 
11:21:58.83 494 
11:23:10.34 495 
11:23:31.27 496 
11:23:45.24 497 
11:24:06.09 498 
11:24:11.76 499 
11:25:38.57 500 
11:26:14.33 501 
11:28:26.03 502 
11:28:55.29 503 
11:29:26.84 504 
11:30:19.81 505 
11:30:44.04 506 
11:32:35.88 507 
11:33:17.43 508 
11:34:52.00 509 
11:36:19.06 510 
11:37:24.38 511 
11:38:51.73 512 
11:38:56.02 513 
11:39:00.38 514 
11:40:25.88 515 
11:40:59.07 516 
11:41:35.88 517 
11:41:56.31 518 
11:42:05.20 519 
11:42:14.82 520 
11:43:22.42 521 
11:44:41.93 522 
11:49:17.45 523 
11:52:24.47 524 
11:53:16.43 525 
11:53:24.26 526 
11:53:38.63 527 
11:58:00.63 528 
11:58:12.69 529 
11:58:29.88 530 
11:59:18.60 531 
11:59:34.49 532 
11:59:42.98 533 
11:59:47.00 534 
11:59:53.24 535 
12-1/2 555 
12-year 394 415 427 
12.1 422 
12.2 422 573 
12.3 569 
12.5 389 
12.9 538 
123,000 446 
12566 383 
12567 384 
12568 385 
12569 386 
12570 387 
12571 388 
12572 389 
12573 390 
12574 391 
12575 392 
12576 393 
12577 394 
12578 395 
12579 396 
12580 397 
12581 398 
12582 399 
12583 400 
12584 401 
12585 402 
12586 403 
12587 404 
12588 405 
12589 406 
12590 407 
12591 408 
12592 409 
12593 410 
12594 411 
12595 412 
12596 413 
12597 414 
12598 415 
12599 416 
12600 417 
12601 418 
12602 419 
12603 420 
12604 421 
12605 422 
12606 423 
12607 424 
12608 425 
12609 426 
12610 427 
12611 428 
12612 429 
12613 430 
12614 431 
12615 432 
12616 433 
12617 434 
12618 435 
12619 436 
12620 437 
12621 438 
12622 439 
12623 440 
12624 441 
12625 442 
12626 443 
12627 444 
12628 445 
12629 446 
12630 447 
12631 448 
12632 449 
12633 450 
12634 451 
12635 452 
12636 453 
12637 454 
12638 455 
12639 456 
12640 457 
12641 458 
12642 459 
12643 460 
12644 461 
12645 462 
12646 463 
12647 464 
12648 465 
12649 466 
12650 467 
12651 468 
12652 469 
12653 470 
12654 471 
12655 472 
12656 473 
12657 474 
12658 475 
12659 476 
12660 477 
12661 478 
12662 479 
12663 480 
12664 481 
12665 482 
12666 483 
12667 484 
12668 485 
12669 486 
12670 487 
12671 488 
12672 489 
12673 490 
12674 491 
12675 492 
12676 493 
12677 494 
12678 495 
12679 496 
12680 497 
12681 498 
12682 499 
12683 500 
12684 501 
12685 502 
12686 503 
12687 504 
12688 505 
12689 506 
12690 507 
12691 508 
12692 509 
12693 510 
12694 511 
12695 512 
12696 513 
12697 514 
12698 515 
12699 516 
127.5 541 
12700 517 
12701 518 
12702 519 
12703 520 
12704 521 
12705 522 
12706 523 
12707 524 
12708 525 
12709 526 
12710 527 
12711 528 
12712 529 
12713 530 
12714 531 
12715 532 
12716 533 
12717 534 
12718 535 
12719 536 
12720 537 
12721 538 
12722 539 
12723 540 
12724 541 
12725 542 
12726 543 
12727 544 
12728 545 
12729 546 
12730 547 
12731 548 
12732 549 
12733 550 
12734 551 
12735 552 
12736 553 
12737 554 
12738 555 
12739 556 
12740 557 
12741 558 
12742 559 
12743 560 
12744 561 
12745 562 
12746 563 
12747 564 
12748 565 
12749 566 
12750 567 
12751 568 
12752 569 
12753 570 
12754 571 
12755 572 
12756 573 
12757 574 
12758 575 
12759 576 
12760 577 
12761 578 
12:03:42.65 536 
12:03:50.97 537 
12:03:58.46 538 
12:04:04.87 539 
12:08:11.99 540 
12:10:44.85 541 
12:12:21.39 542 
12:13:46.82 543 
12:14:30.82 544 
12:18:36.20 545 
12:21:38.25 546 
12:22:01.82 547 
12:23:07.04 548 
12:26:00.07 549 
12:27:27.54 550 
12:28:20.58 551 
12:28:27.30 552 
12:28:34.05 553 
12:28:40.39 554 
12:29:31.43 555 
12:29:45.60 556 
12:30:15.90 557 
12:30:22.84 558 
12:30:29.21 559 
12:30:53.35 560 
12:33:08.74 561 
12:34:30.65 562 
12:37:46.47 563 
12:39:51.02 564 
12:39:56.89 565 
12:40:09.75 566 
12:40:44.04 567 
12:42:29.11 568 
12:45:15.72 569 
12:47:25.91 570 
12:48:50.97 571 
12:49:41.30 572 
12:50:07.90 573 
12:51:30.71 574 
12:51:34.27 575 
12:52:26.32 576 
12:52:57.90 577 
12:53:03.20 578 
13,000 501 
13-week 433 
13.7 530 
13.8 422 
13.9 422 
130,000 573 
14-bank 419 
14.168319 391 
140,400 500 
1430 411 
15,000 501 
15-18 489 502 
15-year 492 
15.26 525 
150,000 551 573 
154.40 485 
154.7 541 
154.8 572 
156.0 560 
16.0 528 
16.35 543 
16.4 569 
16.8 528 
163,932 539 552 
1630 387 
169.3 560 
170,000 387 
178.6 434 
18.5 408 
18.9 434 533 
180.7 434 
184.8 572 
188,000 573 
19.5 496 
19.6 393 
19.8 547 
1900 562 
1919 432 
193.5 569 
195,000 449 
1965 432 505 550 
1972 413 
1978/79 444 
1982 419 
1983 419 563 
1984 469 
1985 382 390 429 432 434 449 490 505 550 573 
1985/86 395 
1986 382 388 389 390 409 410 420 424 425 432 434 438 439 444 448 454 481 490 494 516 530 541 557 559 568 569 
1986-a 382 
1986/87 395 
1987 387 389 390 413 417 419 438 439 448 454 481 530 552 569 
1987/88 524 
1988 429 468 481 524 525 
1989 386 
1990 525 
1991 429 468 
1992 382 414 421 453 468 
1993 415 427 
1996 468 
1997 568 
1st 392 420 534 569 
2,000,732 528 
2,136,000 538 
2,319,376 533 
2,369,000 484 
2,437,914 483 
2,452,3000 534 
2,463,000 573 
2,467,000 449 
2,470,000 488 
2,489,978 399 
2,502,443 399 
2,503,000 538 
2,525,000 534 
2,552,300 534 
2,566,680 573 
2,584,000 560 
2,617,995 535 
2,637,000 557 
2,653,646 399 
2,665,284 399 
2,668,000 534 
2,764,544 573 
2,898 385 
2,930,507 533 
2- 557 
2-1/2 485 
2-7/8 481 
2-for-1 480 
2.1 432 
2.2 431 432 
2.25 563 
2.275 496 
2.3 432 
2.57 422 572 
2.58 544 
2.69 544 
2.7 432 444 
2.8 432 
2.9 444 
2.90 425 
2.95 496 
2.978 464 
20,000 449 
20-point 471 
20.2 422 569 
20.9 456 
200,000 388 
2001 568 
2002 445 460 
2009 391 
203.4 541 
20s 489 502 
21.2 533 
21.9 538 
21.98 395 
2114/pc 503 
22,583 425 
22.9 449 
223,000 557 
23.0 466 
23.1 483 
23.5 462 
23.8 434 
236.1 530 
24.1 399 456 
24.38 395 
24.79 416 
240,000 525 
241,857 535 
25,000 448 
25,500 501 
25,559 425 
25.0 422 
250-350 492 
256.2 530 
26.25 547 
26.4 483 
269,000 391 
27.5 572 
27.9 399 
28.5 483 
287.5 557 
29.4 448 
295.3 557 
2nd 455 483 491 495 528 530 533 
3,000 446 
3,0077,000 490 
3,029,930 573 
3,100,000 466 
3,143,000 530 
3,150,185 399 
3,244,000 560 
3,372,000 449 
3,424,729 401 
3,426,000 456 
3,499,000 538 
3,501,000 420 435 
3,611,802 399 
3,660,273 483 
3,680,000 557 
3,698 385 
3,718,000 573 
3,779.2 439 
3,801,7 438 
3,808,000 449 
3,898 385 
3-1/8 485 
3.00 572 
3.035 464 
3.06 416 
3.1 496 
3.10 416 
3.2 496 
3.20 422 
3.3 432 541 577 
3.30 481 
3.4 432 530 
3.43 422 
3.5 432 434 
3.6 432 434 509 
3.87 422 
3.95 541 
30.3 444 
30.55 562 
30.64 416 
30.8 572 
300,000 388 473 
300-page 386 
304,000 449 
31.2 538 
31.5 449 
31.6 444 490 
31.60 401 
31.7 483 
32,000 491 495 
32.2 466 
32.6 454 
32.7 528 
321,000 422 
33-1/3 406 480 
34.2 439 
34.5 528 
35.4 422 439 
350,000 389 
353,000 534 
355.6 434 
358,000 449 
360,000 462 
373.4 434 
374.9 434 
376.9 434 
378.5 434 
38.0 490 
38.3 488 
38.50 496 
38.8 444 
380,728 401 
383,189 535 
4,000 518 
4,214.9 439 
4,275.4 438 
4,307,000 557 
4,557,000 484 
4,700 446 
4,700,000 437 
4,744,000 490 538 
4,800 438 
4,901,000 494 
4,985,000 456 
4-3/4 394 415 427 468 
4.0 432 463 
4.12 419 
4.3 432 
4.4 432 
4.42 541 
4.5 467 508 
4.8 545 
4.80 541 
4.98 454 
40.50 393 496 
400,000 437 473 490 
413,021 539 552 
42,000 448 
42.00 393 
43-year 386 
44.4 422 
467,000 538 
47.5 573 
483,559 483 
483.8 530 
485,000 491 495 
497,000 491 495 
499,000 484 
4th 399 422 431 449 456 466 490 535 538 557 560 572 573 
5,000 463 540 
5,153,000 456 
5,200 439 
5,200,000 420 
5,220,000 530 
5,235,000 557 
5,268,486 535 
5,300,000 466 
5,328 524 
5,370,000 494 
5,498 385 
5,506 524 
5,551,000 490 
5,609,000 456 
5,910,000 557 
5,919,000 490 
5.06 572 
5.1 422 432 434 464 
5.28 481 
5.38 572 
5.4 496 570 
5.5 545 
5.6 530 
5.8 569 
5.85 481 
5/8 414 421 453 
50.5 387 
500,000 501 523 573 
515.5 530 
52,000 491 495 
52.4 573 
52.8 399 
531,896 528 
54.5 538 
54.86 389 
541,000 534 
541.0 560 
55.8 408 
551.7 390 
564,000 557 
58,300 467 
585.6 560 
586,000 449 
6,359,000 557 
6,500,000 538 
6,881,800 496 
6-1/16 475 
6-1/8 475 
6-3/16 522 
6.0 422 
6.02 475 
6.10 438 
6.62 395 
6.90 382 
6.91 438 
6.95 382 
60,000 448 
600,971 539 552 
62-1/2 391 
62.2 399 
621.2 541 
636,000 449 
64,000 490 
665,800 539 552 
68.0 434 
7,024,000 449 
7,164,000 560 
7,300,000 437 
7,318,000 557 
7,700,000 388 
7,814,000 420 
7-7/8 414 421 
7.2 434 
7.3 470 513 
7.5 559 
7.50 393 481 496 
7.69 433 
7.7 395 409 512 
7.8 448 494 530 
7.82 433 
70.58 391 
71.2 434 
711,192 473 
717,000 494 
72.2 557 
721,000 494 
727,781 528 
73.5 557 
739,146 410 473 
75.2 434 
750,000 422 
77.9 456 
793,459 535 
8,142,000 490 
8,158,000 530 
8,612,000 408 
8,919,000 530 
8-1/3 531 
8.00 393 
8.4 494 
8.5 419 570 
8.50 393 
81.3 390 
82.0 538 
823,387-share 570 
834,000 456 
841,887 570 
85.4 466 
850,000 556 
86,000 449 
86.3 420 
86/87 395 
9,215,836 533 
9,733,000 560 
9,800,000 388 
9-5/8 453 
9.2 537 
9.5 454 500 
9.8 409 
9.91 395 
90-day 425 
900,000 473 
91-1/4 481 
91.8 401 
92.4 456 
929,017 535 
952,000 538 
962,016 387 
98.0 420 
983.6 390 
99.8125 382 
99.95 471 
996.4 422 
`` 382 386 390 393 402 419 428 458 462 478 481 497 504 515 525 540 545 563 564 567 570 
aaa 382 
aaa-rated 382 
aapl 385 487 
aar 426 
ab 474 
abandoned 518 
abc 386 
ability 385 568 
abrupt 386 
abs 572 
absb 559 
absolute 540 
accept 502 515 525 559 
accepted 401 501 564 
accepting 559 
accepts 540 
access 496 
accomodate 493 
accompanied 458 
accord 458 561 562 566 
account 432 540 
accounting 569 
accounts 503 525 540 
achieve 419 454 
acid 472 
acid-based 472 
acq 383 387 389 393 398 400 401 408 418 424 436 440 441 442 447 448 467 473 474 478 496 497 498 504 505 532 545 547 550 551 553 558 559 
acquire 389 398 408 424 448 473 478 497 551 
acquired 447 473 474 505 550 551 558 561 564 566 570 
acquisition 442 447 474 498 551 558 
acquisitions 479 504 
acreage 417 
acres 417 467 
act 540 
acting 382 436 
action 384 404 417 454 555 
actions 540 
activities 386 540 542 561 563 566 
activity 520 526 
ad 402 
add 448 475 523 
added 385 436 446 458 463 469 478 525 540 
adding 385 419 544 
addition 448 540 
additional 385 412 488 567 
additions 549 
address 386 
adds 446 522 
adjust 525 
adjusted 432 434 449 537 
adjusting 390 
adm. 386 
administration 386 500 
admits 386 
admitted 386 
adopt 419 
advanced 385 
adverse 540 
adversely 454 
advised 563 
adviser 386 
advises 563 
advisory 419 540 
affair 386 
affairs 518 
affecting 454 
affects 397 
affiliate 435 
africa 462 
african 462 
afternoon 402 411 
ag 453 505 550 558 
aga 520 
age 509 
agencies 382 419 458 567 
agency 386 441 450 563 
agent 391 
agents 403 
aggregate 436 
aggressively 382 
ago 491 495 504 
agree 540 
agreed 408 428 441 448 454 472 473 478 496 497 518 532 551 553 
agreemats 544 
agreement 389 393 402 408 413 429 437 440 441 451 454 482 496 503 507 527 551 556 561 562 566 
agreements 429 435 475 496 522 545 
agrees 398 408 
agriculture 443 
ahead 390 
ahp 559 
aibd 567 
aid 504 567 
aide 386 
aides 386 
aids 477 
air 408 426 482 500 564 
airgas 520 
airline 564 
airlines 482 500 564 
airport 390 482 
airways 482 500 
alabama 482 
albany 482 
alberta 564 
albertson 572 
alcan 571 
alex 559 
all-cash 545 
allegations 563 
allege 563 
alleged 384 500 
alleging 457 
alleviate 417 540 
almys 422 
alows 463 
alpine 437 
alternative 525 
aluminium 571 
amapa 448 
amax 488 
ameican 386 
amenable 488 
amendment 452 
america 382 397 412 474 478 496 505 550 556 
american 467 500 545 559 
americans 386 
americus 559 
amgen 565 
amgn 565 
ami 545 
amount 391 413 465 492 
amusements 383 393 496 
amx 488 
analyst 481 
analysts 382 
anastasios 469 
angeles 385 391 397 420 435 537 539 543 552 
angry 462 
animal 443 
ankara 444 
announce 516 
announced 422 442 465 507 
announcement 460 
announces 445 460 
annual 405 407 408 432 434 462 494 504 518 525 549 576 
annually 446 549 
anr 507 
ans 467 
ansy 467 
antibioticos 497 
antigens 477 
antonson 474 
appearing 386 
apple 385 487 
applications 385 463 
apply 419 567 
appointed 564 
appointment 386 
approach 419 504 
approaching 419 458 
approval 389 408 424 473 540 547 551 576 
approve 401 540 
approved 386 404 452 498 555 
approximately 553 
april 391 393 402 404 415 420 423 427 460 461 462 473 517 521 531 536 548 551 554 555 562 568 575 576 
april-june 491 495 
arbitration 397 
architecture 385 
area 525 
areas 393 443 471 542 
argue 525 
arguing 458 
arm 414 421 
armco 499 
armed 386 
arms 386 
arrange 522 
arranged 437 492 
arrangement 458 565 
arrangements 416 
arranges 492 
arranging 475 
arrested 384 
arrive 419 
arsenal 393 496 
arthur 573 
artists 397 
asked 386 419 462 563 570 
aspen 489 502 
assess 384 
assessing 386 
asset 382 436 
asset-backed 382 
assets 436 454 551 
assigned 386 
assistance 411 
assistants 397 
associate 463 
association 452 492 504 567 
assumption 447 
assurance 393 
assured 386 
astro 448 
at-compatible 503 
ate 419 
atlantic 447 
attempt 412 458 
attempting 510 
attempts 458 570 
attitude 458 504 
attorney 563 
attorneys 563 
attributed 382 390 
auditor 384 
august 420 
august/july 395 
austerity 458 
austria 501 
author 386 419 525 540 
authorities 458 497 
authorization 403 497 
authorized 452 576 
auto 382 
auto/truckstops 471 
automatic 540 
automobile 382 
automotive 491 495 515 
average 382 433 448 462 540 544 
averaged 475 
averaging 488 
avg 399 422 449 456 530 534 557 569 573 
aviation 500 564 
aw 556 
awaiting 497 
awcsa 556 
bac.n 505 550 
bache 481 
back 386 502 525 537 567 
backed 382 523 
baker 386 458 
bakery 549 
balance 389 460 
bally 447 
ban 540 
band 411 
bang 526 
bangladesh 413 443 
bank 382 394 401 403 411 415 416 419 425 427 441 445 454 458 460 468 473 476 496 505 550 568 
bankamerica 505 550 
bankers 382 419 
bankhaus 505 550 
banking 419 437 458 476 522 532 
banknotes 416 
bankruptcy 451 
banks 416 419 458 475 
banner 547 
bar 549 
barbara 478 
barber 419 
barley 395 501 
barrel 489 502 543 
barrels 489 502 
base 411 417 444 474 482 
based 429 474 499 544 545 
bases 417 
basic 502 
basis 382 419 437 448 450 525 526 555 
basle 394 
bayley 469 
bc- 438 439 466 472 506 508 509 512 513 514 529 541 558 
bc-******alcan-aluminium 571 
bc-******corning-to-offe 440 
bc-******diagnostic/retr 400 
bc-******fed-sets-1.5-bi 519 
bc-******gelco-corp-2nd 455 
bc-******petro-canada-cu 511 
bc-******pittston-agrees 398 
bc-******shell-canada-cu 459 
bc-******u.s.-jan-constr 430 
bc-******u.s.-non-farm-p 431 
bc-******viacom-said-it 383 
bc-******waste-managemen 396 
bc-******whittaker-corp 392 
bc-/-fed-adds-reserves-v 522 
bc-/-fed-expected-to-add 475 
bc-/gm- 515 
bc-/oliver's-stores- 451 
bc-/u.s.-construction-sp 434 
bc-/u.s.-non-farm-produc 432 
bc-/viacom- 393 
bc-aibd 567 
bc-air-force-exercises-o 426 
bc-airgas- 520 
bc-albertson's-inc- 572 
bc-amax- 488 
bc-american-nursery- 467 
bc-americus-trust- 559 
bc-amgen- 565 
bc-ami 545 
bc-apple-computer- 385 
bc-armco- 499 
bc-aw-computer- 556 
bc-bally- 447 
bc-bank-of-england-annou 445 460 
bc-bank-of-new-york- 441 
bc-banner- 547 
bc-benetton-in-financial 561 566 
bc-black-south-african-m 462 
bc-brazil-criticises-adv 419 
bc-brenco-inc- 461 
bc-brt-realty-trust- 577 
bc-cambridge-medical- 477 
bc-canada-industrial-pri 450 
bc-canada-ruling-on-u.s. 516 
bc-carbide- 504 
bc-cargill-u.k.-strike-t 486 
bc-cheung-kong-chairman 390 
bc-cincinnati-bell- 576 
bc-cincinnati-bell-inc- 575 
bc-cme-plans-rule-change 540 
bc-coffee-quota-talks-co 402 
bc-columbia-gas- 507 
bc-commerzbank-unit-issu 453 
bc-cons-tvx-mining-says 418 
bc-cons-tvx-to-buy 448 
bc-corning- 442 
bc-corrected 505 550 
bc-coupon-reduced-on-bes 485 
bc-cronus-industries-inc 538 553 
bc-cynergy 570 
bc-davis-water- 406 
bc-diagnostic- 424 
bc-dow- 394 
bc-dow-chemical-launches 415 427 
bc-duro-test-corp- 528 
bc-eagle-telephonics- 527 
bc-ec-commission-given-p 525 
bc-electronic-mail- 412 
bc-esselte-business- 474 
bc-faa-fines-delta- 500 
bc-fed-industries-paper 465 
bc-federal-industries 403 
bc-first-mississippi-cor 517 
bc-fnma- 492 
bc-ford- 491 
bc-ford-increases-2nd-qt 495 
bc-four-seasons-buying-m 478 
bc-franklin-resources- 574 
bc-french-13-week-t-bill 433 
bc-french-estimated-86/8 395 
bc-gelco-corp- 530 
bc-harley-davidson-inc- 557 
bc-harnischfeger-industr 569 
bc-health-experts-call-f 443 
bc-howe-owners-federal- 452 
bc-i.m.s.-international 546 
bc-ico-quota-talks-conti 562 
bc-ilc-technology- 384 
bc-internchange-financia 531 
bc-jacobson- 555 
bc-japan's-ntt-forecasts 524 
bc-jim-walter-corp- 423 521 
bc-judge-rules-in-favor 457 
bc-jutland-telephone-set 468 
bc-k-tron-international 490 
bc-kapok-corp- 484 532 534 
bc-laroche-starts-bid-fo 387 
bc-london-stock-exchange 526 
bc-lotus- 487 
bc-massachusetts-investo 464 
bc-mci- 493 
bc-medco-containment- 407 
bc-mercury-entertainment 539 552 
bc-mfs-managed-sectors-t 470 
bc-miller-tabak-has-91.8 401 
bc-mobil- 549 
bc-montedison-concludes 497 
bc-morse-shoe-inc- 560 
bc-multi-step-products 410 
bc-multi-step-to-sell 473 
bc-mutual-of-omaha-inter 548 
bc-ncr-corp- 503 
bc-netherlands-grants-47 413 
bc-newport-corp- 533 
bc-nuclear-data- 454 
bc-nueutrogena- 537 
bc-occidental- 391 
bc-osr- 551 
bc-pacific-western-fuses 564 
bc-panhandle's- 544 
bc-pittston- 408 
bc-pogo- 542 
bc-porex-technologies- 405 
bc-preferred-healthcare 535 
bc-presidential-air- 482 
bc-presidential-realty-c 494 
bc-prime-computer- 463 
bc-quaker-oats- 479 
bc-quebec's-caisse-des-j 414 421 
bc-r.j.r.-nabisco-unit-f 510 
bc-record-n.z.-futures-v 425 
bc-regency-cruises-inc- 469 
bc-reuter-dealing-servic 476 
bc-rotterdam-port-union 518 
bc-s-k-i-ltd- 483 
bc-sdc-sydney-developm't 388 
bc-sdc-sydney-reviewing 409 
bc-sec-staff-advises-fra 563 
bc-senior-engineering-ma 389 
bc-sony-to-expand-u.k.-t 523 
bc-stansbury-mining- 437 
bc-stone- 480 
bc-stop-and-shop-cos-inc 422 
bc-strober-organization 456 
bc-study-group-urges-inc 489 502 
bc-swiss-sight-deposits 416 
bc-taiwan-to-seek-higher 429 
bc-tanzania-says-no-need 428 
bc-temple-inland/int'l-p 481 
bc-the-japan-fund- 436 
bc-traders-detail-french 501 
bc-tranzonic-cos- 536 
bc-tuesday-morning-inc- 399 
bc-turkish-retail-prices 444 
bc-u.k.-money-market-off 411 
bc-u.k.-says-has-no-role 458 
bc-u.s.-intec-inc- 573 
bc-unisys-corp- 554 
bc-universal-health-real 578 
bc-unocal- 471 543 
bc-usda-lifts-cross-comp 417 
bc-utilicorp- 498 
bc-viacom 496 
bc-warwick-insurance-man 449 
bc-waste-management- 404 
bc-whittaker- 435 
bc-whittaker-corp- 420 
bc-writers-guild-of-amer 397 
bc-xerox-corp- 446 
bc-zapata- 568 
beach 482 
bear 492 
befuddled 386 
began 382 419 522 563 
begin 386 462 549 
beginning 395 468 564 
beijing 476 
belfast 570 
belgium 525 
believed 382 386 
believes 545 
bell 527 554 575 576 
ben 574 
benchmark 543 
bendectin 457 
benefit 419 
benefits 417 502 
benetton 561 566 
benficiaries 473 
benguet 541 
benguet-corp 541 
bennes 435 
bergen 528 
berne 394 
bertram-trojan 435 
bet 386 
bethpage 551 
beyer 540 
bhutan 443 
bid 386 387 400 424 496 545 
bidding 496 
bids 383 496 503 
big 434 526 
biggest 382 523 
bilion 439 
billerica 477 
billion 382 390 414 416 419 421 422 425 434 438 439 445 458 460 475 496 497 515 519 522 524 541 545 563 572 
bills 411 425 
biltmore 478 
bipartisan 386 
birmingham 482 
birth 457 
bk 441 
black 462 
blah 383 392 396 398 400 418 430 431 433 440 445 455 459 511 519 571 
blame 386 
blamed 386 
blood 477 
blue 554 
bluntly 386 
bly 447 
bnr 547 
board 395 401 404 405 406 407 424 429 436 454 458 469 496 540 555 570 576 578 
boards 408 
boise 572 
bond 415 427 453 468 485 540 563 567 
bonds 394 425 437 526 563 574 
bonus 390 
book 553 
books 382 460 
boost 462 549 
boosts 396 
borrower 414 421 
borrowing 411 
boston 382 422 452 464 470 472 
botched 386 
bought 570 
brad 540 
branch 505 550 
brazil 418 419 448 458 562 
brazilian 458 
bren 461 
brenco 461 
bridgend 523 
bring 437 448 501 567 
bringing 411 523 
brings 543 
brinkley 386 
britain 419 
british 388 390 409 419 437 441 553 
broke 397 518 
broker 441 540 
brokerage 540 
brokers 526 540 
brook 404 493 531 
brooks 426 
brothers 382 479 492 
brought 382 
brown 559 
brt 577 
brussels 525 
bryson 570 
btom.mi 561 566 
btu 544 
budget 563 
buick 515 
build 390 491 495 563 
building 434 
buildings 390 
built 563 
buoyant 390 
burden 419 
bureaucrat 386 
burlington 408 
bushel 516 
business 432 463 474 490 504 524 526 540 545 553 
businesses 435 
butler 499 
buy 382 387 408 418 448 481 496 527 537 
buying 478 
buyout 436 
buys 467 474 
ca 419 
cadillac 426 
caisse 414 421 
calculated 562 
calendar 438 439 541 
calgary 564 
calif. 384 506 508 509 512 513 514 529 533 565 574 
california 382 478 508 
call 415 416 419 427 475 493 
called 393 397 443 468 489 496 502 540 
calls 446 473 540 
cambridge 477 487 
camdessus 419 
campaign 443 503 515 570 
campaigns 443 
canada 388 409 448 450 458 459 465 466 478 516 549 551 
canadian 419 448 459 511 516 564 
canandiagua 549 
cancel 473 
candy 549 
canton 560 
capacity 385 446 523 525 567 
capital 389 397 436 464 524 577 
capitals 458 
car 382 
carbide 504 
card 382 385 505 550 
care 545 
career 386 
cargill 486 
cargo 426 518 
carriers 500 
carries 415 427 
carry 394 
carrying 525 
cars 382 491 495 
carty 564 
case 457 516 570 
case-by-case 419 
casey 386 
cash 389 390 393 424 447 448 473 496 515 545 556 
casino 447 
catalyst 504 
cattle 443 
caused 457 
cbs 397 
ccb 397 
ccm 428 
cedel 567 
celanese 558 
cent 470 
centers 471 
central 386 411 419 458 
centrale 414 421 505 550 
cents 390 
cereal 501 
cereals 395 
certificates 382 
ceuta 501 
cg 507 
cgp 507 
cha 428 
chain 496 
chairman 386 390 458 469 564 
chairs 563 
chama 428 
chancellor 419 458 
chances 562 
change 419 458 471 540 569 
chaos 386 
chaotic 540 
chapter 451 
charge 422 471 538 563 
charged 384 563 
charges 563 
charter 452 
cheap 502 
checking 386 567 
chem 457 
chemical 394 415 427 457 549 
chemicals 504 
cheung 390 
chicago 397 447 454 471 479 480 540 545 
chicago-based 478 
chief 386 401 419 469 564 
child 457 
china 476 
choice 419 
chores 386 
cincinnati 575 576 
circle 386 
circuit 385 454 
circulation 416 
cited 454 502 
citic 476 
cities 482 
cities/abc 397 
citizen 545 
city 447 474 498 
civil 384 
ckgh.hk 390 
classes 492 
clear 458 549 
clearing 425 567 
clearwater 484 532 534 
cleveland 536 
clinical 565 
clinton 507 
clive 469 
close 415 427 465 473 526 547 
closed 419 547 
closely 382 545 
closing 422 478 485 525 547 
closure 525 
closures 525 
clothing 561 566 
club 419 
cm 477 
cme 540 
cmp 448 
cmtc 477 
co-manager 382 
coal 450 
coast 542 543 
coastal 507 
coffee 402 562 
coils 525 
col. 386 
collateral 382 
cologne 499 
colombia 562 
colombian 402 562 
colony 390 
color 385 
columbia 388 409 437 507 
columbus 482 
combined 414 421 453 482 551 
command 487 
commands 487 
commence 397 
comment 481 497 518 520 
comments 563 
commerce 434 
commercial 403 416 419 425 458 465 471 504 564 
commerzbank 453 
commission 386 479 496 498 501 525 540 544 545 563 570 577 
commissioner 525 
commissioners 563 
commitment 496 501 
committed 496 
committee 386 393 419 428 496 510 540 
commodities 425 
commodity 413 540 544 
common 387 391 401 402 408 420 424 435 437 442 452 480 496 537 545 551 558 565 570 576 577 
commonly 570 
commonwealth 441 
commun 501 
communicate 556 570 
communications 493 
community 525 
company 384 385 390 391 393 401 403 408 409 412 420 435 437 438 439 441 446 448 451 454 457 463 465 469 471 472 473 474 477 479 481 482 486 493 496 497 503 504 510 520 524 532 537 541 543 544 545 547 549 551 552 553 556 564 568 570 
comparable 382 
compared 390 395 444 485 491 495 552 
compares 411 
comparison 567 
compatibility 385 
compatible 446 
compatibles 556 
compensation 432 501 
compete 429 
competing 496 526 
competitive 540 
complement 487 
complete 471 540 
completed 435 437 441 447 457 465 496 498 515 558 563 
completes 447 498 547 558 
completing 496 
completion 387 389 547 
compliance 417 
component 472 544 
components 523 
compounded 419 
comprising 411 
computer 385 463 487 503 556 
computer-aided-design 463 
computerland 503 
computers 556 
conable 419 
concede 562 
concern 545 561 566 570 
concession 414 421 453 
concessions 501 
concluded 497 
concludes 497 
condemn 386 
conditional 389 
conditions 428 465 540 547 
conducted 488 
conference 462 497 561 566 
confidant 386 
confident 454 496 
confidentiality 496 
configure 385 
confirmation 386 567 
confirmed 386 567 
confuse 540 
congested 540 
congressional 386 
conn 535 
conn. 408 412 
connected 476 
connection 479 563 
connections 385 
consideration 436 
considered 540 
consist 492 496 551 
consisting 496 
consolidated 418 448 541 542 
consolidates 542 
constant 434 
construct 507 
construction 430 434 507 563 
consultants 525 
consumers 402 562 
consumption 458 489 502 
contact 402 458 
container 480 549 
containers 549 
containment 407 
context 501 
continental 482 
continue 402 412 441 482 498 562 
continued 402 562 
continues 393 
continuing 435 568 
contra 386 
contract 397 462 486 493 527 540 544 
contracts 382 425 540 
contras 386 
contrast 382 
contribute 496 
contributed 541 
contribution 496 
contributions 390 
control 409 473 496 545 570 
controlled 525 545 
controller 556 
controllers 556 
controls 448 496 
controversial 525 
convenient 471 
conventional 437 488 
conversion 391 
convert 391 437 
converted 437 
convertible 391 
converting 391 437 
convincing 458 
cookies 549 
cooperate 567 
cooperation 458 
coordinates 419 
corn 395 501 516 
corning 440 442 
corporate 397 403 479 503 574 
corrected 505 550 
corrects 550 
cos 422 536 
cost 409 437 448 496 563 
costas 469 
costs 432 463 525 563 
council 386 402 526 562 
counsel 540 
counties 574 
countries 443 458 501 525 
country 419 458 
county 457 507 
coupon 382 394 414 415 421 427 485 492 
court 457 
covenant 568 
cover 454 467 567 
covered 565 
covering 444 479 516 540 567 
covers 454 503 
cp 564 
cpi-u 432 
creating 460 
creation 445 
credit 382 414 419 421 449 490 505 515 550 573 
creditor 419 
creditors 419 458 
credits 569 
crg 570 
crisis 419 458 525 
critchley 419 
criteria 562 
critical 567 
criticises 419 
criticism 386 
criticisms 386 
criticized 563 
crns 538 553 
cronus 389 538 553 
crop 417 562 
crops 417 
cross 417 
cross-compliance 417 
crossbred 425 
crude 459 489 502 511 543 
cruises 469 
crushing 486 
cs 530 
csn 575 576 
ct 539 
currency 530 
current 388 394 462 515 538 545 
customer 475 519 522 540 
customers 463 515 525 540 
cut 511 540 543 
cuts 459 506 525 543 
cynergy 570 
cyril 462 
cz 558 
d.f 570 
daewoo 439 
daewoo-corp 439 
daily 501 
dal 500 
dallas 399 538 553 
damage 386 
dampening 458 
danish 454 
dar 428 
data 454 493 567 
date-plus-one 567 
dates 435 
david 386 387 
davis 406 
day 386 518 540 567 
days 389 416 419 507 540 547 
dayton 503 
daytona 482 
de 518 
deadline 397 516 518 559 
deal 382 386 389 424 436 477 485 489 496 502 547 
dealers 411 460 522 567 
dealing 411 476 526 
dealings 460 570 
deals 382 
debentures 391 568 
debt 382 394 403 419 435 451 454 458 473 479 496 
debtor 419 
debts 419 458 
dec 410 430 534 
decade 525 
deceased 573 
december 388 409 410 425 434 469 473 486 525 564 
decided 451 516 526 570 
declared 390 405 406 407 451 532 576 
declares 406 461 
decline 416 419 432 450 454 
declined 419 432 497 505 520 550 
declines 450 520 
declining 415 427 468 
decrease 417 
dedham 496 
deeply 386 
default 451 532 563 
defaulted 563 
defects 457 
defer 435 
deferrals 568 
defiance 507 
define 562 
definitive 435 
deflator 432 
del. 507 
delaware 382 
delayed 393 
delegate 402 
delegates 402 562 
deliveries 395 
delivery 567 
delta 500 
demand 390 462 525 549 563 
demanded 397 451 
demands 462 
democracy 458 
democrat 386 563 
denied 563 
denki 485 
denominations 453 
department 422 432 434 476 499 567 
departure 504 
depends 465 
deposited 419 
deposits 416 
deputy 417 
des 414 421 
descended 386 
describing 458 504 
design 477 556 
designed 385 446 567 
desirable 545 
desjardins 414 421 
desk 397 
detail 501 
detailed 382 
details 386 496 505 550 561 566 
detect 477 
determination 516 
determine 568 
determined 384 492 
detroit 491 495 515 
devaluation 428 
devalued 428 
develop 556 
developer 570 
developing 458 463 567 
development 388 409 413 472 478 487 489 502 504 524 542 565 
deviate 397 
device 502 
dhaka 413 
diagnostic 424 
diagnostic/retrieval 400 
difficult 429 540 
difficulty 386 
diligence 436 
dilson 419 458 
dilution 537 
dimensional 463 
dingell 563 
diplomats 525 
direct 503 515 
directed 457 
directly 475 
director 419 469 573 
directors 401 404 436 469 540 555 570 
disbursements 384 
discharged 457 
disclose 496 
disclosed 386 493 527 565 570 
discontinued 420 422 435 538 
discount 411 515 
discovered 540 
discuss 402 525 
discussed 419 545 
discussion 419 458 
discussions 419 545 568 
disease 443 
disliking 386 
dismantling 416 
display 385 
displayed 526 
disposable 549 
disposition 435 
dispute 501 518 
disrupted 518 
distribution 474 503 551 
distributor 551 
distrubute 503 
disturbed 419 
div 420 423 438 439 461 464 470 506 508 509 512 513 514 517 521 529 531 536 546 548 554 573 575 
diverted 386 
divest 454 
divestiture 435 
divestitures 435 
dividend 391 396 404 405 406 407 420 423 461 470 480 506 530 555 577 
dividends 390 574 
division 474 499 503 515 542 549 
divisions 542 
dlr 389 400 401 419 425 435 449 473 485 490 496 519 545 547 556 565 573 
dlrs/bbl 459 511 
documents 496 
dofascoxinc 435 
dole 386 
dollar 425 429 454 481 485 
domestic 408 454 458 489 502 516 
dominion 403 498 
donald 386 564 
donaldson 540 
doubling 523 
douglas 469 
dow 394 415 427 457 
drawbacks 502 
drawing 463 
drawn 496 
dredge 448 
drilling 488 
droit 501 
drop 430 432 
dropped 419 
drs 424 
drug 457 
du 414 421 
dual 540 
dual-speed 503 
dub 382 
duck 386 
due 389 391 436 453 460 476 486 516 526 532 568 
dulles 482 
dur 528 
duro-test 528 
dutch 413 518 
duty 516 
dwindling 526 
dwws 406 
dynamically 487 
eagle 527 
earlier 390 409 432 440 458 465 473 496 497 516 
early 411 422 500 515 564 
earn 388 390 392 396 399 404 405 406 407 409 410 420 422 423 435 438 439 449 455 456 461 464 466 470 473 480 481 483 484 490 494 506 508 509 512 513 514 517 521 524 528 529 530 531 533 534 535 536 538 539 541 546 548 552 554 555 557 560 
earned 408 448 481 
earnings 390 435 448 481 530 541 
easier 460 
eastern 500 543 544 
eaton 564 
ec 525 
economic 428 458 502 
economists 475 
economy 419 458 489 502 
ecu 501 
ecus 501 
eden 530 
editors 397 
effective 459 498 511 537 543 544 
effectively 432 
effort 474 
efforts 412 428 454 
egla 527 
egypt 443 
elaborate 403 
elected 469 
election 570 
electric 390 
electronic 412 474 527 
elects 469 
elements 463 567 
eligibility 417 
eliminate 409 
elimination 409 540 
eliminiate 540 
elk 426 
elmwood 407 
eluvial 448 
embargo 489 502 
embezzlement 384 
emca 412 
emphasised 458 
employee 384 537 
employees 397 
employers 518 
enables 487 
enble 474 
encouraged 516 
end 419 451 462 486 518 523 525 569 
ended 388 408 409 435 454 473 518 552 
ending 524 525 
endorsed 428 
energy 544 
enforcement 563 
engage 540 
engineering 389 437 553 
engineers 437 
england 411 419 445 460 
english 563 
enhance 448 478 
enlgand 460 
enlist 458 
enter 475 540 549 
entered 435 522 567 
enterprises 387 
entertainment 539 552 
entire 443 446 503 570 
entities 436 
entitled 391 
entry 540 567 
environment 463 
envisaged 419 
envisioned 563 
equal 390 391 408 515 530 569 
equilibrium 419 
equipment 389 553 
equitable 393 
equities 526 
equity 435 485 496 570 574 
equivalent 413 
eradicate 443 
eradication 443 
erie 507 
errors 540 
es 428 
esb 474 
esselte 474 
est 547 
est/2130 387 
established 382 442 
estate 447 478 
estimate 395 402 434 
estimated 382 395 419 443 488 496 516 565 
ethics 540 
eurobond 414 421 453 485 567 
euroclear 567 
eurofer 525 
europe 485 499 523 
european 394 419 458 499 516 525 
eventual 419 
evidence 457 
evident 540 
exact 492 
examine 562 
examining 402 
excahnge 442 
exceed 417 468 493 
excess 417 
exchange 394 398 408 416 425 442 446 476 479 485 496 520 526 540 545 563 570 577 
exchangeable 393 
exchanging 390 
exchequer 419 445 458 460 
exclude 388 530 557 
excluded 435 
excludes 420 422 449 490 538 
exclusive 477 
execute 487 540 
executing 540 
execution 540 
executive 382 386 401 428 469 510 525 540 564 
exercise 485 
exercised 426 
exercises 426 
exist 525 
existing 394 403 419 
exit 386 
expand 385 523 561 566 
expansion 412 523 
expect 437 475 
expectations 390 
expected 389 390 401 417 419 441 442 448 465 473 475 478 493 501 516 524 540 
expecting 390 
expects 437 441 448 481 524 547 551 552 
expenses 532 
experts 443 
expire 387 454 568 
expired 401 
expires 424 462 518 
explain 458 
explained 382 504 
explanation 520 
exploiting 504 
exploration 489 502 542 
export 402 429 501 562 
exported 501 
exports 390 419 429 458 516 
exposure 419 
express 408 482 
extend 454 
extended 504 559 562 568 
extending 504 
extends 559 
extension 454 559 
extensions 397 454 
extent 384 
external 458 
extraordinary 388 390 538 
f. 387 
f0000 507 
f0004 508 
f0014 509 
f0022 510 
f0027 511 
f0036 512 
f0037 513 
f0038 514 
f0044 515 
f0045 516 
f0048 517 
f0050 518 
f0051 519 
f0052 520 
f0059 521 
f0060 522 
f0073 523 
f0079 524 
f0083 525 
f0084 526 
f0086 527 
f0104 528 
f0105 529 
f0106 530 
f0112 531 
f0114 532 
f0116 533 
f0117 534 
f0118 535 
f0136 536 
f0137 537 
f0138 538 
f0140 539 
f0167 540 
f0182 541 
f0195 542 
f0206 543 
f0209 544 
f0228 545 
f0242 546 
f0245 547 
f0253 548 
f0262 549 
f0268 550 
f0275 551 
f0276 552 
f0277 553 
f0279 554 
f0281 555 
f0282 556 
f0283 557 
f0285 559 
f0287 560 
f0295 561 
f0303 562 
f0321 563 
f0333 564 
f0334 565 
f0336 566 
f0338 567 
f0344 568 
f0355 569 
f0358 570 
f0364 571 
f0366 572 
f0367 573 
f0368 574 
f0369 575 
f0371 576 
f0375 577 
f0376 578 
f0391 383 
f0396 384 
f0406 385 
f0407 386 
f0411 387 
f0413 388 
f0414 389 
f0416 390 
f0422 391 
f0446 392 
f0448 393 
f0464 394 
f0465 395 
f0467 396 
f0469 397 
f0473 398 
f0475 399 
f0478 400 
f0482 401 
f0483 402 
f0484 403 
f0489 404 
f0490 405 
f0491 406 
f0492 407 
f0501 408 
f0505 409 
f0507 410 
f0509 411 
f0511 412 
f0515 413 
f0516 414 
f0519 415 
f0520 416 
f0524 417 
f0529 418 
f0530 419 
f0531 420 
f0542 421 
f0545 422 
f0553 423 
f0554 424 
f0571 425 
f0573 426 
f0576 427 
f0578 428 
f0581 429 
f0591 430 
f0592 431 
f0595 432 
f0596 433 
f0612 434 
f0616 435 
f0625 436 
f0635 437 
f0641 438 
f0642 439 
f0648 440 
f0657 441 
f0682 442 
f0684 443 
f0686 444 
f0700 445 
f0708 446 
f0709 447 
f0710 448 
f0713 449 
f0730 450 
f0731 451 
f0734 452 
f0736 453 
f0743 454 
f0744 455 
f0760 456 
f0761 457 
f0762 458 
f0763 459 
f0765 460 
f0768 461 
f0778 462 
f0788 463 
f0794 464 
f0796 465 
f0801 466 
f0802 467 
f0805 468 
f0815 469 
f0817 470 
f0818 471 
f0819 472 
f0832 473 
f0833 474 
f0842 475 
f0845 476 
f0878 477 
f0882 478 
f0883 479 
f0887 480 
f0891 481 
f0893 482 
f0894 483 
f0895 484 
f0921 485 
f0922 486 
f0929 487 
f0934 488 
f0937 489 
f0938 490 
f0940 491 
f0941 492 
f0943 493 
f0946 494 
f0954 495 
f0955 496 
f0956 497 
f0958 498 
f0959 499 
f0962 500 
f0966 501 
f0976 502 
f0978 503 
f0981 504 
f0985 505 
f0987 506 
faa 500 
face 394 496 
facilitate 564 
facilities 411 467 507 567 
facilties 411 
facing 386 
factors 454 
factory 523 
failed 386 397 451 
fails 412 454 
fair 405 419 
fairly 475 
fall 524 549 
fallen 412 
falling 450 525 
falls 433 
family 487 
fannie 492 
fao 443 
fares 545 
farm 417 516 
farms 432 
fast 408 567 
faster 458 
fastest 504 
favor 457 
favourable 429 
feasibility 570 
feature 463 
features 385 
feb 417 543 547 
february 393 395 416 419 425 442 444 454 458 464 470 505 550 568 
fed 475 519 522 
federal 403 450 451 452 458 465 475 492 500 512 522 544 563 
fee 502 
feet 467 
fell 416 431 432 434 435 450 
fenner 496 
fighting 386 
figure 435 
figures 448 
figuring 540 
file 451 
filed 384 479 577 
files 451 479 
filing 496 544 545 570 
fill 540 
filling 540 
film 551 
films 551 
final 393 397 419 465 516 518 
finance 382 384 419 453 458 515 
financed 389 
financial 403 458 496 515 531 561 566 568 
financing 401 412 414 419 421 436 437 454 458 496 515 
finanziario 561 566 
find 436 488 
fine 500 
fined 500 
fines 500 
finest 478 
finished 549 
fired 386 
firm 390 437 478 545 
firmly 525 
firms 418 428 525 
fiscal 454 530 
five-year 425 485 
fla. 423 484 517 521 532 534 
flexibly 385 
floor 526 540 
florida 467 482 
floundered 481 
flour 501 
flow 448 
fluids 472 
fnm 492 
fnma 492 
fnv 518 
focus 472 
food 443 549 
foray 382 
force 426 567 
forced 525 
ford 491 495 
forecast 395 411 
forecasts 524 563 
foreign 386 416 419 429 476 485 
forest 481 
form 507 510 545 565 
formal 496 
formally 487 562 
formed 507 510 559 574 
forms 507 510 574 
forum 504 
forwarding 408 
found 386 429 
fountain 533 
four-for-one 390 
fourth 432 
fraction 393 
franc 415 427 468 
franc-denominated 394 
france 395 419 435 458 501 
franchises 503 
francisco 419 458 
francs 416 
frankfurt 505 550 
franklin 506 508 509 512 513 514 529 574 
franklin-age-high-in 509 
franklin-california 508 
franklin-federal-tax 512 
franklin-gold-fund 506 
franklin-new-york-ta 513 
franklin-u.s.-govern 514 
franklin-utilities-f 529 
fraud 563 
free 501 525 574 
freehold 457 
freeing 386 
freely 386 
freeze 419 
freight 408 
french 395 433 501 
fresh 562 
friday 401 417 458 475 501 
frm 517 
frol 573 
front-running 540 
ft-70 556 
full 386 502 562 
funaro 419 458 
function 540 
functions 385 
fund 419 436 458 464 506 508 509 512 513 514 529 565 574 
funded 443 
funding 437 
funds 384 416 435 475 522 574 
fuses 564 
future 386 402 489 502 525 537 545 549 568 
futures 425 540 
futures-options 540 
ga 482 
ga. 406 
gain 388 435 441 484 490 494 530 569 570 573 
gained 432 
gains 390 435 449 450 464 481 557 
galaxy 487 
galetakis 469 
garden 474 
gas 507 542 544 570 
gates 386 
gauge 562 
gave 382 
gel 530 
gelco 455 530 
general 403 435 462 515 518 
generates 408 
geneva 394 
genzyme 472 
geoffrey 419 
georgia 386 
gerald 540 
german 505 550 
germany 419 458 499 558 
gerrard 525 
gft-gruppo 561 566 
gilts 526 
ginnie 574 
give 387 390 448 496 505 550 551 567 
giving 419 
glass 442 
glw 442 
gm 515 
gmac 515 
gmt 387 411 
gold 448 488 506 541 
golden 447 
goldman 382 479 
government 386 390 416 419 425 428 441 475 514 516 522 526 574 
governments 419 443 458 525 
governor 419 
graaf 518 
grace 436 
grade 448 543 
grades 543 
grading 488 
grages 471 
grain 395 417 425 501 516 
grand 384 
grant 413 501 
granted 408 457 501 
grantor 382 
grants 413 523 
graphic 397 463 
great 577 
greenhouses 467 
greenwich 412 488 
grocery 549 
gros 419 458 
ground 402 
grounds 457 
group 389 393 402 414 421 489 496 502 515 516 525 527 545 551 553 561 566 570 
groups 496 570 
grove 426 
grow 385 474 
growers 516 
growing 408 
growth 390 419 429 458 464 504 
guard 489 502 
guido 401 
guild 397 
guilder 518 
gulf 542 
gundy 403 
gutted 397 
h.k 390 
h.w 504 
half 382 496 530 
halted 486 
handle 446 
handling 386 
hanover 451 
happen 402 
happy 419 
harbour 390 
hard 562 
hardrock 448 
harley-davidson 557 
harnischfeger 569 
hart-scott-rodino 389 
hauppauge 527 
hawthorne 384 
hazleton 440 442 
hdi 557 
head 386 476 
headed 386 
headquarters 397 476 
health 435 443 545 578 
healthcare 535 
heap 488 
heat 389 553 
heinl 467 
held 393 545 551 
helpful 458 
helping 384 
hermann 469 
hfsl 452 
high 386 424 425 509 574 
high-performance 385 
high-risk 443 
high-yield 574 
higher 411 429 432 434 
highly 545 
highway 434 
highways 471 
hilton 390 
hiring 397 
hirsch 401 
historical 562 
historically 402 
history 515 
hkeh.hk 390 
hlc 442 
hoc 402 
hoechst 558 
hoechst-ag 558 
hold 401 545 
holders 391 405 406 407 442 452 480 547 568 570 576 
holding 419 441 
holdings 383 390 393 441 476 496 
holds 393 448 545 547 
home 477 559 
hong 390 429 
hong-kong 390 429 
hongkong 390 
hope 525 
hoped 419 
hopes 458 477 
hostages 386 
hot 525 
hotel 390 447 478 
hotels 478 
hour 432 446 
hourly 432 
hours 432 446 562 
house 386 425 563 
houses 411 467 
houston 542 544 545 568 
howard 386 
howard-baker 386 
howe 419 452 
howen 452 
howmedica 472 
hph 569 
hpu 559 
hsa 435 
humanistic 489 502 
huntsville 482 
hurts 386 
hyaluronic 472 
i.m.s 546 
ibm 463 556 
icch 425 
ico 562 
ico-coffee 402 562 
idaho 572 
idea 525 
identified 488 504 525 
ii 385 487 
ilc 384 
ilct 384 
ill. 404 426 
imf 419 428 458 
immediately 389 463 518 544 
impact 489 502 525 
implement 428 
implementing 413 
implicated 386 
implicit 432 
import 502 
important 416 
imports 413 489 502 516 525 
impossible 562 
improprer 384 
improve 448 
improved 552 
improvement 454 
imsi 546 
inattention 386 
inception 469 
include 382 393 479 487 490 503 530 565 567 574 
included 428 447 
includes 382 393 422 484 490 492 505 550 569 573 
including 385 432 464 524 
income 464 470 508 509 512 513 538 541 574 578 
increase 393 404 417 432 434 448 462 474 480 489 491 495 502 555 576 
increased 393 409 432 470 489 491 495 496 502 
increases 390 491 495 555 
increasing 393 448 452 480 489 502 
incurred 435 
incx 488 
indebtedness 553 
indefinite 458 
indefinitely 419 
independent 384 
index 425 444 450 540 
india 443 
indiana 474 
indianapolis 482 
indication 563 
indirect 522 
indirectly 475 
individuals 570 
inducing 419 
industrial 390 437 450 
industries 389 403 406 465 538 547 553 569 
industry 489 491 495 502 525 549 
inefficient 428 
inevitably 540 
inflation 419 432 
influence 386 570 
influencing 570 
information 463 493 496 570 
initial 405 407 410 458 460 472 473 578 
initially 567 
initiative 562 
injure 516 
injured 516 
injury 516 
inland 481 
inland/int'l 481 
inspections 500 
installation 476 
instance 540 
institute 444 489 502 
institutions 419 549 
insufficient 525 
insurance 449 573 
intec 573 
integrated 564 
integrity 540 
intelligence 386 
intelligence-type 386 
intelligent 556 
intend 567 568 
intent 477 507 565 
interchange 531 
interest 382 391 393 411 419 441 448 458 475 492 519 522 548 551 568 
interested 390 
interests 441 448 
intermediate 543 
internal 385 419 527 
international 393 398 402 408 419 425 458 463 476 481 490 496 510 545 546 551 562 567 
internchange 531 
interpreted 458 
interstate 471 
intervention 395 
interview 563 
intk 573 
introduce 471 567 
introduced 385 403 463 476 487 
introduces 487 
introduction 526 
inventory 454 
investcorp 435 
investigation 563 565 
investing 574 
investment 382 435 437 449 476 490 545 
investments 494 524 
investor 387 496 545 
investors 382 394 464 574 
invests 574 
invitation 518 
involve 419 
involved 540 
involving 419 
ip 481 
ipi 450 
iran 386 443 
iran-contra 386 
iraq 443 
ireland 570 
irish 570 
iron-steel 525 
irregularities 384 
isbj 531 
island 429 
issam 545 
issue 382 390 394 402 403 414 415 418 421 427 448 460 465 468 537 540 
issued 382 386 479 
issues 382 414 421 453 479 545 
issuing 414 421 453 
italian 497 561 566 
italy 419 443 458 497 561 566 
item 490 550 
items 490 549 
j.c. 493 
jackson 555 
jacobson 555 
james 458 570 
james-baker 458 
jan 420 422 430 434 483 528 530 533 572 
january 382 386 422 434 435 444 450 481 498 518 561 566 569 
japan 419 436 458 524 
japanese 419 
jardins 414 421 
jcbs 555 
jcp 493 
jeans 551 
jenrette 540 
jersey 447 457 
jim 423 521 
jobs 523 525 
johannesburg 462 
john 386 469 540 563 
join 567 
joining 545 
joint 472 482 504 561 566 
joint-bookrunner 414 421 
joint-lead 453 
jointly 477 478 
jonathan 540 
journalists 419 
jpn 436 
judge 457 
july 429 563 
july/june 395 
jumped 481 
june 389 454 462 480 
jury 457 
juster 435 
jutland 468 
jwc 423 521 
k-tron 490 
ka-shing 390 
kansas 386 498 
kapok 484 532 534 
karl-heinz 525 
kennedy 482 
key 386 402 472 527 
keystroke 487 
killington 483 
kilometer 448 
kind 419 515 
king 570 578 
kingstown 387 
knew 563 
knickerbocker 551 
kong 390 429 
korea 429 
kpk 484 532 534 
kroner 454 
ktii 490 
kyriakides 469 
l-cattle 443 
la 387 
label 474 
labels 424 
labor 432 
laboratories 442 477 
labour 518 
ladder 473 
ladder-making 473 
lame 386 
land 390 
language 487 
laporte 474 
large 441 475 481 561 566 
largest 419 448 450 515 549 
laroche 387 
late 382 417 563 
latest 422 501 
launched 415 427 
launches 415 427 
laurel 556 
lausanne 394 
law 525 
lawmakers 386 
lawn 405 
laws 451 
lawson 419 458 
laxalt 386 
lay 397 
leaching 488 
lead 415 427 458 468 485 
leader 386 
leadership 386 
leading 389 
leads 496 
learned 487 
lease 382 515 
leases 382 
leave 429 
leaves 386 
lebanese 545 
lebanon 386 
led 394 450 496 
left 386 395 
leftist 386 
leg 458 
legal 540 
lehman 492 
lehmand 382 
leigh-pemberton 419 
lenders 451 454 532 568 
lending 411 419 
leo 540 
leroy 545 
lethal 443 
letter 382 477 507 565 
levels 434 486 
levied 574 
li 390 
liability 553 
licences 501 
license 463 
lichtenberger 504 
lichtenstein 501 
liechtenstein 501 
life 382 393 573 
lifting 417 
lifts 417 
limited 417 429 496 510 565 
limiting 429 
limits 419 458 
line 428 446 503 527 540 549 
lines 419 500 564 
link 504 
linked 419 487 
lion 386 
liquidity 416 
lire 497 
list 540 570 
listed 394 414 421 453 
listing 410 473 
livelihood 540 
livestock 443 
living 545 
loan 389 452 454 475 
loans 419 454 532 
lobby 525 
local 390 505 550 
locate 523 
located 448 
locations 397 493 
london 389 402 411 414 419 421 453 458 460 476 485 486 523 526 562 567 
long 419 462 504 
longer 382 
los 385 391 397 420 435 537 539 543 552 
losing 473 540 
loss 388 409 410 420 435 454 473 484 490 505 534 538 539 540 550 552 
losses 422 435 490 530 
lost 505 550 
lots 487 
lotus 487 
louisiana 543 
louw 518 
low 386 462 489 502 
lower 471 525 544 
lowered 543 
lp 436 
lse 526 
lt. 386 
lube 471 
lube-and-oil-change 471 
lubricating 472 
lubrication 471 
lucrative 540 
lufkin 540 
lumber 450 
luxembourg 414 421 
lynch 496 577 
macgarvey 469 
machines 463 474 
macintosh 385 487 
mack 382 
made 393 397 412 419 424 429 465 496 499 540 543 549 563 
mae 492 574 
magazine 386 
mail 412 503 515 
mailed 442 
mailing 515 
main 429 
maintain 540 
maintenance 435 463 500 
maintenence 426 
maize 395 501 
major 414 421 503 504 525 567 
majority 441 558 
make 424 477 523 524 540 549 551 
makes 389 400 424 540 551 
making 382 448 549 
malacarne 401 
manage 473 
managed 470 559 
management 393 396 404 414 421 436 441 453 486 496 498 503 510 545 564 570 
manager 415 427 453 468 485 505 550 577 
managers 449 510 
managing 419 458 
manifest 525 
manila 541 
manitoba 403 465 
manner 391 
manning 486 
manufacture 556 
manufactured 454 
manufacturers 389 451 
manufactures 474 
manufacturing 426 432 447 473 523 
manufacturng 432 
mapinduzi 428 
mapping 386 
mar 394 404 426 432 
marine 386 
mark 460 481 
market 382 390 411 416 437 454 460 465 475 477 499 501 504 516 522 525 526 537 540 549 562 567 
market-makers 526 
marketing 482 499 
marketplace 564 
markets 504 523 567 577 
marks 505 550 
marrel 435 
marriott 478 
marshall 457 
mass. 463 477 487 496 560 
massachusetts 464 
massive 525 
master 510 
match 567 
matched 567 
matching 567 
mateo 506 508 509 512 513 514 529 574 
material 448 
matter 458 563 
matthews 437 
matures 382 
maturing 414 421 
maturity 468 
maximum 468 501 
mc 407 
mccs 407 
mci 493 
mcic 493 
mclaughlin 386 
mcry 539 552 
mcv 383 393 496 
md. 532 
me. 482 
means 419 458 
meantime 454 
measure 416 
measures 428 
meat 450 
meaty 386 
mechanism 419 
mechanisms 419 
medco 407 
medical 435 454 477 545 
medium 419 
medusa 463 
medusa/pc 463 
meet 386 393 402 518 525 540 563 568 
meeting 386 401 402 419 442 443 458 551 562 576 
melamed 540 
melbourne 482 
melilla 501 
member 402 540 
members 397 510 
membership 540 
memorandum 564 
mercantile 540 
merchandising 499 
mercury 539 552 
merger 393 401 424 442 496 564 
merrell 457 
merrill 496 577 
message 446 
messages 446 
met 458 462 
metal 448 
meto 474 
mexico 542 
mfs 470 
mhc 451 
mhs 478 
miami-based 467 
mich. 394 555 
michael 473 505 540 550 
michel 419 
michigan 426 563 
mid 489 502 
mid-december 382 
midcon 391 
midl 451 
midland 394 
midlantic 451 
midnight 547 
milan 497 561 566 
mileage 482 
mill 486 499 
miller 401 
milling 488 
million 500 
milwaukee 557 569 
mine 437 448 488 
miners 462 
mines 462 
mineworkers 462 
minicomputer 463 
minimising 525 
minimum 419 
mining 418 437 448 462 
minister 419 458 518 
ministers 525 
ministry 524 
minn. 530 
minneapolis 401 
minority 561 566 
minutes 493 
mismatched 567 
mission 429 
mississippi 517 
mitigate 489 502 
mob 549 
mobil 549 
model 503 
models 385 
modules 487 
monetary 419 458 
money 386 397 411 416 
money-fx 411 475 519 522 
moni.mi 497 
monmouth 457 
montagu 453 
montedison 497 
month 401 409 419 434 446 450 458 462 473 493 516 553 
month-long 496 
monthly 419 437 462 463 574 
months 382 386 409 412 419 437 444 450 454 473 483 530 540 559 
montoya 384 
montreal 403 
mood 562 
moody 382 
moratorium 458 
morning 397 399 457 458 481 
morristown 449 
morse 560 
mortgage 447 492 
mortgage-back 492 
mortgage-backed 492 
mortgages 492 
motion 457 
motor 450 491 495 515 
motors 515 
mount 556 570 
move 523 540 
moves 489 502 520 
mr. 386 
mrs 560 
ms-dos 385 
mthly 508 509 512 513 514 
mths 388 410 528 530 533 535 538 560 
mulling 570 
multi-step 410 473 
multiple 385 
muo 548 
murray 532 564 
mutual 548 574 
myers 417 
n't 386 419 504 568 
n.c. 510 
n.j. 405 407 424 449 451 457 490 528 531 556 558 
n.j.-based 472 
n.v. 408 
n.y. 442 446 474 482 493 494 527 549 551 577 
n.z 425 
nabisco 510 
named 401 487 499 
narjes 525 
nat-gas 544 
natick 463 
nation 471 502 
national 383 386 393 401 416 428 462 471 492 496 503 
nations 419 443 
nationwide 386 493 515 
natural 472 544 
nature 540 
nbc 386 
ncr 503 
ndi 454 
nearer 523 
neb. 548 
neck 577 
neco 387 
needed 428 443 525 
negotiate 397 
negotiated 507 
negotiating 505 532 550 
negotiations 397 412 458 462 497 505 550 
nepal 443 
nesp 533 
net 388 399 403 420 422 436 438 439 449 456 466 483 484 490 494 528 530 533 534 535 538 539 541 551 557 560 569 572 573 
netherlands 413 518 
network 385 493 503 564 
networks 397 
neutrogena 537 
nev.. 488 
nevada 386 
new-zealand 425 
newly 487 496 499 
newport 533 
news 386 397 462 561 566 
newsweek 386 
newswriters 397 
ngna 537 
nicaraguan 386 
nigel 419 458 
nikko 485 
nippon 524 
nomination 386 
non-callable 382 453 
non-ec 501 
non-farm 431 432 
non-graphic 463 
non-strategic 409 
north 382 386 387 478 528 
northern 570 
northwest 563 
note 388 410 420 438 439 449 484 490 494 530 531 538 541 557 569 573 
noted 382 419 447 540 
notes 382 394 403 422 475 
noting 390 419 
nov 539 
november 386 408 449 454 516 552 559 
novo 448 
npt 387 
nt 505 550 
ntt 524 
nuclear 454 563 
nueutrogena 537 
nugget 447 
num 462 
number 452 
nunn 386 
nursery 467 
nv 453 
nyse 520 
nzfe 425 
oak 404 
oakland 424 
oaks 565 
oat 417 479 
oats 417 479 
objective 564 
obligations 441 568 
obtain 454 
obtaining 436 458 
occasions 563 
occidental 391 
occurred 434 
october 526 556 
odds 386 
offer 387 393 394 397 401 411 424 436 440 471 479 496 515 518 547 558 570 
offered 393 411 474 496 
offering 382 385 387 394 496 577 
offers 393 496 515 
office 386 467 476 523 
officer 384 401 469 
offices 526 
official 419 429 458 563 
officials 386 413 419 458 500 516 540 
offset 454 
offshore 542 
ohio 482 503 507 
oil 459 471 489 502 542 543 570 
oilseed 486 
okla. 467 
oliver 386 451 
olv 451 
olvr 451 
omaha 548 
one-fifth 496 
one-for-four 390 
one-for-two 449 
one-time 557 
one-year 462 
onging 412 
onic 395 
onshore 542 
ontario 516 
open 385 419 537 
opened 475 
oper 388 392 420 422 449 490 538 557 
operate 507 
operates 448 549 
operating 409 422 435 454 463 482 498 541 
operation 437 505 507 525 550 
operations 408 412 420 422 435 500 510 524 538 541 563 
operator 496 
operators 386 501 
opinion 481 
opinions 562 
opportunity 540 
opposed 419 
optimistic 562 
option 408 415 426 427 446 448 502 
optional 385 
options 526 537 540 
order 419 426 540 
ordering 463 
orders 525 540 
ore 437 488 
organisation 505 550 
organization 402 435 443 456 518 562 
oriented 549 
original 397 
originally 550 563 
orthopedic 472 
osr 551 
osrc 551 
ottawa 450 
ounce 448 488 
ounces 448 
outcome 516 562 
outlays 434 
outlined 561 566 
outlook 481 
output 432 491 495 523 525 
outright 411 
outstanding 391 403 408 420 424 496 537 545 547 577 
over-the-road 471 
overhaul 426 428 
overseas 453 489 502 
oversee 510 
overseeing 510 
overstated 563 
owed 419 
owes 419 
owned 401 424 472 473 545 
owners 452 515 551 
ownership 393 448 
owns 387 441 448 467 547 
oxy 391 
pa 507 
pa. 499 554 578 
pac 527 
pace 563 
pacific 527 563 564 
package 428 
packaging 549 
pact 429 503 
pai 482 
paid 391 419 460 555 577 
pair 482 
pakistan 443 
pallet 426 
pan 500 532 
panbaxy 477 
panel 563 
panhandle 544 
paper 382 403 425 465 481 491 495 
papers 450 
par 391 468 485 
paragraph 550 
parcels 447 
parent 499 
paris 395 419 501 
park 407 
part 419 458 460 472 474 496 500 505 510 523 526 550 551 
partial 419 496 
participants 567 
participate 507 
participation 507 
parties 408 
partner 504 
partners 478 
partnership 507 510 565 
party 428 
past 386 458 518 
pasta 516 
patent 490 
paths 502 
paul 386 458 469 
pay 382 390 391 420 461 473 506 508 509 512 513 514 517 521 529 531 536 546 548 554 568 574 575 
payable 389 391 404 405 406 407 423 460 464 470 480 555 576 577 
payble 555 
paying 453 544 568 
payment 414 415 421 427 453 458 532 567 568 
payments 382 419 458 492 525 
payout 404 405 407 464 480 508 509 512 513 514 517 521 529 531 555 577 578 
pays 414 421 453 574 
paytable 391 
pc 463 503 
pc/at 463 556 
pc6 503 
pc8 503 
pco 408 
pct.e 432 
pdo 494 
peace 518 
pel 544 
penalized 500 
penhale 473 
penn 401 
penney 493 
pennsylvania 574 
pensions 569 
percentage 382 415 427 
perception 386 
period 388 470 491 495 523 524 
periods 490 557 569 
perkins 426 
permits 417 
person 540 
personal 385 503 556 564 
persons 432 436 
pesch 545 
pesos 541 
peter 386 417 532 
petersburg 461 
petition 451 540 
petro-canada 511 
petroleum 391 450 489 502 
pf 472 
pfe 472 
pfizer 472 
pharmaceutical 565 
pharmaceuticals 450 457 497 
phcc 535 
philadelphia 482 
philippines 541 
physician 545 
picketing 397 
pictured 386 
pierce 496 
pipeline 507 544 
pires 448 
pit 540 
pitman 490 
pits 540 
pittston 398 408 
place 434 460 553 
plains 494 
plaintiffs 457 
plan 474 482 505 524 525 550 
planned 518 563 567 
planning 503 570 
plans 393 468 471 491 495 515 524 540 545 563 
plant 486 523 525 549 
planting 417 
plantings 417 
plants 525 549 563 
plastic 549 
plastics 504 
platinum 448 
played 419 
plc 389 441 476 553 561 566 570 
pledge 402 
plow 504 
pm-reagan 386 
pnf 401 
poct 408 
pogo 542 
poindexter 386 
point 415 419 427 458 460 
point-of-sale 556 
pointed 382 458 
points 382 520 
police 384 
policies 570 
policy 386 489 502 563 
policy-type 386 
political 419 458 525 
poll 386 
polystyrene 549 
pool 382 492 
poor 382 540 
popularity 386 
population 443 
porex 405 
poring 386 
port 518 573 
portion 496 544 
portland 482 
portrayed 386 
ports 446 
porx 405 
position 478 564 568 570 
possibility 545 570 
post 469 524 555 564 
posted 543 
postponed 486 497 
potential 448 562 
pounds 549 
power 498 563 
ppp 542 
practice 540 
prairie 530 
praise 386 
pre-approved 515 
pre-fixed 501 
pre-split 480 555 
pre-tax 389 
precious 448 
preclude 562 
predicted 489 502 
preferred 393 452 496 515 530 535 
prefixed 501 
premdor 466 
premdor-inc 466 
premium 485 553 
premiums 468 
preparation 564 
prepared 462 549 
preparing 386 
present 393 457 458 489 502 
presentation 457 
presented 525 
presidency 386 
president 384 386 401 419 458 469 504 540 564 
presidential 482 494 
press 386 462 497 
pressure 475 
pretax 490 
prevailing 411 
previous 393 395 425 450 491 495 496 501 567 577 
previously 432 434 442 473 507 564 
price 401 424 425 432 450 468 471 485 489 502 515 540 543 544 
priced 382 385 414 415 421 427 453 485 
prices 444 450 459 460 489 502 511 543 
primarily 394 
primary 451 503 
prime 425 463 
principal 382 391 408 492 
principle 419 
printed 385 454 
printers 474 
prior 397 409 420 423 460 461 464 470 480 484 506 508 509 512 513 514 517 521 529 531 536 546 548 554 557 575 
priority 386 
private 448 489 502 503 
privatge 493 
prm 463 
probe 563 
probes 386 
problem 419 429 
problems 419 457 
proceeding 505 550 564 
proceeds 394 403 435 479 563 
processing 486 
procued 472 
produce 437 448 545 549 
produced 448 
producer 424 549 562 
producers 402 516 544 
producing 525 542 
product 446 450 477 487 549 
production 397 448 491 495 523 525 549 
productivity 431 432 
products 409 410 450 454 467 472 473 481 499 503 525 549 559 565 
profit 438 439 484 490 505 541 550 
profitable 504 
profitably 504 
profits 386 389 390 524 
program 386 403 417 419 435 458 471 472 503 515 525 
programme 428 
progress 562 
project 390 
projected 454 524 549 
projection 390 
projects 390 413 
promise 562 
promising 504 
promote 503 
promoting 419 458 
promotion 397 
prompted 386 
properties 551 
property 390 448 484 494 
proposal 390 402 436 562 
proposals 397 525 562 
propose 419 
proposed 393 442 496 525 
proprietary 472 
prospects 402 412 
prospectus 442 
protect 419 489 502 
protest 486 518 
provide 493 496 
provided 411 493 496 515 568 
province 414 421 
provision 422 490 
prudential 481 561 566 
prul.l 561 566 
prussia 578 
public 382 410 434 448 473 498 510 563 577 578 
publicity 503 
publicly 563 
purchase 387 389 424 436 446 447 474 537 565 
purchased 411 446 467 537 
purchases 496 
purpose 382 496 
purposes 403 479 
pursuant 547 
put 397 419 434 
qtly 396 420 423 461 464 517 521 529 531 536 546 548 554 573 575 
qtr 392 399 420 422 423 431 432 449 455 456 464 466 483 490 491 495 528 530 533 534 535 538 557 560 569 572 573 
quaker 479 
quarter 408 422 432 435 441 449 490 491 495 530 573 577 
quarterly 391 404 473 536 546 554 555 575 577 
quartz 448 
quebec 414 421 
question 540 
quickly 382 564 
quota 402 525 562 
quotas 402 525 562 
quotes 526 
r.i. 387 
r.j 510 
r.j. 510 
r.j.r 510 
raced 382 
raise 489 496 502 549 
raised 393 413 481 496 577 
raises 480 575 577 
raising 393 
ramaphosa 462 
ran 382 550 
rand 462 
range 462 474 
rate 393 432 433 434 485 544 549 555 
rated 382 
rates 394 411 544 
rating 382 
ratio 442 
raven 525 
raymond 384 
reach 419 451 
reached 389 402 425 561 566 
reaching 562 
reaction 460 
reactions 419 
ready 556 
reagan 386 
real 432 447 478 
realize 441 
realty 478 494 577 578 
reasons 468 564 
rebate 501 
rebates 501 
rebels 386 
rebuff 458 
rebuilding 386 
receivables 382 
receive 382 391 413 515 
received 393 401 435 436 458 473 493 496 559 
receives 393 492 
recent 386 479 488 501 558 
recently 411 475 564 578 
recession 419 458 
reclamation 390 
recommend 563 
recommendation 481 540 
recommendations 540 563 
recommended 443 
reconvene 518 
record 386 391 404 405 406 407 420 423 425 442 450 461 464 470 480 500 506 508 509 512 513 514 517 521 529 531 536 546 548 554 555 575 576 577 
recorded 450 
recording 567 
records 496 
recoup 437 
recover 384 
red 525 
redeem 391 
redirection 454 
redstone 496 
reduce 435 525 537 567 
reduced 485 516 530 
reduces 544 
reducing 525 544 
reduction 409 411 544 
redundancies 518 
redundancy 525 
referred 436 
refinance 394 419 
reflect 537 
reflected 416 
reflecting 420 432 
reflects 526 544 
reform 428 
reformation 544 
refusal 408 
refused 386 397 545 
regan 386 
regency 469 
region 543 563 
regional 505 550 
regions 419 444 
register 556 
registration 479 577 
regular 391 423 
regulations 389 
regulatory 473 544 
reintroduction 562 
reiterated 481 
rejected 419 458 545 
rejects 540 
related 382 
release 553 
reliable 567 
reluctantly 525 
remain 489 502 525 563 
remainder 441 
remaining 382 441 473 
removed 384 
rename 478 
renegotiate 429 
renewed 419 
rented 446 
reorganize 451 
rep. 563 
repay 479 
repayment 451 
repeat 417 
replace 397 403 469 
replacement 454 
replaces 469 
report 386 428 495 497 562 
reported 390 419 435 454 552 
reportedly 510 
reporters 390 
reporting 390 409 435 473 567 
reports 491 495 
represent 382 516 
representation 419 570 
representatives 401 516 
representing 462 485 
represents 397 491 495 555 
republican 386 
republicbank 382 
repurchase 435 475 519 522 
repurchases 475 522 
request 458 518 520 540 
requested 501 570 
requests 501 
require 454 
required 391 454 551 
requirement 417 
requirements 493 530 
requiring 567 
resale 556 
rescheduled 486 
rescheduling 419 
research 472 489 502 524 565 
researchers 397 
reserve 454 458 475 489 502 522 
reserves 416 419 475 488 489 502 522 
residential 434 
residents 574 
resignation 386 
resigned 386 469 564 
resigning 564 
resolution 518 
resolve 458 
resolving 458 
resort 478 
resources 498 504 574 
respond 386 
response 401 428 
responsible 498 542 563 567 
restart 518 
restaurant 532 
restitution 501 
restrict 540 
restrictive 525 
restructuring 422 435 451 505 526 545 550 
restructurining 420 
result 409 417 488 500 505 550 
resulted 458 
results 390 454 544 552 557 568 
resume 402 562 
retail 444 474 503 
retain 525 
retained 526 570 
retaining 472 
retire 454 
retired 468 
retirement 420 473 
retirment 564 
retrieval 424 
return 525 
rev 483 494 
revaluation 454 
revealed 386 
revenes 408 
revenue 437 
revenues 408 409 454 541 552 
reverse 449 
review 393 409 419 436 496 570 
reviewed 500 
revised 393 430 431 432 434 496 
revision 393 463 
revive 386 
revs 388 399 410 449 466 484 490 528 530 534 535 538 539 557 560 569 
rex 547 
rexnard 547 
rexnord 547 
reynolds 510 
rhys 564 
rich 390 
richest 448 
ridgefield 451 
rights 387 448 551 
rinderpest 443 
rise 416 432 444 450 462 489 502 524 549 
rises 432 
rising 432 
risk 443 540 
risks 489 502 567 
risky 540 
rivals 429 496 
river 448 
rjr 510 
rmj 441 
robert 386 
robin 419 
roche 387 
rochester 446 
rogers 481 
role 419 458 
rolled 525 
rome 443 
ron 563 
ronald 386 
rose 390 416 430 432 434 444 450 481 
rospatch 400 424 
rotterdam 518 
round 475 
rounded 515 
routes 504 
rpch 424 
rpt 382 
rtrs.l 476 
rule 540 545 567 
ruled 540 
rules 419 457 500 540 567 
ruling 428 516 526 
run 386 507 
runs 540 
rutherford 472 
rye 493 
s-k-i 483 
s/p 540 
sa 435 497 505 550 
sachs 382 479 
sacrificing 417 
saddle 531 
safety 500 
salaam 428 
salaries 462 
sald 549 
sale 386 390 403 435 441 473 484 490 498 501 505 550 551 553 563 
saleable 437 
sales 382 386 399 420 422 435 438 439 454 456 467 501 524 533 572 573 
salomon 382 401 479 
sam 386 
samples 477 
samsung 438 
samsung-co 438 
samuel 453 
san 506 508 509 512 513 514 529 574 
sandy 419 
santa 478 
sarasota 482 
satellite 493 503 
satisfactory 428 436 
satisfied 428 
saturday 413 458 
savannah 482 
save 525 
savings 452 
sb 401 
scale 490 
scales 474 
scandal 386 
scathing 386 
schade 540 
schantz 469 
schanz 469 
schedule 491 495 
scheduled 454 497 568 
scope 525 
scored 481 
screens 526 
sdc 388 409 
se 385 487 
seaforth 486 
seaq 526 
search 419 
season 395 501 
seasonally 432 434 
seasons 478 
sec 496 545 563 570 
secondary 468 
secret 496 
secretary 386 417 419 458 462 
section 448 
sector 432 518 561 566 
sectors 470 
secure 412 
secured 382 454 
securites 479 
securities 382 403 414 421 441 475 479 481 485 492 496 514 522 545 563 570 574 577 
security 386 
securties 545 
seek 429 462 545 
seeking 545 570 
sees 390 552 
seibel 505 550 
selected 515 
selikoff 457 
sell 435 441 473 499 532 549 551 553 
selling 414 421 453 515 545 563 
sells 527 553 
semi 506 
semi-annual 470 574 
sen 386 
senate 386 
senator 386 
senior 389 393 510 540 553 564 
seoul 438 439 
separate 419 482 496 
sept 484 
september 402 562 567 
series 463 487 500 
serum 477 
serve 401 446 482 
served 469 
service 419 471 476 482 493 498 
services 386 407 408 409 437 482 493 515 531 561 566 
servicing 419 
session 411 
set 438 439 442 454 485 496 501 518 562 
sets 403 405 407 468 509 517 519 521 523 529 536 546 554 571 576 
settled 462 
settlement 475 490 
settlements 567 
severely 429 
shade 467 
shaken 386 
share 386 389 390 391 393 401 405 407 408 419 422 424 425 440 442 448 449 454 480 481 485 494 496 526 530 541 545 547 558 562 577 
shareholder 448 473 570 
shareholders 393 401 408 442 496 545 551 577 
shares 387 391 393 401 408 418 420 424 435 448 452 473 480 481 496 537 545 547 548 551 558 559 570 574 576 577 
sharp 489 502 
sharply 419 481 549 
shearson 382 492 
shed 525 
sheet 463 
shelf 479 
shell 459 
shilling 428 
ship 469 518 
shipment 556 
shipping 467 
shoe 560 
shop 422 
short 417 454 479 488 
shortage 411 
shot 386 
showing 457 
shp 422 
shr 388 392 399 410 420 422 449 455 456 466 483 484 490 494 528 530 533 534 535 538 539 557 560 569 572 573 
shrs 399 422 449 456 530 534 557 569 573 
shy 525 
sickness 457 
sight 416 
sigler 564 
signal 411 
signed 413 429 437 477 496 503 507 527 556 565 
significantly 420 
signs 503 
silver 488 
similar 382 443 516 
simplified 477 
single 382 448 487 564 
skii 483 
slapped 516 
sleeper 488 
slight 553 
slightly 386 562 
slimming-down 525 
slot 385 
slots 385 
slow 563 
smal.0 432 
small 505 550 
smallest 432 500 
smell 386 
smith 496 
sne.t 523 
so-called 382 
social 518 525 
society 393 
soft 395 472 501 
software 463 487 
sold 382 394 435 475 503 510 563 570 
sole 577 
solution 419 
somerville 558 
sons 559 
sony 523 
sought 462 
sounder 419 
sources 412 419 454 458 501 525 540 
south 389 429 462 
south-africa 462 
south-korea 429 438 439 
southeast 532 
southern 542 
southwestern 553 
sowell 570 
soybean 417 
spa 497 561 566 
spain 497 501 
spanish 497 
special 393 401 442 496 500 501 515 540 562 
specialty 499 504 
specific 390 448 477 507 562 
speculate 402 
spelled 507 
spend 478 
spending 430 434 
spent 419 
split 390 396 404 449 480 537 555 571 576 
splits 480 
splitting 480 
spokesman 393 458 465 486 497 518 522 523 
spokeswoman 561 566 
spy 386 
square 467 
stability 390 
staff 386 563 
staffer 397 
staffs 397 
stake 448 496 545 547 561 566 570 
stakes 418 448 
stamford 408 
standard 382 540 551 
stansbury 437 
start 420 482 
started 419 428 518 
starting 446 458 462 468 518 
starts 387 482 
state 444 448 574 
statement 428 443 525 541 567 577 
statements 563 
states 393 429 489 502 
statistics 444 450 
status 386 
stay 419 
stb 437 532 
stby 437 
steel 435 499 525 
steelmakers 525 
steels 499 
steels-europe 499 
steinfeld 532 
step-up 414 421 
steps 570 
sterling 436 453 
stg 411 445 453 460 523 
stimulate 390 
sto 480 
stock 390 391 393 394 396 398 404 406 408 424 445 447 452 460 464 480 496 520 526 537 540 545 555 565 571 576 577 
stockholders 452 
stocks 574 
stone 480 
stop 422 
stopped 568 
storage 385 
store 422 446 
stores 451 503 555 
strategic 489 502 
strategy 386 
strb 456 
street 386 
stressed 545 
strike 397 486 
strikes 397 518 
strip 435 
stripped 492 
strober 456 
strong 390 
strongly 502 
struck 397 
structure 419 564 
struggle 462 
studies 489 502 
study 489 502 
studying 540 
subidiary 507 
subject 408 424 436 473 525 547 551 576 
submit 540 
submitted 386 428 496 524 540 
subordinated 391 496 568 
subscriber 476 
subscriptions 415 427 
subsidiary 391 408 426 474 496 507 544 549 553 
subsidies 516 
subsidy 518 
substantial 390 441 458 
substantially 397 435 549 
substantive 419 
succeed 386 
success 562 
successful 387 
successfully 564 
successive 434 
suggested 471 
suggestions 540 
suit 385 490 
suitable 567 
sum 389 
summer 487 564 
sumner 496 
sunnyvale 384 
superior 457 
supermarkets 549 
supply 417 475 522 556 563 
support 386 458 481 525 
supposed 525 
surface 448 
surge 390 419 
surgery 472 
surging 429 
surplus 419 
surrendering 391 
susceptible 443 
suspected 540 
suspended 419 458 
suspension 419 458 
swap 416 492 
sweden 474 
sweet 543 
sweeten 496 
sweetened 496 545 
swiss 394 415 416 427 468 
switch 525 
switzerland 394 415 416 419 427 458 468 501 545 
sydney 388 409 
syndicate 382 496 
syndicated 386 
system 402 411 446 463 475 503 507 522 525 526 540 556 562 563 567 
systems 385 400 424 463 474 527 556 567 
szekely 386 
t-bill 433 
tabak 401 
table 397 419 
tabled 518 562 
tahlequah 467 
taipei 429 
taiwan 429 
takeover 496 545 570 
takes 462 
taking 460 564 
talk 419 
talking 419 458 
talks 402 458 462 486 497 518 525 545 562 
tampa 423 517 521 
tanzania 428 
tap 460 
target 438 439 
targeted 561 566 
tarxien 473 
task 386 
tattered 386 
tax 449 468 475 490 569 573 
tax-free 408 437 508 512 513 
taxes 574 
tck 556 
tec 556 
techical 532 
technical 532 
techniques 488 489 502 
technologies 405 472 
technology 384 424 477 504 
telcom 551 
telecommunications 493 524 
teleconferencing 493 
telegraph 524 
telephone 468 524 527 563 
telephones 527 
telephonics 527 
teles 448 
telesis 527 
television 386 523 551 
temple 481 
temporary 397 475 522 
ten 516 
tender 401 424 496 547 558 570 
tendered 547 559 
tenders 559 
tentatively 408 
term 389 419 454 479 
terminal 556 
terminate 397 
terminated 384 563 
terms 403 454 467 478 507 527 556 565 
tessile 561 566 
test 477 
testify 386 
tex 482 
texas 386 482 543 570 573 
textile 429 
textiles 561 566 
tha 457 
theater 496 
theft 384 
thhe 488 
third-quarter 432 
thirds 576 
thomasville 406 
thought 386 
thousand 565 
threaten 458 
threatened 386 
three-for-two 537 555 
three-year 523 
thursday 428 486 501 518 561 566 
tic 435 
tighten 540 
tightening 540 
time 402 462 479 537 545 563 567 
times 504 525 563 
tin 481 
tissue 472 
tne 436 
tnz 536 
tobacco 510 
today 386 393 411 419 435 458 485 486 496 497 518 552 562 
tokyo 524 
told 390 419 458 462 497 504 563 570 
tomorrow 442 
ton 448 488 
tonight 518 
tonne 501 
tonnes 395 501 525 
tons 488 
top 386 493 
top-flight 382 
toronto 410 448 466 473 478 
total 390 411 434 501 523 524 544 545 
totaled 408 
totals 382 
tour 458 
tower 386 
towns 444 
tracks 491 495 
trade 386 419 429 491 495 501 540 567 
traded 425 475 526 
trader 540 567 
traders 481 501 540 
trades 567 
trading 382 522 526 540 567 
traditional 562 
traffic 401 493 
tranche 460 
transaction 401 424 441 447 
transactions 448 473 551 567 
transfer 389 493 553 
transfers 505 550 
transmitted 493 
transport 518 
tranzonic 536 
travel 419 
travelers 435 
travelling 458 
trays 549 
treasurer 469 
treasuries 382 
treasury 382 386 448 458 475 540 
treatable 488 
treated 419 
treviso 561 566 
trip 458 
trouble 386 
truck 471 
trucks 382 471 491 495 
truckstops 471 
trunkline 544 
trust 382 470 476 559 577 578 
tues 399 
tuesday 399 
turkey 444 
turkish 444 
turnover 389 
tv 523 
tvx 418 448 
two-for-one 404 576 
two-thirds 408 
two-year 475 527 
type= 383 392 396 398 400 417 418 430 431 433 440 445 455 459 511 519 571 
typical 540 
u.k 411 419 458 
u.k. 411 419 486 523 561 566 
u.s 430 431 432 434 448 454 474 491 495 503 516 522 573 574 
u.s. 382 386 389 394 413 419 425 426 429 441 454 458 475 478 485 489 500 501 502 514 516 543 549 574 
u.s.-made 499 
ucl 471 543 
ucu 498 
uht 578 
uis 554 
uk 389 402 411 414 419 421 453 458 460 476 485 486 504 523 526 562 
unable 454 
unchanged 395 501 
underlying 492 
understandings 545 
understated 563 
understood 419 
undertook 525 
underway 409 465 
underwrite 496 
underwriters 382 394 479 
underwriting 414 421 453 496 
undisclosed 412 467 478 
undivided 382 
unfair 429 
union 394 397 415 427 462 468 504 518 543 
unions 397 414 421 486 
unisys 554 
unit 382 391 424 432 441 453 457 472 473 474 499 503 510 515 527 543 549 553 561 564 566 
united 393 429 489 498 502 
units 505 550 565 
universal 578 
unlike 382 487 
unocal 471 543 
unproc 417 
unprofitable 409 
unsolicited 436 
untapped 460 
unusual 490 
unveiled 463 487 
unveils 463 
unwillingness 562 
upcoming 382 462 
ups 404 
upward 475 
urbana 532 
urge 443 
urges 489 502 
usda 417 
user 487 
users 385 446 463 
usual 391 462 
utah 437 
utilicorp 498 
utilities 529 
utility 498 
va. 461 
vaccinate 443 
valley 533 
valued 426 496 551 
vancouver 388 409 
varied 562 
vboice 493 
vehicle 382 
vehicles 450 515 
vein 448 
venture 472 561 566 
ventures 504 
verdict 457 
vermiculite 437 
version 463 
versus 388 
viacom 383 393 496 
vice 384 386 540 
vice-president 505 550 
vice-presidents 564 
victim 386 
victims 386 
video 493 
view 419 458 
views 390 
village 426 
violations 500 
viral 477 
virginia 498 
virtually 419 
visa 382 505 550 
visit 419 458 
visited 458 
vital 570 
vms 478 
voice 446 493 
volatile 567 
volcker 458 
volume 425 
volumes 425 
voluntary 525 
volvo 382 
vote 386 442 540 
voted 404 555 
votes 396 404 555 
vt. 483 
vying 496 
waf 408 
wage 462 
wages 462 
waivers 568 
wales 523 
walked 486 518 
wall 386 
walter 423 521 
war 496 
warburg 414 421 
ward 491 495 
warfare 424 
warrant 485 
warrants 437 565 
warwick 449 
washington 386 397 417 419 429 432 434 458 482 489 492 496 500 502 516 545 563 570 
waste 396 404 406 
water 406 472 
wedge 545 
wednesday 460 540 
week 382 386 419 429 451 458 496 516 540 545 564 570 
weekend 386 
weekly 501 
weeks 465 518 
wellington 425 
wells 469 
welsh 523 
west 419 498 499 505 543 550 558 
west-germany 458 505 550 558 
western 389 564 
wheat 395 425 501 
white 386 494 
whittaker 392 420 435 
whittar 435 
wholesale 414 421 544 
wholly 424 473 
widely 562 
widely-popular 540 
wider 523 
wil 412 
william 386 469 
wilmington 507 
wilton 535 
wimi 449 
winnemucca 488 
winnipeg 403 465 
winston-salem 510 
wis. 557 569 
wishing 411 
withdraw 518 
withdrawal 387 
wkr 420 435 
wmx 404 
wo 568 
wolff 540 
won 386 438 439 
wood 403 424 
wool 425 
work 437 567 570 
worked 402 
workers 462 486 
workforce 518 523 
working 525 
works 442 
world 408 419 443 500 549 
worldbank 419 
worldwide 477 505 510 550 556 
worse 429 
worth 394 419 504 
wppss 563 
wrecked 386 
wright 437 
writeoff 490 
writers 397 
wtc 398 408 
xerox 446 
xrx 446 
year-earlier 409 435 
year-end 437 
yearly 450 
years 382 386 414 419 421 441 443 479 489 502 523 525 549 
yemen 443 
yemen-arab-republic 443 
yemen-demo-republic 443 
yen 414 421 485 524 
yield 382 
york 387 393 397 401 436 437 441 456 469 475 481 482 504 513 520 522 546 547 549 559 
young 382 
zapata 568 
zealand 425 
zos 568 
zurich 394 415 416 427 468 
