've 8097 8106 
****** 8002 8011 
-4 8036 
-4th 8001 8056 
-adopts-r 8023 
-bonn-reach-ac 8082 
-ecol 8010 
-g 8037 
-gets-109 8018 
-half 8048 
-hong-kong-firm 8067 
-iri 8087 
-ja 8106 
-latin-nations-d 8077 
-revises-1 8022 
-se 8012 
-sees 8050 8051 
-unit 8035 
-unit-file 8014 
-yea 8030 
/author 8009 8024 8029 8041 8044 8055 8069 8074 8076 8077 8080 8095 8098 8099 8107 
0.125 8004 
0.2 8103 
0.250 8004 
0.3 8098 8103 
0.375 8004 
0.500 8004 
0.563 8004 
0.7 8098 
0.875 8004 
0.9 8103 
0010 8002 
0011 8011 
0024 8016 8028 
0037 8007 8025 
0038 8048 
0042 8005 
0046 8056 
0050 8026 
0051 8018 
0056 8001 8017 8030 
0058 8047 
0059 8037 
0061 8019 
0063 8043 
0064 8013 8042 
0065 8010 
0067 8027 
0069 8050 8051 
0070 8087 
0073 8012 8036 
0074 8104 
0078 8031 8058 8078 
0080 8093 
0083 8057 8060 8074 
0085 8034 
0086 8073 8079 
0087 8089 
0089 8022 
0090 8014 
0091 8052 8071 
0093 8032 8045 
0094 8072 8075 8095 
0095 8082 8102 
0096 8094 
0097 8033 8088 
0099 8040 
00:00:04.61 8074 
00:08:58.41 8075 
00:18:26.64 8076 
00:32:49.57 8077 
00:49:21.32 8060 
00:53:12.64 8078 
0100 8098 
0101 8085 8097 
0102 8024 8077 8080 8092 
0103 8054 8069 8081 8107 
0104 8015 8023 8067 8099 
0105 8083 
0106 8006 8020 8038 8044 8061 8066 8068 8086 
0107 8021 8041 8076 
0108 8055 8090 8091 8105 
0110 8046 8049 8059 
0112 8053 8096 8100 8103 
0113 8084 8101 8106 
0114 8062 8063 8064 
0116 8035 8039 
0117 8008 
0118 8065 
0122 8070 
0124 8003 
0130 8004 8009 
0138 8029 
01:06:32.02 8079 
01:18:07.74 8080 
01:32:43.80 8081 
01:35:23.86 8082 
01:42:45.23 8083 
01:46:41.28 8084 
01:49:17.41 8085 
01:57:16.27 8086 
02:08:39.84 8087 
03-20 8001 8002 8003 8004 8005 8006 8007 8008 8009 8010 8011 8012 8013 8014 8015 8016 8017 8018 8019 8020 8021 8022 8023 8024 8025 8026 8027 8028 8029 8030 8031 8032 8033 8034 8035 8036 8037 8038 8039 8040 8041 8042 8043 8044 8045 8046 8047 8048 8049 8050 8051 8052 8053 8054 8055 8056 8057 8058 8059 
03-21 8060 8061 8062 8063 8064 8065 8066 8067 8068 8069 8070 8071 8072 8073 8074 
03-22 8075 8076 8077 8078 8079 8080 8081 8082 8083 8084 8085 8086 8087 8088 8089 8090 8091 8092 8093 8094 8095 8096 8097 8098 8099 8100 8101 8102 8103 8104 8105 8106 8107 
03:03:03.14 8061 
03:46:06.21 8062 
04:11:13.22 8063 
04:45:50.23 8088 
04:52:25.73 8089 
05:06:28.74 8090 
05:12:58.07 8091 
05:54:39.58 8092 
06:07:09.85 8093 
06:16:41.37 8094 
06:31:28.65 8064 
06:34:01.84 8065 
06:42:31.92 8095 
07:29:17.54 8066 
07:54:19.48 8096 
08:18:21.73 8067 
08:26:48.39 8068 
1,000 8004 8006 8015 8062 8065 
1,069,000 8017 
1,094,331 8027 
1,311,188 8057 
1,378,973 8027 
1,413,674 8057 
1,500 8004 8006 
1,637,592 8027 
1,661,023 8027 
1,674,000 8001 
1.1 8004 8026 8056 
1.12 8036 
1.125 8004 
1.25 8057 
1.250 8004 
1.3 8005 
1.30 8033 
1.35 8054 
1.375 8004 
1.4 8056 
1.42 8057 
1.43 8065 
1.438 8004 
1.5 8004 8005 8026 8056 8068 8095 
1.500 8004 
1.54 8065 
1.688 8004 
1.7 8036 
1.750 8004 
1.90 8033 
1.91 8100 
10,000 8004 
10,767 8027 
10-15 8055 
10-year 8035 
10.42 8033 
10.7 8069 
10.9 8017 
101.0 8001 
102,486 8057 
103,368 8090 
109.1 8018 
11-1/2 8035 
11-3/8 8035 
11.5 8094 
112,565 8027 
113.3 8032 
115.2 8054 
117.3 8036 
117.8 8036 
12.6 8096 
12.8 8017 8090 8098 
12.90 8065 
121.1 8005 
125.0 8039 
13,000 8084 
13.1 8032 
13.9 8090 
132,000 8030 
132,105 8090 
13522 8001 
13523 8002 
13524 8003 
13525 8004 
13526 8005 
13527 8006 
13528 8007 
13529 8008 
13530 8009 
13531 8010 
13532 8011 
13533 8012 
13534 8013 
13535 8014 
13536 8015 
13537 8016 
13538 8017 
13539 8018 
13540 8019 
13541 8020 
13542 8021 
13543 8022 
13544 8023 
13545 8024 
13546 8025 
13547 8026 
13548 8027 
13549 8028 
13550 8029 
13551 8030 
13552 8031 
13553 8032 
13554 8033 
13555 8039 
13556 8034 
13557 8035 
13558 8036 
13559 8037 
13560 8038 
13561 8040 
13562 8041 
13563 8042 
13564 8043 
13565 8044 
13566 8045 
13567 8046 
13568 8047 
13569 8048 
13570 8049 
13571 8050 
13572 8051 
13573 8052 
13574 8053 
13575 8054 
13576 8055 
13577 8056 
13578 8057 
13579 8058 
13580 8059 
13581 8060 
13582 8061 
13583 8062 
13584 8063 
13585 8064 
13586 8065 
13587 8066 
13588 8067 
13589 8068 
13590 8069 
13591 8070 
13592 8071 
13593 8072 
13594 8073 
13595 8074 
13596 8075 
13597 8076 
13598 8077 
13599 8078 
13600 8079 
13601 8080 
13602 8081 
13603 8082 
13604 8083 
13605 8084 
13606 8085 
13607 8086 
13608 8087 
13609 8088 
13610 8089 
13611 8090 
13612 8091 
13613 8092 
13614 8093 
13615 8094 
13616 8095 
13617 8096 
13618 8097 
13619 8098 
13620 8099 
13621 8100 
13622 8101 
13623 8102 
13624 8103 
13625 8104 
13626 8105 
13627 8106 
13628 8107 
14.1 8052 
14.41 8015 
14.51 8015 
14.6 8094 
14.61 8015 
140.06 8063 
143.0 8005 
15,000 8015 8045 
15-month 8060 
15.19 8015 
15.24 8015 
15.27 8015 
15.32 8015 
15.37 8015 
15.42 8015 
15.45 8015 
15.46 8015 
15.47 8015 
15.50 8091 
15.51 8015 
15.54 8015 
15.66 8015 
15.71 8015 
15.75 8015 
15.76 8015 
15.79 8015 
15.81 8015 
15.82 8015 
150,000 8060 
151.89 8065 
152.53 8063 
154.82 8063 
157,688 8027 
15th 8054 
16.02 8015 
16.04 8015 
166.4 8056 
169-billion-dlr 8044 
16:54:10.55 8001 
16:57:13.73 8002 
16:57:26.14 8003 
17:00:29.12 8004 
17:00:52.39 8005 
17:01:28.16 8006 
17:06:31.28 8007 
17:06:47.92 8008 
17:07:44.99 8009 
17:07:50.76 8010 
17:10:14.07 8011 
17:12:06.51 8012 
17:12:35.20 8013 
17:15:01.04 8014 
17:16:21.60 8015 
17:20:28.92 8016 
17:20:54.85 8017 
17:21:38.85 8018 
17:23:12.99 8019 
17:26:53.43 8020 
17:27:19.61 8021 
17:27:55.93 8022 
17:29:58.63 8023 
17:32:18.21 8024 
17:39:14.71 8025 
17:40:10.54 8026 
17:41:26.30 8027 
17:43:13.77 8028 
17:44:23.79 8029 
17:45:15.30 8030 
17:45:24.11 8031 
17:50:45.11 8032 
17:51:40.27 8033 
17:54:04.61 8034 
17:55:02.25 8035 
18,000 8068 
183,000 8017 
185,000 8006 
18:00:25.76 8036 
18:01:38.04 8037 
18:01:49.51 8038 
18:06:35.19 8039 
18:07:55.50 8040 
18:11:31.62 8041 
18:14:24.22 8042 
18:16:46.86 8043 
18:19:27.03 8044 
18:20:01.80 8045 
18:25:06.34 8046 
18:26:27.13 8047 
18:39:41.65 8048 
18:41:04.26 8049 
18:41:09.81 8050 
18:41:20.90 8051 
18:44:31.15 8052 
18:48:35.54 8053 
18:49:16.73 8054 
18:50:54.45 8055 
18:51:57.82 8056 
18:57:24.80 8057 
19.22 8032 8039 
19.7 8107 
1930s 8097 
1967 8095 
1968 8069 
1973 8075 
1977 8043 8099 
1979 8060 
198,555 8027 
1980 8055 
1981 8063 8068 8095 
1982 8054 8095 
1983 8075 
1984 8055 8082 
1985 8004 8009 8017 8022 8030 8039 8048 8050 8051 8055 8056 8063 8068 8075 8076 8086 8092 8094 8096 
1986 8001 8003 8004 8009 8011 8012 8017 8022 8030 8033 8037 8039 8041 8044 8046 8054 8055 8063 8070 8083 8086 8087 8090 8094 8096 8107 
1986-87 8009 
1986/87 8003 8069 
1987 8004 8006 8013 8019 8033 8034 8041 8043 8070 8094 
1987-88 8033 
1987/88 8066 
1988 8004 8006 8033 8055 8067 8070 
1989 8004 8012 8018 
1990 8004 8041 
1990-91 8033 
1990s 8082 
1991 8004 8014 
1992 8035 8043 
1993 8021 
1995 8035 8084 
1997 8035 
1999 8014 8035 
19:04:43.39 8097 
19:17:44.82 8058 
19:22:20.02 8098 
19:31:41.47 8059 
19th 8076 
2,000 8015 
2,200 8015 
2,243,377 8027 
2,276,000 8001 
2,300 8009 
2,440,850 8027 
2,500 8015 
2,511 8015 
2,600 8015 
2,679 8015 
2,796,848 8027 
2,800 8015 
2-1/2 8070 
2.10 8041 
2.13 8022 
2.15 8012 
2.20 8033 
2.25 8041 
2.250 8004 
2.28 8022 
2.3 8056 8066 
2.5 8029 8055 
2.500 8004 
2.6 8026 8047 8056 
2.625 8004 
2.64 8069 
2.750 8004 
2.875 8004 
2.9 8056 
20,000 8004 8062 
20-25 8077 
20-mar-1987 8001 8002 8003 8004 8005 8006 8007 8008 8009 8010 8011 8012 8013 8014 8015 8016 8017 8018 8019 8020 8021 8022 8023 8024 8025 8026 8027 8028 8029 8030 8031 8032 8033 8034 8035 8036 8037 8038 8039 8040 8041 8042 8043 8044 8045 8046 8047 8048 8049 8050 8051 8052 8053 8054 8055 8056 8057 8058 8059 
20.4 8010 
200,000 8041 
2000 8042 8080 
201.66 8060 
20:01:10.69 8099 
20:45:26.34 8100 
20:59:25.59 8101 
21-mar-1987 8060 8061 8062 8063 8064 8065 8066 8067 8068 8069 8070 8071 8072 8073 
21.2 8032 8039 
21:30:42.37 8102 
21:36:39.24 8103 
21:47:39.03 8104 
21:57:09.11 8105 
22-mar-1987 8074 8075 8076 8077 8078 8079 8080 8081 8082 8083 8084 8085 8086 8087 8088 8089 8090 8091 8092 8093 8094 8095 8096 8097 8098 8099 8100 8101 8102 8103 8104 8105 8106 8107 
22.5 8032 8039 
22.6 8008 
227,000 8045 
22:08:54.94 8106 
22:16:55.97 8107 
23,000 8055 
23.0 8030 
2333-point 8024 
23:13:52.25 8069 
23:28:35.08 8070 
23:34:03.53 8071 
23:36:45.29 8072 
23:51:41.93 8073 
24.4 8001 
248.5 8100 
25.2 8030 
257,000 8056 
26.1 8020 
26.49 8063 
27.2 8049 
27.8 8092 
276.4 8032 8039 
28.5 8026 8056 
28.9 8026 
288,000 8020 
297.50 8024 
298.17 8024 
2nd 8026 8027 8047 
3,000 8004 8015 8068 
3,096,000 8001 
3,100 8015 
3,315,654 8027 
3,369 8087 
3,750 8087 
3.000 8004 
3.1 8096 
3.26 8041 
3.28 8065 
3.3 8056 
3.30 8033 
3.375 8004 
3.4 8047 
3.500 8004 
3.60 8033 
3.7 8026 8052 
3.750 8004 
3.8 8085 8091 
3.90 8032 8039 
30,000 8068 8081 
30.5 8073 
30.8 8090 
300,000 8060 
301,400 8086 
31.8 8036 
316.7 8022 
319,000 8036 
32-year-old 8068 
32.6 8001 
33.3 8090 
33.5 8005 
330,000 8045 
332.7 8022 
339,000 8017 
34.40 8063 
34.5 8077 
34.9 8043 
36,000 8033 
36.1 8039 
36.50 8010 
360,000 8060 
362,700 8086 
37.0 8058 
37.6 8009 
371,000 8047 
38.5 8073 
382,000 8017 
394,589 8027 
4,000 8015 
4,464,000 8001 
4,508,000 8001 
4.0 8074 
4.0-billion-dlr 8055 
4.00 8100 
4.1 8005 8069 
4.125 8004 
4.2 8056 
4.313 8004 
4.4 8033 
4.5 8004 
4.500 8004 
4.6 8032 8039 8056 8103 
4.9 8005 
40.3 8056 
40.5 8005 
400,000 8060 
408,000 8030 
41.6 8009 
42.1 8036 
421.8 8010 
43.5 8033 
43.75 8100 
44.0 8048 8050 8051 
45.6 8032 8039 
450,000 8060 
46.5 8033 
466,000 8047 
472,000 8056 
478,000 8047 
48th 8052 
490,000 8047 
49th 8058 
4th 8001 8005 8036 8056 
5,029,000 8001 
5-6 8029 
5.0 8005 8047 
5.000 8004 
5.1 8052 
5.5 8090 8103 
5.500 8004 
5.750 8004 
5.9 8090 
5.97 8107 
50,000 8045 
51.7 8026 
52.5 8026 
53.1 8092 
53.75 8012 
538,654 8092 
54,686 8027 
550,332 8096 
553,000 8045 
58,484 8090 
59-billion-dlr 8044 
6,000 8004 8015 
6-1/16 8098 
6-1/2-year-long 8093 
6-3/4 8034 
6.000 8004 
6.1 8005 
6.2 8047 
6.7 8098 
60-mln-dlr 8055 
61.4 8019 
635,000 8056 
636,000 8030 
64,967 8090 
65.0 8048 8050 8051 
66.4 8008 
67.0 8039 
67.9 8013 
685,000 8047 
69.65 8091 
7,000 8015 8068 
7.1 8020 
7.25 8098 
7.7 8090 
7.75 8098 
700,000 8034 
700-acre 8089 
725.92 8065 
76.9 8001 
780,000 8036 
8,000 8036 
8,110 8015 
8-1/2 8042 
8.18 8063 
8.2 8092 
8.3 8092 
8.6 8090 
8.63 8033 
8001 8001 
8002 8002 
8003 8003 
8004 8004 
8005 8005 
8006 8006 
8007 8007 
8008 8008 
8009 8009 
8010 8010 
8011 8011 
8012 8012 
8013 8013 
8014 8014 
8015 8015 
8016 8016 
8017 8017 
8018 8018 
8019 8019 
8020 8020 
8021 8021 
8022 8022 
8023 8023 
8024 8024 
8025 8025 
8026 8026 
8027 8027 
8028 8028 
8029 8029 
8030 8030 
8031 8031 
8032 8032 
8033 8033 
8034 8034 
8035 8035 
8036 8036 
8037 8037 
8038 8038 
8039 8039 
8040 8040 
8041 8041 
8042 8042 
8043 8043 
8044 8044 
8045 8045 
8046 8046 
8047 8047 
8048 8048 
8049 8049 
8050 8050 
8051 8051 
8052 8052 
8053 8053 
8054 8054 
8055 8055 
8056 8056 
8057 8057 
8058 8058 
8059 8059 
8060 8060 
8061 8061 
8062 8062 
8063 8063 
8064 8064 
8065 8065 
8066 8066 
8067 8067 
8068 8068 
8069 8069 
8070 8070 
8071 8071 
8072 8072 
8073 8073 
8074 8074 
8075 8075 
8076 8076 
8077 8077 
8078 8078 
8079 8079 
8080 8080 
8081 8081 
8082 8082 
8083 8083 
8084 8084 
8085 8085 
8086 8086 
8087 8087 
8088 8088 
8089 8089 
8090 8090 
8091 8091 
8092 8092 
8093 8093 
8094 8094 
8095 8095 
8096 8096 
8097 8097 
8098 8098 
8099 8099 
8100 8100 
8101 8101 
8102 8102 
8103 8103 
8104 8104 
8105 8105 
8106 8106 
8107 8107 
820,000 8045 
85.4 8032 
876,000 8036 
9-10 8009 
9.25 8021 
9.27 8098 
9.4 8049 
9.9 8052 
90,000 8015 
911,000 8036 
94.6 8056 
96,573 8027 
96.03 8100 
99.9 8009 
994,000 8030 
994,545 8057 
`` 8004 8008 8009 8024 8029 8038 8041 8044 8053 8059 8060 8062 8064 8066 8069 8072 8074 8075 8076 8077 8079 8080 8082 8085 8086 8088 8091 8093 8095 8097 8098 8099 8101 8102 8106 8107 
a-2 8021 
abandoned 8022 8060 
abate 8061 
abdul 8096 
ability 8082 
aboard 8031 
abroad 8076 
absence 8098 
abu 8088 
abundant 8055 
abuses 8095 8099 
accentuate 8008 
accepted 8024 
accepting 8079 
access 8044 
accompanied 8095 
accompanying 8004 
accomplished 8054 
accord 8055 8060 8082 8105 
account 8069 
accounted 8055 
accounting 8060 
accounts 8024 8099 
accruable 8056 
accrued 8043 
achieve 8029 
achmad 8084 
acid 8029 
acknowledged 8093 
acq 8002 8010 8020 8021 8023 8040 8085 8091 8100 
acquire 8091 
acquired 8020 
acquires 8023 
acquisition 8021 8100 
acres 8006 8061 
act 8004 8074 
acted 8029 
action 8008 8037 8044 8101 
actions 8029 8098 
active 8024 
activities 8079 
activity 8024 8076 8098 
adapted 8003 
add 8086 
added 8024 8029 8035 8061 8064 8067 8070 8080 8082 8086 8088 8091 8099 8106 
adding 8024 8074 8091 8094 8098 
addition 8033 8041 8060 
additional 8022 8038 8060 8075 8096 
address 8029 8097 
addressing 8071 
adelaide 8100 
adequate 8101 
adequately 8029 
adjust 8097 
adjusted 8060 
adjustment 8008 8055 8074 
adjustments 8069 
administration 8004 8044 8077 
administrative 8079 
admit 8088 
adnan 8096 
adobe 8050 8051 
adopted 8004 8023 8060 
adopts 8023 
advance 8024 8029 8052 
advanced 8063 
advantage 8004 8099 
adverse 8004 
advice 8053 
adviser 8065 8075 
advisers 8075 
advisory 8044 8049 
aegis 8019 
aerospace 8018 
aerospatiale 8082 
affairs 8029 
affect 8061 8086 
affected 8061 
affects 8021 
affiliate 8032 8039 
afford 8099 
africa 8003 8074 
ag 8101 
aga 8041 
agencies 8055 8075 
agency 8066 8067 8084 8107 
agent 8085 8091 
agents 8095 8099 
aggravated 8064 
aggregate 8068 
aggressive 8008 
ago 8008 8031 8041 8076 8106 
agree 8075 
agreed 8008 8041 8044 8055 8060 8065 8069 8077 8078 8081 8082 8095 8098 
agreement 8002 8009 8010 8022 8029 8031 8036 8044 8046 8049 8055 8060 8067 8075 8077 8080 8082 8102 8105 8106 
agreements 8060 
agrees 8038 
agricultural 8080 8085 
agriculture 8003 8004 8033 8074 
agronomist 8008 
ahead 8073 8077 8098 8107 
ahmed 8060 
aid 8003 
aide 8053 
aim 8079 8080 8101 
aimed 8024 8105 
aims 8099 
air 8035 
aircraft 8018 
aired 8097 
airline 8087 8094 
airliner 8095 
airlines 8035 
airplances 8054 
airport 8069 8106 
al-azzawi 8096 
al-ittihad 8088 
alberta 8032 8033 8039 
alejandro 8105 
alexandria 8030 
alice 8100 
alitalia 8087 8094 
allegations 8099 
alleged 8044 8095 
alleging 8037 
alleviate 8061 
alliance 8073 8083 
allies 8076 
allocation 8074 
allowed 8004 8074 8099 
allowing 8096 
am-arms-kampelman 8053 
am-trade 8029 
am-trade-computers 8044 
amadeus 8100 
amato 8076 
ambassador 8095 
ambitious 8074 
america 8003 8055 8075 8094 8101 
american 8021 8040 8041 8058 8077 8080 8094 8105 
amman 8096 
amo 8021 
amount 8004 8008 8015 8055 8060 8076 
amounting 8039 8060 8098 
amounts 8075 
amusement 8081 
analysis 8041 
analyst 8008 8024 
analysts 8008 8024 8041 8069 8074 8076 8099 
analyzed 8024 
anarchist 8076 
ancillary 8059 
andre 8082 
andreas 8099 
andres 8091 
angeles 8015 8094 
announced 8010 8029 8033 8065 8074 8076 8087 8094 
announcement 8079 
announces 8023 
annual 8012 8029 8070 8075 8077 8083 8087 8107 
anonymity 8099 
answer 8003 8106 
antara 8084 
antelo 8062 
anticipate 8021 
apparent 8075 8077 
apparently 8024 
appeared 8041 8069 8096 
appearing 8059 
appears 8049 
appetite 8098 
applied 8044 
applying 8074 
appointed 8079 
appreciation 8063 8070 
approach 8097 8098 
approached 8091 
approval 8029 
approve 8072 8077 
approved 8022 8023 8040 
april 8006 8007 8009 8015 8016 8021 8025 8028 8029 8033 8043 8065 8069 8074 8087 8092 8098 
aquino 8085 8091 
arab 8088 
arabia 8088 8095 
arabians 8095 
arbitrage 8020 8024 
arc 8015 
archipelago 8084 
architect 8076 
architectural 8013 
area 8046 8096 
areas 8041 8059 8061 8069 8098 8100 
argentina 8055 
argue 8076 
ariadne 8085 8091 
arifin 8069 
arizona 8044 
armed 8082 
arms 8053 8082 8095 
arms-for-iran 8099 
army 8107 
arraf 8009 
arrangement 8040 
arranging 8091 
arre 8068 
arrested 8068 
arrival 8069 
arriving 8105 
arrogant 8095 
artificially 8004 
asean 8086 
asia 8003 8069 
asian 8069 8086 
asked 8044 8060 8077 8095 8096 8106 
asset 8039 
assets 8052 8054 8058 8085 8096 
assigned 8035 
assistant 8053 
associate 8085 8100 
association 8009 8038 8041 8054 8071 8072 8086 8101 
asssistant 8024 
assumed 8042 8052 8095 
assumes 8042 
assuming 8041 
atlantic 8015 
attack 8053 8076 
attacks 8093 
attainable 8070 
attempt 8023 8075 
attempted 8023 
attended 8080 8105 
attending 8075 8076 
attention 8038 
attract 8055 
attracting 8024 
attractive 8055 
attractiveness 8098 
attributed 8063 
auction 8074 8098 
auctions 8074 8098 
august 8055 
auspices 8060 
auspicious 8098 
australia 8085 8091 8100 
australian 8085 8091 8098 8106 
author 8009 8024 8029 8041 8044 8055 8069 8074 8076 8077 8080 8095 8098 8099 8107 
authorities 8054 8058 8098 
authority 8009 8029 8077 
authorized 8022 
automatically 8060 
availability 8041 
avenue 8059 
average 8008 8024 8041 8057 8060 8092 
averages 8024 8060 
avert 8008 8080 8106 
avg 8001 8005 8027 
avoid 8059 8069 
avoiding 8076 
awarded 8013 8015 8018 8019 
axp 8040 
azpi.mi 8087 8094 
b-2 8035 
b-form 8099 
b2-p 8031 
back 8055 8068 8098 8101 
backdrop 8098 
backed 8073 
badly 8009 
baghdad 8093 8096 
bahrain 8088 
baker 8072 8077 8097 
bakunin 8076 
balance 8069 8076 8096 
balanced 8033 
balances 8104 
baldrige 8044 
bali 8031 
banco 8076 
bank 8035 8038 8049 8052 8054 8055 8058 8064 8067 8069 8074 8075 8077 8079 8081 8085 8086 8091 8095 8096 8099 8101 8103 8104 
bank-funded 8069 
banker 8049 8055 8101 
bankers 8041 8055 8063 8074 8099 8103 
banking 8052 8055 8079 8080 8096 8099 8101 
bankrupt 8068 
bankruptcy 8046 8068 
banks 8052 8055 8067 8074 8075 8076 8077 8083 8096 8098 8099 8101 8103 
barbecue 8076 
barber 8038 8069 
barney 8024 8035 8098 
barrel 8041 8095 
barrels 8015 8041 
barriers 8097 8106 
bars 8068 
barter 8045 
barwon 8085 8091 
base 8022 8063 8100 8101 
based 8004 8010 8021 8044 8057 8091 8098 8100 
basic 8033 8105 
basin 8100 
basins 8041 8100 
basis 8055 8076 
basra 8093 
battles 8093 
bayonet 8068 
bbl 8015 
bc-******chemlawn-corp 8002 
bc-******lilco-revises-1 8011 
bc-/u.s.-sugar-program-c 8004 
bc-alberta-budget-sets 8033 
bc-alitalia-reports-high 8094 
bc-alitalia-spa- 8087 
bc-american-express- 8040 
bc-australian-offer-for 8085 
bc-australian-plans-phil 8091 
bc-baker-denies-dollar-t 8097 
bc-bids-awarded-for-elk 8015 
bc-bolivia-prepares-for 8055 
bc-bolivian-police-dispe 8062 
bc-calabrian-bank-taken 8079 
bc-chemlawn- 8010 
bc-china 8067 
bc-chrysler-credit-canad 8021 
bc-coffee-conference-end 8105 
bc-conable-says-brazil-d 8038 
bc-cyclops 8020 
bc-dallas-based-thrift-c 8054 
bc-debt-solution-require 8101 
bc-delta- 8031 
bc-drought-ravages-chine 8061 
bc-eastgroup-properties 8025 
bc-eastpark-realty-trust 8028 
bc-economist-calls-brazi 8075 
bc-essex-corp- 8030 
bc-explosion-at-bp-oil-r 8089 
bc-falcon-cable- 8012 
bc-fdic-says-indiana-ban 8052 
bc-foreign-share-of-germ 8090 
bc-former-gold-firm-exec 8068 
bc-france 8082 
bc-france-to-sign-disney 8081 
bc-gantos-inc- 8001 
bc-gatt-success-will-tak 8102 
bc-general-dynamics- 8013 
bc-german-economy-seen-g 8070 
bc-grumman- 8018 
bc-guest-supply- 8037 
bc-hong-kong-land- 8065 
bc-hussein-says-iran's-y 8093 
bc-indonesia-protests-ag 8086 
bc-indonesia-will-need-n 8084 
bc-japan-long-term-prime 8103 
bc-ldc-food-aid-needs-de 8003 
bc-lilco- 8022 
bc-little-effect-seen-fr 8008 
bc-louisiana-land- 8042 
bc-macmillan-bloedel-to 8043 
bc-main-features-of-new 8060 
bc-malawi-introduces-new 8066 
bc-marcom-telecommunicat 8027 
bc-minorco- 8048 8050 8051 
bc-montgomery-street-inc 8016 
bc-morton-thiokol- 8019 
bc-multi-media-sees-year 8045 
bc-national-hmo-corp- 8047 
bc-natural-gas-seen-reca 8041 
bc-neoax-inc- 8056 
bc-next-world-trade-nego 8080 
bc-nigeria-changes-aucti 8074 
bc-no-zimbabwe-dollar-de 8064 
bc-oink 8005 
bc-pacific-stock-exchang 8057 
bc-philippine-debt-talks 8049 
bc-poll-puts-british-all 8073 
bc-premier-says-yugoslav 8107 
bc-rafidain-bank's-jorda 8096 
bc-raimond-expects-ec-gu 8088 
bc-reserve-bank-cancels 8104 
bc-rogers- 8023 
bc-rostenkowski-question 8071 
bc-rostenkowski-says-tax 8072 
bc-santos-bids-for-oil-a 8100 
bc-sarney-meets-brazil-b 8076 
bc-saudi-arabia's-king-f 8095 
bc-seaway 8009 
bc-sec's-shad-sees-widen 8059 
bc-sonat- 8014 
bc-spain-gives-cuba-25-m 8078 
bc-stanwood-corp- 8036 
bc-sullivan-mines-inc 8017 
bc-sulpetro 8032 
bc-sulpetro-loss-due-to 8039 
bc-sunbelt-nursery-group 8026 
bc-swiss-bankers-plannin 8099 
bc-taiwan-industrial-out 8063 
bc-texas-air- 8035 
bc-texas-instruments- 8006 
bc-u.s. 8077 
bc-u.s.-credit-market-ou 8098 
bc-u.s.-says-state-regul 8058 
bc-vms-mortgage-lp- 8007 
bc-wall-street-survives 8024 
bc-wieboldt's-to-close-e 8046 
bc-wisconsin-electric- 8034 
bc-workers-at-spanish-gm 8092 
bc-world-bank-likely-to 8069 
bc-yeutter-sees-u.s. 8106 
bc-yugoslav-banks-mishan 8083 
beach 8027 8054 
beacon 8015 
beet 8004 
began 8034 8062 8074 
begin 8006 8033 
beginning 8004 8008 8074 8098 
begins 8006 8095 8098 
begun 8098 8106 
behalf 8073 8091 
belgrade 8083 8107 
believed 8038 8075 8091 
believes 8098 
bellies 8008 
belly 8008 
benefit 8074 
benefits 8009 8022 8080 
bernard 8080 
bid 8074 8100 
bidders 8015 
bidding 8074 
bids 8015 8100 
big 8088 8098 
bigger 8061 
biggest 8069 8076 8095 8101 
biggest-ever 8095 
bilateral 8029 8055 8106 
bill 8004 8072 8098 8104 
billion 8004 8029 8033 8041 8049 8054 8055 8067 8068 8069 8072 8075 8076 8077 8081 8083 8085 8087 8091 8094 8095 8098 8106 8107 
billions 8105 
bit 8098 
bizarre 8076 
black 8055 8074 
blah 8002 8011 
blair 8009 
blamed 8063 
block 8085 8091 8098 8100 
blocked 8062 
blocking 8062 
bloedel 8043 
blood 8093 
bloodstained 8068 
blue-print 8074 
board 8022 8023 8040 8054 8066 8077 8098 8101 
boat 8013 
boats 8078 
bob 8044 
boca 8071 8072 
bodenmann 8099 
bodies 8066 8079 8106 
bogged 8106 
bolivia 8055 8062 
bolivian 8055 8062 
bomb 8095 
bond 8021 8098 
bonn 8082 
books 8038 
boost 8066 8069 
boosted 8083 
boosting 8074 
borba 8083 
border 8066 
borrow 8067 
borrowing 8060 8077 
boston 8094 
bought 8020 8024 8029 8054 
bounced 8098 
boxleigh 8100 
bp 8089 
bpd 8015 
brake 8074 
branch 8009 8068 8091 8096 
branches 8066 8096 
branko 8083 8107 
brasil 8076 
braverman 8098 
brazil 8038 8055 8075 8076 8077 8101 8105 8107 
brazilian 8038 8076 8105 
brazilians 8038 
breakthrough 8093 
breathe 8098 
brewer 8085 
brewery 8091 
brewing 8085 8091 
brian 8029 
bridge 8069 
bring 8064 8101 8105 
bringing 8052 
brink 8106 
brisbane 8100 
britain 8071 8073 8085 8095 8100 
british 8043 8073 8089 8095 8098 
broad 8082 8097 8101 
broadcasting 8038 
broaden 8059 
broadly 8100 
broken 8083 8095 
broker 8091 
brokerage 8059 
brokered 8054 
brook 8010 
brothers 8040 8098 
brought 8041 8060 8072 8096 
bruce 8085 8091 
brunswick 8037 
btu 8041 
budget 8033 8066 8072 8085 8091 
buffer 8060 
build 8041 8082 
building 8006 
built 8022 8081 
bulk 8008 8020 8100 
bullish 8008 8024 
bumper 8074 
bundesbank 8070 
burden 8071 8086 
burnham 8035 
burst 8024 
bush 8080 
business 8008 8020 8068 8071 8074 8075 8076 
businesses 8029 
businessman 8054 
businessmen 8076 
buy 8010 8020 8023 8024 8055 8060 8085 8091 8095 8106 
buy-side 8098 
buyers 8098 
buying 8024 
ca 8044 
cabinet 8080 
cable 8012 8059 
cacex 8076 
cal 8024 
calabria 8079 
calabrian 8079 
calculation 8080 
calendar 8086 8087 8092 8098 
calgary 8032 8039 
calif. 8012 
california 8015 8029 8041 8044 
caljet 8015 
call 8069 8092 8105 
called 8008 8009 8069 8075 8092 8107 
calling 8022 8044 8075 
calls 8075 8077 8082 8099 
canada 8005 8009 8017 8021 8029 8032 8033 8039 8043 8048 8094 
canada-u.s. 8009 
canadian 8009 8021 8029 8098 
canal 8009 
canaveral 8031 8084 
cancelling 8104 
cancels 8104 
cane 8004 
canning 8100 
cap 8098 
cape 8031 8084 
capita 8003 
capital 8014 8035 8055 8059 8077 8096 8098 8107 
car 8090 8092 
caracas 8107 
care 8053 
cargo 8009 
carical 8079 
carlo 8079 
carmoy 8075 
carried 8009 8073 8094 
carriers 8009 
carryforwards 8056 
carrying 8098 
case 8068 8079 8096 8099 
case-by-case 8076 
casey 8015 
cash 8007 8008 8010 8012 8024 8049 8085 8091 8096 8098 8104 
cassa 8079 
casualty 8093 
cater 8067 
caused 8063 8064 8080 8094 8105 
causing 8004 
cautioned 8024 
cede 8077 
ceiling 8060 
celebrations 8093 
cent 8009 8029 8100 
central 8003 8055 8064 8069 8074 8086 
centrist 8073 
cents 8004 8055 8060 8091 
century 8076 8080 
ceremony 8080 
certificates 8035 8054 
chain 8101 
chairman 8059 8068 8071 8072 8075 8085 8091 
challenge 8077 
challenger 8031 
challenges 8077 
chance 8041 8080 
chances 8060 8098 
change 8029 8060 8069 8095 8098 
changed 8055 8074 
changing 8024 
chapter 8046 
charge 8068 
charged 8049 
charges 8032 8039 8056 
charles 8095 
chartered 8054 
chase 8075 8096 
cheaper 8004 
chem 8010 
chemlawn 8002 8010 
chevron 8015 
chicago 8007 8008 8046 
chief 8069 8072 8075 8076 8080 
chile 8055 
china 8061 8067 
chinese 8061 
chip-makers 8044 
chips 8044 
chirac 8081 
choices 8069 
chou-wiest 8041 
christopher 8080 
chronowitz 8024 
chrysler 8021 
chuck 8008 
chv 8015 
ciampi 8079 
circumstances 8060 8088 
citing 8041 
city 8046 8062 8093 
civil 8003 
cla 8068 
claims 8046 
claire 8098 
clark 8029 
class 8085 8091 
clayton 8080 8106 
clear 8044 8074 8093 8095 
clercq 8106 
client 8099 
clients 8068 8099 
clift 8069 
climates 8003 
climb 8009 8063 
close 8024 8046 8058 8065 8070 8083 8085 8095 8096 8107 
closed 8024 8052 8054 8058 8063 8075 8091 
closer 8055 8075 
closing 8024 
cloudy 8098 
club 8029 8055 
cme 8008 
co-managed 8035 
coasts 8009 
coconut 8085 8091 
code 8099 
coffee 8105 
cojuangco 8085 8091 
cold 8008 
collaborate 8082 
collaborated 8068 
collapse 8033 
collapsed 8055 
colleagues 8080 8106 
collected 8033 8068 
columbia 8043 8054 
columbus 8010 
combat 8082 
combination 8081 
combined 8033 
coming 8029 8069 8075 
commence 8065 
comment 8010 8040 8085 8091 8097 8099 
commented 8074 
commerce 8044 
commercial 8010 8055 8076 8083 
commercially 8004 
commission 8014 8020 8022 8024 8040 8059 8075 8078 8082 8091 8099 
commissioner 8091 8106 
commissioners 8079 
committed 8105 
committee 8049 8055 8069 8072 
committees 8106 
commodity 8009 8086 
common 8003 8010 8023 8074 8082 
commonwealth 8029 
commotion 8024 
communications 8031 8084 
community 8076 8080 8086 8088 8106 
company 8006 8010 8014 8022 8025 8027 8034 8037 8039 8040 8043 8046 8065 8068 8082 8085 8087 8091 8100 
compared 8009 8024 8033 8041 8045 8090 8092 8098 
comparison 8009 
compensate 8004 
compensated 8004 
compensatory 8055 
competing 8009 
competition 8009 
competitions 8067 
competitive 8004 8041 
competitiveness 8041 8071 
complaint 8037 
complete 8086 
completed 8008 8013 8018 8019 8021 8049 8067 
completely 8064 
complex 8006 8008 
complied 8096 
comply 8044 8096 
comprehensive 8097 
comprises 8098 
compromise 8077 8099 
conable 8038 8069 
conceded 8093 
concentrated 8079 
concept 8082 
concern 8070 8095 
concerned 8076 8099 
concerns 8076 
concessions 8009 
conciliator 8009 
concluded 8054 8091 
condition 8054 
conditions 8077 8101 8102 
conduct 8099 
conducted 8073 8088 
conducting 8104 
conference 8033 8060 8075 8080 8095 8105 
confidence 8098 
confident 8044 8088 
confined 8089 
confirm 8099 
confirmed 8053 8099 
conflict 8080 8106 
conflicts 8106 
confrontation 8080 
congratulated 8072 
congress 8004 8029 8072 8077 8106 
congresses 8029 
congressional 8004 8044 8072 
congressmen 8044 
conn. 8023 
conradi 8099 
consecutive 8063 
consensus 8024 8075 8077 8105 
conservative 8073 
conservatives 8073 
considered 8060 8074 8080 8107 
consist 8085 
consistently 8074 
constant 8075 
constitutes 8003 
construct 8067 
construction 8006 8063 8067 8070 8081 
consumer 8098 
consumers 8004 8060 
consuming 8041 
consumption 8003 8004 8070 
contact 8102 
contacts 8088 
contained 8060 
contemplative 8106 
contended 8041 
context 8071 
continent 8041 
continental 8035 
contingency 8060 
continuation 8022 
continue 8015 8024 8038 8046 8049 8055 8063 8070 8074 8088 8105 8107 
continued 8105 
continuing 8039 8044 8054 8088 
contract 8009 8013 8015 8018 8019 8024 8041 8081 
contracted 8024 
contraction 8004 8055 
contracts 8022 8024 8029 
contributions 8050 8051 
control 8069 8077 8079 
controlled 8077 8087 8091 
controls 8060 8076 8077 
controversial 8077 
convertible 8038 8042 
convinced 8101 
cooper 8100 
cooperation 8075 8088 
coordination 8101 
copyrights 8080 
corazon 8085 8091 
core 8069 
corn 8004 8029 
coronary 8053 
corporate 8022 8033 
corporation 8085 
corporations 8055 
correct 8004 
cost 8004 8044 8080 8081 8092 8093 8098 8107 
costa 8105 
costs 8009 8022 8044 8047 
council 8060 8075 8088 8099 
counterpart 8082 
counterparts 8095 
counterpoint 8041 
countertrade 8095 
countervailing 8029 
countries 8003 8029 8044 8055 8060 8075 8077 8080 8086 8088 8095 8097 8101 8105 8106 
country 8003 8029 8038 8055 8069 8073 8076 8085 8086 8091 8095 8096 8101 
coupon 8035 8103 
covered 8004 
covering 8014 8024 8034 
crash 8069 
create 8081 
created 8060 
creber 8024 
credit 8021 8075 8078 8079 8098 8101 
creditor 8055 8101 
creditors 8038 8046 8055 8107 
credits 8033 8055 8069 8107 
creditwatch 8021 
crept 8073 
crew 8009 
crews 8068 
criminal 8099 
crisis 8069 8075 8076 8077 8101 8107 
crop 8003 8004 
crops 8003 
crucial 8088 
crude 8015 8041 8069 8086 8089 8100 
cryssen 8015 
cuba 8078 
cuban 8078 
cubic 8041 
cuenca 8105 
curb 8024 8098 8099 
curbing 8095 
curbs 8099 
currencies 8097 8098 
currency 8038 8055 8063 8069 8074 8101 8107 
current 8004 8009 8020 8027 8032 8060 8069 8075 8102 8103 8106 
cushion 8024 
customarily 8103 
customer 8098 
customers 8022 
customs 8088 
cut 8004 8009 8033 8045 8061 8069 8072 8103 
cuts 8072 
cutting 8069 
cyclops 8020 
cyl 8020 
d.c 8054 
daily 8008 8057 8060 8061 8064 8076 8083 8088 8104 
dallas 8006 
dallas-based 8054 
dalton 8066 
damage 8089 
dampening 8070 
dan 8071 8072 
danger 8101 
dangerous 8080 
dangers 8070 
daniel 8105 
darwin 8100 
data 8024 8041 
dating 8099 
dauster 8105 
david 8075 
dawkins 8106 
day 8015 8024 8041 8068 8069 8106 
days 8080 8091 8092 
de 8055 8075 8106 
deadline 8024 
deaf 8072 
deal 8035 8040 8055 8075 8091 8095 
dealers 8103 
dealing 8020 8077 
dean 8024 8029 
death 8068 
debate 8099 
debenture 8014 
debentures 8014 8021 8042 8043 8103 
deborah 8095 
debt 8035 8038 8042 8049 8055 8069 8075 8076 8077 8101 8107 
debt-equity 8055 
debtor 8055 8069 8075 8077 8101 
debts 8065 8069 8101 8107 
dec 8048 
decades 8009 
december 8009 8010 8012 8045 8050 8051 8060 8070 
decided 8029 8096 8099 
decides 8060 
decision 8038 8044 8049 8077 8079 8088 
decisions 8077 
decisive 8093 
decisiveness 8093 
declaration 8080 
declared 8007 8077 
declaring 8076 
decline 8003 8008 8024 8041 8063 8098 
declined 8003 8004 8022 8029 8050 8051 8079 8097 8098 8099 
declines 8103 
declining 8090 
deducting 8022 8032 
deepen 8077 
deeply 8076 
default 8039 
defence 8044 8072 8082 8095 
defend 8037 8060 8074 
defending 8074 
defense 8006 8013 8018 8019 8029 
deferred 8032 8039 8047 
deficit 8009 8033 8044 8066 8069 8071 8072 8106 
deficit-ridden 8062 
deficits 8097 
definitive 8002 8010 
definitively 8060 
defrauding 8068 
defusing 8097 
degree 8070 8101 
delay 8064 8077 
delegate 8060 
delegates 8060 8080 
delegation 8009 8080 
delegations 8080 
delinquent 8055 
deliquent 8054 
delivered 8041 8068 8105 
delta 8031 
demand 8041 8074 8103 
demanding 8069 
demands 8009 
democrat 8044 8071 8072 
democratic 8072 8073 
demonstrators 8062 
demotte 8052 
denied 8064 
denies 8097 
denton 8006 
deny 8099 
department 8003 8004 8013 8015 8018 8019 8044 8046 8076 
depletion 8039 
deportation 8095 
deposed 8085 8091 
deposit 8052 8054 8058 8068 
depositary 8007 
depositors 8079 
deposits 8052 8054 8058 
depreciated 8074 
depreciation 8039 8064 
depressed 8009 8098 
depression 8080 
deputy 8004 8107 
describe 8076 
describing 8095 
design 8082 
designed 8023 8038 
designing 8074 
desired 8097 
destinations 8094 
detail 8022 
detailed 8069 
detailing 8079 
details 8010 8021 8061 8065 8067 8079 8088 8099 
detergent 8010 
deteriorating 8076 
determination 8044 8069 
determined 8089 
devaluation 8064 
devalued 8064 
devaluing 8069 
develop 8041 8055 8082 
developed 8003 8101 
developing 8003 8100 
development 8013 8038 8055 8060 8069 8077 8078 8082 8106 
developments 8041 
deviate 8098 
dhabi 8088 
di 8079 
diana 8095 
diaz 8091 
dick 8033 
differences 8077 
differentiating 8099 
difficult 8072 8075 8076 
difficulties 8088 8096 
dilson 8076 
diminished 8098 
dinars 8083 8096 
diplomat 8074 
diplomatic 8055 8095 
diplomats 8069 
dipped 8024 
direct 8004 8094 
direction 8008 8099 8102 
director 8024 
directors 8037 8040 8054 
disagreed 8075 
disapprove 8077 
disarray 8073 
disaster 8031 
disasterous 8009 
disbursed 8055 
disbursements 8055 
disclosure 8024 
disclosures 8024 
discontinued 8027 8030 
discourage 8074 
discouragement 8044 
discretion 8099 
discuss 8040 8044 8055 8095 8099 
discussed 8078 
discussion 8076 
discussions 8029 8055 8069 8075 
dismantling 8069 
disney 8081 
disneyland 8081 
disobeying 8076 
dispatching 8009 
disperse 8062 
disposal 8010 8032 8039 
disposals 8039 
dispute 8029 8076 8092 
disputes 8029 8080 8106 
dissolve 8079 
distribution 8007 8012 8023 8085 
distributions 8012 
disturbing 8097 
div 8016 8025 8028 
diversified 8085 8100 
divided 8069 
dividend 8010 8016 8022 8023 8025 8056 
dividends 8032 8054 
division 8013 
dixon 8054 
dizdarevic 8107 
dlr 8010 8011 8013 8014 8018 8019 8021 8031 8032 8035 8036 8038 8048 8049 8055 8069 8075 8076 8077 8078 8097 8098 8106 
dls 8044 
doctor 8053 
document 8065 
documents 8040 
doe 8015 
dogged 8082 
dollar 8063 8064 8074 8075 8097 8098 8106 
dollars 8083 8105 
domenici 8044 
domestic 8004 8069 8071 8072 8080 8084 8092 8094 8100 
domingo 8085 8091 
donald 8054 
donor 8077 
door 8055 
double 8074 
doubled 8074 
doubt 8044 
dow 8024 
downgrade 8021 
downturn 8070 8076 
downward 8022 8060 
draft 8075 
drafted 8082 
dramatic 8074 
drastic 8004 
drastically 8004 8099 
draw 8055 8099 
drawing 8096 
dresdner 8101 
drexel 8035 
drifting 8098 
drilled 8041 
drilling 8041 
drinking 8095 
driving 8098 
drop 8070 8094 
dropping 8063 
drought 8061 
drought-reduced 8003 
due 8008 8009 8014 8021 8022 8035 8039 8042 8043 8063 8067 8088 8094 8098 8099 
dump 8044 
dumped 8044 
dumping 8044 
durable 8098 
duties 8044 8086 8088 
duty 8066 8086 
dynamics 8013 
ea-6b 8018 
eagle 8015 
earby 8068 
earlier 8022 8024 8040 8076 8080 8085 8107 
early 8008 8024 8029 8054 8064 8068 8096 
earn 8001 8005 8007 8011 8012 8016 8017 8022 8025 8026 8027 8028 8030 8032 8036 8039 8045 8047 8048 8050 8051 8056 8087 8094 8096 8101 
earned 8010 
earner 8055 
earnings 8022 8050 8051 8098 
ears 8072 
ease 8072 
easing 8071 
east 8003 8095 
easter 8008 
eastern 8069 
eastgroup 8025 
eastpark 8028 
ec 8086 8088 8106 
ec-gulf 8088 
echolab 8002 
ecolab 8010 
ecomomic 8098 
econ 8010 
economic 8038 8041 8055 8069 8070 8074 8075 8076 8077 8080 8091 8098 8101 8106 8107 
economic/industrial 8078 
economics 8075 
economies 8086 
economist 8041 8075 
economists 8063 8070 8098 8107 
economy 8038 8041 8055 8063 8066 8069 8070 8074 8076 8107 
ecuador 8100 
edgington 8015 
edinburgh 8089 
edmonton 8033 
eduardo 8085 8091 
effect 8008 8009 8070 8076 8103 
effective 8003 8042 
effectively 8055 
efficiency 8069 8101 
efficiently 8024 
effort 8029 8107 
efforts 8041 8072 8088 8105 
egp 8025 
eia 8041 
eight-lock 8009 
eight-point 8073 
eighth 8076 
el 8105 
elaborate 8097 
elections 8069 
electric 8013 8034 8041 
electronic 8006 8018 
electronics 8006 8076 
eliminate 8099 
eliminated 8060 
elite 8074 
elizabeth 8095 
elk 8015 
embassy 8069 
emerges 8106 
emerging 8068 
emirates 8088 
employ 8006 
employees 8006 8046 8068 
employers 8009 8092 
enabling 8102 
enactment 8004 
encourage 8069 8074 
encouraged 8060 
encouraging 8074 
end 8024 8030 8041 8045 8054 8055 8063 8080 8083 8088 8099 8106 
end-investor 8103 
ended 8001 8010 8039 8045 8093 8105 8107 
ending 8009 
endorsed 8069 
ends 8033 8055 8105 
energy 8015 8033 8041 8098 
engaged 8054 8097 
engineering 8013 
enhance 8098 
enjoy 8075 
enliven 8098 
enormous 8106 
ensure 8074 8101 
ensuring 8076 8079 
enter 8060 
entered 8053 
enterprises 8055 
entire 8024 8085 
entrepreneur 8076 
environmental 8029 
equal-sized 8035 
equip 8082 
equipemnt 8006 
equipment 8035 8063 8098 
equipment-backed 8035 
equities 8098 
equity 8032 8039 8085 
equivalent 8085 8091 
erie 8009 
eromanga 8100 
ert 8028 
esex 8030 
espana 8092 
espanalo 8092 
espanola 8092 
essex 8030 
establish 8097 
established 8022 8046 8068 
estate 8085 
estenssoro 8055 
estimate 8060 
estimated 8004 8009 8033 8035 8041 8068 8069 
eurobond 8021 
europe 8009 8043 8075 8081 8082 8094 
european 8075 8086 8088 8094 8106 
eve 8106 
evening 8024 
event 8023 8077 
events 8098 
eventually 8106 
evidence 8044 8095 
exceeded 8008 
exceeding 8004 
exception 8096 
excessive 8054 8060 
exchange 8008 8014 8020 8024 8040 8057 8059 8064 8074 8097 
exclude 8017 
excludes 8004 8027 8030 
excluding 8060 
exclusively 8057 
execute 8098 
executive 8009 8068 8075 
executives 8054 8068 
exercisable 8023 
exercise 8102 
exercised 8065 
exist 8029 8077 
existence 8076 
existing 8065 8100 
exists 8097 
expand 8070 
expansion 8065 
expect 8041 8055 8077 8093 8098 
expectation 8008 
expectations 8098 
expected 8004 8006 8008 8009 8013 8018 8019 8033 8038 8053 8063 8065 8066 8069 8070 8077 8080 8087 8098 8101 
expecting 8044 8055 
expects 8012 8024 8033 8045 8050 8051 8055 8088 8091 8104 
expenditure 8070 
expenditures 8033 
expense 8041 8106 
expenses 8045 
expensive 8063 
experienced 8054 
expertise 8085 
expirations 8024 
expired 8024 
expires 8009 8060 
expiring 8024 
explaining 8022 
explanation 8024 
exploration 8032 8039 8042 8100 
exploring 8071 
explosion 8089 
export 8060 8064 8070 8095 8105 
export-import 8069 
exported 8009 8086 8095 
exporter 8090 8095 
exporters 8064 
exports 8009 8029 8055 8060 8063 8069 8070 8072 8086 8088 8095 8101 8107 
express 8040 
expressed 8077 
extend 8081 
extended 8063 
extensive 8100 
extent 8089 8101 
external 8029 8069 8105 
extra 8094 8096 
extraordinary 8017 8048 
extremely 8055 8097 
f.n 8092 
f0001 8074 
f0003 8060 
f0007 8075 
f0011 8061 
f0012 8076 
f0014 8062 
f0015 8063 
f0017 8077 
f0022 8078 
f0023 8064 8079 
f0024 8065 
f0026 8066 8080 
f0028 8067 
f0030 8068 
f0032 8081 
f0033 8082 
f0035 8083 
f0036 8084 
f0037 8085 
f0041 8086 
f0043 8087 
f0044 8088 
f0047 8089 
f0048 8069 
f0049 8090 
f0051 8091 
f0055 8070 
f0058 8071 8092 
f0060 8072 8093 
f0062 8094 
f0063 8073 
f0065 8095 
f0076 8096 
f0094 8097 
f0098 8098 
f0110 8099 
f0128 8100 
f0131 8101 
f0147 8102 
f0151 8103 
f0161 8104 
f0162 8105 
f0171 8106 
f0176 8107 
f2479 8001 
f2484 8002 
f2485 8003 
f2491 8004 
f2494 8005 
f2497 8006 
f2510 8007 
f2512 8008 
f2515 8009 
f2516 8010 
f2524 8011 
f2527 8012 
f2530 8013 
f2533 8014 
f2536 8015 
f2544 8016 
f2545 8017 
f2547 8018 
f2549 8019 
f2560 8020 
f2561 8021 
f2565 8022 
f2571 8023 
f2575 8024 
f2586 8025 
f2588 8026 
f2590 8027 
f2600 8028 
f2604 8029 
f2605 8030 
f2606 8031 
f2617 8032 
f2619 8033 
f2622 8034 
f2623 8035 
f2628 8036 
f2630 8037 
f2631 8038 
f2635 8039 
f2636 8040 
f2642 8041 
f2647 8042 
f2653 8043 
f2659 8044 
f2661 8045 
f2670 8046 
f2673 8047 
f2685 8048 
f2686 8049 
f2687 8050 
f2688 8051 
f2691 8052 
f2693 8053 
f2695 8054 
f2699 8055 
f2703 8056 
f2706 8057 
f2718 8058 
f2721 8059 
face 8044 8086 
faced 8069 8075 8102 
faces 8009 8098 
facilities 8004 
facility 8055 
facing 8004 8029 8069 
fact 8072 8076 
factor 8041 
factors 8039 
facts 8021 
fahd 8095 
fail 8052 8058 
failed 8052 8058 
failure 8080 8093 
failures 8059 
faisal 8095 
fal 8012 
falcon 8012 
fall 8033 8063 8069 8072 8074 8094 
fallen 8061 
falling 8063 8103 8105 
falls 8063 8090 
farm 8076 
farmer 8004 
farmland 8061 
farmlands 8085 8091 
farouk 8060 
fast 8029 
favour 8098 
fdic 8052 8058 
fear 8076 
feared 8077 
fears 8041 8074 8094 
features 8060 
feb 8001 8020 8026 
february 8034 8043 8063 8064 8090 8098 8103 
fed 8098 
federal 8033 8052 8054 8058 8070 8071 8090 8098 8101 
federally 8054 8058 8076 
federation 8076 8099 
feel 8053 
feet 8006 8041 
feinstein 8024 
feldstein 8075 
fell 8003 8033 8063 8090 
felt 8009 8071 8072 8080 
fend 8077 
ferdinand 8085 8091 8099 
feuding 8073 
fewer 8094 
fiduciary 8099 
field 8039 8100 
fiesp 8076 
fighters 8095 
fighting 8093 
figure 8008 8055 8063 
figures 8072 8086 8093 
filed 8014 8034 
files 8014 
filings 8059 
filipinos 8091 
filmed 8068 
final 8024 8044 8049 8082 
finalised 8055 
finalized 8021 
finalizing 8019 
finance 8040 8060 8066 8076 8077 8086 
financial 8021 8055 8065 8069 8072 8096 8101 
financing 8039 8055 8081 8107 
find 8029 8074 8088 
finds 8059 
finished 8024 
fire 8089 
fired 8062 
fireman 8040 
fires 8080 
firm 8020 8024 8040 8065 8068 8085 8091 
firms 8044 8059 8062 8066 8067 8071 8082 8106 
fiscal 8001 8004 8009 8024 8033 8039 8098 
fishing 8078 
five-year 8103 
fixed 8060 8074 
fla 8047 
fla. 8027 8071 8072 
flat 8033 
fleming 8065 
flensburg 8090 
fleshed 8072 
flew 8069 
flight 8004 
flights 8094 
floated 8096 
floor 8008 8060 8072 
florida 8084 
flow 8055 
flowing 8093 
fluctuate 8104 
focus 8095 8098 
foiled 8093 
follow 8107 
follow-through 8024 
food 8003 8085 8098 
forbidden 8099 
force 8060 8073 8075 8098 
forced 8062 
forces 8082 
ford 8046 8092 
forecast 8029 8033 8061 8070 
forecasts 8033 8041 8098 8104 
foreign 8038 8049 8055 8063 8064 8066 8069 8074 8075 8076 8080 8088 8090 8096 8101 8107 
foreigners 8085 
foresee 8098 
form 8086 8099 
formally 8004 
formed 8082 
forms 8033 
forseeable 8070 
fort 8026 
fortnightly 8074 
fortune 8099 
forward 8064 
found 8072 8079 8083 
four-day 8062 8095 
four-times-a-year 8024 
four-year 8077 8098 
fourth 8045 
france 8060 8081 8082 8088 8090 
francesco 8079 
francisco 8016 8029 8057 8075 
francs 8081 
frank 8041 8044 
frankfurt 8070 8101 
fraud 8068 
free 8097 
freeing 8041 
freer 8080 
freeze 8009 
freezes 8107 
freight 8009 
french 8080 8081 8082 8088 
frequently 8044 
freres 8014 
fresh 8106 
friday 8060 8079 8082 8084 8091 8098 
friend 8076 
front 8093 
frontline 8093 
froze 8055 
fructose 8004 
fter 8068 
fuel 8041 8099 
fueled 8024 
fulfill 8091 
full 8009 8027 8053 8080 
full-scale 8080 
fully 8085 
funaro 8076 
fund 8014 8038 8040 8046 8055 8075 8101 
fundamental 8024 
fundamentals 8008 
funding 8081 
funds 8014 8018 8083 8098 8101 
future 8024 8061 8070 8071 8075 8077 8105 8106 
futures 8008 8024 8072 
g-7 8102 
gain 8017 8024 8048 8092 8098 
gained 8065 
gains 8003 
gallup 8073 
gantos 8001 
gap 8004 
gas 8014 8032 8033 8039 8041 8050 8051 8055 8062 8069 8100 
gathered 8102 
gathering 8076 
gatherings 8102 
gatt 8080 8102 8106 
gave 8061 8065 8067 8073 8088 
gay 8009 
gaza 8095 
gazeta 8076 
gcc 8088 
gd 8013 
general 8008 8013 8024 8033 8080 8092 8094 8102 8106 
generally 8095 8096 
generate 8098 
generation 8084 
geneva 8060 
george 8009 8053 
gerard 8060 
german 8041 8062 8070 8082 8090 8101 8107 
germany 8070 8082 8090 
gest 8037 
gesture 8029 8096 
gh 8008 
giant 8084 
gidel 8008 
giovanni 8079 
giraud 8082 
give 8077 8079 8099 
giving 8069 8077 8095 
glenn 8008 
global 8003 
gm 8092 
gm.n 8092 
gnp 8075 
goal 8080 
goals 8024 
gold 8068 8100 
golden 8015 
goldman 8014 8024 
gonzalo 8055 
good 8024 8041 8074 8091 
goods 8066 8078 8095 8098 
goodwill 8029 
goria 8079 
governing 8024 8074 
government 8004 8009 8029 8033 8055 8062 8069 8070 8074 8075 8076 8077 8081 8084 8085 8091 8092 8096 8105 8107 
governments 8029 8060 8101 
governor 8064 8069 8079 
governors 8077 
gq 8018 
grace 8055 
gradually 8004 
grain 8003 8004 8009 
gralewicz 8009 
grand 8001 
grangemouth 8089 
granted 8029 8078 
grants 8033 
great 8009 8077 8080 8106 8107 
greenbaum 8098 
grew 8068 
grimes 8008 
grind 8076 
grocery 8085 
group 8006 8023 8024 8026 8029 8044 8068 8075 8076 
grouping 8073 
groups 8088 
grow 8055 8066 8070 
grower 8004 
growers 8004 
growing 8041 8070 8076 
growth 8038 8054 8069 8070 8075 8076 8077 8101 
grumman 8018 
gtos 8001 
guangdong 8061 
guangxi 8061 
guarantee 8009 
guaranteed 8021 8035 
guaranteeing 8099 
guatemala 8105 
guest 8037 
guidance 8044 
guillonneau 8060 
gulf 8088 
gyrations 8024 
h.k 8065 8091 
haggle 8076 
hailed 8093 
halcyon 8020 
half 8024 8048 8050 8051 8069 8075 8083 
halt 8076 
ham 8008 
hammer 8009 
handling 8076 
hands 8022 8024 
hanging 8098 
happen 8070 
happened 8060 
happening 8072 
harare 8064 
hard 8071 8107 
hardship 8074 
hardware 8013 
harlem-irving 8046 
harris 8024 8073 8098 
harvest 8061 
harvests 8074 
havana 8078 
head 8009 8029 8075 8076 
heading 8076 
headquarters 8060 
health 8095 
healthy 8058 8106 
hearing 8079 
heart 8053 
heavier 8008 
heaviest 8009 
heavy 8004 8024 8039 8041 8054 8088 
hebei 8061 
hectares 8061 
hedged 8024 
hefty 8098 
held 8023 8060 8076 8091 8100 
helicopter 8082 
helicopters 8082 
helmut 8070 
helping 8024 8041 
hemisphere 8080 
hemsley 8009 
herald 8064 
herman 8062 
hermann 8099 
herve 8075 
hiatus 8060 
hicksville 8022 
hide 8099 
high 8003 8004 8021 8044 8074 8076 8093 
high-cost 8069 
high-yield 8098 
higher 8003 8004 8024 8041 8060 8091 8093 8094 8096 8105 
higher-yielding 8098 
highlighted 8068 
hills 8015 
hindawi 8095 
hinted 8077 
hired 8054 
hiroshi 8068 
hirsch 8024 
hisham 8095 
history 8009 
hit 8024 8069 8072 
hkld 8065 
hkld.hk 8065 
hmo 8047 
hog 8008 
hold 8041 8055 8068 8092 8095 8100 
holders 8023 8065 
holding 8087 
holdings 8008 8059 8065 
holds 8100 
home 8054 8068 8076 
honduras 8105 
hong 8065 8067 8085 8091 
hong-kong 8065 8067 8091 
hope 8009 8070 8080 
hoped 8072 8079 
hopeful 8077 
hoping 8055 8094 
hospital 8053 
hostile 8023 
hotel 8067 
hour 8024 
house 8004 8044 8054 8063 8071 8072 
housewives 8068 
howard 8024 8072 
hubschmid 8099 
huge 8024 
human 8095 
humphrey 8107 
hunan 8061 
hundreds 8055 
hurt 8004 8009 
husain 8074 
hussein 8093 
iabd 8077 
iadb 8077 
icludes 8048 
ictor 8055 
idaho 8044 
idea 8072 
ideas 8101 
identify 8010 
identities 8099 
ignore 8099 
ill.-based 8010 
illegal 8083 8095 
illinois 8071 8072 
imbalance 8024 
imbalances 8024 
imed 8068 
imf 8038 8055 
immediately 8074 
impacts 8004 
impair 8071 
impetus 8098 
implement 8080 
implementation 8069 
implied 8069 
imply 8069 
import 8004 8044 8070 8076 8086 8097 
import-dependent 8074 
importance 8076 
important 8009 8029 8041 8084 8100 8101 
imported 8004 8076 
importers 8064 
importing 8076 
imports 8004 8044 8060 8074 8076 8086 8095 8097 
impose 8044 8066 8088 
imposed 8033 8107 
imposes 8004 
imposing 8066 
improved 8003 8050 8051 8101 
improvement 8013 
improvements 8004 
incident 8062 8089 
include 8011 8022 8059 8066 8076 8080 
included 8057 8068 8075 8080 
includes 8032 8036 8047 8048 8102 
including 8055 8061 8080 8095 8098 8100 
inclusion 8080 
income 8004 8016 8022 8033 8039 
incompetent 8095 
incorrect 8074 
increase 8008 8009 8033 8057 8069 8070 8072 8075 8086 8092 8094 8098 8101 
increased 8009 8033 
increases 8061 8072 8098 
increasing 8009 8038 
increment 8018 
ind 8052 
indebtedness 8034 
index 8024 8063 
indiana 8052 
indication 8038 
indicative 8060 
indicator 8060 
indictments 8072 
individual 8024 
individually 8086 
individuals 8033 
indonesia 8031 8069 8084 8086 
indonesian 8031 8084 8086 
indoor 8067 
industrial 8004 8024 8041 8063 8076 8078 8087 8097 
industriale 8087 
industrials 8024 
industries 8033 8076 8080 
industry 8004 8041 8044 8071 8072 8076 8078 
inefficient 8074 
inertia 8098 
inevitable 8076 
inexco 8042 
infill 8041 
inflation 8055 8069 8070 8074 8083 8092 8107 
inflation-adjusted 8075 
inflation-free 8077 
inflow 8055 
inflows 8064 
informal 8076 8080 8102 
information 8062 
inherent 8102 
inherited 8055 
initial 8012 8029 
initially 8006 
initiative 8102 
innovative 8077 
inra 8060 
inro 8060 
inroads 8004 
insider-trading 8059 
insolvent 8054 
instance 8029 
instil 8080 
institute 8075 8105 
institution 8054 8075 
institutional 8024 
institutions 8079 8107 
instrument 8060 
instruments 8006 
insurance 8022 8040 8052 8058 8080 
insured 8054 8058 
intellectual 8080 
intended 8044 8060 
inter-american 8055 8077 
interest 8008 8024 8035 8038 8039 8042 8043 8049 8055 8057 8076 8077 8101 8103 8107 
interested 8055 
interests 8029 8072 8079 8085 8100 
interference 8076 
internal 8073 
international 8009 8015 8031 8038 8055 8060 8065 8067 8071 8075 8080 8095 8101 8102 8105 8106 8107 
interpreted 8029 
intervals 8060 
intervention 8060 8077 
interview 8038 8070 8088 8097 8101 8107 
introduced 8004 8044 8055 8060 8069 8076 
introduces 8066 
inventories 8041 
invest 8081 
investigate 8059 
investigated 8089 
investigation 8068 
investigations 8059 
investment 8020 8022 8049 8050 8051 8055 8069 8070 8081 8085 
investments 8020 8032 8039 8070 8080 8098 
investors 8024 8068 8098 
invited 8076 
invoices 8044 
involved 8024 8082 8088 8099 
involves 8074 
involving 8024 8068 8083 
ipi 8063 
iran 8088 8093 
iran-iraq 8088 
iranian 8093 
iraq 8093 8096 
iredale 8055 
irish-lindergh 8039 
iron 8078 
irregularities 8079 
irving 8098 
ishikawa 8068 
ishrat 8074 
island 8022 8069 8080 
islands 8084 
israel 8095 
israeli 8095 
issue 8014 8021 8035 8044 8077 8106 
issued 8010 8043 8103 
issues 8029 8035 8057 8098 
istituto 8087 
italy 8079 8087 8090 8094 
jackson 8025 8028 8100 
jacksons 8091 
jacqueline 8044 
jacques 8081 
jakarta 8069 8084 8086 
james 8044 8071 8072 8077 8097 
james-baker 8097 
jamesport 8022 
jamestown 8022 
jan 8001 8027 8036 8047 
jane 8009 
janos 8107 
january 8041 8063 8070 8076 8093 8098 
january/february 8090 
japan 8024 8029 8038 8040 8044 8068 8069 8075 8090 8098 8103 8106 
japanese 8024 8044 8098 8106 
jardine 8065 
java 8069 
javier 8055 
jean-bernard 8088 
jefferies 8040 
jeremy 8069 
jerry 8008 
jiangxi 8061 
jim 8024 
jobs 8022 8081 
joe 8029 
john 8004 8044 8059 8106 
johnston 8033 
joining 8038 
joint 8068 8078 8082 
jolt 8024 
jones 8024 
jordan 8096 
jorio 8105 
jose 8076 
journal 8091 
journalists 8062 8107 
jsh 8065 
judge 8029 8085 8091 
judgement 8106 
july 8015 8018 8068 8082 
jumbo 8054 
jumped 8024 
june 8024 8065 8067 8068 8080 8095 8102 
kampelman 8053 
kampleman 8053 
kansai 8106 
karim 8096 
katopola 8066 
kazuo 8068 
keen 8091 
key 8080 
khaled 8095 
kidder 8035 
killed 8089 
killing 8089 
kilo 8060 
king 8095 
king-fahd 8095 
kingdom 8039 8095 
kobe 8068 
koei 8075 
kombo 8064 
kong 8065 8067 8085 8091 
kotch 8074 
kramer 8024 
krugman 8075 
kuwait 8088 
kwacha 8066 
l.p. 8007 
l982 8072 
la 8055 8062 8087 
labor 8009 
labour 8073 
lack 8105 
lagging 8107 
lagos 8074 
laid 8046 8055 8062 
lake 8009 
lakes 8009 
land 8042 8065 
large 8041 8044 8055 8095 8098 8107 
largely 8054 8063 
larger 8008 8055 
largest 8039 8046 8054 8067 8069 8085 8090 8095 8097 
lasted 8061 
late 8006 8029 8068 8097 8098 
latest 8073 8084 8093 8103 
latin 8055 8077 8101 8105 
latina 8078 
launch 8084 
launched 8031 8106 
launches 8031 
laundry 8010 
law 8059 8083 
lawn-care 8010 
lawrence 8009 
lawrenceville 8056 
laws 8059 
lawyer 8099 
lawyers 8068 8099 
lax 8077 
lazard 8014 
lb 8004 
lbs 8008 
ldc 8003 
lead 8035 8073 8080 8101 
leader 8095 
leaders 8072 8075 8076 
leadership 8004 8069 8093 
leading 8069 8076 8077 8083 8105 
leased 8006 
leave 8053 
led 8041 8067 8107 
legal 8079 8099 
legislate 8106 
legislation 8072 8079 8106 
lehman 8008 8040 
leigh 8024 
lend 8075 
lender 8055 
lesser 8070 
letter 8004 8085 8091 8095 
level 8029 8060 8061 8074 8077 8092 8096 8097 8098 
levels 8009 8060 8061 8098 
levied 8033 
levitt 8008 
liabilities 8054 
liability 8075 
liberal 8073 
liberal-social 8073 
liberalisation 8102 
liberalise 8069 
liberalising 8074 8080 
licensing 8036 
life 8040 8060 8098 
lifted 8024 
lifting 8098 
light 8008 8079 8098 
lighter 8008 
lighting 8022 
lil 8022 
lilco 8011 8022 
limit 8076 8095 
limited 8012 8069 
limiting 8075 
line 8038 8078 8079 
lines 8076 8085 
link 8084 
linked 8091 
linking 8009 
links 8081 
liquor 8085 
lire 8087 8094 
list 8068 
listed 8029 8042 8085 8091 
lists 8004 
live 8080 
lived 8044 
livestock 8008 
living 8074 8092 
llx 8042 
llxoo 8042 
loan 8004 8054 8055 8067 8069 8077 
loans 8052 8054 8055 8069 8077 8081 
local 8063 8066 8068 8096 
locks 8009 
logical 8074 
lokken 8029 
london 8073 8095 8097 
long 8022 8024 8055 8061 8064 8070 8088 8093 8096 8102 
long-awaited 8004 
long-running 8099 
long-term 8103 
longer 8096 
longer-term 8069 
looked 8024 
los 8015 
lose 8009 8022 8093 
losing 8055 
loss 8009 8011 8017 8022 8026 8027 8030 8032 8036 8039 8045 8047 8048 8056 8068 
losses 8054 8093 8105 
lost 8041 
louisiana 8042 
loved 8093 
low 8039 8050 8051 8103 8107 
lower 8009 8033 8060 8074 8086 
lowered 8060 8065 
lowers 8004 
lowest 8061 8074 
lows 8061 
lozada 8055 
lp 8007 
lucania 8079 
lunday-thagard 8015 
luxury 8066 
lynch 8014 8035 8098 
machline 8076 
macmillan 8015 8043 
made 8012 8023 8038 8044 8060 8063 8074 8076 8080 8086 8096 8105 8106 8107 
madill 8058 
madrid 8092 
main 8049 8060 8069 8070 
maintain 8069 8080 8102 8106 
maintained 8060 
maintaining 8009 
maintenance 8009 
major 8009 8024 8055 8061 8069 8077 8085 8086 8093 8097 8098 8106 
majority 8077 
make 8004 8055 8060 8077 8085 8099 
maker 8010 
makes 8069 
making 8024 8049 8088 
makulic 8107 
malawi 8066 
malaysian/singapore 8060 
malcolm 8044 
man 8074 8089 
manage 8099 
managed 8069 
management 8010 8079 8085 8101 
manager 8035 8096 
managing 8014 8080 
managua 8105 
mandarin 8065 
manfred 8082 
manhattan 8075 8096 
manila 8049 8085 8091 8099 
mankowski 8024 
manufacturers 8004 8085 8090 8092 
mar 8009 
marcom 8027 
marcos 8085 8091 8099 
margaret 8095 
marginal 8009 8074 
mario 8076 
mark 8024 8070 8093 
marked 8098 
market 8004 8008 8024 8041 8044 8055 8060 8074 8090 8091 8095 8097 8098 8103 8104 
market- 8055 
market-on-close 8024 
marketings 8008 
markets 8008 8014 8024 8055 8072 8077 8098 8101 
marking 8031 
martin 8075 
martinez 8105 
maryland 8054 
massachusetts 8075 
materialize 8070 
matias 8076 
matsui 8044 
matter 8029 8106 
maturities 8098 
maturity 8035 
max 8053 
maximum 8060 
mccain 8044 
mcclure 8044 
means 8071 8072 8074 8076 
measure 8024 
measured 8080 
measures 8066 8069 
meat 8008 
meats 8008 
mechanisims 8029 
mechanisms 8029 
meet 8044 8049 8059 8066 8069 8095 8099 
meeting 8029 8040 8044 8055 8074 8075 8076 8077 8080 8087 8097 8099 8102 8105 8106 
meetings 8077 8105 
meets 8076 
melbourne 8047 
member 8009 8044 8069 8080 
members 8009 8074 8075 8086 8088 8106 
men 8068 
mercantil 8076 
mercantile 8008 
mereenie 8100 
merger 8002 8010 
merit 8037 
merrill 8014 8035 8098 
messerschmitt-boelkow-blohm 8082 
met 8031 8044 8076 8080 8103 
metal 8100 
metric 8009 
mexico 8044 8105 
miami 8077 
mich. 8001 
michael 8041 
michel 8080 
microchips 8044 
microprocessor 8044 
mid-april 8024 8098 
middle 8003 8061 8095 
middle-of-the-road 8060 
midland 8075 
miguel 8085 8091 
mike 8080 8102 8106 
mikhail 8076 
mikulic 8083 8107 
mild 8041 8053 
mile 8009 
miles 8089 
military 8098 
miller 8008 8009 8024 8098 
millionaire 8076 
millions 8083 
milosavljevic 8107 
miners 8062 
mines 8017 
mini-refunding 8098 
minimum 8096 
mining 8062 8063 8085 8100 
minister 8029 8055 8062 8066 8076 8079 8080 8081 8082 8083 8084 8086 8088 8095 8102 8105 8106 8107 
ministerial 8102 
ministers 8069 8080 8095 8102 8106 8107 
ministry 8040 8063 8082 
minjiang 8061 
minn. 8010 
minorco 8048 8050 8051 
minus 8060 
minute 8024 
minutes 8024 
mishandled 8083 
mishandling 8083 
misrepresentations 8037 
miss 8028 
miss. 8025 
missile 8019 8044 
missouri 8008 
misused 8083 
misusing 8099 
mlns 8055 
mmblf 8043 
mnrcy 8048 8050 8051 
mock 8015 
moderately 8098 
modes 8009 
modest 8024 8075 
modification 8013 8019 
momentum 8069 8080 8106 
monarchs 8095 
monday 8008 8024 8040 8077 
monetary 8038 8055 8075 8077 8098 8101 
money 8024 8067 8068 8070 8075 
money-fx 8064 8074 8097 8098 
moneyline 8059 
monitor 8069 
monopolies 8069 
montgomery 8016 
month 8007 8008 8045 8055 8057 8065 8068 8069 8076 8077 8083 8092 8097 8098 8101 8103 8107 
monthly 8007 8008 8016 8040 8063 
months 8010 8024 8026 8029 8044 8047 8055 8060 8063 8086 8090 8095 8106 
montreal 8005 8009 8017 8021 
montreal-lake 8009 
mood 8097 
moody 8035 
moonie 8100 
moore 8080 8102 8106 
moratorium 8038 8077 
mori 8073 
morning 8053 
morocco 8052 
morrocco 8052 
mortgage 8007 
morton 8019 
motor 8090 8092 
motorcade 8062 
motors 8019 8021 8092 
mounted 8093 
move 8024 8029 8072 8091 8098 
moved 8009 
moves 8009 
moving 8033 8097 8102 
moyana 8064 
mr 8085 
mrcm 8027 
mthly 8016 
mths 8027 
mti 8019 
mts 8016 
mulroney 8029 
multi-media 8045 
multilateral 8077 
munich 8082 
mutual 8098 
myers 8004 
n't 8009 8024 8038 8044 8072 8095 8097 8106 
n.j. 8037 8056 
n.t 8100 
n.y 8022 
n.y. 8022 
n.z 8102 8104 
naccowlah 8100 
nagano 8068 
nailene 8041 
naira 8074 
named 8014 8077 
names 8099 
nancy 8053 
narly 8068 
narrow 8098 
narusawa 8075 
nasa 8031 
nat-gas 8041 8100 
nation 8064 8069 8077 8085 8091 8093 
national 8029 8041 8047 8058 8087 8094 
nations 8060 8077 8080 8086 8097 8102 
nationwide 8068 
natural 8014 8041 8060 8069 
naval 8015 
navy 8013 8018 
nazer 8095 
nearby 8024 
necessity 8021 
needed 8008 8033 8072 8075 8107 
negative 8008 8050 8051 8070 
negotiating 8010 8106 
negotiations 8049 8055 8060 8080 8088 8105 8106 
negotiator 8053 
negotiators 8029 
neighbor 8029 
neoax 8056 
neptunia 8091 
net 8001 8005 8011 8017 8022 8026 8027 8030 8032 8036 8039 8045 8047 8048 8050 8051 8055 8056 8059 8064 8065 8087 8094 8104 
network 8059 
neutral 8008 
new-zealand 8080 8102 8104 
newhall 8015 
news 8033 8059 8066 8067 8075 8084 8107 
newspaper 8064 8070 8073 8083 8085 8091 
nh 8047 
nhmo 8047 
nicaragua 8105 
nicaraguan 8105 
nick 8074 
nigeria 8074 
nigerian 8074 
night 8062 
nil 8004 
nine-point 8073 
nippon 8040 
nizar 8095 
noax 8056 
nogales 8055 
noir 8080 
non-callable 8035 
non-communist 8076 
non-metal 8063 
non-nuclear 8073 
non-oil 8069 
non-recourse 8039 
nonperforming 8054 
normal 8074 8079 8088 
norms 8079 
north 8037 8041 8061 8075 8080 8094 8095 8100 
northeast 8041 
northern 8029 8080 8100 
notably 8041 
note 8001 8017 8025 8027 8030 8032 8087 
note:1986 8036 8048 8056 
note:1987 8047 
noted 8008 8024 8041 8060 8072 8091 
notes 8021 8035 8049 8098 
noting 8072 
november 8095 
nuclear 8022 
number 8009 8029 8052 8094 8100 
numbers 8094 
nursery 8026 
nurses 8095 
nyse 8024 
nz 8080 
oak 8010 
object 8105 
objective 8069 8074 8085 8100 
obligation 8042 
observer 8073 8105 
occupied 8095 
occur 8064 
ocean 8009 
oct 8032 
october 8019 8029 8039 8060 8095 8099 
oe 8005 
oecd 8102 
offences 8083 
offensive 8093 
offer 8010 8023 8055 8065 8074 8085 8091 8095 8097 8098 
offered 8034 8074 8085 8091 
offering 8012 8014 8034 8035 8037 8085 8091 
offerings 8098 
offers 8034 8065 
office 8055 8081 8085 8090 
officers 8022 8037 8054 
offices 8029 8054 8058 8068 
official 8055 8063 8069 8074 8077 8083 8084 8087 8088 8095 8099 8107 
officials 8009 8010 8024 8040 8044 8077 8079 8085 8091 8095 8099 
offsets 8008 
ohio 8010 
oil 8003 8015 8032 8033 8039 8041 8042 8050 8051 8069 8086 8089 8095 8100 
oil-producing 8095 
oils 8086 
oilseed 8003 
okla 8058 
okla. 8058 
oklahoma 8054 8058 
olympic 8067 
oman 8088 
omissions 8037 
one-half 8009 
one-third 8077 
one-time 8055 
ontario 8009 8048 8050 8051 
opec 8069 
open 8038 8060 8077 8098 8099 8101 8104 
opened 8055 
opening 8009 8102 8105 
oper 8017 8027 8030 
operate 8046 
operated 8055 8100 
operates 8100 
operation 8036 8068 8096 
operational 8006 8060 
operations 8014 8019 8027 8030 8039 8045 8096 8104 
operator 8100 
opinion 8073 
opportunities 8102 
opportunity 8080 
opposite 8024 
opposition 8073 
optimism 8077 
optimistic 8070 
options 8024 
orbit 8031 
order 8029 8033 8055 8095 8105 
ordered 8069 
orderly 8080 
orders 8024 8098 
ordinary 8020 8065 
organ 8083 
organisations 8092 8101 
organised 8093 
organization 8105 
oriental 8065 
orkin 8015 
orleans 8042 
ortega 8105 
osaka 8068 
ottawa 8029 
ousted 8054 
outburst 8076 
outcome 8029 
outflow 8055 
outlets 8046 
outlined 8004 
outlook 8098 
output 8004 8044 8063 8095 8100 
outstanding 8010 8020 8034 8043 
outstripped 8074 
over-dramatizing 8024 
over-valued 8074 
overseas 8004 8066 8069 8080 8098 8102 
overshoot 8070 
owned 8006 8054 8076 8092 8100 
owner 8085 8100 
owns 8091 8100 
pace 8008 8069 
pacific 8057 
package 8072 8098 
pact 8010 8029 8044 8060 
paid 8022 8025 8054 8055 8107 
paid-up 8096 
pain 8080 
painewebber 8024 
palapa 8031 
pall 8098 
palm 8003 8027 8086 
panamanian 8105 
panganiban 8085 8091 
paper 8055 8061 8083 
par 8034 8035 8100 
parent 8091 
paringa 8100 
paris 8055 8081 8082 8088 8097 
park 8081 
parking 8059 
parliament 8083 
parliamentary 8069 
part 8020 8024 8040 8046 8062 8064 8073 8074 8075 8077 8080 8099 8101 
partial 8107 
participants 8067 8080 
participate 8106 
participation 8074 8076 8078 
parties 8091 
partly 8049 
partners 8012 8088 8102 
partnership 8012 8020 
parts 8041 
party 8073 8091 
pasadena 8012 
pass 8098 
passed 8044 
passengers 8094 
past 8024 8044 8055 8080 
patents 8080 
path 8097 
patient 8053 
paul 8010 8055 8075 
paulo 8076 
pay 8012 8016 8042 8049 8069 8074 8091 8096 8107 
payable 8007 8012 8025 8028 8056 
paying 8004 8074 8075 
payload 8031 
payment 8004 8022 8046 
payments 8004 8035 8038 8055 8064 8069 8075 8076 8077 8101 
payout 8007 
paz 8055 8062 
peabody 8035 
peace 8095 
peak 8068 
peking 8061 8067 
penalize 8029 
penalized 8044 
penalties 8044 
pending 8055 
pensioners 8068 
percentage 8060 8103 
performer 8092 
period 8015 8068 8090 8095 8098 
periods 8032 
permits 8041 
persian 8093 
persist 8041 
persisted 8098 
person 8023 
personal 8033 8076 
persuade 8038 8072 
persuading 8041 
pertaining 8040 
peso 8055 
pesos 8085 8091 
pet-chem 8088 
pete 8044 
peter 8004 8077 8098 8099 8107 
petro-diamond 8015 
petrochemical 8088 
petroleum 8015 8089 
phenomeon 8024 
philip 8095 8098 
philippine 8049 8085 8091 8099 
philippines 8049 8085 8091 
physical 8053 
pipeline 8100 
pipelines 8100 
pirating 8080 
pix-expected 8009 
place 8029 8060 8073 8074 8098 
plagued 8073 
plan 8004 8010 8023 8038 8040 8074 8077 8086 8095 8099 
planned 8022 8094 
planning 8040 8055 8074 8091 8098 8099 
plans 8006 8009 8091 
plant 8006 8022 8089 8092 
planters 8085 8091 
play 8097 
played 8074 
players 8024 
plc 8075 8100 
pledge 8038 
pledged 8093 
plunged 8041 
point 8075 8103 
pointed 8024 8076 
points 8024 8049 8066 8075 
police 8062 8068 
policies 8076 
policy 8044 8069 8073 8075 8076 8098 
policy-making 8077 
political 8073 8080 8096 8101 8102 8107 
politically-influential 8004 
poll 8073 
polls 8073 
poor 8024 8035 8106 
popularising 8080 
populous 8069 
pork 8008 
pork-belly 8008 
porter 8004 
portfolio 8054 
portfolios 8098 8099 
ports 8061 
position 8038 8101 
positions 8024 
positive 8098 
possibility 8009 8070 8071 
possibly 8075 
potential 8070 8080 
potentially 8008 
poultry 8008 
pound 8004 
powell 8076 
power 8009 8022 8034 8077 8095 
powerful 8076 
powers 8106 
practical 8029 
practice 8076 
practices 8054 
prauge 8080 
prawiro 8086 
pre-organization 8056 
pre-reorganization 8056 
pre-tax 8096 
predicted 8070 8072 8088 
preference 8065 
preferential 8081 
preferred 8022 8032 8034 
preliminary 8022 8063 
premier 8107 
premium 8043 
prensa 8078 
preparations 8080 8084 
prepared 8010 8029 8065 8077 
preparing 8055 8080 8106 
preponderance 8024 
prerequisite 8091 
present 8060 8075 8079 8082 
presented 8105 
presenting 8066 
presently 8074 
preserve 8097 
president 8029 8031 8038 8041 8044 8055 8062 8068 8069 8072 8075 8076 8079 8085 8091 8093 8099 8101 8105 
presidential 8085 
press 8068 8069 8076 
pressed 8077 
pressing 8029 8076 
pressure 8102 
prevailing 8088 
preventing 8080 8099 
previous 8089 8093 8095 
previously 8010 8019 8033 8065 
price 8004 8015 8034 8041 8055 8060 8065 8076 8085 8095 8098 
priced 8035 
prices 8033 8039 8041 8050 8051 8060 8069 8070 8074 8086 8095 8098 8101 8105 8107 
pricing 8035 
prime 8029 8081 8083 8095 8103 8107 
prince 8095 
princess 8095 
principal 8035 8042 8077 
principle 8082 
prior 8024 8025 8027 8028 8045 
priority 8035 
pritchett 8080 
private 8044 8069 8070 8076 8081 
privatise 8055 
probes 8059 
problem 8029 8077 8097 8101 8106 
problems 8075 8079 8088 8102 8107 
proceed 8080 
proceeds 8014 8034 8035 8065 
process 8045 
processing 8004 
procurement 8029 
produce 8049 
produced 8004 
producer 8086 8100 
producers 8004 8060 8090 8105 
produces 8044 
producing 8006 8060 
production 8003 8004 8041 8044 8060 8063 8076 8095 8100 
productive 8046 
productivity 8107 
products 8004 8044 8063 8080 8085 8101 
professor 8075 
profit 8017 8030 8036 8047 8056 8066 8087 8094 8096 
profits 8094 8096 
program 8004 8013 8055 8059 8074 
programme 8094 
programmes 8101 
progress 8049 8069 8080 8088 8106 
progressive 8004 
project 8022 8039 8081 8082 8106 
projected 8041 8066 8069 
projects 8069 8078 8082 
prolonged 8009 8061 
prominent 8074 
promise 8093 
promote 8009 8069 8072 8075 8077 
properties 8025 8032 8039 
property 8080 
proportion 8055 
proportions 8024 
proposal 8004 8049 8055 8060 8075 8099 
proposals 8055 8080 8099 
propose 8029 8099 
proposed 8021 8072 
proposing 8004 8055 8072 
prosecutors 8068 
prospect 8098 8103 
prospects 8070 
prospectus 8037 
protect 8023 
protected 8069 
protectionism 8097 8101 8106 
protectionist 8080 8097 8106 
protest 8009 8086 
protested 8086 
protests 8086 
prove 8055 
proved 8041 
provide 8008 8038 8069 8098 8101 
provided 8055 8081 8099 
provincial 8029 8033 
provision 8011 8022 8060 8079 
provisional 8087 8094 
provisions 8060 8072 
prowler 8018 
pty 8100 
public 8012 8022 8029 8034 8037 8038 8040 8055 8068 8074 8106 
publication 8095 
published 8070 8073 8088 8091 8107 
pullback 8024 
pulled 8080 
purchase 8054 8078 
purchases 8020 8044 8060 
purpose 8020 8060 
purposes 8083 8099 
purse 8077 
pursuant 8034 
push 8024 
pushing 8003 
put 8008 8031 8038 8055 8077 8098 8099 
puts 8073 
qatar 8088 
qiantangjiang 8061 
qlty 8028 
qtly 8025 8028 
qtr 8001 8005 8026 8027 8036 8047 8056 
quantity 8004 
quarter 8006 8025 8041 8045 8070 
quarter-end 8098 
quarterly 8012 
quasijudicial 8029 
queen 8095 
queensland 8100 
question 8029 
question-and-answer 8029 
questioned 8068 8071 
questions 8029 8071 
quickly 8041 
quota 8004 8088 
quotas 8060 8105 
quoted 8084 8085 8091 8107 
quoting 8099 
r-ill 8004 
rachmat 8086 
radical 8107 
radio 8093 8101 
radios 8044 
radius 8086 
rafidain 8096 
raif 8107 
rail 8081 
raimond 8088 
rain 8029 
rainfall 8061 
raise 8009 8033 8041 8069 8086 8096 8098 8101 
raised 8060 8096 
raises 8033 8096 
raising 8066 
ramon 8091 
ran 8009 
randhurst 8046 
range 8098 
ranging 8044 
rapidly 8102 
rapids 8001 
rash 8029 8098 
rate 8004 8012 8022 8033 8049 8055 8070 8074 8097 8098 8103 
rated 8021 8035 
rates 8009 8055 8076 8097 8103 8107 
ratification 8060 
ratified 8060 
rating 8021 
ratio 8057 
raton 8071 8072 
ravages 8061 
ravaging 8061 
raw 8004 
rces 8068 
re-open 8094 
re-weight 8098 
reach 8029 8075 8077 8082 8088 8105 
reached 8010 8029 8031 8077 8082 8088 
reaches 8061 
reaction 8101 
read 8093 
readjustment 8080 
ready 8080 
reaffirming 8095 
reagan 8004 8029 8031 8044 8072 8075 8077 
real 8075 8076 8085 8097 
realise 8106 
realises 8055 
realistic 8074 8106 
realty 8028 
reasons 8080 
rebound 8098 
recapture 8041 
recapturing 8041 
receipts 8064 
receive 8004 8061 8065 
received 8069 
recent 8041 8095 8099 
recently 8009 8021 8086 
recession 8069 8076 
reclaim 8041 
recommend 8044 
recommended 8044 
reconsider 8077 
record 8003 8007 8012 8016 8023 8024 8025 8028 8044 8061 8103 8107 
recorded 8009 8039 
recoverable 8004 
recoveries 8039 
recovery 8053 8074 
red 8008 
redeem 8014 8034 8043 
redressing 8095 
reduce 8004 8065 8071 
reduced 8009 8055 8074 8077 8099 
reducing 8045 8074 8107 
reductions 8072 
refelcted 8096 
reference 8060 
referring 8088 
refinancing 8107 
refiners 8004 
refinery 8089 
refining 8015 
reflect 8022 
reflected 8074 8106 
reflection 8024 
reflects 8056 
reform 8038 8069 8072 
reforms 8055 8069 8077 
refusal 8095 
regain 8041 
regan 8072 
region 8055 8100 8105 
regional 8105 
regions 8075 
registered 8091 8096 
registration 8014 8034 
regret 8086 
regretted 8107 
regular 8007 8040 8098 8104 
regularly-scheduled 8053 
regulate 8079 
regulated 8076 
regulation 8024 
regulations 8076 8080 
regulators 8052 8054 8058 8099 
reinstate 8094 
rejected 8010 
rejection 8029 
related 8040 8055 
relations 8029 8076 8088 8095 
relative 8097 
relaxation 8076 
releases 8098 
reliable 8099 
rely 8004 
remain 8033 8055 8060 8075 
remainder 8035 
remained 8088 
remaining 8046 
remains 8029 8039 8060 8077 
remarks 8029 8107 
remittance 8064 
remittances 8066 
remote 8041 
remove 8097 
removing 8074 
renewal 8099 
renewed 8055 
renounced 8095 
reopen 8009 
rep 8004 
rep. 8044 
repaid 8107 
repair 8078 
repay 8035 8101 
repayment 8034 8107 
repayments 8107 
repeated 8077 
replenish 8041 
replenishment 8077 
report 8003 8008 8045 8057 8069 8070 8075 8079 8082 8085 8098 8099 
reported 8022 8050 8051 8066 8076 8085 8091 8092 8094 
reporters 8033 8044 8069 8075 8076 8085 8086 8091 8106 8107 
reporting 8050 8051 8094 
reports 8024 8068 8076 8094 8098 8107 
represent 8075 
representative 8074 8075 8080 8105 8106 
representatives 8004 8044 8080 8085 8105 
represents 8009 8033 
republican 8044 8072 
request 8075 
require 8060 
required 8059 
requirement 8056 8096 8098 
requirements 8022 8029 8041 8056 8059 
requires 8075 8097 8099 8101 
requirments 8003 
reschedule 8055 
rescheduling 8049 8055 
rescinded 8010 
resemble 8060 
reserve 8015 8022 8041 8064 8098 8104 
reserves 8041 8055 
residual 8041 
resignation 8079 
resist 8004 
resolution 8029 8044 
resolve 8077 8080 
resolved 8077 8102 
resolving 8029 
resort 8080 
resource 8033 
resources 8015 8041 8050 8051 8100 
respecting 8022 
respective 8098 
respects 8060 
responded 8069 
response 8023 8097 8103 
responsible 8009 8075 8099 8106 
responsive 8060 
rest 8009 8070 8106 
restated 8057 
restore 8095 
restrictions 8076 8080 
restructure 8009 8049 
restructuring 8045 
result 8004 8009 8022 8031 8038 8046 8050 8051 8054 8063 8088 
resulted 8004 8045 
resulting 8064 8077 
results 8032 8050 8051 8073 8087 
resurgence 8101 
retailer 8046 
retain 8052 
retaliation 8106 
retired 8095 
retirement 8022 8024 
retraced 8024 
return 8044 8055 8095 
reveal 8099 
revenue 8055 8066 
revenues 8009 8033 8069 
reverse 8080 
review 8080 8098 8106 
reviews 8060 
revise 8060 
revised 8022 8060 8063 
revises 8011 8022 
revision 8022 8060 
revs 8001 8005 8017 8026 8027 8030 8032 8036 8047 8056 
rewrite 8072 
reynolds 8024 
rica 8105 
richard 8062 
richfield 8015 
ricostruzione 8087 
rifts 8077 
rights 8010 8023 8095 
ring-free 8015 
ripe 8088 
ripped 8089 
rise 8003 8009 8063 8070 8072 8092 8094 8096 8098 
rises 8033 8072 8092 
rising 8003 8009 8063 
risk 8020 8097 
risks 8070 
risparmio 8079 
rivers 8061 
riyadh 8095 
road 8081 
rockefeller 8075 
rocket 8019 8031 
roeller 8101 
rog 8023 
rogers 8023 
role 8038 8097 
roll 8024 
rollbacks 8009 
rolled 8024 
rolling 8024 
roman 8009 
rome 8079 
rome-milan-los 8094 
ron 8024 
ronald 8031 
room 8077 
rooms 8067 
rose 8003 8057 8060 8090 8092 8094 8098 
rostenkowski 8071 8072 
round 8049 8080 8102 8106 
route 8062 
routes 8094 
row 8074 
rubber 8060 
rule 8024 
ruled 8091 
rules 8029 8074 8080 8099 
ruling 8060 8073 
rumours 8091 
run 8054 8055 8070 8097 8098 8101 
running 8055 8079 8083 
runs 8015 
rural 8074 
s.a. 8092 
sachs 8014 8024 
saddam 8093 
safeguarding 8079 
sahres 8034 
salaries 8054 
salary 8022 
sale 8040 8054 
saleh 8086 
sales 8010 8041 8060 8090 8092 8098 
salomon 8098 
salvador 8105 
san 8016 8029 8057 8075 8085 8091 
sanchez 8055 
sanctions 8044 
sanremo 8087 8094 
santos 8100 
sao 8076 
sapio 8079 
saragossa-based 8092 
sarney 8076 
satellite 8031 8084 
satellites 8084 
satisfactory 8070 8075 
satisfied 8074 
saturday 8049 
saudi 8088 8095 
saudi-arabia 8095 
save 8044 
savings 8054 
sbn 8026 
scandal 8099 
sceptical 8074 
scheduled 8035 8074 8104 
scheme 8055 
schlesinger 8070 
scotland 8089 
scrutiny 8107 
scuttle 8077 
sea 8095 8100 
seafarers 8009 
season 8009 
seasonal 8008 
seaway 8009 
sec 8059 
sec-nyse 8024 
second-tier 8074 
secondary 8055 8103 
secrecy 8099 
secretary 8004 8029 8044 8072 8077 8097 8099 
section 8009 8069 
sector 8055 8069 
sectors 8041 8076 
secure 8029 
secured 8035 
securities 8014 8020 8024 8035 8040 8059 8065 8071 8072 8098 
security 8085 
seek 8029 8075 8080 8105 
seeking 8022 8029 8092 8106 
seeks 8049 
sees 8029 8045 8050 8051 8059 8106 
seized 8085 8091 
self-governing 8099 
sell 8020 8024 8040 8060 8065 8101 
selling 8024 8044 8074 8098 
sells 8035 
semi-official 8088 
semiconductor 8044 
semiconductors 8106 
sen 8044 
sen. 8044 
senate 8004 8044 
senators 8044 
send 8079 
senior 8035 8041 8049 8068 8069 8079 
sense 8080 
sentiment 8024 8080 
separately 8006 
sepember 8080 
september 8013 8029 8037 8042 8044 8046 8063 8074 8106 
serial 8034 
series 8034 8043 8069 8073 8102 
serve 8055 
served 8060 
service 8021 8022 8067 8080 8094 8099 
services 8066 8078 8080 
servicing 8055 
session 8029 8060 8074 8099 
set 8009 8012 8055 8060 8070 8075 8077 8088 8091 8092 8101 8103 8106 
setback 8008 
setbacks 8073 
sets 8012 8033 
setting 8074 8075 
settlement 8022 
seven-year 8098 
severe 8093 
severely 8069 
seylla 8067 
sfem 8074 
shaanxi 8061 
shad 8059 
shadow 8008 
shanghai 8094 
shanxi 8061 
share 8010 8017 8022 8023 8030 8032 8034 8039 8041 8045 8069 8077 8085 8090 8100 
shareholder 8023 8037 
shareholders 8023 8065 8087 
shares 8020 8023 8024 8034 8045 8057 8065 8085 8091 8096 8100 
sharp 8041 8070 8076 8077 
sharply 8024 8033 8098 
shearson 8008 8040 
shelf 8034 
ship 8009 
shippers 8009 
shipping 8009 
ships 8009 8019 8061 
shoji 8068 
short 8004 8021 8024 8033 8057 8101 
short-term 8034 
shortage 8064 
shorter-dated 8098 
shortfall 8041 
shortly 8055 
show 8098 8107 
showed 8008 8024 8073 8095 
shown 8038 
shows 8096 
shr 8001 8005 8017 8026 8027 8030 8032 8036 8047 8048 8056 
shrs 8001 8005 8027 
sichuan 8061 
side 8024 8097 
sides 8009 8049 8088 
sidetracked 8080 8106 
sideways 8098 
sign 8002 8081 
signal 8049 8107 
signalling 8077 
signature 8060 
signed 8010 8044 8067 8095 
significant 8024 8064 
significantly 8041 
signs 8024 8067 8070 8076 8098 8099 
similar 8055 8065 
similarly 8060 
simple 8024 8077 
simultaenously 8024 
single 8009 
sinking 8014 
siregar 8069 
site 8006 
situation 8008 8075 8101 8107 
six-month 8098 
six-nation 8088 
sixth 8068 8069 
size 8060 8075 
slash 8004 8044 
slice 8098 
slight 8061 
slightly 8008 
sloppy 8054 
slowdown 8064 
slowed 8055 
slumbering 8098 
slump 8069 8098 
small 8004 8055 8099 
smashing 8068 
smith 8024 8035 8098 
smolinski 8041 
smoothly 8024 
snap 8098 
snowfalls 8061 
snt 8014 
snw 8036 
so-called 8080 8093 8099 
social 8073 8085 
socialist 8083 
soft 8029 
sold 8040 8069 8085 8091 
sole 8060 
solid 8024 
solution 8055 8079 8088 8097 8101 
solutions 8077 8106 
solve 8106 
solved 8088 8097 8101 
sonat 8014 
sonntagsblick 8099 
soriano 8091 
sort 8060 8097 
sou 8068 
sound 8015 
sources 8004 8055 8076 8077 8080 8092 8096 8099 
south 8061 8100 
south-east 8069 8086 
southeast 8003 
southern 8014 8093 
southerners 8080 
soviet 8038 
soviets 8038 
sowing 8061 
soybean 8003 
spa 8087 8094 
spadine 8041 
spain 8078 8092 
spanish 8078 8092 
speaker 8071 8072 
speaking 8060 8084 8107 
special 8025 8072 8079 
specific 8020 8023 8069 
specifications 8082 
speculated 8055 
speculation 8040 8060 8064 
speech 8077 8093 
spell 8069 
spend 8069 
spending 8022 8033 8055 8069 8072 
spin-off 8065 
spoil 8093 
spoke 8060 
spokesman 8010 8040 8053 8055 8082 8089 8091 8094 8101 
spokesmen 8091 
spokeswoman 8009 8022 
sports 8067 
spot 8041 
spotlight 8055 
spread 8098 
spring 8003 8009 8041 8061 
springs 8100 
square 8006 
st 8009 8068 
st. 8009 8010 
stabbed 8068 
stabilisation 8055 8095 
stabilise 8095 
stability 8101 
stabilize 8004 8105 
stable 8098 
stadium 8067 
staff 8022 8053 8059 8072 
stage 8070 
stake 8020 8040 8065 8091 8100 
stand-by 8055 
standard 8024 8035 
standards 8074 
standing 8101 
stands 8041 
stanwood 8036 
start 8047 8076 8084 8096 8098 
starting 8094 
starts 8069 
state 8022 8029 8044 8046 8052 8054 8055 8058 8062 8069 8076 8080 8081 8087 8095 
state-run 8069 
state-sponsored 8095 
statement 8014 8069 8074 8079 8081 8098 8100 8104 8105 
states 8029 8044 8077 8080 8097 8106 
station 8022 
statistics 8041 
statutory 8066 8079 
steadily 8074 
steady 8009 
steel 8078 
steering 8055 
stemmed 8070 
step 8101 
stephen 8076 
steve 8024 
stevens 8024 
stg 8095 
sticking 8049 
stimulated 8004 
stock 8010 8020 8022 8023 8024 8034 8057 8059 8060 8072 8085 8091 
stockholders 8054 
stocks 8008 8024 
stop 8044 8074 
storage 8008 8041 
stores 8046 
storeys 8067 
story 8099 
stos.s 8100 
straight 8003 8084 
strained 8076 8088 8095 
strategic 8065 
strategy 8077 
streamline 8062 
streamlining 8045 
street 8016 8024 8046 8059 8072 
strength 8024 
strengthen 8086 8101 
stress 8095 
strictly 8099 
strife 8003 
strike 8009 8092 
strikes 8092 8107 
string 8072 
strings 8077 
strong 8024 8041 8097 8101 8103 
stronger 8050 8051 
strongly 8004 8070 
structural 8055 8074 
struggle 8097 
studies 8084 
sub-saharan 8003 
subject 8098 
submarine 8013 
subordinated 8042 
subpoenaed 8040 
subsidiary 8021 8091 
subsidies 8004 8074 8080 
substantial 8029 
substantially 8050 8051 
succeed 8080 8102 
success 8060 8102 
successful 8015 8041 8055 8074 8080 8084 8088 
successive 8070 
sued 8037 
sueddeutsche 8070 
suffer 8074 
suffered 8053 
suffering 8068 
sufffered 8053 
sufficient 8101 
sugar 8004 
sugar-containing 8004 
sugarcane 8004 
suggest 8077 
suggested 8072 8075 8085 
suharto 8031 8069 
suit 8037 
suitors 8010 
sulbath 8032 8039 
sullivan 8017 
sulpetro 8032 8039 
sum 8065 
summary 8003 
summer 8061 8077 8094 
sunbelt 8026 
sunday 8073 8085 8091 
super-computers 8106 
suplies 8041 
supplied 8041 
supplies 8041 
supply 8037 8055 8070 8074 8098 
support 8004 8069 8072 8095 
supported 8069 8072 8073 
surat 8100 
surplus 8041 8044 8095 
surpluses 8009 8044 
surprised 8076 
surtax 8033 8066 
survey 8073 
surveys 8073 
survives 8024 
suspected 8068 
suspend 8038 
suspending 8076 8107 
suspension 8101 
suspicion 8085 
sustainable 8095 
swaps 8055 
sweetener 8004 
sweeteners 8004 
swindling 8068 
swiss 8099 
switch 8041 
switzerland 8060 8099 
syndicate 8067 
syria 8095 
syrian 8095 
syrians 8095 
syrup 8004 
system 8072 8074 8075 8080 8084 8085 8097 8101 8104 8107 
systems 8006 8012 8044 
t-bill 8104 
tabak 8024 
table 8004 
tackett 8053 
tackle 8069 
tahir 8084 
taipei 8063 
taiwan 8063 
taiwanese 8063 
takeover 8023 8091 
takes 8033 
taking 8098 
talk 8097 8098 
talking 8106 
talks 8009 8049 8076 8080 8082 8095 8102 8105 8106 
tanjug 8107 
tap 8085 
target 8044 8070 8092 8097 
targeted 8004 
targets 8004 
tariffs 8044 8080 8088 8102 8106 
tarter 8019 
task 8075 
taste 8077 
taupo 8080 8102 8106 
tax 8022 8024 8033 8039 8055 8056 8066 8071 8072 8098 
taxable 8033 
taxes 8033 8066 8072 
team 8055 
tear 8062 
technology 8044 8075 
telecommunications 8027 8084 
telegraph 8073 
television 8038 8068 8076 8093 8097 
telford 8095 
telling 8085 8091 
temporary 8033 8038 8079 
tended 8029 8106 
tender 8104 
tensions 8076 
term 8021 8033 8102 
terminated 8046 
termination 8036 
terms 8010 8055 8075 
terribly 8106 
terrier 8019 
territory 8100 
terrorism 8094 8095 
test 8082 
tex 8035 
texaco 8015 
texas 8006 8026 8035 8054 8071 
textiles 8063 
thatcher 8095 
things 8008 
thiokol 8019 
thousands 8055 
threat 8009 8097 
threatened 8077 8107 
threatening 8088 
three- 8098 
thrift 8054 
throughput 8100 
thursday 8074 8098 
tied 8077 
ties 8070 8095 8096 
tight 8041 
tighten 8041 
tightened 8024 
tightening 8080 
tightly 8076 
time 8024 8070 8086 8088 8091 8093 8098 
times 8024 8055 8073 8076 8080 8085 8091 8107 
timetable 8107 
tin 8055 
tishomingo 8058 
tmoc 8100 
today 8024 8033 8044 8049 8063 8068 8069 8098 8099 
toe 8079 
tokyo 8044 8069 8103 
told 8020 8029 8033 8041 8044 8053 8055 8062 8064 8069 8070 8071 8072 8074 8076 8080 8083 8086 8088 8095 8096 8099 8102 8106 8107 
tolls 8009 
tomorrow 8038 8069 8088 8104 
tonnes 8060 8086 
tons 8004 8009 
top 8092 
topic 8101 
torday 8077 
tornado 8095 
toronto 8048 8050 8051 
total 8003 8008 8010 8020 8052 8054 8057 8062 8091 8098 
totaled 8054 
totaling 8022 8047 
totalled 8090 8095 
totalling 8069 
touch 8102 
tough 8009 8076 
tourist 8078 8080 
tourists 8067 8094 
tours 8095 
toyko 8075 
toyota 8068 
track 8029 
trade 8029 8044 8060 8069 8076 8080 8086 8088 8095 8097 8102 8105 8106 
traded 8003 8055 8057 8098 
trademarks 8080 
trader 8024 
traders 8008 
trades 8055 
trading 8015 8020 8024 8057 8059 8065 8080 8097 8106 
traditionally 8095 8098 
traffic 8009 8094 
tragedy 8080 
tranche 8035 
tranches 8035 
transaction 8021 8052 
transactions 8040 8071 8074 
transfer 8006 
transfered 8054 8058 
transferred 8054 
transfers 8072 
transmitted 8004 
transport 8015 8098 
transportation 8009 8063 
traveled 8009 
treasurer 8033 
treasury 8072 8077 8079 8097 8098 8104 
trend 8024 8074 
trends 8004 8060 
trial 8095 
trilateral 8075 
trillion 8041 
trip 8095 
triple 8024 
troops 8093 
tropical 8003 8080 
trouble 8069 
troubled 8080 
true 8074 
trust 8028 8041 8058 8098 
tuesday 8024 8069 8081 8095 8098 8099 
turn 8029 
turning 8038 
turnover 8085 8087 
two- 8098 
two-day 8106 
two-thirds 8062 
two-year 8098 
tx 8006 8015 
txn 8006 
tying 8009 
type 8024 8055 8082 
type= 8002 8011 8025 
types 8059 
u.k. 8032 8098 
u.n 8060 
u.s 8004 8031 8044 8053 8058 8071 8072 8094 8097 8098 
u.s. 8003 8004 8009 8015 8041 8043 8044 8063 8069 8071 8072 8077 8080 8085 8097 8098 8099 8100 8106 
u.s.-canadian 8029 
uae 8088 
ucpb 8085 
uk 8073 8089 8095 
ultimately 8099 
unanimously 8044 
uncertainty 8070 
unclear 8055 
unctad 8060 
underground 8041 
undermine 8074 8098 
underpinned 8024 
understanding 8040 8107 
understood 8071 
undertook 8068 
underwriters 8014 
underwriting 8054 
unemployed 8062 
unfavourably 8098 
unfortunate 8064 
unfounded 8064 
unilateral 8101 
union 8009 8038 8092 
unit 8007 8012 8014 8035 8042 8053 8092 
united 8029 8039 8044 8060 8077 8080 8085 8088 8091 8097 8106 
unitholders 8012 
units 8022 8090 8092 
university 8008 
unofficial 8092 
unpaid 8043 
unproc 8025 
unresolved 8088 
unsafe 8054 
unsound 8054 
unsure 8069 
untied 8069 
unwillingness 8106 
upham 8024 8098 
upper 8060 
upward 8009 8024 
upwards 8097 
urban 8074 
urge 8069 
urged 8092 
urgency 8080 
urgent 8029 
uruguay 8080 8102 8106 
usda 8003 8004 8008 
users 8004 8041 
usual 8104 
utilised 8085 
utilities 8041 
utility 8022 
va. 8030 
valuable 8085 8091 
values 8085 8100 
vancouver 8043 
varieties 8003 
veg-oil 8003 8086 
vegetable 8003 8086 
venice 8080 8102 
verging 8106 
vernon 8054 
versus 8055 
veto 8077 
viable 8055 
vice 8041 
vice-president 8009 8070 
victory 8093 
view 8068 
viewed 8070 
views 8082 8099 
vigorously 8037 
violations 8044 8059 8079 
virtual 8077 
virtually 8044 
visit 8055 8062 8069 8088 8095 
visited 8095 
visiting 8094 
visits 8095 
vmlp 8007 
vmlpz 8007 
vms 8007 
volatility 8024 8098 
volume 8057 
vote 8040 8077 
voting 8077 
wage 8009 8092 
wages 8009 8055 8092 8107 
waiting 8068 
waived 8044 8055 
walkout 8009 
wall 8024 8059 8072 
walt 8081 
wane 8098 
wanted 8068 8069 8076 8099 
war 8088 8093 
ware 8077 
warfare 8018 
warm 8095 
warn 8102 
warned 8024 8076 8093 8098 8107 
warplanes 8095 
warrants 8065 
wasatch 8019 
washington 8003 8004 8013 8018 8019 8020 8029 8038 8044 8052 8053 8054 8058 8077 
waste 8010 
water 8061 8066 
waterway 8009 
wave 8024 
ways 8071 8072 8080 
weakening 8074 
wear 8036 
wednesday 8029 8044 8098 
week 8004 8008 8010 8024 8044 8053 8069 8073 8074 8077 8085 8094 8095 8098 8104 8107 
weekend 8049 
weekly 8074 8094 8098 8104 
weeks 8098 
weizsaecker 8062 
welcoming 8080 
welfare 8072 
welland 8009 
wellington 8104 
wells 8041 
west 8015 8027 8062 8070 8082 8089 8090 8095 8107 
west-germany 8070 8082 8090 8101 
western 8009 8069 8074 8107 
wheat 8003 
whichever 8004 
white 8072 
wholly-owned 8092 
wide-ranging 8038 
widely 8098 
widening 8059 8097 
wider 8098 8099 
widespread 8107 
wieboldt 8046 
wilderness 8055 
william 8009 
willy 8106 
wilson 8044 
winter 8009 8041 
wisconsin 8034 
wise 8069 
wishes 8088 
witching 8024 
withdrawal 8104 
witter 8024 
wmx 8010 
wo 8009 
woerner 8082 
wolfgang 8101 
womens 8036 
wood 8029 
work 8006 8013 8018 8019 8029 8079 8082 8084 8088 8098 
worked 8024 8060 
workers 8009 8055 8092 
workforce 8062 
working 8029 8035 8105 
world 8003 8009 8038 8041 8055 8060 8069 8070 8074 8075 8076 8077 8080 8095 8097 8099 8101 8102 8106 
worldbank 8038 8055 8069 
worried 8074 8076 
worse 8102 
worsen 8070 
worsened 8003 
worst 8009 
worth 8026 8044 8065 8083 8095 
wright 8071 8072 
writedown 8032 8039 
writedowns 8039 
writeoff 8032 8039 8047 
writer 8072 
writers 8072 
written 8055 
wtc 8034 
yangtze 8061 
year-earlier 8090 
yearly 8085 8091 
years 8004 8009 8035 8055 8061 8068 8074 8075 8088 8106 
yen 8067 8068 8103 
yesterday 8010 8044 8053 8060 8065 8069 8074 8085 8091 8093 8097 8099 8106 8107 
yeutter 8080 8106 
yield 8098 
yielding 8003 
yields 8103 
york 8014 8020 8022 8024 8034 8035 8036 8040 8041 8045 8049 8055 8059 8060 8094 8098 
yugoslav 8083 
yugoslavia 8083 8107 
zealand 8080 8085 8102 8106 
zealander 8085 8091 
zeitung 8070 
zhujiang 8061 
zimbabwe 8064 
zomba 8066 
zone 8070 
zurack 8024 
zurich 8099 
