'filipinos 9758 
're 9795 9811 9816 
've 9795 
****** 9747 9748 9767 9768 9772 9773 9805 9815 9823 9824 9830 9832 9837 9851 9852 9857 9862 
-2nd-q 9860 
-com 9809 
-dealers 9783 
-maxxam- 9858 
-may-ge 9826 
-portugal-initi 9843 
-sees-ru 9808 
-t 9833 9842 
-talks 9846 
-to-hold-new-y 9850 
-to-sell 9867 
-to-supply 9840 
-units 9844 
/author 9754 9758 9759 9764 9774 9784 9835 9848 
0.05 9790 
0.1 9829 
0.10 9790 
0.1875 9790 
0.2 9824 9829 
0.24 9766 
0.3 9784 9848 
0.5 9749 9824 9829 
0.68 9803 
0.7 9749 9769 
0.70-0.71 9803 
0.75 9789 
0.83 9803 
0.87 9746 
0009 9837 9862 
0011 9823 9852 
0012 9767 
0013 9815 9832 
0014 9768 9772 9805 9824 
0015 9748 9773 9830 9857 
0016 9747 9851 
0024 9827 
0026 9868 
0033 9781 9845 
0043 9743 
0044 9825 
0049 9859 
0055 9828 
0057 9809 
0059 9814 
0060 9787 9818 9860 
0062 9744 
0063 9850 
0064 9778 9807 
0065 9863 
0069 9745 9756 
0072 9829 
0074 9810 
0077 9794 9839 
0078 9812 9844 
0080 9813 
0081 9834 
0082 9775 9855 
0083 9750 
0084 9749 9770 
0086 9753 9822 9858 
0088 9791 9841 
0089 9846 9865 
0090 9766 9840 
0091 9789 9797 9843 
0093 9790 9842 
0095 9817 9820 
0097 9774 
0098 9836 9867 9869 
0099 9833 9856 
0100 9764 9798 9811 9816 9854 
0101 9783 9788 
0102 9761 9765 
0103 9762 9792 9803 9806 
0104 9746 9752 9786 9804 9808 9826 9866 
0105 9751 9838 
0106 9758 
0107 9848 
0108 9763 9776 9784 
0109 9769 9801 
0110 9780 9785 9800 9819 
0111 9754 9759 9760 9777 9779 9831 9864 
0112 9755 9771 9793 
0113 9796 9821 
0114 9795 9802 9835 9853 
0115 9799 
0117 9757 
0118 9782 9861 
0122 9847 
0137 9849 
03-26 9743 9744 9745 9746 9747 9748 9749 9750 9751 9752 9753 9754 9755 9756 9757 9758 9759 9760 9761 9762 9763 9764 9765 9766 9767 9768 9769 9770 9771 9772 9773 9774 9775 9776 9777 9778 9779 9780 9781 9782 9783 9784 9785 9786 9787 9788 9789 9790 9791 9792 9793 9794 9795 9796 9797 9798 9799 9800 9801 9802 9803 9804 9805 9806 9807 9808 9809 9810 9811 9812 9813 9814 9815 9816 9817 9818 9819 9820 9821 9822 9823 9824 9825 9826 9827 9828 9829 9830 9831 9832 9833 9834 9835 9836 9837 9838 9839 9840 9841 9842 9843 9844 9845 9846 9847 9848 9849 9850 9851 9852 9853 9854 9855 9856 9857 9858 9859 9860 9861 9862 9863 9864 9865 9866 9867 9868 9869 
04:59:55.11 9744 
05:07:36.83 9745 
05:13:07.48 9746 
05:18:16.50 9747 
05:18:54.20 9748 
05:24:07.86 9749 
05:24:48.36 9750 
05:25:24.20 9751 
05:29:07.05 9752 
05:31:26.88 9753 
05:32:33.87 9754 
05:33:33.89 9755 
05:37:51.56 9756 
05:38:40.42 9757 
05:39:20.94 9758 
05:42:03.94 9759 
05:42:55.79 9760 
06:02:24.73 9761 
06:12:12.84 9762 
06:14:42.35 9763 
06:26:15.94 9764 
06:32:20.12 9765 
06:33:20.12 9766 
06:33:49.73 9767 
06:34:45.10 9768 
06:37:09.56 9769 
06:41:37.37 9770 
06:54:47.55 9771 
07:01:14.42 9772 
07:02:37.03 9773 
07:09:22.82 9774 
07:12:10.44 9775 
07:13:52.79 9776 
07:14:36.28 9777 
07:15:16.39 9778 
07:18:07.19 9779 
07:18:57.62 9780 
07:20:17.43 9781 
07:21:27.37 9782 
07:22:45.10 9783 
07:26:20.14 9784 
07:37:32.15 9785 
07:38:56.33 9786 
07:39:33.26 9787 
07:42:16.35 9788 
07:54:09.56 9789 
07:58:25.35 9790 
07:59:38.40 9791 
08:01:44.54 9792 
08:04:20.61 9793 
08:08:13.06 9794 
08:11:00.22 9795 
08:12:55.80 9796 
08:13:34.90 9797 
08:15:33.81 9798 
08:16:30.36 9799 
08:20:17.80 9800 
08:20:25.94 9801 
08:21:36.34 9802 
08:22:39.82 9803 
08:23:12.50 9804 
08:24:01.82 9805 
08:24:45.26 9806 
08:25:21.62 9807 
08:25:30.34 9808 
08:29:39.33 9809 
08:29:54.11 9810 
08:31:31.02 9811 
08:31:38.38 9812 
08:33:52.52 9813 
08:33:58.58 9814 
08:34:26.33 9815 
08:34:46.06 9816 
08:35:44.39 9817 
08:39:05.74 9818 
08:39:36.15 9819 
08:43:35.74 9820 
08:45:23.41 9821 
08:46:18.02 9822 
08:47:00.84 9823 
08:47:56.71 9824 
08:49:23.00 9825 
08:50:15.66 9826 
08:50:27.98 9827 
08:50:47.14 9828 
08:52:41.22 9829 
08:54:52.28 9830 
08:56:01.98 9831 
08:59:48.46 9832 
09:00:51.22 9833 
09:01:50.60 9834 
09:05:59.84 9835 
09:06:45.47 9836 
09:07:51.40 9837 
09:13:00.01 9838 
09:13:08.04 9839 
09:13:56.84 9840 
09:14:47.44 9841 
09:16:06.43 9842 
09:16:26.20 9843 
09:17:18.80 9844 
09:18:19.18 9845 
09:19:52.21 9846 
09:21:50.93 9847 
09:24:31.15 9848 
09:24:48.51 9849 
09:25:09.77 9850 
09:30:29.07 9851 
09:32:01.11 9852 
09:34:24.01 9853 
09:34:39.19 9854 
09:35:35.03 9855 
09:35:52.18 9856 
09:35:55.89 9857 
09:36:08.33 9858 
09:36:15.59 9859 
09:37:19.74 9860 
09:37:47.30 9861 
09:39:19.15 9862 
09:40:05.09 9863 
09:42:19.17 9864 
09:42:26.50 9865 
09:43:13.45 9866 
09:43:48.80 9867 
09:46:18.23 9868 
09:46:34.37 9869 
1,000 9750 9759 9775 9780 9842 
1,020 9754 
1,032,384 9817 
1,063,000 9810 
1,068 9842 
1,090 9754 
1,144,000 9810 
1,145 9841 
1,240 9841 
1,325 9754 
1,351 9782 
1,370 9754 
1,377 9773 9782 
1,400 9754 
1,420 9754 
1,759,000 9807 
1,780 9754 
1,820 9754 
1,825,000 9839 
1-1/4 9750 9775 
1-3/8 9828 
1.00 9803 
1.19 9769 
1.20 9754 
1.21 9756 
1.27 9756 
1.3 9746 9806 
1.30 9803 
1.35 9860 
1.40 9810 
1.44 9837 9839 
1.5 9769 9796 9856 
1.5960 9784 9848 
1.6050 9784 9848 
1.6075 9784 9848 
1.65 9806 
1.67 9818 
1.71 9860 
1.72 9822 
1.75 9751 9784 9848 
1.76 9836 
1.79 9769 
1.8 9769 
1.88 9818 
1/2 9753 9784 9848 
1/4 9750 9775 
1/8 9750 9757 9775 
1/8th 9765 9802 
10,000 9750 9759 9775 
10-year 9789 
10.0 9784 9848 
10.2 9760 
10.3 9761 
10.4 9748 9749 
10.5 9820 
10.62 9836 
10.7 9812 
10.9 9812 
100,000 9757 9774 
100-peso 9758 
100.25 9743 
100.419 9766 
104.0 9810 
11.0 9812 
11.25 9822 
11.3 9749 
11.4 9749 9841 
11.6 9760 9836 
11/16 9753 
1100 9784 9848 
112.2 9749 9763 
1130 9771 
114.6 9770 9818 9821 
114.69 9822 
12,933 9861 
12.0 9836 
12.1 9841 
12.9 9835 
120.82 9822 
121.6 9820 
127.75 9865 
13-bank 9835 
13.02 9744 
13.3 9860 
13.6 9792 
13.9 9759 
1300 9784 9848 9850 
131.0 9770 9821 
131.6 9807 
132,812 9817 
132.0 9807 
132.50 9865 
134.25 9865 
136.00 9865 
136.5 9770 9821 
137.65 9865 
14-3/8 9757 
14.05 9836 
14.1 9749 
14.35 9752 
14.9 9820 
141.00 9865 
141.81 9865 
142.2 9770 9821 
148.40 9764 
149.30/40 9764 9783 
149.40 9764 
15.22 9836 
15.5 9761 
15.50 9769 
15.9 9761 
15265 9744 
15266 9745 
15267 9746 
15268 9747 
15269 9748 
15270 9750 
15271 9751 
15272 9752 
15273 9753 
15274 9754 
15275 9755 
15276 9756 
15277 9757 
15278 9758 
15279 9759 
15280 9760 
15281 9749 
15282 9761 
15283 9762 
15284 9763 
15285 9764 
15286 9765 
15287 9766 
15288 9767 
15289 9768 
15290 9769 
15291 9770 
15292 9771 
15293 9772 
15294 9773 
15295 9774 
15296 9775 
15297 9776 
15298 9777 
15299 9778 
15300 9779 
15301 9780 
15302 9781 
15303 9782 
15304 9783 
15305 9784 
15306 9785 
15307 9786 
15308 9787 
15309 9788 
15310 9789 
15311 9790 
15312 9791 
15313 9792 
15314 9794 
15315 9795 
15316 9796 
15317 9797 
15318 9798 
15319 9799 
15320 9800 
15321 9801 
15322 9802 
15323 9803 
15324 9804 
15325 9805 
15326 9806 
15327 9793 
15328 9807 
15329 9808 
15330 9809 
15331 9810 
15332 9811 
15333 9812 
15334 9813 
15335 9814 
15336 9815 
15337 9816 
15338 9817 
15339 9818 
15340 9819 
15341 9820 
15342 9821 
15343 9822 
15344 9823 
15345 9824 
15346 9825 
15347 9826 
15348 9827 
15349 9828 
15350 9829 
15351 9830 
15352 9831 
15353 9832 
15354 9833 
15355 9834 
15356 9835 
15357 9836 
15358 9837 
15359 9838 
15360 9839 
15361 9840 
15362 9841 
15363 9842 
15364 9843 
15365 9844 
15366 9845 
15367 9846 
15368 9847 
15369 9848 
15370 9849 
15371 9850 
15372 9851 
15373 9852 
15374 9853 
15375 9854 
15376 9855 
15377 9856 
15378 9857 
15379 9858 
15380 9859 
15381 9860 
15382 9861 
15383 9862 
15384 9863 
15385 9864 
15386 9865 
15387 9866 
15388 9867 
15389 9868 
15390 9869 
16.7 9841 9860 
16.9 9761 
16.98 9836 
161,000 9817 
168,000 9754 
17,210 9861 
17.6 9749 9792 9825 
170.4 9825 
171.31 9744 
177,000 9754 
179.44 9793 
18.1 9761 
18.5 9761 
181,500 9786 
19.6 9825 
19.7 9836 
1970 9806 
1977 9774 
1980 9770 9821 
1982 9792 9793 9819 9835 
1984 9754 9774 
1985 9756 9761 9764 9769 9792 9807 9836 
1985/86 9760 9793 9819 
1986 9744 9749 9752 9756 9761 9763 9769 9792 9800 9803 9804 9812 9816 9829 9836 9847 9856 9861 9866 9867 
1986/87 9751 9754 9760 9772 9773 9782 9793 
1987 9749 9759 9763 9769 9782 9784 9793 9799 9816 9820 9848 9856 9861 
1987/88 9754 9782 
1988 9754 9766 9778 9789 
1992 9750 9757 9775 9800 9838 
1993 9757 
1997 9765 9802 
1999 9843 
1st 9818 9825 9860 
2,064,768 9817 
2,142,118 9839 
2,223,000 9839 
2,234,768 9839 
2,454,000 9834 
2,507,000 9834 
2,598,000 9807 
2,600,000 9839 
2.193 9866 
2.2 9819 9856 9866 
2.25 9751 
2.5 9746 9769 9784 9787 9802 9848 
2.54 9836 
2.57 9812 
2.6 9819 9836 
2.61 9812 
2.65 9805 9812 
2.70 9812 
2.74 9752 
2.9 9856 
20,000 9865 
20.2 9792 
20.61 9836 
20.7 9761 
20.9 9836 
200-mln-dlr 9803 
2010 9842 
2012 9854 
202.55 9744 
2050 9843 
209.30 9793 
21.1 9786 
21.2 9760 
21.6 9749 
21.8 9760 
218.32 9822 
218.8 9782 
22,000 9865 
22.5 9839 
227.6 9820 
23.2 9810 
23.52 9836 
23.6 9854 
24.12 9836 
24.8 9810 
245,000 9865 
247.51 9856 
25.6 9839 
250,000 9791 
26-mar-1987 9744 9745 9746 9747 9748 9749 9750 9751 9752 9753 9754 9755 9756 9757 9758 9759 9760 9761 9762 9763 9764 9765 9766 9767 9768 9769 9770 9771 9772 9773 9774 9775 9776 9777 9778 9779 9780 9781 9782 9783 9784 9785 9786 9787 9788 9789 9790 9791 9792 9793 9794 9795 9796 9797 9798 9799 9800 9801 9802 9803 9804 9805 9806 9807 9808 9809 9810 9811 9812 9813 9814 9815 9816 9817 9818 9819 9820 9821 9822 9823 9824 9825 9826 9827 9828 9829 9830 9831 9832 9833 9834 9835 9836 9837 9838 9839 9840 9841 9842 9843 9844 9845 9846 9847 9848 9849 9850 9851 9852 9853 9854 9855 9856 9857 9858 9859 9860 9861 9862 9863 9864 9865 9866 9867 9868 9869 
26.06 9836 
260,000 9810 
266.6 9744 
27-member 9806 
275,000 9846 
277.72 9856 
28-week 9860 
28.0 9818 
28.00 9806 
28.9 9836 
286,000 9810 
29.3 9759 
293.3 9744 
2nd 9799 9815 9818 9860 
3,374,000 9807 
3,568,000 9807 
3-1/2 9859 
3.00 9754 
3.1 9866 
3.5 9769 9861 
3.51 9836 
3.7 9749 
3.7500/05 9753 
3.7506/09 9753 
3/8 9750 9753 9775 
30,000 9812 
30.075 9842 
30.4 9820 
302.08 9744 
307,138 9817 
31.5 9820 
31.6 9807 
31.7 9860 
313.2 9786 
315.9 9744 
32.11 9749 
32.9 9818 
33.25 9842 
34.6 9807 
340,000 9834 
341,000 9834 
35.4 9836 
375,000 9810 
38.1 9839 
39.0 9839 
39.5 9860 
4,000 9774 
4,046,000 9810 
4,868,000 9839 
4-3/8 9743 
4.1 9804 
4.20 9779 
4.34 9744 
4.4 9749 
4.5 9804 
4.8 9747 9749 
4.9 9749 
400,000 9843 
400-odd 9758 
400-year-old 9843 
407,400 9756 
410,000 9861 
411.30 9799 9853 
42.3 9792 
42.56 9749 
431,000 9756 
44,268 9817 
44.5 9827 
45.678 9746 
45.8 9860 
47.02 9760 
48.9 9860 
4th 9807 9810 9837 9839 
5,776,000 9807 
5,861,000 9807 
5-1/2 9753 
5-7/8 9753 
5.0 9820 
5.4 9787 
5.5 9749 9803 
5.9 9761 9847 
5/8 9753 9796 
50.99 9792 
500,000 9774 9791 
53-3/4 9842 
53.5 9818 
53.7 9818 
531.0 9860 
55.4 9803 
557.5p 9771 
56.6 9818 
58,750,000 9806 
590p 9771 
6,111,000 9810 
6,750,000 9806 
6-1/2 9753 
6-7/8 9753 
6.1 9759 9760 
6.14 9803 
6.2 9761 
6.20 9770 9784 9821 9848 
6.6 9747 9749 
6.70 9803 
6.73 9770 9784 9821 9848 
6.84 9749 
6.85 9749 
6.88 9836 
6.9 9761 
6.93 9770 9784 9821 9848 
60.0 9818 
62.02 9822 
62.6 9749 
665,000 9807 
675,500 9865 
678.7 9860 
69,829 9861 
7-3/4 9857 
7.08 9842 
7.16 9770 9784 9821 9848 
7.2 9748 9749 
7.3 9769 
7.4 9749 9850 
7.5 9868 
7.6 9792 9856 
7.7 9835 
7/8 9796 
72.1 9784 9848 
73.23 9822 
74.5 9820 
785,800 9756 
8-1/2 9750 9775 
8.1 9841 
8.2 9751 
8.35 9836 
8.45 9766 
8.5 9842 
8.90 9766 
80.2 9749 
816.1 9839 
82.0 9787 
82.2 9818 
820,400 9756 
83-1/2 9835 
84.5 9787 
84.8 9825 
85.3 9825 
854,000 9746 
86.7 9818 
862.0 9818 
865.3 9839 
9,000 9754 
9-13/16 9784 9855 
9-7/8 9855 
9.1 9761 
9.4 9796 
9.5 9784 9848 
9.6 9761 
9.7 9758 
9.72 9822 
9.85 9789 
9.99 9836 
92.2 9818 
940,680 9817 
950.2 9818 
97.8 9810 
9744 9744 
9745 9745 
9746 9746 
9747 9747 
9748 9748 
9749 9749 
9750 9750 
9751 9751 
9752 9752 
9753 9753 
9754 9754 
9755 9755 
9756 9756 
9757 9757 
9758 9758 
9759 9759 
9760 9760 
9761 9761 
9762 9762 
9763 9763 
9764 9764 
9765 9765 
9766 9766 
9767 9767 
9768 9768 
9769 9769 
9770 9770 
9771 9771 
9772 9772 
9773 9773 
9774 9774 
9775 9775 
9776 9776 
9777 9777 
9778 9778 
9779 9779 
9780 9780 
9781 9781 
9782 9782 
9783 9783 
9784 9784 
9785 9785 
9786 9786 
9787 9787 
9788 9788 
9789 9789 
9790 9790 
9791 9791 
9792 9792 
9793 9793 
9794 9794 
9795 9795 
9796 9796 
9797 9797 
9798 9798 
9799 9799 
98.672 9766 
9800 9800 
9801 9801 
9802 9802 
9803 9803 
9804 9804 
9805 9805 
9806 9806 
9807 9807 
9808 9808 
9809 9809 
9810 9810 
9811 9811 
9812 9812 
9813 9813 
9814 9814 
9815 9815 
9816 9816 
9817 9817 
9818 9818 
9819 9819 
9820 9820 
9821 9821 
9822 9822 
9823 9823 
9824 9824 
9825 9825 
9826 9826 
9827 9827 
9828 9828 
9829 9829 
9830 9830 
9831 9831 
9832 9832 
9833 9833 
9834 9834 
9835 9835 
9836 9836 
9837 9837 
9838 9838 
9839 9839 
9840 9840 
9841 9841 
9842 9842 
9843 9843 
9844 9844 
9845 9845 
9846 9846 
9847 9847 
9848 9848 
9849 9849 
9850 9850 
9851 9851 
9852 9852 
9853 9853 
9854 9854 
9855 9855 
9856 9856 
9857 9857 
9858 9858 
9859 9859 
9860 9860 
9861 9861 
9862 9862 
9863 9863 
9864 9864 
9865 9865 
9866 9866 
9867 9867 
9868 9868 
9869 9869 
99.00 9789 
`` 9749 9751 9753 9754 9758 9759 9761 9763 9764 9769 9774 9776 9784 9788 9795 9796 9797 9798 9799 9801 9803 9804 9811 9813 9816 9819 9831 9835 9838 9841 9846 9848 9849 9853 9861 9864 9869 
abandoning 9785 9793 
aberrational 9784 9848 
ability 9762 9774 
abolition 9774 
abroad 9752 9760 9819 9841 
absorb 9759 
acapulco 9826 
accept 9758 
acceptable 9758 
accepted 9786 
access 9819 
accord 9764 9797 9835 
account 9747 9749 9768 9769 9770 9774 9784 9803 9821 9848 9856 9864 
accounted 9761 
accounting 9759 
accounts 9752 9759 9774 
accrude 9842 
accurate 9749 
achieve 9864 
achieved 9760 9761 9793 
achieving 9819 
acq 9755 9779 9809 9814 9823 9833 9844 9850 9858 9867 
acquire 9779 
acquired 9760 9817 
acquiring 9779 9817 
acquisition 9758 9790 9833 9850 
acquisitions 9761 9771 
acquisiton 9844 
acreage 9782 
acreages 9793 
act 9759 9774 
action 9764 9793 9801 
actions 9858 
active 9764 9783 9796 
actively 9759 9763 
activities 9761 9771 9785 9800 9863 
activity 9759 9771 
acts 9863 
added 9749 9758 9761 9763 9769 9777 9788 9792 9797 9798 9800 9811 9819 9831 9844 9864 
adding 9751 9754 9763 9788 9789 9799 9801 9853 9867 
addition 9790 9835 9840 
additional 9835 
additions 9818 
adequacy 9803 
adequate 9758 
adjusted 9749 9770 9784 9805 9812 9821 9834 9848 
adjusting 9788 
adjustment 9864 
adjustments 9782 9864 
administration 9780 9811 
administrative 9796 9826 
adminstration 9801 
adopt 9795 
adopted 9780 
adopting 9788 
advance 9759 9790 
advances 9790 
advantage 9835 
adversely 9861 
advice 9785 
advisory 9835 
aerospace 9771 
affairs 9831 
affect 9763 9771 9816 9835 9861 
affected 9761 
africa 9782 
african 9866 
afternoon 9855 
ag 9755 9760 9765 9794 9799 9802 9819 9853 
ageing 9786 
agency 9843 9863 
agent 9794 
ago 9764 9824 
agree 9764 
agreed 9764 9774 9797 9835 9840 9867 
agreement 9764 9774 9796 9797 9816 9833 9835 9840 9864 
agreements 9785 
agriculture 9754 9756 9793 
aid 9849 
aids 9762 
ailment 9762 
aimed 9759 9780 9863 
aiming 9866 
aims 9758 
air 9776 9826 
alaskan 9849 
alberta 9825 
ald 9806 
ali 9831 
alive 9797 
alliance 9848 
allied 9806 9814 
allowed 9754 9774 
allowing 9759 
alsf.pa 9778 
alsthom 9778 
alter 9777 
alternative 9793 
alternatively 9793 
alternatives 9788 
aluminium 9814 
amendment 9759 
america 9771 9866 
american 9754 9771 9806 9815 9818 9835 9846 9866 
ami 9818 
amount 9754 9783 9789 9790 9835 9842 9849 
amounted 9761 
amounts 9759 
analyst 9784 9848 
analysts 9774 9784 9799 9848 9853 9866 9869 
anarchy 9863 
andrew 9784 9848 
angeles 9803 9804 9845 9858 
angered 9835 
anibal 9843 
announced 9754 9758 9803 9819 9847 9859 
announces 9789 
annual 9751 9760 9769 9788 9789 9792 9804 9819 9835 9846 
annualized 9820 
anonymity 9774 
anticipated 9769 9861 
anticipates 9861 
anticipating 9764 
antonio 9826 
anxious 9803 
apparent 9746 9764 
appears 9784 9848 
application 9831 
applications 9834 
applied 9762 9838 
apply 9831 
appreciation 9792 
approach 9788 9795 9813 
approached 9796 
approval 9758 9759 9808 9858 
approve 9785 9858 
approved 9779 9785 9826 9844 9858 
approves 9779 9785 
approximately 9844 9846 
april 9743 9746 9754 9757 9762 9764 9765 9789 9808 9827 9828 9831 9840 9846 9849 9859 9868 
apt 9758 
apt-controlled 9758 
aquino 9758 
aquired 9762 
area 9761 9782 9793 
areas 9761 9793 
argentina 9793 
argue 9798 
argued 9774 
arising 9800 
arithmetic 9758 
arizona 9803 
arranged 9790 9791 9814 
arrangers 9790 
arrested 9780 
arrive 9831 
asahi 9762 
asat.t 9762 
ashai 9762 
asia 9755 9757 9866 
asian 9754 
asked 9758 9788 9798 9811 9835 
aspects 9793 
assess 9782 
assessed 9803 
asset 9758 9803 9818 
assets 9758 9785 9800 9803 9833 9841 9867 
assistance 9745 9784 9841 9855 
assistant 9864 
associates 9758 9790 
association 9754 9774 
assumes 9769 
assuming 9808 
astral 9779 
attacking 9780 
attempt 9746 9774 
attempted 9819 
attempting 9786 9835 
attempts 9864 
attend 9849 
attention 9788 
attractive 9759 
attributable 9744 
attributed 9770 9784 9793 9821 9848 
auction 9841 9859 
auctioned 9859 
auctions 9859 
august 9751 9835 
austerity 9780 
australia 9751 9758 9793 9866 
australian 9751 
austria 9765 9802 
author 9754 9758 9759 9764 9774 9784 9835 9848 
authorities 9764 9819 9838 
authority 9759 9785 9826 
authorizing 9826 
automation 9760 
automotive 9760 9771 
average 9749 9766 9769 9782 9789 9803 
averaging 9784 9848 
avg 9807 9818 9825 9860 
avionics 9867 
avoid 9751 9796 
awarded 9778 
axp 9806 
ayer 9809 
b-1 9854 
bac.nyse 9755 
back 9758 9759 9764 9774 
backed 9764 9788 
backing 9864 
bad 9784 9848 
bahrain 9753 
bair 9826 
baker 9764 9788 9795 9797 9798 9813 9816 
balance 9770 9793 9803 9816 9821 9849 9856 
balanced 9760 
balances 9745 
baldrige 9755 
bancorp 9803 9804 
band 9784 9855 
bank 9743 9745 9749 9752 9755 9758 9764 9769 9774 9777 9781 9783 9784 9788 9791 9792 9794 9795 9796 9803 9804 9814 9822 9828 9835 9838 9841 9848 9855 9857 9862 9868 
bankamerica 9755 
bankers 9745 9774 9796 9835 9841 
banking 9757 9759 9774 9796 9803 9835 9838 9864 
bankrupt 9758 
banks 9759 9764 9774 9780 9783 9788 9795 9796 9803 9804 9808 9830 9832 9835 9838 9841 
bankshares 9846 
banque 9757 9766 9838 
barber 9788 
barclays 9790 9835 
barley 9782 9865 
barred 9758 
barrel 9769 
base 9770 9784 9821 9848 
based 9766 9844 9856 
basic 9764 9796 
basically 9835 
basis 9757 9765 9766 9779 9826 9835 9856 
basket 9784 9792 9848 
basle 9743 
bc-****** 9747 9748 9824 
bc-******american-medica 9815 
bc-******best-products-c 9837 
bc-******foote-mineral-c 9823 
bc-******treasury's-mulf 9852 
bc-******u.s.-treasury 9851 
bc-/american-medical-int 9818 
bc-/u.s-treasury's-mulfo 9864 
bc-alsthom-awarded-900-m 9778 
bc-austria-makes-two-bil 9765 
bc-austria-treasury-note 9802 
bc-baker-opposes-stock-t 9813 
bc-baker-sees-15-to-20-b 9816 
bc-bank-of-france-buys-d 9862 
bc-bank-of-france-leaves 9857 
bc-bank-of-japan-buys-sm 9783 
bc-bank-of-spain-provide 9841 
bc-best-products-co- 9839 
bc-bnp-plans-100-mln-h.k 9757 
bc-boston-edison-co- 9827 
bc-bp- 9850 
bc-braniff- 9826 
bc-british-banks-resist 9830 9832 9835 
bc-cambrian-and-general 9800 
bc-canada-details-two-bo 9859 
bc-carolian-systems-sees 9861 
bc-china 9843 
bc-club-mediterranee- 9744 
bc-colonial- 9846 
bc-commission-approves-r 9779 
bc-conrail-initial-offer 9806 
bc-currency-exchange-los 9792 
bc-ec-sells-butter-stock 9786 
bc-ec-sugar-tender-seen 9746 
bc-ecc-approves-montedis 9785 
bc-economic-spotlight 9774 
bc-essex-chemical- 9854 
bc-ethyl-corp- 9844 
bc-eurofima-launching-40 9743 
bc-f.w.-dodge-reports-fe 9820 
bc-first-interstate- 9804 
bc-fluorocarbon-co- 9810 
bc-foote-mineral- 9833 
bc-foothill-group- 9869 
bc-foreign-firms-hope-to 9755 
bc-france's-caecl-issues 9766 
bc-french-february-unemp 9812 
bc-french-free-market-ce 9865 
bc-french-reserves-fall 9822 
bc-french-unemployment-r 9805 
bc-generale-head-calls-f 9838 
bc-german-analysts-see-g 9799 9853 
bc-german-cost-of-living 9829 
bc-german-current-accoun 9749 
bc-german-net-currency-r 9787 
bc-great-western- 9842 
bc-guinness-peat-has-cas 9790 
bc-gulf-escorts-still-un 9801 
bc-holiday- 9808 
bc-hong-kong-february-tr 9836 
bc-italian-treasury-anno 9789 
bc-iwc-lifts-1986/87-wor 9773 
bc-iwc-lifts-world-grain 9782 
bc-iwc-says-effect-of-lo 9793 
bc-iwc-ups-soviet-grain 9772 
bc-japan-beef-price-supp 9754 
bc-japanese-scientists-d 9762 
bc-jefferies-is-making 9845 
bc-k-mart- 9840 
bc-keating-revises-down 9751 
bc-krupp-has-satisfactor 9761 
bc-libyans-appear-to-be 9776 
bc-lucas-sees-continued 9771 
bc-malaysian-central-ban 9769 
bc-mco- 9858 
bc-mickelberry- 9809 
bc-mickelberry-corp- 9807 
bc-monetary-authorities 9764 
bc-montreal-trustco-issu 9750 9775 
bc-neoax- 9867 
bc-new-capital-rules-wou 9803 
bc-new-generation-foods 9817 
bc-nippon-signal-issues 9828 
bc-no-pessimism-for-germ 9763 
bc-philippine-debt-talks 9796 
bc-philippines-to-put-10 9758 
bc-philips-electrical-se 9814 
bc-ponce-federal-bank-fs 9868 
bc-price-co- 9860 
bc-rostenkowski-says-rea 9811 
bc-sandoz-has-50-mln-dlr 9794 
bc-short-dated-saudi-riy 9753 
bc-siemens-sees-sales-ne 9760 
bc-siemens-u.s.-turnover 9819 
bc-singapore-laws-to-lib 9759 
bc-sumitomo-bank-has-500 9791 
bc-sweden-revises-budget 9856 
bc-taiwan's-savings-at-r 9752 
bc-trade-surplus-cut-wou 9777 
bc-treasury's-baker-decl 9798 
bc-treasury's-baker-says 9797 
bc-trizec 9825 
bc-tunisia-to-break-ties 9863 
bc-turkey-could-apply-fo 9831 
bc-u.k.-feb-cuurent-acco 9768 
bc-u.k.-money-market-for 9781 
bc-u.k.-money-market-liq 9745 
bc-u.k.-money-market-rec 9855 
bc-u.k.-oilmeal/veg-oil 9756 
bc-u.k.-trade-figures-bu 9784 9848 
bc-u.k.-visible-trade-de 9770 9821 
bc-u.s.-first-time-joble 9834 
bc-u.s.-gold-eagle-sales 9866 
bc-u.s.-treasury's-baker 9795 
bc-uk-feb-trade-deficit 9767 
bc-violence-reported-in 9780 
bc-world-bank-chief-conc 9788 
bearer 9759 
bearish 9764 9783 
beatty 9754 
becomleted 9867 
beef 9754 
began 9835 9866 
begin 9782 9840 
beginning 9849 
begun 9784 9848 
behalf 9759 
belgian 9838 
belgium 9746 9785 9786 9831 9838 9866 
believed 9783 9798 
believes 9788 9804 
bemberg 9762 
benefit 9754 9777 9803 
benefiting 9770 
benefits 9816 9834 
bes 9839 
better-than-expected 9784 9848 
beverly 9818 9842 
bfg 9749 
bid 9779 9790 9845 
bidding 9758 
bids 9786 9865 
biggest 9841 
bill 9759 
billion 9747 9748 9749 9758 9759 9760 9761 9763 9765 9766 9769 9770 9780 9784 9787 9788 9792 9795 9796 9802 9803 9806 9816 9818 9819 9820 9821 9822 9835 9836 9841 9847 9848 9850 9856 9860 9864 
billions 9835 
bills 9745 9758 9759 9764 9784 9789 9855 
bit 9753 
black 9774 
blah 9747 9748 9767 9768 9772 9773 9805 9815 9823 9824 9830 9832 9837 9851 9852 9857 9862 
bloc 9746 9838 
block 9758 
blocking 9819 9847 
blood 9762 
bmm 9762 
bnp 9757 
board 9758 9760 9797 9798 9802 9803 9819 9846 
boeing 9755 
boesky 9800 
bolstered 9782 
bond 9750 9752 9759 9764 9766 9775 9859 
bonds 9759 9784 9848 9859 
bonn 9763 
book 9758 9759 
book-entry 9759 
book-runner 9766 
boost 9754 
boosted 9760 9761 9784 9848 
bop 9747 9749 9768 9770 9784 9816 9821 9836 9848 
borrower 9802 
borrowing 9792 
borrowings 9759 
boston 9806 9827 
bottom 9754 9758 
bought 9783 9786 9809 9855 
bozer 9831 
bp 9850 
bramalea 9825 
branch 9757 
braniff 9826 
brasilia 9788 
brazil 9788 9804 9835 
brazilian 9788 9804 
bread 9793 9865 
break 9846 9863 
breaking 9771 
breaks 9799 9853 
bridged 9769 
briefing 9796 
brierley 9779 
bringing 9751 9787 
brings 9855 
britain 9764 9765 9770 9821 9847 9866 
british 9770 9784 9797 9821 9830 9832 9835 9847 9848 9850 
broad 9864 
broadly 9797 
broke 9846 
brokers 9784 9848 
bros 9755 
brothers 9755 9791 9806 
brougham 9835 
brought 9764 
brussels 9746 9785 9786 9831 9838 
bse 9827 
bt 9757 
budget 9751 9769 9784 9795 9848 9856 9864 
budgetary 9759 
buffer 9754 
building 9784 9820 9848 
buildings 9780 
bulk 9758 9822 
bullion 9799 9853 9866 
bullish 9784 9848 
bundesbank 9787 
bundespost 9819 
buoy 9784 9848 
burden 9835 
business 9761 9763 9764 9774 9777 9788 9835 9867 
businesses 9771 
busted 9774 
butter 9786 
buy 9746 9758 9799 9840 9849 9853 9866 
buyers 9758 
buying 9758 9783 9784 9796 9840 9849 9855 
buys 9754 9783 9862 
cabinet 9758 
cabk 9846 
cable 9755 9795 9797 9798 9813 9816 
caecl 9766 
caisse 9766 
calculate 9749 
calculated 9789 
calendar 9756 
calgary 9825 
calif. 9810 9818 9842 9844 
california 9803 
call 9841 
called 9780 9842 
calling 9847 
calls 9788 9838 
calming 9819 
cambrian 9800 
cambridge 9833 
campaign 9774 
canada 9764 9782 9793 9825 9835 9859 9861 
canadian 9750 9775 9792 9861 9866 
canberra 9751 
cantonal 9743 
capital 9759 9780 9785 9795 9803 9813 9822 9838 9841 
capped 9757 
carcass 9754 
cards 9784 9848 
carolian 9861 
carriers 9806 
carries 9765 
carryforwards 9867 
carrying 9759 9765 9802 
carryover 9782 
cars 9780 
case 9774 
cases 9758 9774 
cash 9758 9779 9790 9796 9833 9835 
casino 9808 
caspar 9801 
castrated 9754 
casualty 9780 
catching 9770 9821 
caught 9788 
caused 9763 9780 
causing 9793 
caution 9848 
cavaco 9843 
cawl.l 9755 
ccts 9789 
cd 9757 9791 
cds 9757 
ceiling 9754 9757 9759 
cellulose 9762 
census 9836 
cent 9784 9793 9848 
center 9795 
central 9758 9759 9764 9769 9778 9783 9792 9806 9841 9855 
centre 9774 
cents 9769 9869 
cereal 9865 
certificate 9757 9789 9791 9826 
certificates 9752 9759 9789 
chad 9776 
chairman 9760 9764 9797 9798 9800 9803 9804 9811 9819 9869 
chairs 9835 
chaitanya 9758 
challenge 9764 
chancellor 9784 9848 
chancery 9858 
change 9749 9798 
channelled 9759 
charged 9758 
charter 9758 
chartered 9835 
chase 9784 9848 
chemical 9762 9854 
chief 9758 9764 9788 9798 
china 9793 9843 
chinese-built 9801 
choose 9838 
chris 9784 9848 
christian 9801 
christopher 9835 
circulation 9745 
circumstances 9838 
circumvented 9774 
cited 9788 9869 
citibank 9755 9835 
cities 9780 
city 9826 
claim 9746 9800 9835 
claims 9800 9834 
clarifies 9774 
clashes 9780 
clauses 9835 
clayton 9755 
clear 9864 
clearers 9835 
clearing 9835 
clercamp 9838 
client 9774 
clients 9774 
climate 9763 
climbed 9836 
close 9771 9774 9784 9789 9831 9848 
closed 9764 9780 9842 
closely 9817 9864 
closer 9835 
closing 9754 9765 9808 
club 9744 
cm 9744 
cmi.pa 9744 
co-managed 9854 
co-operate 9797 
co-ordination 9797 
coal 9849 
coalition 9774 
coarse 9773 9782 
code 9774 
coin 9866 
coins 9799 9853 9866 
cold 9749 9770 9821 
cold-rolled 9761 
collectivites 9766 
colonial 9846 
colony 9843 
combat 9774 
coming 9782 9784 9848 
comment 9764 9797 9798 9800 
commenting 9795 9816 9864 
comments 9764 9798 
commerce 9755 9779 
commercial 9759 9771 9774 9788 9793 9796 9835 9838 
commerzbank 9799 9853 
commission 9746 9774 9779 9785 9786 9804 9808 9819 
commitments 9864 
committee 9786 9811 9846 
commodity 9769 
common 9806 9817 9840 9842 9854 9861 
communications 9755 9760 9819 
communique 9863 
community 9754 9782 9785 9786 9788 9831 9838 9865 
company 9744 9755 9762 9771 9778 9779 9783 9785 9800 9804 9808 9817 9825 9826 9833 9842 9844 9846 9850 9854 9861 9869 
compare 9756 
compared 9749 9770 9782 9821 9829 9836 9841 9861 
compares 9749 9769 9855 
comparison 9749 
compete 9755 
competition 9785 9838 9866 
competitive 9771 
competitiveness 9763 9838 9864 
competitor 9755 
competitors 9785 
complain 9774 
complained 9774 9819 
complaints 9746 
complementary 9790 
complete 9844 
completed 9809 9844 
completes 9809 
completion 9844 
complex 9754 
compliance 9835 
complicated 9754 9758 
component 9761 
components 9760 9867 
comprise 9761 
comprised 9822 
comprises 9792 
computer 9755 9861 
computerised 9759 
conable 9788 
concentrate 9763 9835 
concentration 9759 
concern 9758 
concerned 9788 9838 
concerted 9764 
concession 9746 
conditions 9858 
conduct 9774 
conducts 9754 
confederation 9784 9848 
conference 9763 9788 9838 9850 
confidence 9769 9788 
confident 9788 9795 
confirm 9776 
confirmed 9784 9848 
conflict 9801 
confusion 9764 9863 
congress 9764 9798 
connection 9774 
conradi 9774 
conrail 9806 
conservative 9784 9847 9848 
conserve 9796 
considerable 9835 
considered 9764 9789 9847 9849 
consistent 9797 9811 
consolidated 9744 9806 
constitute 9758 
construction 9820 
consultant 9817 
consumer 9763 9769 9784 9840 9848 
consumers 9754 
contained 9751 9835 
contenders 9758 
contest 9846 
contingency 9847 
continue 9771 9793 9799 9803 9835 9853 
continued 9761 9771 9803 
continues 9770 
continuing 9764 9833 
contract 9778 
contracted 9822 
contracting 9820 
contractors 9867 
contracts 9819 
contrast 9774 
contrasted 9770 9821 
contribute 9759 9760 9835 
contributed 9761 
contributions 9830 9832 9835 
control 9754 9769 9774 9793 9808 9838 
controlled 9754 
controls 9752 9754 9774 9817 
controversy 9774 
convention 9774 
conversion 9835 9842 
converted 9758 
convertible 9841 9842 9854 
cool 9764 
cooling 9763 
cooperate 9864 
cooperation 9822 9864 
coordination 9785 
corazon 9758 
cordt 9802 
core 9761 
corn 9865 
corp. 9854 
corporate 9759 9790 
corporation 9846 
corrected 9864 
correction 9777 
cost 9790 9793 9824 9829 
costly 9835 
costs 9754 9758 9759 9771 9861 
council 9782 9793 
counter-productive 9841 
countered 9793 
counterfeiting 9759 
counterproductive 9864 
countries 9764 9769 9777 9782 9788 9793 9795 9797 9799 9835 9838 9841 9849 9853 9864 
country 9751 9758 9763 9780 9788 9796 9831 9838 
coupon 9743 9766 9789 9796 9854 
courses 9793 
court 9858 
cover 9776 9801 
covered 9793 
covers 9793 
cp 9794 
cpf 9759 
cpi 9824 9829 
craig 9779 
create 9835 
creation 9785 
credibility 9764 
credit 9744 9764 9766 9807 9835 9839 
creditors 9796 
credits 9818 
criminal 9774 
criminals 9774 
crisis 9804 9835 
critic 9779 
criticised 9754 9755 
criticism 9755 
critics 9774 
cronies 9758 
crop 9782 
crops 9782 9793 
crowns 9856 
crr 9806 
crucial 9835 
crude 9756 9769 9801 9849 
crushed 9756 
cultivation 9782 
cumulative 9749 
curb 9774 
curbed 9784 9848 
curbs 9774 
cure 9762 
currencies 9764 9784 9792 9797 9848 9864 
currency 9746 9758 9764 9786 9787 9792 9793 9797 9816 9822 9851 9852 9861 9864 9865 
current 9747 9749 9758 9759 9760 9764 9769 9770 9784 9788 9796 9797 9799 9819 9821 9839 9841 9848 9851 9853 9856 9864 
curtailed 9848 
custodians 9759 
customer 9761 
customers 9759 9774 
cut 9754 9758 9759 9777 9784 9793 9795 9848 9864 
cutback 9754 
cuts 9754 9784 9795 9798 9848 
cutting 9784 9793 9848 
cuurent 9768 
d'aide 9766 
d-tex 9795 9813 
daily 9759 9841 
dairy 9754 9786 
dallas 9826 
dallas/fort 9826 
damage 9780 9782 9864 
damaged 9782 
damaging 9780 
dan 9811 
danger 9759 9784 9848 
data 9784 9848 
dated 9800 
david 9758 9864 
day 9762 9766 
day-to-day 9753 9817 
days 9758 9766 9791 9794 9829 9835 
dbkg.fra 9755 
dbp 9758 
de 9757 9766 9790 9838 
deal 9759 9778 9833 9854 9864 
dealer 9764 9794 
dealers 9753 9759 9764 9783 9790 9791 9794 9862 
dealing 9758 9774 9864 
dealings 9788 9800 
deals 9758 
debentures 9842 9854 
debt 9750 9759 9775 9777 9788 9792 9795 9796 9804 9822 9835 9839 9854 
debt-equity 9758 
debt/equity 9796 
debtor 9777 9835 
debtors 9758 9796 9835 
december 9749 9804 9819 9843 9861 
decide 9831 
decided 9754 9804 9863 
decision 9788 9835 
declaration 9843 
declared 9780 
decline 9749 9755 9760 9761 9763 9764 9797 9804 9864 
declined 9749 9761 9792 9793 9798 9820 9835 
declines 9798 
declining 9769 
decreased 9761 
defeats 9776 
defence 9776 9801 
defense 9867 
deficiency 9762 
deficit 9749 9764 9767 9769 9770 9781 9784 9795 9816 9819 9821 9836 9848 9864 
deficits 9795 9811 
definitive 9794 9833 
degree 9758 
delaware 9858 
delay 9746 
delayed 9759 9764 
delays 9835 9861 
delicate 9788 
delivered 9751 
delivery 9763 9864 
demand 9754 9759 9761 9763 9764 9774 9789 9793 9799 9802 9841 9846 9853 
demands 9754 9758 9774 
democrat 9811 
democratic 9774 
democrats 9774 9848 
demonstrators 9780 
denominated 9793 
denomination 9759 
denominations 9750 9757 9765 9775 9791 
denshin 9755 
dented 9848 
denwa 9755 
department 9770 9774 9776 9799 9821 9826 9834 9836 9847 9853 9859 
departnment 9770 
departure 9776 
depend 9799 9853 
dependent 9793 
depending 9790 9808 
deployment 9801 
deposit 9757 9791 
deposited 9752 
deposits 9752 9759 
depreciation 9764 
depressed 9761 
deprived 9776 
deputy 9764 
des 9766 
design 9788 
designed 9788 
designs 9844 
destruction 9759 
detailed 9780 9865 
details 9761 9796 9859 
detained 9780 
detect 9762 
detection 9762 
deteriorating 9784 9848 
deterioration 9761 
determined 9746 9803 
deutsche 9755 
develop 9762 
developed 9762 
developing 9788 9795 
development 9758 9759 9760 9771 9788 9844 
developments 9799 9853 9864 
develops 9844 
diagnose 9762 
diagnosing 9762 
died 9762 
diego 9860 
differed 9798 
difference 9751 9798 
difficult 9761 9763 9788 
digital 9755 9819 
diligence 9774 9833 
diplomatic 9863 
diplomats 9831 
direct 9785 
directed 9759 
direction 9760 
directly 9797 
director 9754 9799 9853 9866 
directors 9779 9846 
disagreement 9846 
disappointing 9841 
disclosure 9800 
discomforting 9804 
discontinued 9810 
discount 9759 9840 
discounting 9848 
discourage 9788 
discuss 9764 9796 9850 
discussed 9801 
discussion 9755 9796 9801 
discussions 9774 9788 9849 
disease 9762 
disposal 9810 
dispute 9846 
disquieting 9804 
dissident 9846 
dissidents 9846 
distinguish 9793 
distort 9838 
distorted 9866 
distribute 9758 
distribution 9754 
distributors 9859 
district 9847 
disturb 9863 
ditch 9835 
div 9827 9868 
dividend 9744 9808 9827 9868 
division 9799 9820 9853 9867 
dlr 9750 9757 9775 9783 9790 9794 9795 9806 9807 9808 9816 9835 9836 9839 9842 9847 9862 
dodge 9820 
dole 9826 
dollar 9750 9753 9760 9761 9763 9764 9775 9783 9788 9792 9793 9797 9806 9816 9861 
dollar-denominated 9796 
dollars 9764 9783 9792 9835 9862 
domestic 9754 9759 9760 9761 9763 9766 9769 9788 9793 9819 9836 9847 9848 
domestically 9836 
dominant 9785 
dominate 9849 
don 9869 
donna 9866 
doubt 9776 9784 9848 
doubts 9796 
downgrading 9795 
downstream 9785 
downturn 9761 
downward 9764 
draft 9755 
dragging 9751 
drain 9745 9841 
dramatic 9764 
dramatically 9869 
draw 9797 
drawing 9788 9822 9847 
drew 9784 9848 
dried 9758 
drive 9746 
drop 9754 9782 9784 9816 9848 
dropped 9771 9792 9796 
drops 9820 
drug 9774 
drugs 9844 
due 9743 9749 9750 9760 9763 9764 9774 9775 9792 9793 9802 9828 9831 9833 9838 9842 9848 9854 9856 9861 9864 
durum 9782 
eagle 9799 9853 9866 
earlier 9744 9749 9758 9771 9774 9779 9782 9783 9784 9848 
early 9764 9782 9784 9789 9831 9848 
earmarked 9758 
earn 9744 9758 9760 9761 9771 9804 9807 9810 9815 9818 9825 9827 9837 9839 9860 9861 9868 9869 
earned 9759 9861 
earning 9752 
earnings 9752 9769 9804 9861 
earthquake 9780 
easily 9758 9793 
ec 9746 9782 9785 9786 9793 9831 9838 9865 
ecc 9785 
economic 9751 9774 9777 9788 9795 9797 9798 9804 9843 9856 
economically 9849 
economics 9763 
economies 9864 
economist 9749 9784 9848 
economists 9749 9848 
economy 9763 9777 9788 9793 
ecu 9822 9866 
ecuador 9780 
ecuadorean 9780 
ecus 9746 9786 9793 9822 9865 
edison 9827 
effect 9763 9782 9793 
effective 9789 
efficiency 9759 9795 9813 
efficient 9795 9813 
effort 9835 
efforts 9777 9793 9864 
egas 9780 
election 9846 9848 
electric 9755 
electrical 9814 9819 
electricity 9778 
electronics 9771 
element 9770 9821 
eliminated 9793 
elizabeth 9826 
em 9840 
embassy 9831 9863 
emerged 9763 
employed 9793 
employee 9771 
employees 9806 
employers 9759 
employment 9751 
ems 9822 
enact 9798 
encouraged 9764 
encouraging 9848 
end 9764 9765 9777 9778 9782 9803 9812 9819 9856 
end-1986 9759 
end-december 9761 
end-january 9771 
ended 9744 9762 9818 9822 9834 
ending 9751 9861 
energy 9760 9849 
engaged 9863 
engine 9771 
engineering 9761 9778 
england 9745 9781 9784 9855 
enhance 9864 
enquiries 9841 
enquiry 9819 9835 
ensure 9759 9788 
enter 9746 9755 
enterprises 9779 9793 
entertainment 9840 
enthusiastically 9848 
entity 9755 
entrance 9801 
entrant 9755 
entrepot 9836 
entries 9759 
envisaged 9838 
eonomists 9848 
equal 9757 
equally 9835 
equipment 9819 9861 
equitable 9830 9832 
equity 9795 9796 9835 
equivalent 9746 
eric 9838 
escape 9866 
escort 9801 
escorts 9801 
essen 9761 
essentially 9753 9759 
essex 9854 
est/1800 9850 
establish 9864 
established 9764 9791 
establishing 9759 9794 9864 
estimate 9772 9773 9781 9782 9855 
estimated 9780 9782 9866 
estimates 9782 9804 
estuary 9843 
esx 9854 
ethyl 9844 
etsuko 9764 
euro-commercial 9790 9794 
euro-cp 9794 
eurobond 9750 9775 
eurofima 9743 
europe 9802 9866 
european 9746 9754 9782 9784 9785 9786 9793 9822 9831 9838 9848 9865 
evaporated 9784 9848 
event 9800 
evidence 9797 
ex-dividend 9814 
exacerbated 9759 
exact 9808 
exceeded 9784 9848 
excellent 9803 
exceptionally 9770 9821 
excess 9759 9835 9841 
excessive 9789 
exchange 9752 9761 9770 9779 9792 9796 9797 9799 9800 9804 9806 9817 9853 9864 
exchequer 9745 9784 9848 
exchequers 9793 
excluding 9755 9861 
executive 9758 
executives 9758 9777 
exemption 9826 
exepnses 9846 
exercise 9817 
exercised 9817 9835 
exercises 9774 
existing 9835 9843 
expand 9759 9769 9782 
expanded 9777 
expansion 9761 9777 9861 
expect 9782 9835 9861 
expectation 9764 
expectations 9784 9848 
expected 9745 9749 9754 9759 9760 9764 9769 9770 9778 9780 9782 9784 9806 9816 9821 9831 9833 9835 9841 9848 9861 9867 
expects 9764 9867 
expeditious 9835 
expediture 9848 
expenditure 9784 9793 
expense 9861 
expenses 9846 
experimental 9826 
explained 9749 
exploiting 9771 
export 9749 9751 9752 9754 9763 9764 9769 9770 9777 9786 9793 9865 
exporters 9754 9763 9764 9782 9793 
exporting 9793 
exports 9746 9749 9763 9769 9770 9784 9792 9821 9836 9848 9856 
exposure 9758 9795 9835 
express 9806 
expressed 9755 9788 
extension 9765 9790 
extensions 9765 9802 
extensive 9866 
extent 9866 
external 9792 
extinguishment 9839 
exton 9833 
extraordinary 9861 
extremely 9749 9776 9798 9835 
ey 9844 
eye 9774 
f.c 9754 
f.n 9755 
f.w 9820 
f0282 9744 
f0304 9745 
f0307 9746 
f0319 9747 
f0321 9748 
f0332 9749 
f0333 9750 
f0337 9751 
f0342 9752 
f0343 9753 
f0345 9754 
f0350 9755 
f0364 9756 
f0369 9757 
f0371 9758 
f0380 9759 
f0385 9760 
f0416 9761 
f0429 9762 
f0437 9763 
f0450 9764 
f0462 9765 
f0465 9766 
f0467 9767 
f0469 9768 
f0472 9769 
f0476 9770 
f0491 9771 
f0497 9772 
f0501 9773 
f0510 9774 
f0517 9775 
f0525 9776 
f0528 9777 
f0533 9778 
f0546 9779 
f0548 9780 
f0552 9781 
f0556 9782 
f0559 9783 
f0575 9784 
f0601 9785 
f0604 9786 
f0609 9787 
f0614 9788 
f0650 9789 
f0662 9790 
f0667 9791 
f0670 9792 
f0675 9793 
f0687 9794 
f0703 9795 
f0716 9796 
f0721 9797 
f0733 9798 
f0737 9799 
f0744 9800 
f0745 9801 
f0752 9802 
f0753 9803 
f0757 9804 
f0759 9805 
f0761 9806 
f0764 9807 
f0765 9808 
f0768 9809 
f0770 9810 
f0776 9811 
f0777 9812 
f0791 9813 
f0792 9814 
f0796 9815 
f0798 9816 
f0803 9817 
f0810 9818 
f0811 9819 
f0817 9820 
f0820 9821 
f0824 9822 
f0826 9823 
f0831 9824 
f0837 9825 
f0839 9826 
f0841 9827 
f0843 9828 
f0847 9829 
f0854 9830 
f0857 9831 
f0863 9832 
f0866 9833 
f0869 9834 
f0875 9835 
f0880 9836 
f0888 9837 
f0905 9838 
f0906 9839 
f0909 9840 
f0910 9841 
f0913 9842 
f0915 9843 
f0919 9844 
f0921 9845 
f0924 9846 
f0930 9847 
f0934 9848 
f0935 9849 
f0937 9850 
f0958 9851 
f0965 9852 
f0981 9853 
f0983 9854 
f0987 9855 
f0988 9856 
f0989 9857 
f0991 9858 
f0992 9859 
f0993 9860 
f0996 9861 
f1001 9862 
f1002 9863 
f1007 9864 
f1008 9865 
f1012 9866 
f1016 9867 
f1021 9868 
f1022 9869 
face 9796 
faced 9763 
facilitate 9758 
facilities 9758 
facility 9790 
facing 9866 
fact 9763 
factor 9763 9764 
factories 9758 9780 
factors 9745 9749 
failing 9788 
fair 9788 
fairly 9758 
fall 9749 9761 9764 9782 9784 9787 9799 9816 9822 9848 9853 
fallen 9749 9848 
falling 9763 9764 
falls 9761 9764 9829 
farm 9754 9793 
farmers 9754 
fast 9797 
faster 9784 9793 9848 
favor 9803 9833 
favors 9795 
favour 9758 
faya 9776 
fbc 9806 
fcbn 9810 
fear 9788 
feared 9784 9848 
fears 9841 
feb 9747 9767 9768 9824 
february 9748 9749 9764 9770 9784 9789 9805 9812 9818 9820 9821 9829 9835 9836 9841 9848 
fed 9764 
federal 9749 9795 9797 9798 9803 9819 9829 9835 9868 
federation 9754 9774 
fee 9757 9765 9790 
feed 9865 
fees 9750 9775 9796 9806 
felix 9774 
fell 9749 9751 9760 9761 9774 9793 9812 9820 9822 9829 9836 9848 
felt 9846 
ferdinand 9758 9774 
ferrosilicon 9833 
fewer 9803 
fgi 9869 
fields 9782 
fifty-two 9806 
fight 9762 9835 
figure 9771 9782 9784 9834 9835 9848 
figures 9749 9751 9752 9756 9760 9761 9763 9770 9784 9821 9829 9841 9848 9866 
filed 9858 
filipino 9758 
filter 9762 
final 9808 9829 
finalising 9835 
finalize 9808 
finance 9758 9759 9764 9788 9791 9796 9835 9856 9859 
finances 9769 
financial 9751 9758 9759 9788 9835 9838 9842 9847 9848 
financially-distressed 9806 
financing 9808 
find 9835 
finds 9804 
fines 9774 
fire 9780 
firm 9753 9755 9784 9848 
firmed 9753 
firming 9853 
firms 9752 9755 9758 9763 9785 9790 9819 
fiscal 9754 9861 
five-week 9746 
fixed 9766 9799 9828 9853 
flat 9745 9781 9784 
flatly 9797 
flats 9761 
flattening 9784 9848 
flexibility 9838 9864 
flexible 9788 
floated 9785 
floating 9765 9800 9802 
floor 9758 
flows 9795 
fluctuated 9783 
fluctuations 9770 9793 
flum 9817 
fluorocarbon 9810 
focus 9796 
follow 9835 
food-processing 9758 
foods 9817 
foote 9823 9833 
foothill 9869 
force 9835 9847 
forced 9774 
forces 9776 
ford 9755 
forecast 9745 9751 9760 9769 9781 9782 9784 9848 9856 
forecasts 9769 9770 9771 9784 9821 9848 9856 
foreclose 9758 
foreclosing 9758 
foreclosures 9758 
foreign 9752 9755 9760 9761 9763 9783 9796 9797 9799 9819 9822 9835 9853 9863 
forgiveness 9788 
forgotten 9758 
form 9758 9794 
formal 9746 
formation 9779 
formed 9806 
forms 9752 
forstmann-leff 9790 
fort 9801 
forward 9764 9856 
foster 9797 9851 9864 
fought 9774 
four-party 9774 
fraction 9758 
franc 9743 9766 9778 9792 9822 9828 
france 9744 9750 9764 9766 9775 9776 9778 9812 9819 9822 9828 9835 9857 9862 9865 
francs 9743 9744 9774 9822 
frankfurt 9749 9787 9799 9853 9866 
frcd 9757 
free 9759 9763 9795 9796 9801 9819 9838 9865 
freedom 9838 
freight-carrying 9806 
french 9746 9776 9778 9792 9805 9812 9822 9865 
french-backed 9776 
frequency 9759 
frequent 9779 
fresh 9841 
friday 9835 
fried 9761 
front 9795 9848 
fronts 9758 
frost 9782 
fsb 9868 
fte 9833 
fuelling 9841 
fuer 9749 
fuji 9828 
fujisaki 9754 
full 9758 9779 9784 9796 9831 9848 
fully 9760 9779 9800 
fumiko 9754 
function 9774 
fund 9759 9788 9796 9822 9835 
fundamentals 9797 
funding 9796 
funds 9758 9759 9790 9841 
future 9835 
g-5 9764 
g-6 9851 9852 9864 
gain 9758 9764 9809 9810 9867 
gained 9788 
gains 9751 
gap 9754 9769 9777 9816 9849 
garantie 9766 
garrison 9776 
gary 9779 
gas 9778 
gave 9749 9831 
gdp 9769 
ge.n 9755 
gemeinwirtschaft 9749 
genb.br 9838 
general 9755 9764 9780 9790 9800 9848 
generale 9750 9755 9775 9838 
generated 9861 
generating 9778 
generation 9817 
genuine 9758 
georg 9763 
george 9755 
german 9746 9747 9748 9749 9760 9763 9787 9799 9819 9824 9829 9838 9853 9866 
germans 9763 
germany 9749 9761 9764 9786 9819 9829 9841 9864 
gevirtz 9869 
gilt 9784 9848 
gilts 9784 9848 
girozentrale 9799 9853 
give 9785 9846 
giving 9760 9761 
global 9794 
gmbh 9761 
gmt 9771 9784 9848 9850 
gnp 9752 9769 9795 9798 
gnsp.l 9790 
goals 9864 
gold 9799 9822 9853 9866 
goldman 9806 
good 9763 9774 9784 9795 9798 9848 
goods 9784 9840 9847 9848 
gordian 9758 
government 9751 9754 9758 9759 9763 9769 9776 9780 9784 9788 9795 9796 9806 9847 9848 9849 9867 
governments 9793 9835 9864 
governor 9764 9769 9777 9792 
grain 9772 9773 9782 9793 9865 
granted 9746 9826 
grave 9796 
great 9796 9842 
greater 9759 9777 9797 9838 
greatly 9758 
greeted 9848 
grenfell 9791 
grew 9760 9761 
gross 9752 9759 9769 
grossing 9759 
group 9755 9760 9761 9764 9774 9778 9790 9806 9809 9822 9835 9846 9858 9869 
groups 9758 9785 9835 
grow 9769 9797 
growing 9793 
growth 9751 9760 9761 9769 9771 9777 9784 9788 9792 9835 9841 9848 9864 
guarantee 9796 
guaranteed 9828 
guaranty 9794 
guide 9770 9821 
guilder 9792 
guinness 9790 
gulf 9801 
gustavo 9835 
gwf 9842 
h.k 9757 9836 
haggling 9835 
haitian 9774 
half 9754 9771 9799 9818 9853 9860 9866 
halt 9764 
halted 9835 
hand 9761 
handed 9843 
handing 9758 
handled 9758 
handling 9759 
hands 9759 9776 9838 9841 
hands-on 9758 
happy 9774 
harmonised 9838 
harvested 9782 
harwood 9784 9848 
hassles 9796 
head 9758 9774 9838 
headed 9774 
hearing 9858 
heatley 9779 
heavily 9788 
heavy 9774 9778 9795 9802 
hectares 9758 9782 
hedge 9764 
heightened 9763 
held 9819 9833 
helping 9788 
heng 9806 
henley 9806 
hepatitis 9762 
herbert 9802 
hercules 9785 
hermann 9799 9853 
heroin 9774 
hewlett-packard 9861 
hia 9808 
hide 9774 
high 9752 9754 9758 9763 9764 9771 9784 9793 9799 9848 9853 
higher 9746 9753 9754 9762 9769 9782 9784 9796 9841 9848 
highly 9784 9793 9848 
hikes 9811 
hills 9818 9842 
himont 9785 
hindered 9749 
hits 9812 
hold 9803 9838 9850 
holders 9759 9817 9858 
holding 9751 9759 9795 9804 
holdings 9759 9764 9858 
holds 9814 
holiday 9808 
holidays 9749 
holocaust 9751 
home 9840 
hong 9757 9836 9843 
hong-kong 9757 9836 
hope 9755 9774 9793 9811 
hoped 9758 
hopes 9784 9848 
hoping 9835 
hormuz 9801 
hotel 9780 
house 9788 9795 9798 9811 9813 
houses 9759 9764 
housewives 9754 
howard 9817 
hpc.n 9785 
hu 9759 
huge 9752 9764 9788 9849 
huh 9849 
hundred 9847 
hurt 9774 9864 
hussein 9769 9792 
ian 9784 9848 
idc 9755 
idea 9795 9798 
ideas 9847 
identical 9758 
identified 9835 
identities 9758 
identity 9774 
ideological 9863 
illegal 9780 
illinois 9811 
illustration 9758 
imbalances 9777 9797 9864 
imf 9788 
imf-type 9788 
immediately 9746 9800 
immune 9762 
impair 9795 9813 
implementation 9835 
import 9749 9751 9754 9770 9772 
import-intensive 9784 9848 
important 9777 9797 
imported 9754 9784 9848 
importing 9849 
imports 9749 9763 9770 9782 9784 9821 9836 9848 9856 
impose 9774 
imposed 9780 9866 
improve 9771 9803 
improved 9782 9803 9848 
improvement 9749 9769 9770 9774 9821 
improves 9793 
inappropriate 9846 
incentives 9752 9793 
include 9785 9790 9796 9833 
included 9847 9863 
includes 9807 9810 9818 9839 
including 9744 9750 9752 9775 9788 9803 9833 9835 9846 9866 
income 9769 9793 
incoming 9760 
incompatible 9819 
incorporate 9790 
incorporated 9785 
increase 9754 9760 9769 9782 9784 9795 9835 9848 9856 9861 
increased 9759 9793 9799 9802 9841 9853 
increases 9811 9841 
increasing 9759 9782 9788 
increasingly 9761 
incurred 9846 
indebted 9788 
index 9770 9784 9821 9848 
indexes 9751 
india 9793 
indication 9746 
indicators 9856 
indifferent 9848 
individual 9759 
individuals 9752 
indosuez 9766 
industrial 9764 9771 9780 9797 9864 
industrialised 9764 9769 
industrialized 9864 
industries 9761 9771 
industry 9754 9764 9770 9784 9821 9847 9848 
ineffective 9764 
inferences 9797 
inferior 9793 
inflation 9769 9797 
inflation-reducing 9848 
influx 9841 
informally 9833 
infrequency 9759 
initial 9765 9802 9806 9843 
initialled 9843 
initially 9759 9806 
initiative 9788 
injure 9804 
injured 9780 
inland 9835 
insider 9774 9800 
installations 9760 
institute 9856 
institution 9838 
institutional 9764 
institutions 9758 9759 9788 9838 
instruments 9759 9867 
insurance 9759 9783 9834 
intend 9746 9864 
intensive 9782 
intent 9823 9833 
interbank 9757 9765 9790 9796 9802 
interest 9752 9753 9757 9759 9765 9766 9777 9784 9788 9796 9799 9802 9804 9806 9822 9835 9841 9842 9848 9853 9855 
interested 9758 9819 
interior 9780 
international 9755 9763 9764 9769 9774 9777 9782 9784 9788 9791 9793 9794 9795 9797 9798 9815 9818 9835 9848 9861 
internationally 9771 
interstate 9803 9804 
intervention 9746 9754 9764 9783 9786 9793 9857 9864 
interview 9795 9797 9798 9803 9804 9811 9813 9816 
intolerable 9811 
introduce 9838 
introduced 9774 
introduction 9866 
invest 9752 9759 
invested 9838 
investigation 9833 
investment 9758 9763 9788 9795 9796 9814 
investments 9760 9779 9796 9835 
investor 9758 9769 9799 9853 
investors 9759 9799 9853 9854 9866 
invisibles 9770 9821 
involved 9746 9758 
involves 9774 9779 
iran 9801 9863 
iranian 9863 
ireland 9814 
irish 9814 
irvine 9844 
issuance 9791 
issue 9743 9750 9757 9765 9775 9777 9789 9801 9802 9842 9854 
issued 9757 9759 9766 9791 9794 9817 
issuer 9765 
issues 9750 9759 9766 9775 9777 9828 9846 
issuing 9750 9759 9766 9775 9794 9828 
italian 9789 9838 
italy 9764 9785 9789 
items 9749 
itj 9755 
ito 9755 
ivan 9800 
iwc 9772 9773 9782 9793 
iwc-wheat 9772 9773 9782 9793 
jaafar 9769 9792 
jaime 9796 
james 9764 9788 9795 9797 9798 9813 9816 
james-baker 9795 9797 9798 9813 9816 
jan 9747 9748 9767 9768 9810 9825 9839 9844 
january 9749 9757 9758 9760 9762 9770 9784 9812 9820 9821 9822 9829 9836 9841 9848 9856 
january/february 9749 
japan 9754 9755 9762 9764 9777 9783 9788 9819 9847 9864 
japanese 9754 9755 9762 9764 9847 
jefferies 9845 
jerome 9817 
jersey 9808 
jim 9795 9813 
jnauary 9770 9821 
job 9758 9774 9793 9798 9812 
jobless 9834 
jobs 9751 9805 9812 9834 
john 9754 
join 9755 9831 
joint 9790 9843 
jointly 9835 
jolted 9788 
jorge 9780 
joseph 9803 9804 
journalists 9866 
judge 9826 
july 9833 
jump 9760 
june 9751 9764 9833 9841 9861 
kalbag 9758 
karlheinz 9760 9819 
kaske 9760 9819 
kdd 9755 
keating 9751 
ken 9779 
key 9774 
kidney 9762 
kiichi 9764 
killed 9780 
killer 9762 
kilo 9754 9769 
kilos 9746 9786 
kin 9759 
kind 9751 9802 
kluser 9774 
km 9840 
knockdown 9786 
knot 9758 
kobe 9762 
koichi 9764 
kokusai 9755 
kong 9757 9836 9843 
korea 9849 
korean 9849 
kot-addu 9778 
kraftwerk 9760 
krpg.d 9761 
krugerrand 9866 
krupp 9761 
kuala 9769 9792 
kuwait 9801 
kuwaiti 9801 
kwok 9759 
l'equipement 9766 
labor 9834 
labour 9780 9812 9848 
lack 9752 9759 
laenderbank 9765 9802 
laguna 9810 
lai 9759 
laid 9796 
land 9758 
landesbank 9799 9853 
lane 9779 
large 9759 9764 9782 9796 9806 
large-scale 9783 
largeau 9776 
largely 9759 9774 9784 9795 9848 
larger 9835 
largest 9780 9806 9835 
late 9789 9800 
latest 9784 9793 9796 9831 9834 9839 9848 
latin 9835 
launch 9759 
launched 9759 9779 
launching 9743 
launder 9774 
laundering 9774 
law 9755 9826 
lawrenceville 9867 
laws 9758 9759 
lawson 9784 9848 
lawyer 9774 
lawyers 9774 
lead 9743 9750 9757 9758 9765 9766 9775 9785 9793 9802 9806 9828 9854 
leader 9866 
leaders 9780 9788 
leading 9762 9797 9861 
leaf 9866 
leaves 9857 
leaving 9776 9782 9848 
led 9760 9766 
left 9759 9782 9796 9848 
leftist 9780 
legal 9758 9774 
legislative 9759 
legitimate 9758 
lehman 9755 9806 
lenders 9788 9835 
lending 9784 9788 9795 9848 
lesser 9866 
letter 9823 9833 
level 9746 9760 9770 9782 9784 9835 9848 
levels 9797 9851 9864 
liabilities 9803 
liable 9863 
liberalise 9759 
liberals 9848 
libor 9796 
libya 9776 
libyan 9776 
libyans 9776 
licences 9865 
licenses 9847 
life 9765 9783 9802 
lifted 9779 9782 
lifts 9773 9782 
light 9764 9784 9801 9848 
limit 9774 9792 9819 9835 
limited 9793 9817 9838 
limiting 9764 9835 
limits 9755 
line 9758 9789 
lines 9804 
link 9774 
link-ups 9785 
lipc 9754 
liquid 9841 
liquidity 9745 9759 9784 9841 
lisbon 9843 
list 9758 
listed 9765 
listing 9750 9775 9800 
lithium 9833 
litigation 9758 9800 
livestock 9754 9793 
living 9824 9829 
lloyds 9791 9830 9832 9835 
loan 9759 9795 9803 9822 9835 
loans 9759 9788 9804 9835 
local 9759 9796 
locales 9766 
locally 9754 
london 9745 9756 9770 9771 9781 9782 9784 9790 9791 9793 9794 9796 9799 9800 9814 9821 9831 9835 9847 9848 9853 9855 
long 9763 9764 9774 9793 9835 9866 
long-planned 9831 
long-term 9758 9759 9777 9804 9841 
loophole 9774 
los 9803 9804 9845 9858 
lose 9758 9764 9804 
losing 9746 
loss 9759 9792 9804 9807 9810 9815 9818 9839 9861 9867 
losses 9803 9835 
lost 9764 9793 
lot 9799 9835 9853 
low 9764 9771 9782 9784 9793 9797 9848 
lower 9749 9763 9764 9774 9782 9793 9816 9841 9848 9861 
lucas 9771 
lucs.l 9771 
ludolf 9763 
luis 9780 
lumpur 9769 9792 
luxembourg 9750 9775 9866 
luxury 9780 
lynch 9806 
lyng 9754 
lyonnais 9766 
m-4 9841 
macao 9843 
machinery 9761 
made 9746 9759 9762 9765 9769 9801 9802 9819 9831 9835 9848 9866 
madrid 9841 
mahon 9790 
main 9745 9776 9793 9797 
maintain 9759 
maintained 9759 9843 
maintains 9754 
maize 9782 9865 
major 9764 9774 9780 9782 9785 9793 9795 9817 9835 9838 
majority 9774 
make 9759 9760 9765 9777 9788 9802 9835 9856 
makes 9765 9867 
making 9765 9845 
malaysia 9769 9792 
malaysian 9769 
malcolm 9755 
management 9750 9755 9757 9760 9771 9775 9786 9817 9819 9850 
manager 9743 9750 9757 9764 9765 9775 9802 9828 9835 9854 
managers 9766 
managing 9802 
mandatory 9759 
manganese 9833 
manhattan 9784 9848 
manila 9758 9796 
manufactureres 9848 
manufacturers 9784 
manufacturing 9769 
maple 9866 
marbled 9754 
marcos 9758 9774 
margaret 9755 9848 
margin 9766 
marginal 9754 
marginally 9760 9783 
marguerite 9835 
mark 9749 9761 9763 9770 9792 
marked 9782 
market 9745 9746 9753 9754 9755 9759 9761 9762 9764 9781 9782 9784 9785 9789 9795 9796 9819 9845 9847 9848 9855 9857 9864 9865 9866 
market-related 9759 
marketing 9782 9785 9840 
markets 9754 9759 9763 9764 9771 9777 9795 9797 9813 9847 9848 
marks 9747 9748 9749 9760 9761 9763 9787 9866 
marplan 9848 
mart 9840 
mas 9759 
masks 9749 
massive 9819 
matched 9764 
material 9762 
materials 9761 9806 
matter 9764 9835 
matters 9758 9798 
matures 9757 
maturing 9745 
maturities 9791 9794 
maturity 9759 9796 
max 9774 
maximum 9746 9758 9759 9790 
maxxam 9858 
mbc 9807 9809 
mcgraw-hill 9820 
mckinnon 9854 
mco 9858 
meal 9756 
meal-feed 9756 
meaningful 9755 
means 9764 9811 9819 
meant 9785 
meantime 9835 
measured 9749 9841 
measures 9780 9782 
meat 9754 
mechanical 9761 
medical 9815 9818 
mediterranee 9744 
medium 9804 
medium- 9777 
medium-to 9804 
meet 9759 9788 9831 
meeting 9754 9758 9760 9764 9819 9822 9833 9835 9846 
meets 9764 
meier 9774 
member 9761 9774 9802 9835 9838 
members 9784 9788 9847 9848 
membership 9831 
membrane 9762 
memphis 9808 
mer 9806 
merchandise 9840 
merchant 9791 
merge 9755 9823 9833 
merged 9755 
merger 9755 9779 9833 9844 9858 
merrill 9806 
met 9751 9793 9846 
methods 9764 9782 
mexican 9826 9835 
mexicans 9835 
mexico 9788 9826 9830 9832 9835 
mich 9840 
mickelberry 9807 9809 
microporous 9762 
mid-1986 9763 
midday 9784 9848 
midland 9835 
military-specification 9867 
millionaires 9758 
mine 9799 9853 
mined 9866 
mineral 9823 9833 
minimal 9774 
minimum 9759 9803 
mining 9833 
minister 9755 9759 9764 9780 9831 9835 9843 9848 
ministers 9758 9764 
ministry 9754 9755 9756 9763 9764 9776 9788 9812 9849 9856 9863 
minor 9774 9782 
mint 9799 9853 9866 
minute 9798 
missiles 9801 
mixture 9796 
miyazaki 9764 
miyazawa 9764 
mlns 9783 
moderate 9769 
modestly 9861 
modifications 9785 9838 
modified 9785 9796 
momentum 9764 
monday 9779 
monetary 9758 9759 9764 9787 9788 9822 9835 
monetise 9758 
money 9745 9746 9753 9758 9774 9781 9784 9795 9841 9848 9855 9857 
money-fx 9745 9753 9764 9781 9783 9784 9792 9797 9848 9851 9852 9855 9857 9862 9864 
money-supply 9752 
moneyline 9795 
moni.mi 9785 
montagu 9791 
montedison 9785 
montedison/hercules 9785 
month 9749 9753 9754 9758 9764 9770 9788 9804 9812 9821 9836 9841 9848 9856 9859 9861 
monthly 9782 9793 
months 9749 9753 9757 9760 9764 9771 9784 9816 9835 9848 9864 9866 
montreal 9750 9775 
moody 9854 
morale 9776 
morgan 9791 9794 9828 
morning 9784 9799 9806 9848 9853 
morrell 9754 
mortgage 9848 
motion 9847 
motor 9755 9784 9848 
mountain 9803 
mounting 9754 9788 
mouth 9801 
move 9746 9774 
movements 9761 9783 
moves 9847 
moving 9801 
mph 9820 
mulford 9851 9852 9864 
multi-billion 9788 
multi-currency 9790 
munich 9760 9819 
mw 9778 
mx 9858 
mxm 9858 
n't 9788 9795 9835 
n.j. 9867 
n.z 9779 
na 9755 
nakasone 9755 
named 9749 9790 
naoki 9762 
narrow 9769 
narrowed 9770 9821 
narrower 9784 9796 9848 
narrows 9770 9821 
nashimoto 9764 
nation 9795 
national 9752 9758 9769 9774 9777 9782 9793 9835 
nationale 9757 
nations 9764 9777 9795 9797 9864 
nature 9764 9774 
nbc-today 9811 
neck 9848 
needed 9746 9759 9777 9795 9808 9835 
needing 9793 
negara 9769 9792 
negotiated 9833 
negotiations 9796 9804 9835 
neighbouring 9838 
nelr 9844 
nelson 9844 
nem 9833 
neoax 9867 
net 9744 9760 9787 9789 9792 9807 9810 9818 9825 9839 9860 
netherlands 9786 
network 9795 9797 9798 9813 9816 9840 
new-zealand 9779 
newly 9760 9864 9866 
newmont 9833 
news 9784 9788 9795 9797 9798 9813 9816 9838 9843 9848 9863 
newspaper 9784 9848 
ngen 9817 
nigel 9784 9848 
night 9771 
niguel 9810 
nippon 9828 
noax 9867 
nobuo 9755 
nominal 9749 9763 
nominated 9846 
nominees 9846 
non-accrual 9804 
non-callable 9750 9766 9775 9854 
non-cash 9817 
non-currency 9787 
non-electronic 9840 
non-oil 9770 9784 9821 9848 
non-performing 9758 
non-residents 9759 
nonbuilding 9820 
nonperformind 9804 
nonresidential 9820 
normal 9746 
north 9771 9782 9866 
northeastern 9806 
notable 9761 
notably 9835 
note 9744 9745 9765 9802 9803 9807 9810 9818 9825 9839 9860 
noted 9749 9763 9764 9784 9797 9816 9819 9835 9848 
notes 9743 9759 9765 9796 9800 9828 
noting 9803 9835 
novatronics 9867 
november 9749 9769 
nuances 9774 
nuclear 9760 
nugent 9835 
number 9749 9761 9780 9834 
numbers 9758 
nyse 9806 
oat 9782 
objection 9858 
objectives 9864 
obligations 9835 
observers 9848 
obstacles 9759 
obtain 9746 
occasions 9793 
occur 9763 
october 9744 9769 9774 9802 9826 9866 
oesch 9774 
oesterreichische 9765 9802 
offer 9755 9789 9793 9796 9801 9806 9844 9850 
offered 9746 9757 9765 9790 9796 9802 
offering 9803 9806 9854 9861 
offerred 9845 
offers 9746 
office 9749 9819 9829 
officers 9819 
official 9747 9748 9752 9754 9755 9765 9767 9768 9772 9774 9776 9784 9793 9805 9824 9843 9848 9857 9863 9864 
officially 9746 
officials 9746 9754 9770 9774 9776 9796 9800 9821 9849 
offset 9745 9782 9793 
oil 9756 9761 9763 9769 9770 9799 9801 9821 9845 9849 9850 9853 
oilcake 9756 
oilmeal/veg 9756 
oilseed 9756 
oilseeds 9756 
olbv.vi 9765 9802 
one-day 9780 
one-for-one 9779 
one-ounce 9866 
one-year 9765 
ongpin 9796 
open 9754 9758 9789 9793 9819 9835 9847 9866 
open-priced 9758 
opened 9819 
opening 9847 
operate 9826 
operated 9844 9855 
operating 9780 9826 
operation 9774 
operational 9778 
operations 9754 9810 9833 9838 9839 9847 
operators 9746 9764 9786 9865 
opinion 9784 9798 9848 
opportunities 9763 9771 9835 
opposed 9795 9813 
opposes 9795 9813 
opposition 9755 9811 
option 9793 9796 9835 
options 9764 
order 9759 9761 9788 9863 
orders 9760 9761 
ordinary 9814 
oregon 9803 
origin 9774 9838 
originally 9749 9758 9785 9796 
ot 9788 
ottawa 9859 
ounce 9799 9853 
ounces 9866 
ousted 9774 
outcome 9784 9848 
outflow 9745 
outlines 9793 
outlook 9782 
outpaced 9836 
output 9782 9793 
outsiders 9788 
outspoken 9797 
outstanding 9759 9792 9804 9817 
overdue 9835 
overestimated 9803 
overnight 9753 9841 
overseas 9763 9784 9788 9806 9819 9848 
overseer 9788 
oversupply 9764 
overvalued 9764 
owed 9788 
owned 9758 9760 9779 9833 
ownership 9755 
owns 9825 9846 
ozal 9831 
p.r. 9868 
pa. 9833 
pac.n 9755 
pacific 9755 9779 
package 9788 9830 9832 9835 
packer 9754 
packers 9754 
pact 9797 9843 9851 
paid 9758 
painewebber 9854 
pakistan 9778 
pakistani 9778 
palm 9769 
panel 9758 9790 
paper 9759 9774 9790 9791 9794 
par 9757 9765 9802 9854 
parent 9744 
paris 9744 9750 9757 9764 9766 9775 9778 9797 9812 9822 9864 9865 
parliament 9751 9759 
parliamentary 9763 
part 9759 9774 9786 9796 9849 
partial 9793 9796 
partially 9780 9788 
participants 9758 9835 
participate 9755 
participation 9790 
particulary 9764 
partly 9749 9784 9793 9835 9848 
partner 9817 
partners 9785 9797 9817 
parts 9774 
party 9761 9774 9797 9847 9848 
passed 9759 
passing 9788 
past 9751 9864 
pattern 9784 9848 
paul 9751 9764 9797 9798 
pay 9796 9808 
payable 9757 9789 9827 9868 
paying 9788 9794 9796 9804 9828 
payment 9743 9746 9750 9758 9760 9765 9766 9775 9796 9828 
payments 9749 9760 9770 9793 9796 9821 9835 9856 
pclb 9860 
peak 9792 
peaked 9784 9848 
pearl 9843 
peasants 9758 
peat 9790 
pegged 9792 
peking 9843 
pence 9814 
pending 9759 
penn 9806 
pension 9759 
percentage 9757 9812 9841 
perceptions 9848 
perfectly 9774 
performance 9771 
period 9746 9749 9760 9793 9796 9818 9834 9838 
periods 9753 9765 9818 9838 9839 9860 
permit 9759 
personnel 9798 
persuade 9746 
pesetas 9841 
pesos 9758 9796 
pessimism 9763 
pessimistic 9763 
peter 9774 9799 9853 
petricioli 9835 
petroleum 9850 
pfbs 9868 
philippine 9758 9774 9796 
philippines 9758 9796 
philips 9814 
phillip 9754 
phillips 9784 9848 
physical 9758 9759 9799 9853 
pick 9754 9764 
picture 9749 
pinola 9803 9804 
pins 9796 
pizza 9774 
place 9751 9822 
placement 9766 
placing 9765 9814 
plan 9754 9755 9788 9796 9808 9835 9849 
planned 9759 9785 9796 9861 
planning 9755 9757 9835 
plans 9757 9758 9759 9762 9771 9782 9785 9808 9847 9866 
plant 9761 9778 
plants 9758 9780 
play 9788 9817 
played 9835 
plaza 9764 9816 
plc 9755 9771 9790 9800 9814 9833 9835 9850 
pleas 9764 
pleased 9774 
pledges 9774 
pm-britain-japan 9847 
pm-korea-oil 9849 
pnb 9758 
point 9753 9757 9765 9784 9789 9796 9802 9841 9848 
pointed 9798 
points 9753 9757 9765 9784 9848 
poised 9799 9853 
police 9780 
policies 9782 9788 9795 
policy 9754 9793 9797 9798 9841 
polio 9762 
political 9784 9788 9804 9843 9848 
politically 9793 
politicians 9847 
poll 9784 9848 
polypropylene 9785 
ponce 9868 
poor 9754 9758 9795 9854 
pope 9866 
population 9843 
portugal 9843 
portuguese 9843 
position 9745 9749 9755 9763 9781 9784 9785 9803 9864 
positioned 9799 9853 
positive 9761 
positively 9849 
possibility 9811 
possibly 9793 
post 9819 
posted 9749 
posts 9755 
posttax 9839 
potential 9758 9782 9801 
potentially 9796 
pound 9754 
power 9760 9867 
powers 9774 
practice 9774 
praecipuum 9750 9775 
praise 9774 
preceded 9822 
precedent 9796 
preceding 9789 
precisely 9864 
predicted 9856 
prefer 9835 
preferred 9803 
prefixed 9789 
preliminary 9761 
premium 9854 
prepared 9864 
preparing 9788 
present 9784 9838 9848 
presentation 9799 9853 9869 
presents 9846 
preserve 9866 
president 9755 9758 9788 9795 9798 9799 9811 9817 9826 9838 9853 
presidents 9774 
press 9778 9796 9850 
pressing 9780 
pressure 9754 9763 9764 9788 9819 9822 9835 
pressures 9864 
pretax 9771 9818 
prevent 9764 9774 
previous 9746 9760 9761 9769 9782 9787 9789 9834 9841 
previously 9806 9859 9861 
previously-announced 9809 
price 9743 9746 9751 9754 9758 9761 9762 9763 9786 9793 9799 9814 9833 9842 9853 9854 9860 
priced 9789 9806 
prices 9746 9749 9754 9763 9769 9782 9793 9799 9853 9866 
pricing 9796 9854 
primary 9759 9803 9859 
prime 9755 9831 9843 9848 9867 
principal 9835 9842 
principally 9792 
principle 9819 
prior 9796 9800 9801 9810 9818 9827 9834 9861 9868 
private 9752 9769 9770 9774 9779 9799 9821 9853 
privatisation 9758 
problem 9758 9777 9835 
problems 9754 9788 9793 
proceed 9796 9808 
proceeding 9796 9808 
proceeds 9758 
process 9786 9835 
processing 9835 
produced 9754 9756 9762 9793 9836 
producers 9746 9793 
product 9752 9762 9769 
production 9754 9756 9758 9782 9785 9793 
products 9819 9837 9839 
professor 9762 
profit 9744 9760 9771 9807 9815 9818 9839 9861 
profitable 9771 9861 
profits 9771 9803 9840 
program 9758 9780 9788 9790 9791 9794 9795 9835 
programs 9834 
progressive 9779 
progressively 9792 
projected 9866 
promised 9843 
promising 9754 
promote 9763 9799 9853 
promotion 9754 
prompt 9763 
proper 9774 
proportion 9793 
proposal 9796 9833 9858 
proposals 9835 
proposed 9779 9795 9803 9813 9833 9835 9850 9858 
prosecution 9758 
prospects 9763 9793 9864 
protect 9754 
protected 9758 
protectionist 9764 
protects 9754 
protest 9780 
protracted 9835 
prove 9784 9793 9835 9848 
provided 9774 9784 9835 9841 
provident 9759 
provinces 9780 
proving 9841 
provision 9774 
provisional 9749 9761 9770 9784 9821 9848 
provisionally 9770 9821 9829 
provisions 9839 
proxy 9806 9846 
prtax 9839 
prudency 9792 
public 9749 9752 9774 9806 9819 9841 9863 
publicity 9866 
publicly 9785 
published 9848 9856 9863 
pulling 9776 
punished 9774 
purchase 9779 
purchases 9758 
purposes 9749 9762 9790 
push 9764 
pushed 9783 9792 
pushes 9792 
pushing 9751 
put 9749 9758 9770 9788 9793 9804 9821 9835 9856 
qtly 9827 9868 
qtr 9807 9810 9815 9818 9825 9827 9837 9839 9860 9868 
quality 9761 9763 
quantity 9783 
quarter 9760 9803 9807 9810 9818 9839 9841 9867 9869 
question 9764 
questioned 9795 
quickly 9770 9821 
quiet 9753 
quito 9780 
quota 9754 
quoted 9797 
quotes 9753 
r. 9762 
rail 9806 
railroad 9806 
rainbow 9779 
rainbow/progressive 9779 
raise 9754 9759 9798 9806 
raised 9759 9764 9782 9796 9802 9803 9806 9841 
raises 9868 
raising 9811 9854 
rallied 9848 
rallies 9799 9853 
range 9764 9799 9803 9806 9853 
ranged 9865 
ranges 9797 9852 9864 
ranks 9764 
rate 9757 9761 9764 9765 9766 9769 9784 9789 9790 9795 9796 9797 9800 9802 9820 9848 9857 9864 
rated 9854 
rates 9753 9761 9770 9784 9789 9841 9848 
ratio 9792 9803 
ratios 9803 
raw 9761 
re-exports 9836 
reach 9780 
reached 9796 9835 9866 
react 9864 
reaffirmed 9864 
reaffirms 9851 9864 
reagan 9795 9798 9801 9811 9826 
real 9749 9763 9764 
realignment 9822 
realise 9758 
realities 9788 
reappoint 9798 
reason 9761 9763 9776 
reasonable 9838 
reasons 9774 9848 
rebate 9746 
rebates 9746 9865 
rebounded 9784 9848 
recalcitrant 9835 
recapitalization 9808 
receive 9758 9790 9840 
received 9758 9761 
receives 9855 
receiving 9834 9835 
recent 9771 9784 9788 9790 9803 9848 
recently 9774 9797 9866 
recession 9751 9788 
reciprocal 9819 
recognition 9797 9864 
recognize 9811 
recommendation 9826 
recommended 9826 
reconsider 9811 
record 9749 9752 9763 9764 9770 9773 9782 9784 9812 9821 9827 9841 9848 9868 
recorded 9749 9836 
records 9759 
recourse 9758 
recover 9758 9769 
recovery 9758 
recycled 9759 
redeem 9842 
redeemable 9796 
redeemed 9842 
redeemption 9842 
redemption 9765 
reduce 9759 9763 9777 9795 9835 9849 
reduced 9770 9793 9821 9856 
reducing 9793 9819 
reduction 9754 9782 9793 9795 9816 9819 
reductions 9782 
refer 9797 
referendum 9774 
refinance 9790 
refineries 9849 
reflected 9749 9759 9761 9764 9841 
reflects 9782 
reform 9758 9774 
reforms 9795 
refrained 9864 
refused 9796 9797 
refusing 9798 
regain 9788 
regimes 9795 
regional 9835 
register 9759 
registered 9759 
registration 9759 
regular 9759 9827 9834 9848 
regulate 9774 
regulations 9758 9835 
regulators 9835 
regulatory 9808 9819 
reimburse 9846 
reimbursement 9846 
reiterated 9864 
rejected 9755 
related 9762 9858 
relates 9758 
relations 9774 9819 9863 
relationship 9774 
release 9778 9784 9848 
released 9752 9829 9833 9856 
releases 9754 
releasing 9754 
relief 9848 
relisted 9800 
reluctant 9788 9835 
remain 9760 9764 9769 9819 9838 
remained 9760 9763 9822 
remaining 9866 
remarks 9764 
remotely 9762 
remove 9754 
rendering 9759 
renewal 9774 
renewed 9764 9797 
reorganisation 9771 
repayment 9822 
repeatedly 9788 
replace 9788 
replied 9796 
reply 9755 9841 
report 9769 9782 9792 9793 9809 
reported 9744 9760 9771 9780 9803 9804 9820 9843 9861 
reporters 9776 9788 9792 9801 
reports 9763 9780 9820 
represent 9746 9806 
representation 9846 
representative 9755 
representing 9854 
represents 9797 
republic 9802 
reputation 9763 
request 9764 9800 9808 
requested 9835 9865 
requesting 9785 
requests 9835 
required 9774 9795 9835 
requirement 9774 9803 
rescheduling 9796 9835 
research 9760 9762 9771 9844 9856 
resell 9746 
reservations 9796 
reserve 9797 9798 9803 9835 
reserved 9789 
reserves 9787 9796 9818 9822 
residential 9820 
resist 9830 9835 
resistance 9835 
resisted 9835 
resisting 9835 
resolve 9797 
resolved 9759 
resort 9847 
resource 9769 
resown 9782 
respect 9774 9798 
respective 9759 9785 
response 9764 9774 9793 9835 9848 
responsible 9819 
rest 9759 9780 
restored 9800 
restrained 9771 
restraints 9798 
restrict 9764 9774 
restricted 9838 
restrictions 9754 9819 
restrictive 9782 9785 
restructuring 9771 9796 9839 
result 9793 9804 9822 
resulting 9749 
results 9761 9762 9793 9869 
retail 9754 
retain 9803 9806 9838 9864 
retained 9809 9817 
retraining 9771 
return 9758 9796 9803 
returns 9793 
revenue 9793 9835 9861 
revenues 9811 9861 
reversal 9764 
reverse 9764 
reversing 9763 9784 9848 
review 9793 
reviewed 9790 
revised 9749 9774 9781 9784 9855 
revises 9751 9856 
revising 9784 9848 
revision 9782 
revisions 9856 
revoking 9847 
revs 9807 9818 9825 
richard 9754 9759 
richmond 9839 9844 
rights 9822 
rigid 9754 9758 9864 
ring 9774 
ringgit 9769 9792 
rio 9823 9833 
rise 9745 9749 9754 9760 9763 9764 9769 9771 9780 9782 9784 9787 9793 9798 9799 9811 9812 9819 9848 9853 
risen 9762 
rises 9799 9805 9853 
rising 9763 9770 9799 9821 9841 
risk 9803 
risks 9764 
rival 9755 
river 9843 
riyal 9753 
roanoke 9846 
robles 9780 
rocks 9780 
rocky 9803 
role 9774 9788 9817 
rome 9789 
rose 9752 9753 9756 9760 9761 9762 9763 9770 9784 9787 9792 9793 9812 9820 9821 9829 9834 9836 9841 9848 
rostenkowski 9811 
roughly 9760 9866 
round 9796 9835 
routes 9826 
rowena 9784 9848 
royal 9835 
rubber 9769 
rudimentary 9759 
rule 9808 
rules 9774 9785 9803 9838 
ruling 9774 9808 9835 9847 
run 9786 9848 
running 9752 9758 9774 9803 
s. 9817 
s.g. 9791 
sa 9838 
sachs 9806 
sake 9774 
salary 9759 
sale 9758 9806 9809 9814 9833 
sales 9746 9760 9761 9764 9786 9810 9819 9839 9860 9861 9866 9867 
saloman 9755 
salomon 9791 9806 
saltzer 9817 
saltzman 9817 
samuel 9791 
san 9826 9860 
sanctions 9847 
sandoz 9794 
sanwa 9764 
satisfactory 9761 
satisfied 9797 
satisfy 9759 
satoshi 9764 9777 
saturday 9831 
saudi 9753 
saudriyal 9753 
savings 9752 9759 
sb 9806 
scandal 9774 
sceptical 9758 9764 
scheduled 9759 9789 9850 9858 
scheme 9758 9759 9796 
schemes 9796 
schilling 9765 
schillings 9802 
scientist 9762 
scientists 9762 
scope 9759 
scotland 9835 
scrap 9780 
sdrs 9822 
searching 9793 
season 9782 
seasonal 9749 
seasonally 9749 9770 9784 9805 9812 9821 9834 9848 
secondary 9796 
secrecy 9774 
secret 9774 
secretary 9754 9755 9763 9764 9788 9795 9796 9797 9798 9801 9813 9816 9826 9864 
sections 9761 
sector 9759 9760 9761 9785 9819 
sectors 9760 9761 
secured 9800 
securities 9759 9784 9800 9804 9848 9854 
seek 9830 9832 
seeking 9755 
sees 9760 9769 9771 9808 9816 9861 9869 
self-sufficiency 9754 
sell 9754 9758 9796 9833 9859 9867 
selling 9750 9758 9764 9775 
sells 9786 9814 9817 9854 9862 
semi-government 9754 
senate 9864 
send 9835 
seng 9754 
senior 9774 9850 
sensitive 9848 
sentiment 9764 9783 9784 9848 
seoul 9849 
separate 9762 9796 9817 
september 9757 9760 9764 9819 9835 
serial 9758 
series 9799 9853 
serve 9817 
service 9755 9763 9826 9854 
services 9749 9761 9774 
serving 9792 
set 9746 9754 9755 9758 9831 9841 9854 
setting 9780 9864 
settlement 9846 9858 
settling 9784 9848 
seven-year 9796 9859 
severely 9838 
share 9755 9762 9779 9804 9806 9808 9814 9835 9840 9842 9850 9854 9861 9866 9869 
shareholder 9846 9858 
shareholders 9760 9785 9833 9846 9858 
shares 9762 9771 9779 9785 9806 9814 9817 9840 9842 
sharing 9835 
sharp 9754 9760 9783 9869 
sharply 9762 9771 9784 9848 9869 
shearson 9755 9806 
sheep 9774 
sheer 9764 
sheet 9803 
sheltered 9867 
shifts 9864 
ship 9801 
shipment 9861 
shipments 9793 
shopping 9840 
short 9746 9771 9774 9838 9841 
short-dated 9753 
short-term 9789 9804 9841 
shortfall 9781 9855 
shortly 9808 
show 9752 9756 9819 
showed 9760 9770 9784 9796 9821 9848 9856 
showing 9784 9803 9848 
shown 9774 
shr 9807 9810 9815 9818 9825 9837 9839 9860 
shrs 9807 9818 9825 9860 
shultz 9755 
shut 9780 
side 9759 
sides 9764 
sieg.f 9760 9819 
siemens 9760 9819 
sign 9835 
signal 9828 
signatories 9835 
signed 9833 9840 9847 
signing 9830 9835 
signs 9782 
silve 9843 
silver 9799 9853 
singapore 9759 9792 
single 9755 
situation 9764 9788 
situations 9758 
six-year 9796 
size 9793 
slate 9846 
slid 9836 
slide 9764 
slight 9774 
slightly 9749 9751 
slipped 9761 
slipping 9784 9848 
slips 9848 
slogan 9758 
slow 9758 9764 
small 9782 9783 9835 
small-scale 9783 
smooth 9783 
smoothly 9808 
so-called 9774 
social 9774 9793 9843 9848 
societe 9750 9755 9775 
society 9774 
soft 9865 
software 9861 
sold 9754 9764 9786 9793 9806 
solution 9777 9804 9835 
solutions 9788 
solve 9777 9788 
sounded 9835 
sources 9746 9754 9755 9757 9759 9784 9788 9796 9831 9848 
south 9849 9866 
south-korea 9849 
southern 9762 
sovereign 9796 
soviet 9772 9782 9786 
sowing 9863 
sowings 9782 
sown 9793 
spa 9785 
spain 9841 
speaker 9795 9813 
special 9749 9761 9786 9795 9813 9822 
specific 9864 
specifically 9758 
speculate 9796 
speculative 9764 9841 
speech 9801 
speed 9759 
spelled 9864 
spending 9759 9769 9771 9784 9795 9798 9848 
spent 9798 
sphere 9838 
spinoff 9806 
spokesman 9776 9786 9841 9847 
spokeswoman 9749 
spot 9753 
spot/next 9753 
spotlight 9774 
spread 9796 
spring 9782 
spurred 9769 
sqaunder 9788 
srd 9845 9850 
stabilisation 9754 9764 
stabilise 9764 
stability 9797 9851 9864 
stable 9822 
stablised 9770 
staff 9798 9861 
stainless 9761 
stake 9755 9779 9814 
stakes 9755 9785 9838 
stalemate 9788 
stance 9835 
stand 9784 9848 
standard 9754 9795 9845 9850 9854 
standards 9763 
standing 9774 
stands 9797 
stanley 9828 
start 9761 9763 9799 9838 9841 9849 9853 
starting 9754 9764 9806 9819 
state 9755 9758 9763 9766 9776 9788 9803 9834 9856 
state-owned 9758 
state-run 9856 
statement 9749 9761 9779 9797 9800 9822 
states 9758 9764 9765 9774 9793 9795 9801 9803 9813 9819 9838 9849 
station 9760 
stations 9819 
statistic 9798 
statistics 9749 9752 9829 9836 
status 9774 9804 
steady 9753 9784 9848 
steel 9761 
steers 9754 
step 9754 
stepped 9788 
steps 9759 9763 9846 
sterling 9784 9792 9848 
stg 9745 9767 9768 9770 9771 9781 9784 9791 9821 9848 9855 
stimulate 9864 
stimulative 9763 
stock 9754 9759 9762 9784 9795 9799 9800 9803 9806 9813 9840 9842 9845 9846 9848 9853 9854 
stockholm 9856 
stocks 9754 9782 9786 9799 9853 9866 
stoning 9780 
stood 9753 9764 9797 9841 
stop 9788 
stopped 9804 
storage 9759 
stored 9793 
stores 9746 9786 
strain 9793 
strained 9774 
straits 9801 
strategy 9788 
strength 9763 9770 9821 
strengthened 9771 
strengthening 9861 
stressed 9797 
strict 9752 9754 9769 
strictly 9754 
strike 9780 
strohmeyer 9799 9853 
strong 9761 9784 9799 9802 9822 9848 9853 9866 
stronghold 9776 
strongly 9760 9798 
struck 9835 
structures 9777 
studying 9849 
subcommittee 9864 
subject 9757 9759 9819 9833 9858 
subordinate 9842 
subordinated 9803 9854 
subscriptions 9789 
subsequent 9789 9822 
subsequently 9796 
subsidiaries 9760 9844 
subsidiary 9760 9794 9809 9814 9840 9844 
subsidies 9793 
substantial 9819 9848 9864 
succeed 9764 
succeeded 9758 
success 9764 9793 
successful 9762 
sufferers 9762 
suffering 9776 
sugar 9746 9758 
suggest 9788 
suggested 9788 9835 
suggesting 9797 
sum 9779 
sumita 9764 9777 
sumitomo 9791 
sun-yong 9849 
supplementary 9749 
supplier 9819 9861 
suppliers 9819 
supplies 9776 9819 9867 
supply 9754 9762 9778 9840 9841 
supplying 9840 
support 9754 9764 9784 9788 9793 9795 9848 
supported 9835 
supporting 9793 
surged 9784 9848 
surplus 9747 9748 9749 9763 9768 9770 9777 9784 9786 9788 9797 9821 9836 9847 9848 9849 9856 
surpluses 9793 9819 
surrounding 9835 
survey 9793 
surveys 9784 9848 
suspended 9800 9835 
sustain 9769 
swap 9758 
sweden 9856 
swings 9836 
swiss 9743 9774 9792 9794 9828 
switch 9793 
switching 9819 
switzerland 9774 9835 9866 
sycip 9758 
symbol 9758 9806 
syndicate 9806 
syndrome 9762 
system 9754 9759 9822 9841 9843 9864 
systems 9771 9795 9861 
table 9796 
tactic 9835 
tadahiko 9764 
taipei 9752 
taiwan 9752 
take-up 9745 
taking 9749 
talk 9788 
talks 9796 9808 9833 9846 9849 
tandard 9835 
tankers 9801 
tap 9863 
target 9745 9758 9764 9797 9841 9852 9864 9866 
tax 9744 9759 9784 9795 9798 9807 9811 9813 9818 9835 9839 9848 9866 9867 
tax-writing 9811 
taxable 9759 
taxed 9795 
taxes 9795 9798 9804 9813 
taxpayers 9795 
technology 9760 
telecom 9755 
telecommunications 9755 9760 9819 
telephone 9819 
telesis 9755 
television 9795 9797 9811 
telex 9835 
telexes 9835 
temporary 9764 9774 9826 
tend 9758 9788 
tended 9763 9797 
tender 9746 9790 9844 9865 
tenders 9819 
tenn. 9808 
tens 9783 
term 9764 9769 9771 9798 9841 
terms 9749 9751 9759 9761 9763 9769 9790 9793 9806 9809 9812 9828 9833 9835 9854 9866 
territory 9836 
testimony 9864 
testing 9762 
texas 9801 9826 
textile 9758 
thatcher 9755 9848 
theft 9759 
thinks 9764 
thomson 9854 
thought 9746 9783 
threatened 9835 
three-month 9765 9802 
three-quarters 9759 
three-year 9765 9802 9859 
threshold 9774 
threw 9780 
throw 9788 
ticker 9806 
ties 9863 
tightening 9774 
tighter 9753 
time 9762 9764 9788 9793 9796 9833 9834 9835 9836 
times 9754 9763 
timing 9808 
tin 9769 
tinker 9784 9848 
tinto 9833 
tinto-zinc 9823 9833 
titles 9758 
tme 9766 
today 9745 9764 9781 9786 9795 9800 9811 9831 9835 9843 9848 9849 9850 9855 9865 9866 
tokyo 9754 9755 9762 9764 9777 9783 9788 9847 
told 9751 9754 9755 9758 9760 9762 9763 9765 9774 9776 9777 9788 9792 9796 9797 9801 9802 9819 9838 9849 9866 9869 
toll 9780 
tomorrow 9848 
tomorrow/next 9753 
tonnage 9761 
tonnages 9761 
tonne 9769 9782 9865 
tonnes 9746 9754 9756 9772 9773 9782 9786 9865 
top 9841 
toronto 9861 
total 9746 9756 9758 9761 9783 9784 9820 9835 9836 9848 9855 
totaled 9804 9834 
totalled 9749 
totalling 9759 
tractor 9771 
trade 9746 9748 9749 9751 9755 9761 9763 9764 9767 9768 9769 9770 9777 9782 9784 9788 9795 9797 9804 9816 9819 9821 9836 9847 9848 9849 9864 
tradeable 9796 
traded 9764 9806 9866 
trader 9753 
traders 9865 
trades 9759 
trading 9751 9753 9759 9761 9764 9783 9797 9799 9800 9845 9847 9853 
traditional 9836 
traditionally 9795 
training 9771 
tranche 9757 9766 
tranches 9757 
transaction 9759 9809 9813 9833 9867 
transactions 9745 9759 9793 9795 9813 
transcapital 9779 
transfer 9749 9795 9813 
transportation 9826 
travel 9759 
treasurer 9751 
treasury 9745 9759 9764 9765 9769 9788 9789 9795 9797 9798 9799 9802 9813 9816 9851 9852 9853 9855 9864 9866 
treatment 9835 
tremendous 9798 
trend 9749 9763 9764 9770 9784 9793 9848 
tribunal 9774 
tricks 9774 
triggered 9797 
trillion 9752 
trips 9759 
trizec 9825 
troops 9776 9780 
troy 9840 9866 
trust 9758 9794 
trustco 9750 9775 
trustee 9758 
tube 9762 
tubes 9762 
tuesday 9764 9796 9841 
tunis 9863 
tunisia 9863 
turbines 9778 
turgut 9831 
turkey 9831 
turkish 9831 
turn 9759 9769 
turnabout 9784 9848 
turnaround 9763 9769 
turned 9784 9848 
turnover 9760 9761 9819 
twelve 9860 
twenty 9785 
two-day 9849 
two-month 9749 
two-tier 9796 
two-tranche 9766 
tying 9758 
type= 9747 9748 9767 9768 9772 9773 9805 9815 9823 9824 9830 9832 9837 9851 9852 9857 9862 
types 9835 
u.k 9745 9756 9768 9770 9771 9781 9784 9821 9848 9855 
u.k. 9755 9784 9835 9848 
u.s 9754 9764 9793 9795 9819 9834 9835 9851 9864 9866 
u.s. 9754 9755 9764 9770 9776 9777 9782 9785 9788 9792 9793 9794 9795 9797 9799 9801 9806 9816 9819 9826 9835 9849 9853 9861 9864 9866 
u.s.. 9819 
ugp 9766 
uis.n 9755 
uk 9745 9756 9764 9767 9770 9771 9781 9782 9784 9790 9791 9793 9794 9800 9814 9821 9835 9847 9848 9855 
ultra 9840 
unadjusted 9812 9820 
unattractive 9793 
uncertainty 9760 
unchanged 9749 9782 9784 9787 9789 9829 9848 9857 
unclear 9754 
uncompetitive 9849 
underlying 9770 9771 9783 9821 
undermine 9784 9848 
underpinned 9761 
understanding 9819 
understandings 9864 
undertake 9788 
undertaken 9759 
underwriter 9806 
underwriters 9806 
underwriting 9750 9775 9790 9806 
undetermined 9789 
undisclosed 9779 9809 
unemployment 9751 9793 9805 9812 9834 
unfortunate 9795 9813 
unidare 9814 
union 9760 9766 9782 9786 
unions 9780 
unisys 9755 
unit 9809 9835 
united 9758 9764 9765 9774 9793 9795 9801 9813 9819 9849 
units 9746 9786 9793 9822 9844 9865 
university 9762 9801 
unlike 9789 9796 
unreservedly 9784 9848 
unsecured 9750 9775 
unsubordinated 9750 9775 
unsuccesful 9774 
unsure 9764 
unwarranted 9797 
upcoming 9848 
updating 9759 
ups 9772 
upset 9835 
upsetting 9848 
upturn 9760 
upward 9770 9782 9793 
upwards 9783 
urge 9847 
urged 9755 9788 
ussr 9782 9786 
utility 9861 
va. 9839 9844 9846 
value-added 9866 
valued 9844 
variable-coupon 9789 
variable-rate 9766 
varying 9793 
vee 9867 
veeco 9867 
veg-oil 9756 
vegetable 9756 
vehicle 9771 
venture 9785 
vibor 9765 
vice 9799 9853 
vice-president 9762 
victory 9848 
vienna 9765 9802 
view 9790 9835 9841 
villegas 9838 
violence 9780 
virtual 9774 
virus 9762 
visible 9770 9784 9821 9848 
vision 9811 
visits 9754 
volcker 9764 9797 9798 
volume 9770 9821 9866 
volumes 9759 
voluntary 9774 
von 9763 
vote 9833 
voters 9848 
vulnerable 9784 9848 
wagyu 9754 
wane 9799 9853 
wanted 9774 
wanting 9774 
war 9751 
warburg 9784 9791 9848 
warn 9848 
warned 9788 
warning 9835 
warrant 9817 
warrants 9817 9828 9840 
wartenberg 9763 
wary 9848 
washington 9764 9776 9797 9798 9803 9811 9813 9816 9834 9835 9849 9864 
watchfulness 9763 
watching 9783 
water 9801 
waver 9799 9853 
ways 9788 9793 9811 
weak 9764 
weaken 9764 
weakened 9761 
weaker 9784 9816 9848 
weakness 9761 9763 9784 9848 
weather 9749 9770 9782 9784 9821 9848 
wedd 9790 
wednesday 9796 
week 9746 9749 9754 9764 9774 9779 9787 9797 9804 9806 9808 9822 9831 9834 9835 9847 
weekend 9764 9797 
weekly 9822 
weeks 9746 9796 9798 9833 9835 
weighted 9784 9848 
weinberger 9801 
wellington 9779 
west 9749 9760 9761 9763 9764 9786 9787 9799 9819 9829 9841 9853 9864 9866 
west-germany 9749 9760 9761 9763 9764 9787 9799 9819 9824 9829 9853 9866 
westdeutsche 9799 9853 
western 9842 
westminster 9835 
wheat 9773 9782 9793 9865 
whelan 9784 9848 
white 9798 
wholesale 9754 
wholly-owned 9844 
widely 9784 9848 
widened 9749 
widening 9749 9849 
widens 9749 
wider 9759 
widespread 9764 
wiesbaden 9749 9829 
wikeley 9779 
wil 9793 
willingness 9788 
win 9846 
wireless 9755 
withdraw 9746 
withdrawal 9861 
withdrawing 9776 
withheld 9835 
withholding 9759 
witte 9799 9853 
woman 9762 
won 9774 9778 
work 9758 9759 9763 9788 9817 
worker 9759 
workers 9759 9780 
workforce 9751 9812 
working 9762 9780 
world 9751 9760 9763 9773 9777 9782 9788 9793 9795 9813 9819 9835 9866 
worldbank 9788 
worried 9758 9763 
worries 9784 9848 
worry 9763 
worse 9784 9848 
worst 9780 
worth 9758 9774 9796 9801 9822 9826 9850 
wright 9795 9813 
writedowns 9818 
wroblewski 9784 9848 
yamaguchi 9762 
yamamoto 9762 9764 
yasuhiro 9755 
year-ago 9749 9760 9829 
year-end 9803 
year-on-year 9749 
years 9751 9759 9782 9790 9791 9798 9819 9826 9854 
yen 9754 9762 9764 9770 9783 9792 9862 
yen/dollar 9797 
yesterday 9746 9752 9753 9764 9784 9788 9803 9842 9843 9848 
yeutter 9755 
yield 9789 9796 
yields 9759 9766 9782 9789 9793 
york 9764 9794 9795 9796 9806 9807 9809 9817 9820 9835 9850 9854 9869 
yumikura 9762 
zoete 9790 
zone 9754 9764 
zones 9852 9864 
zurich 9743 9774 9828 
