'n 2086 
're 2116 
***** 2038 2041 
****** 2002 2004 2014 2032 2035 2037 2043 2060 2067 2069 2098 2103 2105 2113 2122 2123 2124 2125 2136 2141 2145 2146 2157 2166 2169 2171 2174 2176 2178 
****rio 2115 
-1 2065 
-4t 2028 
-4th 2101 
-ac 2126 
-add 2164 
-buys-brit 2102 
-comparabl 2051 
-device-app 2165 
-f 2142 
-fe 2063 2111 2144 
-feb 2062 
-febru 2082 
-februa 2050 
-february 2040 
-february-ret 2104 
-february-s 2135 
-files-f 2127 
-files-to 2076 
-gets 2093 
-holder 2027 
-in-merg 2080 
-laying-off-5 2018 
-lcp-chemica 2147 
-montgome 2071 
-offe 2045 
-president 2130 
-reg 2049 
-s 2153 
-says-dru 2036 
-seek 2013 
-seeks-imme 2072 
-sell 2161 
-share-of 2120 
-sig 2053 
-sta 2024 
-to 2097 
-to-s 2039 
-un 2152 
-unit 2160 
-unit-in 2138 
-up-on 2108 
-upgrade 2116 
/author 2078 2117 2132 
0.40 2065 
0.80 2065 
0006 2041 
0007 2103 2136 2141 
0008 2123 2124 2157 
0009 2038 2060 2069 
0010 2035 2043 2125 2166 2176 
0011 2014 2037 2146 2178 
0012 2002 2105 
0013 2113 2122 2145 2169 
0014 2067 2171 
0015 2032 2174 
0016 2004 2098 
0021 2089 
0022 2153 
0024 2049 2163 
0025 2148 2154 
0035 2027 2065 
0036 2020 2083 2106 
0037 2109 2162 
0039 2173 
0040 2101 
0041 2102 
0042 2071 
0043 2021 2104 
0044 2023 
0045 2042 2080 
0046 2029 2070 
0047 2047 2167 
0048 2131 2137 
0049 2075 2111 2139 
0051 2135 2164 
0052 2055 
0053 2016 
0054 2144 
0055 2092 
0056 2127 
0057 2063 2079 
0058 2033 2149 
0060 2120 2152 
0062 2093 2099 2133 
0063 2005 2036 
0066 2039 2110 2112 
0068 2048 2050 
0069 2026 2062 2082 
0072 2128 
0073 2046 2091 
0074 2031 2151 
0075 2028 2056 
0076 2086 2126 
0078 2138 
0079 2072 
0080 2158 
0082 2107 2129 2143 
0083 2017 2018 2076 
0084 2090 
0085 2057 
0086 2130 
0087 2058 2088 
0088 2040 
0089 2006 2084 
0091 2140 
0092 2044 
0093 2024 2059 
0094 2007 2053 2134 
0095 2022 2097 2172 
0096 2081 2142 2159 2177 
0097 2155 
0099 2009 2012 2045 2078 2175 
0100 2013 2066 2114 
0101 2025 2054 2156 
0102 2051 2085 2096 2132 2180 
0103 2019 2100 2116 2160 2179 
0104 2108 
0105 2008 
0106 2170 
0107 2073 
0108 2030 2115 2117 2150 
0110 2147 2165 
0111 2061 
0112 2011 
0113 2015 2121 2161 
0115 2001 2064 2119 
0116 2074 2094 
0117 2003 
0118 2010 
0121 2034 2068 
0128 2168 
0133 2118 
0138 2087 
0142 2095 
0143 2052 2077 
03-05 2001 2002 2003 2004 2005 2006 2007 2008 2009 2010 2011 2012 2013 2014 2015 2016 2017 2018 2019 2020 2021 2022 2023 2024 2025 2026 2027 2028 2029 2030 2031 2032 2033 2034 2035 2036 2037 2038 2039 2040 2041 2042 2043 2044 2045 2046 2047 2048 2049 2050 2051 2052 2053 2054 2055 2056 2057 2058 2059 2060 2061 2062 2063 2064 2065 2066 2067 2068 2069 2070 2071 2072 2073 2074 2075 2076 2077 2078 2079 2080 2081 2082 2083 2084 2085 2086 2087 2088 2089 2090 2091 2092 2093 2094 2095 2096 2097 2098 2099 2100 2101 2102 2103 2104 2105 2106 2107 2108 2109 2110 2111 2112 2113 2114 2115 2116 2117 2118 2119 2120 2121 2122 2123 2124 2125 2126 2127 2128 2129 2130 2131 2132 2133 2134 2135 2136 2137 2138 2139 2140 2141 2142 2143 2144 2145 2146 2147 2148 2149 2150 2151 2152 2153 2154 2155 2156 2157 2158 2159 2160 2161 2162 2163 2164 2165 2166 2167 2168 2169 2170 2171 2172 2173 2174 2175 2176 2177 2178 2179 2180 
0900 2034 
09:07:54.17 2001 
09:18:26.80 2002 
09:19:43.22 2003 
09:21:58.67 2004 
09:22:57.75 2005 
09:23:44.74 2006 
09:24:40.64 2007 
09:24:55.56 2008 
09:26:07.38 2009 
09:26:17.58 2010 
09:27:39.53 2011 
09:31:01.67 2012 
09:33:06.03 2013 
09:33:18.80 2014 
09:34:02.54 2015 
09:34:13.71 2016 
09:34:57.56 2017 
09:35:22.89 2018 
09:36:37.16 2019 
09:38:14.93 2020 
09:39:13.96 2021 
09:40:41.79 2022 
09:40:53.56 2023 
09:41:51.56 2024 
09:42:45.36 2025 
09:42:52.28 2026 
09:44:47.86 2027 
09:44:55.17 2028 
09:45:10.22 2029 
09:45:49.05 2030 
09:52:38.52 2031 
09:53:39.85 2032 
09:54:03.66 2033 
09:55:41.23 2034 
09:55:46.08 2035 
09:56:03.54 2036 
09:57:00.61 2037 
09:58:35.61 2038 
09:59:40.82 2039 
1,000 2081 2143 2158 
1,000,000 2048 
1,025,000 2047 
1,026,000 2047 
1,068,000 2112 
1,153,000 2112 
1,167,000 2016 
1,200 2034 
1,200,000 2120 
1,211,000 2099 
1,289,635,000 2051 
1,307,000 2092 
1,317,402 2167 
1,428,000 2099 
1,459,193,000 2051 
1,500 2094 
1,513,395 2026 
1,536,000 2099 
1,600,000 2042 
1,700,000 2120 
1,712,000 2005 
1,717,810 2167 
1,743,000 2099 
1,788,000 2173 
1,807,000 2033 
1,900,000 2042 
1-1/4 2088 2143 2158 2170 
1-5/8 2084 
1-may 2003 
1.01 2085 
1.09 2048 
1.10 2022 
1.15 2022 
1.16 2045 2089 
1.2 2068 
1.25 2020 
1.29 2040 
1.34 2133 
1.35 2110 
1.36 2028 2099 
1.40 2179 
1.43 2133 
1.46 2040 
1.5 2090 
1.51 2065 
1.6 2007 2111 
1.61 2065 
1.66 2028 
1.71 2029 
1.75 2116 
1.76 2029 2135 
1.8 2026 
1.83 2055 
1.85 2135 
1.9 2148 2164 
1/4 2143 2158 
10,000 2143 2158 
10,863 2167 
10-13/16 2022 
10-7/8 2022 
10-year 2119 2161 
10.26 2110 
10.3 2033 
10.4 2026 2082 
10.50 2109 
10.72 2109 
10.8 2113 2144 
10.90 2109 
100.4 2047 
101-1/2 2059 2143 2158 
101-3/4 2170 
101.2 2082 
102.1 2047 
103-3/8 2088 
104,704 2172 
104.3 2086 
105.9 2070 
107.74 2110 
10:00:29.72 2040 
10:00:45.71 2041 
10:01:44.44 2042 
10:02:32.72 2043 
10:02:53.85 2044 
10:03:24.09 2045 
10:03:43.41 2046 
10:04:23.59 2047 
10:04:32.26 2048 
10:04:36.77 2049 
10:05:25.49 2050 
10:09:59.43 2051 
10:11:50.97 2052 
10:13:13.34 2053 
10:13:54.12 2054 
10:15:44.63 2055 
10:17:54.70 2056 
10:18:25.05 2057 
10:18:32.34 2058 
10:18:46.99 2059 
10:18:51.21 2060 
10:20:40.73 2061 
10:21:29.06 2062 
10:21:41.00 2063 
10:22:24.09 2064 
10:22:36.39 2065 
10:22:52.88 2066 
10:23:36.92 2067 
10:24:42.04 2068 
10:25:07.71 2069 
10:26:01.21 2070 
10:26:54.83 2071 
10:27:17.51 2072 
10:28:58.48 2073 
10:29:08.77 2074 
10:29:32.48 2075 
10:30:15.23 2076 
10:30:54.88 2077 
10:31:02.83 2078 
10:31:43.52 2079 
10:32:49.32 2080 
10:33:14.32 2081 
10:33:53.46 2082 
10:34:53.47 2083 
10:35:30.66 2084 
10:35:58.91 2085 
10:36:21.26 2086 
10:36:46.25 2087 
10:36:58.41 2088 
10:38:06.25 2089 
10:38:16.90 2090 
10:38:34.10 2091 
10:38:59.46 2092 
10:39:05.40 2093 
10:40:47.55 2094 
10:41:04.10 2095 
10:42:08.98 2096 
10:43:03.71 2097 
10:43:41.80 2098 
10:43:49.07 2099 
10:45:09.95 2100 
10:45:37.49 2101 
10:47:18.89 2102 
10:47:44.77 2103 
10:48:33.34 2104 
10:48:58.69 2105 
10:49:45.98 2106 
10:50:58.74 2107 
10:51:09.00 2108 
10:51:12.80 2109 
10:53:16.63 2110 
10:53:21.21 2111 
10:54:32.45 2112 
10:55:05.99 2113 
10:56:20.75 2114 
10:56:40.36 2115 
10:57:56.49 2116 
10:58:14.28 2117 
10:58:42.27 2118 
10:58:53.47 2119 
10:59:25.70 2120 
10:59:40.89 2121 
10:59:45.01 2122 
11.06 2061 
11.2 2058 2115 
11.3 2038 2063 
11.39 2061 
11.6 2005 2055 
11.7 2019 
111.3 2142 
113.2 2070 
113.6 2075 
115,000 2097 
116.84 2003 
11:01:39.04 2123 
11:01:44.53 2124 
11:02:49.64 2125 
11:04:39.47 2126 
11:04:58.81 2127 
11:05:12.64 2128 
11:05:37.16 2129 
11:06:44.15 2130 
11:07:31.69 2131 
11:08:35.98 2132 
11:08:44.89 2133 
11:09:37.83 2134 
11:10:00.98 2135 
11:10:24.70 2136 
11:10:42.14 2137 
11:10:59.01 2138 
11:11:09.48 2139 
11:11:21.30 2140 
11:11:50.40 2141 
11:12:24.36 2142 
11:12:39.69 2143 
11:14:29.96 2144 
11:15:35.21 2145 
11:15:55.53 2146 
11:16:33.46 2147 
11:16:40.87 2148 
11:17:25.69 2149 
11:18:19.43 2150 
11:19:39.90 2151 
11:19:45.31 2152 
11:19:48.79 2153 
11:19:53.85 2154 
11:21:35.04 2155 
11:21:58.61 2156 
11:23:01.40 2157 
11:23:52.41 2158 
11:25:09.32 2159 
11:25:50.97 2160 
11:26:00.30 2161 
11:26:14.03 2162 
11:26:21.85 2163 
11:27:15.14 2164 
11:27:25.98 2165 
11:27:30.60 2166 
11:27:35.87 2167 
11:27:58.84 2168 
11:28:57.20 2169 
11:29:22.47 2170 
11:30:22.44 2171 
11:31:57.42 2172 
11:32:18.89 2173 
11:32:23.92 2174 
11:33:11.89 2175 
11:34:27.88 2176 
11:34:38.64 2177 
11:36:00.06 2178 
11:36:37.28 2179 
11:37:24.16 2180 
12,141,000 2016 
12,500 2003 2164 
12,801,000 2033 
12,842 2019 
12-month 2001 2094 
12.0 2028 
12.5 2079 
12.50 2109 
12.6 2005 
12.7 2032 2071 2142 2173 
12.8 2148 
120.1 2055 
120.8 2001 
121.3 2001 
122,700 2084 
123,000 2171 
127.6 2142 
13,000 2008 2164 
13.1 2014 2040 2051 2092 
13.3 2101 
13.5 2064 
13.7 2019 2048 
13.8 2005 2028 
13.9 2101 
133.5 2065 
133.75 2044 
136.50 2044 
137,000 2172 
137.39 2044 
137.93 2044 
138.75 2171 
139.2 2055 
14,734,000 2033 
14,966 2019 
14.0 2005 
14.1 2005 
14.17 2137 
14.50 2121 
140.25 2044 
141.50 2044 
142.95 2044 
145,000 2112 
147,214 2172 
15,000 2034 
15,900,000 2048 
15-april 2003 
15.0 2026 
15.4 2005 
15.5 2115 
15.7 2112 
15.8 2112 2121 
150,125,000 2056 
151.7 2048 
153.1 2048 
158,109 2172 
16,627 2167 
16-18 2061 
16.5 2019 
16.69 2137 
168,000 2028 
17.00 2004 2046 
17.1 2048 
17.6 2148 
17.7 2033 
173,000 2007 
175,000 2003 
176,344 2167 
18.0 2016 
18.2 2086 
18.25 2120 
18.4 2063 
18419 2001 
18420 2002 
18421 2003 
18422 2004 
18423 2005 
18424 2006 
18425 2007 
18426 2008 
18427 2009 
18428 2010 
18429 2011 
18430 2012 
18431 2013 
18432 2014 
18433 2015 
18434 2016 
18435 2017 
18436 2018 
18437 2019 
18438 2020 
18439 2021 
18440 2022 
18441 2023 
18442 2024 
18443 2025 
18444 2026 
18445 2027 
18446 2028 
18447 2029 
18448 2030 
18449 2031 
18450 2032 
18451 2033 
18452 2034 
18453 2035 
18454 2037 
18455 2038 
18456 2039 
18457 2040 
18458 2041 
18459 2042 
18460 2043 
18461 2044 
18462 2045 
18463 2046 
18464 2047 
18465 2048 
18466 2049 
18467 2050 
18468 2051 
18469 2052 
18470 2053 
18471 2054 
18472 2055 
18473 2056 
18474 2057 
18475 2058 
18476 2059 
18477 2060 
18478 2061 
18479 2062 
18480 2063 
18481 2064 
18482 2065 
18483 2066 
18484 2067 
18485 2068 
18486 2069 
18487 2070 
18488 2071 
18489 2072 
18490 2073 
18491 2074 
18492 2075 
18493 2076 
18494 2077 
18495 2078 
18496 2079 
18497 2080 
18498 2081 
18499 2082 
18500 2083 
18501 2084 
18502 2085 
18503 2086 
18504 2087 
18505 2088 
18506 2089 
18507 2090 
18508 2091 
18509 2092 
18510 2093 
18511 2036 
18512 2094 
18513 2095 
18514 2096 
18515 2097 
18516 2098 
18517 2099 
18518 2100 
18519 2101 
18520 2102 
18521 2103 
18522 2104 
18523 2105 
18524 2106 
18525 2107 
18526 2108 
18527 2109 
18528 2110 
18529 2111 
18530 2112 
18531 2113 
18532 2114 
18533 2115 
18534 2116 
18535 2117 
18536 2118 
18537 2119 
18538 2120 
18539 2121 
18540 2122 
18541 2123 
18542 2124 
18543 2125 
18544 2126 
18545 2127 
18546 2128 
18547 2129 
18548 2130 
18549 2131 
18550 2132 
18551 2133 
18552 2134 
18553 2135 
18554 2136 
18555 2137 
18556 2138 
18557 2139 
18558 2140 
18559 2141 
18560 2142 
18561 2143 
18562 2144 
18563 2145 
18564 2146 
18565 2147 
18566 2148 
18567 2149 
18568 2150 
18569 2151 
18570 2152 
18571 2153 
18572 2154 
18573 2155 
18574 2156 
18575 2157 
18576 2158 
18577 2159 
18578 2160 
18579 2161 
18580 2162 
18581 2163 
18582 2164 
18583 2165 
18584 2166 
18585 2167 
18586 2168 
18587 2169 
18588 2170 
18589 2171 
18590 2172 
18591 2173 
18592 2174 
18593 2175 
18594 2176 
18595 2177 
18596 2178 
18597 2179 
18598 2180 
19.31 2110 
1981 2052 2078 
1982 2160 
1983 2057 
1984 2168 
1985 2001 2007 2028 2033 2052 2057 2061 2078 2099 2114 2132 
1985/86 2066 
1986 2001 2008 2019 2020 2028 2029 2045 2048 2050 2061 2063 2065 2066 2085 2086 2097 2109 2112 2115 2116 2132 2133 2137 2150 2161 2179 
1986/87 2066 
1987 2001 2003 2005 2008 2021 2023 2061 2081 2108 2114 2116 2132 2143 2150 2158 2160 2170 
1987/88 2030 
1988 2011 2081 2116 2145 2156 
1989 2052 2078 
1991 2081 
1992 2088 2119 2143 2158 2170 
1997 2161 
1st 2122 2149 
2,000 2008 2018 2094 
2,018 2019 
2,024,116 2020 
2,039,000 2112 
2,051,000 2112 
2,240,000 2058 
2,360,048 2101 
2,400,000 2177 
2,413,407 2101 
2,433,000 2028 
2,493,000 2048 
2,498,000 2099 
2,500,000 2173 
2,656,000 2005 
2,665,000 2016 
2,777,425 2020 
2,806,005 2026 
2,883,000 2173 
2,903,000 2092 
2,971,000 2099 
2.00 2116 
2.10 2048 
2.2 2007 
2.25 2179 
2.30 2116 
2.4 2007 
2.50 2132 
2.54 2061 
2.75 2179 
2.76 2055 
2.86 2179 
20.7 2082 
200-seat 2132 
2001 2001 
2002 2002 
2003 2003 
2004 2004 
2005 2005 
2006 2006 
2007 2007 
2008 2008 
2009 2009 
2010 2010 
2011 2011 
2012 2012 
2013 2013 
2014 2014 
2015 2015 
2016 2016 
2017 2017 
2018 2018 
2019 2019 
202,000 2016 
2020 2020 
2021 2021 
2022 2022 
2023 2023 
2024 2024 
2025 2025 
2026 2026 
2027 2027 
2028 2028 
2029 2029 
2030 2030 
2031 2031 
2032 2032 
2033 2033 
2034 2034 
2035 2035 
2036 2036 
2037 2037 
2038 2038 
2039 2039 
2040 2040 
2041 2041 
2042 2042 
2043 2043 
2044 2044 
2045 2045 
2046 2046 
2047 2047 
2048 2048 
2049 2049 
2050 2050 
2051 2051 
2052 2052 
2053 2053 
2054 2054 
2055 2055 
2056 2056 
2057 2057 
2058 2058 
2059 2059 
2060 2060 
2061 2061 
2062 2062 
2063 2063 
2064 2064 
2065 2065 
2066 2066 
2067 2067 
2068 2068 
2069 2069 
2070 2070 
2071 2071 
2072 2072 
2073 2073 
2074 2074 
2075 2075 
2076 2076 
2077 2077 
2078 2078 
2079 2079 
2080 2080 
2081 2081 
2082 2082 
2083 2083 
2084 2084 
2085 2085 
2086 2086 
2087 2087 
2088 2088 
2089 2089 
2090 2090 
2091 2091 
2092 2092 
2093 2093 
2094 2094 
2095 2095 
2096 2096 
2097 2097 
2098 2098 
2099 2099 
21.8 2028 
2100 2100 
2101 2101 
2102 2102 
2103 2103 
2104 2104 
2105 2105 
2106 2106 
2107 2107 
2108 2108 
2109 2109 
2110 2110 
2111 2111 
2112 2112 
2113 2113 
2114 2114 
2115 2115 
2116 2116 
2117 2117 
2118 2118 
2119 2119 
2120 2120 
2121 2121 
2122 2122 
2123 2123 
2124 2124 
2125 2125 
2126 2126 
2127 2127 
2128 2128 
2129 2129 
213.4 2082 
2130 2130 
2131 2131 
2132 2132 
2133 2133 
2134 2134 
2135 2135 
2136 2136 
2137 2137 
2138 2138 
2139 2139 
214.0 2042 
2140 2140 
2141 2141 
2142 2142 
2143 2143 
2144 2144 
2145 2145 
2146 2146 
2147 2147 
2148 2148 
2149 2149 
2150 2150 
2151 2151 
2152 2152 
2153 2153 
2154 2154 
2155 2155 
2156 2156 
2157 2157 
2158 2158 
2159 2159 
2160 2160 
2161 2161 
2162 2162 
2163 2163 
2164 2164 
2165 2165 
2166 2166 
2167 2167 
2168 2168 
2169 2169 
2170 2170 
2171 2171 
2172 2172 
2173 2173 
2174 2174 
2175 2175 
2176 2176 
2177 2177 
2178 2178 
2179 2179 
218.45 2110 
2180 2180 
219.5 2042 
22.0 2085 
23,000 2033 
233,600 2172 
233.91 2008 
235,572 2020 
24,500 2172 
24.4 2048 
240,000 2058 
249.0 2071 
25,000 2001 2003 2172 
25.4 2047 
25.6 2015 2048 
25.7 2141 
250,000 2057 
255,000 2120 
26-1/4 2163 
27.39 2160 
27.4 2028 
27.6 2048 
27.8 2047 2092 
276.7 2071 
28,000 2172 
28.0 2050 
28.6 2075 
296.6 2055 
2nd 2112 
3,002,500 2056 
3,196 2094 
3,500 2018 2094 
3,682,000 2047 
3,700,000 2047 
3,858,000 2047 
3,862,000 2048 
3,994 2019 
3-for-2 2005 
3.03 2061 
3.17 2166 
3.2 2033 
3.21 2101 
3.25 2053 
3.26 2166 
3.28 2101 
3.34 2108 
3.4 2026 2132 
3.5 2074 
3.58 2160 
3.6 2053 
3.84 2033 
3/8 2143 2158 
30,000 2172 
30.3 2048 
30.4 2075 
30.50 2045 
300,000 2081 
31.4 2112 
31.6 2112 
31.7 2048 2050 
32,500 2044 
33.9 2092 
33.90 2110 
332,000 2026 
33p 2029 2035 
34-3/4 2116 
34.2 2162 
35,000 2097 
35.0 2028 
35.1 2016 
350,000 2151 
350-mln-dlr 2052 
358.1 2133 
359.0 2133 
37,950,000 2045 
37.5 2054 
375,000 2044 
375.95 2098 2110 
38.8 2048 
38p 2029 2035 
396.4 2021 2023 
3rd 2016 2042 2092 2173 
4,085,000 2092 
4,311,000 2028 
4,421 2019 
4,653,000 2016 
4,700,000 2042 
4,758 2019 
4,950,000 2045 
4-1/2 2049 
4-1/4 2084 
4-7/8 2119 
4.3 2070 
4.55 2179 
4.60 2033 
4.72 2179 
4.85 2179 
4.9 2123 2135 
4.90 2055 
4.95 2119 
40,000 2044 
41,000 2172 
418,733 2020 
42.6 2048 
420.5 2055 
421.00 2098 2110 
424.8 2021 2023 
43.7 2019 
430,000 2091 
4361 2152 
44.2 2007 
44.87 2149 
440,000 2164 
45.06 2110 
45.2 2033 
46.8 2055 
465,000 2044 
47,000 2001 2172 
47-3/8 2084 
48.07 2149 
48.5 2005 
49.6 2133 
492,000 2028 
4th 2005 2028 2033 2047 2048 2055 2099 2101 2133 2136 2157 2166 2167 
5,000 2119 
5,116,892 2024 
5,314 2019 
5,438,000 2099 
5,500 2018 
5,521,000 2133 
5,993,000 2016 
5-1/8 2088 
5-15/16 2155 
5-3/4 2119 
5-3/8 2119 
5-mar-1987 2001 2002 2003 2004 2005 2006 2007 2008 2009 2010 2011 2012 2013 2014 2015 2016 2017 2018 2019 2020 2021 2022 2023 2024 2025 2026 2027 2028 2029 2030 2031 2032 2033 2034 2035 2036 2037 2038 2039 2040 2041 2042 2043 2044 2045 2046 2047 2048 2049 2050 2051 2052 2053 2054 2055 2056 2057 2058 2059 2060 2061 2062 2063 2064 2065 2066 2067 2068 2069 2070 2071 2072 2073 2074 2075 2076 2077 2078 2079 2080 2081 2082 2083 2084 2085 2086 2087 2088 2089 2090 2091 2092 2093 2094 2095 2096 2097 2098 2099 2100 2101 2102 2103 2104 2105 2106 2107 2108 2109 2110 2111 2112 2113 2114 2115 2116 2117 2118 2119 2120 2121 2122 2123 2124 2125 2126 2127 2128 2129 2130 2131 2132 2133 2134 2135 2136 2137 2138 2139 2140 2141 2142 2143 2144 2145 2146 2147 2148 2149 2150 2151 2152 2153 2154 2155 2156 2157 2158 2159 2160 2161 2162 2163 2164 2165 2166 2167 2168 2169 2170 2171 2172 2173 2174 2175 2176 2177 2178 2179 2180 
5.02 2087 
5.04 2132 
5.3 2043 2062 
5.5 2062 2115 
5.9 2132 
5/8 2088 2108 2170 
50,000 2119 
50-hertz 2100 
50.1 2024 
50.5 2085 
50.9 2033 
503.8 2144 
50s 2108 
51.3 2048 
52,500 2172 
52.6 2007 
52.9 2048 
53,000 2172 
536,040 2101 
54.2 2101 
54.9 2101 
545,000 2164 
549.5 2104 
55.3 2133 
56,879,000 2033 
56.1 2033 
57.1 2048 
572,000 2028 
58.8 2005 
581,915 2101 
59,500 2172 
59.4 2048 2179 
591p 2001 
598,000 2047 
6,307,096 2111 
6,332,471 2024 
6,411,103 2111 
6,567,000 2099 
6,605,879 2092 
6,731,000 2028 
6,740,000 2092 
6,776 2019 
6,874,970 2092 
6,875,706 2092 
6,877,360 2092 
6.0 2062 
6.01 2155 
6.1 2132 
6.3 2062 
6.4 2172 
6.7 2089 2132 
6.9 2070 
60.3 2179 
60.6 2179 
600,000 2020 
601.8 2144 
611p 2001 
615,000 2116 
62.3 2179 
62.5 2066 
63.0 2048 
631.8 2104 
644,727 2027 
65.0 2048 
65.7 2066 
656.8 2083 
66.5 2066 
66.6 2066 
66.7 2024 
67,000 2015 
67,818,000 2033 
67.2 2007 2066 
67.4 2085 
672,073 2167 
68.2 2042 
68.45 2149 
69.6 2042 
69.7 2179 
69.86 2149 
7,100,000 2042 
7,224,000 2028 
7,326 2019 
7,640 2019 
7-1/2 2161 
7.0 2006 
7.1 2063 
7.2 2021 2023 
7.50 2081 
7.663 2161 
7/8 2056 2108 2116 
700,000 2129 
705.5 2085 
72.1 2048 
720.0 2083 
725,023 2172 
73.25 2110 
75.27 2110 
76-1/8 2108 
766,066 2167 
77,804 2167 
774,704 2172 
78,600 2172 
78.93 2149 
795.8 2055 
8,804,899 2026 
8,848 2019 
8,928,000 2005 
8,937,000 2092 
8,982,754 2026 
8.17 2179 
8.2 2040 2051 
8.3 2064 
8.54 2161 
8.9 2086 
8.91 2110 
800,000 2148 
83.4 2019 
83.92 2149 
830.4 2001 
87.0 2149 
87.1 2075 
88.2 2086 
9,443,000 2005 
9,735 2019 
9,817,000 2028 
9-1/2 2030 
9.05 2094 
9.22 2094 
9.30 2094 
9.4 2104 
9.46 2094 
9.5 2068 2089 
9.6 2069 2083 
9.9 2115 
91,381 2172 
91.15 2094 
94.0 2055 
95.35 2094 
95.8 2179 
96.5 2149 
98.403 2161 
98.83 2110 
98.875 2161 
`` 2001 2013 2018 2025 2030 2034 2036 2040 2051 2052 2061 2064 2068 2072 2074 2078 2084 2087 2095 2096 2108 2115 2116 2118 2121 2130 2132 2138 2140 2144 2156 2168 2175 
a/s 2137 
aa 2134 
aa-2 2161 
aa-minus 2161 
aaa 2170 
aancor 2133 
ab 2010 2065 2091 2107 2109 
abandon 2117 
abandoned 2115 
abolishing 2132 
abroad 2064 
accelerate 2132 
accentuated 2061 
accept 2077 2107 
acceptable 2127 
accepted 2003 2008 2010 
accepts 2003 2008 
accord 2030 2068 2077 2110 
accordiance 2160 
accords 2132 
account 2001 
accounting 2057 2061 
accounts 2132 
accused 2073 
achieve 2156 
achieved 2068 
acq 2010 2013 2024 2027 2039 2054 2067 2080 2097 2102 2107 2114 2118 2126 2128 2151 2159 
acquire 2013 2107 2151 2177 
acquired 2010 2091 2102 2126 
acquires 2126 
acquisition 2013 2045 2054 2067 2126 2128 2133 2151 
acre 2164 
acres 2091 2162 2163 
act 2052 2054 2073 2078 2127 
action 2025 2087 2115 2155 2159 2175 2177 
actions 2118 
activated 2138 
active 2036 
activities 2096 2118 
activity 2061 2142 
actual 2121 
ada 2036 
adb-africa 2015 
adbul-jabbar 2034 
add 2075 2155 
added 2001 2010 2034 2061 2064 2081 2084 2115 2117 2130 2139 2172 
adding 2013 2034 2068 2084 2095 
addition 2007 2053 2142 2150 
additional 2003 2008 2045 2058 2061 2081 2118 2131 2156 
address 2087 2096 
addressing 2087 
adds 2139 2164 
adenosine 2036 
adequacy 2118 
adhering 2121 
adjacent 2091 
adjourned 2081 
adjusted 2005 2112 2115 
adjustment 2110 
administration 2015 2052 2078 2095 2140 
administration's 2095 
admitted 2057 
adopt 2096 2115 
adopting 2096 
adoption 2072 
ads 2058 
adulthood 2036 
advance 2115 
advanced 2129 2138 
advantage 2117 
advertisement 2024 
advertising 2009 
advise 2118 
adviser 2175 
aegis 2150 
affairs 2095 
affect 2030 2168 
affected 2114 2132 
affiliate 2019 2080 
africa 2015 2073 
african 2015 2115 
afternoon 2022 
ag 2010 2054 2097 
age 2036 
agence 2009 
agency 2067 2096 2121 2128 2165 
aggregate 2013 
ago 2040 2051 2064 2071 2082 2086 2104 2132 2135 2144 
agreed 2068 2084 2097 2100 2114 2117 2121 
agreement 2024 2030 2053 2077 2080 2115 2119 2127 2132 2138 2147 
agreements 2057 2128 
agrees 2052 2078 
agricultural 2030 2052 2078 2117 
agriculture 2003 2008 2030 2052 2074 2077 2078 2087 2095 
ags 2152 
aid 2015 2052 2074 2078 2168 
aide 2052 2095 
aids 2068 
aig 2055 
aim 2068 2170 
aimed 2001 2011 2064 
air 2067 2128 2146 2179 
aircraft 2102 
airlines 2066 2128 2146 2179 
airmotive 2102 
airport 2012 
alberta 2007 
alcatel 2009 
algeria 2121 2172 
algorithms 2129 
align 2121 
allay 2072 
alliance 2134 
allowing 2053 
alter 2117 
alteration 2022 
alternative 2072 2073 
alternatives 2156 
am-antibiotics 2168 
amendment 2052 
america 2019 2128 
american 2010 2013 2052 2055 2058 2072 2078 2079 2087 2092 2130 2170 
ames 2075 
amgen 2076 
amgn 2076 
amount 2001 2052 2078 
amsterdam 2066 
amswa 2079 2092 
ana 2039 
analysis 2077 2117 2139 
analyst 2061 2084 2105 2108 2116 
analysts 2061 2115 2132 
analyze 2118 
anatolia 2012 
anderson 2080 
andriessen 2068 
angeles 2057 2128 2168 
anglo 2013 
animals 2168 
announced 2003 2008 2009 2010 2024 2100 2107 
annual 2068 2087 2094 2096 2099 
annualised 2094 
annually 2160 
anonyme 2010 
answer 2074 
anti-communist 2132 
antibiotic 2168 
antibiotics 2168 
anticipated 2177 
anticipation 2108 
antimicrobial-resistant 2168 
apparel 2135 
apparently 2130 
appeared 2117 
appearing 2074 
applicant 2010 
applications 2129 
applied 2010 
apply 2010 
applying 2045 
appointed 2118 
appraisal 2007 
appreciation 2025 
appropriations 2052 2078 
approval 2080 2081 2114 2128 2165 
approved 2024 2052 2064 2078 2081 2114 2165 
approves 2081 
approximately 2129 
april 2003 2010 2024 2049 2081 2114 2115 2121 2133 2143 2150 2153 2154 2158 2170 
april/february 2066 
arab 2121 
arabia 2121 2172 
architecture 2152 
area 2015 2034 2074 2175 
areas 2052 2061 2064 2068 2078 
arenson 2084 
argentina 2052 2078 
argentine 2078 
argues 2052 2078 
ariz. 2028 
arizona 2160 
ark. 2106 2131 
arm 2061 
arranged 2013 
arrangements 2127 
arranger 2031 
article 2036 
artificial 2072 2129 
asa 2087 
asa-backed 2087 
asc 2053 
ashby 2142 
asia 2025 
asiatic 2137 
aspects 2077 
assemble 2100 
assertion 2128 
assess 2118 
asset 2013 
assets 2013 2097 2149 
assistance 2022 
association 2010 2087 
assume 2053 
assumed 2150 
assumption 2115 
assurances 2052 2078 
ataturk 2012 
atlanta 2079 2092 
atomika 2126 
att 2037 2072 2130 
attack 2034 
attacked 2034 
attacks 2034 
attempt 2110 
attempts 2061 2068 2118 
attention 2034 
attorney 2073 
attracting 2064 2110 
auction 2064 2150 
audio 2100 
audio-video 2100 
aug 2086 2163 
augured 2068 
august 2008 
austerity 2064 
austria 2114 2121 
austrian 2114 
author 2078 2117 2132 
authority 2059 
automatically 2084 
automedix 2039 
average 2001 2115 2135 
averaged 2003 2155 
avg 2005 2026 2028 2033 2047 2048 2092 
avoid 2036 2132 
avoids 2064 
awarded 2003 
awards 2003 2171 
axis 2034 
azmeh 2117 
azp 2160 
b.v. 2010 
bac 2097 
back 2052 2078 2084 2087 
backed 2011 2072 
backing 2011 2115 
backlog 2048 
backs 2087 
backsliding 2068 
bacteria 2168 
bag 2115 
baghdad 2034 
bags 2115 
baker 2052 2078 
bala 2114 2162 2163 
balanced 2132 
balladur 2009 2010 
banco 2097 
band 2022 
bank 2015 2022 2031 2052 2064 2078 2096 2097 2110 2114 2119 2122 2127 2132 2149 2155 2170 
bankamerica 2097 
banker 2064 2127 
bankers 2064 2096 2132 
bankhaus 2097 
banking 2052 2097 2132 
bankruptcy 2117 2127 
banks 2015 2052 2059 2064 2078 2096 2110 2127 2132 
banning 2118 
barbara 2078 
barcelo 2006 
barclays 2061 2143 2158 
bargain 2108 
bargaining 2128 
barley 2044 2171 2172 
barrel 2046 2061 2121 
barrels 2007 2061 
barriers 2025 2128 
barter 2132 
base 2084 2094 2115 2117 
based 2001 2082 2126 2132 
basic 2122 
basis 2001 2014 2032 2050 2071 2082 2104 2113 2134 2144 2161 
basra 2034 
battle 2010 
battling 2074 
bbd 2061 
bbl 2046 2174 
bbn 2129 
bbuy 2082 
bc- 2058 2137 2151 
bc-******brown-group-inc 2157 
bc-******chrysler-sets-t 2176 
bc-******dayton-hudson-c 2113 
bc-******diamond-shamroc 2004 
bc-******f.w.-woolworth 2038 
bc-******federated-depar 2069 
bc-******heck's-inc-file 2124 
bc-******j.c.-penney-feb 2043 
bc-******k-mart-corp-feb 2014 
bc-******kidder-peabody 2105 
bc-******marathon-raises 2174 
bc-******may-department 2060 
bc-******mci-communicati 2037 
bc-******mercantile-stor 2166 
bc-******mobil's-montgom 2032 
bc-******occidental-petr 2002 
bc-******sears-roebuck-a 2123 
bc-******texas-air-corp 2146 
bc-******transportation 2067 
bc-******u.s.-commerce-d 2178 
bc-******u.s.-house-spea 2145 
bc-******wal-mart-stores 2103 
bc-******white-house-say 2125 
bc-******zayre-corp-4th 2136 
bc-******zayre-corp-febr 2141 
bc-*****heck's-inc-to-re 2041 
bc-/-fed-not-expected-to 2155 
bc-/ccc-accepts-bonus-bi 2003 
bc-/heck's- 2127 
bc-/no-soviet-wheat-bonu 2095 
bc-/sears- 2135 
bc-/speaker-seeking-supp 2011 
bc-ags-computer- 2152 
bc-american-int'l-group 2055 
bc-american-software- 2079 
bc-american-software-inc 2092 
bc-ames-department-store 2075 
bc-amgen- 2076 
bc-azp-group- 2160 
bc-bankamerica- 2097 
bc-bankers-welcome-spani 2064 
bc-belgium-to-issue-150 2059 
bc-besicorp 2147 
bc-best-buy- 2082 
bc-best-products- 2142 
bc-blizzard-closes-bosph 2012 
bc-bolt-beranek-and-newm 2129 
bc-brazil-has-no-set-cof 2115 
bc-britain-seems-set-for 2117 
bc-canadian-imperial 2149 
bc-carson-pirie-scott- 2086 
bc-casey's-general-store 2042 
bc-ccc-accepts-bonus-bid 2008 
bc-cibc 2122 
bc-circuit-city-stores- 2085 
bc-comdata- 2080 
bc-conchemco-inc- 2153 
bc-consolidated-stores- 2091 
bc-continental-air-febru 2179 
bc-copley-properties-inc 2099 
bc-dayton-hudson- 2144 
bc-diamond-shamrock- 2046 
bc-dst-systems-inc- 2154 
bc-duke-power- 2161 
bc-e.f.-hutton- 2024 
bc-ec-awards-123,000-ton 2171 
bc-ec-dairy-output-accor 2068 
bc-ec-rejected-all-offer 2169 
bc-enviropact- 2164 
bc-enzon- 2036 
bc-eqk-green-acres-lp- 2162 2163 
bc-equatorial- 2053 
bc-equatorial-communicat 2033 
bc-exim-bank-unveils-ris 2096 
bc-f.w.-woolworth- 2063 
bc-federated-department 2083 
bc-finnish-taxation-majo 2132 
bc-first-executive-corp 2057 
bc-five-groups-apply-to 2010 
bc-french-cereal-exports 2172 
bc-french-cge-group-like 2009 
bc-french-farmers-strong 2030 
bc-french-free-market-ce 2044 
bc-french-official-reser 2098 2110 
bc-gambro-ab- 2065 
bc-general-refractories 2114 
bc-general-videotex-adds 2139 
bc-gm- 2018 
bc-great-american-issues 2170 
bc-horizon-corp- 2028 
bc-ibj-establishes-200-m 2031 
bc-international-lease-f 2180 
bc-iraq-says-it-crushes 2034 
bc-italian-treasury-deta 2094 
bc-j.c.-penney- 2062 
bc-jaguar-sees-strong-gr 2001 
bc-jamesway- 2050 
bc-japan-fund- 2013 
bc-k-mart- 2040 2051 
bc-keltic-inc 2020 
bc-kiechle-sees-positive 2077 
bc-klm-load-factor-highe 2066 
bc-mannesmann-seeks-stak 2054 
bc-mars-stores- 2111 
bc-may- 2104 
bc-mci- 2072 2130 
bc-mercantile-stores- 2070 
bc-mitsubishi-motor/amer 2019 
bc-mobil 2071 
bc-morton-thiokol- 2084 
bc-national-convenience 2173 
bc-national-gypsum-co-4t 2133 
bc-neeco- 2120 
bc-nissan-motor-issues-3 2088 
bc-no-quake-damage-at-ch 2006 
bc-noel-industries- 2081 
bc-nord-resources-corp- 2005 
bc-oak-hill-sportswear-c 2047 
bc-oak-industries-inc- 2048 
bc-occidental- 2045 
bc-ogden- 2165 
bc-opec-says-february-ou 2121 
bc-orange-co- 2027 
bc-orbit-oil-increases 2007 
bc-p.a.m.-transportation 2131 
bc-pegasus-gold-inc 2016 
bc-pepsico- 2116 
bc-perkin-elmer- 2126 
bc-philips-to-jointly-pr 2100 
bc-pirelli-uk-int-financ 2143 2158 
bc-polaroid- 2108 
bc-praxis-files-for-init 2090 
bc-princeville-developme 2026 
bc-regal-international- 2159 
bc-regis-corp- 2049 
bc-report-due-on-oil-imp 2175 
bc-royal-dutch/shell-u.s 2061 
bc-ryder- 2102 
bc-s.african-mine-manage 2073 
bc-salomon-sells-200-mln 2134 
bc-satellite-auction-uni 2150 
bc-shad-sees-progress-on 2118 
bc-signtech 2148 
bc-sl-industries-inc- 2112 
bc-soybean-group-head-ur 2087 
bc-sterivet- 2093 
bc-stop-and-shop's- 2017 
bc-supermarkets-general 2021 2023 
bc-swedish-match-ab- 2109 
bc-systems-for-health-ca 2056 
bc-tanzanian-railways-se 2015 
bc-thomson 2029 2035 
bc-time-management-syste 2177 
bc-tokheim- 2138 
bc-trade 2052 2078 
bc-trelleborg-take-large 2107 
bc-trimedyne- 2039 
bc-u.k.-money-market-giv 2022 
bc-u.s.-okays-usair- 2128 
bc-unitil-corp- 2101 
bc-wajax 2089 
bc-wal-mart-stores- 2106 
bc-western-canada-hurt-b 2074 
bc-white-house-says-tax 2140 
bc-winland-electronics-i 2167 
bc-world-bank-issues-232 2119 
bc-wright-says-tax-rise 2156 
bc-yeutter-puts-currency 2025 
bcf 2007 
beach 2151 
beau 2052 
bed 2165 
bedford 2101 
began 2068 2099 
begin 2025 2138 
beginning 2018 2119 
begins 2165 
begun 2036 
behalf 2117 
beleagured 2052 2078 
belgian 2059 
belgium 2015 2059 2068 2117 
belief 2072 
believed 2140 
believes 2080 
bell 2072 2159 
benchmark 2046 
benefit 2045 2068 2077 
benefits 2108 2128 2156 
bentonville 2106 
beranek 2129 
bert 2072 2130 
bes 2142 
besicorp 2147 
besicrop 2147 
biannual 2121 
bid 2003 2008 2010 2024 2056 2159 2161 
bidding 2161 
bids 2003 2044 
big 2054 
bill 2052 2087 2094 
billion 2007 2011 2022 2025 2029 2040 2045 2052 2059 2061 2065 2074 2078 2085 2088 2094 2098 2109 2110 2119 2132 2133 2135 2137 2149 2156 2170 2179 
bills 2022 2087 2094 
binary 2152 
biologics 2090 
bishop 2051 
bite 2087 
black 2012 2156 
blah 2002 2004 2014 2032 2035 2037 2038 2041 2043 2060 2067 2069 2098 2103 2105 2113 2122 2123 2124 2125 2136 2141 2145 2146 2157 2166 2169 2171 2174 2176 2178 
blds.st 2107 
blizzard 2012 
blocked 2030 2052 
board 2013 2024 2054 2079 2081 2087 2114 2127 2131 
boesky 2118 
bohn 2096 
boliden 2107 
bolt 2129 
bolter 2052 
bond 2119 
bonds 2132 2161 
bone 2036 
bonn 2077 
bonus 2003 2008 2095 
bonuses 2003 
booked 2150 
bookings 2150 
boosted 2115 
border 2034 
born 2036 
borrowing 2022 
borrowings 2127 
bosphorus 2012 
boston 2017 2099 2168 
bots 2094 
bought 2108 2164 
boundaries 2074 
bouygues 2010 
boy 2036 
bpd 2121 
bpsiq 2159 
bradlees 2017 
branch 2031 
branches 2097 
brankruptcy 2124 
brazil 2115 
brazilian 2115 
bread 2044 
breakdown 2115 2127 
breaking 2073 
breaks 2156 
breakup 2072 
bridge 2096 
briefing 2072 
bring 2057 2064 2095 2115 2132 
brings 2022 2046 2084 
britain 2001 2015 2117 
british 2016 2102 2117 
broad 2096 
broken 2118 
brokerage 2108 
brothers 2045 2090 2134 
brought 2045 2068 2118 
brown 2157 
brussels 2059 2068 2077 2117 
bubble 2036 
buckley 2036 
budget 2011 2117 2140 2145 2156 2162 
buffets 2051 
building 2001 2011 2059 2091 2114 
builds 2001 2018 
built 2018 2110 
bullet 2087 
bundesbank 2110 
burden 2025 2156 
burn 2165 
burnham 2045 2058 
burns 2165 
burry 2116 
burundi 2015 
business 2010 2025 2054 2086 2151 2152 
butter 2030 2068 
butterfly 2129 
buy 2010 2015 2024 2053 2080 2082 2084 2116 2120 
buyers 2084 
buying 2022 2045 2115 
buys 2001 2091 2102 
bv 2143 2158 
cabinet-level 2095 
cafe 2058 
cafeterias 2051 
caledonian 2102 
calgary 2007 
calif. 2019 2033 2039 2053 2076 
call 2059 2064 2087 2160 
callable 2143 2158 
called 2036 2052 2072 2078 2132 2144 
calling 2087 
calls 2037 
cambridge 2129 2139 
cameras 2108 
campaign 2132 
canada 2007 2015 2016 2020 2029 2074 2089 2093 2148 2149 
canadian 2007 2122 2149 
candidacies 2010 
cap 2072 
capacity 2066 
capita 2025 
capital 2001 2013 2055 2057 2076 2081 2090 2151 
capitol 2095 
car 2001 2018 2019 2054 
carbon 2165 
card 2097 2138 
care 2056 
careful 2132 
cargo 2015 
carlucci 2175 
carriers 2128 
carries 2015 2052 2078 
carry 2068 
carrying 2059 
cars 2001 2018 2019 
carson 2080 2086 
cartel-style 2132 
case 2064 2073 
cases 2118 2168 
casey 2042 
cash 2013 2080 2117 2162 2170 
cassette 2138 
casualties 2034 
casy 2042 
catalog 2043 2142 
catalogs 2062 
cattle 2168 
cattlemen 2168 
caught 2011 2108 
caused 2006 2036 2111 2168 2173 
cc 2085 
ccc 2003 2008 
cd 2031 2100 
cdn 2080 
cdv 2100 
ceiling 2121 
cells 2036 
cent 2048 
center 2091 
centers 2168 
central 2012 2064 2110 
centrale 2097 
centre 2010 2132 
centred 2061 
centrists 2132 
cereal 2044 2172 
cereals 2068 2172 
certificate 2031 
certificates 2087 
cgct 2010 
cge 2009 
chain 2086 
chairman 2001 2011 2054 2061 2072 2118 2131 2177 
chairs 2121 
chances 2087 2128 
change 2064 2077 2087 
changed 2056 
channel 2009 
chapter 2124 2127 
charge 2033 2117 
charges 2073 
charles 2108 2127 
chemicals 2061 2147 
chicago 2056 2071 2084 2086 2135 
chief 2034 2081 
child 2036 
children 2036 2090 
chile 2006 
chilean 2006 
china 2172 
chloramphenicol 2168 
chloramphenicol-resistant 2168 
chlorinated 2165 
choke 2064 
chris 2061 
chrysler 2176 
chuquicamata 2006 
cie 2009 2010 
cincinnati 2083 
circuit 2085 
cited 2040 2051 2052 2078 
citgo 2046 
cities 2128 
citing 2074 2116 
city 2012 2034 2085 2154 
civil 2118 
ckc 2153 
claim 2128 
claimed 2074 
claims 2011 2110 
clashes 2064 
class 2020 2039 2058 2079 
clayton 2025 
clear 2077 2117 
cleared 2052 
climbed 2116 
clinical 2093 
close 2001 2009 2010 2034 2061 2094 2097 2115 
closed 2012 2142 
closes 2012 
closing 2108 
closings 2111 
clout 2132 
cms 2012 
cns 2091 
co-lead 2134 
co. 2072 
coalition 2132 
coastal 2046 
coat 2036 
coated 2036 
cochran 2087 
coffee 2115 
coffee-growing 2015 
cogeneration 2147 
collapse 2061 
collateralised 2170 
collected 2117 
collecting 2117 
collective 2128 
colombia 2115 
columbia 2016 
columbus 2091 
combat 2118 
combi-player 2100 
combination 2017 2080 
combinational 2129 
combined 2036 2088 2134 2170 
combuster 2165 
comdata 2080 
coming 2068 2115 
command 2034 
commanded 2156 
comment 2115 
commenting 2001 2115 
commerce 2122 2149 2178 
commercial 2059 2064 2096 2151 
commercialization 2076 
commission 2006 2030 2068 2072 2090 2117 2118 2130 2175 
commissioner 2068 2072 
commit 2080 
commitments 2080 
committee 2011 2052 2074 2078 2095 2121 2140 
commodities 2003 2008 2052 2078 
commodity 2003 2008 2074 
common 2002 2024 2030 2039 2045 2056 2076 2079 2080 2081 2090 2120 2128 2168 
communications 2033 2037 2053 2072 2130 
communique 2034 
communists 2132 
community 2015 2025 2044 2064 2068 2077 2117 
comnons 2074 
compact 2018 2100 
companion 2064 
company 2003 2010 2017 2018 2024 2036 2039 2045 2046 2050 2054 2056 2057 2058 2062 2070 2079 2080 2081 2084 2085 2091 2097 2099 2100 2107 2108 2111 2114 2116 2120 2127 2129 2131 2138 2142 2151 2159 2160 2165 2177 2179 
company's 2080 
comparable 2014 2017 2021 2023 2032 2040 2051 2062 2063 2070 2071 2085 2099 2113 2133 2161 
comparable-store 2051 2082 2104 2144 
comparabvle 2085 
compared 2040 2051 2056 2066 2082 2108 2118 2130 2132 
comparison 2036 
compatible 2100 
compensate 2117 
compensating 2064 
comperable 2050 
compete 2001 
competition 2052 2078 2128 2132 
competitive 2064 2161 
competitiveness 2064 
competitor 2072 
competitors 2001 2078 
completed 2054 
completing 2088 
completion 2054 
complex 2129 
compliance 2118 
compnay 2160 
components 2001 2054 2100 2107 
compound 2094 
comprised 2172 
comprising 2059 2080 2172 
computer 2152 
computers 2129 2152 
conceded 2072 2077 
concept 2072 
concern 2053 2107 2126 
concerned 2025 2118 
concerns 2052 2074 2078 
concession 2088 2143 2158 2170 
conchemco 2153 
concluded 2168 
condition 2024 2080 
conditioned 2024 
conditions 2012 2017 2061 2115 2118 2165 
conducted 2036 
conference 2001 2015 2096 2115 
confident 2013 
confirmed 2006 
congress 2011 2052 2078 2118 
congressional 2011 2052 2078 
congressmen 2011 
conjunction 2110 
conn. 2075 2126 
consent 2024 
conservative 2052 2078 2132 
conservatives 2132 
consideration 2052 
consigned 2036 
consisting 2081 
consolidated 2040 2051 2091 
consortia 2010 
consortium 2059 
constant 2168 
construction 2010 
constructions 2010 
consulted 2087 
consumer 2017 2040 2051 2097 2115 
consumers 2072 
contained 2077 
contaminated 2165 
contel 2053 
context 2132 
continental 2146 2179 
continue 2052 2061 2078 2087 2115 2116 2127 
continued 2006 2012 2061 2173 
continues 2034 
continuing 2072 2130 
contract 2150 
contracting 2147 
contracts 2115 2177 
contribute 2138 
contributed 2015 2057 2086 
contributing 2093 
contribution 2061 2117 
control 2010 2168 
controlled 2165 
controlling 2064 2177 
controls 2013 
convenience 2173 
converted 2080 
convertible 2081 
cooked 2168 
cooking 2168 
cool 2011 
cooperation 2110 
coordinator 2119 
cop 2099 
copenhagen 2137 
copley 2099 
copper 2006 2074 
copperbelt 2015 
corn 2044 2172 
corp. 2072 
corporation 2003 2008 2015 
corporations 2118 
corproration 2080 
correction 2117 
cos 2017 
cost 2001 2061 2064 2117 
cost-cutting 2127 
costs 2090 2160 
council 2093 2095 
counteract 2025 
counterbalanced 2110 
countries 2015 2025 2052 2078 2115 2121 2132 
country 2025 2052 2074 2078 2115 2132 
county 2168 
coupon 2059 2119 2161 
courier 2024 
court 2073 
cover 2003 2008 2057 
coverage 2096 
craig 2052 
create 2009 2118 2168 
created 2072 2118 
creates 2084 
creating 2132 
credit 2003 2008 2061 2097 2119 2127 2138 2151 
creditors 2127 
credits 2028 2057 
criminal 2118 
criticise 2030 
criticize 2078 
critics 2168 
crn 2086 
crop 2115 
crowns 2065 2109 2137 
crucial 2036 
crude 2004 2007 2046 2061 2121 2132 2174 2175 
crushed 2034 
crushes 2034 
crutch 2115 
ct 2167 
ctc 2053 
cubic 2007 
culpable 2073 
cummulative 2160 
curb 2052 
currencies 2025 
currency 2025 2044 2061 2110 2117 
current 2007 2026 2052 2058 2078 2082 2085 2087 2117 2118 2130 2133 2155 
curtailed 2068 
cushion 2068 
customers 2132 2160 
customs 2117 
cut 2011 2018 2030 2052 2064 2068 2072 2077 2078 2130 2132 2142 2145 2156 
cuts 2011 2030 2068 2130 
cutting 2011 
cynwyd 2114 2162 2163 
d'electricite 2009 
d-mass 2118 
daily 2064 
dairies 2030 
dairy 2030 2068 
dallas 2133 2150 
damage 2006 
dar 2015 
dart 2087 
data 2053 2099 
database 2139 
dauster 2115 
david 2087 
day 2012 2061 
days 2012 2013 2031 2139 2162 
dayton 2005 2113 2144 
de 2009 2010 2061 2097 2115 2143 2158 
deadly 2168 
deal 2009 2068 2097 2114 
dealers 2001 2031 
dealing 2022 2074 
deaminase 2036 
debate 2117 
debentures 2081 
debt 2045 2058 2078 2080 
dec 2016 2098 
decade 2116 
december 2009 2048 2068 2110 2121 2162 
decide 2010 
decided 2115 2128 
decision 2064 2087 2115 2128 
decisions 2115 
decisively 2034 
declared 2079 
decline 2110 2132 
declined 2054 2097 2115 
declining 2132 
decrease 2061 
decree 2064 
deducting 2029 
deep 2012 
defence 2010 2034 
defend 2025 2121 
defense 2026 
deferring 2011 
deficient 2036 
deficit 2011 2025 2052 2078 2110 2140 2145 2156 
deficits 2025 
definitive 2080 
del. 2070 
delay 2156 
delayed 2054 2084 
delighted 2068 
deliveries 2121 2138 
delivery 2127 
delphi 2139 
demand 2017 
demanded 2127 
demands 2064 
democrat 2156 
democratic 2078 
democrats 2011 2132 2140 2156 
demonstrate 2030 
demonstrations 2030 2064 
denmark 2015 2137 
dennis 2072 2118 
denominations 2088 2119 2143 2158 2170 
department 2003 2008 2017 2034 2057 2060 2069 2075 2083 2087 2104 2128 
departments 2050 
dependence 2015 
deposit 2031 
depositary 2058 
deposits 2064 2110 2132 2149 
depots 2051 
depressed 2074 
dept 2178 
deregulate 2072 2130 
deregulated 2072 
deregulation 2037 2072 
des 2042 2059 
designed 2052 2078 2096 
designer 2051 
designs 2151 
destinations 2172 
destroyed 2030 
det 2137 
det-oestasiatiske-ko 2137 
detailed 2044 
details 2010 2068 2094 2119 
determination 2064 2121 
determined 2059 2068 
detroit 2018 
detroit-hamtramck 2018 
deutsche 2119 
develop 2100 2147 2168 
developed 2036 2100 2138 2168 
developing 2052 2078 2127 2147 
development 2001 2015 2026 2028 2036 2052 2056 2076 2078 2084 2090 2093 2129 
device 2165 
devices 2138 
devised 2117 
dg 2119 
dh 2144 
dia 2046 
dial 2127 
diamond 2004 2046 
died 2073 2168 
diego 2048 2128 
dieter 2054 
differ 2132 
differential 2121 
difficult 2017 2025 2061 2074 2115 
dighton 2111 
diluted 2026 2080 2149 
diplomats 2068 2117 
direct 2052 2068 2078 2096 2132 2150 
directing 2052 2078 
direction 2061 
directly 2099 
director 2001 2006 
directors 2013 2087 
disapproval 2052 2078 
disaster 2073 
disbarment 2118 
disclose 2097 
disclosed 2097 2126 
disclosure 2118 
discontinued 2028 2040 2048 2051 2112 
discount 2017 2022 2127 
discovered 2168 
discs 2100 
discuss 2074 2095 2121 
discussions 2077 
disease 2036 2093 2168 
diseases 2036 2168 
disguise 2036 
disk 2100 
dislodge 2132 
dismissed 2064 
disorder 2036 
disputed 2168 
disruption 2118 
dissatisfaction 2117 
distance 2072 2121 
distillation 2165 
distressing 2118 
distribute 2039 2142 
distributed 2142 
distributing 2039 
distribution 2086 2091 2112 
div 2049 2153 2154 2163 
diversified 2054 
dividend 2049 2065 2079 2109 2112 2137 2176 
dividends 2029 2149 2160 
division 2017 2112 2126 2138 
divisions 2034 2057 
dlj 2084 
dlr 2004 2011 2028 2046 2078 2118 2119 2128 2130 2151 2160 
dlrs/bbl 2004 2174 
doctors 2036 
dodge 2087 
doldrums 2052 2078 
dollar 2001 2025 2061 2108 2110 
dollars 2001 2052 2078 2118 
domestic 2013 2063 2116 2135 
dominated 2132 
don 2052 2078 
donors 2015 2036 
dormant 2095 
doubled 2019 2132 2159 2179 
downstream 2061 
dr. 2168 
drain 2068 2155 
drexel 2045 2058 
drinks 2116 
drop 2061 
dropped 2061 
drought 2115 
drug 2036 2093 2127 2168 
drugs 2168 
dst 2154 
dsts 2154 
du 2010 
due 2011 2017 2061 2081 2084 2088 2110 2130 2132 2143 2158 2161 2170 2173 2175 
duesseldorf 2054 
duk 2161 
duke 2036 2161 
dutch 2066 2119 
dutch-based 2010 
dutch/shell 2061 
duties 2117 
e.f 2024 
earlier 2009 2034 2050 2061 2062 2068 2070 2074 2075 2082 2108 2111 2115 2118 2130 2142 
early 2001 2009 2030 2108 2121 
earn 2001 2005 2016 2020 2026 2028 2029 2033 2035 2042 2047 2048 2049 2055 2056 2061 2065 2079 2089 2092 2096 2099 2101 2108 2109 2112 2116 2122 2130 2133 2136 2137 2148 2149 2153 2154 2157 2163 2166 2167 2173 2176 
earned 2085 2108 2116 2173 
earnings 2061 2077 2085 2108 2116 2133 2173 
earthquake 2006 
ease 2015 2064 2115 
east 2034 2128 2137 
easter 2017 
easy 2118 
eating 2168 
ec 2015 2030 2044 2068 2077 2117 2169 2171 
economic 2025 2095 2132 
economists 2132 2155 
economy 2052 2064 2074 2078 
ecus 2044 2171 
eden 2126 
edouard 2009 2010 
edward 2118 
edwards 2001 
effect 2061 2064 2077 2175 
effective 2004 2018 2046 2068 2084 2174 
effects 2064 2068 
effort 2142 
efforts 2015 
efh 2024 
ega 2162 2163 
egan 2001 
egg 2086 
egypt 2008 
eight-year 2059 
eindhoven 2100 
elected 2131 
election 2080 2132 
elections 2132 
electric 2100 
electrical 2147 
electrolux 2091 
electronics 2010 2112 2126 2138 2167 
element 2117 
elements 2077 2117 
eliminating 2086 
elimination 2052 2078 
ellenville 2147 
embarked 2132 
emerged 2117 2132 
emergency 2015 2121 
emerson 2087 
emirates 2121 
employees 2073 
ems 2110 
enable 2015 
enacted 2078 
encourage 2025 2068 
encouraged 2132 
encouraging 2030 2144 
end 2010 2061 2064 2068 2098 2110 2117 2121 2165 
ended 2017 2021 2023 2040 2050 2051 2062 2063 2068 2071 2075 2083 2085 2104 2111 2133 2142 2144 2149 2162 
ending 2173 
endowment-linked 2134 
ends 2130 
energy 2074 
enforced 2068 
enforcement 2118 
engage 2118 
engineering 2009 2054 2147 
engines 2102 
england 2022 2036 2168 
enhancement 2003 2008 2095 
entail 2121 
entered 2080 2147 
entering 2151 
entire 2039 2134 
entities 2080 
entity 2013 2080 
entrants 2128 
entry 2128 
environment 2036 2045 2072 
environmental 2165 
enviropact 2164 
envisaged 2115 
enzn 2036 
enzon 2036 
enzyme 2036 
eqk 2162 2163 
equa 2033 2053 
equatorial 2033 2053 
equipment 2010 2053 2107 2150 
equity 2026 2045 2177 
eradicated 2118 
ericsson 2010 
es 2015 
essentially 2064 
established 2022 
establishes 2031 
establishing 2031 
estimate 2022 2115 
estimated 2011 2147 2155 2172 
estimates 2074 2105 
estimating 2108 
eurobond 2088 2119 2143 2158 2170 
europe 2088 2170 
european 2015 2044 2064 2077 2100 2110 2114 2117 
eventually 2087 
evidence 2117 2168 
evident 2144 
ex-im 2096 
examine 2175 
exceeding 2061 
excellent 2040 2051 
exception 2121 
excess 2064 
exchange 2001 2025 2090 2096 2110 2118 2134 2177 
exclude 2048 
excluded 2040 2051 
excludes 2028 2048 
excluding 2050 2142 
exclusively 2128 
execution 2080 
executive 2057 2081 2117 
exempted 2132 
exemption 2132 
exercisable 2081 
exercised 2045 
exercising 2107 
exim 2096 
existing 2058 2100 2118 2177 
exlcudes 2112 
expand 2052 2078 
expanding 2081 
expansion 2058 
expect 2108 2130 2155 
expectations 2001 2108 
expected 2009 2061 2068 2072 2097 2117 2132 2138 2147 2155 
expects 2001 2079 2085 2108 2130 2134 2150 2173 
expenditure 2001 2117 
expenses 2026 
expert 2132 
expire 2024 
expired 2127 
explained 2045 
exploration 2061 
explore 2159 
exploring 2061 2127 
export 2003 2008 2044 2052 2078 2095 2096 2115 2169 2171 
exportable 2115 
exported 2115 
exporter 2096 
exporters 2115 
exports 2025 2052 2064 2078 2115 2121 2172 
exposure 2168 
expressed 2013 
expression 2159 
extended 2024 2151 
extent 2118 
extraordinarily 2061 
extraordinary 2033 2048 
extraordinrary 2121 
eyes 2078 
f.w 2038 2063 
f0011 2002 
f0012 2003 
f0017 2004 
f0019 2005 
f0022 2006 
f0025 2007 
f0026 2008 
f0032 2009 
f0033 2010 
f0039 2011 
f0051 2012 
f0060 2013 
f0061 2014 
f0066 2015 
f0068 2016 
f0072 2017 
f0075 2018 
f0079 2019 
f0085 2020 
f0086 2021 
f0087 2022 
f0088 2023 
f0096 2024 
f0100 2025 
f0101 2026 
f0112 2027 
f0113 2028 
f0115 2029 
f0118 2030 
f0137 2031 
f0139 2032 
f0140 2033 
f0142 2034 
f0143 2035 
f0144 2036 
f0149 2037 
f0154 2038 
f0160 2039 
f0163 2040 
f0165 2041 
f0171 2042 
f0176 2043 
f0179 2044 
f0183 2045 
f0186 2046 
f0190 2047 
f0191 2048 
f0192 2049 
f0196 2050 
f0209 2051 
f0214 2052 
f0219 2053 
f0223 2054 
f0228 2055 
f0241 2056 
f0245 2057 
f0246 2058 
f0247 2059 
f0248 2060 
f0253 2061 
f0258 2062 
f0259 2063 
f0266 2064 
f0268 2065 
f0269 2066 
f0273 2067 
f0276 2068 
f0279 2069 
f0286 2070 
f0290 2071 
f0293 2072 
f0304 2073 
f0305 2074 
f0307 2075 
f0309 2076 
f0311 2077 
f0312 2078 
f0315 2079 
f0321 2080 
f0323 2081 
f0330 2082 
f0339 2083 
f0341 2084 
f0343 2085 
f0346 2086 
f0348 2087 
f0349 2088 
f0357 2089 
f0358 2090 
f0360 2091 
f0363 2092 
f0364 2093 
f0371 2094 
f0372 2095 
f0378 2096 
f0380 2097 
f0386 2098 
f0387 2099 
f0390 2100 
f0393 2101 
f0398 2102 
f0401 2103 
f0405 2104 
f0408 2105 
f0415 2106 
f0424 2107 
f0425 2108 
f0426 2109 
f0431 2110 
f0432 2111 
f0434 2112 
f0438 2113 
f0441 2114 
f0443 2115 
f0448 2116 
f0449 2117 
f0451 2118 
f0452 2119 
f0455 2120 
f0456 2121 
f0457 2122 
f0463 2123 
f0464 2124 
f0471 2125 
f0484 2126 
f0486 2127 
f0488 2128 
f0491 2129 
f0497 2130 
f0506 2131 
f0512 2132 
f0514 2133 
f0520 2134 
f0523 2135 
f0526 2136 
f0528 2137 
f0530 2138 
f0531 2139 
f0532 2140 
f0535 2141 
f0538 2142 
f0539 2143 
f0547 2144 
f0554 2145 
f0557 2146 
f0561 2147 
f0562 2148 
f0567 2149 
f0574 2150 
f0584 2151 
f0585 2152 
f0586 2153 
f0587 2154 
f0590 2155 
f0592 2156 
f0598 2157 
f0604 2158 
f0612 2159 
f0617 2160 
f0618 2161 
f0620 2162 
f0621 2163 
f0628 2164 
f0629 2165 
f0630 2166 
f0631 2167 
f0633 2168 
f0640 2169 
f0641 2170 
f0647 2171 
f0650 2172 
f0652 2173 
f0653 2174 
f0659 2175 
f0668 2176 
f0669 2177 
f0676 2178 
f0680 2179 
f0684 2180 
f0986 2001 
face 2073 
faces 2052 
facilities 2022 2082 2164 
facility 2147 2164 
factor 2066 2146 2179 
factory 2081 
failed 2127 2128 
fair 2052 2078 2117 
fairer 2117 2156 
fall 2012 2061 2110 2132 2138 2172 
falling 2030 2059 2173 
falls 2146 2179 
farm 2030 2052 2068 2077 2078 2087 2095 2117 
farmers 2030 2052 2064 2068 2074 2077 2078 
farms 2168 
fashions 2135 
faster 2061 2064 2168 
favor 2011 2118 
favorable 2040 2051 2078 
favored 2061 
favour 2052 
favoured 2132 
fcc 2072 2130 
fds 2083 
fears 2072 
feature 2059 
featured 2059 
features 2068 
feb 2005 2021 2023 
february 2014 2017 2019 2021 2023 2032 2038 2040 2043 2050 2051 2060 2062 2063 2066 2069 2070 2071 2075 2082 2083 2085 2086 2103 2104 2106 2111 2113 2121 2123 2127 2135 2141 2142 2144 2146 2150 2172 2179 
fecom 2110 
fed 2155 
federal 2072 2118 2127 2130 2140 2155 2168 2170 
federated 2069 2083 
feed 2044 2168 
feeding 2118 2168 
feels 2087 
fees 2096 2119 2134 2156 
feet 2007 2091 2093 
felipe 2064 
fell 2019 2061 2110 2121 2172 2179 
fellow 2052 2078 
fewer 2024 
fexc 2057 
fichtel 2054 
fight 2064 2068 2140 
fighting 2034 
figure 2115 2121 
figures 2005 2029 2040 2051 2061 
filed 2058 2076 2090 2127 
files 2076 2090 2124 2127 
filing 2127 
filled 2179 
film 2108 
final 2052 2067 2078 2128 2159 
finally 2068 
finance 2001 2009 2010 2059 2074 2110 2118 2119 2143 2151 2158 
financed 2117 
financial 2009 2013 2045 2059 2065 2109 2121 2130 2151 
financiere 2009 
financing 2013 2058 2078 2080 2081 2093 2110 2117 2119 2147 2160 
find 2061 
findings 2118 
fine 2057 2068 2165 
fines 2118 
finland 2132 
finland's 2132 
finnish 2132 
finnish-soviet 2132 
fire 2011 2073 
firm 2001 2054 2107 2121 2126 
firmly 2034 
firstr 2075 
fiscal 2075 2085 
fish 2034 
fitzwater 2140 2175 
fix 2068 
fixed 2059 
fla 2164 
fla. 2027 2151 
flat 2061 
flexible 2115 
flight 2110 
flights 2128 
floatation 2009 
floated 2011 2156 
floating 2020 2134 
flour 2003 
flow 2162 
flowing 2118 
fmc 2129 
fnsea 2030 
focus 2090 
focused 2108 
follow 2009 
fonds 2059 
food 2068 2086 2168 
foods 2116 
foodservice 2086 
foot 2164 
foothold 2010 
force 2117 2132 
forces 2034 2072 2074 
forecast 2116 
forecasts 2061 2115 
foreign 2010 2025 2052 2063 2064 2078 2087 2095 2096 2110 2132 
foreseen 2121 
forfeited 2087 
forgiveness 2078 
form 2003 2008 2052 2056 2078 
formal 2077 
formally 2056 
formation 2151 
formed 2080 
fort 2138 
fortune 2159 
found 2054 
fountain 2019 2028 
four-week 2021 2023 2040 2051 
four-year 2138 
fourth 2033 2061 2130 
franc 2059 2110 2119 
france 2009 2010 2030 2044 2110 2172 
francico 2128 
francisco 2097 
francois 2030 
francophone 2115 
francs 2059 2098 2110 
frank 2078 2175 
frankfurt 2119 
frans 2068 
fraud 2118 
free 2036 2044 2074 2121 2132 2169 
freeze 2030 
french 2009 2010 2030 2044 2098 2110 2172 
frenzy 2118 
fresh 2034 
friction 2117 
friday 2172 
frito-lay 2116 
front 2034 
fronts 2034 
frozen 2030 2068 
full 2045 2085 2117 
fully 2034 2080 
fumes 2073 
function 2036 
functioning 2036 
fund 2013 2059 2076 2090 2110 
fundamentals 2025 
funding 2052 2078 2081 2096 
funds 2010 2052 2057 2064 2078 2084 2110 2155 
furr 2051 
future 2115 
gain 2010 2028 2033 2036 2048 2082 2086 2097 2104 2110 2132 2173 
gained 2108 
gains 2055 2084 2108 2132 
gakki 2100 
gallon 2173 
gamb 2065 
gamb-st 2065 
gambro 2065 
gap 2096 
gas 2007 2045 2061 
gasoline 2173 
gates 2127 
gave 2010 2057 2084 2121 2128 
gazette 2064 
general 2018 2021 2023 2042 2061 2073 2114 2132 2139 
generale 2009 2010 
generally 2011 
generate 2150 
genetic 2129 
genossenschaftsbank 2119 
german 2001 2010 2077 2097 
germany 2015 2097 2126 
gesture 2115 
giant 2010 
girozentrale 2114 
give 2010 2025 2100 2128 2168 
glass 2009 
gloeilampenfabriek 2010 
gloeilampenfabrieken 2100 
glycol 2036 
gm 2018 
gmt 2034 
goal 2034 
gold 2016 2073 2110 
gonzalez 2064 
good 2064 
goods 2052 2078 
govern 2072 
government 2009 2010 2052 2064 2074 2078 2087 2117 2118 2132 2155 2170 
government's 2064 
governments 2132 
grace 2013 
grades 2046 
grain 2003 2008 2044 2068 2074 2095 2169 2171 2172 
gramm-rudman 2011 
granted 2120 
graphics 2129 
gray 2011 
great 2025 2170 
greater 2072 2130 
greed 2118 
green 2162 2163 
grenfell 2031 
grew 2019 2179 
gross 2117 2142 2173 
group 2001 2009 2010 2013 2024 2054 2055 2061 2065 2076 2086 2087 2102 2114 2126 2127 2128 2135 2137 2147 2157 2160 
groups 2009 2010 2086 
grow 2168 
growing 2132 
growth 2001 2036 2064 2116 2138 2168 2177 
grx 2114 
guarantee 2096 
guarantees 2096 
guards 2034 
guiding 2095 
guilder 2119 
guillaume 2030 
guillermo 2006 
gulf 2034 
gypsum 2133 
haggard 2087 
haj 2034 
half 2001 2011 2059 2061 2115 2159 2168 
half-year 2061 
halted 2012 
halttunen 2132 
hamburger 2168 
hamilton 2027 
hampers 2036 
handful 2095 
handled 2052 2078 
hands 2010 2052 2078 
hannu 2132 
hard 2058 2064 
hard-rock-cafe-plc 2058 
hardship 2121 
hardware 2100 2135 
harm 2128 
havas 2009 
hawaii 2026 
hazardous 2165 
head 2064 2087 
headed 2114 
health 2056 
heard 2073 2115 
hearing 2078 2118 
hearings 2052 2078 
heavily 2110 
heavy 2034 2118 
heck 2041 2124 2127 
hedges 2001 
heels 2009 
height 2036 
heirs 2054 
held 2030 2039 2110 2159 
helping 2030 2168 
helsinki 2132 
hershfield 2036 
hex 2127 
high 2001 2025 2034 2061 2064 2068 2118 2126 2173 
higher 2064 2066 2084 2085 2115 2117 
highest 2132 
highly 2165 
hike 2064 
hikes 2011 
hill 2047 2075 2095 
hills 2028 
hindering 2132 
history 2068 
hit 2006 2064 
hold 2010 2052 2078 2100 2110 2121 2132 
holder 2027 
holders 2080 2081 2097 
holding 2010 2054 2097 
holdings 2120 2133 2177 
holmes 2061 
home 2135 2156 
homicide 2073 
honesty 2087 
hooren 2100 
hoped 2054 2100 
hopes 2010 2130 
horizon 2028 
horses 2093 
hospitalized 2168 
hourly 2018 
hours 2012 2068 
house 2011 2052 2074 2095 2108 2118 2125 2140 2145 2156 2175 
houses 2022 
houston 2173 2179 
hudson 2113 2144 
huge 2025 
humans 2168 
hungary 2052 2078 
hurt 2074 2108 2111 
hutton 2024 
hypothesis 2115 
hzn 2028 
ibc 2115 
ibj 2031 
ibm 2152 
ico 2115 
ico-coffee 2115 
ico-member 2115 
idaho 2052 2078 
idea 2011 
identify 2159 
ignaz 2077 
iii 2013 
illegal 2118 
illness 2168 
image 2100 
imbalance 2084 
immediately 2119 2130 
immune 2036 
immunodeficiency 2036 
impact 2061 2064 2117 2130 
imperial 2122 2149 
implement 2175 
implications 2068 
implied 2115 
import 2025 2096 2175 
imports 2061 2132 2175 
impossible 2030 
imprisonment 2118 
improbability 2061 
improve 2012 2074 2118 2130 2142 
improved 2116 
improvement 2036 2121 2130 
improvements 2045 
improving 2045 
inability 2117 
include 2165 
included 2084 2127 2156 2173 
includes 2013 2026 2028 2033 2048 2055 2119 2133 
including 2076 2080 2118 2132 2173 2175 
inclusion 2084 
income 2030 2033 2061 2068 2087 2132 2156 
increase 2017 2021 2023 2036 2038 2045 2046 2052 2063 2064 2078 2079 2087 2096 2104 2117 2125 2140 2156 
increased 2007 2019 2027 2045 2050 2061 2063 2064 2086 2096 2118 2132 2144 2179 
increases 2007 2011 2072 2135 2140 
increasing 2128 
ind. 2138 
independent 2007 
index 2084 
indiana 2129 
indicator 2121 
indirect 2132 
individual 2132 
industrial 2009 2031 2054 2100 
industrie 2010 
industries 2048 2081 2091 2112 
industry 2045 2061 2064 2118 2121 2168 
inevitably 2064 
infants 2090 
infect 2168 
infected 2168 
infection 2036 2168 
infections 2168 
inflation 2064 2132 
inflexibility 2115 
infusion 2057 2177 
inheritance 2054 
inhibited 2118 
initative 2003 
initial 2022 2058 2090 
initially 2090 
initiative 2008 2095 
injections 2036 
insider 2118 
insisting 2064 
insists 2064 
instances 2052 2078 
institute 2115 
institution 2052 2078 
institutions 2013 2059 
instrument 2165 
instruments 2110 2126 2132 
insurance 2057 2096 2134 
insured 2134 
insurer 2057 
int 2143 2158 
int'l 2055 
intelligence 2129 
intend 2095 
intended 2095 2107 2156 
intends 2052 
intent 2054 2080 2151 
intention 2024 
inter-bank 2132 
interbank 2134 
interesdt 2039 
interest 2013 2022 2024 2025 2028 2052 2064 2078 2081 2119 2128 2132 2155 2159 
interested 2010 2054 
interests 2009 2131 2147 
intermediary 2096 
intermediate 2046 
international 2008 2012 2015 2025 2029 2035 2052 2074 2078 2110 2115 2134 2143 2152 2158 2159 
intervene 2155 
intervened 2110 
intervention 2030 2068 2077 
interview 2054 
introduced 2052 2078 2132 
introducing 2036 2118 
introduction 2001 
inventories 2018 
invest 2054 2064 
investigated 2159 
investigational 2036 
investment 2010 2052 2078 2081 2127 2139 
investments 2055 
investor 2114 
investors 2080 2118 2132 
involve 2064 
involved 2118 
involving 2118 
iowa 2042 
iran 2034 
iranian 2034 
iranians 2034 
iraq 2003 2034 
iraqi 2034 
iraqis 2034 
ire 2052 2078 
ireland 2077 
issuance 2031 
issue 2020 2059 2088 2094 2119 2132 2143 2158 2161 2170 
issued 2116 2160 
issues 2088 2119 2132 2143 2158 2170 
issuing 2059 2088 2119 2134 2143 2158 2170 
istanbul 2012 
italian 2094 
italy 2015 2094 2117 2172 
items 2065 2109 
itt 2009 2150 
itt.n 2009 
ivan 2118 
ives 2139 
ix/370 2152 
j.c 2043 2062 
j.w 2177 
jacqueline 2078 
jagr.l 2001 
jaguar 2001 
jamaica 2081 
james 2052 2078 2084 2156 
james-baker 2052 2078 
jamesway 2050 
jan 2042 2081 2092 2098 2112 2148 
janeiro 2115 
january 2003 2009 2048 2054 2066 2110 2128 2132 2149 
japan 2013 2025 2031 2100 
japanese 2001 
jcp 2062 
jcpenney 2062 
jersey-based 2138 
jeumont-schneider 2010 
jim 2011 2140 
jmy 2050 
job 2064 
jobs 2052 2078 
johannesburg 2073 
john 2001 2096 2118 2168 
join 2100 2132 
joined 2046 2064 
joint 2010 2115 
jointly 2100 2132 
jorio 2115 
journal 2036 2168 
journalists 2030 
jpn 2013 
jr. 2127 
judgment 2156 
july 2099 
jumped 2168 
june 2008 2121 2160 2161 2163 
jurisdiction 2118 
kalevi 2132 
kamine 2147 
kan. 2153 
kansallis-osake-pankki 2132 
kansas 2154 
kardamanend 2034 
keltic 2020 
key 2064 
kidder 2045 2105 2116 
kiechle 2077 
kilimanjaro 2015 
killed 2034 2036 2073 
kingston 2081 
kinross 2073 
kitchen 2086 
klm 2066 
klm.as 2066 
km 2034 2040 2051 
kof 2081 
kompagni 2137 
kop 2132 
korea 2025 
korean 2025 
kph 2012 
kuwait 2121 
l.p. 2013 
label 2100 
laboratories 2093 
laboratory 2036 2129 
lack 2115 
lacombe 2030 
lag 2061 
laid 2018 
lake 2015 2027 2034 
lakes 2068 
lambert 2045 2058 
land 2030 2091 
landlocked 2015 
lands 2091 
lanka 2172 
lansing 2018 
large 2012 2025 
largely 2110 
larger 2001 2025 2107 
largest 2009 2027 2030 2045 2132 
larry 2052 
laser 2100 
late 2054 2110 2115 
launched 2034 
law 2052 2057 2078 
lawmakers 2095 
laws 2010 2118 2132 
laying 2018 
layoffs 2018 
lcp 2147 
lead 2058 2061 2068 2072 2076 2115 2143 2158 2161 2170 
leader 2061 
leaders 2087 
leading 2068 
learn 2168 
lease 2053 
leaseback 2091 
leased 2050 
leaves 2115 
led 2076 2119 2135 2161 2168 
left 2010 2064 2117 2127 
legal 2054 
legislation 2052 2078 2087 2095 2118 
legislative 2025 
legitimate 2118 
lehman 2090 
lending 2064 2096 2127 
lent 2052 2078 
leon 2081 
lessen 2128 
letter 2052 2054 2078 2080 2151 
level 2030 2064 2068 2155 
levels 2121 2132 
leverage 2052 2078 
levied 2057 
levine 2118 
liberalisation 2064 2132 
liberalization 2052 2078 
libor 2134 
libya 2121 
licences 2044 2100 2171 
license 2152 
licensed 2152 
lies 2025 
life 2057 
lifters 2121 
likelihood 2061 
limit 2030 2052 2078 
limited 2010 2026 2080 2093 
limits 2068 
line 2001 2151 
lines 2127 
link 2168 
linking 2015 
links 2115 
liquidity 2064 
liquids 2007 
lire 2094 
list 2084 
listed 2084 2088 2119 2134 2143 2158 2170 
listen 2074 
listing 2170 
lists 2084 
live 2036 
livestock 2052 2078 2168 
lloyds 2031 
lm 2010 
load 2066 2146 2179 
loaded 2172 
loan 2052 2053 2059 2078 2087 2096 
loans 2052 2078 2134 2149 
lobbying 2011 
local 2121 
locomotives 2015 
lodging 2086 
london 2001 2022 2031 2061 2088 2134 2143 2158 2170 
london-based 2132 
long 2024 2025 2064 2072 2074 2117 
long-distance 2130 
long-haul 2128 
long-term 2025 2096 2132 2147 
longer 2001 2115 
looked 2030 
los 2057 2128 2168 
loss 2016 2026 2028 2033 2048 2052 2078 2115 2130 2167 2173 
losses 2026 2048 2061 
lost 2132 
lot 2164 
louis 2104 
low 2052 2061 2068 2078 
lower 2061 2094 2108 2121 
lp 2162 2163 
lung 2156 
luxembourg 2077 2088 2143 2158 2170 
luxury 2001 2018 
lynch 2090 2108 
lyng 2087 2095 
ma 2104 
machine 2138 
machines 2152 
made 2003 2008 2011 2022 2052 2064 2077 2078 2115 2117 2118 2127 
madrid 2064 
maestri 2131 
main 2034 2061 2068 2117 2121 2172 
maintenance 2155 
maize 2044 2172 
major 2059 2064 2132 2168 
majority 2001 2168 
majors 2061 
make 2052 2054 2061 2064 2078 2087 2115 2128 2132 2151 2156 2175 
maker 2009 
making 2045 2052 2064 2078 2087 2132 
maloney 2127 
manage 2072 
managed 2061 2080 2090 
management 2013 2074 2088 2134 2143 2158 2170 2177 
manager 2134 2143 2158 2161 2170 
managers 2073 2084 
managing 2054 
mania 2118 
mankato 2167 
mannesmann 2054 
manufacture 2100 
manufacturer 2010 
manufacturing 2138 
mar 2029 2046 2065 
marathon 2068 2174 
marcxh 2081 
margaret 2117 
marginal 2061 2132 
margins 2061 2108 2142 2173 
marijke 2100 
mark 2110 2119 2132 
marked 2036 
market 2001 2009 2010 2022 2044 2045 2054 2061 2064 2072 2074 2087 2100 2115 2121 2132 2139 2155 2169 
market-oriented 2132 
marketing 2052 2061 2078 2087 2100 2115 2138 
marketplace 2072 
markets 2001 2078 2090 2110 2115 2118 2121 2128 
markey 2118 
markka 2132 
marks 2097 2119 
marlin 2140 2175 
marlton 2112 
marmara 2012 
marrow 2036 
mars 2111 
mart 2014 2040 2051 
martin 2084 
maryland 2078 
mass 2129 
mass. 2111 2139 
massive 2061 
match 2109 
matching 2150 
materials 2126 
mathew 2118 
matra 2010 
matrix 2121 
matsushita 2100 
matter 2052 2078 2121 
matures 2119 
maturing 2094 
maturities 2031 
maximium 2064 
maximum 2010 
mc.t 2100 
mcdp.p 2010 
mci 2037 2072 2130 
mcic 2072 2130 
mckellip 2177 
measure 2064 
measurement 2117 
measures 2052 2068 2078 2096 
meat 2168 
mechanical 2147 
mechanism 2117 
medicare 2156 
medicine 2036 2168 
medicines 2168 
medium 2096 
medium-term 2096 
meet 2064 2156 
meeting 2081 2087 2095 2121 
meetings 2013 2159 
megawatt 2147 
member 2117 2118 2121 2131 
members 2059 2074 2095 2118 2121 
membership 2117 
mercantile 2070 2166 
merchandise 2040 2051 2127 2135 
merchant 2031 
merchants 2097 
merge 2080 
merger 2024 2080 2118 2159 
merrill 2090 2108 
met 2095 2121 
metals 2107 
methods 2061 
mexico 2115 2128 
miami 2102 2151 2164 
mich 2018 
mich. 2040 2051 
michael 2036 2074 
michigan 2018 
micro 2151 
mid-february 2094 
mid-may 2073 
midcon 2045 
midi 2010 
midland 2159 
midmorning 2116 
midwest 2128 
mikulski 2078 
miles 2179 
military 2034 
milk 2030 2068 2077 
mine 2006 2073 
mineral 2052 2078 2114 
minerals 2052 2078 
miners 2052 2073 2078 
mines 2073 
mineworkers 2073 
minimum 2053 2080 
mining 2073 2107 
minister 2009 2010 2015 2030 2064 2074 2077 2117 2132 
ministers 2030 2068 
ministry 2009 2010 2034 2059 2077 2110 
minn. 2126 2167 
minneapolis 2049 2082 2144 
minor 2084 
minutes 2095 
missing 2036 
mission 2118 
mississauga 2093 2148 
mitre 2129 
mitsubishi 2019 
mmwg.f 2054 
mo. 2154 
mob 2071 
mobil 2032 2071 
model 2001 2165 
moderate 2052 2078 
moderated 2132 
modest 2017 
modified 2152 
mohawk 2147 
mohsen 2034 
moines 2042 
momentum 2108 
monetary 2110 
money 2022 2052 2064 2078 2132 2155 2177 
money-fx 2022 2025 2178 
monopoly 2128 
montagu 2031 
montgomery 2032 2071 2076 
month 2009 2018 2050 2064 2068 2070 2075 2100 2110 2117 2121 2132 2134 
months 2015 2019 2036 2039 2064 2082 2093 2115 2133 2179 
moody 2161 
morgan 2031 2161 
morning 2095 2108 
mortgage 2134 2161 
mortgage-backed 2134 
mortgages 2134 
mortgages-backed 2134 
morton-thiokol 2084 
moscow 2095 2132 
mose 2120 
moseley 2120 
motor 2019 2088 
motor/america 2019 
motors 2018 2019 
mount 2015 
mountain 2033 2034 2053 2068 
move 2011 2025 2030 2064 2072 2080 
movements 2061 
moves 2052 2078 2132 
moving 2061 2115 
ms 2070 
mst 2070 
mths 2016 2042 2048 2092 2112 2148 
mti 2084 2177 
multi-billion 2118 
multicurrency 2119 
multifoods 2008 
multimillions 2118 
multinational 2052 2078 
munich 2077 2126 
murphy 2046 
mustafa 2015 
mxxx 2111 
n't 2087 2156 2168 
n-body 2018 
n.h. 2101 
n.j. 2021 2023 2036 2050 2112 2118 
n.m. 2028 
n.y. 2090 2147 
na 2133 
named 2072 
nashville 2080 
nat-gas 2007 
national 2093 2117 2133 2173 2175 
nations 2117 
nationwide 2142 
natural 2007 2045 
naval 2129 
ncs 2173 
nederland 2119 
neec 2120 
neeco 2120 
needed 2052 2078 2118 2140 2145 2156 2175 
negative 2030 2108 2130 
negotiating 2068 
negotiations 2068 2115 
nervous 2118 
net 2001 2005 2013 2016 2020 2026 2028 2029 2033 2042 2045 2047 2048 2055 2061 2065 2089 2092 2094 2099 2101 2109 2112 2117 2133 2137 2148 2149 2167 
netherlands 2010 2066 2100 2117 
network 2015 2053 2080 2139 2150 2152 
newly 2084 2100 
newman 2129 
news 2001 2041 2072 2121 
newspaper 2024 
ngak.t 2100 
niagara 2147 
nice 2108 
nickles 2052 2078 
nigeria 2121 
night 2034 2061 2064 
nikko 2088 2170 
nil 2033 2137 
nine-year 2161 
nippon 2100 
nissan 2088 
nitro 2127 
nmk 2147 
noel 2081 
nol 2081 
non-callable 2088 
non-chlorinated 2165 
non-opec 2061 
non-refundable 2161 
nonetheless 2061 
nonpartisan 2011 
noon 2034 
nord 2005 
nordic 2132 
norinchukin 2119 
normal 2036 
north 2034 2061 2128 
northeast 2017 
northern 2006 2015 2034 
northwest 2012 
norwalk 2126 
note 2005 2020 2026 2028 2029 2033 2055 2099 2112 2133 2149 
noted 2036 2061 2072 2084 2115 2128 
notes 2048 2134 
noticeably 2121 
noting 2084 2115 
november 2020 2112 
nrd 2005 
nsan.t 2088 
nuclear 2009 
number 2013 2036 2165 2168 
numerous 2087 
nv 2010 2100 
nyang'anyi 2015 
oak 2047 2048 
oaks 2076 
objected 2077 
objections 2052 2078 
objective 2077 
obligations 2053 
obtaining 2080 
occidental 2002 2045 
occupy 2034 
occurred 2036 2160 
occurrence 2064 
october 2175 
oestasiatiske 2137 
offensive 2034 2068 
offer 2024 2045 2052 2064 2076 2094 2095 2115 2118 2159 
offered 2001 2022 2134 
offering 2002 2045 2058 2076 2087 2090 2099 2120 2160 2161 
offers 2045 2107 2169 
office 2011 2073 
officer 2081 
official 2064 2068 2087 2098 2110 2121 2170 
officials 2012 2052 2064 2068 2078 2117 2168 
offset 2061 
og 2165 
ogden 2165 
ohio 2005 2091 
ohsc 2047 
oil 2007 2045 2046 2061 2068 2074 2121 2132 2173 2175 
oilseed 2087 2172 
oj 2027 
okays 2128 
okla. 2177 
oklahoma 2052 2078 
olive 2068 
omran-rawandiz 2034 
on-line 2139 
one-for-50 2056 
one-time 2033 
one-year 2015 
ongoing 2121 
ontario 2093 2148 
opec 2061 2121 
opecna 2121 
open 2072 2078 2117 
open-ended 2006 
opened 2084 2115 2155 
opening 2084 2115 2156 
oper 2028 2048 2112 
operate 2096 2165 
operated 2050 
operates 2128 
operating 2048 2128 2152 
operation 2009 2097 2127 2162 
operationgs 2048 
operations 2006 2028 2040 2045 2051 2052 2058 2078 2097 2099 2110 2112 2114 2118 2127 2150 2173 
operator 2173 
operators 2044 
opinion 2108 2132 
oppose 2052 2078 2117 
opposed 2052 2077 2078 2125 2140 2156 
opposes 2052 2078 
opposition 2052 2074 2087 2117 2132 
option 2045 2059 2087 2107 2120 
options 2087 2156 2177 
orange-co 2027 
orbit 2007 
orcas 2056 
order 2025 2054 2072 2128 
ordered 2018 2072 2130 
orders 2048 2084 
ordinary 2058 
organisation 2029 2035 2121 
organization 2115 2121 
original 2068 
originally 2045 2107 
orignal 2160 
ortner 2178 
ottawa 2074 
outflows 2110 
outlets 2030 2082 2142 
outline 2068 
outlined 2096 
outlook 2074 2116 
output 2030 2068 2115 2121 2147 
outstanding 2045 2056 2160 
outweighing 2061 
overallotment 2120 
overhaul 2015 
overlooking 2034 
overnight 2064 
overproduction 2115 2121 
overseas 2013 2076 
oversight 2118 
oversubscribed 2009 
oversupply 2052 2078 
overtime 2108 
owned 2007 2059 2127 2150 
owner 2054 
owners 2010 
owns 2027 
oxy 2045 
p*er 2162 
p. 2161 
p.a.m 2131 
pa. 2114 2162 2163 
pace 2144 
pacific 2067 2128 
package 2015 2081 2119 
packages 2152 
pact 2030 2053 2074 2121 2147 
paid 2003 2005 2008 2057 2087 2097 2117 
painewebber 2076 
painful 2064 
panel 2175 
panic 2115 
paper 2031 2094 2161 
par 2059 2119 2134 2160 
paradise 2028 
parallel 2129 
paralysing 2012 
parent 2057 
pari.p 2009 
paribas 2009 
paring 2127 
paris 2009 2010 2030 2044 2110 2172 
parliament 2132 
part 2001 2015 2030 2074 2096 2126 2128 
partially 2061 2087 2168 
participation 2078 
parties 2132 
partly 2064 
partner 2132 
partners 2064 2096 2117 
partnership 2080 
partnerships 2026 
parts 2127 
party 2074 2132 
pass 2078 
passed 2010 
passenger 2019 2179 
past 2013 2052 2057 2093 2118 2132 
patients 2168 
patrick 2072 
pattern 2084 
paul 2131 
pave 2068 
paves 2068 
pay 2049 2064 2153 2154 2156 2163 
payable 2079 2081 2134 
paying 2088 2143 2158 2170 
payment 2087 2088 2143 2158 2170 
payments 2117 
payout 2154 
pays 2088 2143 2158 2170 
pcc 2024 
peabody 2045 2105 2116 
peak 2034 
peavey 2003 
peg 2036 
peg-ada 2036 
pegasus 2016 
pending 2177 
penney 2043 2062 
pep 2116 
pepsico 2105 2116 
perceive 2118 
perceived 2025 
percentage 2064 2179 
perfect 2100 
performance 2061 2130 
period 2021 2023 2024 2040 2050 2051 2061 2062 2063 2066 2082 2149 2150 2155 2172 
periods 2001 2003 2028 
perkin-elmer 2126 
permitted 2010 
permitting 2127 
personal 2132 2177 
personnel 2150 
peseta 2064 
peter 2061 2132 
petroleum 2002 2045 2159 
pglo.as 2010 2100 
pgulf 2016 
philips 2010 2100 
phoenix 2128 2160 
physical 2126 
physik 2126 
pickens 2013 
piecemeal 2072 
pig 2030 
piggyback 2081 
piled 2012 
pill 2068 
pilot 2165 
pipe-making 2054 
pirelli 2143 2158 
pirie 2086 
pkn 2126 
place 2068 
placement 2081 2119 
plainfield 2036 
plan 2011 2030 2072 2156 
planned 2030 2045 2081 2095 2121 
plans 2001 2011 2095 2115 2128 2130 
plant 2018 
plants 2018 
plastic 2036 
plastics 2147 
player 2100 
players 2100 
plc 2001 2058 2061 2102 2134 
pocket 2130 
point 2059 2064 2078 2108 2128 2132 
points 2108 2134 2161 
poisoning 2168 
poland 2172 
polaroid 2108 
policies 2052 2078 2132 
policy 2030 2052 2068 2078 2095 2096 2115 
policyholders 2057 
political 2034 2064 2132 
polls 2132 
polyethylene 2036 
pompano 2151 
pool 2134 
poor 2036 2084 2134 2173 
pork 2030 
port 2012 2015 2034 2172 
portfolio 2084 
portion 2053 
ports 2015 
posed 2072 
position 2087 2177 
positioned 2045 
positions 2034 
positive 2077 2084 
possibilities 2159 
possibility 2127 2132 
post 2131 
post-split 2079 
posted 2004 2046 2174 
postings 2046 
postponed 2121 
potential 2010 
pounds 2029 
power 2128 2147 2161 
practice 2168 
practices 2132 
prairie 2126 
praxis 2090 
prd 2108 
pre-split 2079 
pre-tax 2001 2137 
preceded 2110 
preceding 2094 
preceeding 2118 
precise 2119 
predicted 2012 
prefer 2132 
preferred 2029 2077 2149 2160 
preferring 2064 
premier 2150 
prepared 2117 
preparing 2068 
presence 2054 2132 
present 2010 2024 2056 2091 2095 2115 2117 2132 
presented 2081 
president 2030 2072 2087 2096 2115 2130 2131 2156 
presidential 2175 
press 2001 2030 2115 
pressing 2052 2078 
pressure 2034 2068 2074 2110 2121 
pretax 2028 2097 
pretty 2061 
prevail 2025 
prevails 2025 
prevent 2117 2128 2168 
preventing 2036 
previous 2117 2130 
previously 2024 2061 2107 2116 2155 2159 
previously-announced 2127 
prey 2118 
price 2001 2045 2056 2059 2061 2068 2072 2074 2080 2094 2097 2108 2121 2132 2160 2161 
priced 2059 2081 2088 2094 2119 2134 2143 2158 2161 2170 
prices 2001 2004 2030 2046 2061 2068 2074 2077 2121 2173 2174 
pricing 2059 
primary 2118 
prime 2064 2117 2132 
princeville 2026 
principal 2057 2072 
principally 2045 
principle 2081 
prior 2045 2049 2056 2085 2121 2153 2154 2163 
prisoner 2074 
private 2009 2010 2081 2119 
privately 2011 
privatisation 2009 2010 
privatised 2009 
problem 2074 2087 
problems 2006 2129 
proceeds 2045 2058 2076 2081 2090 
process 2107 2118 
processors 2129 
produce 2052 2078 2100 
produced 2093 
producer 2087 
producers 2001 2030 2052 2078 2115 
producing 2115 
product 2090 2100 2117 
production 2001 2018 2052 2061 2078 2087 2100 2108 2115 
products 2076 2114 2121 2138 2142 
profile 2084 
profit 2001 2016 2026 2028 2033 2061 2065 2109 2116 2130 2137 2167 
profits 2001 2048 2072 2118 2130 
program 2003 2008 2015 2096 
programme 2031 2132 
programs 2040 2051 2096 2127 
progress 2118 
project 2093 2147 
projects 2096 
promised 2128 
promising 2093 
promote 2168 
promotional 2142 
pronounced 2121 
properties 2099 
proportion 2061 2064 2117 2130 
proportions 2080 
proposal 2013 2052 2078 2115 
proposals 2030 2068 2087 2115 2117 2156 
proposed 2013 2065 2068 2109 2115 2117 2128 
proration 2024 
protection 2057 2127 2165 
protections 2128 
protective 2128 
protest 2030 
prove 2052 2078 
provide 2068 2128 
provided 2057 2127 2128 
providing 2013 
provision 2052 2078 
psa 2128 
ptsi 2131 
publc 2160 
public 2006 2045 2059 2090 2099 2128 
publication 2064 
publicity 2068 
publicly 2010 2011 
published 2036 2057 
purchase 2024 2081 2084 2128 2177 
purchased 2091 2164 
purchases 2156 
purolator 2024 
pursue 2064 2131 
push 2064 
puts 2025 2030 
pvdc 2026 
pwj 2076 
qatar 2121 
qtly 2049 2153 2154 2163 
qtr 2005 2016 2028 2033 2042 2047 2048 2055 2092 2099 2101 2112 2122 2133 2136 2149 2157 2166 2167 2173 
quake 2006 
quality 2068 2121 
quantity 2121 
quarter 2028 2048 2054 2061 2097 2108 2130 2173 
quarterly 2110 2134 2153 2163 
question 2025 2156 
questions 2054 2074 
quickly 2013 2054 2132 
quotas 2115 2121 
quoted 2001 2056 2121 
r-miss. 2087 
r-mo 2087 
rabobank 2119 
radically 2117 
radio 2030 
rail 2015 
railway 2015 
railways 2015 
raise 2025 2064 2072 2156 
raised 2002 2046 2052 2064 2078 
raises 2004 2027 2046 2105 2163 2174 2176 
raising 2011 2046 2064 2161 
ranged 2044 
ranging 2009 
rapeseed 2172 
rapidly 2173 
rare 2036 
rate 2064 2072 2130 2134 2155 2156 
rated 2161 
rates 2022 2052 2061 2064 2072 2078 2094 2130 2132 
rating 2134 
raw 2168 
raymond 2030 
rd.as 2061 
rdr 2102 
reach 2011 
reached 2068 2097 2138 2147 
reaching 2074 
reacted 2061 2127 
reaction 2034 
reaffirmed 2108 
reagan 2156 
real 2064 2074 2132 
realignment 2110 
reality 2156 
realize 2156 
reason 2034 2061 2127 
rebates 2044 
rebecca 2036 
rebuilds 2102 
receipt 2024 
receipts 2001 
receive 2024 2134 2177 
received 2015 2024 2057 2107 2159 
recent 2056 2059 2117 2118 2121 
recently 2009 2072 
reception 2001 
recipient 2052 2078 
recipients 2156 
recognition 2156 
recognized 2074 
recommend 2013 
recommendation 2105 2108 2116 
recommendations 2118 
recommended 2078 
recommending 2108 2159 
reconsider 2115 
record 2039 2049 2052 2068 2078 2079 2097 2153 2154 2163 
recover 2115 
recovering 2061 
redeem 2160 
redeems 2160 
redemption 2160 
reduce 2018 2025 2068 2140 2156 
reduced 2061 2096 2115 
reducing 2011 2030 2064 
reduction 2045 2115 2121 2156 
reductions 2072 2130 2156 
reference 2132 
refining 2061 
reflect 2025 2117 
reflected 2064 2110 
reflecting 2117 
reflection 2074 
reflects 2084 
reform 2052 2068 2078 2118 2132 
reforms 2068 2132 
refractories 2114 
refrain 2121 
refunded 2117 
refunding 2161 
refused 2087 
regain 2132 
regal 2159 
region 2074 
regional 2073 
regions 2074 
regis 2049 
registering 2006 
registration 2081 2090 
registrations 2115 
regular 2049 2154 
regulations 2073 
regulatory 2057 
reinsurance 2057 
reintroduced 2036 
reiterated 2108 
rejected 2030 2077 2115 2128 
rejection 2036 
rejects 2169 
related 2052 2096 
relations 2006 
relative 2117 
relax 2034 
release 2030 2041 
released 2074 2114 2117 
relied 2064 
relief 2012 
relieving 2110 
remain 2132 
remainder 2011 
remained 2155 
remaining 2010 2028 2059 
remains 2095 
remedies 2118 
rendering 2100 
renew 2127 
renewal 2061 
rental 2138 
reoffering 2161 
reopen 2117 
rep. 2087 2118 
repair 2015 
repairs 2102 
repayment 2058 2127 
repayments 2117 
repeat 2061 
repelled 2034 
repercussions 2030 
replace 2015 2094 
replenish 2052 2078 
reply 2054 
report 2085 2118 2173 2175 
reported 2007 2021 2023 2034 2061 2130 2168 
reporters 2156 
reporting 2001 
reports 2012 2034 2057 2115 2121 2162 
repositioned 2056 
representative 2025 
representatives 2052 2127 
represented 2064 
representing 2058 2127 2128 
represents 2128 
reprisals 2052 2078 
republican 2052 2078 2118 
republican-controlled 2052 2078 
republicans 2052 2078 
request 2081 2128 
requested 2044 
require 2052 2057 2078 2128 2147 
requirement 2064 
requirements 2064 2076 
requires 2052 2061 2078 
requiring 2096 
research 2001 2090 2093 2129 2168 
researchers 2168 
reserve 2007 2064 2155 
reserves 2007 2024 2025 2098 2110 2155 
residential 2134 
residues 2165 
resigned 2131 
resigns 2131 
resist 2168 
resistance 2168 
resistant 2168 
resource 2045 
resource-based 2074 
resources 2005 2007 2074 2118 
resoureces 2027 
responding 2025 
response 2040 2051 2074 2128 
responsibility 2025 
responsible 2095 
rest 2022 2120 
restaurant 2086 
restaurants 2058 
restored 2036 
restrict 2001 
restrictions 2052 2078 
restrictive 2068 
restructuring 2030 2033 2045 
result 2009 2068 2110 2117 2121 2132 
resulting 2080 2110 2168 
results 2001 2029 2036 2061 2093 2114 2137 2165 2168 2173 
retail 2058 2071 2082 2086 2104 
retailers 2040 2051 
retain 2147 
retirement 2030 
retiring 2160 
return 2015 2115 
returned 2009 
rev 2033 
revalued 2110 
revenue 2011 2156 2179 
revenues 2130 2132 2135 2156 
reverse 2056 
review 2068 
reviewing 2095 2128 
revised 2022 
revolutionary 2034 
revs 2005 2016 2020 2026 2028 2029 2089 2092 2099 2101 2112 2133 2148 2167 
rgis 2049 
rgl 2159 
richard 2087 2095 
richmond 2085 2142 
richter 2006 
rights 2024 2053 2068 2081 2107 
rinaldo 2118 
rise 2019 2021 2023 2060 2061 2064 2083 2085 2113 2140 2144 2145 2156 
rises 2064 
rising 2052 2061 2078 
risk 2072 2096 2118 
risk-related 2096 
risks 2072 2096 
road 2059 
roads 2030 
roaster 2115 
robert 2131 
roberts 2072 2130 
rochester 2090 
rock 2058 
rocky 2075 
roebuck 2123 2135 
rolling 2001 
rome 2094 
rose 2019 2040 2051 2061 2063 2066 2070 2071 2082 2104 2108 2121 2135 
rouen 2030 2172 
routes 2015 2059 
row 2117 
rowland 2061 
roy 2116 
royal 2061 2066 
ruchlamer 2081 
rules 2057 2068 
run 2025 2064 2152 
running 2012 
runs 2015 
ryan 2108 
ryder 2102 
s.g. 2031 2134 
sa 2010 
sachs 2054 
sacrifices 2064 
safety 2073 
saint-gobain 2009 
salaam 2015 
sale 2008 2028 2091 2112 2114 2147 2173 
saleable 2039 
sales 2001 2003 2014 2017 2019 2021 2023 2030 2032 2038 2040 2042 2043 2047 2048 2050 2051 2060 2061 2062 2063 2065 2068 2069 2070 2071 2075 2082 2083 2085 2086 2103 2104 2106 2109 2110 2111 2113 2114 2123 2135 2141 2142 2144 2150 2173 
salesd 2085 
salmonella 2168 
salomon 2045 2134 
same-rated 2161 
same-store 2017 2062 2075 2106 
samuel 2031 
san 2048 2097 2128 
santa 2039 
santander 2097 
santiago 2006 
sat 2010 
satellite 2053 2150 
satisfy 2052 2078 
satl 2150 
saudi 2121 2172 
saudi-arabia 2172 
save 2160 
savings 2064 2170 
sc.l 2061 
scale 2006 2165 
scales 2132 
scandals 2118 
scheduled 2121 
science 2126 
sciences 2039 
scott 2086 
sea 2012 2061 
sears 2123 2135 
seat 2179 
seats 2132 2179 
sec 2118 
secaucus 2050 
secretariat 2121 
secretary 2052 2078 2087 2095 
sector 2009 2030 2054 2061 2117 
sectors 2068 
secure 2015 
secured 2015 2151 
securities 2076 2080 2084 2088 2090 2118 2134 2151 2155 2156 2161 2170 
security 2013 2175 
seekers 2013 
seeking 2011 2052 2078 
seeks 2054 2072 
sees 2001 2077 2118 2130 
selective 2096 
sell 2001 2068 2097 2114 2115 2116 
selling 2001 2088 2120 2121 2127 2143 2158 2170 
sells 2129 2134 2161 
semi-annually 2081 
semi-state 2059 
semiannual 2079 
semolina 2008 
sen. 2078 2087 
senate 2052 2078 
senator 2052 2078 
senators 2052 2078 
senior 2064 2068 2081 2118 
separate 2015 2177 
september 2073 
series 2096 2160 
serve 2128 
served 2128 
serves 2128 
service 2086 2117 2128 2139 2160 2177 
services 2097 2131 2150 2159 2165 
serving 2036 
session 2068 2121 2156 
set 2001 2049 2064 2073 2095 2115 2117 2121 2132 2154 2161 2175 
sets 2058 2079 2153 2176 
setting 2064 2132 
seven-state 2121 
severe 2036 2068 
sgc 2021 2023 
sgep.p 2009 
shad 2118 
shamrock 2004 2046 
share 2020 2029 2039 2045 2048 2053 2061 2079 2080 2081 2108 2116 2117 2120 2122 2159 2160 2173 
shareholder 2027 2058 2081 2114 2177 
shareholders 2013 2080 2120 
shares 2001 2002 2024 2027 2033 2039 2045 2053 2056 2058 2061 2076 2079 2081 2084 2090 2108 2116 2120 2160 2177 
sharesd 2024 
sharp 2061 
sharply 2061 2110 
shars 2160 
shaved 2072 
shearson 2090 
shell 2061 
shift 2132 
ship 2012 
shipbuilding 2009 
shipment 2003 2008 2115 
shipped 2048 
shipping 2012 
ships 2172 
shop 2001 2017 
shore 2110 
short 2025 
short-term 2094 2096 2110 2115 2127 
shortage 2022 2127 
shortly 2041 
show 2115 2128 2140 2168 
showed 2036 2077 2117 
shows 2064 2115 2168 
shp 2017 
shr 2005 2016 2020 2026 2028 2029 2033 2035 2042 2047 2048 2055 2089 2092 2099 2101 2112 2136 2148 2149 2157 2166 2167 
shrs 2005 2026 2028 2047 2048 2092 
shutting 2061 
side 2061 
sieg.f 2010 
siemens 2010 
sienna 2007 
signals 2072 
signed 2053 2132 2151 
significant 2045 
significantly 2118 2130 2138 2142 
signs 2053 
signtech 2148 
similar 2052 2078 
simply 2009 
simultaneously 2110 
sink 2068 
siphoning 2118 
sir 2001 
situation 2025 2030 
six-month 2094 
six-year 2115 
size 2117 
sizes 2100 
sl 2112 
sleepers 2015 
slice 2107 
sliding 2117 
slightly 2001 2094 2132 
slowing 2017 
small 2117 
smaller 2155 
smb 2109 
smbs.st 2109 
snack 2116 
sne.t 2100 
snow 2012 
snowstorms 2111 
social 2064 2132 
socialist 2064 
societe 2010 
society 2025 
soft 2044 2116 
softer 2155 
software 2079 2092 2152 2177 
soils 2165 
sold 2058 2076 2086 2129 2142 2161 
soley 2025 
solvents 2165 
solving 2129 
sony 2100 
sorsa 2132 
sought 2156 
sound 2100 
source 2011 2117 2168 
sources 2009 2010 2011 2044 2172 
south 2015 2025 2034 2036 
south-africa 2015 2073 
south-korea 2025 
southern 2015 2034 
southwest 2067 2128 
soverign 2096 
soviet 2095 2132 2172 
soybean 2087 
soybeans 2087 
space 2091 
spain 2064 2097 2172 
spain's 2064 
spanish 2064 
spares 2015 
speaker 2011 2140 2145 2156 
speaker's 2011 
speaking 2025 
special 2175 
specializing 2126 
specialty 2040 2051 
specific 2064 
specifications 2100 
specifics 2011 
speculation 2121 
speech 2077 
spend 2095 
spending 2011 2064 2074 2076 
spika 2168 
spin 2039 
spinoff 2039 
spirit 2011 
spite 2121 
split 2005 2056 2079 2112 2176 
spokesman 2006 2018 2034 2054 2059 2073 2077 2097 2140 2175 
spokeswoman 2030 2100 
sponsored 2015 
sportswear 2047 
spot 2121 
spread 2168 
spring 2142 
spun-off 2039 
square 2091 2164 
sri 2172 
sri-lanka 2172 
st 2065 
st. 2104 
stabilisation 2110 
stabilise 2061 
stability 2115 
stabilizing 2077 
stable 2077 
staff 2130 
stage 2064 
stages 2001 
stake 2010 2027 2039 2054 2107 
stance 2115 2132 
standard 2084 2100 2134 2147 
standards 2068 2100 
stanley 2161 
start 2030 2064 2118 2121 2128 
started 2024 
starting 2121 
starts 2001 2024 
state 2006 2009 2057 2059 2064 2132 
state's 2117 
state-owned 2009 2010 
state-run 2015 
statement 2090 2107 2110 2118 2121 
statements 2057 2117 
states 2015 2052 2068 2074 2078 2117 2121 
station 2147 
status 2095 
stay 2064 
stayed 2061 
steak 2086 
step 2024 
sterile 2036 
sterivet 2093 
sterling 2013 2029 2031 
steven 2052 2078 
stg 2001 2022 2031 2061 2134 2143 2158 
stick 2121 
stiff 2052 
stillwater 2177 
stock 2001 2002 2011 2039 2045 2053 2056 2059 2079 2080 2084 2108 2112 2134 2139 2159 2160 2176 
stockholm 2065 2107 2109 
stocks 2003 2008 2068 2084 
stop 2017 2052 2078 
stopping 2118 
store 2014 2017 2032 2040 2043 2050 2051 2062 2070 2071 2085 2091 2111 2113 2127 
stores 2017 2042 2050 2060 2062 2069 2070 2075 2083 2085 2091 2103 2104 2106 2111 2142 2166 2173 
stowe 2080 
straight 2119 
strain 2168 
strains 2121 
strategic 2034 
strategies 2152 
strategy 2064 
street 2118 
strength 2144 
strengthen 2054 
strengthening 2064 
strict 2068 
strictly 2052 2078 2121 
strong 2001 2064 2085 2108 2116 2132 
strongly 2030 2077 
struck 2009 
structure 2121 
students 2064 
study 2036 2118 2168 
studying 2175 
stvt 2093 
subcommittee 2052 2078 2118 
subdue 2061 
subject 2080 2081 2114 
submitted 2010 
subordinate 2020 
subordinated 2081 
subscriptions 2094 
subsidiaries 2127 
subsidiary 2010 2057 2091 2097 2127 2129 2160 
subsidies 2052 2078 2117 
subsidised 2068 
subsidize 2052 2078 
subsidy 2052 2078 2095 
substance 2036 
substantial 2015 2115 
substantially 2117 2128 
success 2001 
suffering 2036 
suffocated 2073 
suggested 2011 2115 
suggestion 2011 2064 
suit 2132 
suitable 2054 
summit 2027 
sun 2046 2134 
supermarkets 2021 2023 
supplemented 2081 
suppliers 2127 
supplies 2121 
supply 2064 2168 
support 2011 2052 2068 2078 2087 2093 2127 2128 2132 
supports 2030 
surface 2126 
surplus 2025 2052 2068 2078 2132 
surpluses 2068 2077 2115 
surveillance 2118 
sustainable 2025 
swallow 2068 
sweden 2010 2015 2065 2107 2109 
swedish 2107 2109 
swiss 2119 
switching 2010 
symms 2052 2078 
synchronous 2152 
syndicate 2088 2161 
syracuse 2147 
system 2015 2036 2072 2077 2096 2102 2110 2115 2117 2121 2129 2132 2152 
systems 2056 2118 2151 2152 2154 2177 
t-lymphocytes 2036 
t.b 2013 
t.n 2010 
tactic 2064 
taiwain 2025 
taiwan 2025 
takeover 2026 2054 2118 
takeovers 2118 
takes 2064 
taking 2010 2054 2107 2115 2118 
talk 2095 2115 
talks 2068 2115 
tampa 2164 
tanga 2015 
tanganyika 2015 
tanzania 2015 
tanzania-zambia 2015 
tanzanian 2015 
target 2011 2064 2115 
targets 2064 2115 2156 
tarrifs 2025 
tax 2011 2028 2052 2061 2078 2117 2125 2132 2137 2140 2145 2156 
taxation 2132 
taxes 2011 
team 2168 
teamed 2010 
teamsters 2128 
tech 2126 
technische 2126 
technologies 2139 2177 
technology 2036 2100 2126 
techvend 2138 
tehran 2034 
telecommunications 2009 2010 2118 
telegraph 2010 2072 2130 
telephone 2006 2010 2072 2130 
telephoniques 2010 
television 2009 2100 
temporary 2018 
tender 2044 2118 2169 
tendered 2024 
tenn. 2080 
tentative 2128 
term 2001 2025 2074 
termed 2084 
terms 2080 2097 2102 2126 2127 2151 2160 
test 2165 
testing 2165 
tests 2036 
tetrachloride 2165 
tex 2179 
texas 2046 2052 2146 2156 2159 2173 2179 
tf1 2009 
thad 2087 
thailand 2052 2078 
thatcher 2117 
theme 2132 
things 2118 
thomson 2029 2035 
thought 2118 
thousand 2076 
threat 2025 
threatened 2064 
three-for-two 2079 2176 
thursday 2168 
tie 2052 2078 
time 2025 2036 2064 2072 2081 2132 2177 
times 2009 2052 2064 2078 
tmc 2134 
tmed 2039 
tms 2177 
today 2006 2022 2034 2044 2064 2084 2108 2130 2172 2174 
tohe 2045 
tok 2138 
tokheim 2138 
told 2001 2006 2011 2015 2030 2052 2054 2072 2074 2078 2080 2087 2115 2132 2140 2156 
toluene 2165 
tomarrow 2072 
tomorrow 2064 2095 
tone 2155 
tonne 2003 2008 2044 2171 
tonnes 2003 2008 2044 2068 2171 2172 
tontitown 2131 
top 2061 
torn 2087 
toronto 2020 2029 2089 2149 
total 2001 2019 2022 2045 2062 2063 2097 2121 
totaled 2070 
totalled 2115 
totalling 2119 
tougher 2132 
town 2077 
toxic 2073 
tracked 2168 
trade 2015 2025 2044 2052 2064 2074 2078 2132 2172 
traders 2108 2118 2169 2171 
trading 2061 2064 2084 2096 2108 2118 2132 2155 
traditional 2100 2132 
traditionally 2036 2052 2078 
traffic 2066 
training 2001 
transaction 2013 2128 
transactions 2096 2097 
transfer 2011 2151 
transfers 2156 
transitional 2072 
transplantation 2036 
transplants 2036 
transponder 2053 
transport 2015 2061 
transportation 2067 2128 2131 
trc 2015 
treasuries 2161 
treasury 2052 2078 2094 2161 
treat 2093 
treated 2036 
treatment 2036 
treats 2036 
trelleborg 2107 
tremendous 2068 
trend 2025 2116 
trials 2093 
trickle 2068 
trimedyne 2039 
triumph 2151 
triumph-capital-inc 2151 
troy 2040 2051 
truck 2019 
trucks 2019 
trudering 2077 
tucsonm 2128 
tuesday 2013 
tune 2165 
turkey 2012 
turn 2034 
turning 2025 
turnover 2001 2084 2137 
two-thirds 2117 
two-year 2010 
type= 2002 2004 2014 2032 2035 2037 2038 2041 2043 2060 2067 2069 2098 2103 2105 2113 2122 2123 2124 2125 2136 2141 2145 2146 2157 2166 2169 2171 2174 2176 2178 
typical 2084 
typically 2061 
tyres 2107 
u.k 2022 2061 
u.k. 2001 
u.s 2001 2025 2052 2061 2076 2078 2095 2128 2145 2170 2178 
u.s. 2001 2003 2008 2010 2011 2025 2045 2046 2052 2054 2058 2061 2076 2078 2087 2096 2119 2128 2155 2156 2165 2175 
uganda 2015 
uk 2001 2015 2022 2031 2061 2117 2134 2143 2158 2170 
ultimately 2052 2061 
umbrella 2001 
unacceptable 2117 
unanimously 2117 
unchanged 2064 2110 
uncovered 2168 
und 2054 
underground 2073 
underlying 2025 2081 
understandably 2118 
undervalued 2025 2178 
underwriter 2058 
underwriters 2045 2076 2120 
underwriting 2088 2134 2143 2158 2170 
underwritten 2045 2119 
undisclosed 2102 2151 
unemployment 2064 2132 
unfair 2117 
union 2030 2073 2095 2128 2132 2172 
unions 2030 2064 2128 
unit 2039 2053 2057 2080 2081 2097 2102 2129 2134 2138 2150 2151 2152 2160 2162 2165 
unit's 2150 
united 2052 2074 2078 2121 
unitil 2101 
units 2019 2044 2080 2081 2110 2117 
university 2036 2129 
unnamed 2121 
unnecessary 2125 2140 
unpleasant 2064 
unregulated 2130 
unsuccessful 2036 
unusual 2168 
unusually 2173 
unveils 2096 
unwelcome 2068 
upgraded 2116 
ups 2159 
upstream 2061 
upturn 2061 
urges 2087 
usair 2128 
usda 2087 2095 
ussr 2095 2172 
usual 2006 
utility 2161 
utl 2101 
va. 2085 2142 
vaccines 2090 
valid 2115 
valley 2019 
values 2007 
van 2019 2100 
vancouver 2016 
vans 2019 
vehicle 2019 
vehicles 2019 
verschoor 2132 
version 2052 2078 
versus 2066 2150 
vessels 2012 
vestor 2139 
victims 2036 2168 
victoria 2015 
video 2100 2138 
videos 2100 
videotex 2139 
vienna 2121 
view 2033 2053 
violation 2057 
violent 2030 
viro 2164 
visa 2097 
visit 2030 
volatile 2108 
volksbank 2119 
volume 2061 
volumes 2061 
vote 2052 2077 2078 2132 
voted 2052 2078 
votes 2052 2078 
voting 2107 
w.va. 2127 
wagon 2019 
wagons 2015 2019 
wait 2175 
waiting 2012 
waive 2024 
wajax 2089 
wal-mart 2103 2106 
wall 2118 
walter 2127 
wanted 2054 
war 2034 
warburg 2031 2134 
ward 2032 2071 
warehouse 2091 
warning 2118 2168 
warrant 2081 
warrants 2081 
washington 2003 2008 2011 2052 2072 2078 2087 2095 2096 2118 2128 2130 2140 2156 2175 
wastes 2165 
waterway 2012 
wavered 2068 
wayne 2138 
ways 2087 
wcas 2080 
weak 2173 
weakened 2052 2078 
weakness 2108 
wealth 2117 
wealthy 2011 
weather 2012 2017 2173 
weaver 2131 
wedd 2061 2143 2158 
wedge 2078 
wednesday 2108 2140 
week 2018 2036 2050 2052 2059 2068 2074 2077 2078 2115 2159 
weekly 2054 2169 
weeks 2017 2050 2062 2063 2071 2075 2083 2104 2111 2142 2144 2175 
weight 2036 
welcomed 2064 
well-conceived 2096 
welsh 2080 
werner 2054 
west 2001 2010 2015 2046 2077 2126 2128 
west-germany 2010 2015 2054 2077 2097 2119 
western 2074 
wheat 2003 2008 2044 2074 2095 2169 2172 
whipped 2012 
white 2091 2125 2140 2175 
wholesale 2127 
wholly 2127 2150 
wholly-owned 2151 
wichita 2153 
widely 2072 
william 2011 
wilmington 2070 
wilson 2074 
win 2115 
windfall 2061 
winds 2012 
wine 2068 
winland 2167 
winter 2087 2173 
wirtschaftswoche 2054 
witbank 2073 
withdraw 2087 
withdrfawal 2024 
wmt 2106 
won 2025 2161 2165 
woodbridge 2021 2023 
woolworth 2038 2063 
word 2132 
work 2100 2127 
workers 2018 2064 2128 
workforce 2132 
working 2068 2076 2081 2108 
works 2073 
world 2009 2015 2052 2078 2100 2115 2119 
worldbank 2015 2052 2078 2119 
worse 2117 2118 
worst 2061 2068 
worth 2094 2129 2132 
wound 2117 
wounded 2034 
wright 2011 2140 2145 2156 
write-offs 2130 
wrongfully 2057 
wti 2004 2046 2174 
xj-6 2001 
yamaha 2100 
year-ago 2040 2051 2133 
year-end 2007 2097 
year-to-date 2019 2179 
years 2001 2025 2030 2057 2059 2064 2068 2118 2132 2161 2168 
yen 2088 2119 2170 2178 
yesterday 2001 2012 2045 2046 2064 2117 2155 
yeutter 2025 
yield 2094 2161 
yielding 2161 
york 2013 2015 2024 2025 2045 2046 2047 2055 2057 2058 2062 2063 2081 2108 2116 2120 2152 2155 2161 2165 
young 2030 2090 
youssef 2117 
zaire 2015 
zambia 2015 
zambian 2015 
zayre 2136 2141 
ziegler 2084 
zoete 2061 2143 2158 
