'll 4951 4969 
're 4906 4919 4940 4944 
've 4969 
****** 4904 4913 4924 4925 4928 4929 4949 4950 4959 4960 4961 4977 5000 
-2nd 4901 4930 
-4th-q 4972 
-adds-natu 4962 
-boosts-p 4986 
-capital-e 4951 
-comments-on 4982 
-dutch-p 4919 
-long-term 4906 
-off 4975 
-opposes-ju 4958 
-phoenix-steel 4907 
-r 4943 
-regu 4990 
-say 4957 
-seeks 4970 
-sees-sale 4967 
-sel 4994 
-sells 4912 
-sells-two 4981 
-sets 4909 
-to 4935 
-unit 4936 
-will-no 4933 
-year 4999 
/author 4943 4944 4946 4953 4969 
0.1 4944 
0.3-0.4 4944 
0.4 4944 
0.5 4944 
0.6 4944 
0.7 4944 
0.8 4944 
0.9 4944 
0010 4924 
0011 4904 
0012 4928 4960 4961 
0013 4925 4950 4959 4977 
0014 4913 4949 
0015 4929 5000 
0022 4909 
0023 4900 4956 
0024 4999 
0025 4990 
0026 4998 
0031 4945 
0032 4991 
0039 4911 
0042 4920 
0044 4952 
0046 4899 
0048 4901 4989 
0051 4975 
0052 4954 
0054 4980 
0056 4996 
0057 4894 
0058 4930 4976 
0060 4992 
0063 4934 4955 
0065 4974 
0067 4970 
0068 4918 
0070 4985 
0072 4972 
0076 4936 
0078 4896 
0081 4940 
0082 4914 
0083 4948 4957 
0084 4981 
0085 4921 4964 
0086 4903 
0087 4935 4963 
0089 4926 
0090 4947 
0091 4907 4917 4968 
0092 4895 4943 
0093 4919 
0094 4912 4983 
0095 4965 
0096 4967 
0097 4982 
0098 4931 
0099 4906 4910 4922 4937 
0100 4951 4969 4997 
0101 4944 4987 
0102 4938 4966 
0103 4915 
0104 4923 4953 4958 
0106 4916 4933 4941 
0108 4932 
0109 4962 4994 
0110 4898 4902 
0111 4908 
0112 4973 4979 4993 
0114 4986 
0119 4978 4995 
0131 4971 
0133 4927 
0136 4942 
0139 4988 
0140 4905 
0141 4897 
0142 4946 4984 
0143 4939 
03-13 4894 4895 4896 4897 4898 4899 4900 4901 4902 4903 4904 4905 4906 4907 4908 4909 4910 4911 4912 4913 4914 4915 4916 4917 4918 4919 4920 4921 4922 4923 4924 4925 4926 4927 4928 4929 4930 4931 4932 4933 4934 4935 4936 4937 4938 4939 4940 4941 4942 4943 4944 4945 4946 4947 4948 4949 4950 4951 4952 4953 4954 4955 4956 4957 4958 4959 4960 4961 4962 4963 4964 4965 4966 4967 4968 4969 4970 4971 4972 4973 4974 4975 4976 4977 4978 4979 4980 4981 4982 4983 4984 4985 4986 4987 4988 4989 4990 4991 4992 4993 4994 4995 4996 4997 4998 4999 5000 
1,029,921 4954 
1,200 4935 
1,234,000 4972 
1,249,000 4911 4922 
1,280,618 4999 
1,281,887 4908 
1,325,978 4954 
1,566,936 4920 
1,780 4973 
1,811,636 4999 
1,827,734 4937 
1,841,000 4901 4930 
1,930,734 4937 
1,941,000 4972 
1-1/2 4991 
1-1/8 4943 
1-10 4973 
1.09 4938 
1.1 4906 
1.13 4938 
1.2 4906 4944 
1.26 4972 
1.27 4922 
1.3 4944 4969 
1.37 4938 
1.41 4920 
1.5 4922 4926 4939 4942 4988 
1.6 4897 
1.7 4944 4962 
1.8 4951 4974 
1.81 4974 
10,000 4948 
10,800,000 4911 
10.48 4993 
10.572 5000 
10.89 4993 
100,000 4983 
100th 4940 
102.9 4901 4930 
103,000 4937 
109,131 4999 
11,000 4948 
11.0 4988 
11.25 4910 
11.5 4988 
11.8 4944 
11.9 4979 
111.50 4945 
12,000 4898 
12.24 4974 
12.50 4925 
121.4 4901 4930 
125.54 4938 
12:48:28.42 4894 
12:49:52.36 4895 
12:50:10.58 4896 
12:50:22.68 4897 
12:52:34.94 4898 
12:55:48.82 4899 
12:56:04.10 4900 
12:56:20.79 4901 
12:57:10.14 4902 
12:57:54.86 4903 
12:59:22.58 4904 
13-mar-1987 4894 4895 4896 4897 4898 4899 4900 4901 4902 4903 4904 4905 4906 4907 4908 4909 4910 4911 4912 4913 4914 4915 4916 4917 4918 4919 4920 4921 4922 4923 4924 4925 4926 4927 4928 4929 4930 4931 4932 4933 4934 4935 4936 4937 4938 4939 4940 4941 4942 4943 4944 4945 4946 4947 4948 4949 4950 4951 4952 4953 4954 4955 4956 4957 4958 4959 4960 4961 4962 4963 4964 4965 4966 4967 4968 4969 4970 4971 4972 4973 4974 4975 4976 4977 4978 4979 4980 4981 4982 4983 4984 4985 4986 4987 4988 4989 4990 4991 4992 4993 4994 4995 4996 4997 4998 4999 5000 
13.00 4925 
13.2 4908 
13.6 4943 
13:01:39.20 4905 
13:05:13.38 4906 
13:06:16.23 4907 
13:06:36.62 4908 
13:06:39.85 4909 
13:08:10.74 4910 
13:08:30.43 4911 
13:08:43.78 4912 
13:09:07.66 4913 
13:10:38.30 4914 
13:12:12.36 4915 
13:14:23.59 4916 
13:14:33.02 4917 
13:15:37.12 4918 
13:17:27.81 4919 
13:18:28.38 4920 
13:18:57.75 4921 
13:20:44.63 4922 
13:20:53.30 4923 
13:27:39.34 4924 
13:29:03.45 4925 
13:29:42.68 4926 
13:31:47.42 4927 
13:34:32.41 4928 
13:35:10.38 4929 
13:37:05.47 4930 
13:37:26.75 4931 
13:37:34.17 4932 
13:37:48.68 4933 
13:37:57.97 4934 
13:38:10.76 4935 
13:40:02.27 4936 
13:41:07.75 4937 
13:41:43.89 4938 
13:43:47.46 4939 
13:44:16.50 4940 
13:45:14.12 4941 
13:46:38.59 4942 
13:49:23.83 4943 
13:52:07.17 4944 
13:54:00.52 4945 
13:55:44.22 4946 
13:57:10.21 4947 
14,641 4973 
14.2 4987 
1400 4905 
142,200 4954 
14:00:27.30 4948 
14:00:55.35 4949 
14:01:59.94 4950 
14:03:09.93 4951 
14:04:31.81 4952 
14:05:26.20 4953 
14:06:30.88 4954 
14:06:36.04 4955 
14:06:40.65 4956 
14:08:36.89 4957 
14:09:37.06 4958 
14:10:12.83 4959 
14:14:15.08 4960 
14:14:32.45 4961 
14:16:03.32 4962 
14:16:25.10 4963 
14:16:32.63 4964 
14:21:26.80 4965 
14:22:41.27 4966 
14:23:30.82 4967 
14:23:44.54 4968 
14:24:33.62 4969 
14:24:53.75 4970 
14:26:01.46 4971 
14:27:45.69 4972 
14:29:22.71 4973 
14:30:03.16 4974 
14:31:20.93 4975 
14:31:30.90 4976 
14:32:15.43 4977 
14:33:05.47 4978 
14:33:23.95 4979 
14:34:08.96 4980 
14:35:43.62 4981 
14:36:04.54 4982 
14:37:29.39 4983 
14:38:11.85 4984 
14:40:37.59 4985 
14:42:04.88 4986 
14:45:02.69 4987 
14:45:30.08 4988 
14:54:43.34 4989 
14:55:12.40 4990 
14:55:19.96 4991 
14:56:51.67 4992 
14:58:27.75 4993 
14d-9 4943 
15,966 4986 
15.0 4987 
15.3 4987 
150,000 4939 
158,000 4898 
15:01:15.16 4994 
15:01:24.31 4995 
15:02:15.51 4996 
15:02:33.99 4997 
15:03:01.50 4998 
15:03:56.94 4999 
15:04:51.42 5000 
16.28 4938 
160,000 4939 
162.3 4974 
165,000 4972 
166.0 4974 
166.8 4974 
17,000 4983 
17-1/2 4896 
17.125 4945 
17.3 4893 
17.4 4987 
1700 4970 
172,000 4930 
172,166 4914 
177.95 4938 
18.9 4987 
188,362 4911 
190,000 4898 
190,677 4954 
1979 4944 
1980 4898 
1981 4948 
1982 4948 
1984 4906 4951 4969 
1984/85 4898 
1985 4898 4901 4906 4922 4930 4944 4951 4955 4962 4969 4974 4989 4993 
1985/86 4898 
1986 4893 4898 4906 4916 4920 4922 4931 4944 4950 4951 4962 4967 4972 4973 4974 4987 4989 4992 4993 
1986/87 4897 4939 4988 
1987 4901 4906 4922 4926 4931 4942 4944 4947 4950 4951 4967 4971 4985 4989 
1988 4893 4906 
1995 4968 
1997 4932 
1998 4994 
1st 4914 4930 
2,000 4917 
2,035,000 4974 
2,145,967 4914 
2,300,000 4930 
2,419,203 4914 
2,793,479 4954 
2.0 4939 
2.15 4971 
2.19 4910 
2.3 4969 
2.4 4934 
2.5 4922 4944 4962 
2.6 4893 
200,500 4918 
2002 4968 
2012 4895 4912 4968 
2016 4994 
2017 4994 
209.3 4901 4930 
21-day-cycle 4917 
210,000 4898 
217.28 4938 
22.1 4934 
22.12 4993 
221.53 4938 
224.08 4938 
225,000 4926 4942 
23.5 4934 
23.68 4993 
23.8 4950 4967 
2322 4907 
237,000 4898 
24.36 4895 
24.60 4910 
25.8 4974 
259,000 4972 
260,000 4957 4983 
260,500 4918 
27.75 4912 
274,800 4948 
28-day-cycle 4917 
28.625 4937 
283,000 4974 4989 
29-1/8 4943 
2nd 4901 4914 4930 
3,000 4917 
3,001,000 4972 
3,158,000 4974 
3,229,000 4972 
3,786 4899 
3,800 4973 
3.0 4934 
3.06 4893 
3.1 4915 
3.10 4915 
3.2 4989 
3.28 4921 
3.4 4944 
3.5 4944 4951 
3.6 4951 
3.8 4906 
3.9 4931 
30,000 4983 
30.375 4937 
31,686 4899 
31,734 4954 
315,000 4917 
33.36 4938 
34,101 4914 
341,145 4934 
35,523 4973 
35.12 4938 
36,050 4973 
36.25 4912 
360,000 4941 
362,000 4898 
3rd 4934 4954 
4,028,231 4920 
4,066,777 4954 
4,127,000 4930 
4,359,000 4930 
4,394 4899 
4,458,040 4914 
4,500 4914 4973 
4,835,000 4930 
4.0 4944 
4.4 4901 
4.41 4974 
4.5 4944 
4.6 4946 
4.72 4974 
4.8 4937 
40,000 4953 
44.05 4938 
440,000 4908 
450,000 4941 
456.2 4893 
46,000 4914 
47,470 4914 
475.6 4893 
48.50 4895 
480,412 4934 
489,000 4898 
4894 4894 
4895 4895 
4896 4896 
4897 4897 
4898 4898 
4899 4899 
4900 4900 
4901 4901 
4902 4902 
4903 4903 
4904 4904 
4905 4905 
4906 4906 
4907 4907 
4908 4908 
4909 4909 
4910 4910 
4911 4911 
4912 4912 
4913 4913 
4914 4914 
4915 4915 
4916 4916 
4917 4917 
4918 4918 
4919 4919 
4920 4920 
4921 4921 
4922 4922 
4923 4923 
4924 4924 
4925 4925 
4926 4926 
4927 4927 
4928 4928 
4929 4929 
4930 4930 
4931 4931 
4932 4932 
4933 4933 
4934 4934 
4935 4935 
4936 4936 
4937 4937 
4938 4938 
4939 4939 
4940 4940 
4941 4941 
4942 4942 
4943 4943 
4944 4944 
4945 4945 
4946 4946 
4947 4947 
4948 4948 
4949 4949 
4950 4950 
4951 4951 
4952 4952 
4953 4953 
4954 4954 
4955 4955 
4956 4956 
4957 4957 
4958 4958 
4959 4959 
4960 4960 
4961 4961 
4962 4962 
4963 4963 
4964 4964 
4965 4965 
4966 4966 
4967 4967 
4968 4968 
4969 4969 
4970 4970 
4971 4971 
4972 4972 
4973 4973 
4974 4974 
4975 4975 
4976 4976 
4977 4977 
4978 4978 
4979 4979 
4980 4980 
4981 4981 
4982 4982 
4983 4983 
4984 4984 
4985 4985 
4986 4986 
4987 4987 
4988 4988 
4989 4989 
4990 4990 
4991 4991 
4992 4992 
4993 4993 
4994 4994 
4995 4995 
4996 4996 
4997 4997 
4998 4998 
4999 4999 
4th 4911 4960 4972 4974 4989 
5,000 4935 
5,439,000 4930 
5,600,000 4911 
5,682 4973 
5,731,582 4914 
5-1/2 4912 4921 4980 
5.0 4918 
5.1 4937 
5.68 4938 
5.9 4957 
50,000 4983 
500,000 4939 4988 
5000 5000 
518,000 4898 
52,143 4899 
531,840 4911 
534,000 4901 
55,000 4953 
56.2 4901 4930 
576.3 4974 
58,388 4914 
6,606,646 4920 
6,725,462 4920 
6-1/2 4895 
6.09 4993 
6.19 4898 
6.2 4893 
6.4 4918 
6.66 4932 
6.69 4898 
6.71 4993 
6.8 4988 
60,000 4918 
60.4 4893 
61,763 4914 
62.4 4893 
62.5 4974 
620,000 4911 4922 
622,000 4898 
64.8 4952 
643.3 4974 
67.6 4974 
672,300 4972 
69.7 4992 
7,599,000 4974 
7.07 4952 
7.21 4898 
7.35 4898 
7.5 4926 4942 4944 
7.50 4898 
7.6 4989 
7.9 4906 
700,000 4939 
706,000 4930 
715,000 4972 
725,000 4898 
725.2 4943 
733,000 4898 
75,793 4999 
75.15 4938 
75.95 4938 
8,000 4896 
8,225,052 4920 
8-1/2 4932 
8-3/4 4994 
8-5/8 4994 
8-k 4969 
8.0 4934 
8.10 4898 
8.16 4947 
8.3 4944 
8.5 4908 4944 
8.6 4985 
8.65 4932 
8.9 4905 
80,000 4898 4926 4942 
800,000 4939 
841,887 4908 
87.50 4910 
870,000 4972 
9,767,000 4972 
9-1/4 4994 
9.3 4906 
9.8 4944 
90,000 4967 
90.25 4933 
909,000 4898 
915,911 4934 
92.50 4933 
939,435 4954 
97-1/4 4980 
970,141 4934 
98.675 4994 
9806 4894 
9807 4895 
9808 4896 
9809 4897 
9810 4898 
9811 4899 
9812 4900 
9813 4901 
9814 4902 
9815 4903 
9816 4904 
9817 4905 
9818 4906 
9819 4907 
9820 4908 
9821 4909 
9823 4910 
9824 4911 
9825 4912 
9826 4913 
9827 4914 
9828 4915 
9829 4916 
983,000 4901 4930 
9830 4917 
9831 4918 
9832 4919 
9833 4920 
9834 4921 
9835 4922 
9836 4923 
9837 4924 
9838 4925 
9839 4926 
9840 4927 
9841 4928 
9842 4929 
9843 4930 
9844 4931 
9845 4932 
9846 4933 
9847 4934 
9848 4935 
9849 4936 
9850 4937 
9851 4938 
9852 4939 
9853 4940 
9854 4941 
9855 4942 
9856 4943 
9857 4944 
9858 4945 
9859 4946 
9860 4947 
9861 4948 
9862 4949 
9863 4950 
9864 4951 
9865 4952 
9866 4953 
9867 4954 
9868 4955 
9869 4956 
9870 4957 
9871 4958 
9872 4959 
9873 4960 
9874 4961 
9875 4962 
9876 4963 
9877 4964 
9878 4965 
9879 4967 
9880 4968 
9881 4970 
9882 4971 
9883 4972 
9884 4973 
9885 4974 
9886 4966 
9887 4975 
9888 4976 
9889 4977 
9890 4978 
9891 4979 
9892 4980 
9893 4981 
9894 4982 
9895 4983 
9896 4984 
9897 4985 
9898 4986 
9899 4987 
9900 4988 
9901 4969 
9902 4989 
9903 4990 
9904 4991 
9905 4992 
9906 4993 
9907 4994 
9908 4995 
9909 4996 
9910 4997 
9911 4998 
9912 4999 
9913 5000 
`` 4897 4902 4903 4906 4916 4919 4933 4936 4940 4941 4943 4944 4946 4947 4951 4964 4967 4969 4971 4982 4988 4989 4995 
a-1 4994 
a-10 4989 
a-2 4966 
a-3 4966 
abating 4966 
abetted 4906 
ability 4969 
abnormal 4897 
abolished 4902 
absolutely 4944 
abuses 4923 
accept 4905 4946 
acceptance 4947 
accepted 4996 
access 4995 
accord 4953 
accordance 4910 
account 4897 4902 4944 
accounted 4944 
accounting 4984 
accounts 4923 4972 
achieve 4916 
acq 4894 4904 4908 4910 4918 4933 4937 4952 4955 4959 4963 4964 4970 4976 4981 
acquire 4952 
acquired 4933 4948 
acquisition 4904 4943 
acquisititon 4910 
acr 4981 
acre 4905 
acreage 4951 
acres 4905 5000 
across-the-board 4984 
act 4953 
action 4916 
active 4907 4979 
activities 4902 4919 
activity 4902 4944 
added 4898 4902 4905 4916 4931 4940 4941 4944 4947 4982 4989 4997 
adding 4919 4940 4943 
addition 4926 4978 
additional 4939 4988 4989 4997 
adds 4962 
adequacy 4995 
adjusted 4930 
adjustment 4941 
adjustments 4941 
administration 4903 4917 4946 
administratively 4946 
admits 4948 
admitted 4948 
advantage 4970 
advantages 4979 
advised 4933 
advisor 4970 
aerospace 4989 
affairs 4995 
affect 4984 4988 
affected 4902 4947 4966 
affects 4917 4949 4966 
affiliate 4951 
affiliated 4918 
affiliates 4933 4951 
africa 4951 
ag 4910 4982 
agency 4902 4966 4979 4997 
agent 4946 
aggie-mae 4946 
ago 4894 4897 4947 4953 
agree 4916 4946 4995 
agreed 4893 4927 4955 4978 
agreeing 4989 
agreement 4903 4907 4910 4915 4921 4933 4941 4969 4970 4976 4978 4984 4988 4989 4995 
agreements 4933 4936 4953 
agreemnents 4970 
agricultural 4953 4963 4984 
agriculture 4897 4939 4946 4984 4988 
agrio 4983 
ahead 4926 4940 4941 4942 4969 
aiming 4971 
air 4944 4989 
aircraft 4989 
aires 4971 
albert 4988 
albn 4966 
alc 4958 
alcc 4958 
alex 4912 
alexandria 4914 
allan 4944 4984 
alleged 4923 
allegheny 4904 4910 
allen 4906 4951 
allied 4966 
allnet 4958 
allowed 4902 4995 
allowing 4926 4942 
almir 4953 
already-approved 4947 
alternative 4943 
alternatives 4964 
am-brazil-strikes 4953 
am-debt-ecuador 4947 
amarillo 4966 
ambivalent 4946 
amend 4933 
america 4916 4936 4969 4979 
american 4899 4924 4940 4946 4958 4966 4973 4976 4986 4988 
amo 4973 4986 
amount 4988 
amounts 4897 
ample 4983 
amsterdam 4919 
analysis 4943 
analyst 4897 4943 4969 
analysts 4897 4898 4902 4905 4943 4969 
angeles 4943 4963 4981 
animals 4897 
announced 4905 4910 4943 4951 4953 4988 
announcement 4933 
announcing 4943 4951 
annual 4906 4916 4944 4951 4962 
annually 4994 
answer 4923 
antagonize 4984 
anticipated 4988 
antonio 4916 
apparent 4947 4975 
appeared 4941 4953 
appears 4969 
application 4919 4927 4992 
applied 4919 
applies 4986 
apply 4986 
appointed 4946 4996 
appointement 4996 
appreciably 4906 
approach 4916 4943 
approaching 4902 
approved 4933 
approximately 4939 
april 4909 4910 4956 4988 4990 4991 4995 4998 
april-june 4988 
arco 4963 4981 
area 4951 
areas 4903 4951 4989 
argentina 4969 4971 4988 
argentine 4971 4988 
argyll 4920 
aries 4931 
ariz. 4996 
arrangements 4978 
arranger 4915 4921 
ase 4919 
asher 4937 
asked 4970 
assemblies 4944 
assembly 4986 
asserted 4943 4969 
asset 4966 
asset-backed 4979 
assets 4906 4920 4938 4951 4957 4979 
associaiton 4939 
associate 4984 
association 4934 4939 4946 
assurance 4957 
atlantic 4943 4963 4981 
attache 4897 
attack 4975 
attempt 4946 4964 
attention 4951 
attract 4965 
attributable 4984 
audio/video 4933 
augments 4896 
austerity 4969 
author 4943 4944 4946 4953 4969 
authorities 4916 4953 
authorization 4992 
auto 4944 4979 
automakers 4944 
automatic 4941 
automation 4967 
auxt 4978 
auxton 4978 
avenue 4986 
average 4944 4967 
averaged 4939 
avert 4916 
avg 4930 
b-minus 4966 
b-plus 4895 
ba-3 4997 
bac 4979 
back 4893 4906 4969 4982 
backed 4979 
bad 4944 
badly 4953 
balance 4939 4953 4987 
balances 4938 
balao 4983 
bally 4893 4943 
ban 4923 
bancorp 4966 
bancshares 4966 
bang 4902 
bank 4902 4915 4916 4921 4929 4938 4947 4966 4969 4971 4979 4995 
bankamerica 4979 
bankers 4946 4969 4979 
banks 4916 4938 4946 4947 4949 4953 4966 4969 4971 4995 
banning 4923 
bargaining 4907 
barges 4939 
barney 4970 
barrel 4944 
barrels 4962 4983 
barrier 4902 
based 4922 4995 
basis 4932 4946 4969 4994 
bb 4912 4966 
bb-minus 4966 
bb-plus 4966 
bb-plus/b 4966 
bbb 4966 
bbb-minus 4966 
bbb-minus/a-3 4966 
bbb-plus 4966 
bc-******american-motors 4924 
bc-******caesars-world-s 4959 
bc-******fairchild-indus 4960 4961 
bc-******iadb-chief-says 4913 
bc-******k-mart-sees-198 4950 
bc-******president-reaga 4928 
bc-******rockwell-intern 4977 
bc-******s/p-downgrades 4949 
bc-******san-paolo-di-to 4925 
bc-******sunter-acquisit 4904 
bc-******usda-reports-10 5000 
bc-/fed-seen-content-wit 4944 
bc-/iadb-chief-warns-of 4916 
bc-/numerous-factors-sai 4988 
bc-/usda's-export-bonus 4984 
bc-/ussr-heavy-buyers-of 4939 
bc-alc- 4958 
bc-american-honda-has-hi 4899 
bc-american-motors- 4973 
bc-arco- 4981 
bc-arco-sells-two-agricu 4963 
bc-argentine-debt-talks 4971 
bc-argyll-energy-corp 4920 
bc-attn-editor 4919 
bc-auxton-computer- 4978 
bc-brazil-industrial-gro 4993 
bc-britain-wants-bank-re 4995 
bc-caesars-world 4964 
bc-caesars-world- 4943 
bc-canadian-money-supply 4929 4938 
bc-cenergy 4908 
bc-chemlawn- 4970 
bc-chrysler- 4986 
bc-chrysler-canada 4931 
bc-cme-board-plan-said-n 4923 
bc-coca-cola-enterprises 4896 
bc-cuba-sugar-crop-seen 4898 
bc-cyclops 4918 
bc-cyclops- 4933 
bc-desoto-inc- 4990 
bc-drexel-burnham-report 4985 
bc-dutch-investment-bank 4915 
bc-dutch-trade-fully-in 4987 
bc-ecuador-begins-buildi 4983 
bc-evans/southerland- 4895 
bc-fairchild-industries 4974 4989 
bc-fda-recall-monsanto 4917 
bc-former-santa-fe-exec 4948 
bc-franklin-resources- 4894 
bc-general-cinema-corp- 4998 
bc-gte- 4982 
bc-gts-corp- 4972 
bc-h.k.-porter- 4980 
bc-health-mor-inc- 4956 
bc-helmerich-and-payne-i 4900 
bc-high-point-sells-debt 4932 
bc-holly-corp- 4901 4930 
bc-infinite-graphics-inc 4954 
bc-interconnect-prefers 4952 
bc-j.p.-morgan- 4975 
bc-k-mart- 4967 
bc-liffe-executive-greet 4927 
bc-loadmaster-systems- 4996 
bc-low-sugar-prices-may 4965 
bc-lucky-stores 4937 
bc-lyphomed- 4912 
bc-methode-electronics-i 4991 
bc-midland-unit-pulls-ou 4902 
bc-mindscape-buys-harcou 4955 
bc-mobil- 4906 4951 4962 
bc-moody's-may-downgrade 4997 
bc-nederlandse-gasunie-i 4921 
bc-occidental- 4936 
bc-pegasus-gold- 4926 
bc-pegasus-gold-reduces 4942 
bc-philadelphia-electric 4945 
bc-proposed-offerings 4968 
bc-reagan-vows-to-block 4940 
bc-rjr-nabisco- 4994 
bc-s/p-downgrades-four-t 4966 
bc-s/p-sees-dramatic-gro 4979 
bc-san-juan-racing-assoc 4934 
bc-smartnames-to-buy-ame 4976 
bc-sporting-life-inc- 4914 
bc-status-game- 4935 
bc-stephan-co- 4999 
bc-sunter-begins-tender 4910 
bc-talking-point/bank-st 4969 
bc-texas-utilties- 4992 
bc-transit-financial 4911 
bc-transit-financialsees 4922 
bc-u.s.-conservation-sig 4905 
bc-u.s.-farm-loan-second 4946 
bc-u.s.-makes-conciliato 4941 
bc-u.s.-video- 4957 
bc-union 4907 
bc-unum-corp- 4909 
bc-ussr-livestock-may-be 4897 
bc-white-house-says-trad 4903 
beck 4932 
began 4910 4926 4942 4962 4983 4986 
begin 4896 
beginning 4944 4994 
begins 4904 4910 4983 
belfast 4908 
belgium 4915 4921 4941 
belgrade 4939 
believed 4915 
believes 4894 4917 4943 
bell 4958 4982 
ben 4894 
benefit 4946 
benefits 4979 
berger 4969 
bernard 4967 
bid 4943 4952 4964 
bidding 4970 
bids 4970 
biggest 4993 
biilion 4971 
bill 4903 4923 
billing 4978 
billion 4906 4915 4916 4921 4938 4946 4947 4948 4950 4951 4953 4962 4967 4969 4971 4979 4985 4987 
billions 4969 
bills 4938 4946 
binding 4933 
bipartisan 4903 
birth 4917 
blah 4904 4913 4924 4925 4928 4929 4949 4950 4959 4960 4961 4977 5000 
blister-pack 4917 
block 4940 
blockading 4953 
blow 4946 
bly 4943 
board 4896 4919 4923 4927 4933 4943 4948 4964 
boat 4983 
bodes 4944 
boesky 4919 
bond 4927 4944 
bondholders 4926 4942 
bonds 4938 4994 
bonus 4984 
booked 4938 4988 
boosts 4908 4986 
borrower 4915 
boston 4910 
bottomed 4988 
bought 4906 4908 
bounced 4969 
bourse 4919 
bpd 4983 
brace 4955 
branch 4919 
brazil 4916 4953 4969 4993 
brazilian 4916 4953 4969 4993 
brazilians 4969 
break 4936 4940 
breweries 4935 
britain 4933 4941 4995 
british 4995 
broadening 4984 
broader 4976 
brodersohn 4971 
broker 4902 
brokerage 4969 
brokers 4923 
broking 4902 
brothers 4969 4994 
brought 4953 4962 
brown 4912 
brusca 4944 
brussels 4915 4921 4975 
bryson 4908 
bt 4969 
budget 4940 4989 
buenos 4971 
buffer 4941 
build 4983 4986 
building 4967 4983 
builds 4906 
bulgaria 4898 
bull 4902 
bullet 4915 4921 
bullish 4943 
bureau 4946 
burnham 4919 4944 4968 4985 
business 4923 4943 4944 4958 4975 4978 4989 
businesses 4982 4989 
buy 4893 4955 4969 4976 4988 
buyback 4943 
buyer 4939 
buyers 4931 4939 4984 
buying 4965 4988 
buys 4955 
ca 4969 
caesars 4943 4959 4964 
cal 4969 
calendar 4898 4973 4993 
calhoun 4943 
calif 4963 4981 
calif. 4894 4899 4917 4948 
calif.-based 4963 4981 
call 4896 
called 4946 4957 
calling 4916 
calm 4953 
canada 4911 4920 4922 4929 4931 4935 4938 4951 4962 
canadian 4929 4938 
cancellable 4932 
capacities 4978 
capacity 4947 4962 4983 
capital 4916 4933 4951 4952 4995 4997 
car 4924 4931 4944 4979 4986 
card 4979 
cards 4917 
carey 4965 
carlos 4947 
carole 4969 
carrier 4958 4978 4982 
carries 4915 
carry 4933 
cars 4931 4973 4979 4986 
case 4908 4969 
cases 4936 
cash 4906 4910 4931 4938 4943 4969 
casino 4943 
casualty 4902 
cataclysm 4947 
category 4985 
caused 4989 
caw 4943 4964 
cboe 4896 
cbot 4927 
cbs 4955 
ccc-minus 4966 
ccc-plus 4966 
cce 4896 
cci 4969 
cds 4966 
ceasars 4943 
cease 4989 
cell 4963 4981 
cellular 4978 
cenergy 4908 
cent 4947 
center 4969 4989 
central 4947 4971 
centre 4975 
cents 4941 
certificates 4966 
cftc 4927 
chaired 4923 
chairman 4906 4941 4944 4946 4951 4967 
challenges 4908 
chance 4916 4940 4969 
change 4951 4969 
chantilly 4974 
charge 4893 4930 
charged 4946 
charger 4931 
charges 4984 
chartered 4938 
chem 4970 
chemical 4963 4968 4981 
chemicals 4953 
chemlawn 4970 
chequable 4938 
chestnut 4998 
chicago 4896 4905 4923 4927 4969 4991 
chief 4913 4916 4923 4927 4989 
china 4965 
chrsyler 4931 
chrysler 4931 4979 4986 
cinema 4998 
circulated 4988 
circulation 4938 
circumstances 4941 
cited 4933 4966 4997 
citicorp 4933 4969 
citing 4905 
city 4943 
civilian 4969 
class 4991 
claymont 4907 
clear 4941 
cleared 4903 4927 
clever 4902 
clients 4902 
climate 4940 
close 4939 4989 
closely 4923 
closes 4961 4989 
clubs 4893 
cme 4923 
co-insurance 4946 
co-managed 4912 4985 4994 
coal 4963 4981 
coast 4983 
coca-cola 4896 
cohn 4969 
cold 4897 
collateralized 4957 
colombia 4983 
colombian 4983 
colon 4983 
columbus 4970 
combine 4951 
combined 4940 4949 4966 
comecon 4898 
comment 4919 4923 
comments 4958 4982 
commerce 4923 4944 
commercial 4916 4946 4966 4969 4988 4989 
commission 4902 4908 4918 4919 4927 4937 4943 4948 4964 4968 4969 4992 
commissioned 4946 
commissions 4902 
commiting 4948 
commitment 4997 
commitments 4933 
committed 4939 4967 4988 
committee 4923 4971 
commmission 4906 4927 
commodity 4927 
common 4893 4895 4908 4910 4912 4918 4922 4926 4932 4937 4942 4984 4998 
communicate 4908 
communications 4958 4978 4982 4989 
community 4984 
company 4893 4894 4895 4906 4907 4908 4912 4919 4922 4926 4931 4932 4933 4942 4943 4948 4951 4952 4953 4957 4959 4962 4963 4964 4967 4970 4976 4978 4980 4981 4982 4989 4992 4994 4996 4997 
comparable 4932 4973 
compared 4894 4898 4899 4944 4987 4995 
compares 4989 
compelling 4979 
compete 4944 4946 4995 
competition 4902 4982 
competitive 4944 4946 4951 4982 4988 
competitiveness 4944 
competitor 4982 
complete 4971 
completed 4926 4942 4943 
completion 4983 
component 4944 
composites/bonding 4989 
comprising 4933 
computer 4895 4951 4978 4979 
concentrate 4902 
concentration 4902 
concern 4908 4944 
concerns 4941 4988 
conciliatory 4941 
concludes 4946 
conclusions 4919 
condition 4933 4943 
conditioned 4910 
conditions 4933 4943 
condom 4935 
conducted 4902 
conference 4916 4941 4947 4995 
confidence 4902 
confidential 4970 
confidentiality 4970 
confirmed 4902 
confrontation 4969 
congress 4940 4946 
congressional 4946 
conn. 4935 4952 
conn.-based 4982 
connection 4919 4983 
consecutive 4966 
conservation 4905 5000 
considerable 4953 4971 
consideration 4903 
considered 4902 
considers 4959 
constraints 4989 
construction 4983 
constructive 4927 
consultations 4941 
consumers 4917 4941 4965 
consuming 4941 
container 4906 
content 4944 
contents 4919 
continuation 4940 
continue 4944 4989 
continued 4953 
continuing 4906 4953 4966 4989 
contol 4917 
contraceptive 4917 
contraceptives 4917 
contract 4907 4927 
contracts 4896 4932 4944 
contrast 4944 
contributed 4944 4984 
control 4893 4908 4940 4944 
controlled 4943 4952 4973 
convenient 4916 
converted 4926 4942 
convertible 4895 4910 4912 4926 4942 4968 
convince 4988 
convinced 4944 
cordovez 4947 
core 4902 
corn 4905 4939 4988 
corn-u.s. 4939 
corona 4917 
corp. 4912 
corporate 4979 4985 4995 
corporation 4944 4946 4989 
cost 4983 4984 4986 
costs 4930 4967 4979 4992 
cote 4996 
council 4946 
counselor 4897 4939 4988 
countries 4898 4916 4941 4969 
country 4916 4927 4947 4953 4969 4971 4982 4983 4988 
counts 4948 
couple 4944 4969 
coupled 4897 
coupon 4895 4912 4932 4994 
court 4948 4958 4982 
cover 4986 
covering 4902 
credit 4914 4946 4966 4979 
creditor 4971 
creditors 4916 4947 
credits 4914 4947 
crg 4908 
crisis 4953 
critical 4951 
crop 4898 4905 4988 
crude 4947 4951 4953 4962 4983 
cst 4905 
cuba 4898 
cuban 4898 
culver 4975 
cumulative 4910 4980 
curbing 4923 
currency 4938 
current 4898 4914 4930 4940 4943 4944 4951 4969 4988 4989 
customers 4923 4935 4936 4967 4976 4992 
cut 4918 4926 4942 4951 4966 4969 4988 
cuts 4925 4937 4951 
cyacq 4933 
cycle 4896 
cyclops 4918 4933 
cyl 4918 4933 
cyrus 4969 
czarnikow 4898 
czechoslovakia 4898 
d-iowa 4923 
daily 4919 4938 
dallas 4901 4930 4966 4992 
damaged 4947 4983 
darius 4948 
data 4906 4933 4944 4951 4962 
dated 4939 
david 4944 4996 
day 4906 4941 4980 4983 
days 4899 4935 4936 4947 4953 4957 4969 4973 
de 4915 4953 4993 
dead 4940 
deal 4893 4912 4919 4921 4943 4953 4969 4994 4995 
dealer 4902 
dealers 4902 
dealing 4919 
dealings 4937 4969 
debentures 4895 4912 4926 4932 4942 4968 4994 
deberntures 4968 
debt 4895 4906 4912 4916 4926 4927 4932 4942 4944 4947 4949 4953 4966 4969 4971 4979 4997 
debtor 4916 
debtors 4916 
debts 4947 
dec 4972 
december 4898 4901 4906 4922 4930 4987 4993 
decide 4902 
decided 4908 4964 
decision 4902 4927 4969 4988 
decline 4916 4944 4965 
declined 4915 4916 4919 4921 4943 4962 4973 
declines 4944 4946 
declining 4944 4993 
decrease 4988 
default 4913 4916 
deficit 4940 
definition 4905 
degree 4944 
del. 4907 
delaware 4979 
delay 4919 
delayed 4919 4953 
delaying 4919 
delivered 4939 4989 
delivery 4965 4988 
demand 4897 4944 4965 4983 
dennis 4919 
dep't 4982 
department 4897 4944 4958 4982 4984 4988 
deposit 4938 
deposits 4938 4966 
depressed 4966 
deregulation 4902 
des 4990 
designated 4927 
designed 4983 
desoto 4990 
despatched 4953 
destocking 4898 
detailed 4908 4962 
details 4902 4915 4921 4980 
deteriorating 4916 
deterioration 4953 
determine 4978 
determined 4933 
detroit 4986 
develop 4951 
developed 4969 
developer 4893 
development 4916 4927 4951 4969 
di 4925 
died 4975 
dies 4975 
difference 4988 
difficult 4902 4971 
difficult-central 4971 
digging 4969 
dillon 4994 
diminish 4944 
dingell 4923 
diplomat 4986 
direct 4976 
director 4984 
directors 4923 
disadvantage 4946 
disagreement 4903 
disagreements 4903 
disbursement 4947 
disclosed 4976 
discontinued 4901 4930 4931 4974 
discount 4944 
discrimination 4984 
discuss 4995 
disparity 4944 
dispensed 4917 
dispose 4906 
distance 4958 4982 
distnce 4982 
distort 4969 
distress 4897 
distributed 4917 
distributing 4935 
district 4958 4982 
div 4900 4909 4990 4991 4998 
divergence 4971 
diversified 4969 
diversify 4997 
divestiture 4958 
divestitures 4963 4981 
dividend 4956 4990 4998 
dividends 4974 
division 4955 
dixons 4933 
dlr 4910 4914 4920 4930 4931 4943 4957 4964 4970 4971 4972 
documents 4919 
dodge 4931 4986 
dollar 4938 4944 4947 
dollars 4969 
domestic 4899 4951 4973 4983 
domingo 4947 
donald 4893 
donaldson 4943 
double 4894 
doubtful 4972 
downgrade 4997 
downgraded 4966 
downgrades 4949 4966 
downs 4969 
downside 4988 
downward 4941 
drafted 4946 
drake 4965 
dramatic 4979 
dramatically 4979 
draw 4919 
drexel 4919 4944 4968 4985 
drilling 4951 
drive 4969 
drop 4944 4988 
dropped 4902 4941 4944 4973 
drug 4917 
dry 4988 
dso 4990 
dual 4923 
dublin 4963 4981 
duck 4940 
due 4895 4906 4912 4932 4939 4946 4947 4968 4989 4994 
dutch 4915 4919 4987 
e. 4906 4951 
e.f. 4969 
earlier 4893 4898 4899 4905 4910 4922 4923 4939 4943 4946 4988 4989 
early 4899 4924 4973 
earn 4900 4901 4911 4914 4920 4922 4930 4934 4954 4956 4960 4972 4974 4990 4991 4998 4999 
earnings 4893 4894 4922 4951 4966 4969 4974 
earthquake 4947 4983 
eased 4953 
easier 4944 
easing 4897 
ec 4984 
economic 4916 4940 4944 4969 
economics 4987 
economist 4923 
economists 4944 
economy 4944 4969 
ecuador 4947 4983 
ecuadorean 4983 
edelman 4937 
edged 4902 
educational 4955 
eep 4984 
effected 4901 
effective 4906 4931 4951 
effectively 4946 
efficient 4906 4951 
effort 4964 
efforts 4982 
elaborate 4943 
electric 4945 4992 
electricity 4992 
electronic 4944 
electronics 4933 4989 4991 
eliminate 4916 4984 
emanuel 4947 
emphasis 4951 
emphasize 4989 
employ 4953 
employees 4907 4953 
encountered 4902 
encouraging 4944 
end 4898 4905 4906 4953 4962 4969 4971 
end-january 4993 
ended 4938 4985 
endorsed 4946 
ends 4894 
energy 4920 4923 4944 4966 4983 
engineers 4989 
english 4935 
enhance 4951 
enhancement 4984 
enrolled 5000 
enrollment 4905 
enter 4982 
entered 4978 
enterprises 4896 4978 
entry 4982 
environment 4982 
envisaged 4916 
equal 4995 
equip 4967 
equipment 4944 4967 4982 
equity 4902 4919 
equivalent 4906 
es 4895 
escc 4895 
espinosa 4983 
essex 4968 
est 4970 
establish 4946 
established 4946 
establishing 4946 
estate 4893 4946 4966 
estimate 4988 
estimated 4898 4926 4942 4946 
estimates 4916 4939 4969 4983 
esx 4968 
euro-clear 4975 
europe 4915 4921 4935 4951 4962 
european 4926 4942 4969 4984 
evaluating 4978 
evans 4895 
evans/southerland 4895 
evening 4919 
eventual 4916 
eventually 4913 
examine 4997 
examined 4923 
exception 4970 
exchange 4893 4896 4902 4906 4908 4918 4919 4923 4927 4937 4943 4948 4953 4964 4968 4969 
exclude 4974 
excluded 4946 
excludes 4914 4930 4974 
exec 4948 
executive 4927 
exercise 4896 
existing 4906 4997 
exists 4988 
expanding 4946 
expect 4944 
expectation 4969 
expectations 4944 
expected 4897 4902 4905 4944 
expects 4922 4943 4966 4969 4979 4989 
expedited 4936 
expenditures 4951 
expenses 4893 
expiration 4896 
expire 4944 
expires 4907 4910 4933 4984 
explained 4951 
explicit 4947 
exploration 4951 
explore 4943 4951 4964 
export 4898 4984 4988 
exporters 4984 
exporting 4939 
exports 4898 4939 4947 4953 4984 4987 4988 
exposure 4969 
extend 4907 
extended 4898 4910 4969 
extends 4977 
extent 4941 
extraordainry 4934 
extraordinary 4914 
extricate 4953 
f0005 4945 
f0009 4946 
f0015 4947 
f0022 4948 
f0024 4949 
f0028 4950 
f0035 4951 
f0042 4952 
f0048 4953 
f0054 4954 
f0055 4955 
f0056 4956 
f0061 4957 
f0062 4958 
f0063 4959 
f0067 4960 
f0068 4961 
f0069 4962 
f0070 4963 
f0071 4964 
f0080 4965 
f0083 4966 
f0086 4967 
f0088 4968 
f0090 4969 
f0092 4970 
f0098 4971 
f0102 4972 
f0103 4973 
f0104 4974 
f0107 4975 
f0108 4976 
f0112 4977 
f0114 4978 
f0117 4979 
f0120 4980 
f0128 4981 
f0130 4982 
f0136 4983 
f0139 4984 
f0146 4985 
f0150 4986 
f0154 4987 
f0155 4988 
f0181 4989 
f0182 4990 
f0183 4991 
f0186 4992 
f0188 4993 
f0192 4994 
f0193 4995 
f0198 4996 
f0200 4997 
f0203 4998 
f0209 4999 
f0214 5000 
f0730 4894 
f0733 4895 
f0734 4896 
f0735 4897 
f0743 4898 
f0754 4899 
f0755 4900 
f0757 4901 
f0762 4902 
f0766 4903 
f0776 4904 
f0783 4905 
f0806 4906 
f0815 4907 
f0817 4908 
f0818 4909 
f0822 4910 
f0824 4911 
f0825 4912 
f0826 4913 
f0828 4914 
f0833 4915 
f0840 4916 
f0841 4917 
f0842 4918 
f0846 4919 
f0849 4920 
f0852 4921 
f0856 4922 
f0857 4923 
f0880 4924 
f0881 4925 
f0883 4926 
f0891 4927 
f0905 4928 
f0909 4929 
f0921 4930 
f0923 4931 
f0924 4932 
f0926 4933 
f0927 4934 
f0929 4935 
f0934 4936 
f0938 4937 
f0941 4938 
f0952 4939 
f0955 4940 
f0958 4941 
f0965 4942 
f0982 4943 
f0996 4944 
faces 4948 
facility 4962 4986 
fact 4969 
factors 4944 4988 
failed 4948 
failure 4940 
fair 4982 
fairchild 4960 4961 4974 4989 
faith 4940 
fall 4926 4942 4946 4951 
falsifying 4923 
fama 4966 
farm 4944 4946 4984 
farmers 4905 4946 4953 
farmingdale 4989 
farmland 4946 
fashion 4902 
fast 4936 
fauber 4967 
favorable 4940 
fca 4946 
fda 4917 
fe 4948 
feasibility 4978 
features 4915 
february 4893 4896 4897 4917 4918 4923 4944 4953 
fed 4897 4944 
federal 4944 4946 4948 
federation 4946 
feed 4897 
feel 4903 4988 
fees 4946 
fell 4898 4938 4944 4962 4973 4987 
felt 4903 
fen 4974 4989 
fewer 4953 
fiddling 4969 
fight 4943 
figure 4987 
figures 4898 4901 4993 
file 4943 
filed 4958 4968 4969 4982 4992 
filing 4908 4918 4937 4964 
final 4898 
finally 4944 4988 
finance 4947 4995 
financial 4894 4911 4915 4921 4922 4927 4932 4933 4943 4944 4946 4969 4970 4979 4995 4997 
financially-troubled 4946 
financing 4931 4933 4979 4985 
find 4944 4957 
fine 4948 
firm 4919 
firms 4902 4918 4995 
fiscal 4894 4901 
fit 4906 4951 
fitzwater 4903 
five-year 4915 
fixed 4902 4938 
fixed-term 4938 
fixtures 4967 
fla. 4978 4999 
flat 4915 4921 4987 
flexibility 4906 4979 
floor 4923 4941 
flowing 4936 
flumar 4953 
flying 4940 
fnb 4969 
focus 4997 
focusing 4963 4981 
follow 4941 4944 
food 4917 
force 4989 
forced 4947 4989 
forecast 4922 
foreign 4927 4938 4939 4944 4947 4951 4953 4971 
foreshadowing 4916 
form 4943 4969 
formed 4910 4943 
forming 4943 
forward 4916 4989 
fourth 4898 4922 4974 4989 5000 
fractions 4969 
franc 4926 4942 
france 4973 
frank 4946 
frankfurt 4975 
franklin 4894 
fraud 4948 
freddie 4946 
frederick 4969 
free 4958 
freely 4995 
friday 4953 
friendly 4943 4952 
front 4944 
frontier 4951 
ft. 4999 
ftc 4999 
fuel 4992 
fujitsu 4982 
fulfill 4989 
full 4922 4969 
fully 4987 
fund 4969 4980 4994 
fundamental 4969 
funding 4979 4989 
funds 4957 
fury 4986 
future 4902 4943 4969 4997 
futures 4905 4923 4927 4988 
g.d. 4917 
gain 4934 4944 4974 
gained 4944 
gaining 4944 4946 
gains 4944 4946 4962 4984 
game 4935 4968 
gaming 4943 
gao 4984 
gardena 4899 
gas 4908 4930 4936 4951 4962 4963 4981 
gasunie 4921 
gates 4952 
gcn 4998 
general 4938 4975 4979 4984 4998 
generally 4903 4943 
generates 4947 
genetics 4963 4981 
geneva 4941 
geography 4993 
germany 4941 4982 
gilt 4902 4927 
gilts 4902 4927 
give 4898 4915 4921 4933 4951 4970 
giving 4898 4902 
glj 4952 
global 4953 4984 
gm 4979 
gng 4943 
gnma 4946 
gnp 4944 
gold 4926 4942 
golden 4943 
good 4897 4898 4903 4943 4965 4988 
goods 4944 4967 
gordon 4969 
government 4927 4938 4944 4946 4947 4953 4969 4982 4983 4988 
governments 4947 
grain 4897 4905 4939 4988 
grains 4988 
gramm-rudman-hollings 4940 
gran 4986 
graphics 4954 
great 4902 
greater 4902 4951 4988 
greatest 4951 4969 
greenwell 4902 
greets 4927 
greg 4943 4946 
group 4918 4933 4937 4940 4941 4969 
grow 4916 4979 
growing 4969 
growth 4913 4916 4944 4971 4979 4989 4993 
gte 4982 
gts 4972 
gtsc 4972 
guarantee 4946 
guaranteed 4946 4988 
guarantor 4946 
guaranty 4975 
guess 4943 
guilders 4987 
guilty 4948 
gynex 4917 
gyohten 4995 
h.k 4980 
hague 4987 
hailed 4953 
half 4914 4930 4944 4969 
halted 4980 
hambrecht 4895 
hand 4943 
handelsblad 4919 
hanover 4969 
happen 4940 4969 4995 
happened 4916 
harcourt 4955 
harris 4970 
harsh 4897 
harshness 4897 
hays 4944 
hbj 4955 
head 4919 4971 
headquarters 4953 
health-mor 4956 
healthy 4897 
hearing 4946 
heart 4975 
heavier 4939 
heavy 4897 4939 4989 
heels 4969 
held 4893 4908 4953 
helmerich 4900 
helmuth 4923 
helped 4944 
herds 4897 
high 4906 4932 4953 4966 
high-quality 4946 
higher 4899 4922 4939 4943 4944 4986 
highly 4969 
hike 4940 
hill 4957 4998 
hints 4944 
hmi 4956 
hoc 4901 4930 
hold 4947 
holding 4941 4970 
holdings 4911 4922 4926 4942 4943 
holds 4957 4982 
hollister 4963 4981 
holly 4901 4930 
holt 4955 
home 4946 4978 4997 
honda 4899 
hope 4947 
hoping 4988 
hotel/casino 4943 
hour 4969 
house 4898 4903 4917 4923 4940 4946 
houston 4936 4966 4972 
howard 4995 
hp 4900 
hsn 4997 
hundreds 4953 
hurricane 4898 
hutton 4969 
iadb 4913 4916 
idea 4946 
ideal 4944 
igam 4968 
ill 4944 
ill. 4955 4956 4990 
illegal 4953 
immediately 4989 
immensely 4902 
impact 4897 4902 4905 4944 
impending 4988 
implied 4966 
import 4944 
important 4916 4979 
imported 4944 
imports 4897 4987 
improve 4902 4951 
improves 4906 
inadequate 4943 4970 
inc. 4944 
include 4934 4943 4951 4964 4984 4997 
included 4946 4979 
includes 4901 4914 4930 4972 
including 4935 4967 
income 4894 4969 
increase 4905 4922 4928 4933 4940 4944 4946 4951 4953 4962 4972 4979 4984 4986 
increased 4933 4939 4962 4979 4984 4985 4994 
increases 4900 4917 
increasing 4944 4967 4979 4988 4997 
incurred 4906 
independent 4982 4989 
index 4923 4944 
indicating 4897 4969 
indication 4898 
indicative 4941 
individual 4943 
indonesia 4951 4962 
industrial 4944 4953 4985 4989 4993 
industries 4944 4960 4961 4974 4989 
industry 4946 4953 4976 4988 
infg 4954 
infinite 4954 
inflation 4944 
inflow 4916 
information 4908 4933 4943 4948 4970 4976 
informed 4970 
initial 4896 
initially 4935 
inquiries 4919 4935 
inra 4941 
insider 4919 4948 
insistence 4941 
install 4978 
installations 4953 4983 
installing 4978 
institute 4963 4981 4993 
institution 4915 4921 4966 
institutional 4902 
insufficient 4916 
insurance 4907 4946 
insurers 4946 
intends 4952 4970 4997 
intensify 4902 
intensity 4902 
inter-american 4916 
interconnect 4952 
interest 4906 4915 4916 4921 4925 4938 4944 4946 4953 4969 4988 
interested 4943 
interexchange 4982 
interim 4936 
internally 4969 
international 4898 4904 4910 4927 4941 4944 4948 4957 4968 4969 4977 4995 4996 
interruptible 4936 
interstate 4969 
inteview 4988 
introduced 4936 4946 
inventories 4944 
inventory 4967 
investeringsbank 4915 
investigate 4964 
investigation 4919 
investment 4915 4918 4944 4979 
investor 4933 4937 4943 4964 
investors 4933 4946 4969 4997 
involved 4943 4969 
involving 4948 
ipi 4944 4993 
ireland 4908 
irish 4908 
island 4989 
iso 4898 
issue 4895 4912 4922 4946 4969 4989 4994 4995 4997 
issued 4946 4951 4979 
issuers 4979 
issues 4966 
issuing 4927 4979 
italy 4963 4981 
ivan 4919 
j. 4969 
j.p 4975 
j.p. 4969 
jan 4901 4914 4930 4954 
janeiro 4953 4993 
janney 4943 
january 4897 4898 4944 4947 4957 4987 4993 4995 
japan 4982 4995 
japanese 4915 4921 4927 4995 
javier 4983 
jeep 4973 
jenkins 4927 
jenrette 4943 
jeopardize 4940 
jim 4940 
job 4902 
jobbing 4902 
john 4923 4951 4969 4989 
joint 4982 4995 
jose 4953 4971 
jovanovich 4955 
jpm 4969 4975 
juan 4934 
judge 4948 
julio 4947 
july 4944 
july-september 4939 
june 4900 4907 4939 4948 4988 
jungle 4983 
justice 4958 4982 
justified 4902 
kathleen 4944 
keaton 4948 
kenosha 4986 
kerkorian 4943 
key 4927 4946 
kilo 4941 
kirk 4943 
kirkorian 4943 
km 4967 4983 
knapp 4948 
knight 4943 
ko 4896 
kuwait 4948 
l. 4996 
l63 4953 
labeling 4917 
labor 4907 
laboratory 4972 
labour 4953 
lack 4965 4989 
lago 4983 
lambert 4919 4944 4968 4985 
land 4934 4967 
large 4898 4935 4944 4965 4986 
largest 4944 4946 4982 
late 4952 4969 
latest 4944 4965 
latin 4913 4916 4969 
lauderdale 4999 
law 4940 
lawrence 4969 
lead 4912 4966 4985 4994 
leaders 4953 
leading 4919 4946 
leaner 4951 
learjet 4952 
leases 4979 
leave 4953 
leaves 4971 
led 4918 4937 
legal 4908 
legislation 4903 4923 4946 
lehman 4944 4969 4994 
lender 4946 4957 
lenders 4915 4921 4946 
lending 4916 4946 
leslie 4944 
letter 4966 
letters 4966 
level 4893 4898 4943 4951 4962 4987 
levels 4897 4944 4969 
leverage 4979 4997 
levine 4919 
licences 4995 
life 4914 4946 
liffe 4927 
light 4944 
likelihood 4917 
limited 4943 
limits 4896 
line 4963 4981 4986 4993 4997 
lines 4944 4995 
link 4983 
liquid 4938 4962 
liquidity 4946 4979 
liquids 4962 
liquified 4962 
listing 4896 
lists 4969 
livestock 4897 
lks 4937 
lmed 4912 
load 4926 4942 
loadmaster 4996 
loan 4915 4921 4946 4952 4969 4971 4979 
loan-loss 4966 
loans 4938 4946 4947 4966 4969 4979 
local 4907 
located 4927 
locations 4935 
lombard 4956 
london 4898 4902 4919 4927 4965 4995 
london-based 4995 
long 4902 4906 4915 4916 4921 4926 4927 4928 4937 4942 4946 4947 4951 4958 4982 4989 
lord 4951 
los 4943 4963 4981 
losing 4902 4953 
loss 4901 4914 4920 4930 4954 4960 4972 4974 4989 
losses 4902 4946 4966 4989 
lost 4946 
lots 4917 
louis 4986 
low 4944 4965 
lower 4898 4906 4941 4944 4951 4962 4965 4969 4971 4979 4987 4988 4992 
lowered 4918 4937 4966 
lowering 4944 
lowest 4898 
lows 4969 
lsmif 4996 
lucas 4978 
lucky 4902 4937 
lufkin 4943 
luis 4971 
luxury 4986 
lynch 4969 
lyng 4988 
lyphomed 4912 
m-1 4929 4938 
m-1-a 4938 
m-2 4938 
m-3 4938 
m. 4967 
mac 4946 
machinea 4971 
machinery 4993 
machines 4935 
made 4902 4906 4908 4933 4944 4958 4986 4988 4992 4995 
mail 4976 
main 4941 4946 4953 4979 4983 
maine 4909 
maintain 4944 
maitland 4978 
major 4898 4902 4916 4938 4946 4951 4978 4988 
majority 4910 4953 
make 4933 4969 4970 4988 4992 
maker 4902 4933 
makers 4982 
makes 4941 4988 
making 4902 4935 4984 
malaysian/singapore 4941 
managed 4985 
management 4951 4970 
manager 4895 4912 4975 4994 
manaspas 4941 
mandatory 4932 
manhattan 4948 
mankowski 4969 
manson 4943 
manufacture 4962 
manufactured 4917 4944 
manufacturers 4944 4969 4982 
manufacturing 4943 4944 
maria 4944 
marines 4953 
mario 4971 
mark 4943 4996 
market 4896 4902 4923 4932 4943 4946 4965 4979 4982 4985 4988 4995 
marketable 4906 
marketing 4936 4939 
markets 4902 4916 4927 4944 4946 4978 4984 4985 4988 4995 
marlin 4903 
mart 4950 4967 
martin 4943 4964 
marvin 4943 
mason 4969 
mass. 4976 4998 
master 4943 
mateo 4894 
material 4969 
maturities 4969 
mbank 4966 
mccune 4946 
mckinnon 4968 
mcorp 4966 
mct 4917 
mdbl.l 4902 
means 4951 
meant 4898 
measures 4969 
mediator 4953 
medical 4907 
meet 4940 4946 4953 4957 4969 4976 4983 
meeting 4916 4941 4946 4964 4975 
meets 4941 
meinke 4969 
melnikov 4988 
member 4948 
members 4923 4940 
membership 4919 
mena 4916 
mendelowitz 4984 
mention 4940 
mepsi 4951 
mercantile 4923 
merger 4910 4933 
merging 4902 
merrill 4969 
methb 4991 
method 4946 
methode 4991 
mhc 4969 
mich. 4967 4973 
michael 4927 4995 
midday 4969 
midland 4902 
midnight 4933 
milan 4963 4981 
mile 4983 
military 4969 
mill 4907 
million 4944 
mindscape 4955 
mindscsape 4955 
mine 4926 4942 
minimal 4905 
minimum 4988 
mining 4926 4942 
minister 4947 4953 4995 
ministry 4983 4987 
minivan 4986 
minivans 4986 
minn. 4954 
minneapolis 4954 
minsitry 4983 
minus 4938 
missing 4917 
mitigating 4979 
mitsubishi 4915 4921 
mnust 4970 
mob 4906 4951 4962 
mobil 4906 4951 4962 
modeled 4946 
models 4931 4986 
moderating 4944 
modestly 4987 
moment 4995 
monetary 4944 4969 
money 4902 4929 4938 4944 4946 4969 
money-supply 4929 4938 
monsanto 4917 
montagu 4902 
montedision 4963 4981 
monterey 4948 
montgomery 4912 4943 
month 4893 4898 4919 4926 4942 4943 4986 4993 
month-to-month 4944 
monthly 4939 4944 
months 4901 4902 4919 4934 4944 4947 4969 4983 4993 
moody 4994 4997 
moratorium 4916 4969 
morgan 4944 4969 4975 
mortgage 4946 
mortgage-backed 4946 
mortgages 4946 
moscow 4897 4988 
motivations 4979 4988 
motor 4899 4979 
motors 4924 4973 4979 4986 
mounting 4966 
move 4902 4916 4927 4941 4944 4966 4989 
moved 4906 4986 
moving 4986 
mths 4901 4954 
mts 4943 
mulls 4964 
multilateral 4916 4947 
murray 4906 4951 
mutual 4918 
n't 4916 4969 
n. 4948 
n.j. 4943 
n.y. 4989 
nabisco 4994 
names 4996 
narrowly-defined 4938 
nat-gas 4951 4962 
national 4946 4953 4978 
nationale 4915 
nations 4916 
nationwide 4917 
natural 4930 4936 4941 4962 
nature 4919 
naylor 4946 
necessitate 4944 
nederlandse 4921 
needed 4916 4944 4953 4957 4978 
negative 4905 
negotiable 4971 
negotiate 4916 4953 
negotiations 4916 4947 4969 4971 4995 
neil 4923 
net 4894 4901 4911 4914 4920 4930 4934 4938 4954 4962 4972 4974 4989 4999 
netherlands 4915 4919 4921 4987 
netted 4948 
network 4976 4997 
nevada 4935 
newington 4935 
news 4947 4969 
newspaper 4897 
newspapers 4953 
night 4923 4947 4983 
nikkei 4995 
nikko 4944 
nissan 4979 
non-accruing 4969 
non-callable 4895 4912 
non-performing 4966 4969 
non-personal 4938 
non-public 4933 4948 
non-refundable 4994 
non-subsidizing 4984 
non-wireline 4978 
nonetheless 4944 
normal 4897 4939 
northbrook 4955 
northern 4908 
note 4901 4914 4920 4930 4957 4972 4974 
note:1987 4934 
noted 4944 4966 4969 4979 4988 4997 
notes 4938 4968 4997 
notice 4938 
november 4898 4919 
nrc 4919 
nsan 4979 
nugget 4943 
number 4917 4935 4941 4944 4986 4988 
numbers 4969 
numerous 4988 
nv 4915 4921 4966 
nyse 4980 
obligations 4989 
obstacle 4927 
obtain 4947 
occasional 4902 
occidental 4936 
occupied 4953 
occurred 4969 4982 
ocean 4983 
october 4902 4939 4962 4965 4993 
october/december 4965 
off-the-run 4994 
offer 4907 4910 4931 4933 4943 4952 4958 4970 4982 4988 
offered 4923 4952 
offering 4895 4912 4932 4943 4968 
offerings 4968 
offers 4951 
office 4919 4978 4984 
officer 4989 
official 4919 4925 4939 4967 4975 4983 4987 4988 
officials 4946 4947 4983 4988 
offtake 4965 
ohio 4970 
oil 4906 4908 4930 4947 4951 4953 4962 4963 4981 4983 
oilfields 4983 
okla 4900 
onstream 4962 
opened 4916 
oper 4914 4930 4960 4974 
operates 4935 
operating 4989 
operation 4902 4962 4989 
operations 4901 4902 4906 4926 4930 4942 4943 4951 4963 4974 4975 4981 4989 
opinion 4969 
opportunities 4906 4982 
opposes 4958 
opposition 4940 
option 4994 
options 4896 4923 4943 
oral 4917 
order 4916 4917 4986 
orderly 4902 
ore 4926 4942 
organisations 4947 
organization 4898 4951 
organizations 4946 
original 4933 
ortiz 4916 
ottawa 4938 
ounces 4926 4942 
outcome 4969 
outflows 4916 
outline 4995 
outlook 4943 4944 4951 
output 4897 4944 4993 
outright 4923 
outsanding 4910 
outstanding 4910 4918 4922 4933 4937 4938 4957 4966 
outstripping 4944 
over-the-counter 4932 
overseas 4944 4951 
oversees 4982 
overwintering 4897 
owe 4969 
owed 4947 
owes 4969 
owned 4931 
owns 4952 4982 
oxy 4936 
pacakges 4917 
pace 4902 
pacific 4983 
package 4917 4946 
packaged 4917 
packages 4917 4978 
pact 4941 
pacts 4933 
pad 4926 4942 
paging 4978 
paid 4969 
pain 4902 
painewebber 4968 
panic 4916 
paolo 4925 
paper 4966 
par 4895 4912 
paralysed 4983 
parana 4953 
parent 4958 
part 4989 
partial 4901 4969 
participate 4970 
particulary 4965 
parties 4970 
partnership 4943 
passenger 4944 
past 4902 4906 4946 4951 4986 4989 
pat 4944 
pattern 4969 
paul 4944 4989 
paulo 4953 
pay 4909 4953 4956 4969 4990 4991 4998 
payable 4900 
paying 4906 4969 
payment 4957 4969 
payments 4906 4947 4953 
payne 4900 
payout 4991 
pazzionotto 4953 
pe 4945 
peaked 4955 
pegasus 4926 4942 
pending 4919 
penn. 4907 
percentage 4969 
performance 4979 
period 4897 4902 4919 4973 4985 4988 
periods 4930 4972 
permission 4919 
permit 4906 
permits 4944 
personal 4938 
peter 4975 
petered 4902 
petition 4923 
petrobras 4953 
petroleum 4936 4948 
pfd 4974 
pgulf 4926 
pharmaceutical 4917 
pharmaceuticals 4993 
phase 4926 4942 
philadelphia 4945 
phk 4980 
phk-pr 4980 
phoenix 4907 
phoenixville 4907 
picking 4944 
pills 4917 
pipeline 4936 4947 4983 
pit 4923 
pittsburgh 4933 4980 
place 4935 4944 4967 
plaines 4990 
plan 4916 4923 4931 4936 4946 4963 4981 4997 
planned 4907 4995 
plans 4906 
plant 4961 4963 4981 4986 4989 
player 4946 
players 4902 
plays 4951 
plc 4902 4908 4933 
pleaded 4948 
pledge 4940 
plymouth 4931 4986 
point 4932 4944 4967 4988 
point/bank 4969 
pointed 4916 4944 4979 
points 4932 4946 4965 4994 
poised 4969 
poland 4898 
policy 4944 4963 4981 4982 4984 
political 4988 
politicking 4969 
poolers 4946 
pools 4946 
poor 4895 4905 4912 4923 4966 4979 4994 
port 4983 
portend 4944 
porter 4980 
portion 4997 
portland 4909 
ports 4953 
position 4896 4906 4951 
positive 4946 4969 
positively 4944 
possibilities 4951 
possibility 4944 
possibly 4897 4927 
post-big 4902 
postpone 4947 
posturing 4969 
potential 4935 4943 4951 4970 4988 
powell 4953 
power 4910 4931 
ppi 4944 
pr 4980 
pre-negotiation 4969 
predicted 4916 4923 4967 
preferable 4916 
preference 4910 4980 
preferred 4910 4945 4949 4966 4980 4989 
prefers 4952 
pregancy 4917 
premature 4969 
premium 4895 4912 4965 
prepared 4902 
present 4941 4951 4965 4969 
presented 4923 
preserve 4982 
presidency 4940 
president 4916 4928 4940 4941 4947 4953 4971 4975 4989 4996 
press 4916 4919 4933 
pressure 4966 4984 
pressures 4944 
pretax 4930 
prevent 4923 
preventing 4947 
previous 4906 4951 4962 
previously 4908 4910 4944 4990 
price 4893 4895 4912 4941 4943 4944 4986 4988 
priced 4932 4994 
prices 4896 4905 4937 4944 4963 4965 4981 4986 4988 
pricing 4895 4912 
primary 4902 
prime 4915 4921 4925 
principle 4976 
prior 4909 4914 4930 4991 4998 
prison 4948 
private 4946 4947 4953 4971 4985 
problem 4916 4941 4966 4989 
problems 4966 4969 4988 
proceed 4927 
proceeds 4997 
process 4916 4919 4970 4978 
processing 4919 4926 4936 4942 
procurement 4897 
procurements 4897 
produce 4935 
produced 4944 4986 
producer 4944 
producers 4941 4944 
producing 4944 4951 
product 4897 4917 4997 
production 4898 4905 4926 4942 4944 4951 4962 4983 4986 4989 4993 
products 4944 4983 
profit 4893 4901 4914 4920 4922 4930 4948 4954 4974 4989 
profitability 4902 4966 
profits 4902 
program 4905 4906 4931 4961 4969 4984 4989 5000 
programs 4989 
progress 4982 4995 
progressing 4903 
prohibited 4958 
projected 4947 4979 
projections 4933 
promise 4940 
promising 4951 
promissory 4957 
promote 4982 
prompt 4965 
prompted 4988 4989 
properties 4943 
property 4920 4943 
proponents 4946 
proposal 4923 4958 4982 
proposals 4958 4970 4982 
proposed 4968 
prospects 4943 4988 
protectionist 4995 
protest 4953 
protests 4953 
protoype 4989 
proved 4962 
proven 4962 
provide 4923 4933 4978 4980 4988 
provided 4946 
providing 4902 4946 4958 4989 
provision 4974 
provisions 4933 4966 4989 
public 4985 4992 
published 4919 
pubs 4935 
puerto 4983 
pull 4902 
pulled 4902 
pulls 4902 
pumped 4983 
pumping 4983 
purchase 4932 4948 4952 4976 
purchased 4955 4988 
purchasers 4970 
purchasing 4939 
purely 4919 
push 4916 
put 4896 4906 4944 4946 4969 4989 
qtly 4900 4909 4956 4990 4991 4998 
qtr 4901 4911 4914 4930 4934 4954 4960 4972 4974 4989 
qualify 4946 
quality 4966 
quarter 4893 4898 4914 4922 4944 4969 4989 
quarterly 4896 4909 4969 
quarters 4969 
quasi-government 4946 
queried 4969 
question 4897 4941 4969 
quist 4895 
quito 4947 4983 
quoted 4919 
quoting 4919 4987 
r-michigan 4923 
racing 4934 
raise 4995 
raised 4908 4915 4940 
raises 4915 4943 
raising 4895 4912 4932 4944 4994 
rallies 4953 
rally 4969 
ram 4931 
ramirez 4944 
range 4906 4976 
ranging 4937 
ranks 4985 
rate 4915 4916 4921 4925 4928 4940 4944 4946 4992 4993 4995 
rated 4895 4912 4994 
rates 4902 4906 4916 4939 4944 4946 4953 4969 
rating 4966 4979 4997 
ratings 4966 
raw 4898 4965 
raws 4965 
re-classification 4969 
reach 4893 4907 4939 
reached 4976 4978 4995 
reaching 4983 
react 4944 
read 4994 
ready 4951 4995 
reagan 4928 4940 
real 4893 4944 4946 4966 4969 
reality 4947 
realized 4906 4979 
rear-wheel-drive 4986 
reason 4944 4946 4969 4984 
rebate 4931 
rebates 4931 
recall 4917 
recalling 4917 
recapitalization 4930 
receding 4953 
receive 4910 4936 4970 
received 4898 4935 
recent 4897 4902 4947 4984 4988 
recently 4897 4898 4946 4968 4969 4988 
recommendations 4969 4982 
recommended 4923 
reconstruction 4947 
record 4900 4909 4923 4944 4956 4990 4991 
recorded 4987 
recrod 4998 
redeem 4945 4980 
redeemable 4932 
redeeming 4945 
redemption 4980 
reduce 4906 
reduced 4902 4966 4969 
reduces 4926 4942 
reduction 4906 4940 
reference 4947 
refering 4947 
referring 4947 4969 
refineries 4953 
refining 4983 
reflect 4901 4944 
reflecting 4944 
reflection 4965 
reform 4940 
refund 4992 
region 4916 
regional 4958 4982 
register 4967 
registration 4906 
regular 4990 4991 
regulates 4946 
regulation 4927 4982 4995 
regulators 4969 
regulatory 4927 
reinforced 4944 
rejected 4907 4923 4933 4943 4970 
rejecting 4964 
rejection 4943 
rejects 4982 
related 4893 
relative 4969 
release 4933 
released 4946 
reliant 4931 
remain 4941 4966 4986 
remainder 4966 
remained 4953 
remaining 4893 4989 
remains 4933 4941 4944 4966 
remarks 4906 
remove 4927 
renault 4973 
renewed 4944 4965 
reorganization 4951 
rep. 4923 
repaid 4916 
repair 4983 
repay 4957 
repayment 4969 
replace 4989 
replaced 4962 
replay 4969 
replying 4919 
report 4897 4902 4906 4919 4937 4939 4948 4951 4962 4965 
reported 4894 4897 4922 4939 4944 4969 4988 4989 
reporters 4903 
reporting 4922 
reports 4944 4953 4985 5000 
representatives 4946 
representing 4895 4907 4910 4912 4985 
represents 4926 4942 
reprogramming 4947 
republic 4989 
republicbank 4979 
repurchase 4997 
repurchases 4977 
request 4908 4919 4933 4953 4958 
requested 4953 
requests 4936 
require 4902 4932 
required 4937 
requires 4893 
resale 4946 
rescheduling 4969 
rescind 4933 
rescue 4946 
research 4902 4963 4981 
reservations 4941 
reserve 4905 4944 4972 5000 
reserves 4951 4962 
resevoir 4951 
residents 4938 
resolved 4969 
resources 4894 4902 4916 4944 4963 4981 
response 4969 
restrict 4923 
restrictions 4958 
restructure 4906 4943 4951 
restructuring 4943 4951 4959 4964 4989 
result 4893 4906 4943 4993 
resulted 4962 
resulting 4979 
results 4906 4974 4985 
resume 4983 
retail 4967 
retailer 4933 
retain 4989 
retire 4994 
retreat 4902 
returning 4944 
reublic 4989 
rev 4974 
revenues 4893 4894 4947 
reverse 4916 4974 
review 4997 
reviewed 4969 
revised 4941 4988 
revive 4944 
revs 4901 4911 4914 4920 4930 4934 4972 4999 
richard 4988 
richfield 4963 4981 
rinehart 4955 
rio 4953 4993 
rise 4897 4906 4922 4944 4988 
rises 4929 4938 4941 4993 
rising 4944 4966 4993 
risk 4946 4997 
riskier 4951 
risks 4979 
risky 4969 
river 4939 
rjr 4994 
roach 4944 
robert 4944 4969 
rockwell 4977 
roffman 4943 
roll 4986 
romania 4898 
room 4983 
rose 4899 4922 4938 4944 4973 
roughly 4944 4979 
round 4984 
rpt 4979 
rubber 4941 
ruled 4953 4988 
rules 4995 
rumors 4988 
run 4902 4916 
ruptured 4983 
rural 4946 
ryan 4932 
s/p 4949 4966 4979 
sa 4915 4921 
sale 4906 4934 4943 4959 4964 4967 4970 
sales 4899 4924 4931 4939 4944 4950 4954 4955 4967 4973 4979 
san 4894 4925 4934 
sanford 4989 
santa 4948 
sao 4953 
sarney 4953 
satellite 4978 
satisfied 4933 
satisfying 4933 
savings 4938 
scanning 4967 
scare 4969 
schedule 4926 4942 4947 
scheduled 4905 4940 
scheme 4948 
schemes 4940 
scott 4943 
seamen 4953 
seamless 4907 
searle 4917 
sec 4919 4927 4968 
secondary 4946 
secretary 4971 4988 
sector 4897 4944 4946 4951 4953 4971 
secure 4979 
secured 4953 4979 
securities 4902 4906 4908 4912 4918 4919 4927 4937 4938 4943 4944 4946 4948 4964 4966 4968 4969 4979 4995 
sedan 4986 
seed 4963 4981 
seek 4943 
seeking 4893 4908 4923 4941 4947 
seeks 4952 4970 4992 
sees 4922 4950 4967 4969 4979 
seismic 4972 
seize 4906 
selective 4951 
sell 4946 4967 4988 4989 
selling 4944 4973 4988 
selloff 4943 
sells 4895 4912 4932 4963 4981 4994 
senate 4946 4984 
senior 4966 4968 4975 4984 4997 
sentenced 4948 
separate 4941 
september 4894 4948 
sequence 4917 
serves 4967 
service 4902 4936 4946 4947 4969 4997 
services 4894 4951 4958 4978 4982 4997 
sessions 4907 
set 4895 4896 4912 4940 4941 4946 4969 4982 4989 4990 
set-aside 4905 
sets 4909 4931 4956 
settlement 4989 
severely 4966 
shape 4897 
shape-u.s. 4897 
share 4893 4895 4901 4910 4912 4922 4930 4932 4933 4937 4939 4943 4945 4946 4952 4964 4970 4974 4985 4989 
shareholder 4906 4908 
shareholders 4906 4908 4910 4933 4951 
shares 4893 4908 4910 4918 4922 4926 4937 4942 4948 4952 4986 4989 
sharp 4905 4944 
sharply 4902 4987 
shearson 4969 4994 
shelf 4906 4996 
shift 4951 
ship 4953 
shipment 4965 
shipments 4939 4986 
shipped 4939 4983 
shipping 4939 
ships 4953 
shopping 4997 
shorey 4996 
short 4938 4969 
shortly 4948 
show 4898 4944 4962 4993 
showed 4953 
showing 4944 
shows 4923 4944 4951 4962 
shr 4901 4911 4914 4920 4930 4934 4954 4960 4972 4974 4999 
shrs 4930 
side 4896 4944 
siemens 4982 
sign 4944 4953 4970 
sign-up 4905 
signal 4978 
signed 4915 4921 
significant 4988 
significantly 4946 
signup 4905 5000 
silver 4926 4942 
similar 4946 
sinking 4980 4994 
situation 4916 4944 4953 4969 
sixth 4962 
size 4951 
sjr 4934 
skipped 4917 
slaughter 4897 
slifer 4944 
slightly 4916 4944 4951 
slim 4944 
slot 4967 
slowed 4993 
small 4917 4923 4953 4989 
smartnames 4976 
smith 4923 4970 
socrates 4978 
soft 4947 
software 4955 4978 
sold 4918 4932 4937 4939 4963 4981 
sole 4895 4932 
solid 4940 
solution 4923 
sons 4912 
sooner 4902 
sosnoff 4943 4964 
source 4988 
sources 4902 4941 4946 4988 
southerland 4895 
southfield 4973 
soviet 4897 4939 4965 4988 
soviet/chinese 4965 
soviets 4988 
sp 4914 
spa 4963 4981 
sparked 4988 
sparking 4988 
speaker 4940 
special 4964 
specialised 4953 
specialty 4933 
speculate 4943 
speculation 4902 4988 
speed 4902 4916 
spending 4951 
spent 4951 
splf 4914 
split 4901 4930 
spokane 4926 4942 
spokesman 4902 4903 4915 4919 4921 4943 4947 4951 4953 4969 4986 4987 
sporting 4914 
spread 4946 4988 
spreads 4969 4971 
sprint 4982 
spurred 4979 
st 4986 
st. 4986 
stable 4944 
staff 4923 
stake 4908 4918 4937 4982 
stamford 4952 4982 
stand 4944 
standard 4895 4912 4923 4966 4979 4994 
standards 4946 
standing 4944 
stands 4979 
stanley 4944 
start 4935 4978 
started 4935 
starting 4995 
starts 4942 
state 4933 
state-oil 4953 
statement 4933 4953 
states 4953 4957 4962 
statistics 4987 4993 
status 4935 4969 
steel 4907 
steels 4933 
steelworkers 4907 
steering 4971 
stemming 4948 
stephan 4999 
stephen 4944 4953 
stepped 4916 
steps 4906 
steve 4944 
stgm 4935 
stikers 4944 
stock 4893 4895 4901 4902 4910 4912 4919 4923 4930 4932 4937 4941 4943 4945 4948 4957 4966 4977 4980 4998 
stock-index 4923 
stockbrokers 4902 
stocks 4969 
stood 4962 
stoppage 4953 
stopped 4969 
storage 4996 
store 4967 
stores 4937 4967 
strategy 4916 4951 
streamlined 4936 
street 4969 
strength 4906 4944 
strengths 4951 
stress 4916 
stretch 4986 
stride 4969 
strike 4953 
strike-bound 4953 
strikes 4953 
strong 4897 4906 4941 4988 
strongly-stated 4940 
struck 4953 
structure 4997 
studied 4919 
study 4946 
subcommittee 4903 4946 4984 
subject 4933 4969 
submit 4970 
submitted 4905 
submitting 4936 
subnormal 4897 
subordinated 4895 4932 4966 4968 
subordinatred 4912 
subscribers 4978 
subsidiary 4906 4955 4969 4975 4996 
subsidies 4984 
subsidy 4988 
substantial 4935 
substantially 4898 4979 
subtracting 4989 
succeed 4943 
succeeds 4996 
successful 4946 4952 
sugar 4898 4965 
suggest 4898 
suggested 4902 
suit 4941 
suitor 4943 
suitors 4943 
sum 4916 
sunter 4904 4910 
super 4926 4942 
superior 4906 
supplied 4970 
supplier 4988 
supply 4929 4938 4944 4970 4988 
support 4946 4951 4989 
supported 4966 
supporters 4940 4946 
supporting 4951 
supports 4982 
surprise 4902 4941 
surprisingly 4897 
suspended 4947 
suspending 4953 
suspension 4947 
sustained 4913 4944 4984 
swap 4915 4921 
swiss 4926 4942 
switzerland 4941 
system 4946 4982 
systems 4951 4967 4978 4996 
t-46a 4989 
t46a 4961 
tablets 4917 
tacit 4947 
takeover 4943 4964 
takes 4919 
talk 4905 
talking 4943 4969 
talks 4941 4953 4970 4971 4984 
target 4971 
targeted 4984 
targets 4940 
tax 4914 4928 4940 4969 4974 
taxes 4940 
team 4971 
technical 4919 4989 
technicians 4989 
technology 4951 4968 
telecommunications 4982 
telegraph 4958 
telephone 4958 4982 
television 4953 
tender 4904 4910 4933 4970 
tendering 4910 
term 4902 4906 4915 4916 4921 4926 4938 4942 4951 4969 
termed 4979 
terminal 4965 
terminate 4989 
terminates 4961 
termination 4989 
terms 4895 4910 4912 4944 4952 4955 4958 4969 4976 
texas 4949 4966 4992 
thai 4965 
thailand 4941 
thee 4947 
therby 4988 
thing 4969 
thinking 4988 
thinks 4969 
third-largest 4982 
thomsom 4968 
thousands 4953 
threat 4953 
threats 4969 
three-for-one 4901 4930 
three-month 4902 
thwart 4964 
time 4902 4973 4988 
times 4923 
timetable 4995 
timing 4919 
today 4905 4919 4943 4944 4946 4951 4953 4969 4983 4988 
tokyo 4995 
told 4903 4916 4940 4946 4951 4971 4984 4988 4995 
tomorrow 4971 
tonight 4941 
tonne 4988 
tonnes 4898 4939 4941 4962 4988 
tons 4926 4942 
torino 4925 
toronto 4911 4920 4922 4931 
total 4898 4905 4908 4918 4926 4937 4938 4939 4942 4947 4951 4953 4962 
totaled 4899 4916 
totaling 4987 
totalled 4898 4938 
totally 4947 
tough 4902 4969 
towns 4953 
toyoo 4995 
tracinda 4943 
trade 4896 4898 4903 4905 4923 4927 4953 4984 4987 4988 
trade-weighted 4944 
traded 4965 
trader 4969 
traders 4905 4923 
trades 4902 4923 
trading 4896 4902 4919 4923 4927 4932 4948 4980 
traditional 4984 
traditionally 4946 
trainer 4961 4989 
transaction 4948 
transactions 4943 4963 4981 4985 
transfer 4951 
transferred 4986 
transit 4911 4922 
transition 4969 
transport 4953 4983 
transportation 4936 
transporting 4983 
traveling 4978 
treasuries 4932 
treasury 4938 4971 4994 
treated 4969 
tremendous 4969 
tremor 4983 
trend 4944 4993 
troops 4953 
troubles 4953 
troy 4967 
truck 4931 4944 
trucks 4931 
trump 4893 
trust 4969 4975 
tu 4992 
tubing 4907 
tucson 4996 
tuesday 4953 
tulsa 4900 
tumaco 4983 
turn 4897 4946 
turning 4916 
tursimo 4931 
twenty 4965 
two-thirds 4910 4947 
txa 4966 
txu 4992 
type= 4904 4913 4924 4925 4928 4929 4949 4950 4959 4960 4961 4977 5000 
u.f 4963 4981 
u.k 4995 
u.k. 4927 4995 
u.s 4905 4924 4927 4941 4944 4946 4957 4978 4988 4995 
u.s. 4897 4916 4919 4927 4935 4939 4941 4944 4946 4951 4958 4962 4969 4973 4982 4984 4988 4989 
u.s./ussr 4988 
uk 4902 4927 4965 4995 
ultimately 4969 
unable 4907 4916 4947 
unanimously 4943 
unavailable 4923 
unchanged 4941 4986 
underpinned 4905 
underway 4970 
underwriter 4932 
underwriting 4946 4985 
undisclosed 4955 4963 4981 
unfortunate 4919 
unilateral 4969 
union 4897 4907 4939 4953 4965 4988 
unit 4902 4917 4936 4944 4955 4963 4979 4981 4986 4989 4992 
united 4907 4957 
units 4944 4951 4966 
unm 4909 
unnamed 4919 
unrest 4953 
unsolicited 4943 
unum 4909 
unusual 4919 
upham 4970 
upheaval 4969 
upstream 4951 
urged 4958 
urging 4940 
usage 4951 
usda 4905 4984 4988 5000 
ussr 4897 4898 4939 4965 4988 
utilities 4944 4992 
utilties 4992 
va. 4914 4974 
valid 4910 
values 4965 4969 
variety 4943 
vast 4953 
vehicles 4953 4973 
vending 4935 4957 
ventures 4982 
versus 4974 4989 
veto 4940 
viable 4902 
vice 4975 4989 
vice-minister 4995 
video 4957 
view 4969 
vigorous 4982 
virtually 4946 
visit 4995 
volcker 4944 
volume 4979 
voluntarily 4917 4926 4942 
voting 4910 
vows 4928 4940 
vvco 4957 
waive 4933 
wall 4969 
waltham 4976 
wanted 4947 
warned 4916 
warning 4940 
warns 4916 
wash. 4926 4942 
washington 4897 4903 4908 4916 4923 4937 4939 4940 4946 4958 4964 4968 4982 4984 4988 
wasington 4918 
waste 4970 
weak 4979 
weaken 4943 
weaker 4944 
weather 4897 4988 
wedge 4969 
wednesday 4953 
week 4905 4910 4916 4923 4929 4938 4951 4953 4965 4971 4985 4988 
weekly 4965 
weeks 4902 4951 4953 4985 
west 4941 4982 
wheat 4988 
white 4903 4943 
whitman 4948 
wholly 4931 4995 
wholly-licensed 4995 
wide 4903 
willingness 4953 
winston 4955 
winter 4897 
wire 4948 
wis. 4986 
withdraw 4902 
withdrawal 4953 
withdrawals 4902 
withdrawing 4953 
wmx 4970 
woodhouse 4965 
work 4944 4947 4983 4989 4995 
worked 4923 
workers 4907 4983 
working 4936 
world 4943 4959 4964 4988 
worried 4919 
worst 4897 
worst-case 4969 
worth 4967 
wpi 4944 
wright 4940 4989 
write 4969 
write-offs 4969 
writedown 4920 4972 
wrong 4917 
wyss 4944 
xuto 4941 
year-earlier 4922 
year-to-date 4899 4973 
years 4893 4895 4905 4906 4912 4916 4946 4948 4966 4969 4973 4979 4989 4994 
yen 4915 4921 4927 
yesterday 4903 4927 4933 4944 4946 4951 4952 4953 4964 4995 
yield 4932 4994 
yielding 4905 4932 4994 
york 4895 4906 4910 4912 4917 4918 4919 4932 4934 4937 4944 4948 4951 4957 4962 4964 4965 4966 4969 4971 4975 4979 4985 4994 4997 
yugoslav 4939 
yugoslavia 4939 
zortman/landusky 4926 4942 
