'll 2352 
're 2228 2251 
's-unite 2321 
've 2247 
**** 2341 
****** 2181 2183 2207 2216 2220 2244 2263 2302 2313 2327 2328 2330 2336 
****london 2206 
-2nd-q 2335 
-3rd 2304 
-4 2342 
-4t 2337 
-4th 2266 
-4th-q 2194 
-adds-nipo 2334 
-affiliat 2303 
-buys-stake 2271 
-en 2210 
-extends 2189 
-facing 2317 
-feb 2300 
-febru 2254 2319 
-february 2204 
-february-lo 2311 
-february-s 2192 
-fi 2274 
-fil 2315 
-gets-approv 2201 
-i 2301 
-m 2344 
-names 2292 
-names-ro 2184 
-o 2284 
-overseas 2235 
-p 2233 
-plans-more 2196 
-s 2230 2340 2348 
-says 2251 
-se 2297 2339 
-sees 2265 
-sees-growth 2307 
-sets-p 2255 
-sets-st 2198 2259 
-sign 2306 
-sues 2241 
-to-bu 2291 
-to-offer 2277 
-to-sell-c 2225 
-to-spin-o 2331 
-to-take 2312 
-unit-begin 2248 
-y 2273 
-year 2338 
/author 2197 2228 2242 2269 2354 
0009 2244 
0011 2183 2341 
0012 2216 2220 2302 2313 
0013 2207 2263 2327 2328 2330 2336 
0014 2181 
0022 2338 2339 2340 
0023 2211 2348 
0024 2213 
0025 2238 2320 
0026 2332 2346 2347 
0028 2236 
0029 2270 2273 
0033 2192 
0035 2204 
0038 2208 
0043 2243 
0044 2230 2232 
0045 2284 
0046 2292 2322 
0047 2323 
0048 2314 
0049 2205 2275 
0050 2215 2294 
0051 2185 2276 2279 
0052 2333 
0053 2304 2345 
0054 2214 2254 2266 
0055 2252 2321 
0056 2237 2298 2325 
0057 2182 2191 2201 2253 
0058 2199 2274 
0059 2189 2264 
0061 2188 2239 
0062 2308 2329 2344 
0064 2225 2285 2334 
0065 2194 2297 
0066 2240 2259 
0067 2250 2262 
0068 2249 2301 2337 2353 
0069 2234 2300 
0072 2295 2309 
0073 2342 
0074 2291 
0075 2241 2283 
0078 2218 2277 2335 
0079 2212 
0080 2272 2316 2317 
0081 2221 
0082 2187 2278 
0083 2227 2306 2343 
0084 2255 
0085 2190 2265 2289 
0087 2288 2349 
0088 2242 2248 2256 2269 2352 
0090 2217 2271 2282 2331 
0092 2209 
0093 2245 
0094 2193 2281 
0096 2286 2293 
0098 2198 2307 2351 
0100 2233 2319 2324 
0101 2299 
0103 2280 2311 2355 
0104 2184 2195 2196 2350 
0105 2200 2235 2315 
0106 2268 
0107 2210 2246 2303 
0108 2219 
0110 2186 2247 2296 2354 
0111 2222 2287 
0112 2197 2257 
0113 2202 2203 2229 2251 
0114 2228 2290 2312 2318 
0115 2258 
0116 2231 2305 
0118 2206 2224 2226 
0119 2261 
0124 2310 
0128 2326 
0130 2267 
0131 2260 
0141 2223 
03-05 2181 2182 2183 2184 2185 2186 2187 2188 2189 2190 2191 2192 2193 2194 2195 2196 2197 2198 2199 2200 2201 2202 2203 2204 2205 2206 2207 2208 2209 2210 2211 2212 2213 2214 2215 2216 2217 2218 2219 2220 2221 2222 2223 2224 2225 2226 2227 2228 2229 2230 2231 2232 2233 2234 2235 2236 2237 2238 2239 2240 2241 2242 2243 2244 2245 2246 2247 2248 2249 2250 2251 2252 2253 2254 2255 2256 2257 2258 2259 2260 2261 2262 2263 2264 2265 2266 2267 2268 2269 2270 2271 2272 2273 2274 2275 2276 2277 2278 2279 2280 2281 2282 2283 2284 2285 2286 2287 2288 2289 2290 2291 2292 2293 2294 2295 2296 2297 2298 2299 2300 2301 2302 2303 2304 2305 2306 2307 2308 2309 2310 2311 2312 2313 2314 2315 2316 2317 2318 2319 2320 2321 2322 2323 2324 2325 2326 2327 2328 2329 2330 2331 2332 2333 2334 2335 2336 2337 2338 2339 2340 2341 2342 2343 2344 2345 2346 2347 2348 2349 2350 2351 2352 2353 2354 2355 
1,000 2245 2262 2272 
1,037,000 2353 
1,082,700 2227 
1,119,000 2212 
1,130,000 2309 
1,1512,000 2266 
1,167,000 2188 2249 
1,187,000 2309 
1,285,000 2298 
1,355,296 2281 
1,369,602 2337 
1,376,000 2350 
1,393,000 2298 
1,414,369 2337 
1,450 2279 
1,463,962 2281 
1,500 2261 
1,533.0 2279 
1,600 2279 
1,600,000 2234 
1,670 2186 
1,700.3 2279 
1,730,000 2236 
1,734 2186 
1,742,000 2266 
1,761,900 2227 
1,800,000 2353 
1,827,000 2335 
1,835,325 2298 
1,924,000 2353 
1,960,319 2298 
1-1/4 2200 2245 
1-7/8 2245 
1.06 2212 2304 
1.07 2221 
1.09 2234 
1.1 2188 2228 
1.10 2221 
1.11 2316 
1.17 2342 
1.18 2353 
1.2 2251 2331 
1.21 2273 
1.23 2221 
1.24 2212 2221 
1.26 2221 2303 
1.27 2303 
1.28 2342 
1.3 2269 
1.34 2194 2253 
1.38 2221 
1.4 2218 2246 
1.41 2182 
1.42 2246 
1.43 2221 
1.44 2221 
1.485 2353 
1.49 2194 2196 
1.5 2197 2257 2269 2307 
1.5650/60 2228 
1.5798/808 2228 
1.6 2300 
1.61 2194 2196 
1.64 2253 
1.65 2221 
1.66 2311 
1.7 2293 
1.72 2236 
1.76 2246 
1.78 2194 2221 
1.8 2203 2224 2269 
1.81 2221 
1.88 2205 
1.9 2222 
1.95 2311 
1.98 2236 
1/2 2272 
1/8 2245 
10,052,000 2254 
10-day 2247 
10-year 2258 
10.00 2281 
10.4 2342 
10.9 2342 
100,000 2217 2246 2306 
100-1/4 2185 2215 2243 
101-1/2 2245 
101-3/4 2200 
101-3/8 2272 
102.4 2205 
108,666 2281 
109,767 2186 
11,301,000 2212 
11,500 2195 
11-3/4 2228 
11.1 2269 
11.3 2253 
11.60 2221 
110.5 2280 
111.1 2205 
113,275 2186 
115.7 2260 
118.0 2221 
119,967 2186 
11:37:35.34 2181 
11:38:04.24 2182 
11:38:10.86 2183 
11:38:33.87 2184 
11:39:02.55 2185 
11:39:11.34 2186 
11:39:19.38 2187 
11:41:14.21 2188 
11:41:26.19 2189 
11:41:57.40 2190 
11:42:35.18 2191 
11:45:02.13 2192 
11:45:13.97 2193 
11:45:37.95 2194 
11:47:38.39 2195 
11:47:47.89 2196 
11:49:11.91 2197 
11:50:14.92 2198 
11:50:29.69 2199 
11:51:07.29 2200 
11:51:32.81 2201 
11:51:41.89 2202 
11:52:01.77 2203 
11:52:18.58 2204 
11:53:38.51 2205 
11:54:43.70 2206 
11:54:50.35 2207 
11:57:19.76 2208 
11:57:32.24 2209 
11:58:20.18 2210 
11:59:02.63 2211 
11:59:37.42 2212 
12,000 2239 
12,141,000 2249 
12,500 2257 
12-year 2293 
12.0 2234 
12.1 2188 
12.2 2316 
12.3 2252 
12.5 2337 
12.50 2219 
12.8 2257 2342 
12.80 2221 
123,000 2191 2217 
127.4 2204 
12:00:10.09 2213 
12:00:51.69 2214 
12:01:29.35 2215 
12:01:45.81 2216 
12:03:00.26 2217 
12:03:31.01 2218 
12:04:22.40 2219 
12:04:32.38 2220 
12:07:02.13 2221 
12:07:47.04 2222 
12:09:41.04 2223 
12:10:45.58 2224 
12:10:51.81 2225 
12:12:50.54 2226 
12:13:58.91 2227 
12:14:29.54 2228 
12:14:39.26 2229 
12:17:11.91 2230 
12:17:57.56 2231 
12:19:25.98 2232 
12:20:35.69 2233 
12:20:44.99 2234 
12:20:54.04 2235 
12:20:58.05 2236 
12:21:04.91 2237 
12:21:09.54 2238 
12:23:17.60 2239 
12:23:36.14 2240 
12:24:56.00 2241 
12:26:42.92 2242 
12:27:25.42 2243 
12:27:31.11 2244 
12:29:33.80 2245 
12:32:33.32 2246 
12:36:24.41 2247 
12:36:56.73 2248 
12:37:09.91 2249 
12:37:15.26 2250 
12:38:13.00 2251 
12:38:33.60 2252 
12:39:19.88 2253 
12:39:40.43 2254 
12:42:52.29 2255 
12:43:01.17 2256 
12:43:12.06 2257 
12:44:01.33 2258 
12:45:16.87 2259 
12:45:45.56 2260 
12:46:59.06 2261 
12:47:15.12 2262 
12:47:19.61 2263 
12:48:44.25 2264 
12:48:51.42 2265 
12:48:56.31 2266 
12:49:05.51 2267 
12:49:35.40 2268 
12:49:46.69 2269 
12:50:14.77 2270 
12:50:39.09 2271 
12:52:00.75 2272 
12:52:25.35 2273 
12:53:15.57 2274 
12:53:28.16 2275 
12:53:45.52 2276 
12:54:20.03 2277 
12:56:32.19 2278 
13,203,000 2212 
13,843,000 2182 
13.1 2269 
13.2 2198 
13.3 2342 
13.5 2337 2338 
132.5 2342 
132.8 2342 
133.75 2217 
134,000 2227 
134.5 2260 
135.3 2300 
136.6 2204 
138.75 2191 2217 
13:00:26.39 2279 
13:02:26.51 2280 
13:06:33.66 2281 
13:06:41.34 2282 
13:09:35.60 2283 
13:10:01.22 2284 
13:11:03.90 2285 
13:12:38.88 2286 
13:13:55.21 2287 
13:14:17.54 2288 
13:14:47.61 2289 
13:15:11.82 2290 
13:15:35.80 2291 
13:16:02.63 2292 
13:16:24.25 2293 
13:16:42.35 2294 
13:19:00.24 2295 
13:19:58.82 2296 
13:20:30.73 2297 
13:20:53.21 2298 
13:21:34.86 2299 
13:26:41.94 2300 
13:27:59.91 2301 
13:28:08.20 2302 
13:30:56.60 2303 
13:31:01.47 2304 
13:34:44.40 2305 
13:34:54.54 2306 
13:35:31.10 2307 
13:35:47.93 2308 
13:35:54.83 2309 
13:36:09.01 2310 
13:39:10.59 2311 
13:41:08.67 2312 
13:41:57.87 2313 
13:42:11.18 2314 
13:42:31.92 2315 
13:44:11.60 2316 
13:45:07.82 2317 
13:48:43.08 2318 
13:51:39.31 2319 
13:51:59.20 2320 
13:52:41.12 2321 
13:52:48.83 2322 
13:53:27.77 2323 
13:55:56.43 2324 
13:56:37.23 2325 
13:58:16.10 2326 
13:58:47.21 2327 
13:59:16.85 2328 
13:59:39.86 2329 
14,000 2239 
14,478,000 2182 
14.0 2319 
14.1 2254 
14.25 2281 
140,000 2312 
140.0 2221 
1400 2262 
147,537 2186 
14:00:30.30 2330 
14:02:42.23 2331 
14:03:15.64 2332 
14:03:52.51 2333 
14:06:21.02 2334 
14:06:45.02 2335 
14:08:18.37 2336 
14:08:39.63 2337 
14:08:54.98 2338 
14:08:59.59 2339 
14:09:04.02 2340 
14:09:06.73 2341 
14:10:04.86 2342 
14:13:03.77 2343 
14:13:58.30 2344 
14:15:22.66 2345 
14:15:27.76 2346 
14:15:32.43 2347 
14:15:37.95 2348 
14:16:18.25 2349 
14:17:42.35 2350 
14:17:53.03 2351 
14:18:23.25 2352 
14:19:07.10 2353 
14:20:16.73 2354 
14:20:53.45 2355 
15.0 2269 
15.2 2219 2298 
15.3 2319 
15.5 2303 2338 2350 
15.87 2307 
15.9 2276 
150.1 2260 
1500 2218 
152.0 2203 
16.1 2316 
16.2 2298 
16.5 2250 
167.4 2300 
17.1 2316 
17.25 2231 
17.7 2300 
17.9 2281 
170.1 2203 
171.9 2212 
172.0 2203 2221 
173.4 2354 
175.4 2266 
177.5 2260 
18,003,000 2182 
18,269,000 2182 
18.0 2188 2249 
18.7 2186 2244 2271 
180,000 2212 
18599 2181 
18600 2182 
18601 2183 
18602 2184 
18603 2185 
18604 2186 
18605 2187 
18606 2188 
18607 2189 
18608 2190 
18609 2191 
18610 2192 
18611 2193 
18612 2194 
18613 2195 
18614 2196 
18615 2197 
18616 2198 
18617 2199 
18618 2200 
18619 2201 
18620 2202 
18621 2203 
18622 2204 
18623 2205 
18624 2206 
18625 2207 
18626 2208 
18627 2209 
18628 2210 
18629 2211 
18630 2212 
18631 2213 
18632 2214 
18633 2215 
18634 2216 
18635 2217 
18636 2218 
18637 2219 
18638 2220 
18639 2221 
18640 2222 
18641 2223 
18642 2224 
18643 2225 
18644 2226 
18645 2227 
18646 2228 
18647 2229 
18648 2230 
18649 2231 
18650 2232 
18651 2233 
18652 2234 
18653 2235 
18654 2236 
18655 2237 
18656 2238 
18657 2239 
18658 2240 
18659 2241 
18660 2242 
18661 2243 
18662 2244 
18663 2245 
18664 2246 
18665 2247 
18666 2248 
18667 2249 
18668 2250 
18669 2252 
18670 2253 
18671 2254 
18672 2255 
18673 2256 
18674 2257 
18675 2258 
18676 2251 
18677 2259 
18678 2260 
18679 2261 
18680 2262 
18681 2263 
18682 2264 
18683 2265 
18684 2266 
18685 2267 
18686 2268 
18687 2269 
18688 2270 
18689 2271 
18690 2272 
18691 2273 
18692 2274 
18693 2275 
18694 2276 
18695 2277 
18696 2278 
18697 2279 
18698 2280 
18699 2281 
18700 2282 
18701 2283 
18702 2284 
18703 2285 
18704 2286 
18705 2287 
18706 2288 
18707 2289 
18708 2290 
18709 2291 
18710 2292 
18711 2293 
18712 2294 
18713 2295 
18714 2296 
18715 2297 
18716 2298 
18717 2299 
18718 2300 
18719 2301 
18720 2302 
18721 2303 
18722 2304 
18723 2305 
18724 2306 
18725 2307 
18726 2308 
18727 2309 
18728 2310 
18729 2311 
18730 2312 
18731 2313 
18732 2314 
18733 2315 
18734 2316 
18735 2317 
18736 2318 
18737 2319 
18738 2320 
18739 2321 
18740 2322 
18741 2323 
18742 2324 
18743 2325 
18744 2326 
18745 2327 
18746 2328 
18747 2329 
18748 2330 
18749 2331 
18750 2332 
18751 2333 
18752 2334 
18753 2335 
18754 2336 
18755 2337 
18756 2338 
18757 2339 
18758 2340 
18759 2341 
18760 2342 
18761 2343 
18762 2344 
18763 2345 
18764 2346 
18765 2347 
18766 2348 
18767 2349 
18768 2350 
18769 2351 
18770 2353 
18771 2354 
18772 2355 
1881 2257 
18841 2352 
19,025,000 2182 
19,497,000 2182 
19-1/2 2230 
19.1 2350 
19.3 2281 
19.5 2254 2269 
19.9 2254 
196,000 2234 
1975 2228 
1979 2184 
1980 2197 2280 
1981 2317 
1982 2242 2257 2317 
1983 2197 
1983/85 2246 
1984 2189 2198 2227 
1985 2186 2196 2221 2227 2228 2231 2257 2260 2290 2310 2317 2333 2350 2354 
1985/86 2246 
1986 2182 2186 2194 2196 2197 2203 2221 2228 2231 2234 2260 2269 2273 2275 2287 2290 2291 2300 2303 2304 2307 2311 2316 2319 2333 2337 2344 2354 
1986-87 2223 
1986/87 2246 
1987 2180 2189 2196 2197 2200 2203 2231 2255 2256 2257 2258 2269 2285 2307 2315 2331 2352 
1988 2180 2235 2291 2293 
1989 2245 
1990 2189 2197 2272 2310 
1992 2200 2258 
1993 2245 
1994 2262 
1995 2258 
1999 2258 
1st 2270 2275 2309 2320 2335 
2,050,000 2209 
2,100,000 2276 
2,135,315 2298 
2,165 2186 
2,228,000 2236 
2,250,000 2304 
2,266,000 2353 
2,317,000 2273 
2,330,000 2316 
2,345,000 2212 
2,511,200 2227 
2,512,000 2234 
2,550,000 2209 
2,560,000 2350 
2,565,000 2350 
2,585,000 2335 
2,600,000 2276 
2,603,000 2350 
2,609,000 2316 
2,609,313 2337 
2,610,000 2350 
2,610,913 2337 
2,665,000 2188 2249 
2,885,000 2253 2335 
2,952,830 2337 
2-1/2 2197 
2.03 2205 
2.07 2253 
2.10 2236 
2.108 2213 
2.158 2213 
2.16 2182 
2.2 2342 
2.20 2287 
2.28 2253 
2.3 2260 
2.30 2221 
2.39 2319 
2.4 2203 
2.45 2333 
2.48 2319 
2.5 2197 
2.59 2221 
2.65 2182 
2.8 2240 2260 
2.8720/50 2228 
2.8900/60 2228 
2.9 2228 
2.90 2221 
20,000 2242 
20-year 2255 
20.1 2224 
20.42 2221 
200,000 2189 2206 
2002 2295 
201,800 2224 
2012 2277 
202,000 2188 2249 
207.4 2212 
209.8 2266 
21.0 2234 
21.2 2300 
21.3 2309 
21.5 2303 
21.8 2254 
21.9 2320 
213.6 2203 
2181 2181 
2182 2182 
2183 2183 
2184 2184 
2185 2185 
2186 2186 
2187 2187 
2188 2188 
2189 2189 
2190 2190 
2191 2191 
2192 2192 
2193 2193 
2194 2194 
2195 2195 
2196 2196 
2197 2197 
2198 2198 
2199 2199 
22.9 2186 
2200 2200 
2201 2201 
2202 2202 
2203 2203 
2204 2204 
2205 2205 
2206 2206 
2207 2207 
2208 2208 
2209 2209 
2210 2210 
2211 2211 
2212 2212 
2213 2213 
2214 2214 
2215 2215 
2216 2216 
2217 2217 
2218 2218 
2219 2219 
2220 2220 
2221 2221 
2222 2222 
2223 2223 
2224 2224 
2225 2225 
2226 2226 
2227 2227 
2228 2228 
2229 2229 
2230 2230 
2231 2231 
2232 2232 
2233 2233 
2234 2234 
2235 2235 
2236 2236 
2237 2237 
2238 2238 
2239 2239 
2240 2240 
2241 2241 
2242 2242 
2243 2243 
2244 2244 
2245 2245 
2246 2246 
2247 2247 
2248 2248 
2249 2249 
2250 2250 
2251 2251 
2252 2252 
2253 2253 
2254 2254 
2255 2255 
2256 2256 
2257 2257 
2258 2258 
2259 2259 
2260 2260 
2261 2261 
2262 2262 
2263 2263 
2264 2264 
2265 2265 
2266 2266 
2267 2267 
2268 2268 
2269 2269 
227,000 2276 
2270 2270 
2271 2271 
2272 2272 
2273 2273 
2274 2274 
2275 2275 
2276 2276 
2277 2277 
2278 2278 
2279 2279 
2280 2280 
2281 2281 
2282 2282 
2283 2283 
2284 2284 
2285 2285 
2286 2286 
2287 2287 
2288 2288 
2289 2289 
2290 2290 
2291 2291 
2292 2292 
2293 2293 
2294 2294 
2295 2295 
2296 2296 
2297 2297 
2298 2298 
2299 2299 
23,000 2350 
23.5 2303 2335 
23.6 2304 
23.7 2300 2320 
230,000 2246 
2300 2300 
2301 2301 
2302 2302 
2303 2303 
2304 2304 
2305 2305 
2306 2306 
2307 2307 
2308 2308 
2309 2309 
2310 2310 
2311 2311 
2312 2312 
2313 2313 
2314 2314 
2315 2315 
2316 2316 
2317 2317 
2318 2318 
2319 2319 
2320 2320 
2321 2321 
2322 2322 
2323 2323 
2324 2324 
2325 2325 
2326 2326 
2327 2327 
2328 2328 
2329 2329 
2330 2330 
2331 2331 
2332 2332 
2333 2333 
2334 2334 
2335 2335 
2336 2336 
2337 2337 
2338 2338 
2339 2339 
2340 2340 
2341 2341 
2342 2342 
2343 2343 
2344 2344 
2345 2345 
2346 2346 
2347 2347 
2348 2348 
2349 2349 
235.5 2239 
2350 2350 
2351 2351 
2352 2352 
2353 2353 
2354 2354 
2355 2355 
24.5 2316 
240,000 2246 
247,100 2252 
248,000 2320 
25,000 2183 2217 2255 
25.7 2192 2269 
25.84 2221 
26-mln-dlr 2180 
26.0 2309 
260.2 2192 
261,300 2252 
263.15 2354 
27.2 2300 
27.6 2335 
28.689 2224 
282.4 2273 
282.8 2300 
29.5 2303 
290,000 2353 
299,000 2309 
299.5 2300 
2nd 2309 2335 
3,031,494 2337 
3,119,000 2275 
3,311,000 2316 
3,460,217 2337 
3,482,800 2252 
3,509,000 2234 
3,594,000 2333 
3,799,000 2338 
3.08 2342 
3.14 2311 
3.17 2205 2221 
3.2 2186 
3.26 2205 
3.45 2311 
3.5 2194 
3.6 2269 
3.66 2311 
3.71 2221 
3.88 2221 
3.99 2319 
30,000 2257 2271 
309,000 2350 
31.8 2285 
315,100 2227 
317,000 2275 
327.0 2192 
329,225 2219 
33,500 2232 
33.5 2242 
33.7 2342 
332.9 2300 
336.5 2279 
34.811 2224 
341.0 2279 
345,300 2252 
35,000 2257 
35,957 2189 
35.1 2188 2249 
350,000 2246 
357,203 2270 
36,480,000 2194 
36.5 2196 2253 
360.0 2273 
368.3 2182 
37-1/2 2332 
37.0 2337 
37.1 2253 
37.5 2198 
373.3 2279 
374,000 2350 
374.6 2182 
378,000 2350 
38.5 2333 
39,503,000 2182 
39.0 2253 
39.6 2253 
3rd 2249 2252 2304 2312 
4,000-strong 2310 
4,039,000 2266 
4,469,000 2266 
4,529,300 2252 
4,598,000 2304 
4,653,000 2188 2249 
4,700,000 2273 
4,800,000 2276 
4,829,000 2273 
4,830 2186 
4,909,369 2337 
4,990,000 2342 
4-3/4 2214 2235 2243 
4-5/8 2185 2215 
4.04 2194 
4.1 2261 2319 
4.10 2311 
4.5 2197 2279 
4.60 2319 
4.7 2319 
4.75 2319 
4.78 2221 
4.9 2269 
4.9-mln-dlr 2285 
4.97 2319 
40,000 2326 
40.3 2231 
400,000 2248 2306 
41.4 2353 
417,100 2268 
418,500 2227 
42.3 2342 
43,792,000 2194 
43.7 2335 
43.8 2196 
43.9 2290 
435,900 2227 
44.0 2269 
44.3 2231 
45-mln-dlr 2180 
45.8 2353 
454,000 2298 
458,000 2350 
46.7 2205 
47.0 2342 
47.42 2257 
47.9 2205 
472,000 2298 
474,900 2224 
475.6 2253 
48.2 2333 
487.80 2262 
49.5 2303 
49.7 2303 
497.4 2253 
4th 2182 2188 2194 2205 2212 2221 2227 2234 2249 2253 2265 2266 2276 2298 2316 2337 2342 2350 
5,000 2288 2293 
5,347,000 2335 
5,463,000 2273 
5,776,000 2234 
5,800,00 2273 
5,847,000 2273 
5,867,000 2335 
5,993,000 2188 2249 
5- 2238 
5-mar-1987 2181 2182 2183 2184 2185 2186 2187 2188 2189 2190 2191 2192 2193 2194 2195 2196 2197 2198 2199 2200 2201 2202 2203 2204 2205 2206 2207 2208 2209 2210 2211 2212 2213 2214 2215 2216 2217 2218 2219 2220 2221 2222 2223 2224 2225 2226 2227 2228 2229 2230 2231 2232 2233 2234 2235 2236 2237 2238 2239 2240 2241 2242 2243 2244 2245 2246 2247 2248 2249 2250 2251 2252 2253 2254 2255 2256 2257 2258 2259 2260 2261 2262 2263 2264 2265 2266 2267 2268 2269 2270 2271 2272 2273 2274 2275 2276 2277 2278 2279 2280 2281 2282 2283 2284 2285 2286 2287 2288 2289 2290 2291 2292 2293 2294 2295 2296 2297 2298 2299 2300 2301 2302 2303 2304 2305 2306 2307 2308 2309 2310 2311 2312 2313 2314 2315 2316 2317 2318 2319 2320 2321 2322 2323 2324 2325 2326 2327 2328 2329 2330 2331 2332 2333 2334 2335 2336 2337 2338 2339 2340 2341 2342 2343 2344 2345 2346 2347 2348 2349 2350 2351 2352 2353 2354 2355 
5.0 2261 
5.16 2221 
5.28 2316 
5.3 2269 
5.35 2194 
5.40 2221 
5.5 2269 
5/8 2200 2245 
50,000 2197 2224 
50.0 2212 
500,000 2209 
5000 2233 
501,000 2342 
51,573,000 2182 
51.8 2318 
51.9 2335 
515,000 2212 
52.1 2319 
52.2 2253 
52.58 2257 
52.8 2311 
53.1 2302 2311 
53.10 2232 
53.6 2266 
530,000 2350 
54,000 2309 
54.1 2313 2319 
54.3 2300 
540.9 2203 
55,000 2227 
55,367,000 2298 
55.9 2300 
56.0 2212 
56.3 2198 
56.4 2311 
56.5 2302 2311 
56.7 2319 
561.8 2203 
57.5 2300 2303 
587,000 2234 
59,922 2270 
59.7 2253 
59.9 2313 2319 
598,000 2316 
5c 2264 
6,051,000 2212 
6,338,000 2275 
6,610,000 2266 
6,617,000 2266 
6,974,000 2304 
6.2 2224 2331 
6.3 2307 
6.36 2221 
6.5 2262 2269 
6.92 2311 
6.95 2205 
60,000 2256 
600,000 2276 
600.0 2203 
61,805,000 2298 
613.0 2300 
62,000 2246 
62.6 2266 
628,193 2337 
630.2 2205 
636.0 2203 
64.3 2350 
64.9 2316 
647,000 2320 
673.1 2205 
68.5 2333 
69.1 2350 
69.8 2316 
697.0 2203 
7,168,000 2253 
7,818,000 2212 
7,854,000 2266 
7,896,000 2309 
7-1/2 2245 2346 
7.26 2311 
7.29 2341 
7.54 2205 2341 
707,000 2350 
71,000 2234 
71.4 2228 
714,263 2270 
72,000 2309 2350 
72.0 2333 
720,000 2265 
726,700 2224 
73,000 2353 
73.1 2304 
73.6 2304 
757-200 2180 
76,000 2350 
77,400 2227 
78,369,000 2266 
78.93 2203 
780,000 2316 
787,000 2304 
793,700 2252 
8,252,000 2254 
8,405,000 2335 
8,966,000 2335 
8.2 2269 
8.30 2221 
8.37 2319 
8.65 2221 
81.40 2221 
81.7 2260 
81.9 2333 
83,000 2342 
83.92 2203 
851,000 2276 
87.0 2203 
870,000 2231 
88,974,000 2194 
89.0 2196 
9,049,000 2335 
9,333,000 2309 
9,349,000 2335 
9,352,000 2335 
9,900,000 2276 
9,949,000 2338 
9,957,200 2252 
9.10 2293 
9.11 2221 
9.4 2269 
9.5 2224 
9.53 2221 
9.55 2319 
9.6 2269 
9.7 2194 
9.8 2268 
90,000 2275 
900,000 2256 
91-day 2341 
926,964 2270 
94,647,000 2194 
94.57 2221 
94.6 2196 
940,000 2231 
945,000 2309 
96.5 2203 
97.5 2226 
98.30 2288 
99.30 2293 
997,000 2275 
`` 2190 2195 2197 2198 2202 2203 2219 2222 2226 2228 2229 2242 2247 2251 2257 2267 2269 2278 2286 2287 2290 2299 2305 2307 2312 2326 2349 2351 2352 2354 
aaa 2200 
aagiy 2279 
abandonment 2273 
abidjan-based 2324 
ability 2290 
abolish 2197 
abroad 2326 
academic 2349 2351 
accept 2251 
acceptable 2251 
accepted 2195 
access 2218 2242 2289 
accompanied 2228 
accord 2190 2290 2299 
account 2186 2228 2269 2288 
accountants 2310 
accounting 2221 
accounts 2186 
acet 2189 
aceto 2189 
achieving 2278 2287 
acid 2271 
acknowledged 2242 
acme 2344 
acq 2193 2195 2202 2207 2219 2220 2224 2225 2237 2240 2244 2247 2251 2257 2268 2271 2281 2291 2297 2301 2322 2323 2325 2344 
acquire 2219 2237 
acquired 2224 2271 2344 
acquires 2244 
acquisition 2237 2301 2307 2322 2323 
acquisitions 2184 2277 2307 2318 2344 
acres 2223 
act 2289 2305 
acting 2267 
action 2222 2267 2296 2354 
actions 2198 
activated 2210 
active 2226 2242 
activities 2287 2307 
activity 2223 2269 
actual 2310 2349 
adb 2324 
adb-africa 2324 
add 2196 2197 2228 2242 2291 2305 
added 2186 2217 2228 2242 2246 2286 2310 2318 2331 2334 2349 2351 2352 
adding 2203 2321 2349 2352 
addition 2190 2196 2269 2284 2307 
additional 2196 2251 2306 
address 2190 2349 2352 
adds 2321 2334 
adjourned 2251 
adjusted 2197 2227 2296 2304 
adjustment 2273 
administration 2222 2271 2305 2317 
admitted 2197 
ado 2295 
adopt 2203 2278 
advanced 2210 2233 2300 
advances 2322 
advantage 2287 
adverse 2203 2305 
adversely 2235 2269 
advertisement 2246 
advice 2195 
adviser 2257 
advisory 2281 
advocating 2242 
ae 2289 
aeng.l 2289 
aequitron 2252 2265 
aet 2225 
aetna 2225 
affairs 2190 2229 2286 2310 2352 2354 
affect 2235 
affected 2269 
affecting 2197 
affiliate 2202 2303 
afghan 2267 
afghanistan 2267 
africa 2264 2326 
african 2324 
afterward 2287 
ag 2202 2280 2299 
agencies 2273 
agency 2197 2222 2246 2282 2317 2324 
aggravating 2267 2354 
aggressive 2296 
ago 2203 2269 2300 2302 
agree 2228 
agreed 2180 2193 2225 2251 2268 
agreement 2210 2219 2225 2237 2240 2251 2255 2278 2287 2290 2301 2303 2306 2318 2322 2354 
agressive 2203 
agricultural 2288 
agriculture 2282 
ah 2284 
ahead 2202 2287 
ahmed 2267 
aid 2305 
aim 2200 2257 
aimed 2262 
air 2258 2267 2284 2300 2311 2313 2319 
airdrome 2297 
airlines 2180 2201 2258 2300 2311 2321 
airport 2201 2229 2321 
airways 2180 
al 2248 
ala. 2266 
alan 2224 2307 
albert 2219 
alcan 2248 
ald 2303 
alex 2209 
alexandria 2187 
algemene 2262 
algeria 2324 
alignment 2278 2354 
alignments 2354 
alive 2251 
allegations 2251 
allegheny 2211 
allied 2303 
allied-signal 2303 
allies 2286 
allis-chalmers 2284 
allowed 2262 
almir 2326 
alsacienne 2257 
alternative 2242 2310 
alternatives 2343 
altogether 2228 
aluminium 2248 
aluminum 2248 
am-afghan-complaint 2267 
am-bank 2324 
am-brazil-seamen 2326 
america 2202 2255 2260 2290 
american 2200 2226 2279 2284 2322 
amkg 2237 
amos 2339 
amoskeag 2237 2339 
amount 2221 2246 
amp 2195 
amplifying 2202 
amrep 2304 
amro 2262 
amsterdam 2197 2262 
analog 2343 
analysis 2190 
analyst 2197 2223 2269 
analysts 2197 2228 2246 2269 2307 2326 2352 
anatolian 2246 
anchor 2326 
aneesuddin 2267 
angeles 2180 2307 2321 2337 
anglo 2279 
anitec 2346 
announced 2257 2262 2265 2290 2310 2314 
announcement 2203 
announcements 2317 
announcing 2290 
annual 2197 2259 2268 2287 2290 2310 
annualised 2288 
answer 2287 
antc 2346 
anti-trust 2251 
anticipated 2197 
antioch 2283 
apiece 2248 
apparel 2269 
apparently 2228 
appeared 2289 
appears 2354 
applied 2275 
appointed 2268 
approach 2278 
approached 2352 
appropriations 2229 
approval 2201 2225 2240 2251 2259 2271 
approvals 2322 
approve 2222 2226 
approved 2226 2248 2251 2312 
approving 2282 
approximately 2193 
apr/may 2206 
april 2180 2198 2199 2200 2214 2221 2235 2238 2245 2259 2262 2264 2265 2269 2272 2279 2288 2306 2308 2332 2340 2346 2348 
april/may 2246 
aqtn 2252 2265 
arab 2187 
arab-african 2324 
aral 2246 
arbitrage 2224 
area 2218 2352 
argentina 2193 2280 
argentine 2193 
argue 2228 
argued 2228 
arises 2307 
arising 2273 
ariz. 2270 2321 
army 2285 
arrival 2246 
arsenal 2285 
art 2325 
asia 2287 
asked 2219 2242 2247 2286 2289 2318 2354 
asset 2284 2287 2296 
assets 2203 2219 2237 2251 2260 2323 
assisted 2257 
associates 2269 2281 
association 2199 2278 2349 2351 
assurance 2226 
atlanta 2319 
atomic 2245 
attacked 2267 2310 
attacks 2267 2271 
attempt 2231 2278 
attempting 2247 
attempts 2247 
attending 2226 
attract 2197 
auction 2261 
audiotronics 2295 
auditing 2305 
australian 2272 
austria 2257 
author 2197 2228 2242 2269 2354 
authorised 2232 
authorities 2228 
authority 2326 
authorized 2189 2235 2259 2326 
automotive 2312 
average 2197 2203 2221 2245 2246 2269 2293 2341 
avg 2182 2253 2266 2273 2298 2335 2337 2342 2350 2353 
aviv 2353 
avoid 2287 
award 2317 
awarded 2191 2217 
awards 2183 
aware 2286 
awareded 2343 
axis 2354 
axr 2304 
ayp 2211 
azusa 2354 
b-minus 2284 
b-plus 2296 
b. 2224 
ba 2180 
babacar 2324 
bac 2202 2261 
back 2228 2296 2318 2354 
background 2197 
backlog 2285 
bad 2187 
bahar 2231 
bahrain 2282 
baker 2190 2220 2251 2278 2294 
bakeries 2294 
balance 2290 2297 2326 
baldrige 2229 
balladur 2257 
baltimore/washington 2201 
banco 2202 2290 
bancomer 2290 
bancorp 2261 
bank 2185 2190 2197 2200 2202 2203 2209 2214 2215 2228 2237 2240 2242 2243 2257 2261 2262 2272 2280 2286 2288 2289 2290 2315 2322 2323 2324 2341 2352 2354 2355 
bankamerica 2261 
bankhaus 2202 
banking 2222 2228 2257 2282 
bankruptcies 2242 
bankruptcy 2314 
banks 2197 2203 2228 2240 2280 2290 2301 2328 2349 
banque 2245 2257 2288 
barbarous 2267 
barber 2355 
bare 2354 
barley 2191 2217 2232 
barney 2277 
barometer 2223 
barrel 2231 
barrels 2231 
base 2228 2354 
based 2190 2221 2247 2288 2293 
basic 2203 2287 2354 
basically 2226 
basis 2198 2235 2269 2292 
basking 2298 2350 
basle 2257 
bb 2296 
bb-minus 2296 
bc- 2306 2320 
bc-******delta-air-lines 2313 
bc-******eastman-kodak-a 2244 
bc-******engelhard-corp 2216 
bc-******fed's-johnson-s 2263 2327 2330 
bc-******fed's-johnson-w 2328 
bc-******huges-tool-comp 2220 
bc-******twa-febrfuary-l 2302 
bc-******u.s.-commerce-d 2181 
bc-******unitel-video-sh 2207 
bc-******yeutter-says-u 2336 
bc-/chrysler- 2198 
bc-/february-u.s.-retail 2269 
bc-/u.s.-commerce's-ortn 2190 
bc-aceto- 2189 
bc-aequitron- 2265 
bc-aequitron-medical-inc 2252 
bc-aetna- 2225 
bc-alcan- 2248 
bc-allegheny-power-syste 2211 
bc-allied- 2303 
bc-allis-chalmers- 2284 
bc-amoskeag-bank- 2237 
bc-amoskeag-co- 2339 
bc-amrep-corp- 2304 
bc-anglo-american-gold-i 2279 
bc-anitec-image-technolo 2346 
bc-applied-solar-energy 2275 
bc-bad-weather-closes-al 2187 
bc-bahrain-passes-decree 2282 
bc-baldrige-says-u.s.-ma 2229 
bc-banco-santander-to-bu 2202 
bc-bank-of-england-resis 2228 
bc-beverly-enterprises- 2296 
bc-big-b-inc- 2266 
bc-bishop-graphics- 2325 
bc-blocker-energy-corp- 2333 
bc-bp-capital-bv-plans-d 2262 
bc-brown-forman- 2274 
bc-brown-group-inc- 2182 2332 
bc-cadbury-requests-stoc 2289 
bc-calprop-corp- 2337 
bc-canada-91-day-t-bills 2341 
bc-canadian-imperialsees 2203 
bc-carmel-container-syst 2353 
bc-cb-and-t-financial-co 2236 
bc-chrysler- 2235 
bc-community-bank-system 2240 
bc-corning-glass-works- 2193 
bc-datatmetrics-corp- 2285 
bc-delta-air- 2319 
bc-diamond-bathurst- 2283 
bc-dual-lite-inc- 2348 
bc-ducommun-inc- 2297 
bc-dutch-growth-likely-t 2197 
bc-ec-awards-export-lice 2183 
bc-ec-opens-special-reba 2264 
bc-ec-rejects-all-wheat 2191 
bc-egyptian-1986-crude-o 2231 
bc-eli-lilly- 2241 
bc-energy-optics-to-deve 2343 
bc-engelhard-corp- 2230 
bc-ericsson's-u.s.-unit 2218 
bc-euratom-issues-50-mln 2245 
bc-farmers-concerned-abo 2195 
bc-fed's-johnson-sees-ri 2351 
bc-fed's-johnson-stresse 2278 
bc-fed's-johnson-warns-u 2349 
bc-first-eastern-corp- 2323 
bc-first-interstae 2261 
bc-firstier- 2292 
bc-france's-fsgt-issues 2293 
bc-france-to-sell-stake 2257 
bc-french-agricultural-b 2288 
bc-gecc-issues-75-mln-au 2272 
bc-gemcraft-inc- 2273 
bc-great-american-issues 2200 
bc-green-mountain-power 2347 
bc-h-and-h-oil-tool-co- 2234 
bc-hitk- 2334 
bc-hooper-holmes-sherloc 2298 
bc-houston-oil-royalty-t 2213 
bc-hughes-tool- 2251 
bc-ici- 2307 
bc-idea-inc- 2291 
bc-india-bought-at-least 2206 
bc-interstate-bakeries- 2294 
bc-italy's-sme-in-ventur 2299 
bc-jacobs 2268 
bc-jutland-telephone-iss 2214 
bc-kaines-sells-jordan-t 2239 
bc-kodak- 2271 
bc-libra-bank-expects-br 2290 
bc-lowe's- 2204 
bc-lowe's-cos-inc- 2253 
bc-ltx-corp- 2335 
bc-mediq- 2331 
bc-medtronic-inc- 2340 
bc-mercantile-stores-co 2205 
bc-meridian-diagnostics 2329 
bc-merrill-lynch- 2233 
bc-mfs-multimarket- 2250 
bc-midland- 2259 
bc-midway-air- 2300 
bc-new-currency-problem 2354 
bc-nppc-delegates-approv 2226 
bc-nyse-examines-heck 2314 
bc-nyse-sells-17-nyfe-se 2345 
bc-orient-express- 2318 
bc-pacific-nuclear-syste 2276 
bc-paradyne- 2317 
bc-paribas-shares-to-be 2199 
bc-paris-trade-details-e 2217 
bc-pegasus-gold-inc 2249 
bc-pegasus-gold-inc- 2188 
bc-phelps-dodge- 2315 
bc-polish-trade-official 2242 
bc-proposed-offerings 2295 
bc-prudential-insurance 2260 
bc-purolator 2224 
bc-quartz-engineering-an 2270 
bc-ross-stores- 2208 
bc-rotterdam-port-subsid 2310 
bc-royal-dutch/shell-gro 2221 
bc-royal-trust-plans-no 2287 
bc-s.a.y. 2312 
bc-safecard-services- 2308 
bc-salomon- 2184 
bc-sapporo-breweries-iss 2185 2215 
bc-science-management-co 2350 
bc-scitex-corp- 2342 
bc-selkirk 2212 
bc-shad-favors-shortenin 2247 
bc-shoe-town- 2254 
bc-sis-corp- 2338 
bc-sonesta-international 2316 
bc-southern-mineral-corp 2227 
bc-spanish-metal-workers 2256 
bc-speaker-sees-action-o 2222 
bc-stanley-works- 2344 
bc-swiss-give-argentina 2280 
bc-taihei-kogyo-issues-4 2243 
bc-tekelec- 2255 
bc-telematics-in-initial 2209 
bc-texas-air-corp- 2258 
bc-texon-energy- 2301 
bc-tokheim-corp- 2210 
bc-traders-detail-irish 2232 
bc-triad 2281 
bc-turkey-seeking-100,00 2246 
bc-twa- 2201 2311 
bc-u.s.-treasury-officia 2305 
bc-u.s.-treasury-says-no 2286 
bc-ual-inc- 2321 
bc-unicorp-american- 2322 
bc-unitel-video 2219 
bc-washington-national-c 2238 
bc-wilton-enterprises-in 2309 
bc-witco- 2277 
bc-world-bank-head-says 2355 
bc-world-grain-trade-rec 2223 
bc-yeutter-says-budget-c 2352 
bc-zambian-copper-output 2186 
bc-zayre- 2192 2196 
bc-zayre-corp- 2194 
beach 2325 
bear 2269 
becaue 2241 
beet 2195 
began 2198 2248 2326 
begin 2199 
beginning 2190 2285 2315 
begins 2248 
begun 2223 
behalf 2262 2281 2310 
belgium 2191 2257 
believed 2190 2289 2352 2355 
believes 2241 2283 
belmont 2290 
beneath 2354 
beneficial 2250 
benefit 2188 2227 2353 
benefitted 2203 
berisford 2195 
bernard 2269 
bet 2228 
bev 2296 
beverly 2296 
bfd 2274 
bg 2182 2332 
bgph 2325 
bid 2195 2256 2345 
bidders 2195 
bids 2191 2195 2217 
big 2266 2269 2354 
bigb 2266 
biggest 2187 2256 2287 2352 
bill 2269 
billion 2182 2194 2200 2203 2205 2221 2222 2228 2229 2242 2251 2253 2257 2260 2293 2303 2307 2311 2319 2324 2352 2354 
binghamton 2346 
birmingham 2266 
bishop 2325 
bit 2190 2251 2286 2349 
bites 2329 
bj's 2196 
bko 2251 
blah 2181 2183 2207 2216 2220 2244 2263 2302 2313 2327 2328 2330 2336 2341 
blends 2231 
blk 2333 
bloc 2242 
block 2195 2251 
blocker 2333 
board 2189 2198 2230 2248 2251 2259 2268 2278 2308 2312 2318 2349 2351 
boeing 2180 
boing 2180 
bond 2214 2228 2245 2262 2272 2273 2288 2293 
bonds 2228 2247 2262 2293 
booking 2273 
boost 2197 2202 2242 
boosted 2269 
boosts 2224 
borrowed 2269 
borrowing 2307 
boston 2316 
bottoming 2197 
bought 2206 2224 
boulder 2265 
bourse 2199 2257 2288 2293 
bout 2228 
bp 2262 
bp.l 2262 
bpd 2231 
bpgf 2257 
branch 2218 2242 2257 
branches 2257 
brands 2325 
brazil 2190 2203 2261 2290 2326 2355 
brazilian 2261 2326 
bread 2294 
bread-making 2217 
breakdown 2349 
breakdowns 2349 
brennan 2269 
breweries 2185 2215 
bring 2197 2242 2289 
brings 2206 
britain 2195 2278 2286 2354 
britain's 2257 
british 2180 2195 2249 2255 2262 2318 
broke 2219 2256 
broker 2246 2257 
brokerage 2228 2260 2287 
brokers 2228 
brothers 2184 
brown 2182 2209 2332 
brown-forman 2274 
brussels 2191 
bty.l 2255 
budged 2354 
budget 2228 2278 2336 2352 
building 2229 2280 2282 
buildup 2271 
bull 2351 
bulletin 2223 
bullish 2228 
bundesbank 2197 
burden 2197 
burdens 2305 2351 
bureaucracy 2242 
burlington 2347 
burnham 2258 2269 
burns 2271 
business 2206 2239 2242 2251 2269 2287 2307 2318 2354 
businesses 2251 2284 
buy 2202 2224 2228 2246 2250 2257 2291 2296 2306 
buyback 2189 
buyer 2251 
buyers 2228 2251 
buying 2195 2206 2228 2239 2246 
buys 2240 2271 
bv 2262 
c-rated 2284 
cabinet 2197 
cadb.l 2289 
cadbury 2289 
cadbury-schweppes 2289 
cahit 2246 
cairo 2231 
calabasas 2255 
calculating 2203 
calendar 2290 2319 
calif 2325 
calif. 2180 2208 2234 2241 2255 2275 2283 2285 2291 2297 2321 2325 
california 2218 
called 2242 
calling 2306 
calls 2197 2242 
calprop 2337 
camillo 2193 
campus 2218 
canada 2203 2212 2225 2248 2249 2278 2286 2287 2290 2320 2341 
canadian 2203 2225 2248 2287 
canary 2264 
cancer 2241 
capabilities 2312 
capel 2228 
capital 2184 2193 2197 2228 2235 2257 2260 2262 2271 2278 2306 2318 2324 2352 
carcass 2226 
card 2210 
cards 2202 
care 2312 
carefully 2351 
cargill 2223 
cargo 2310 
cargoes 2206 2239 
caribbean 2290 
carmel 2353 
carried 2246 
carries 2284 
carry 2293 
carryforward 2353 
carryforwards 2350 
cash 2198 2200 2233 2297 2318 
cash-short 2222 
cassette 2210 
casualties 2267 
casualty 2225 
casualty-property 2225 
catalog 2269 
caught 2242 
caused 2197 2267 2271 2329 
causing 2305 
cautious 2228 
cb 2236 
cbsi 2240 
cbtf 2236 
cc-bank 2202 
cent 2324 
center 2325 
centered 2299 
centraal 2197 
central 2197 2354 
centrale 2202 
centrally-planned 2242 
century 2223 
cereal 2191 
cereals 2217 
certificates 2258 
cfsg 2331 
cfsgr 2331 
cfsgw 2331 
chairman 2197 2247 2251 2257 2268 2269 2278 2292 2307 2310 2349 2351 2352 
chamber 2352 
chance 2229 
chances 2228 
chanelling 2202 
change 2182 2193 2197 2228 2269 
changed 2182 
changing 2354 
chapter 2314 
charge 2194 2221 2234 2253 2260 2265 2273 2317 
charged 2289 
charges 2273 2289 2317 2326 
charles 2292 
chase 2290 
chatsworth 2285 
chemical 2307 
chemicals 2307 
chemotherapeutic 2241 
chicago 2226 2227 2281 2300 2321 
chief 2184 2268 2287 2292 2312 
childhood 2305 
children 2305 
chrysler 2198 2235 
cie 2199 
cif 2206 
cincinnati 2259 2329 
circle 2242 
cited 2223 2287 
city 2275 2294 2321 
clayton 2352 
clear 2190 
clearing 2228 
clements 2307 
cleveland 2307 
client 2281 
clients 2334 
close 2228 2262 2299 2327 2354 
closed 2187 2228 
closely 2354 
closes 2187 
clouded 2296 
clubs 2196 
cmb 2290 
co-manager 2277 
coatings 2307 
cobalt 2186 
collaboration 2299 
collateralised 2200 
collateralized 2273 
collection 2305 
collier 2289 
colman 2209 
colo 2265 
colo. 2318 
columbia 2249 
combined 2180 2200 2251 2272 
comercial 2290 
coming 2228 
comment 2228 2247 2251 2286 2289 2349 2352 
commenting 2352 
comments 2286 
commerce 2181 2190 2203 2229 2282 2286 2352 
commercial 2274 
commerical 2329 
commission 2195 2217 2219 2224 2232 2247 2258 2261 2264 2268 2277 2281 2295 2315 2331 
commitment 2229 2242 2278 
commitments 2184 
committed 2289 
committee 2184 2191 2195 2222 2226 
commodity 2223 
common 2209 2219 2224 2259 2268 2281 2284 2291 2295 2301 2306 2331 
commonn 2314 
communicates 2226 
communications 2212 2218 2255 
communist 2242 2256 
communities 2247 
community 2191 2202 2232 2240 2245 2354 
company 2180 2182 2186 2187 2189 2193 2194 2196 2198 2207 2210 2218 2219 2220 2221 2225 2235 2237 2248 2249 2251 2254 2260 2261 2265 2268 2271 2274 2277 2283 2284 2285 2287 2289 2291 2292 2296 2297 2299 2301 2306 2307 2311 2312 2314 2317 2318 2319 2322 2331 2343 2353 
company's 2307 2318 
comparable 2269 2300 
compared 2186 2269 2307 2354 
compares 2228 
comparisons 2269 
comparitive 2269 
compensation 2305 
compete 2242 2287 
competition 2287 
competitive 2197 2242 2354 
competitiveness 2197 2352 
competitivity 2242 
competitors 2242 
complained 2267 
complains 2267 
complete 2240 2251 2271 
completed 2323 2325 
completely 2197 2283 2310 
completes 2323 2325 
completion 2301 2318 
comprised 2239 2278 
compromise 2251 
computer 2218 2317 
conable 2355 
conceivable 2326 
concern 2197 2251 2326 
concerned 2195 2226 2287 
concerns 2351 
concerted 2354 
concession 2200 2272 
concluded 2318 
conditions 2187 2228 2251 2271 
conducted 2282 
confemetal 2256 
conference 2257 2286 
confidence 2197 
confident 2287 
conflict 2287 
conflicting 2197 
congestion 2326 
conglomerate 2287 
congress 2226 2352 
conn. 2225 2334 2348 
consent 2251 2301 
conservative 2228 
consideration 2251 2318 
considered 2269 
consistently 2269 
consolidate 2265 2324 
consolidated 2186 2257 2260 
consortium 2290 
conspiracy 2317 
constant 2351 
construction 2229 
consumer 2197 2203 2269 
container 2353 
contemplated 2297 
continental 2258 
continue 2203 2226 2246 2278 2287 2307 
continued 2203 2228 2269 2314 2326 
continuing 2219 2269 2278 
contract 2218 2280 2285 2317 2318 2343 
contracts 2246 2317 
contribution 2269 
control 2226 
controlled 2193 2242 
controlling 2278 
controls 2299 
convenience 2210 
conversion 2235 
convert 2235 
convertible 2235 2277 2295 2315 
converting 2235 
convinced 2228 2242 
cooperation 2354 
copelco 2331 
copper 2186 
copy 2197 
corn 2183 2217 2264 
cornelissen 2287 
corner 2223 
corning 2193 
corning's 2193 
corporate 2274 2277 2307 2315 2330 2351 
corporation 2210 2222 
corrected 2249 
corrects 2249 
cos 2204 2221 2253 
cost 2239 2343 
costs 2265 2273 2280 2296 
cough 2305 
council 2226 
counsel 2305 
counter 2251 
countries 2190 2203 2242 2349 2354 
country 2186 2203 2269 2282 2326 
coupled 2297 
coupon 2185 2214 2215 2243 2245 2262 2288 2293 
courier 2224 
courses 2318 
court 2251 2317 
cover 2250 2324 
covered 2271 2283 
covering 2274 2277 
covers 2280 
cpb 2197 
cpp 2337 
creating 2242 2354 
credit 2197 2202 2210 2221 2272 2280 2316 
credited 2271 
credito 2290 
creditors 2242 2290 
credits 2221 2242 2253 2309 2335 
creditwatch 2284 
criminal 2317 
crisis 2326 
critical 2263 2278 
criticised 2197 
crops 2246 
cross 2354 
crow 2184 
cruces 2343 
crude 2187 2231 
crystal 2246 
ct 2198 2227 2338 
cuellar 2267 
cumulative 2248 2290 2315 
curb 2229 
currencies 2181 2190 2286 2352 2354 
currency 2221 2228 2242 2264 2286 2354 
current 2188 2190 2206 2212 2219 2221 2228 2231 2247 2253 2267 2273 2287 2307 2309 2345 2349 2352 2355 
curtail 2242 
customer 2273 
cut 2197 2228 2231 2296 2352 2354 
cuts 2281 
cypress 2297 
czarnikow 2246 
czekierska 2242 
d- 2247 
daily 2264 
dal 2319 
dallas 2301 2306 
damage 2267 2271 
danger 2330 
dangers 2352 
data 2194 
datametrics 2285 
datatmetrics 2285 
david 2223 
davis 2305 
day 2228 2231 2288 2326 
days 2247 2318 2331 
dayton 2269 
dbh 2283 
dco 2297 
de 2199 2257 2267 2288 2290 2293 2310 2326 2354 
deal 2190 2202 2226 2240 
dealers 2228 2287 
dealing 2257 2289 
dealings 2281 2289 
deals 2224 2289 
debate 2197 
debentures 2235 2277 2295 
debt 2190 2197 2242 2258 2261 2269 2274 2278 2284 2290 2296 2315 2326 2328 2330 2333 2349 2351 2355 
debt-to-asset 2351 
debts 2190 
dec 2227 2261 2270 2281 
decapitalization 2296 
december 2304 2337 
decided 2264 2318 
decides 2228 
decision 2195 2197 2201 2251 2287 2310 
decisions 2247 
declared 2198 2230 2259 2308 
decline 2190 2197 2228 2242 
declined 2203 2228 2251 2299 2300 2349 2352 
declining 2278 
decrease 2246 
decreased 2300 
decree 2251 2282 
defended 2197 
deficit 2190 2228 2278 2336 2352 
deficits 2278 2352 
definitive 2240 2322 
defraud 2317 
dela. 2205 
delayed 2228 
delays 2280 
delegate 2226 
delegates 2226 
deliberately 2267 
deliver 2285 
delivered 2180 
delta 2313 2319 
demand 2223 2269 
demanded 2195 
demonstrated 2290 
demonstration 2343 
denied 2197 
dennis 2305 
denominated 2245 
denominations 2200 2272 2288 2293 
denys 2307 
department 2201 2251 2269 2286 2289 2305 
departure 2242 
depend 2221 
dependence 2197 
dependent 2206 
depositary 2315 
depositors 2222 
depreciation 2278 
depressed 2269 
dept 2181 2190 2352 
deputy 2242 
design 2343 2344 
designated 2203 
designer 2344 
designs 2344 
destinations 2232 
destroyed 2283 
detail 2232 
details 2217 2282 2289 
deterioration 2326 
determine 2283 2352 
determined 2221 
detroit 2198 2235 
devaluations 2242 
develop 2343 
developed 2210 2242 2329 2349 
developing 2233 2284 
development 2194 2307 2317 2324 2343 
diagnostic 2329 
diagnostics 2329 
diamond-bathurst 2283 
differences 2241 
differentiations 2190 
difficult 2354 
difficulties 2349 
dificult 2197 
digital 2218 2255 2343 
diluted 2236 
diptheria 2305 
direct 2257 2287 
directed 2242 
direction 2278 
directly 2287 
director 2290 2307 2354 
directors 2251 2268 2312 
disappointed 2269 
disappointment 2228 
disclose 2203 
disclosed 2237 2294 2325 2334 2344 
disclosing 2247 
disclosure 2247 
discomfort 2354 
discount 2197 2206 2228 2287 
discuss 2286 
discussing 2260 2299 
disdmutase 2271 
disease 2226 
disinflationary 2278 
disorders 2271 
dispute 2303 2310 
disputed 2251 
distortions 2354 
distribution 2227 2233 2294 
district 2317 
div 2211 2213 2238 2279 2332 2339 2340 2346 2347 2348 
diverge 2242 
diversify 2312 2324 
divestitures 2287 
divided 2228 2257 
dividend 2198 2221 2230 2238 2248 2259 2308 2332 2337 
dividends 2203 2315 
division 2184 2210 2223 2297 2354 
dlr 2181 2190 2218 2219 2222 2229 2242 2251 2272 2273 2274 2277 2307 2315 2316 2327 2333 2352 2353 2354 
dm 2285 
dmcz 2285 
dodge 2315 
dollar 2181 2190 2197 2221 2228 2262 2278 2286 2327 2352 2354 
dollars 2221 2324 
domco 2320 
domco-industries-ltd 2320 
domestic 2197 2242 2269 2288 2293 2352 
door 2344 
doubling 2259 
doubt 2290 2352 
douglas 2180 
dow 2287 
downgraded 2296 
drama 2354 
drastic 2326 2354 
drastically 2284 
drew 2228 
drexel 2258 2269 
drilling 2251 2333 
driving 2354 
drop 2228 2278 
dropped 2186 
drug 2226 2271 2305 
drugs 2226 2271 
du 2245 
dual-currency 2262 
dual-lite 2348 
ducommun 2297 
due 2185 2189 2197 2200 2203 2214 2215 2235 2243 2258 2269 2272 2277 2280 2290 2295 2354 
duisenberg 2197 
durable 2269 
durham 2292 
dutch 2197 2221 2262 2310 
dutch/shell 2221 
e.f. 2250 
earlier 2196 2202 2203 2204 2208 2246 2254 2260 2290 2303 2307 2310 2352 
early 2197 2228 2246 2253 2262 2269 
earn 2182 2188 2190 2193 2194 2196 2198 2203 2205 2211 2212 2213 2216 2221 2227 2230 2234 2236 2238 2249 2252 2253 2259 2260 2265 2266 2270 2273 2275 2276 2279 2290 2298 2303 2304 2307 2308 2309 2312 2316 2320 2332 2333 2335 2337 2338 2339 2340 2342 2346 2347 2348 2350 2353 
earned 2260 
earning 2257 
earnings 2186 2196 2203 2260 2287 2291 2296 2303 2307 
easier 2242 
east 2242 2257 2269 
east-germany 2257 
easter 2269 
eastern 2278 2323 2349 2351 
eastman 2244 2271 
ec 2183 2191 2217 2230 2264 2354 
ec's 2202 
economic 2190 2197 2242 2278 2286 2326 2349 2351 2352 2354 2355 
economist 2190 2228 2286 
economy 2197 2242 2351 
ecu 2245 2354 
ecus 2191 2217 2232 2245 
edelman 2269 
edge 2354 
edison 2230 
edouard 2257 
edward 2269 
effect 2197 2226 2242 
effective 2227 2235 2308 
effort 2222 
efh 2250 
egg 2354 
egpc 2231 
egypt 2187 2231 2324 
egyptian 2231 
eight-year 2180 
ek 2271 
elaborate 2352 
elect 2307 
elected 2184 
election 2228 2268 
electric 2272 2334 
electronics 2210 
eleven 2228 
eli 2241 
eligibility 2314 
eliminate 2352 
emergency 2222 
employees 2257 2317 
employers 2197 2256 2310 
ems 2197 
en 2197 
enables 2202 
encourage 2242 
encouraging 2278 
end 2310 2326 2352 
ended 2182 2192 2196 2203 2204 2208 2252 2254 2270 2275 2291 2312 
endemic 2329 
ending 2265 
ends 2205 
energy 2245 2275 2301 2333 2343 
engelhard 2216 2230 
engineering 2268 2270 
england 2228 2318 
enquiry 2289 
enter 2287 
entered 2294 2301 
entering 2273 
enterprise 2242 2303 
enterprises 2242 2296 2309 
enters 2210 
entrepo 2237 
enzn 2271 
enzon 2244 2271 
enzymes 2271 
equal 2198 2221 2248 
equalizer 2352 
equation 2354 
equipment 2218 2234 2237 2255 2258 2317 
equitable 2305 
equity 2233 2271 2318 2342 2351 
eradication 2226 
eric 2354 
ericsson 2218 
espirito 2290 
essential 2352 
establish 2226 
established 2203 
establishing 2226 
establishment 2226 2282 2352 
estate 2194 
estimate 2197 2203 
estimated 2246 2257 2303 
estimates 2228 
euratom 2245 
eurobond 2200 2272 
europe 2200 2294 2354 
european 2181 2190 2191 2193 2197 2202 2232 2242 2245 2264 2286 2352 2354 
evanston 2238 
event 2354 
eventually 2226 
evidence 2278 
examines 2314 
excellent 2269 2354 
excess 2328 
excessive 2278 
exchange 2186 2190 2197 2218 2219 2221 2224 2228 2240 2242 2247 2257 2258 2261 2262 2268 2277 2278 2281 2282 2284 2289 2295 2314 2315 2323 2326 2327 2331 2345 2354 
exchangeable 2293 2315 
excise 2305 
exclude 2311 
excludes 2212 2309 2316 2333 2350 2353 
exclusive 2210 
executive 2287 2289 2292 2312 
executives 2307 
exercise 2331 
exeuctive 2184 
existing 2195 2257 
expansion 2203 2242 2263 
expect 2262 2269 2305 2307 2354 
expectations 2242 2269 
expected 2197 2255 2257 2265 2269 2290 2318 2343 
expects 2203 2222 2240 2290 2307 2312 2318 
expenses 2203 2265 
expensive 2223 
expert 2354 
expire 2189 2331 
explained 2354 
explaining 2251 2318 
explanation 2195 
explodes 2283 
explosion 2283 
export 2183 2191 2197 2217 2232 2246 2264 
export-import 2190 2286 2352 
export-oriented 2242 
exported 2246 
exporting 2354 
exports 2231 2242 2264 2326 2354 
exposed 2262 
exposure 2203 
expressed 2197 2251 
expressing 2286 
extend 2318 
extends 2189 
extension 2189 
extent 2352 
extinguishment 2333 
extra 2206 2280 
extraordinary 2194 2212 2227 2275 
extremely 2190 
f0000 2251 
f0003 2252 
f0004 2253 
f0006 2254 
f0020 2255 
f0021 2256 
f0022 2257 
f0027 2258 
f0033 2259 
f0035 2260 
f0040 2261 
f0041 2262 
f0042 2263 
f0051 2264 
f0052 2265 
f0053 2266 
f0054 2267 
f0055 2268 
f0056 2269 
f0057 2270 
f0058 2271 
f0064 2272 
f0067 2273 
f0072 2274 
f0074 2275 
f0076 2276 
f0080 2277 
f0088 2278 
f0102 2279 
f0109 2280 
f0134 2281 
f0135 2282 
f0145 2283 
f0146 2284 
f0147 2285 
f0153 2286 
f0156 2287 
f0158 2288 
f0159 2289 
f0161 2290 
f0162 2291 
f0165 2292 
f0167 2293 
f0170 2294 
f0177 2295 
f0181 2296 
f0183 2297 
f0184 2298 
f0186 2299 
f0196 2300 
f0202 2301 
f0203 2302 
f0215 2303 
f0216 2304 
f0234 2305 
f0236 2306 
f0237 2307 
f0239 2308 
f0240 2309 
f0241 2310 
f0256 2311 
f0257 2312 
f0260 2313 
f0262 2314 
f0263 2315 
f0269 2316 
f0270 2317 
f0273 2318 
f0280 2319 
f0281 2320 
f0286 2321 
f0287 2322 
f0288 2323 
f0292 2324 
f0295 2325 
f0298 2326 
f0299 2327 
f0301 2328 
f0302 2329 
f0306 2330 
f0310 2331 
f0315 2332 
f0318 2333 
f0324 2334 
f0325 2335 
f0330 2336 
f0332 2337 
f0335 2338 
f0336 2339 
f0337 2340 
f0338 2341 
f0341 2342 
f0354 2343 
f0357 2344 
f0362 2345 
f0363 2346 
f0364 2347 
f0365 2348 
f0366 2349 
f0370 2350 
f0371 2351 
f0373 2352 
f0375 2353 
f0377 2354 
f0379 2355 
f0686 2181 
f0688 2182 
f0689 2183 
f0691 2184 
f0692 2185 
f0693 2186 
f0694 2187 
f0699 2188 
f0700 2189 
f0704 2190 
f0705 2191 
f0718 2192 
f0720 2193 
f0722 2194 
f0727 2195 
f0728 2196 
f0734 2197 
f0739 2198 
f0742 2199 
f0746 2200 
f0749 2201 
f0750 2202 
f0752 2203 
f0754 2204 
f0762 2205 
f0765 2206 
f0766 2207 
f0777 2208 
f0779 2209 
f0782 2210 
f0786 2211 
f0788 2212 
f0790 2213 
f0791 2214 
f0793 2215 
f0795 2216 
f0804 2217 
f0808 2218 
f0811 2219 
f0812 2220 
f0829 2221 
f0836 2222 
f0853 2223 
f0860 2224 
f0861 2225 
f0873 2226 
f0880 2227 
f0883 2228 
f0884 2229 
f0892 2230 
f0896 2231 
f0905 2232 
f0911 2233 
f0912 2234 
f0913 2235 
f0914 2236 
f0915 2237 
f0916 2238 
f0927 2239 
f0930 2240 
f0933 2241 
f0939 2242 
f0944 2243 
f0945 2244 
f0952 2245 
f0965 2246 
f0989 2247 
f0993 2248 
f0996 2249 
f0997 2250 
face 2242 
facilities 2187 
facility 2283 
facing 2317 
fact 2354 
factor 2251 2287 2300 2302 2311 2313 2319 2354 
factories 2246 2256 
fairly 2181 2190 2269 2286 2352 
fairmont 2236 
fall 2197 
falls 2228 2269 2313 2319 
farmers 2195 
fashions 2269 
faster 2351 
fauber 2269 
fault 2326 
favor 2247 2305 
favorable 2269 
favored 2305 
favors 2247 
favourably 2197 
favoured 2197 2242 
fda 2226 2271 
features 2245 
feb 2208 2224 2279 2281 
febc 2323 
febrfuary 2302 
february 2182 2192 2197 2204 2208 2254 2269 2300 2303 2311 2312 2313 2319 2345 2354 
fed 2263 2278 2327 2328 2330 2349 2351 
federal 2200 2203 2222 2251 2276 2278 2317 2349 2351 2352 
federated 2269 
federation 2197 
feed 2217 
feeling 2269 
fees 2245 
fell 2186 2203 2319 2354 
fellner 2228 
fenner 2233 
ferruzzi 2195 
fewer 2331 
field 2251 2307 2352 
fields 2203 
fifo 2221 
figure 2197 2310 
figures 2186 2221 2227 2228 2231 2310 2311 2337 2354 
file 2247 
filed 2241 2251 2258 2261 2274 2277 2295 2314 2315 2331 
files 2258 2261 2274 2315 
filing 2219 2224 2258 2268 2281 
filling 2246 
filter 2284 
final 2201 2221 2248 2279 
finalising 2282 
finalized 2251 
finance 2180 2197 2228 2247 2257 2277 2278 2280 2290 
finances 2197 
financial 2184 2199 2202 2236 2237 2287 2296 2307 2331 2354 
financier 2257 
financiere 2199 2257 
financing 2352 
finanziaria 2299 
find 2251 
finding 2251 
fine 2317 
fines 2317 
finish 2228 
firm 2197 2224 2228 2233 2284 2287 2291 2299 2306 2307 
firmly 2197 
firms 2206 2229 2299 2354 
firstier 2292 
fiscal 2182 2194 2196 2203 2291 2352 
five-year 2180 
fix 2278 2352 
fixed 2206 
fla 2317 
fla. 2209 2308 
flat 2208 
flea 2329 
flexibility 2352 
flights 2321 
floated 2257 
flows 2352 2354 
fluctuations 2206 2262 
fluids 2284 
fnv 2310 
focus 2352 
folding 2344 
follow 2242 
fonds 2293 
food 2271 2299 
force 2251 2256 
forecast 2197 2203 2228 2257 
forecasting 2197 2228 
forecasts 2197 2228 
foreign 2186 2190 2197 2228 2242 2257 2278 2299 2326 2354 
forget 2326 
form 2198 2229 
formal 2289 
formed 2219 
formulation 2241 
fort 2209 2210 2308 
fortune 2228 
foster 2352 
fought 2228 
found 2268 2317 
founded 2257 
four-for-three 2227 
four-year 2210 
fourth 2186 2196 2203 2221 2265 2303 
fractional 2198 
framingham 2192 2194 2196 
franc 2280 2288 2293 
francaise 2288 
france 2199 2217 2257 2264 2278 2286 2288 2293 2326 2354 
franco 2326 
francs 2185 2215 2243 2257 2288 2293 
frankfurt 2202 
frazer 2317 
fred 2197 
free 2191 2217 
freer 2242 
freight 2239 2326 
french 2217 2257 2288 2294 
fresh 2242 2269 
friction 2197 
friday 2267 2326 2354 
frights 2354 
front 2228 
fronts 2278 2352 
frst 2292 
fsgt 2293 
fslic 2222 
fuji 2185 2215 
fulfil 2242 
full 2202 2221 2228 2247 2262 2303 
full-year 2303 
fully 2233 2283 
functions 2287 
fund 2242 2245 2261 2305 2349 
fundamental 2228 
fundamentally 2354 
fundamentals 2228 
funded 2226 2285 
funding 2222 2305 
funds 2257 
furnace 2283 
future 2195 2198 2203 2206 2257 2265 
futures 2345 
g-5 2354 
g-6 2278 
gain 2188 2194 2197 2221 2242 2253 2269 2275 2331 2333 2350 2353 
gains 2228 2269 2316 2350 
game 2228 
gancia 2193 
garantie 2288 
gas 2303 
gave 2206 2343 2354 
gazeta 2326 
gebrueder 2280 
gecc 2272 
gemcraft 2273 
gemh 2273 
general 2197 2203 2228 2231 2261 2267 2269 2272 2274 2277 2310 2315 
generale 2245 2257 2293 
generally 2269 
generate 2290 
geneva 2267 
genuine 2278 
geoffrey 2289 
georgia 2295 
gerald 2184 
german 2197 2202 2217 
germans 2197 
germany 2197 2202 2257 2278 2286 2354 
geronimus 2257 
gestion 2257 
gglf 2295 
gijsen 2197 
gilt 2228 
girozentrale 2290 
give 2186 2251 2280 2289 
giving 2224 2245 2257 
glass 2193 
glassmaker 2283 
glidden 2307 
glw 2193 
gmp 2347 
gmt 2262 
gnp 2197 2278 
goal 2197 
goals 2278 
gold 2188 2249 2279 
golden 2184 2354 
goldman 2228 2261 2277 2295 
golf 2318 
good 2223 2251 2269 
goods 2242 2354 
gout 2271 
government 2195 2197 2200 2203 2225 2242 2251 2256 2257 2282 2326 
government-controlled 2186 
graaf 2310 
gradual 2223 2278 
grain 2183 2191 2217 2223 2232 2264 
gramm-rudman-hollings 2278 
grands 2293 
granted 2201 2217 2250 
grants 2191 2255 
graphics 2325 
great 2200 
greater 2218 2235 2242 
green 2347 
greenstein 2269 
grenfell 2289 
grew 2354 
gross 2269 2278 
grounds 2251 
group 2182 2184 2193 2196 2199 2202 2219 2221 2225 2240 2250 2257 2262 2268 2289 2297 2318 2331 2332 2349 2351 2354 
groups 2269 
grow 2269 2307 
growers 2195 
growth 2197 2269 2278 2287 2307 2351 2352 
gruppo 2195 
guarantee 2242 
guaranteed 2185 2215 2262 2274 2293 
guessing 2228 
guilder 2197 2262 2310 
guilder/dollar 2221 
guilders 2221 2310 
guilty 2317 
gulf 2282 2295 
h.j 2295 
habbema 2326 
halcyon 2224 
hale 2228 
half 2228 2255 2269 2309 2326 2335 2354 
half-point 2228 
hall 2354 
halted 2326 
hambros 2209 2257 2272 
hand 2190 
handling 2284 
hanson 2307 
harbour 2326 
hard 2242 2251 
hardware 2269 2344 
harmful 2228 2349 
harris 2277 2281 
hartford 2225 
hayashi 2354 
head 2184 2326 2355 
headed 2297 2324 
heading 2223 
headquarters 2257 2265 
health 2312 
healthy 2278 
hearing 2317 
hearings 2317 
heart 2271 
heavily 2349 
heavy 2197 2280 2287 2351 2352 
heck 2314 
hedi 2324 
held 2233 2260 2273 2326 
heldring 2197 2262 
helped 2354 
henderson 2307 
herds 2226 
hex 2314 
hhot 2234 
high 2187 2203 2228 2233 2237 2269 2271 
higher 2198 2203 2269 
highly 2228 2354 
historic 2223 2354 
historical 2354 
hit 2196 2326 
hitk 2334 
hog 2226 
hold 2219 2228 2306 2326 
holder 2219 
holders 2198 2221 2230 2235 2308 
holding 2228 2246 2257 2260 2299 2344 
holdings 2287 
holds 2268 
holmes 2298 
home 2269 2344 
homeclubs 2196 
honor 2229 
hoop 2298 
hooper 2298 
hope 2251 
hoping 2242 2257 
hora 2354 
hospitals 2329 
hotel 2318 
hotels 2316 2318 2334 
house 2222 2228 2239 2247 2260 2282 2305 
household 2351 
houses 2217 2228 
houseware 2269 
houston 2213 2251 2273 2303 2318 2333 
howell 2269 
ht 2251 
hudson 2269 
huge 2352 
huges 2220 
hughes 2251 
humphries 2312 
hutton 2250 
hyperuricemia 2271 
ibc 2294 
ici 2307 
idea 2291 
identified 2278 2318 
idle 2326 
ii 2233 
ilfc 2180 
ill. 2238 2309 
image 2346 
imbalance 2354 
imbalances 2354 
imf 2349 
immediately 2251 2267 2289 
impact 2190 2193 2197 2203 2221 2247 2269 2283 
imperial 2203 2307 
implement 2219 
implementation 2278 
implications 2195 2284 
implied 2296 
import 2246 2352 
importance 2354 
important 2197 2278 2354 
imports 2354 
imposed 2242 2251 
impossible 2190 
imprisonment 2317 
improve 2187 2297 2352 
improved 2203 
improvement 2290 2354 
improvements 2318 
improving 2242 
inc's 2314 
inc. 2223 
incentives 2242 
inception 2189 
include 2219 2227 2284 2305 
included 2202 
includes 2188 2194 2218 2221 2234 2253 2273 2275 2316 2333 2335 2342 2350 
including 2245 2247 2265 2326 
income 2193 2203 2212 2250 2260 2269 2307 
incorporation 2202 
increase 2197 2242 2246 2257 2259 2269 2273 2296 2303 2308 2312 2324 
increased 2203 2290 2300 2303 2307 2351 
increases 2269 2303 
increasing 2242 
incurred 2280 
ind. 2210 
indebted 2349 
indefinitely 2278 
index 2228 
india 2206 
indian 2206 
indianapolis 2226 
indication 2282 
indications 2190 
indictments 2317 
individual 2226 
individuals 2317 2334 
indonesian 2303 
industrial 2354 
industriale 2299 
industrialist 2193 
industries 2233 2307 2312 2320 
industry 2195 2197 2210 2242 2246 2256 2275 2280 2287 2352 
inefficient 2242 
infections 2329 
inflated 2310 
inflation 2197 2256 
inflicted 2267 
inflow 2278 
inflows 2352 
influenced 2228 
infringement 2241 
infringing 2241 
infusion 2222 
ingredients 2278 
inhibited 2228 
initial 2209 2250 2271 2278 2280 
initially 2189 
initiative 2190 2278 
injection 2241 
injured 2305 
injuries 2283 2305 
innovative 2233 
inputs 2242 
inquiry 2287 
insider 2289 
inspector 2203 
installations 2210 
installed 2317 
institutions 2222 2287 
instrument 2255 
instrumentation 2291 
insurable 2305 
insurance 2222 2260 2283 
insures 2222 
int'l 2241 
integrated 2329 
integration 2202 
intend 2287 
intends 2307 2324 
intent 2202 2291 
intention 2284 2286 
inter-releated 2352 
interest 2186 2197 2203 2228 2244 2250 2258 2261 2262 2271 2278 2287 2288 2293 2301 2326 2352 2354 
interests 2233 2251 2289 
interim 2292 
international 2180 2193 2197 2201 2206 2209 2220 2228 2241 2242 2251 2286 2316 2321 2349 2352 2354 
interstate 2261 2294 
intervention 2232 2354 
interview 2242 
introduced 2242 
inventories 2269 
inventory 2221 
invest 2324 
invested 2233 
investigate 2343 
investigation 2289 
investment 2202 2224 2242 2260 2271 2278 2279 2281 2287 2312 2318 
investments 2197 2224 2233 
investor 2219 2247 
investors 2219 2228 2257 2262 2297 2352 
inviting 2246 
involved 2247 2349 
involvement 2287 2318 
involving 2303 2354 
ippi 2241 
iran 2246 
iraq 2246 
ireland 2232 
irena 2242 
iri 2299 
irish 2232 
irvine 2325 
island 2180 
islands 2264 
israel 2264 
israel-based 2353 
israeli 2353 
issuance 2331 
issue 2185 2200 2214 2215 2223 2243 2245 2258 2262 2277 2288 2290 2317 
issued 2195 2288 2310 
issues 2185 2200 2214 2215 2243 2245 2272 2273 2288 2293 
issuing 2185 2200 2215 2245 2272 2288 2293 
istituto 2299 
italian 2318 
italiano 2290 
italy 2195 2299 
itau 2290 
item 2294 
items 2269 
j.c. 2269 
jabobs 2268 
jacobs 2268 2299 
jacques 2310 
jacquet 2294 
jacz.z 2299 
james 2190 2228 
jan 2182 2194 2205 2253 2266 2275 2304 2309 2320 2335 
janeiro 2326 
january 2182 2184 2196 2197 2199 2203 2251 2252 2310 2354 
janusz 2242 
japan 2185 2215 2228 2229 2255 2278 2286 2352 2354 
japan- 2354 
japan-u.s. 2354 
japanese 2229 2242 2286 2303 2354 
javier 2267 
jc 2269 
jcp 2269 
jec 2268 
jeff 2269 
jeremy 2228 
jersey-based 2210 
jet 2180 
jets 2180 
jim 2222 2247 
job 2352 
jobless 2197 
jobs 2197 2242 
johannesburg 2279 
john 2247 
johnson 2263 2269 2278 2327 2328 2330 2349 2351 
joined 2184 
joint 2210 2273 2287 2294 2299 
jointly 2226 
jordan 2239 
jorge 2326 
joseph 2268 
july 2264 2310 2315 
jumped 2260 2300 
june 2194 2221 2287 2321 2324 
junk 2247 
justice 2251 
jutland 2214 
kabul 2267 
kaczura 2242 
kaczurba 2242 
kaines 2239 
kansai 2229 
kansas 2294 
keeping 2197 2351 
key 2197 2242 2336 2352 
killing 2267 
kistler 2251 
kits 2329 2344 
km 2187 2269 
kml 2353 
kodak 2244 2271 
kogyo 2243 
kohlberg 2303 
kravis 2303 
kreir 2187 
kwacha 2186 
ky. 2274 
kyle 2318 
l'agriculture 2288 
l'union 2288 
l.p. 2281 
la 2299 
laboratories 2305 2329 
labour 2256 2310 2326 
lake 2321 
lambert 2258 2269 
land 2273 
landes 2219 
landesbank 2290 
large 2197 2352 
largely 2228 
larger 2209 2303 
largest 2307 
largo 2317 
las 2343 
late 2186 2198 2310 
latest 2197 2198 2228 
latin 2290 
latters 2228 
lauderdale 2209 2308 
launch 2289 2307 
launched 2214 
launching 2243 
laurentian 2225 
law 2242 2251 2305 
laws 2289 
lawsuit 2251 
lawsuits 2305 
lay 2242 2326 2354 
laying 2354 
ldc 2328 2349 
lead 2185 2186 2200 2215 2223 2226 2228 2243 2245 2250 2258 2261 2272 2277 2288 2293 2326 
leaders 2197 
leading 2257 2294 
leaks 2197 
leaner 2269 
leao 2326 
lease 2180 2265 2318 
leased 2180 2318 
leases 2180 2237 
leasing 2331 
leave 2284 2318 
leaving 2228 
led 2214 2262 2269 
left 2184 2222 
legal 2195 
legislate 2352 
legislation 2222 2278 2352 
legislative 2305 
lempers 2197 
lent 2228 
leominster 2312 
lesser 2349 2352 
letter 2202 2267 2291 
level 2190 2203 2223 2226 2228 2296 2307 2326 2327 2352 
levels 2190 2269 2271 2351 2352 
leverage 2296 
levied 2305 
lewis 2228 
liabilities 2305 
libra 2290 
licences 2183 2191 2217 
license 2202 2251 2255 
lieu 2198 
life 2225 2245 2262 2265 
lifo 2221 
lifted 2242 
lilly 2241 
limited 2209 
limits 2307 
lincoln 2322 
line 2197 2257 2294 
lines 2242 2311 2313 2319 
linkages 2352 
liquefied 2303 
liquidating 2219 
liquidation 2207 2219 2315 
liquidity 2247 
lisboa 2290 
list 2334 
listed 2200 2242 2245 2257 2272 
listing 2200 2314 
litigation 2253 
livestock 2226 
living 2326 
lly 2241 
lm 2218 
lng 2303 
load 2300 2302 2311 2313 2319 2330 2351 
loaded 2187 
loan 2203 2222 2262 
loans 2203 2261 2271 
local 2218 
lochalsh 2318 
lodge 2318 
loeb 2269 
logical 2242 
london 2195 2200 2201 2228 2232 2239 2246 2272 2289 2290 
london-based 2290 
long 2222 2352 
long-term 2195 2228 2261 2274 2278 2293 2305 
longer 2312 
loosening 2197 
los 2180 2307 2321 2337 
lose 2326 
losing 2312 
loss 2186 2188 2203 2221 2227 2234 2249 2252 2270 2275 2276 2303 2309 2310 2312 2316 2333 2335 2342 2350 2353 
losses 2186 2203 2212 2221 2222 2228 2303 2310 2342 
lot 2269 
lots 2245 
louis 2182 2311 2332 
louisville 2274 
louw 2310 
low 2204 2253 2343 
lowe 2204 2253 
lower 2197 2203 2213 2246 
lowered 2281 2296 
lowest 2223 
lows 2223 
lp 2233 
lse 2289 
ltx 2335 
ltxx 2335 
luis 2326 
lump-sum 2305 
lusaka 2186 
luxembourg 2200 2245 2257 2272 
lyle 2195 
lynch 2233 
maatschappij 2262 
machine 2210 
machines 2210 
made 2186 2190 2197 2222 2248 2251 2278 2289 2291 2301 2326 2351 2352 
madrid 2202 2256 
main 2197 2199 2256 2278 2326 
maintain 2203 2278 
maintaining 2278 2286 2308 
maize 2183 2217 2264 
major 2197 2202 2219 2257 2260 2269 2280 2286 2307 2317 2351 2352 2354 
majority 2195 2257 
make 2197 2233 2242 2247 2255 2261 2310 2318 2352 
maker 2344 
makes 2206 2251 2344 2354 
making 2228 2279 2286 2341 
malcolm 2229 
malvern 2283 
management 2191 2200 2245 2260 2262 2272 2287 2297 2303 2350 
manager 2185 2200 2215 2243 2245 2258 2272 2277 2293 
managers 2209 2242 
managing 2224 2290 
managment 2318 
manchester 2237 
manhattan 2290 
manuel 2278 2349 2351 
manufacture 2255 
manufacturer 2193 
manufacturers 2253 2305 
manufacturing 2210 2233 2265 2301 
map 2324 
mar/apr 2206 2239 
marc 2257 
margaret 2228 
margins 2269 
marine 2326 
mark 2197 2354 
market 2191 2197 2199 2203 2214 2217 2228 2231 2242 2255 2262 2273 2280 2282 2288 2312 2331 2351 2352 2354 
market-related 2210 
marketing 2210 2223 2241 2271 
markets 2223 2228 2242 2273 
marking 2228 
marks 2228 
mart 2269 
martial 2242 
mass. 2192 2194 2196 2312 2335 
massive 2354 
materials 2270 2284 
matures 2245 
maximises 2354 
maximize 2219 
maximum 2191 2217 
maxx 2196 
mbf 2287 
mcdonnell 2180 
md 2180 
md-83 2180 
md110 2218 
mdt 2340 2348 
mdwy 2300 
meaning 2354 
measures 2305 
mechanism 2305 
med 2331 
medical 2252 2265 
mediq 2331 
medium 2261 2262 2355 
medtronic 2340 
meet 2197 
meeting 2242 2251 2259 2268 2278 2287 2306 2352 
meliane 2324 
member 2184 2226 2240 
members 2247 
mer 2233 
mercantil 2326 
mercantile 2205 
merchandise 2269 
merchant 2197 2326 
merge 2251 
merger 2184 2195 2219 2220 2251 
meridian 2329 
meridionale 2299 
merit 2247 
merrill 2233 
met 2195 2246 2251 2286 
metal 2256 
metermaster 2297 
mexico 2190 
meyers 2295 
mfs 2250 
michael 2219 2287 
microwave 2255 
mid-1988 2228 
midafternoon 2228 
midland 2259 
midway 2300 
mike 2226 
miles 2300 2311 2319 
million 2260 
mind 2352 
mineral 2227 
mines 2186 
mining 2186 
minister 2197 2228 2229 2242 2246 2257 2310 2326 
ministries 2242 
ministry 2197 2257 2282 2354 
minneapolis 2223 2252 2265 2340 
minority 2299 
minus 2239 
miriam 2317 
miss 2196 
mitsubishi 2290 
ml 2233 
mla 2259 
mmc 2195 
mmt 2250 
mo. 2294 2332 
model 2242 
moderation 2354 
moment 2197 2228 2326 
monarch 2180 
monday 2197 2257 2310 
monetary 2197 2242 2278 2349 2352 
money 2197 2228 2288 
money-fx 2181 2190 2286 2327 2352 2354 
monopolies 2195 
monopolises 2186 
monopoly 2195 
monroe 2269 
montgomery 2269 
month 2197 2233 2242 2246 2261 2269 2297 2300 2310 
monthly 2199 2293 
months 2223 2254 2287 2289 2319 2326 2343 
montreal 2225 2248 2320 
moored 2326 
moratorium 2355 
morgan 2269 2289 
moritorium 2355 
morning 2187 
moroccan 2324 
morocco 2264 2324 
mortgage 2203 2273 
mortgage-related 2273 
mountain 2347 
moussa 2257 
move 2197 2228 2235 2289 2307 2331 
moved 2278 
movement 2326 
movements 2354 
moving 2265 2354 
mr. 2219 
mst 2205 
mthly 2213 
mths 2205 2249 2252 2298 2304 
multimarket 2250 
murdoch 2334 
murilo 2326 
murine 2329 
music 2306 
mutual 2251 
n'diaye 2324 
n't 2242 2269 2354 
n.a 2290 
n.c. 2204 2253 
n.h. 2237 
n.j. 2230 2254 2260 2298 2331 2350 
n.m. 2343 
n.y. 2193 2240 2271 2346 
nakasone 2229 
named 2184 2268 2277 2292 
names 2184 2292 
nancy 2257 
nanticoke 2323 
nasdaq 2331 
nashville 2306 
nation 2242 2349 2352 
national 2195 2226 2238 2240 2278 2290 2326 
nationalisation 2257 
nationalised 2257 
nations 2223 2267 2349 2352 2354 
natural 2303 
navy 2343 
ncw 2197 
near-term 2312 
nearby 2187 
nearer 2310 
necessarily 2354 
nederland 2262 
needed 2197 2242 2278 2352 
negotiating 2349 
negotiations 2349 
nervous 2251 
net 2182 2186 2188 2193 2194 2196 2203 2205 2212 2221 2227 2234 2236 2249 2252 2253 2260 2266 2270 2273 2275 2276 2279 2281 2290 2298 2304 2309 2316 2320 2333 2335 2337 2338 2342 2350 2351 2353 
netherlands 2197 2262 2310 2326 
netted 2260 
network 2218 2317 
networking 2287 
newark 2208 2260 
newport 2325 
news 2228 2257 2282 2324 
newspaper 2326 
newspapers 2246 
newtown 2348 
nfu 2195 
nichols 2240 
nichols' 2240 
night 2251 
nikko 2200 
nil 2270 2279 2338 
nipon 2334 
no-fault 2305 
nominal 2257 2288 2293 
nominee 2268 
non-accrual 2203 
non-callable 2272 
non-european 2232 
non-exclusive 2255 
non-inflationary 2263 2278 
non-interest 2203 
non-opec 2231 
nonetheless 2351 
nonperforming 2261 
normal 2228 2326 
north 2204 2253 2255 
notably 2228 
note 2182 2188 2194 2212 2227 2228 2234 2249 2253 2273 2275 2304 2309 2316 2333 2335 2337 2342 2350 2353 
noted 2197 2228 2242 2269 2284 2305 
notes 2185 2215 2221 2243 2258 2301 
noting 2197 
nppc 2226 
nppc's 2226 
nuclear 2276 2280 
number 2209 2235 
numbers 2269 
numerical 2278 
nv 2262 
nwbl.l 2290 
nyfe 2345 
nyse 2314 2345 
oakland 2321 
objective 2278 2354 
obligation 2273 
obligations 2318 
obscuring 2354 
occurrence 2269 
october 2182 2203 2219 2291 
oeh 2318 
offence 2289 
offences 2289 
offer 2248 2256 2257 2258 2261 2273 2274 2277 2331 2345 
offered 2209 2233 2257 2280 2287 
offering 2209 2233 2248 2250 2258 2261 2277 2295 2315 
offerings 2295 
offers 2228 2246 
office 2324 2325 
officer 2184 2292 2312 
official 2197 2200 2231 2242 2305 2326 
officials 2187 2195 2197 2222 2228 2231 2242 2257 2282 2286 2326 2354 
offset 2197 2203 
often-fatal 2271 
ohio 2338 
ohio-based 2307 
oil 2187 2213 2228 2231 2234 2251 2268 
omaha 2292 
omnilab 2312 
one-for-100 2306 
onno 2197 
ontario 2287 
opec 2231 
open 2196 2264 2282 
opened 2287 2324 2325 
opening 2257 
openings 2196 
opens 2264 2324 
oper 2212 2309 2316 2333 2350 2353 
operating 2317 
operation 2202 2257 2317 
operations 2225 2251 2260 2265 2283 2287 2307 
operators 2242 
opinion 2228 
opposed 2247 
opposes 2247 
optical 2343 
optics 2343 
optimism 2198 
optimistic 2228 2326 2349 
option 2246 2250 2306 2318 
options 2206 2224 
order 2242 
ordinary 2221 
organ 2271 
organised 2256 
organization 2256 2310 
orient-express 2318 
ortner 2181 2190 2286 2352 
outcome 2242 2251 
outflow 2197 
outlet 2271 
outlined 2190 
outlook 2197 
output 2186 2231 
outshone 2269 
outstanding 2198 2219 2281 2284 2315 
outstandings 2261 
over-the-counter 2331 
overallotments 2250 
overly 2269 
overseas 2235 2352 
oversee 2184 
oversight 2226 
overvalued 2190 
owned 2195 2221 2257 2303 2331 
owner 2287 
owners 2195 
ownership 2193 2195 2287 
owns 2303 
oxygen 2271 
ozark 2311 
pa. 2283 2323 
pace 2351 
pacific 2276 
packaging 2312 
pacn 2276 
pact 2255 2294 2354 
paid 2194 2198 2288 2293 
pain 2294 
paint 2325 
paints 2307 
pakistan 2267 
pakistan's 2267 
pakistani 2267 
pallas 2257 
paper 2274 
par 2214 
par-priced 2262 
paradyne 2317 
paragraphs 2195 
parent 2235 2274 2299 
pari.pa 2199 
paribas 2199 
paris 2183 2199 2217 2257 2264 2286 2288 2293 
park 2318 
parke 2305 
parliamentary 2197 
part 2219 2226 2269 2310 2326 2331 2352 
partially 2203 
participate 2229 
particulars 2190 
parties 2301 
partly 2203 2354 
partner 2197 2224 
partners 2233 2352 
partnership 2224 2233 2281 
parts 2297 
party 2228 
passed 2282 2289 
passenger 2300 2311 2319 
passes 2282 
past 2198 2246 2247 2354 
patent 2241 
patents 2344 
paul 2352 
paula 2234 
paulo 2326 
pause 2228 
pay 2190 2211 2213 2238 2265 2318 2326 2332 2339 2340 2346 2347 2348 
payable 2198 2221 2230 2258 2259 2279 2308 2315 2318 
paying 2200 2272 2326 
payment 2185 2200 2214 2215 2243 2245 2262 2272 
payments 2186 2203 2242 2261 2262 2265 2326 
payout 2211 2213 2308 2346 
pays 2200 2272 2308 
pazzianotto 2326 
pcc 2224 
pct-owned 2342 
pct-owner 2287 
pd 2315 
pdn 2317 
peak 2354 
peaked 2354 
peaks 2354 
peg 2271 
peg-catalase 2271 
peg-superoxide 2271 
peg-uricase 2271 
pegasus 2188 2249 
pegging 2197 
penal 2228 
pence 2221 
pending 2240 2273 
penney 2269 
pennsauken 2331 
peoples 2323 
per-share 2227 
perceived 2228 
perez 2267 
performance 2198 2354 
performers 2269 
period 2182 2186 2227 2246 2247 2249 2251 2252 2269 2300 
periodic 2354 
periods 2253 
permit 2229 
person 2268 
personal 2229 2286 
personally 2190 
persons 2305 
perspective 2351 
pertain 2317 
pertamina 2303 
peter 2228 2290 
petition 2314 
petroleum 2187 2210 2221 2231 2262 2303 
pgu 2188 
pgulf 2188 2249 
pharmaceutical 2241 2271 
pharmaceuticals 2307 
phase 2343 
phelps 2315 
philadelphia-based 2237 
phillips 2228 
phoenix 2321 
physicians 2329 
picture 2354 
pierce 2233 
pierre 2257 
pierson 2197 2262 
pilot 2226 
pipeline 2187 
pipelines 2187 
place 2251 2267 2354 
placement 2288 
plan 2220 2226 2265 2284 2287 2305 2310 2355 
plan-a-flex 2344 
planbureau 2197 
planes 2267 
planned 2257 2287 2296 2318 
plans 2196 2201 2258 2262 2284 2287 2296 2307 2310 
plant 2280 2283 
planted 2223 
plastics 2301 
play 2242 
playing 2352 
plaza 2190 2354 
plc 2180 2195 2221 2255 2262 2289 2290 2307 
plc-nv 2299 
plunged 2231 
plywood 2253 
point 2190 2228 2256 2286 
points 2228 2257 
poland 2242 
poles 2242 
policies 2190 2197 2223 2242 2278 2352 
policy 2197 2226 2242 2278 2352 
polish 2242 
political 2197 2228 
poor 2284 2296 
pork 2226 
port 2187 2310 2326 
portion 2296 
posed 2351 
poses 2352 
position 2184 2202 
positions 2219 
positively 2269 
possibilities 2287 
possibility 2228 
post 2184 
post-split 2198 2235 2308 
posted 2269 
posting 2269 
posture 2203 
potential 2349 
potentially 2228 
pound 2221 2228 
power 2211 2280 2289 2347 
praecipuum 2245 
pre-budget 2228 
pre-split 2198 2259 
pre-tax 2194 2279 
preceded 2257 
precise 2278 
predictable 2305 
prediction 2222 
prefer 2228 
preferable 2305 
preference 2248 2290 2315 
preferred 2248 2261 2284 2331 
preliminary 2201 2301 
prepared 2305 
present 2228 2317 
president 2184 2197 2292 2312 2324 2355 
presplit 2230 
pressure 2228 
pretax 2273 2290 2316 
previous 2186 2212 2228 2246 2345 
previously 2251 2265 2287 2303 
previously-announced 2322 
price 2185 2206 2214 2215 2228 2243 2251 2257 2263 2271 2278 2297 2303 2354 
price-support 2223 
priced 2181 2190 2200 2245 2255 2272 2286 2352 
prices 2206 2223 2224 2231 2235 2242 2281 
primarily 2226 
prime 2228 2229 2354 
principle 2219 2318 
printer/plotters 2285 
prior 2203 2211 2213 2238 2273 2332 2335 2337 2339 2340 2346 2347 2348 
priority 2258 
private 2218 2242 2291 2352 
privately 2228 2233 2260 
privately-held 2291 2301 
privatisation 2257 
privatised 2199 2257 
privee 2257 
prnciple 2225 
problem 2352 2354 
problems 2226 2242 2352 2354 
proceed 2201 2242 
proceeding 2310 
proceedings 2314 2317 
proceeds 2261 2274 2277 2284 2296 2312 2315 2318 
process 2271 2349 
processes 2233 
processing 2284 2287 
processor 2195 
procurement 2317 
produce 2231 
produced 2223 2231 
producers 2226 2305 
producing 2203 2223 2305 
product 2241 2255 2269 2278 2307 2329 
production 2186 2226 2231 2246 2299 
products 2210 2241 2265 2312 
profit 2186 2188 2203 2227 2234 2249 2252 2257 2269 2275 2276 2309 2316 2333 2350 
profitable 2284 
profits 2197 2242 2290 2307 2354 
program 2189 2198 2219 2226 2305 2307 
programs 2226 2269 2287 
progress 2278 2352 
project 2226 
projects 2257 2285 2344 
promises 2305 
promissory 2301 
promotion 2278 2287 2334 
promotional 2269 
prompt 2269 
prompted 2235 
proof 2242 
proper 2352 
properties 2318 
property 2316 
proportion 2228 
proposal 2219 2247 2251 2261 
proposals 2247 
propose 2305 
proposed 2251 2295 2303 2306 2312 
proposes 2207 2219 
propping 2242 
prospect 2312 
prospects 2267 2296 
prospectus 2248 
protection 2247 
protectionism 2242 
protectionist 2278 2352 
protein 2271 
protest 2310 
prototype 2343 
prove 2228 
provide 2202 2242 2247 2251 2271 2305 
provided 2280 
providing 2195 2290 
provision 2203 2303 
provisioning 2203 
provisions 2203 
provoke 2352 
prudential 2260 
prudential-bache 2260 
prv 2226 
pse 2199 
pseudorabies 2226 
public 2209 2250 2257 2262 
publicly 2331 
published 2197 
publishes 2197 
publishing 2334 
pump 2251 
purchase 2202 2271 2291 2301 2307 2331 
purchased 2198 
purchaser 2251 
purchasers 2303 2318 
purchases 2206 2352 
purolator 2224 
purposes 2261 2274 2277 2315 
pushing 2222 
put 2310 
putting 2247 
qrtz 2270 
qtly 2211 2238 2332 2339 2340 2346 2347 2348 
qtr 2182 2188 2194 2205 2212 2221 2227 2234 2238 2249 2252 2253 2265 2266 2270 2275 2276 2298 2304 2309 2312 2316 2320 2332 2335 2337 2342 2350 
qualified 2268 
quality 2226 2242 
quarter 2186 2196 2203 2221 2223 2265 2269 2291 2303 2309 2312 2315 2316 2335 
quarterly 2198 2216 2230 2248 2259 2308 2315 2339 2340 2347 2348 
quarters 2221 
quartz 2270 
question 2197 2349 
questioned 2197 
questions 2351 
quick 2278 2352 
quickly 2307 
quota 2197 
quoted 2199 2246 2288 2293 2326 
rabat 2324 
raids 2267 
raise 2258 2296 2318 
raised 2198 2224 2230 
raises 2216 
rand 2279 
range-finder 2343 
ranging 2190 2224 2269 2281 
rapid 2329 2351 
rare 2354 
ras 2231 
rate 2190 2197 2221 2226 2228 2262 2288 2327 2341 2353 2354 
rates 2197 2228 2242 2278 2280 2352 2354 
rating 2296 
ratios 2351 
raw 2246 
ray 2184 
raymond 2197 
re-examining 2223 
re-rating 2228 
reach 2290 
reached 2201 2210 2219 2303 2318 
reacted 2197 
reaction 2286 
reactions 2305 
ready 2307 
reaffirming 2242 
reagan 2305 
real 2194 2223 2269 2352 2354 
realignment 2197 
realistic 2242 
reasonable 2312 
reasoning 2242 
reasons 2228 
rebate 2217 2264 
rebuild 2283 
recalculation 2235 
recapitalization 2284 
receivables 2273 
receive 2235 2306 
receiveable 2261 
received 2226 
receiving 2251 
recent 2203 2206 2223 2228 2289 2290 2296 2326 2351 2354 
recently 2197 2242 2246 2286 2295 2307 
recently-acquired 2311 
recommend 2229 2268 
recommendation 2195 2226 2247 
record 2198 2211 2213 2221 2230 2238 2254 2259 2285 2308 2332 2339 2340 2346 2347 2348 
records 2289 
recovery 2223 
redbook 2269 
redeem 2315 
redeemable 2248 2290 
redeemed 2262 
redeeming 2235 
redemption 2235 2262 
redstone 2285 
reduce 2193 2197 2251 2284 
reduced 2197 
reducing 2197 2223 2352 
reduction 2242 2336 2352 
reductions 2269 
reduiced 2303 
redundancies 2310 
redundancy 2310 
referred 2242 
refinancing 2349 
refinancings 2349 
reflect 2182 2198 2242 2273 
reflected 2269 2296 
reflecting 2197 2354 
reflects 2194 
reforms 2242 2349 
refund 2191 
refused 2286 
regain 2242 
regard 2190 2286 
regime 2267 
regional 2257 2324 
register 2279 
registration 2258 2274 2277 2315 
regular 2332 
regulatory 2240 2322 
reinforce 2257 
reiterating 2278 
reject 2256 
rejected 2191 2217 2256 
rejects 2191 
related 2260 2265 
relating 2352 
relations 2324 
relationship 2354 
relationships 2226 
relative 2228 
released 2231 
relevant 2289 
reliance 2278 
relieve 2228 
remain 2198 2269 
remainder 2303 
remaining 2242 
remains 2195 2292 2349 
remarkable 2354 
remarkets 2237 
remodeling 2344 
rene 2257 
renegotiation 2349 
renewal 2242 
renewed 2197 
rental 2210 2234 
repay 2274 2315 
repayments 2290 
replenishment 2222 
reply 2287 
report 2195 2202 
reported 2196 2260 2282 2287 2291 2303 2307 2324 
reporters 2222 2287 
reporting 2203 2249 
represent 2242 
representative 2267 2352 
representing 2251 
represents 2195 2315 
repurchase 2189 2198 2296 
repurchased 2189 
request 2267 2289 
requested 2219 2289 
requests 2289 
require 2247 2251 
required 2251 
requires 2197 2235 2352 
rescheduled 2251 
rescission 2273 
research 2307 2354 
reserve 2278 2349 2351 2352 
reserve's 2278 
reserved 2257 
reserves 2273 
residuals 2273 
resigned 2289 
resins 2307 
resisting 2228 
resists 2228 
resolution 2278 
resolved 2349 
resort 2352 
resources 2237 2318 
respect 2317 
response 2197 2242 2269 2349 2351 
responsibility 2247 
responsibilty 2282 
responsible 2242 2251 
rest 2257 2283 
restated 2182 2303 2337 
restatement 2303 
restates 2303 
restored 2242 
restrictions 2242 2247 2352 
restructure 2287 2310 
restructuring 2221 2284 
result 2217 2228 2251 
results 2182 2203 2221 2226 2227 2269 2290 2303 2353 
resume 2256 
retail 2269 2287 
retailers 2269 
retailing 2269 
retain 2257 2318 
retained 2290 
retains 2184 
retaliate 2229 2352 
retaliation 2229 2352 
retire 2245 2274 
retirement 2253 
retractable 2248 
return 2203 2306 2312 
returns 2228 2278 
rev 2194 
revaluation 2197 
revalued 2197 
revenue 2300 2305 2311 2319 
revenues 2251 2303 
reversal 2253 
reverse 2306 
review 2219 2271 
reviewing 2314 
revs 2182 2188 2205 2212 2227 2234 2249 2270 2276 2298 2304 2316 2320 2333 2337 2338 2342 2350 2353 
rhetoric 2354 
richardson 2218 
richmond 2250 
rickettsii 2329 
ricostruzioni 2299 
ridge 2298 2350 
righs 2344 
rights 2210 2271 2331 
rigid 2349 
rigidity 2328 2349 
rigolleau 2193 
rigs 2333 
rio 2326 
rise 2197 2223 2228 2256 2262 2326 2354 
rises 2228 2302 2311 
risk 2224 2296 
risks 2330 2351 
risky 2349 
robert 2190 2286 2352 
roberts 2303 
robertson 2209 
robot 2343 
rochester 2271 
roebuck 2269 
rogers 2223 
role 2184 2242 2349 
rome 2299 
romilly 2312 
room 2257 
rose 2186 2197 2203 2260 2269 2287 2300 2311 2319 2354 
rosenfeld 2184 
ross 2208 2305 
rost 2208 
rotterdam 2310 
round 2267 
route 2201 
rowena 2228 
royal 2221 2287 2290 2318 
royalty 2213 
rth 2213 
rubens 2326 
ruding 2197 
running 2326 2352 
rwevs 2298 
ry.to 2290 
s.a. 2193 2294 
s.a.y 2312 
s.a.y. 2312 
s/p 2284 2296 
sa 2245 2290 
sachs 2228 2261 2277 2295 
sacramento 2321 
safe 2226 
safecard 2308 
safely 2226 
safer 2228 
said.. 2324 
sailed 2187 
sale 2194 2207 2214 2219 2239 2251 2261 2284 2297 2312 2316 2325 2345 
sales 2182 2186 2192 2204 2206 2208 2221 2228 2251 2252 2253 2254 2266 2269 2273 2275 2284 2296 2297 2307 2309 2318 2325 2334 2335 2344 2354 
salomon 2184 
salt 2321 
same-store 2208 
sanctions 2242 
santa 2234 
santander 2202 
santo 2290 
santos 2326 
sao 2326 
sapporo 2185 2215 
satisfy 2228 
savings 2200 2222 2322 
saxon 2306 
sayi 2312 
sb 2184 
sbp 2325 
sbvz.z 2290 
sc 2221 
scale 2267 
scene 2326 
scheduled 2317 
schoufour 2310 
schwartz 2219 
schwatz 2219 
science 2350 
scitex 2342 
scixf 2342 
scotland 2318 
seaco 2318 
seamen 2326 
sears 2269 
seas 2187 
season 2223 
seasonally 2269 
seasons 2246 
seat 2300 2311 2319 
seats 2345 
sec 2219 2247 2295 
secretary 2190 2195 2229 2267 
sector 2242 2310 
secured 2258 2271 2296 
securities 2200 2219 2224 2247 2250 2258 2260 2261 2268 2274 2277 2281 2287 2295 2315 2331 2352 
security 2317 
seek 2195 2349 
seeking 2246 2326 
sees 2203 2222 2265 2307 2330 2351 
segment 2307 
select 2305 2343 
selected 2343 
selkirk 2212 
sell 2206 2219 2225 2251 2257 2284 2318 2334 
sellers 2206 
selling 2200 2219 2245 2272 
sells 2231 2239 2297 2345 
semi-official 2246 
senate 2229 
senior 2190 2284 2286 2296 2305 2326 2354 
sentence 2317 
sentiment 2197 
september 2197 2219 2228 2258 2285 2354 
series 2242 2248 2310 
serve 2197 
service 2190 2201 2219 2251 2273 2290 2325 2334 
services 2218 2233 2260 2287 2308 2331 2334 
servicing 2210 
set 2203 2228 2257 2264 2282 2331 2354 
setback 2228 
sets 2198 2211 2216 2230 2255 2259 2308 2339 2340 2346 2347 2348 
settled 2310 
settlement 2199 2253 2303 
settlements 2273 
seven-year 2262 
severance 2265 
severe 2269 2271 
sf 2308 
sfcd 2308 
sfr 2185 2214 2215 2243 
shad 2247 
share 2189 2194 2196 2198 2203 2209 2219 2221 2227 2230 2248 2250 2257 2265 2281 2287 2291 2299 2304 2306 2312 2315 2323 2331 2337 
shared 2206 
shareholder 2207 2219 2240 2268 2287 
shareholders 2209 2251 2257 2287 2289 2331 
shareholders' 2306 
shareholdings 2290 
shares 2189 2198 2199 2209 2219 2221 2224 2235 2248 2250 2257 2259 2261 2268 2271 2281 2284 2289 2290 2295 2298 2306 2308 2315 2323 2331 
sharp 2228 2354 
sharply 2197 
sheet 2290 2297 
shekels 2353 
shelf 2274 2295 
shell 2221 
shelves 2269 
sherlock 2298 
ship 2187 2310 2326 
shipment 2206 2239 2246 
shipped 2255 
ships 2326 
shoe-town 2254 
shop 2306 
shops 2196 
short 2287 
short-term 2222 2228 
shortage 2228 
shortening 2247 
show 2354 
showing 2228 
shr 2182 2188 2194 2205 2212 2221 2227 2234 2236 2249 2252 2253 2266 2270 2273 2275 2276 2279 2298 2304 2309 2316 2320 2333 2335 2337 2338 2342 2350 2353 
shrs 2182 2253 2266 2273 2298 2335 2337 2342 2350 2353 
shu 2254 
side 2352 
sidi 2187 
siggi 2268 
sign 2251 2269 
signal 2228 
signed 2202 2237 2240 2255 2280 2291 2305 2306 2322 
significance 2354 
significant 2351 
signing 2251 
signs 2228 2294 2306 
similarly 2351 
simply 2354 
single 2228 
sinking 2245 
sis 2338 
sisb 2338 
situation 2278 2349 2352 
six-month 2228 
six-year 2245 
sliding 2344 
slifka 2224 
slow 2197 2223 
slowing 2197 2278 
sluggish 2269 
small 2242 2257 2269 2354 
sme 2299 
smg 2350 
smin 2227 
smith 2233 2277 2292 
snc 2290 
snst 2316 
so-called 2247 
soar 2351 
social 2310 2317 
socialist 2256 
societa 2299 
societe 2257 2293 
soft 2191 2269 
softer 2269 
software 2317 
sogenal 2257 
solar 2275 
sold 2197 2206 2239 2251 2281 2297 2318 2329 2345 2354 
solid 2202 2284 
solidarity 2242 
solr 2275 
solution 2336 2352 
solutions 2278 
solving 2242 2352 
somalia 2324 
somona 2218 
sonesta 2316 
sons 2209 
sooner 2278 
sought 2246 
sources 2197 2214 2217 2228 2256 2257 2264 2282 
south 2326 2347 
south-africa 2279 
southeast 2187 
southern 2227 
southwest 2269 
soviet 2242 
spa 2290 2299 
spain 2202 2256 2326 
spanish 2256 
speaker 2222 2247 
speaking 2190 2352 
special 2217 2234 2264 2293 2306 
specialises 2290 
specializing 2271 
specialty 2269 2301 
specific 2251 2267 2289 2349 
specifically 2242 
speculative 2228 
spending 2197 2269 2278 2307 
spent 2224 2307 
spin 2331 
split 2194 2198 2216 2230 2235 2259 2304 2306 2308 
spokane 2188 
spokesman 2186 2195 2197 2280 2286 2289 2299 2326 
spokeswoman 2289 2317 
sponsored 2190 2352 
spring 2269 
springboard 2210 
st. 2182 2311 2332 
stabilised 2242 
stability 2195 2263 2278 2286 
stabilize 2231 
stable 2197 2278 
stages 2271 
stake 2219 2224 2257 2268 2271 2281 
stakes 2299 
stamford 2334 
standard 2284 2296 2325 
stanley 2269 2344 
start 2197 2201 2267 2354 
started 2269 2310 
starting 2258 2310 
startup 2273 
state 2218 2226 2242 2251 2293 2299 
state-owned 2299 2303 
statement 2198 2202 2247 2251 2258 2277 2290 2315 2331 2343 
statements 2286 2352 2354 
states 2226 2229 2286 2307 2352 
status 2242 2314 
stay 2197 2228 
steady 2197 2228 
stearns 2269 
stephen 2228 
stephens 2209 
steps 2297 2352 
sterling 2221 2228 2307 2354 
sterling/dollar 2221 
stg 2228 2290 
stgn.pa 2257 
stick 2197 
stimulate 2352 
stock 2189 2193 2194 2197 2198 2216 2219 2224 2227 2230 2235 2240 2248 2257 2259 2261 2281 2282 2284 2287 2289 2291 2295 2296 2301 2304 2306 2308 2314 2337 2345 
stockbroker 2257 
stockbrokers 2199 
stockholder 2219 
stop 2195 2228 2305 
stoppage 2326 
stopped 2242 
store 2196 2269 2325 
stores 2196 2205 2208 2210 2269 
story 2354 
strain 2228 
strasbourg 2257 
strategic-metal 2186 
streamline 2242 
street 2351 
strength 2269 
stressed 2286 
stresses 2278 
stressing 2242 
strictly 2242 
strike 2326 
strike-hit 2310 
strikes 2310 
striking 2326 
stringent 2242 
strong 2187 2228 2257 2269 
stronger 2269 
strongest 2269 
strongly 2228 2352 
structural 2291 
sub-saharan 2264 
subcommittee 2229 2247 2305 
subject 2225 2259 2301 2322 
submersible 2251 
subordinated 2277 2295 2296 
subscribed 2233 
subscriptions 2262 2334 
subsequent 2219 
subsidiaries 2260 2261 
subsidiary 2193 2225 2257 2262 
subsidies 2242 
subsidy 2310 
succeeding 2184 2292 
success 2226 
successful 2278 
successfully 2242 2349 
suchard 2299 
sudan 2324 
suddenly 2354 
sues 2241 
suez 2231 
suez-mediterranean 2187 
suffer 2228 2305 
sufficient 2290 2318 
sugar 2195 2206 2239 2246 
suggest 2269 2305 
suggestion 2197 
suisse 2280 
suit 2241 2251 
suits 2226 
sulfate 2241 
sulz.z 2280 
sulzer 2280 
sum 2221 2291 
supply 2280 2325 
supplying 2218 
support 2197 2242 
suppression 2242 
surcharge 2197 
surged 2228 
surplus 2228 2352 2354 
surpluses 2290 
susan 2269 
suspend 2326 
suspended 2261 
suspension 2203 
sustainable 2228 2278 
svz 2310 
swaps 2299 
sweden 2218 
swiss 2185 2215 2243 2280 2290 2299 
switzerland 2185 2214 2215 2243 2257 2280 
swk 2344 
symbol 2331 
symbols 2331 
syndicate 2209 
syracuse 2240 
system 2197 2202 2211 2240 2242 2331 2343 
systems 2240 2276 2281 2353 
t-bills 2341 
t.j. 2196 
table 2251 
tactics 2352 
taihei 2243 
takeover 2219 2247 2261 
takeovers 2247 
taking 2186 2195 
talk 2222 2228 
talking 2242 
talks 2219 2256 2267 2299 2301 2326 2328 2349 
tam 2288 
tampa 2317 
tanker 2187 
tankers 2187 
tape 2219 
target 2198 2231 2256 2287 
targeted 2287 
task 2343 
tate 2195 
tax 2188 2221 2227 2242 2247 2253 2269 2279 2305 2309 2316 2335 2350 2353 
taxes 2186 2203 2260 
technology 2233 2237 2251 2346 
techvend 2210 
tekelec 2255 
tel 2353 
telecom 2255 
telecommunications 2247 2255 
telemarketing 2334 
telematics 2209 
telephone 2214 2218 2282 
tempe 2270 
temporary 2355 
ten 2257 
tender 2191 2206 2217 2232 2239 2246 
tenn 2306 
tensions 2267 2354 
tentative 2303 
term 2222 2262 2355 
terminal 2187 
terminate 2251 
terminated 2220 
terms 2223 2225 2237 2251 2294 2307 2325 2334 2344 2354 
test 2255 2329 
testimony 2305 
tetanus 2305 
tex 2258 
texas 2218 2247 2251 2258 2268 2303 
texon 2301 
tghe 2318 
thatcher 2228 
the-music-shop 2306 
therapy 2271 
thought 2190 2286 
threatened 2251 
three-for-two 2198 2230 2235 2304 2308 
three-quarters 2228 
thrift 2222 
throwing 2354 
thursday 2267 
tie 2197 
time 2190 2202 2251 2278 2300 2318 
timetable 2226 
timing 2228 
tissue 2271 
tklc 2255 
tme 2293 
today 2187 2191 2217 2228 2231 2239 2246 2251 2260 2264 2267 2317 2326 2352 
today's 2232 2317 
tok 2210 
tokheim 2210 
tokyo 2354 
told 2219 2229 2242 2247 2257 2278 2286 2287 2305 2307 2326 2354 
tomas 2354 
tomorrow 2228 2257 
tonne 2191 2217 2232 2239 2264 
tonnes 2183 2186 2191 2206 2217 2231 2232 2246 
tool 2220 2234 2251 
top 2231 
toronto 2203 2212 2287 
torrance 2291 
total 2203 2219 2221 2245 2257 2265 2281 2307 2310 2318 2326 2354 
totaled 2307 
totalled 2354 
totals 2180 
totowa 2254 
toxicity 2271 
trade 2183 2190 2195 2197 2206 2217 2223 2228 2239 2242 2246 2264 2278 2286 2289 2326 2331 2336 2352 2354 
trade-weighted 2228 
traded 2199 2331 
trader 2239 
traders 2191 2206 2228 2232 2239 2246 
trades 2287 
trading 2197 2199 2221 2224 2242 2282 2352 
traditional 2242 
traditionally 2228 
traffic 2300 
trammell 2184 
trans 2201 2311 
transaction 2180 2193 2294 2322 
transactions 2180 2247 
transfer 2193 
transfers 2193 
transitory 2269 
translated 2221 2353 
translations 2221 
transmitted 2329 
transplants 2271 
transport 2221 2310 2326 
transportation 2201 
trauma 2271 
travaux 2293 
treasury 2190 2286 2305 2352 
treat 2241 
treatment 2271 
tremendous 2354 
trend 2269 2354 
triad 2281 
triangulation 2343 
triggered 2197 
trilon 2287 
troughs 2354 
trsc 2281 
trust 2213 2250 2287 2305 2307 
trust's 2287 
trustco 2287 
trustee 2251 
tuesday 2228 
tunisia 2324 
turkey 2246 
turkish 2246 
turnberry 2318 
turning 2190 2223 
twa 2201 2302 2311 
two-for-one 2194 2259 
txon 2301 
type= 2181 2183 2207 2216 2220 2244 2263 2290 2302 2313 2327 2328 2330 2336 2341 
typhi 2329 
typhus 2329 
u.k 2228 2289 
u.k. 2289 
u.n. 2267 
u.n.-sponsored 2267 
u.s 2181 2190 2200 2201 2222 2269 2286 2305 2352 2354 
u.s. 2190 2218 2221 2229 2242 2251 2269 2271 2273 2278 2285 2286 2328 2336 2343 2349 2352 2354 
uac 2322 
ual 2321 
ubs 2280 
uk 2195 2200 2201 2206 2228 2232 2239 2246 2272 2289 2290 2354 
un.a 2299 
unable 2251 
uncertainties 2203 
uncertainty 2197 2251 
unchanged 2345 
undamaged 2283 
underlying 2354 
undersecretary 2190 2286 2352 
understand 2251 
undertakings 2195 
undervalued 2190 2286 2352 
underway 2223 2250 
underwriter 2261 
underwriters 2250 
underwriting 2200 2245 2272 
underwritten 2262 
undisclosed 2225 2291 
undoubtedly 2354 
unemployment 2197 
unfair 2352 
unfortunate 2349 
unfunded 2285 
unhappy 2310 
unicorp 2322 
unilever 2299 
union 2195 2214 2242 2256 2280 2303 2310 2326 
unions 2256 
unit 2193 2218 2235 2248 2257 2258 2284 2287 2312 2325 2331 2334 2354 
united 2229 2267 2286 2307 2321 2352 
unitel 2207 2219 
units 2264 
university 2218 
unprecedented 2267 
unproc 2290 
unreasonable 2251 
unrest 2326 
unv 2219 
upgrade 2317 
upham 2277 
upheavals 2228 
ups 2308 
upturn 2269 
uric 2271 
usda 2226 
users 2218 
va. 2250 
vaccine 2305 
vaccines 2305 
vail 2318 
valid 2228 
valued 2317 
values 2190 2219 2273 2286 
vancouver 2249 
variable-rate 2288 2293 
variation 2269 
varied 2269 
variety 2278 
vending 2210 
venezuela 2326 
venture 2210 2233 2273 2294 2299 2306 
ventures 2299 
versus 2196 
vessels 2326 
veterinarians 2226 2329 
vice 2184 2278 2349 2351 
vicious 2242 
victory 2228 
video 2207 2210 2219 
vienot 2257 
view 2195 2242 2354 
views 2197 2286 2352 
village 2325 
villages 2267 
vincristine 2241 
virtually 2203 2278 
virus 2226 
visa 2202 
visible 2354 
vitiating 2267 
vno 2197 
voice 2218 
volcker 2352 
voluntary 2314 
vote 2251 2306 
votes 2238 2332 
vt. 2347 
vulnerable 2228 
w. 2292 
w.a 2251 
w.va. 2236 
wage 2190 2197 2256 
wages 2256 
waiting 2187 2326 
wal-mart 2269 
wall 2351 
walnut 2241 
walter 2269 
wanted 2197 2242 
wanton 2267 
ward 2269 
warehouse 2196 
warned 2197 2278 2349 
warns 2328 2349 
warrants 2293 
wars 2242 
warsaw 2242 
wash. 2188 2276 
washington 2190 2219 2222 2224 2228 2229 2238 2242 2247 2261 2268 2278 2281 2286 2295 2305 2349 2351 2352 2355 
watch 2351 
watched 2354 
water 2280 
wayne 2210 
ways 2354 
weak 2269 
weather 2187 2269 
week 2195 2197 2206 2222 2228 2256 2289 2310 
weekly 2191 2217 
weeks 2192 2204 2208 2254 2262 2305 
wehler 2226 
welcomed 2242 
welg.f 2290 
west 2197 2202 2217 2257 2278 2286 2354 
west-germany 2197 2202 2257 2354 
westdeutsche 2290 
western 2242 
westlake 2325 2338 
westminster 2290 
westwood 2335 
wheat 2191 2217 2223 2250 
whelan 2228 
white 2206 2239 2246 
whites 2246 
wholesale 2196 
whooping 2305 
wide 2190 
wilkes-barre 2323 
wilkesboro 2204 2253 
william 2269 2292 
willingness 2352 
wilmington 2205 
wilshire 2268 
wilton 2309 
wilzig 2268 
wim 2197 
winds 2187 
wins 2218 2285 
winter 2269 
wit 2277 
witco 2277 
withdraw 2310 
withdrawing 2310 
withdrew 2261 
wltn 2309 
wnt 2238 
woc 2268 
won 2218 2285 
woodridge 2309 
work 2229 
workers 2256 
workforce 2310 
working 2251 2256 
works 2193 2344 
world 2201 2223 2231 2242 2278 2307 2311 2354 2355 
worldwide 2271 2334 
worried 2354 
worry 2228 
worth 2240 2245 2278 2290 2351 
wounding 2267 
wright 2222 2247 
write-down 2234 
writedown 2273 2333 
writedowns 2273 
writeoffs 2273 
writing 2223 
wyeth 2305 
yasuhiro 2229 
year-ago 2203 
year-earlier 2203 
year-end 2203 
year-to-date 2300 
yearend 2182 
years 2189 2198 2202 2245 2246 2251 2290 2296 2307 2318 2324 2354 
yen 2190 2200 2286 2352 2354 
yesterday 2195 2226 2228 2251 2283 2287 
yeutter 2336 2352 
yield 2293 
york 2184 2189 2201 2211 2219 2221 2224 2233 2258 2269 2277 2284 2296 2304 2314 2315 2318 2322 2339 2342 2344 2345 2352 2353 2354 
young 2233 
zambia 2186 
zambian 2186 
zayre 2192 2194 2196 2269 
zccm 2186 
zeidler 2269 
zinc 2186 
zloty 2242 
zone 2264 
zurich 2185 2214 2215 2243 2257 2280 
zy 2192 2194 2196 
