're 19538 
've 19541 
****** 19487 19501 19513 19537 19545 19547 19550 19568 19569 19573 19587 
-completes 19572 
-fentress- 19577 
-gets 19579 
-group-ne 19493 
-ibc 19480 
-ju 19521 
-producer 19498 
-sta 19487 
-to 19581 
-u.s.-firm 19502 
-u.s.-remain-divid 19546 
-unit 19578 
-will-acq 19585 
/author 19483 19490 19530 19532 19538 19543 19544 19588 19589 
0.2 19490 19513 
0.3 19554 
0.4 19483 
0.5 19554 
0007 19520 
0008 19522 
0011 19550 
0013 19487 19501 19545 19587 
0014 19513 19537 19569 19573 
0015 19547 
0016 19568 
0020 19521 
0022 19518 19519 
0027 19523 
0038 19572 
0039 19524 
0052 19515 
0056 19507 
0059 19561 
0064 19495 19560 
0066 19529 
0070 19579 
0071 19482 19571 19577 
0073 19578 
0076 19562 
0077 19481 
0082 19486 19581 
0084 19551 19566 
0087 19576 
0088 19502 
0089 19505 
0091 19553 
0092 19544 
0093 19504 19538 
0094 19508 
0095 19548 
0097 19483 19498 19557 
0098 19500 19563 19575 19586 
0099 19492 19565 19589 
00:08:35.14 19488 
00:18:54.04 19489 
00:29:32.06 19490 
0100 19493 19503 19531 
0101 19517 
0102 19510 
0103 19494 19564 19580 
0105 19485 19506 19512 19514 19532 19536 19543 19574 
0106 19489 19490 19585 
0107 19496 19567 19584 
0108 19499 19511 19533 
0109 19488 19525 
0110 19497 19528 19555 
0111 19530 19570 
0112 19541 19556 19558 19588 
0113 19491 19509 19527 19534 19539 19540 19542 
0114 19546 19549 19552 
0115 19526 19535 19554 
0116 19516 
0117 19480 19583 
0119 19559 
0128 19484 
0133 19582 
01:18:34.87 19491 
01:54:25.29 19492 
01:58:51.41 19493 
01:59:10.93 19494 
02:02:24.21 19495 
02:10:49.90 19496 
02:43:27.89 19497 
02:56:57.68 19498 
03:25:40.09 19499 
03:40:00.72 19500 
03:45:34.21 19501 
03:45:44.04 19502 
03:48:03.30 19503 
03:49:04.80 19504 
03:52:34.97 19505 
03:53:33.44 19506 
03:54:49.46 19507 
03:55:30.16 19508 
0401 19498 
04:00:12.83 19509 
04:21:42.77 19510 
04:39:30.05 19511 
04:44:17.28 19512 
04:48:15.75 19513 
04:48:35.27 19514 
04:49:17.57 19515 
04:56:42.17 19516 
05:00:38.09 19517 
05:00:46.29 19518 
05:00:59.04 19519 
05:01:04.59 19520 
05:01:32.34 19521 
05:01:37.03 19522 
05:02:33.15 19523 
05:04:07.53 19524 
05:04:23.11 19525 
05:04:52.33 19526 
05:17:55.05 19527 
05:37:18.58 19528 
05:37:57.69 19529 
05:38:10.90 19530 
05:39:34.85 19531 
05:43:41.38 19532 
05:51:54.69 19533 
05:54:08.83 19534 
05:57:40.57 19535 
05:58:45.97 19536 
06-19 19480 19481 19482 19483 19484 19485 19486 19487 
06-29 19488 19489 19490 19491 19492 19493 19494 19495 19496 19497 19498 19499 19500 19501 19502 19503 19504 19505 19506 19507 19508 19509 19510 19511 19512 19513 19514 19515 19516 19517 19518 19519 19520 19521 19522 19523 19524 19525 19526 19527 19528 19529 19530 19531 19532 19533 19534 19535 19536 19537 19538 19539 19540 19541 19542 19543 19544 19545 19546 19547 19548 19549 19550 19551 19552 19553 19554 19555 19556 19557 19558 19559 19560 19561 19562 19563 19564 19565 19566 19567 19568 19569 19570 19571 19572 19573 19574 19575 19576 19577 19578 19579 19580 19581 19582 19583 19584 19585 19586 19587 19588 19589 
06:07:51.00 19537 
06:08:13.16 19538 
06:16:15.62 19539 
06:20:29.45 19540 
06:20:58.62 19541 
06:23:33.24 19542 
06:26:47.78 19543 
06:27:31.93 19544 
06:31:04.77 19545 
06:31:27.43 19546 
06:34:53.80 19547 
06:38:24.74 19548 
06:39:13.28 19549 
06:40:48.66 19550 
06:43:27.07 19551 
06:44:39.60 19552 
0757 19504 
07:02:31.62 19553 
07:03:39.34 19554 
07:05:48.06 19555 
07:08:08.12 19556 
07:10:44.32 19557 
07:11:42.51 19558 
07:12:17.89 19559 
07:12:55.33 19560 
07:17:00.15 19561 
07:18:02.60 19562 
07:20:19.71 19563 
07:20:29.90 19564 
07:27:13.36 19565 
07:27:32.06 19566 
07:27:53.20 19567 
07:37:02.22 19568 
07:38:56.41 19569 
07:58:09.68 19570 
07:58:19.14 19571 
0835 19507 
08:12:33.42 19572 
08:24:48.85 19573 
08:32:00.83 19574 
08:32:12.65 19575 
08:33:47.64 19576 
08:34:41.07 19577 
08:34:51.33 19578 
08:35:17.20 19579 
08:48:04.43 19580 
08:48:10.85 19581 
08:50:57.97 19582 
08:53:19.13 19583 
08:54:29.52 19584 
08:56:52.88 19585 
08:58:34.01 19586 
08:59:06.38 19587 
09:06:31.51 19588 
09:06:40.00 19589 
1,000 19479 19543 19552 19574 19585 
1,200 19512 
1,440 19492 
1,900 19512 
1-1/2 19552 
1-3/8 19548 
1.04 19532 
1.07 19571 
1.09 19493 
1.1 19539 
1.113 19539 
1.21 19493 
1.3 19581 
1.4 19527 
1.466 19559 19560 
1.5 19483 19509 
1.5170/80 19523 
1.52 19567 
1.54 19499 19559 19560 
1.57 19571 
1.6013/23 19523 
1.805 19539 
1.8270/80 19520 19523 
1.9 19585 
1.95 19558 
1/2 19487 19535 19552 
1/4 19535 19542 
10,000 19526 19583 
10.3 19533 
10.6 19569 
10.70 19504 
10.95 19515 19554 
100,000 19526 19530 
100.05 19526 
1000 19523 
109.50 19541 
109.60 19541 
1100 19520 19521 
1130/1132 19524 
114.50 19541 
1155/60/65p 19522 
1160/1165 19524 
1160p 19524 
1180/1190 19524 
12.85 19571 
12.9 19561 
121.55 19510 
1222/1235 19524 
12414 19518 
1263/1280 19524 
1295/1315 19524 
12:01 19498 
13.4 19549 
13.8 19554 
13/16 19533 
131.67 19510 
1324/1325 19523 
13929 19518 
14.16 19571 
1403 19518 
144,000 19517 
146.20/30 19523 
147.45 19548 
15-year 19514 
15.46 19515 
15.8 19509 19561 
16.25 19561 
16.6 19497 19499 19509 19556 19559 19560 19588 
17.15-20 19497 
17.30 19499 
17.35 19497 
17.42 19497 
17.5 19559 
17.7 19559 
171250 19524 
18.2 19549 
18.25 19482 
18.3 19497 19509 19559 19588 
18.45/50 19588 
18.8 19549 
180,000 19482 
18:33:46.37 19480 
18:43:10.53 19481 
18:50:39.88 19482 
18:54:11.35 19483 
19-jun-1987 19480 19481 19482 19483 19484 19485 19486 19487 
19.00 19499 
19.25/35 19588 
19.90 19561 
19.96 19562 
190,000 19570 
19480 19480 
19481 19481 
19482 19482 
19483 19483 
19484 19484 
19485 19485 
19486 19486 
19487 19487 
19488 19488 
19489 19489 
19490 19490 
19491 19491 
19492 19492 
19493 19493 
19494 19494 
19495 19495 
19496 19496 
19497 19497 
19498 19498 
19499 19499 
19500 19500 
19501 19501 
19502 19502 
19503 19503 
19504 19504 
19505 19505 
19506 19506 
19507 19507 
19508 19508 
19509 19509 
1951 19488 
19510 19510 
19511 19511 
19512 19512 
19513 19513 
19514 19514 
19515 19515 
19516 19516 
19517 19517 
19518 19518 
19519 19519 
19520 19520 
19521 19521 
19522 19522 
19523 19523 
19524 19524 
19525 19525 
19526 19526 
19527 19527 
19528 19528 
19529 19529 
19530 19530 
19531 19531 
19532 19532 
19533 19533 
19534 19534 
19535 19535 
19536 19536 
19537 19537 
19538 19538 
19539 19539 
19540 19540 
19541 19541 
19542 19542 
19543 19543 
19544 19544 
19545 19545 
19546 19546 
19547 19547 
19548 19548 
19549 19549 
19550 19550 
19551 19551 
19552 19552 
19553 19553 
19554 19554 
19555 19555 
19556 19556 
19557 19557 
19558 19558 
19559 19559 
19560 19560 
19561 19561 
19562 19562 
19563 19563 
19564 19564 
19565 19565 
19566 19566 
19567 19567 
19568 19568 
19569 19569 
19570 19570 
19571 19571 
19572 19572 
19573 19573 
19574 19574 
19575 19575 
19576 19576 
19577 19577 
19578 19578 
19579 19579 
19580 19580 
19581 19581 
19582 19582 
19583 19583 
19584 19584 
19585 19585 
19586 19586 
19587 19587 
19588 19588 
19589 19589 
1976 19498 
1978 19577 
1980 19495 19530 
1980s 19505 
1982 19485 19486 19577 
1985 19494 19498 19503 19508 19531 19565 
1985/86 19570 
1986 19493 19494 19500 19509 19525 19531 19544 19553 19555 19556 19564 19565 19581 
1986/7 19539 
1986/87 19539 19543 19554 19562 19570 
1987 19497 19499 19500 19509 19527 19532 19556 19559 19560 19564 19565 19571 19588 
1987/88 19539 19551 19554 19570 19586 
1988 19510 19527 19530 19532 19554 19563 19564 
1988/89 19543 
1989 19589 
1990 19510 19516 19544 
1992 19552 
1995 19509 19526 
19:02:50.50 19484 
19:14:24.70 19485 
2,100 19512 
2,131 19492 
2,135 19492 
2,400 19549 19585 
2,401.71 19490 
2,404.64 19490 
2,500 19543 
2,800 19498 
2-1/2 19589 
2.05 19507 
2.0565/75 19523 
2.255 19559 19560 
2.369 19559 19560 
2.4 19539 
2.5 19485 19490 19499 
2.53 19548 
2.6 19565 
2.62 19584 
2.65 19559 
2.7 19539 19585 
2.9 19564 
20,000 19484 
20.30 19499 
20.68 19510 
200.02 19527 
2002 19510 19514 19552 
202.83 19554 
20:08:04.39 19486 
21.16 19562 
213,506 19570 
225-share 19490 
23.3 19549 
23:10:31.25 19487 
24,707.68 19490 
24,902.72 19490 
24-ore 19575 
24.20 19515 
24.25 19483 
24.3 19504 
24.8 19581 
247,469 19507 
25,000 19502 
25,929.42 19490 
25.01 19494 
25.25 19515 
250,000 19589 
253.87 19527 
265.5p 19510 
269,000 19585 
27.2 19510 
274.5 19553 
275p 19510 
28.2 19507 19533 
28.39 19515 
280,000 19527 
29-jun-1987 19488 19489 19490 19491 19492 19493 19494 19495 19496 19497 19498 19499 19500 19501 19502 19503 19504 19505 19506 19507 19508 19509 19510 19511 19512 19513 19514 19515 19516 19517 19518 19519 19520 19521 19522 19523 19524 19525 19526 19527 19528 19529 19530 19531 19532 19533 19534 19535 19536 19537 19538 19539 19540 19541 19542 19543 19544 19545 19546 19547 19548 19549 19550 19551 19552 19553 19554 19555 19556 19557 19558 19559 19560 19561 19562 19563 19564 19565 19566 19567 19568 19569 19570 19571 19572 19573 19574 19575 19576 19577 19578 19579 19580 19581 19582 19583 19584 19585 19586 19587 19588 19589 
29.2 19554 
2901 19518 
299,000 19499 
3,100 19549 
3.30 19536 
3.50 19565 
3.5625 19512 
3.6003 19512 
3.6004 19512 
3.6250 19512 
3.6503 19512 
3.69 19581 
3.75 19511 
3.8 19494 19564 
3.84 19570 
3/8 19535 
30-40 19588 
300,000 19482 
302.6 19501 19507 
31.15 19515 
31.73 19515 
317.95 19494 
31845 19518 
32.87 19562 
33.98 19562 
34-day 19512 
34.2 19554 
35.2 19480 19493 19586 
350,000 19499 
353p 19510 
366.7 19493 19494 
37.42 19515 
37.6 19562 
37.92/95 19523 
381.60 19561 
385p 19510 
389.55 19554 
39.10 19562 
39.6 19554 
390.70 19561 
391.7 19493 
393.31 19538 
393p 19507 
4.08/00 19511 
4.33 19570 
4.50 19565 
4.62 19507 
4.9 19575 
40-mile-per-hour 19583 
400,000 19559 
405.5 19493 
43-day 19512 
437p 19507 
441.25 19519 
444.00-447.00 19521 
444.50-447.50 19521 
445.50-446.00 19521 
445.70-446.20 19521 
446.30 19519 
45.0 19504 
45.2 19493 
45.23 19562 
48.80 19494 
480,000 19482 
49.02 19494 
494.18 19494 
494.70 19553 
499p 19507 
5,000 19502 
5,500 19549 
5.30 19536 
50-day 19512 
50-mark 19553 
500,000 19559 19585 19588 
527.88 19562 
539,500 19519 
54,000 19485 
54.24 19494 
545,750 19519 
55.5 19504 
576p 19507 
585,000 19570 
59.89 19493 
590,000 19570 
592.37 19515 19554 
593.86 19515 
6-13/16 19529 
6-3/4 19529 19552 
6.0 19482 
6.0950/1000 19523 
6.1 19568 
6.4 19554 
6.45 19510 
6.5 19555 
6.8 19532 
601.1 19532 
616.96 19562 
62.50 19573 19579 
63.67 19493 
63.90 19562 
65,000 19498 
65.67 19494 
655.5p 19507 
66.2 19507 
6mm 19492 
7-1/2 19545 
7-3/4 19545 
7.30 19536 
7.5 19487 19490 19509 19568 
7.50 19565 
7.6 19490 
7/8 19533 
7316 19480 
7317 19481 
7318 19482 
7319 19483 
7320 19484 
7321 19485 
7322 19486 
7323 19487 
74.9 19494 
77.17 19562 
77th 19556 
7816 19488 
7817 19489 
7818 19490 
7819 19491 
7820 19492 
7821 19493 
7822 19494 
7823 19495 
7824 19496 
7825 19497 
7826 19498 
7827 19499 
7828 19500 
7829 19501 
7830 19502 
7831 19503 
7832 19504 
7833 19505 
7834 19506 
7835 19507 
7836 19508 
7837 19509 
7838 19510 
7839 19511 
784.4 19493 
7840 19512 
7841 19513 
7842 19514 
7843 19515 
7844 19516 
7845 19517 
7846 19518 
7847 19519 
7848 19520 
7849 19521 
7850 19522 
7851 19523 
7852 19524 
7853 19525 
7854 19526 
7855 19527 
7856 19528 
7857 19529 
7858 19530 
7859 19531 
7860 19532 
7861 19533 
7862 19534 
7863 19535 
7864 19536 
7865 19537 
7866 19538 
7867 19539 
7868 19540 
7869 19541 
7870 19542 
7871 19543 
7872 19544 
7873 19545 
7874 19546 
7875 19547 
7876 19548 
7877 19549 
7878 19550 
7879 19551 
7880 19552 
7881 19553 
7882 19554 
7883 19555 
7884 19556 
7885 19557 
7886 19558 
7887 19559 
7888 19560 
7889 19561 
7890 19562 
7891 19563 
7892 19564 
7893 19565 
7894 19566 
7895 19567 
7896 19568 
7897 19569 
7898 19570 
7899 19571 
7900 19572 
7901 19573 
7902 19574 
7903 19575 
7904 19576 
7905 19577 
7906 19578 
7907 19579 
7908 19580 
7909 19581 
7910 19582 
7911 19583 
7912 19584 
7913 19585 
7914 19586 
7915 19587 
7916 19588 
7917 19589 
8,000 19498 
8-1/4 19547 
8.7 19554 19565 
8.9 19569 
80,000 19509 
80-85 19588 
80386 19589 
80386-based 19589 
82.6 19493 
820.27 19527 
840,000 19509 
865.9 19493 19494 
870,000 19506 
875.2 19571 
875p 19504 
9,500 19485 
9.6 19482 
92.3 19581 
988.20 19527 
995.2 19571 
`` 19483 19484 19485 19488 19489 19490 19491 19494 19495 19496 19497 19499 19508 19509 19511 19516 19527 19530 19531 19532 19534 19536 19538 19539 19540 19541 19543 19544 19551 19555 19556 19557 19558 19559 19560 19563 19564 19565 19567 19570 19581 19583 19584 19586 19588 19589 
a.m. 19498 19536 
aachener 19494 
abated 19586 
abbonati 19575 
abdel 19506 
abdul 19505 19539 
abdul-aziz 19491 
abdul-hadi 19505 
abdul-rahim 19560 
abdulla 19505 
abidjan 19528 19570 19582 
abolish 19543 
abolished 19485 
abolition 19508 19543 
above-mentioned 19556 
abroad 19532 
absorb 19508 19512 
abu 19497 
accelerated 19538 
accept 19495 19555 19566 
acceptance 19507 19589 
acceptances 19507 
accompanying 19538 
accord 19490 19497 19509 19533 19551 19560 19575 19588 
accords 19512 
account 19494 19568 
accounted 19532 19539 
accounting 19554 
accounts 19479 
accumulative 19524 
accused 19544 
achieve 19495 19563 
achieved 19538 
achieving 19499 19539 
acknowledged 19538 19543 19589 
acq 19482 19501 19507 19510 19572 
acquire 19585 
acquired 19494 19575 
acquisition 19494 19504 19553 19572 19585 
acquisitions 19565 
acquisiton 19575 
acquittal 19544 
act 19499 
acting 19505 
action 19489 19516 19527 19551 19555 19581 
active 19532 19555 
activities 19532 
activity 19483 19490 19497 19532 
actual 19588 
acute 19530 19566 
add 19581 
added 19494 19496 19497 19499 19517 19527 19528 19530 19538 19539 19551 19553 19555 19557 19570 19582 19584 19586 19588 
adding 19511 
addition 19532 19535 19551 
additional 19479 19483 19485 19498 
adelaide 19492 
adequacy 19481 
adequate 19485 
adequately 19485 
adhere 19559 19560 
adherence 19556 
administration 19479 19508 19580 
admits 19544 
adopt 19586 
adopted 19508 
adoption 19586 
adressed 19559 
advance 19483 
advanced 19589 
advances 19490 
advantageous 19544 
advised 19557 
advisement 19485 
advisers 19579 
affair 19544 
affairs 19500 
affect 19536 19539 
affected 19497 19559 19570 
affiliate 19496 
afraid 19538 
africa 19584 
after-tax 19527 
aftermarket 19578 
afternoon 19536 
ag 19493 19494 19544 19553 19576 
agency 19479 19485 19491 19496 19506 19528 19536 19558 19560 19575 
agenda 19586 
agenzia 19575 
aggravated 19583 
aggregates 19483 
aggressive 19496 
ago 19483 19503 19586 
agree 19546 19551 
agreed 19480 19497 19499 19501 19502 19504 19507 19509 19510 19516 19533 19540 19553 19556 19559 19574 19585 19588 
agreeing 19497 
agreement 19497 19499 19500 19504 19509 19512 19517 19533 19546 19556 19558 19560 19578 19586 19588 
agreements 19488 19494 19511 19512 19538 
agricultural 19528 19551 19582 
agriculture 19549 19551 19555 19570 
ahead 19483 19546 
ahmed 19505 
ai 19496 19511 19512 19533 19538 19543 
aid 19486 
aided 19483 
aids 19479 
aim 19497 19530 19540 
aimed 19496 19505 19508 19527 19534 19539 19549 19558 
aims 19540 
air 19502 19508 19516 
aircraft 19516 
aires 19558 
airline 19532 
al 19575 
al-ahmed 19491 
al-chalabi 19556 19560 
al-khalifa 19559 19588 
al-otaibi 19491 
al-oteiba 19506 
al-sabah 19491 19559 19588 
alexandre 19586 
alexandria 19506 
ali 19505 19559 19588 
alike 19589 
alleged 19489 
allgemeine 19494 
alliance 19491 
allies 19491 
allocations 19512 
allowed 19530 19536 
allowing 19589 
alternative 19589 
alternatives 19589 
alum 19540 
aluminium 19540 
aluvic 19540 
am-postal 19484 
am-surinam-court 19486 
amb 19494 
american 19490 19516 19589 
americans 19580 
amid 19530 
amnesty 19495 19566 
amount 19480 19489 19558 19585 
amounting 19539 
amounts 19541 
amvg.f 19494 
analysis 19579 
analyst 19483 19497 19499 19544 19588 19589 
analysts 19483 19544 19589 
anderson 19572 
andre 19484 
andrew 19530 
andriessen 19546 19551 
angeles-based 19578 
animal 19549 
announced 19483 19495 19497 19530 19544 19572 19575 19589 
announcement 19495 19510 19511 19589 
announces 19495 19508 
annual 19480 19483 19494 19525 19530 19538 19541 19544 19553 19565 19575 19584 
annually 19517 19530 
annum 19552 
anthony 19544 
anti-submarine 19516 
anticipated 19499 
anticipates 19584 
anticipation 19567 
anwarul 19574 
apparatus 19544 
appeals 19485 
appears 19534 19551 
applications 19532 19589 
applied 19544 
apply 19504 19536 
appoint 19484 19540 
appointment 19556 
appreciation 19554 
approach 19586 
approached 19555 
approval 19500 19504 19543 19558 19580 19585 
approved 19485 19509 19555 19585 
approximately 19483 
april 19479 19490 19536 19553 19556 19557 19563 19568 19569 19589 
arab 19491 19499 19529 
arabia 19491 19499 19505 19559 
area 19583 
areas 19538 
argentina 19533 19558 
argentine 19558 
argue 19499 
argued 19543 
argues 19516 
argument 19543 
arguments 19485 
arne 19509 
arnst 19589 
arouse 19490 
arrange 19510 
arrangements 19510 
arranger 19535 
arrested 19544 
arrests 19484 
arrived 19506 
arthritis 19580 
asbestos 19485 
ascribed 19538 
asia 19535 19542 
asian 19532 
asked 19484 19557 19559 19563 
aspects 19508 
assess 19567 
assessed 19567 
asset 19532 
assets 19532 19538 
assigned 19497 19560 19588 
assistant 19546 
association 19498 19503 19532 
assumed 19584 
assumes 19534 
assuming 19490 19554 
assumptions 19490 
assurances 19516 
assured 19516 19574 
atmospheric 19494 
attack 19491 
attempt 19551 
attempts 19543 
attended 19506 
attention 19490 19503 
attract 19530 
attracted 19534 
attractive 19490 
attributable 19527 
attributed 19512 
auction 19483 
auctions 19483 
auditors 19544 
aug 19518 19524 19561 19571 
augsburg 19576 
august 19497 19508 19512 19514 19525 19546 19558 
australia 19492 19517 19527 19540 
australian 19492 19517 19540 
austria 19556 19559 
author 19483 19490 19530 19532 19538 19543 19544 19588 19589 
authorities 19489 19574 19586 
authorized 19553 
automated 19532 
automatic 19589 
automotive 19578 
autospa 19578 
average 19480 19492 19498 19509 19527 19538 19549 
avoid 19538 19557 
awaiting 19485 
awarded 19530 
awards 19530 
aziz 19505 
azpurua 19489 
ba 19524 
back 19484 19499 19559 19588 
bacteria 19580 
bad 19543 
badly 19557 
bag 19570 
baghdad 19560 
bags 19480 19570 19586 
bahrain 19491 19529 19536 
baker 19577 
bakr 19505 
balance 19483 19490 19493 19494 19530 
ban 19555 
bangkok 19525 
bangladesh 19539 19574 19583 
bank 19487 19489 19493 19494 19496 19503 19508 19511 19512 19529 19531 19532 19533 19536 19537 19538 19541 19544 19545 19547 19553 19558 
bankers 19503 19532 
banking 19489 19494 19528 19532 19536 19542 
bankruptcy 19485 
banks 19489 19496 19503 19512 19528 19532 19533 19536 19538 19544 19558 
banned 19495 
bar 19519 
barber 19496 
barclays 19542 
bargain 19544 
bargain-hunting 19544 
bargaining 19530 
baring 19542 
baron 19563 
barred 19516 
barrel 19499 19505 19509 19556 19559 19588 
barrels 19492 19497 19499 19506 19509 19556 19559 19588 
based 19483 19490 19497 19509 19526 19553 19555 19565 
basic 19508 19530 19538 19586 
basically 19488 
basin 19492 
basis 19481 19483 19499 19504 19507 19526 19527 19542 19544 19581 
basket 19541 
bc- 19513 19568 19569 
bc-argentine-minister-to 19558 
bc-autospa- 19578 
bc-bahrain-banks-will-re 19536 
bc-baker 19577 
bc-bangladesh's-trade-ga 19539 
bc-bangladesh-shipping-e 19574 
bc-bank-of-france-cuts-i 19545 
bc-bank-of-france-cuts-s 19547 
bc-bank-of-japan-determi 19511 
bc-bank-of-japan-to-sell 19512 
bc-bank-of-japan-worries 19538 
bc-banks-in-singapore-se 19532 
bc-bfg- 19493 
bc-bfg-profit-dips-in-fi 19494 
bc-bhp-steel-sees-benefi 19527 
bc-brazil-could-export-1 19480 
bc-brent-to-buy-lonrho-d 19510 
bc-canada-threatens-ban 19555 
bc-china-aluminium-ventu 19540 
bc-chirac-sees-stable-fr 19564 
bc-colombia-optimistic-o 19586 
bc-degussa-plans-one-for 19550 19553 
bc-diversified-gets-appr 19580 
bc-ec 19546 
bc-ec-farm-ministers-to 19551 
bc-ec-presidency-prepare 19534 
bc-eib-lends-200-mln-fra 19531 
bc-endotronics- 19481 
bc-extracts-from-opec-co 19556 
bc-facet 19482 
bc-far-east-traders-expe 19499 
bc-fieldcor- 19581 
bc-fin-futures-outlook 19483 
bc-frankfurt-exchs-1100 19520 
bc-fraser-and-neave-ltd 19561 
bc-french-channel-tf-1-p 19563 
bc-henkel-expects-higher 19565 
bc-higher-revenues-deal 19543 
bc-hitachi-unit-may-with 19567 
bc-hk-shanghai-bank 19487 
bc-imf-managing-director 19528 19582 
bc-international-spot-oi 19588 
bc-iraq-rejects-new-opec 19560 
bc-ivory-coast-weather-n 19570 
bc-japan-to-help-u.s.-on 19516 
bc-japan-to-ratify-1986 19500 
bc-judge-hears-appeals-a 19485 
bc-kobe-steel 19502 
bc-kraft- 19572 
bc-kuwait-says-it-has-fu 19491 
bc-kuwait-sees-opec-outp 19559 
bc-land-securities-issue 19552 
bc-lebanese-bank-staff-s 19503 
bc-london-dollar-fluctua 19523 
bc-luxembourg-gold-fixin 19519 
bc-marine- 19579 
bc-marine-corp-say 19573 
bc-mazda-signs-australia 19517 
bc-micron- 19585 
bc-mitsui-real-estate-de 19562 
bc-n.z.-opposition-party 19508 
bc-nbc-writers 19498 
bc-norway-central-bank-s 19537 19541 
bc-norway-extends-7.5-pc 19509 
bc-oil-markets-show-resp 19497 
bc-olivetti-seeks-to-str 19575 
bc-paris-sugar-open-posi 19518 
bc-philippines-to-sign-f 19533 
bc-poehl-speaks-against 19557 
bc-polish-farm-prices-an 19549 
bc-portugal-issues-700-m 19526 
bc-premier-group-sees-re 19584 
bc-prs-paris-sugar-kerbs 19522 
bc-prs-paris-sugar-opg 19524 
bc-qatar-takes-over-cabl 19488 
bc-ricoh-co-ltd- 19515 
bc-ricoh-sees-group-net 19554 
bc-samsung-semiconductor 19535 
bc-santos-says-it-has-si 19492 
bc-saudi-oil-company-get 19505 
bc-scientific-micro- 19576 
bc-sony-to-issue-unsecur 19514 
bc-south-korea-ruling-pa 19566 
bc-south-korean-ruling-p 19495 
bc-tata-iron-and-steel-p 19571 
bc-technology 19589 
bc-terms-set-on-nichirei 19548 
bc-texaco-said-sec 19587 
bc-thai-minister-says-pr 19525 
bc-tokyo-stocks-outlook 19490 
bc-uae-central-bank-cd-y 19529 
bc-uae-oil-minister-otei 19506 
bc-united-merchant-finan 19542 
bc-venezuela-probes-alle 19489 
bc-vw-suffers-image-loss 19544 
bc-willis-faber-bids-for 19507 
bc-willis-faber-says-it 19501 
bc-world-bank-seeks-more 19496 
bc-wpp-group-raises-prop 19504 
bc-zimbabwe-wage-freeze 19530 
bc-zurich-gold-1100 19521 
bear 19589 
bearing 19538 
bearish 19497 
beef 19549 
began 19498 19559 
begin 19527 19588 
beginning 19539 
begun 19489 
behalf 19540 19544 
beirut 19503 
belated 19495 
belgium 19534 19546 19551 19553 
belief 19538 
believed 19503 19505 19507 19557 19575 
believes 19586 
beltrao 19586 
benchmark 19497 19499 19588 
benedetti 19575 
beneficial 19483 
benefit 19544 
benefits 19527 19574 
benefitted 19508 19570 
benson 19483 
berlingske 19555 
bernard 19530 
beshir 19505 
bet 19490 
beteiligungs-ag 19494 
bfc 19523 
bfg 19493 19494 
bhp 19527 
biased 19530 
bid 19484 19501 19504 19509 19511 19541 
bids 19507 
big 19527 19589 
bigger 19488 
biggest 19574 
bilaterally 19555 
bild 19557 
bill 19511 19512 19539 19589 
billion 19483 19485 19493 19494 19511 19512 19514 19515 19517 19527 19528 19530 19532 19533 19538 19539 19543 19554 19555 19558 19562 19563 19565 19568 19569 19571 19582 19584 
billions 19589 
bills 19511 19512 
biotechnology 19481 
birdcage 19510 
bkfg.f 19493 19494 
bkrf 19577 
bkrf.o 19577 
blame 19544 
blamed 19484 19498 
blaming 19489 
blend 19588 
block 19492 
blood 19484 
blow 19516 19528 19543 19582 
blue 19490 
bma 19536 
board 19483 19494 19514 19538 19544 19565 19579 19586 
boards 19544 
bodies 19512 
boersenzeitung 19544 
bohai 19540 
bolger 19508 
bolstered 19541 
bolting 19530 
bombay 19571 
bond 19483 19490 19511 19514 19526 19538 19548 19552 
bonds 19538 
bonn 19544 19557 
booking 19532 
booming 19490 
boost 19499 19506 19539 19557 19589 
boosted 19509 19559 19588 
boosting 19499 
bop 19568 
bordeaux 19553 
borders 19479 
borrowing 19508 
boston 19589 
bought 19482 19499 19511 19538 
bourse 19494 
bouts 19483 
bouygues 19563 
bpd 19497 19499 19506 19509 19556 19559 19560 19588 
bra 19570 
bracket 19530 
brand 19479 
brasilia 19480 
brazil 19480 19544 19586 
brazilian 19586 
breaking 19534 
breaks 19543 
breather 19530 
brent 19499 19510 19588 
brian 19483 
bring 19486 19490 19507 
britain 19509 19534 19588 
british 19563 19575 
brkn.s 19527 
broadcast 19498 
broadcasting 19498 
broader 19589 
broke 19484 19544 19586 
broken 19527 
broker 19490 19507 19544 
brokerage 19507 
brokers 19490 19544 
brother 19489 
brothers 19542 
brought 19492 19509 
brussels 19534 19546 19551 
bsv 19494 
bubble 19538 
budget 19483 19530 19543 
buenos 19558 
buffer 19500 
build 19516 19540 19544 
bullish 19497 19499 
bullishly 19497 19588 
bumper 19586 
bundesbank 19557 
buoyant 19532 19543 
bureau 19543 
bureaucracy 19496 
burst 19538 
bursting 19538 
burton 19485 
business 19481 19490 19494 19505 19508 19527 19530 19532 19553 19575 19589 
businesses 19507 19538 
businessmen 19538 
buy 19489 19490 19497 19510 19544 19553 19563 19572 
buyers 19505 
buying 19483 19497 19511 19538 19564 
cabinet 19491 19525 
cable 19488 
cairo 19506 
calendar 19527 
california 19479 
call 19524 19525 19526 19542 19556 19574 
callable 19552 
called 19484 19503 19574 19580 19589 
calls 19543 
cambio 19489 
camdessus 19528 19582 
campaign 19570 
campaigning 19530 
campbell 19483 
canada 19484 19555 
canadian 19484 19514 19555 
canadians 19555 
candidacy 19495 
candidate 19495 
candidates 19505 19508 
canion 19589 
capabilites 19516 
capability 19499 19589 
capacity 19527 19559 
capital 19490 19504 19510 19527 19532 19538 19539 19553 19575 
capitalize 19589 
caracas 19489 
cardenas 19586 
care 19481 
cargoes 19499 
carlo 19575 
carolina 19479 
carpet 19559 
carriers 19484 
carries 19542 
carroll 19483 
carrying 19481 
cars 19539 
cartel 19497 
case 19511 19551 
cased 19492 
cash 19504 19510 19534 19572 19579 19585 
casino 19510 
caspar 19516 
catherine 19589 
caused 19530 19538 19554 
caution 19588 
cautious 19497 19499 19588 
cawl.l 19488 
cd 19511 19529 19538 
cds 19511 19529 19538 19542 
ceases 19481 
ceiling 19509 19559 19560 19588 
ceilings 19556 19588 
center 19505 
centers 19484 19578 
central 19489 19503 19510 19511 19529 19532 19533 19537 19538 19540 19541 
centre 19517 19532 
cents 19497 19499 19546 19561 19584 19588 
cereal 19551 
cereals 19551 
certificate 19542 
certificates 19511 19529 19538 
cerus 19575 
cessation 19481 
chairman 19494 19495 19565 19575 19577 19589 
challenge 19485 
challenges 19485 
chamber 19530 
chance 19588 
change 19538 19551 19556 19559 19581 
changed 19497 19511 19538 19554 
channel 19563 
chapter 19481 19485 
charges 19495 
chart 19483 
charter 19482 
chartered 19487 
cheaper 19490 
cheat 19497 
cheating 19497 19499 
check 19530 
checks 19489 
chek 19580 
chemical 19580 
chemins 19531 
chicago 19483 19577 
chidzero 19530 
chief 19483 19527 19577 
chik 19580 
china 19509 19540 
china-based 19540 
chinese 19540 
chip 19490 
chirac 19564 
chittagong 19574 
choke 19492 
choose 19495 
chosen 19495 19532 
christian 19503 
chun 19495 19566 
circle 19479 
circular 19536 
circumstances 19528 19557 19582 
citibank 19558 
citic 19540 
cities 19484 
citrus 19546 
city 19575 
claim 19485 
claimed 19485 
claims 19485 
clashes 19484 
class 19544 
clayton 19572 
clear 19494 
cleared 19544 
clemente 19532 
clercq 19546 
clients 19507 19544 
climb 19490 
climbed 19483 
climbs 19490 
close 19490 19510 19540 19541 19564 
closed 19490 19525 19536 19544 
closing 19548 
cluster 19532 
co-lead 19514 
co-managers 19542 
co. 19490 
coal 19517 
coalex 19517 
coalition 19525 
coast 19528 19540 19570 19582 
cocoa 19500 19570 
coffee 19480 19570 19586 
cohesive 19525 
cold 19557 
colin 19488 
collapse 19509 19538 
collapsed 19538 
colleagues 19503 
college 19495 
colombia 19586 
colombian 19586 
colony 19589 
colour 19567 
combination 19507 19579 
combined 19526 19527 
coming 19505 19539 19557 19570 
comment 19541 
commentary 19544 
commentators 19544 
commerce 19530 19539 19567 
commercial 19496 19511 19512 19526 19528 19536 19538 19539 
commercially 19527 
commission 19482 19485 19493 19551 19555 
commissioner 19551 
commissioners 19546 
commissioning 19527 
committed 19541 
committee 19485 19556 19558 
commodities 19530 
commodity 19528 19582 
common 19482 19485 19579 19585 19586 
commonplace 19589 
communications 19498 
communique 19556 
communist 19516 
community 19534 19546 19551 19555 19557 19586 
company 19481 19485 19498 19505 19510 19514 19530 19540 19544 19553 19554 19562 19567 19571 19575 19576 19577 19578 19580 19581 19584 19585 19589 
compaq 19589 
comparable 19494 
compare 19512 
compared 19499 19532 19538 19539 19565 19570 19588 
compares 19570 
compels 19586 
compensate 19499 19565 
compensatory 19558 
competing 19532 
competition 19507 
competitive 19505 19527 
competitor 19589 
competitors 19589 
complementary 19507 19508 
complete 19491 19551 
completed 19572 
completes 19572 
completion 19510 
complies 19546 
comply 19556 
comprises 19491 
comprising 19510 
compromise 19495 19536 19546 
computer 19488 19576 19589 
computers 19589 
conable 19496 
concern 19483 19490 
concerned 19484 19485 19494 19511 19555 
concession 19552 
concluded 19544 
conclusion 19495 19556 
concurred 19499 
condition 19558 
conditional 19504 
conditioners 19502 
conditions 19511 19570 19586 
condom 19479 
condoms 19479 
condoning 19484 
conducted 19480 
conference 19486 19494 19516 19556 19559 
confidence 19538 19588 
confirmation 19485 19495 19586 
confirmed 19485 
confirms 19480 
conflict 19586 
confusion 19495 
congress 19530 
conjunction 19483 19589 
connecticut 19482 
consecutive 19490 
consequences 19483 
considerable 19507 
consideration 19534 19553 
considerations 19496 
considered 19497 19508 19579 
considers 19586 
consistently 19509 
consolidating 19556 
consolidation 19527 
consortium 19563 
constant 19489 
constitutes 19525 19558 
construction 19490 19544 19563 
consultation 19534 
consulting 19589 
consumer 19483 19490 19586 
consumers 19479 19538 
consumption 19490 19497 
contact 19575 
contacts 19556 
contained 19534 
contemplating 19588 
continue 19490 19508 19509 19532 19536 19557 19560 19588 19589 
continued 19494 19532 19556 19588 
continuing 19527 
contracept 19479 
contract 19481 19498 19517 19540 19576 
contracts 19497 19517 19544 
contrast 19490 
contributed 19527 
contribution 19509 
control 19497 19508 19516 19530 
controlled 19510 
controllers 19576 
controlling 19544 19563 19575 
controls 19530 
controversial 19534 19551 
controversy 19508 19536 
contruction 19531 
convened 19556 
conversion 19510 19514 19552 
converted 19510 
convertible 19510 19514 19552 
convertibles 19510 
converting 19485 
convince 19497 
cool 19499 
cooled 19497 
cooper 19492 
cooperate 19509 
cooperating 19494 
cooperation 19491 19556 
coordinated 19528 
copenhagen 19555 
copper 19502 
cordero 19489 
corporate 19543 
corporation 19484 19488 19496 19508 19540 19574 19581 
correctly 19544 
cost 19490 19513 19589 
costs 19490 19530 19549 19563 
cotton 19570 
council 19491 
counter-purchases 19499 
counting 19538 
countries 19494 19496 19516 19528 19556 19581 19586 
country 19484 19495 19503 19528 19530 19539 19566 19570 19574 19582 
coup 19495 
coupon 19514 19526 19548 19552 
courageous 19495 
court 19485 19486 19587 
cover 19544 
covered 19494 19539 
covering 19483 
cpi 19513 
crash 19538 
crawl 19483 
create 19530 
created 19577 19586 
creating 19532 19589 
credit 19494 19511 19526 19535 
creditor 19533 19558 
creditors 19485 19528 19582 
credits 19494 
crisis 19494 19496 19530 19566 
critical 19483 19558 
criticised 19530 
criticism 19534 
criticized 19485 
crop 19480 19570 19586 
crops 19549 19570 19583 
cross 19485 
crossing 19503 
crown 19541 
crowns 19537 19541 19555 
crude 19490 19492 19497 19499 19505 19506 19509 19556 19559 19560 19588 
crudes 19497 19499 19556 19559 
cubbage 19589 
cupw 19484 
curbs 19509 
currencies 19541 
currency 19483 19490 19537 19541 19544 19551 19565 
current 19499 19515 19525 19527 19530 19534 19541 19551 19553 19562 19566 19568 19581 19584 19589 
custody 19486 
customers 19494 19527 19536 
cut 19486 19490 19497 19508 19509 19538 19551 19557 19559 19588 
cutback 19509 
cutbacks 19509 
cuts 19509 19543 19545 19547 19551 19557 
cutting 19499 19508 19588 
dae-jung 19495 19566 
dafsa 19575 
dai-ichi 19532 
daily 19528 19532 19544 19555 19570 19575 19582 
dairy 19580 
daivd 19577 
daiwa 19490 19514 19535 
damage 19484 19485 
damaged 19516 
damaging 19583 
damp 19490 
dangerous 19538 
dangers 19538 
danish 19555 
data 19576 
dataquest 19589 
dauster 19586 
david 19508 19527 
davies 19488 
day 19492 19497 19499 19506 19508 19509 19536 19556 19559 19588 
days 19497 19506 19536 19544 19546 
de 19526 19531 19546 19575 
deadline 19546 19555 
deadlock 19534 19551 
deal 19504 19543 19544 19548 19575 
dealer 19541 19570 
dealers 19497 19532 19537 19541 19544 
dealing 19532 
dealings 19538 
deals 19544 
dealt 19516 19528 19543 19559 19582 
death 19508 19577 19589 
debate 19500 
debt 19483 19496 19510 19526 19528 19530 19532 19533 19582 19586 
debt-equity 19496 
debt-management 19496 
dec 19518 19524 
december 19485 19486 19493 19495 19497 19499 19505 19509 19510 19552 19556 19559 19560 19575 19588 
decentralization 19494 
decided 19488 19509 19536 19538 19556 19589 
deciding 19556 
decision 19538 19588 
decline 19527 19564 
declined 19483 19490 19494 19517 19525 19541 19551 19575 
declines 19538 
declining 19552 
defence 19516 
defences 19516 
defended 19496 
defending 19541 
deficit 19483 19509 19530 19541 
defined 19556 19558 
deflate 19538 
deflationary 19538 
degli 19575 
degussa 19550 19553 
delay 19589 
delayed 19500 19558 
delaying 19485 
delays 19589 
delegation 19556 
delhi 19492 
delicate 19491 19538 
demand 19490 19494 19495 19497 19499 19502 19533 19538 19588 
demanded 19533 19560 
demands 19530 19566 19574 
democrat 19525 
democratic 19495 19566 
democrats 19525 
demonstrations 19495 
denis 19570 
denmark 19534 19555 
denominations 19526 19552 
denying 19538 
department 19490 19544 19567 19570 
departments 19532 19543 
depended 19528 
depending 19483 
depends 19497 
deposit 19511 19529 19538 19542 
deposits 19532 
deputy 19505 19556 
deregulation 19508 
des 19531 
describing 19583 
designed 19511 19516 19538 19589 
desired 19556 
detail 19544 19551 19559 
details 19506 19516 19583 
detained 19479 
detect 19516 19580 
detention 19479 
deterioration 19584 
determination 19511 19538 
determine 19580 
determined 19511 19532 
detriment 19544 
deutsche 19494 19544 
devastating 19544 
develop 19516 
developed 19589 
developers 19589 
developing 19528 19581 19589 
development 19481 19496 19508 19527 19557 19562 19570 
developments 19483 
devices 19567 
dfl 19523 
dgsg.f 19553 
dhabi 19497 
dhaka 19539 19574 19583 
diagnostic 19580 
died 19485 19490 
differentials 19559 
differing 19536 
difficult 19543 19586 
difficulties 19528 19582 19586 
difficulty 19497 
digest 19490 
diligence 19544 
dilute 19485 
diluted 19504 19581 
diminishing 19543 
dip 19499 
diplomat 19495 19540 
diplomatic 19546 
diplomats 19534 19551 
dips 19494 
direct 19495 19540 19566 
direction 19483 
director 19505 19528 19532 19574 19577 19582 19586 
directories 19575 
directors 19507 19585 
disastrous 19538 19557 
disbursement 19558 
discount 19490 19512 19538 
discounting 19499 
discounts 19499 
discouraging 19490 
discovery 19492 
discuss 19509 19556 19559 19586 
discussed 19497 19528 19556 19582 
discussion 19534 
discussions 19497 19555 
diseases 19479 
disgruntlement 19589 
disk 19576 
dismantles 19546 
dispatched 19583 
dispute 19484 19546 
dissident 19495 19566 
dissolve 19525 
dissolved 19525 
distillates 19497 
distress 19580 
distributed 19479 19556 
distribution 19586 
district 19485 19583 
disussed 19528 
div 19561 
diversified 19580 
divide 19485 
divided 19546 
dividend 19530 19563 19565 19571 19581 
division 19510 19572 
dj 19575 
djp 19495 
dlr 19481 19483 19485 19486 19499 19509 19535 19540 19542 19548 19558 19581 19588 
dmk 19523 
doctors 19508 
document 19534 
documents 19533 
doha 19488 
dollar 19483 19489 19490 19508 19523 19532 19538 19548 19554 19556 
dollars 19489 19530 19589 
domestic 19490 19532 19536 19540 19543 19554 19557 
domestically-produced 19534 
dominated 19532 
domingo 19489 
doo 19495 19566 
door 19530 
double 19563 
doubled 19538 
doubt 19497 
dow 19575 
downtown 19484 
downturn 19490 
drastic 19551 
draw 19503 19538 
drawn 19536 
dresdner 19553 
driving 19538 
drop 19483 19494 19527 19534 19539 19551 19562 19570 
dropped 19507 19533 19538 
dropping 19534 19539 
drought 19530 19570 
drug 19479 19580 
dry 19570 
dsec.t 19514 
dubai 19497 19499 
due 19490 19495 19499 19514 19517 19526 19532 19543 19546 19552 19554 19562 19570 19586 
duesseldorf 19565 
duffus 19570 
duggan 19483 
dull 19490 
dumping 19567 
dunstan 19484 
durable 19483 
dutch 19486 
duties 19508 19567 
duty 19567 
dynamic 19551 
e.f. 19588 
eager 19540 
earlier 19490 19494 19505 19508 19538 19544 19551 19554 19562 19570 
early 19483 19484 19497 19499 19536 19570 
earn 19515 19530 19561 19562 19571 
earned 19581 19585 
earnings 19493 19494 19509 19527 19539 19581 19585 
ease 19511 19537 19541 
easing 19496 19539 
east 19499 19503 19506 19542 
easy 19494 19511 19538 
ec 19534 19546 19551 19555 19557 19575 
economic 19483 19491 19508 19528 19530 19532 19538 19541 19543 19564 19575 19582 19586 
economica 19575 
economist 19483 19505 19538 
economists 19530 19532 19538 
economy 19483 19490 19509 19511 19528 19530 19538 19539 19543 19557 19558 19582 
ecra 19544 
ecus 19534 
edelman 19485 
editors 19498 
effect 19485 19497 19500 19511 19536 19551 19559 
effective 19499 19507 
effectively 19496 
efficiency 19496 19507 
effort 19528 
efforts 19530 
eggs 19580 
egil 19509 
egypt 19506 19509 
eib 19531 
elaborate 19508 19575 
elected 19577 
election 19495 19566 
elections 19495 19508 19525 
electoral 19495 
electric 19498 
electronic 19567 
elenchi 19575 
eliminating 19557 
ellemann-jensen 19555 
embarked 19538 
embassy 19555 
emerged 19588 
emergency 19543 
emirate 19488 
emirates 19491 19499 19529 
emphasis 19496 
employ 19498 
employees 19484 19498 19503 19574 
employers 19530 
employment 19530 
enable 19499 19510 
enahnce 19507 
encourage 19532 
encouraged 19516 
encouraging 19539 
end 19484 19494 19509 19526 19527 19541 19542 19551 19553 19566 19586 19588 
end-users 19497 
end-year 19559 
ended 19481 19490 19493 19515 19527 19551 19559 19562 19584 19585 
ending 19527 19539 19543 19553 19554 
endo.o 19481 
endotronics 19481 
enemy 19559 19560 19588 
energies 19494 
energy 19517 
engage 19574 
engineers 19589 
enhance 19539 
enjoys 19540 
enlarged 19504 19507 
enormous 19544 
ensure 19483 19549 
ensured 19497 
entered 19578 
enterprises 19482 
enthusiasm 19589 
entitled 19510 
entrants 19532 
entry 19575 
environment 19494 
environmental 19496 
envisage 19563 
equal 19556 19559 19560 19579 
equally 19565 
equipment 19576 
equities 19532 
equity 19485 19532 19540 19548 19563 
equity-linked 19532 
eroded 19530 
erodes 19490 
errors 19480 
erupted 19508 
escano 19532 
esdi 19576 
essential 19539 19556 
establish 19556 19589 
established 19556 
estate 19562 
estimate 19480 
estimated 19528 19532 19570 19582 
estimates 19479 19480 19580 
eurobond 19548 19552 
europe 19544 19548 19557 
european 19497 19531 19534 19546 19551 19555 19586 
evaluation 19492 19496 
eve 19563 
evening 19551 19559 
event 19544 19557 19589 
evidence 19485 
evolution 19556 
exacerbate 19544 
examine 19485 
examined 19556 
exceed 19499 19565 
exceeds 19552 
excellent 19480 
exceptional 19563 
excessive 19538 
exchange 19482 19485 19489 19490 19503 19508 19530 19532 19539 19544 19548 
exchs 19520 
excitement 19483 
excluded 19514 
executed 19544 
execution 19485 
executive 19527 19577 
exercise 19548 
exist 19589 
existing 19492 19532 19538 19557 19589 
expand 19490 19516 19532 
expanding 19532 
expansion 19496 19532 
expect 19497 19499 19511 19557 19588 19589 
expectation 19511 
expectations 19483 19511 19538 19557 
expected 19483 19484 19490 19497 19499 19505 19508 19509 19538 19539 19541 19543 19544 19552 19554 19589 
expects 19561 19565 19581 
expenditure 19527 19530 
experiencing 19528 19581 19582 
expert 19488 
expires 19527 
export 19480 19499 19508 19509 19516 19539 19540 19546 19559 19586 19588 
export-oriented 19490 
exporter 19567 
exporters 19490 19508 19538 19539 
exporting 19516 19556 19559 
exports 19480 19516 19539 19554 19555 19558 
expressed 19555 19556 19586 
extend 19490 19509 19531 19546 
extended 19483 19556 
extending 19538 
extends 19509 
extensive 19540 
extensively 19583 
extent 19534 
external 19530 
extracts 19556 
extraordinary 19493 19494 19556 
extremely 19494 19528 19582 
extrusion 19540 
f0016 19488 
f0024 19489 
f0034 19490 
f0062 19491 
f0077 19492 
f0080 19493 
f0081 19494 
f0087 19495 
f0094 19496 
f0107 19497 
f0118 19498 
f0158 19499 
f0182 19500 
f0188 19501 
f0189 19502 
f0195 19503 
f0196 19504 
f0199 19505 
f0200 19506 
f0204 19507 
f0206 19508 
f0218 19509 
f0244 19510 
f0261 19511 
f0274 19512 
f0282 19513 
f0283 19514 
f0292 19516 
f0299 19517 
f0300 19518 
f0301 19519 
f0302 19520 
f0303 19521 
f0304 19522 
f0306 19523 
f0308 19524 
f0309 19525 
f0311 19526 
f0326 19527 
f0355 19528 
f0358 19529 
f0359 19530 
f0364 19531 
f0371 19532 
f0389 19533 
f0392 19534 
f0399 19535 
f0400 19536 
f0409 19537 
f0410 19538 
f0425 19539 
f0433 19540 
f0434 19541 
f0439 19542 
f0443 19543 
f0447 19544 
f0459 19545 
f0460 19546 
f0471 19547 
f0477 19548 
f0478 19549 
f0482 19550 
f0487 19551 
f0489 19552 
f0507 19553 
f0510 19554 
f0514 19555 
f0520 19556 
f0531 19557 
f0534 19558 
f0536 19559 
f0542 19560 
f0553 19561 
f0556 19562 
f0559 19563 
f0560 19564 
f0571 19565 
f0573 19566 
f0574 19567 
f0590 19568 
f0596 19569 
f0629 19570 
f0631 19571 
f0686 19572 
f0723 19573 
f0740 19574 
f0742 19575 
f0759 19576 
f0768 19577 
f0770 19578 
f0771 19579 
f0801 19580 
f0802 19581 
f0809 19582 
f0813 19583 
f0815 19584 
f0818 19585 
f0820 19586 
f0821 19587 
f0837 19588 
f0838 19589 
f2593 19480 
f2605 19481 
f2622 19482 
f2624 19483 
f2634 19484 
f2640 19485 
f2663 19486 
f2728 19487 
faber 19501 19507 
face 19544 
facet 19482 
facilities 19492 
facility 19481 19504 
fact 19511 19530 
factor 19483 19497 
factors 19494 19565 19586 
fadhil 19556 
failed 19495 19546 
failings 19544 
fails 19551 
failure 19558 
faisal 19505 
faith 19527 
fall 19528 19556 19564 19582 
fallen 19544 
falling 19494 19558 
falls 19479 19490 19571 
family 19510 19589 
fare 19544 
farm 19534 19549 19551 
farmers 19508 19549 
fast 19490 19499 19589 
faster 19538 
fate 19503 
fats 19534 19551 
favour 19495 19530 
favourable 19532 19586 
fct 19482 
fda 19479 19580 
feared 19483 19539 
fearing 19588 
fears 19490 19557 
february 19495 19509 19559 19586 
federal 19483 19484 19485 19589 
federation 19586 
fee 19535 19542 
feeds 19549 
fees 19508 19526 
felix 19528 19582 
fell 19490 19532 19539 19554 
fellow 19507 
fentress 19577 
fer 19531 
fertilisers 19549 
fetches 19588 
fetherlite 19479 
fever 19580 
ffr 19523 
ficr.o 19581 
field 19492 
fieldcor 19581 
fields 19509 
fighter 19516 
figure 19490 19541 19565 
figures 19490 19493 19494 19539 19543 
filed 19485 
filing 19482 
filling 19577 
final 19480 19543 19552 19558 19567 19588 
finance 19489 19496 19504 19508 19528 19530 19531 19532 19535 19542 19543 19544 19549 
financial 19483 19494 19527 19532 19538 19544 19575 
finanza 19575 
finanziaria 19575 
find 19490 19492 19508 19586 
findings 19544 
finds 19557 
firm 19483 19485 19489 19490 19497 19499 19502 19544 19556 19588 19589 
firmed 19510 
firmer 19509 
firming 19556 
firms 19479 19485 19490 19589 
fiscal 19508 19539 19543 19584 
fishing 19584 
fitchburg 19585 
five-year 19527 
fix 19588 
fixed 19505 19509 19556 19559 19588 
fixing 19519 
flash 19583 
flat 19535 19578 
flattened 19583 
fleming 19542 
float 19508 
floated 19508 
floating 19499 
floods 19583 
flotation 19563 
flow 19494 
flowed 19492 
flowing 19527 
flows 19532 
fluctuations 19523 
flurry 19498 
focus 19490 
follow-through 19483 
fond 19532 
food 19479 19508 19539 19555 19580 19583 19584 
foodgrains 19539 
foods 19572 19580 
forced 19527 19530 19543 19557 
forces 19557 
forcing 19574 
forecast 19494 19515 19564 19570 19588 
forefront 19483 
foreign 19489 19490 19491 19499 19500 19503 19509 19528 19530 19532 19533 19539 19541 19544 19548 19555 19582 19586 
foreign-made 19479 
form 19553 19578 
formal 19533 19534 
formalise 19533 
formally 19484 
formations 19483 
formed 19525 
formidable 19483 
forms 19578 
formulation 19495 
forrester 19589 
forward 19527 
found 19485 19491 19557 
four-and-a-half 19485 
four-day-old 19484 
four-year 19564 
fourth 19497 19499 19509 19542 19556 19559 19588 
franc 19526 
france 19526 19531 19545 19547 19553 19563 19564 
franchise 19488 
franchising 19578 
francis 19563 
francs 19519 19526 19531 19553 19563 
frankfurt 19493 19494 19520 19553 
frans 19546 19551 
fraser 19561 
fraternite 19528 19570 19582 
fraud 19489 
free 19489 19495 
freehold 19510 
freeze 19530 19544 
french 19526 19531 19553 19563 19564 19575 
frerk 19544 
frictions 19546 
friday 19489 19490 19497 19499 19504 19507 19510 19541 19544 19558 19588 
fridays 19536 
frnm.si 19561 
front 19496 
frozen 19539 
fuel 19497 19517 
fuer 19493 19494 
fulfilled 19544 
full 19491 19493 19494 19507 19510 19571 19589 
fully 19504 19544 19581 
fund 19485 
fundamental 19483 19586 
fundamentally 19499 
funding 19485 
funds 19485 19489 19532 19558 
future 19490 19532 
futures 19483 19532 
gain 19543 
gains 19483 19538 
gap 19539 
gaps 19544 
gas 19492 
gastrointestinal 19580 
gates 19589 
gatt 19546 
gave 19506 19508 19516 19530 19533 19565 19583 19589 
gavin 19544 
gcc 19491 
ge 19498 
gemeinwirtschaft 19493 19494 
general 19488 19494 19498 19508 19528 19556 
generally 19490 19491 19511 
generated 19540 
generation 19589 
generations 19532 
george 19485 19589 
german 19513 19544 19557 19568 19569 
germany 19534 19551 19557 19576 
gesture 19511 
gidgealpa 19492 
gift 19508 
gill 19570 
giornalistica 19575 
give 19494 19530 
glenview 19572 
global 19532 
glut 19505 
gmbh 19576 
gmt 19498 19504 19507 
gnp 19538 
gold 19519 19521 
goldman 19577 
gonson 19485 
good 19490 19563 19570 19586 
goods 19483 19530 
goodwill 19540 
gorter 19577 
government 19480 19483 19484 19486 19488 19490 19491 19495 19497 19500 19505 19508 19512 19516 19525 19527 19528 19530 19532 19539 19540 19543 19551 19589 
government-regulated 19530 
government-run 19574 
governments 19512 19528 
governor 19505 
grace 19535 
grades 19497 19499 19559 
gradual 19538 
grain 19549 19574 
great 19588 
greater 19496 19538 
greatly 19485 
green 19551 
greet 19483 
grew 19565 
grieveson 19588 
grip 19511 
grips 19505 
group 19485 19493 19494 19499 19504 19510 19515 19527 19540 19544 19553 19554 19556 19560 19561 19562 19565 19575 19584 19585 
groups 19485 19503 19504 19575 
grow 19532 
growing 19511 19540 
growth 19483 19507 19508 19528 19532 19538 19557 19564 19582 
gsp 19497 
gsps 19497 
guarantee 19480 19495 
guiara 19489 
guide 19511 
gulf 19491 19559 19560 19588 
h.k 19542 
hadi 19506 
hague 19486 
hahn 19485 
half 19494 19509 19556 19559 19560 19561 19581 19588 19589 
halstead 19502 
halt 19484 
halve 19530 
halved 19494 
hammering 19497 
hampers 19496 
handled 19576 
hands 19484 
hanover 19544 
hans-rudolf 19532 
happening 19516 
haq 19574 
harare 19530 
hard 19490 19509 
hard-pressed 19538 
harder 19516 
hardest 19530 
hardware 19589 
harm 19539 
harold 19484 
harsh 19528 19582 
harvest 19480 19570 
harvie 19484 
hassan 19505 
hate 19559 
hazard 19583 
head 19495 19505 19544 
heading 19538 
headquarters 19484 
heads 19551 19556 
headway 19483 
health 19481 
heard 19485 
hearing 19485 
hearings 19485 
hears 19485 
heaviest 19559 
heavy 19543 19559 19583 
hefty 19525 
heightened 19538 
heimat 19494 
held 19504 19505 19510 19514 19525 19559 19588 
helle 19509 
hellman 19485 
helmut 19565 
helped 19509 
hemisphere 19588 
henkel 19565 
henry 19552 
heralds 19530 
herbert 19485 
high 19483 19494 19497 19499 19531 19540 19541 19567 19583 19589 
high-flying 19538 
high-technology 19516 
higher 19490 19494 19497 19499 19511 19527 19530 19543 19549 19557 19565 19574 19588 
highest 19527 
highlighted 19544 
hill 19527 
hindered 19589 
hint 19483 
hired 19484 
hiroshima 19517 
hisham 19505 
hisham-nazer 19505 
hit 19509 19588 
hit.t 19567 
hitachi 19567 
hitting 19530 
hk 19487 
hnkg.f 19565 
hog 19555 
hold 19505 19540 19578 
holder 19534 19551 
holders 19485 
holding 19555 19559 19575 
holdings 19485 19490 19512 19542 19584 
holds 19483 19528 19582 
home 19544 
hong 19535 19542 
hong-kong 19535 19542 
hongkong 19535 
hope 19530 
hoped 19540 
hopes 19543 19544 19586 
horse 19530 
hospital 19484 
hotel 19484 19508 
hotly-contested 19534 
houphouet-boigny 19528 19582 
hour 19485 
hours 19536 
house 19489 19490 
housed 19481 
household 19564 
houses 19512 19583 
housing 19494 
hover 19497 
hu 19532 
huge 19505 19532 
human 19495 
hungarian 19544 
hurt 19483 
hutton 19588 
hwan 19495 19566 
hwee 19532 
hypothekenbank 19494 
i.e 19556 
ibc 19480 
ibm 19589 
ibn 19505 
ibrahim 19505 
icca 19500 
icco 19500 
iceland 19509 
ico 19586 
idea 19543 
ideally 19589 
identified 19490 19541 
identify 19575 
il 19575 
ill 19479 
ill. 19572 
illegal 19516 
illinois 19479 
illnesses 19580 
illsley 19573 
ilsley 19579 
image 19544 
imf 19528 19558 19582 
immediately 19495 19556 
impact 19483 19511 19538 19565 
impetus 19532 
implement 19509 
implemented 19509 
implications 19490 19538 19555 
import 19499 19517 19527 19539 
important 19483 19532 19544 
imported 19534 
importers 19539 
importing 19490 
imports 19490 19539 19546 19555 
imposed 19498 
improve 19497 
improved 19507 
improvement 19494 19554 
improving 19496 
ina 19560 
inability 19525 
incentives 19530 19532 19539 
inclination 19538 
include 19496 19505 
included 19508 19539 19560 
includes 19495 19557 
including 19479 19494 19509 19526 19532 19535 19539 19556 19559 19563 19576 19580 19586 
inclusive 19536 
income 19507 19530 19581 
incomes 19508 
increase 19479 19490 19497 19510 19516 19530 19532 19539 19543 19553 19554 19562 19565 19575 19584 19585 
increased 19497 19532 19538 19543 19565 19575 
increases 19497 19530 19588 
increasing 19504 19546 
increasingly 19484 19538 
increments 19530 
independence 19540 
index 19483 19490 19541 19544 
indexation 19480 
india 19571 
indiana 19479 
indicating 19543 
indication 19495 
indications 19483 
indicators 19541 19556 
indirect 19508 19540 19543 
indosuez 19542 
induced 19543 
industrial 19527 19539 
industries 19502 19539 19540 19580 19584 
industry 19479 19499 19505 19516 19527 19532 19536 19575 19589 
inexorably 19538 
inflation 19483 19490 19508 19530 19541 
inflationary 19538 19557 
influences 19483 
inform 19479 
information 19575 
informed 19479 19528 19582 
ing 19575 
ingot 19519 
initial 19485 19497 19509 19527 19589 
initiatives 19496 19527 
injured 19485 19583 
inside 19584 
insignificant 19565 
insistence 19495 
insisting 19559 
insists 19546 
insolvent 19485 
inspection 19555 
inspectors 19555 
instances 19544 
institute 19480 19586 
institution 19496 
institutions 19528 
instructed 19536 
instrumentation 19481 
instruments 19532 
insurance 19507 19508 
insurer 19494 
int 19561 
intact 19483 
intel 19589 
intended 19510 19540 19553 
intends 19481 19508 19516 
intensified 19527 
inter-company 19510 
interbank 19511 19521 19526 19532 19535 19542 
interest 19483 19487 19490 19493 19494 19497 19508 19511 19512 19526 19529 19533 19535 19538 19541 19542 19545 19547 19557 19562 19586 
interfaces 19576 
interior 19525 
intermediate 19499 19588 
international 19496 19497 19499 19500 19527 19528 19532 19534 19535 19540 19548 19582 19586 19588 19589 
intervened 19541 
intervention 19545 
interview 19496 19555 
interviewed 19563 
interviewer 19564 
intransigent 19498 
introduced 19536 
introduction 19530 19589 
invest 19540 
investigating 19489 
investment 19482 19496 19527 19530 19531 19540 19543 19564 
investments 19490 19540 
investors 19490 19538 
involve 19504 19507 
involved 19484 19490 19495 19575 19584 
involving 19494 19553 
iran 19491 19499 19559 19560 
iraq 19491 19497 19499 19559 19560 19588 
iraqi 19497 19560 
iron 19571 
irrelevant 19570 
islamic 19505 19536 
issam 19560 
issue 19500 19504 19507 19510 19514 19526 19542 19546 19550 19552 19553 19559 
issued 19493 19510 19529 19556 
issues 19485 19526 19532 19552 
issuing 19489 19526 19552 
italian 19575 
italy 19546 19553 
item 19575 19586 
items 19527 19539 
ivorian 19528 19570 19582 
ivory 19528 19570 19582 
ivory-coast 19528 19570 
j. 19552 
jacques 19564 
jamal 19505 
james 19490 19577 
january 19499 19500 19530 19567 
japan 19490 19497 19499 19500 19502 19511 19512 19514 19515 19516 19517 19532 19538 19543 19554 19562 19567 19586 
japanese 19497 19499 19516 19532 
jardine 19542 
jawa 19505 
jean-claude 19484 
jeddah 19505 
jim 19483 19508 19546 
job 19505 
jobs 19498 19530 
johannesburg 19584 
joined 19574 
joint 19481 19502 19507 19540 19542 19575 19578 
jolly 19540 
jonahi 19505 
jones 19575 
jorge 19586 
jorio 19586 
journal 19551 
journalists 19540 19544 
juan 19489 19558 
judge 19485 
judgment 19486 
judicial 19489 
jules 19486 
july 19500 19509 19514 19525 19526 19533 19536 19539 19543 19544 19546 19549 19551 19552 19555 19560 19561 19563 19586 
july-december 19588 
july/september 19538 
jumps 19497 
june 19479 19480 19481 19482 19483 19484 19485 19486 19488 19489 19490 19491 19492 19493 19494 19495 19496 19497 19498 19499 19500 19502 19503 19504 19505 19506 19507 19508 19509 19510 19511 19512 19513 19514 19515 19516 19517 19518 19519 19520 19521 19522 19523 19524 19525 19526 19527 19528 19529 19530 19531 19532 19533 19534 19535 19536 19538 19539 19540 19541 19542 19543 19544 19546 19548 19549 19551 19552 19553 19554 19555 19556 19557 19558 19559 19560 19561 19562 19563 19564 19565 19566 19567 19570 19571 19572 19574 19575 19576 19577 19578 19579 19580 19581 19582 19583 19584 19585 19586 19588 19589 
justice 19486 19495 19566 
justify 19490 
jute 19539 
jwt 19504 
kahan 19483 
kandeel 19506 
kangyo 19532 
kanon 19570 
karen 19588 
karl 19557 
kerbs 19522 
key 19483 19485 19511 19539 19540 
kg 19586 
kgaa 19565 
kidnapped 19503 
kilo 19519 
kim 19495 19566 
kit 19580 
kleinwort 19483 19588 
km 19531 
knapp 19485 
knee-deep 19583 
kobe 19502 19535 
kong 19535 19542 
korea 19479 19495 19535 19540 19566 
korean 19495 19540 
kra 19572 
kraft 19572 
kronish 19485 
kuna 19491 
kurihara 19516 
kuwait 19491 19499 19559 
kuwaiti 19491 19588 
kynge 19490 
l'appel 19479 
l'espresso 19575 
la 19489 
laboratoires 19553 
laboratories 19479 
labour 19508 
labs 19479 
lamentable 19544 
land 19538 19543 19552 
land.l 19552 
lane 19510 
lange 19508 
large 19544 
largely 19483 19507 19544 19586 
larger 19483 19496 
largest 19489 19540 19586 19589 
lasting 19556 
late 19483 19494 19499 19505 19514 19563 19586 
latest 19484 19490 19509 19544 
latex 19479 
launder 19544 
laurie 19588 
law 19485 19588 
laws 19587 
lawyer 19485 
lawyers 19485 
le 19531 
lead 19505 19508 19526 19538 19540 19542 19548 19552 19557 
leader 19508 
leaders 19484 19486 19534 19586 
leading 19495 19509 19532 
leak 19479 
leakage 19479 19497 
leave 19506 
leavers 19530 
leaving 19498 
lebanese 19503 
lebanon 19503 
lebensversicherung 19494 
led 19479 19505 19534 19546 19553 19563 
left 19489 19505 19553 19558 
legal 19489 
legislation 19525 
leisure 19584 
lending 19496 19532 19538 
lends 19531 
lent 19531 
lesser 19534 
letter 19484 
level 19483 19497 19508 19540 19556 19559 19589 
levels 19499 19509 19527 19541 19544 19556 19559 19565 19588 
liam 19532 
liberalisation 19532 
libor 19526 19533 
licences 19489 
lieb 19485 
life 19508 
lifland 19485 
lifted 19546 
light 19497 19544 19559 
lightest 19559 
likelihood 19499 
limit 19480 19497 19499 19532 19538 19541 19588 
limited 19540 
limiting 19496 
limits 19589 
lincolnwood 19479 
line 19484 19508 19532 
lines 19484 
link 19532 
link-up 19532 
linked 19490 19493 19494 19544 
links 19532 19540 
liquidity 19538 19581 
list 19505 
listed 19552 
listing 19526 
lit 19523 
live 19511 
livestock 19555 
living 19513 19549 
loading 19499 
loan 19504 19531 19532 19535 19558 19581 
loans 19496 19558 19581 
local 19490 19512 19532 
logo 19589 
london 19500 19504 19507 19510 19523 19532 19535 19544 19548 19552 19586 19588 
london-based 19570 
long 19483 19517 19544 19589 
longer 19481 19483 19538 
lonrho 19510 
los 19578 
loss 19544 
losses 19544 19563 19581 
lot 19479 19559 
lots 19479 
low 19483 19508 19530 19532 19541 
lower 19490 19494 19511 19538 19557 19564 
lowest 19530 19570 
lrho.l 19510 
ltcb 19535 
lube.o 19578 
lucky 19544 
luigi 19489 
lull 19557 
lux 19519 
luxembourg 19519 19531 
luxury 19539 
lynch 19483 
lyonnais 19535 
m-1 19483 
m-2 19483 
m-3 19483 
machine 19516 
machinery 19539 
machines 19516 19589 
made 19479 19483 19484 19485 19492 19509 19516 19525 19544 19567 19573 19589 
magazine 19496 
magnate 19563 
mail 19484 
main 19494 19498 19517 19525 19534 19539 19570 19586 
mainstays 19570 
maintain 19499 19511 19538 19564 
maintained 19559 
maintains 19540 
major 19490 19495 19505 19527 19532 19538 19544 19576 19589 
majority 19525 
make 19486 19507 19516 19530 19538 19544 19563 19586 
makers 19479 
making 19490 19501 19509 19527 19589 
malaise 19530 
malaysia 19479 19509 
mana 19506 
managed 19496 19508 
management 19484 19494 19498 19526 19532 19535 19542 19544 19552 
manager 19488 19511 19526 19532 19542 19548 19552 
managers 19514 19540 
managing 19528 19532 19565 19582 
manila 19533 
manipulation 19544 
mans 19531 
manuel 19489 
manufacture 19502 19576 
manufacturers 19479 
manville 19485 
mar 19518 19524 
margin 19494 
margins 19530 
marine 19534 19551 19573 19579 
mario 19489 
maritime 19532 
mark 19480 19494 19544 19553 19557 19565 
markedly 19494 
market 19479 19483 19489 19490 19497 19499 19503 19505 19508 19509 19511 19512 19532 19538 19540 19541 19544 19546 19556 19563 19567 19588 19589 
marketing 19505 
markets 19490 19497 19528 19532 19538 19540 19582 19588 
marks 19493 19494 19544 19550 19553 19565 19568 19569 
marshall 19573 19579 
marshall/ilsley 19579 
masoud 19505 
mass 19558 19576 19589 
mass. 19585 
massive 19495 
match 19544 
materials 19539 
matheson 19542 
matin 19528 19570 19582 
matter 19556 
matters 19586 
maturing 19512 19514 
mawson 19492 
maxwell 19563 
mazda 19517 
mazt.t 19517 
mcentee 19483 
mcgarry 19484 
mcginley 19483 
mcrp.o 19579 
means 19509 19538 19543 19544 
measure 19495 19534 
measures 19530 19543 19551 19553 
meat 19549 19555 19580 
mechanism 19534 
medellin 19586 
median 19483 
mediator 19484 
medical 19481 19553 
medicine 19553 19583 
medium 19559 
meet 19498 19549 19551 19586 19589 
meeting 19483 19500 19506 19509 19514 19534 19544 19551 19553 19556 19559 19565 19575 19586 19588 
meets 19499 
mehdi 19588 
melbourne 19527 
member 19484 19556 
members 19483 19497 19498 19499 19544 19560 19586 19588 
membership 19500 
memory 19589 
men 19505 
mena 19506 
merchant 19532 19542 
merge 19504 
merger 19507 
merignac 19553 
merrill 19483 
met 19495 
metres 19492 
metropole 19510 
mexico 19509 
michel 19528 19582 
michigan 19479 
micro 19576 
micron 19585 
microprocessor 19589 
microsoft 19589 
mid-july 19533 
mid-june 19483 
middle 19497 19506 19588 
mideast 19497 19499 
migration 19589 
milan 19575 
milano 19575 
mild 19580 
military 19491 19495 
mill 19540 
miller 19538 19543 
millions 19589 
milwaukee 19579 
mindful 19538 
minerals 19505 
mini-refunding 19483 
minimal 19497 
minimum 19480 19530 
minister 19484 19486 19489 19491 19505 19506 19508 19509 19516 19525 19530 19532 19539 19543 19555 19558 19559 19560 19564 19570 19588 
ministerial 19506 
ministers 19509 19551 19560 19588 
ministries 19549 
ministry 19500 19509 19539 19543 19555 19583 
minneapolis 19481 
minus-ceiling 19543 
minutes 19580 
missing 19503 
mitsubishi 19542 
mitsui 19562 
mixed 19490 
modest 19532 
mohammad 19539 
monday 19529 
monetary 19508 19532 19536 19538 
money 19483 19490 19511 19512 19532 19538 19541 19543 
money-fx 19489 19537 19541 
monitor 19556 
month 19483 19490 19499 19502 19508 19525 19528 19529 19538 19543 19546 19570 19575 19582 19588 
monthly 19480 19530 
months 19494 19497 19499 19534 19536 19538 19557 19565 19575 19585 19588 19589 
moody 19526 
moomba 19492 
morning 19490 19541 19548 19574 19588 
moslem 19503 
motivate 19556 
motor 19517 19544 
mould 19505 
move 19481 19495 19505 
movements 19490 
moves 19506 19551 
moving 19484 19532 
mrea.t 19562 
mris.o 19579 
ms-dos 19589 
mud 19544 
muenchener 19494 
muggia 19489 
muldoon 19508 
multi-function 19576 
multi-party 19525 
multi-tasking 19589 
multitask 19589 
multitasking 19589 
munim 19539 
murders 19486 
murphy 19546 
mutual 19516 
myraid 19585 
n.j. 19479 
n.y. 19578 
n.z 19508 
nabet 19498 
nakasone 19516 19543 
named 19575 19577 
names 19577 
naphtha 19497 
narrow 19509 
narrowing 19483 
nasdaq 19532 
national 19479 19495 19498 19506 19508 19530 19532 19544 19556 19586 
nationale 19531 
nationwide 19580 
nature 19544 19551 
navy 19574 
nazer 19505 
nbc 19498 
neave 19561 
nebulous 19485 
necessity 19556 
needed 19485 19530 19558 
negate 19530 
negative 19483 19565 
negotiator 19484 
neighbour 19509 
net 19493 19510 19515 19527 19544 19554 19561 19562 19565 19571 19581 
netback 19556 
netherlands 19486 19534 19553 
network 19498 19554 
neue 19494 
neutral 19559 
new-zealand 19508 
newark 19479 
newly 19588 
newly-created 19488 
news 19486 19491 19498 19499 19506 19558 19559 19560 19575 19588 
newspaper 19557 19570 
newsweek 19496 
niche 19490 
nicherei 19548 
nichirei 19548 
night 19489 19506 
nikko 19514 19548 
nikt.t 19514 
nil 19510 
nkr 19537 19541 
nmsc.t 19514 
nominal 19483 19553 
nomura 19514 
non-cash 19553 
non-opec 19506 19509 
non-traditional 19539 
non-voting 19565 
noon 19536 
nordic 19509 
normal 19570 
north 19479 19509 19540 
northeast 19540 
northeastern 19583 
northern 19570 19588 
norway 19509 19537 19541 
norwegian 19541 
note 19493 19494 19515 19561 19562 19571 19588 
noted 19483 19494 19541 19544 19556 
notice 19551 
november 19480 19517 
number 19496 19580 
numbers 19544 
numedco 19585 
oak 19482 
oat 19572 
oats 19572 
objected 19485 
objection 19498 
objective 19586 
obligations 19544 
obliged 19536 
observation 19490 
observed 19556 
obtaining 19558 
occupy 19494 
occur 19538 
oct 19518 19522 19524 
october 19480 19497 19556 
oeien 19509 
offer 19484 19504 19507 19510 19529 19532 19573 
offered 19526 19532 19535 19542 19546 19563 
offers 19495 
office 19495 19508 19556 
officer 19527 19577 
official 19480 19491 19499 19509 19511 19513 19524 19528 19538 19539 19540 19543 19545 19547 19551 19555 19556 19559 19560 19568 19569 19570 19582 19588 
officially 19480 19509 19540 
officials 19498 19500 19511 19527 19528 19538 19539 19540 19543 19555 19570 19574 19583 19589 
offing 19538 
offset 19543 
offshore 19509 19532 19536 
oil 19490 19492 19497 19499 19505 19506 19509 19559 19560 19588 
oil-producing 19556 
oils 19534 19551 
oilseed 19549 
oliv.mi 19575 
olivetti 19575 
oman 19491 
one-day 19503 
one-for-five 19550 19553 
one-month 19512 
one-time 19581 
onset 19588 
onstream 19499 
ontario 19484 
opec 19483 19490 19497 19499 19505 19506 19509 19556 19559 19560 19588 
opec-assigned 19499 
opec-engineered 19505 
open 19518 19536 19541 
opening 19521 19536 19553 
opens 19540 
operate 19536 
operated 19488 19489 
operates 19584 
operating 19494 19507 19515 19562 19589 
operation 19511 19538 19589 
operational 19527 
operations 19481 19505 19517 
operators 19489 
opg 19524 
opinion 19508 
opportunities 19507 19589 
opportunity 19589 
opposition 19486 19495 19508 19525 19534 19543 19566 
optimism 19588 
optimistic 19563 19586 
options 19542 
order 19556 
orders 19490 
ordinary 19504 19510 19556 19565 
organisation 19500 19505 19586 
oriented 19539 
original 19504 19555 19576 
originally 19509 19564 
os-2 19589 
os/2 19589 
oslo 19509 19541 
oteiba 19506 
ottawa 19484 
otto 19557 
ounces 19479 
outflows 19490 
outlook 19490 19556 19588 
output 19490 19497 19499 19506 19509 19559 19560 19570 19588 
outstanding 19482 19585 
over-production 19499 19588 
over-the-counter 19580 
overcome 19495 
overdoing 19559 
overfunded 19485 
overhaul 19505 
overhauling 19543 
overpriced 19490 19559 
overseas 19530 19535 19540 19554 
oversupplies 19497 
overt 19538 
owing 19530 
owned 19578 
owner 19489 
owners 19489 19494 19575 
ownership 19494 
owns 19507 19510 
oz 19519 
p.m 19536 
paced 19589 
package 19495 19534 19543 19551 
packages 19589 
pact 19497 19509 19559 
paid 19510 19528 19530 19563 19582 
paper 19534 
par 19526 19552 19585 
par-priced 19514 
parallel 19489 
paramaribo 19486 
parent 19494 19498 
paris 19518 19522 19524 19526 19531 19563 19564 
park 19510 
parliament 19509 19525 
parliamentary 19500 19525 19543 
parrot 19484 
part 19489 19511 19533 19538 19553 19570 
part-time 19498 
partial 19494 19502 
participate 19500 
participating 19535 
participation 19540 
parties 19485 19525 
partly 19530 19532 19538 19543 
partner 19575 19577 
partners 19482 19525 19534 19575 
partnership 19481 19482 
party 19495 19508 19525 19566 19588 
passed 19525 
past 19483 19509 19527 19538 19557 19588 
pasta 19546 
patchy 19570 
patricia 19483 
paul 19485 19589 
pay 19485 19530 19531 19543 19553 19561 
payable 19510 19542 19571 
payment 19510 19514 19526 19552 19581 
payments 19485 19528 19530 19562 19582 
pays 19552 
pc 19589 
peak 19490 19527 
pearson 19575 
pegged 19532 
peking 19540 
pending 19492 
penetrating 19540 
pennsylvania 19502 
percentage 19533 19535 19542 
performance 19525 19565 
performed 19494 
performing 19481 
period 19494 19535 19538 19556 19564 19565 
periods 19517 
permanently 19505 
permeate 19538 
permit 19507 
permitted 19498 
personal 19508 19589 
personnel 19574 
peter 19544 
peterson 19577 
petrocorp 19508 
petroleum 19492 19505 
petromin 19505 
pharmaceutical 19584 
pharmaceuticals 19553 
phase 19491 
phenomenally 19530 
philadelphia 19581 
philippines 19533 
pibor 19526 
pick-up 19544 
picket 19484 
piecemeal 19541 
pigmeat 19555 
pipeline 19499 19559 19588 
pipelines 19559 
pitch 19516 
place 19575 
placement 19514 
plan 19485 19496 19527 19543 
plane 19516 
planned 19494 19504 19509 19543 19553 19575 19588 
planning 19505 19532 19542 
plans 19496 19506 19516 19542 19550 19551 19553 19587 
plant 19517 19527 19540 19544 
plants 19570 
play 19496 19532 19539 
played 19538 
players 19532 
playing 19496 
plc 19488 19504 19507 19510 19542 19552 19575 
pleasant 19528 19582 
pledge 19511 
pledged 19506 19509 19558 
plenary 19586 
plight 19530 
plunge 19511 
plunged 19538 
pm-floods 19583 
pmlj.j 19584 
pmr 19585 
poehl 19557 
point 19483 19487 19508 19509 19533 19535 19542 
pointed 19485 
points 19483 19508 19526 19538 19542 
poised 19483 
poisoning 19580 
poland 19549 
police 19484 19489 
policies 19508 
policy 19500 19508 19511 19538 19539 19543 19581 
polish 19549 
political 19495 19532 19566 19584 19586 
politics 19495 
poll 19508 19566 
pool 19521 19532 
populous 19484 
pork 19549 19580 
port 19505 19574 
portfolio 19532 19581 
portion 19496 
portland 19540 
portugal 19526 19553 
posed 19538 
position 19518 19559 19560 19586 
positions 19497 19586 
positive 19508 19509 19556 
possibility 19538 
post 19484 19495 19505 
postal 19484 
postpone 19534 
postponed 19530 19555 
posts 19505 
potential 19499 19532 19538 19540 19589 
poultry 19580 
pound 19546 
pouring 19479 
power 19508 19530 19564 
powerful 19589 
prachuab 19525 
practically 19557 
praecipium 19535 
praecipuum 19526 
pre-tax 19571 
precipitation 19570 
predecessor 19505 
predicted 19554 19589 
prefer 19589 
preference 19565 
preferred 19485 19585 
prem 19525 
premier 19584 
premium 19548 19552 19588 
prepared 19496 19534 19544 19551 
prerequisite 19556 
presence 19532 19586 
present 19485 19495 19570 19580 
presidency 19534 19551 
president 19484 19495 19496 19505 19528 19557 19558 19563 19566 19577 19582 19586 19589 
presidential 19495 19566 
press 19486 19494 19495 19516 19538 19563 
pressure 19484 19490 19494 19497 19537 19541 19543 
pressures 19538 
pretax 19515 
pretexts 19557 
pretty 19499 
prevailing 19483 19511 
prevent 19563 
preventing 19534 
previous 19564 19570 19588 
previously 19481 19509 19572 
price 19480 19483 19490 19497 19499 19504 19507 19509 19514 19530 19534 19544 19548 19549 19551 19552 19553 19556 19559 19563 19588 19589 
price/earnings 19538 
priced 19548 
prices 19490 19497 19499 19505 19506 19509 19511 19530 19538 19539 19543 19549 19551 19556 19559 19586 19588 
pricing 19490 19552 
primarily 19496 
primary 19511 
prime 19486 19487 19508 19516 19525 19543 19564 
prince 19505 
principal 19586 
prisoners 19495 19566 
private 19496 19530 19538 19578 
privatisation 19508 19532 
privatisations 19532 
privatise 19508 
privatised 19563 
probes 19489 
problem 19494 19528 19530 19559 19570 19582 
problems 19527 19528 19530 19559 19581 19586 
procedures 19539 
proceedings 19485 
process 19540 19563 19580 
processing 19540 
procurement 19549 
produce 19506 
produced 19494 
producer 19499 19586 
producers 19480 19498 19509 19527 19586 
producing 19499 19509 19544 19559 19588 
product 19497 19589 
production 19481 19490 19492 19497 19499 19502 19506 19509 19527 19530 19539 19544 19554 19556 19559 19560 19570 19588 
productive 19538 
products 19497 19540 19580 19585 19589 
professionally 19544 
profit 19493 19494 19527 19530 19544 19554 19562 19563 19565 19571 19584 
profit/sales 19565 
profitable 19527 19581 
profits 19494 19538 19544 19549 19563 19584 
profitted 19544 
program 19486 19516 19527 19589 
programme 19530 
programmes 19532 
programs 19589 
prohibited 19483 
project 19540 
projected 19512 
projection 19584 
projects 19496 
promised 19530 19543 
promising 19589 
promoting 19496 
promotion 19496 
prompt 19497 19525 
prompted 19496 
proof 19578 
properly 19559 
property 19484 19485 19583 
proposal 19485 19504 19534 19551 19579 
proposals 19495 19504 
proposed 19496 19504 19507 19510 19534 19543 19588 
proposes 19510 
prospects 19490 19496 
protection 19479 
protectionism 19557 
protectionist 19557 
protex 19479 
prove 19483 
provide 19488 19543 
provided 19481 19507 19530 
provision 19581 
provisional 19493 19559 19588 
provisionally 19509 
provisions 19493 19494 19544 
provoke 19546 
proximity 19492 
prs 19522 19524 
ps-2 19589 
ps/2 19589 
ps/2s 19589 
pson.l 19575 
psychology 19483 
pte 19567 
pty 19492 19517 19527 
public 19512 19514 19563 
publicised 19540 
published 19480 19493 19494 19544 
publishing 19575 
pumped 19538 
pumping 19588 
pumps 19509 
punishment 19516 
purchase 19504 
purchased 19498 
purchasing 19530 
purely 19551 
purification 19481 
purpose 19556 
pursue 19540 
pushed 19567 
put 19485 19542 
putting 19497 
qatar 19488 19491 19497 19499 
qman 19485 
qtelc 19488 
quaker 19572 
quarter 19481 19483 19494 19497 19499 19509 19556 19559 19581 19588 
quarterly 19542 19581 
quarters 19559 19588 
query 19575 
questionable 19497 
quickly 19483 19484 19499 19546 
quiet 19497 
quieter 19516 
quintal 19549 
quit 19495 
quota 19497 19499 19559 19560 19586 19588 
quotas 19586 
quotation 19532 
quoted 19491 19504 19560 19588 
quotes 19497 
radical 19530 
radio 19564 
radiocor 19575 
railways 19531 
rainfall 19570 
rains 19583 
raise 19487 19499 19504 19510 19553 19559 
raised 19482 19504 19532 19559 19586 
raises 19504 
raising 19543 19553 19560 
raked 19532 
rally 19483 19490 19588 
rallying 19588 
ran 19505 
rand 19584 
range 19483 19497 19559 
ranging 19549 19580 
rape 19549 
rapeseed 19549 
rapidly 19490 19492 
rate 19490 19492 19508 19510 19511 19512 19526 19533 19535 19538 19541 19542 19545 19547 19548 19554 19557 
rated 19526 
rates 19483 19490 19508 19511 19526 19538 19541 19557 
ratify 19500 19544 
ratio 19565 
ratios 19538 
raw 19539 
rca 19498 
rdp 19495 
re-established 19556 
re-organization 19494 
reach 19509 19539 19551 19555 
reached 19495 19509 19533 19560 19575 19588 
react 19495 19497 
reacted 19588 
reaction 19490 19495 19497 
ready 19534 19551 19589 
real 19490 19530 19559 19562 
realistic 19496 19586 
realities 19505 
reality 19538 
reason 19497 19499 19538 19557 
reasonable 19584 
reasons 19532 
reassessment 19544 
reassure 19511 19538 
rebuild 19497 
rebundle 19532 
recall 19479 
recalled 19479 
recalling 19479 
recalls 19479 
receding 19583 
receipts 19543 
receive 19549 19579 
received 19490 19507 19532 19579 19580 
recent 19483 19490 19497 19508 19511 19538 19565 19570 19588 
recently 19483 19538 19559 19570 19589 
recession 19538 19543 
recommend 19544 
recommendation 19495 
reconvene 19525 
record 19490 19532 19570 19589 
recourse 19543 
recover 19544 19557 
recovered 19479 
recovering 19494 
recovery 19530 
red 19580 
redrafting 19534 
reduce 19530 19543 19581 
reduced 19509 19541 19554 
reestablishing 19586 
reference 19499 19509 19534 
referrred 19544 
refiner 19499 
refiners 19499 
reflect 19490 
reflected 19494 
reflects 19544 
refocus 19481 
reform 19495 19543 
reformed 19543 
reforms 19495 19530 
refrigeration 19502 
refused 19485 19509 19559 19588 
regarded 19511 
region 19532 
regional 19532 
regions 19570 
register 19561 
regulate 19508 
regulation 19536 
regulations 19536 19555 
reimpose 19546 
reinstate 19556 
reintroduced 19559 
reiterated 19556 
rejected 19484 19495 19546 19560 
rejection 19497 
rejects 19560 
rejuvenate 19589 
related 19546 
relation 19544 19556 
relative 19559 
relaxed 19539 
release 19495 19557 19558 19566 
released 19543 
relief 19559 19583 
relies 19509 
relieve 19496 
reluctant 19525 
remain 19490 19495 19504 19511 19546 19564 19586 
remainder 19504 19510 
remained 19509 19529 19586 
remaining 19483 19512 19544 
remains 19479 19483 
remarks 19528 19582 
remittances 19530 
removal 19508 
removed 19505 
renegotiation 19533 
renew 19500 
renewed 19588 
reopened 19546 
reorganisation 19496 
reorganization 19485 
reorganizing 19481 
repayment 19510 
repeat 19586 
repeated 19491 19588 
repesenting 19485 
replaced 19505 
replacement 19484 
reponsibilities 19544 
report 19484 19538 19544 19581 19584 
reported 19479 19528 19554 19556 19560 19565 19570 19581 19582 
reporters 19484 19489 19525 19527 19533 19539 
reports 19483 19543 
represent 19485 19581 
representation 19485 
representative 19546 
represented 19485 19498 19536 
representing 19485 19498 19504 19548 19586 
represents 19484 
republic 19526 
repurchase 19511 19512 19538 19547 
request 19480 19484 19486 19505 19555 
requests 19485 
require 19479 19536 
requirement 19508 
requirements 19497 
research 19481 19505 19589 
reserve 19481 19483 
reshuffle 19525 
residents 19514 
resign 19495 
resignation 19484 
resigned 19544 
resilience 19490 
resistance 19483 
resolve 19546 
resolved 19546 
resources 19505 
respect 19497 
respond 19484 
responding 19575 
response 19555 
responsible 19484 19511 
rest 19497 19499 19509 19588 
restarted 19507 
restored 19588 
restrain 19506 
restrictions 19539 19546 19557 
restructure 19533 
restructuring 19533 19563 
result 19525 19586 19589 
resulting 19544 
results 19479 19483 19544 19556 19561 19584 
resumption 19486 
resuscitate 19530 
retailers 19479 
retained 19509 
retired 19505 
return 19505 19530 19536 19563 
returned 19508 19546 19560 
reunification 19495 
revealed 19544 
revenue 19543 
revenues 19543 
reversed 19483 
reverses 19536 
reversing 19564 
review 19530 19574 19587 
reviewing 19481 19505 
revise 19500 
revised 19493 19504 
revitalise 19530 
rhodes 19558 
rice 19527 
rich 19538 19543 
richard 19532 
ricoh 19515 19554 
rict.t 19515 19554 
rights 19495 19504 19510 19550 19553 
rise 19483 19489 19490 19497 19499 19513 19538 19541 19544 19549 19554 19564 19565 19584 19588 
risen 19490 19499 19508 19509 19530 
rises 19490 19493 19499 19549 19588 
rising 19490 19494 19509 19535 19559 
risk 19484 19493 19494 19538 
riyadh 19505 
road 19483 19485 
rob 19538 19540 
robert 19484 19508 19563 
robin 19532 
rod 19589 
roh 19495 
role 19488 19496 19532 19539 
rolf 19544 
rolling 19540 
rome 19575 
rose 19490 19494 19499 19507 19509 19554 19564 19565 19584 
roughly 19479 
round 19509 
routine 19511 19583 
row 19534 19546 
rubaishi 19505 
rubber 19479 
rule 19485 
rules 19532 
ruling 19495 19525 19546 19566 
run 19505 19538 
running 19538 
rupees 19571 
rusinga 19530 
rye 19549 
sa 19553 
sabah 19491 
sachs 19577 
safety 19484 
sagging 19589 
sakaguchi 19532 
salaries 19530 
salary 19498 19530 
sale 19493 19494 19563 
sales 19490 19494 19497 19499 19500 19512 19515 19524 19539 19544 19553 19554 19562 19565 19571 19585 19589 
salman 19505 
salmonella 19580 
samsung 19535 
samuel 19483 
sanctions 19584 
sands 19492 
sanitary 19479 
santos 19492 
sarget 19553 
satisfaction 19556 
saturday 19490 19497 19536 19559 19560 19574 19588 
saturdays 19536 
saudi 19491 19499 19505 19559 
saudi-arabia 19491 19499 19505 
savannah 19570 
savings 19494 19543 
saxon 19479 
scale 19527 19530 19541 
scandal 19544 
sceening 19580 
schaub 19532 
schedule 19589 
scheduled 19525 
schmid 19479 
school 19530 
schroder 19552 
scientific 19576 
scope 19507 19544 
scramble 19588 
scrimgeour 19544 
scsi 19576 
scuffle 19484 
sea 19509 
seal-it 19578 
season 19570 19586 
seasonal 19538 
seat 19544 
seats 19525 
sec 19587 
second-half 19499 
secretary 19516 19556 
section 19490 
sections 19490 
sector 19508 19530 19536 
sectors 19530 19565 
secure 19556 
secured 19504 
securities 19482 19483 19485 19490 19494 19512 19514 19532 19543 19548 19552 
securitisation 19532 
securitise 19532 
security 19516 19587 
sedition 19495 
seek 19511 19538 19558 19566 19586 
seeking 19516 19530 19589 
seeks 19484 19496 19566 19575 
sees 19527 19538 19554 19559 19563 19564 19584 
sell 19481 19489 19510 19512 19540 
sellers 19497 
selling 19497 19526 19541 19552 19567 19589 
sells 19537 19541 
selowsky 19544 
sembawang 19532 
semi-official 19558 
semiconductors 19535 
senior 19491 19511 19532 19538 19541 
sentence 19495 19589 
seoul 19495 19540 19566 
separate 19485 
september 19483 19499 19514 19525 19553 19559 19567 19586 19588 19589 
serget 19553 
series 19483 19484 
service 19484 19507 19530 19532 19578 
services 19481 19488 19494 19530 19532 19575 
sesdaq 19532 
sessions 19525 
set 19480 19481 19484 19490 19495 19498 19509 19514 19529 19530 19532 19535 19539 19541 19546 19548 19552 19559 19560 19588 19589 
sets 19485 
setting 19588 
settle 19484 
settled 19546 
seven-day 19547 
seven-year-old 19560 
severely 19530 
sexually 19479 
sfr 19523 
shake 19505 
shanghai 19487 
share 19485 19490 19494 19504 19507 19508 19510 19532 19544 19546 19548 19550 19552 19553 19560 19563 19571 19579 19581 19584 
shareholder 19485 
shareholders 19485 19504 19530 19544 19563 19571 19579 19585 
shares 19482 19485 19490 19504 19507 19510 19532 19538 19543 19553 19563 19565 19578 19585 
sharp 19490 19538 19543 19544 19588 
sharply 19507 19510 19538 19541 19543 19544 19564 
shed 19544 
sheet 19493 19494 
sheik 19479 
sheikh 19491 19559 19588 
shelve 19543 
shift 19532 19536 19538 
shinawi 19505 
ship 19491 
shipments 19479 
shipped 19589 
shipping 19491 19574 
short 19483 19499 19559 
short-term 19538 19544 
shortage 19497 
shortages 19497 
shortly 19580 
show 19497 19511 19538 19557 19584 
showed 19532 19541 
showing 19490 
shown 19483 19497 19586 
shows 19530 
shr 19515 19561 19562 19573 
shrinking 19508 
shrugged 19511 
shut 19503 
side 19540 
sides 19498 19546 
sieg.f 19576 
siemens 19576 
sign 19499 19533 19559 
signed 19488 19517 19535 19540 19556 19558 
significant 19492 19507 19556 19584 
significantly 19516 19556 
signing 19533 
signs 19517 19535 19588 
sihler 19565 
similar 19561 
simply 19511 
singapore 19497 19532 19561 19567 
singer 19483 
sister 19540 
situation 19488 19497 19499 19583 
six-month 19557 
size 19483 19532 
skeptical 19589 
skyrocketing 19538 
slaughterhouse 19555 
slaughterhouses 19555 
slide 19483 
sliding 19530 
slight 19497 
slowdown 19532 19589 
slowed 19483 
slowly 19494 
sluggish 19483 19494 
small 19511 19525 19539 19541 19543 
smelter 19540 
smooth 19511 
sms 19576 
smsi.o 19576 
sncf 19531 
sne.t 19514 
so-called 19484 19534 19543 
soared 19538 19543 
social 19495 19566 19586 
societa 19575 
societe 19531 
software 19589 
sold 19494 19541 19563 19589 
sole 19575 
solution 19528 19536 19586 
solutions 19530 
solve 19566 
solved 19546 
someday 19538 
sonntag 19557 
sony 19514 
sort 19551 
sorted 19484 
sounded 19588 
source 19497 19538 
sources 19499 19505 19538 19542 19546 19551 19570 19575 
sourrouille 19558 
south 19492 19495 19531 19535 19540 19566 19584 
south-korea 19495 19540 19566 
southern 19484 
sovereign 19488 
soviet 19509 19516 
spa 19575 
spain 19534 19553 
spanish 19544 
sparanlagen 19494 
sparked 19495 
speaks 19557 
special 19546 19551 19563 19581 
specialised 19589 
specialises 19575 
specific 19494 
speculate 19570 
speculated 19538 
speculation 19489 19494 19538 
speed 19497 19531 
spell 19538 
spending 19508 19527 19538 19543 
spite 19499 
split 19525 19551 
spoke 19586 
spokesman 19480 19491 19509 19514 19517 19533 19536 19551 19553 19554 19566 19567 19575 
spot 19497 19499 19556 19588 
spread 19533 19559 
springs 19588 
squabbling 19525 
squads 19583 
squeezed 19530 
srl 19575 
stabbed 19484 
stabbing 19484 
stabilise 19497 
stabilising 19534 19541 
stability 19499 19509 19532 19556 19586 
stable 19509 19530 19564 
stacked 19495 
staff 19488 19503 19536 19563 
stake 19481 19482 19492 19494 19540 19563 19575 
stance 19511 19532 
standard 19487 19519 19589 
standards 19479 
standby 19558 
standing 19588 
start 19517 19563 19588 
started 19527 
state 19508 19530 19540 19549 19563 
state-owned 19505 
state-run 19484 19563 
statement 19502 19507 19509 19531 19553 
states 19479 19490 19491 19516 19546 19558 19567 19586 
station 19563 
statistics 19557 
stay 19506 19511 
steady 19497 19499 19524 
steel 19502 19527 19571 
steep 19528 19582 
steering 19558 
stemmed 19543 
step 19484 19495 19496 
stepped 19479 
stewart 19501 19507 
stg 19501 19504 19507 19510 19523 19552 
stick 19543 19589 
sticks 19544 
stiff 19543 
stimulate 19511 19530 19543 
stimulated 19532 
stimulating 19490 
stir 19490 
stirring 19490 
stock 19482 19485 19489 19490 19500 19511 19532 19538 19544 19579 
stockbroker 19588 
stockbroking 19532 
stockbuilding 19497 
stockholders 19485 
stockpile 19499 
stocks 19490 19497 
stop 19555 
storage 19576 
store 19490 
storm 19534 19583 
stos.s 19492 
strategy 19505 19508 19586 
stream 19559 19588 
street 19538 
strength 19483 
strengthen 19499 19516 19575 
strengthening 19575 
stressed 19556 
strict 19556 
stricter 19530 
strike 19484 19498 19503 19574 
strikebreakers 19484 
strikers 19484 19574 
strikes 19484 
striking 19484 19589 
strived 19589 
strong 19527 19538 19541 19543 19565 19581 19586 
strongly 19499 
structure 19556 
studied 19556 
study 19528 19534 
studying 19502 
subject 19534 19585 
submarines 19516 
subscribing 19514 19575 
subsidiaries 19493 
subsidiary 19516 19535 19544 19578 
subsidies 19546 
subsidy 19546 
substantial 19495 
substantially 19564 
subsystems 19576 
succeed 19495 
successful 19483 19494 
successfully 19505 19532 
successor 19495 
sucked 19499 
suffer 19490 19580 
suffered 19544 19570 
suffering 19494 
suffers 19544 
sugar 19518 19522 19524 
suggest 19544 
suggested 19589 
suma.o 19481 
sumitomo 19517 
summa 19481 
summit 19534 19551 
sumt.t 19517 
sunamganj 19583 
sunday 19536 19560 
suntharangun 19525 
superintendency 19489 
superior 19589 
supermarket 19490 
supervisory 19544 
supplied 19559 
supplier 19576 
supplies 19497 19588 
supply 19483 19490 19499 19502 19576 19589 
supply/demand 19556 
support 19483 19491 19506 19509 19516 19538 19555 
supported 19491 19508 19530 19534 19556 
supporters 19508 
supposed 19490 
surge 19499 19557 
surged 19499 19588 
surinam 19486 
suriname 19486 
surinamese 19486 
surpass 19480 
surpassed 19565 
surpassing 19490 
surplus 19493 19512 19568 19569 
surprise 19495 
surprising 19483 
survey 19536 
survive 19534 19570 
suspect 19479 
suspend 19528 19582 
suspended 19486 19489 19492 19495 19507 19567 
suspending 19484 
suspension 19507 
suspicion 19555 
sustain 19483 
susumu 19532 
swap 19553 
swaps 19496 
sweep 19559 
swept 19583 
swindle 19544 
swing 19499 
swiss 19532 
switzerland 19532 
symposium 19586 
syndications 19532 
system 19495 19497 19516 19530 19531 19532 19543 19544 19546 19551 19556 19589 
systems 19576 
t-bond 19483 
t-bonds 19483 
t-notes 19483 
tae-woo 19495 
taher 19505 
taiyo 19535 
takeover 19544 19553 19575 
takeovers 19498 
takes 19488 
taking 19546 19575 19588 
takugin 19535 
talks 19516 19527 19528 19534 19546 19558 19575 19582 19586 
tape 19576 
tapped 19589 
tapping 19532 
target 19539 19559 
targeted 19544 
targets 19483 
tariff 19546 
tasks 19589 
tata 19571 
tata.bo 19571 
tax 19500 19508 19512 19530 19532 19534 19539 19543 19551 19571 
taxes 19508 19532 19543 
tay 19532 
technical 19488 19489 19544 19551 
technically 19527 
technicians 19498 
technologies 19481 
technology 19502 19575 
technology/alternatives 19589 
teething 19527 
telam 19558 
telecommunications 19488 19535 
telefono 19575 
telegraph 19589 
telephone 19575 19589 
telerate 19575 
television 19563 19567 
temporarily 19544 
temporary 19530 19567 
tentatively 19495 
term 19483 19497 19499 19517 19544 19556 
terms 19483 19548 19552 19556 
test 19479 19480 19481 19482 19483 19484 19485 19486 19487 19488 19489 19490 19491 19492 19493 19494 19495 19496 19497 19498 19499 19500 19501 19502 19503 19504 19505 19506 19507 19508 19509 19510 19511 19512 19513 19514 19515 19516 19517 19518 19519 19520 19521 19522 19523 19524 19525 19526 19527 19528 19529 19530 19531 19532 19533 19534 19535 19536 19537 19538 19539 19540 19541 19542 19543 19544 19545 19546 19547 19548 19549 19550 19551 19552 19553 19554 19555 19556 19557 19558 19559 19560 19561 19562 19563 19564 19565 19566 19567 19568 19569 19570 19571 19572 19573 19574 19575 19576 19577 19578 19579 19580 19581 19582 19583 19584 19585 19586 19587 19588 19589 
tested 19479 
testing 19479 
tests 19479 
texaco 19587 
texas 19499 19587 19588 
textiles 19539 
tf-1 19563 
tgv 19531 
thai 19525 
thailand 19525 
theoretical 19546 
thin 19497 
thin-walled 19502 
thomas 19494 
thought 19497 19543 19551 19558 19559 19563 
thousands 19485 19583 
threatened 19555 19570 
threatens 19541 19555 
three-month 19511 19526 
thrown 19485 
ths 19589 
thu 19499 
thursday 19483 19536 19559 19588 
thwarted 19483 
tidende 19555 
tie-up 19502 
ties 19540 
tight 19497 19508 19511 19588 
tightening 19538 19555 
time 19479 19498 19511 19527 19543 19544 19549 19589 
tinsulanonda 19525 
tlr 19575 
today 19480 19484 19485 19488 19499 19511 19512 19529 19534 19536 19538 19548 19551 19553 19559 
tokyo 19490 19497 19499 19500 19502 19511 19512 19514 19515 19516 19517 19538 19543 19548 19554 19562 
told 19484 19485 19486 19488 19489 19491 19494 19495 19509 19511 19516 19525 19527 19532 19533 19538 19539 19540 19541 19544 19555 19559 19564 19565 19575 19583 19586 19588 
tomlin 19532 
tomorrow 19512 19551 19563 
tonne 19534 
tonnes 19502 19517 19527 19570 
top 19566 
top-level 19546 
toronto 19484 
toshiba 19516 
total 19482 19489 19494 19502 19507 19509 19512 19518 19524 19526 19527 19531 19532 19533 19539 19554 19581 19584 
totalled 19527 19555 
totalling 19558 
totally 19508 
touch 19538 
tourist 19508 
tours 19531 
town 19485 
toyko 19532 
toyo.t 19544 
toyota 19544 
track 19531 
tractors 19549 
trade 19483 19490 19494 19497 19499 19509 19530 19539 19540 19541 19546 19551 19555 19557 19569 19570 
trade-weighted 19541 
tradeable 19532 
traded 19588 
trader 19497 19499 19588 
traders 19489 19497 19499 19511 19512 19588 
trades 19499 
trading 19483 19489 19494 19499 19507 19532 19534 19563 
traditional 19508 19532 
trains 19531 
tranches 19558 
transactions 19538 
transfer 19494 
transit 19479 
transmitted 19479 
trapped 19583 
treasurer 19540 
treasury 19483 19532 
trend 19483 19490 19532 19588 
treuhand-gesellschaft 19544 
trimmed 19565 
trouble 19484 
troubles 19527 
trucks 19544 
true 19589 
trust 19485 19540 
trustees 19510 
tsba.t 19516 
tube 19502 
tubes 19567 
tubing 19502 
tuesday 19483 19486 
tuned 19505 
turkey 19499 19559 
turmoil 19566 
turned 19588 
turning 19483 
turnover 19494 19524 19532 19561 19565 19584 
two-day 19551 
two-for-one 19504 
two-month 19511 19512 
two-week 19563 
two-week-old 19574 
type 19502 
type= 19487 19501 19513 19519 19520 19521 19522 19523 19524 19537 19545 19547 19550 19568 19569 19573 19586 19587 
typhoid 19580 
u.k. 19499 
u.s 19483 19499 19502 19530 19535 19544 19546 19557 19567 19588 
u.s. 19479 19483 19485 19489 19496 19497 19499 19502 19514 19516 19530 19532 19535 19539 19543 19546 19555 19556 19557 19567 19570 19575 19587 19588 
u.s.-european 19557 
uae 19491 19499 19506 19529 
uffe 19555 
ufficiali 19575 
uk 19504 19548 19552 
unable 19505 
unacceptable 19498 
unaffected 19490 
unambiguous 19546 
unauthorised 19544 
uncertain 19490 
unchanged 19504 19506 19529 
und 19494 
under-utilised 19544 
undercut 19543 
underfunded 19485 
undermined 19525 
understanding 19555 
undertake 19556 
underwriting 19526 19552 
underwritten 19504 
undetailed 19494 
undisclosed 19585 
unduly 19490 
unemployment 19508 
unidentifed 19575 
union 19484 19494 19498 19503 19509 19530 19532 
unions 19527 19530 
unissued 19553 
unit 19567 19572 19578 
united 19479 19490 19491 19499 19516 19529 19542 19546 19558 19567 19586 
units 19502 
universally 19534 
university 19505 
unix 19589 
unload 19574 
unmanageable 19584 
unnerved 19494 
unofficial 19485 
unofficially 19499 
unpopular 19543 
unproc 19519 19520 19521 19522 19523 19524 19586 
unrealistic 19508 
unsecured 19514 19526 
unsubordinated 19526 
unveiled 19495 19508 
unveils 19508 
upper 19541 
ups 19482 
uptrend 19483 
upturn 19538 
upward 19499 19537 19541 
urge 19558 19566 
urged 19479 19530 
usda 19570 
users 19589 
utilisation 19527 
utilized 19499 
vacancy 19577 
valued 19573 19576 
values 19556 
valuing 19504 19507 
variable 19483 
variable-rate 19526 
variety 19532 
varzi 19588 
veg-oil 19534 19551 
vegetable 19534 19551 
vendors 19589 
venezuela 19489 
venezuelan 19489 
venture 19481 19540 19542 19578 
venturing 19532 
verdict 19544 
vermoegensbildung 19494 
version 19504 19589 
versions 19589 
veterinary 19555 
veto 19551 
vice-president 19489 19532 
vickers 19544 
victims 19485 
victoria 19540 
vienna 19506 19509 19556 19559 19560 19588 
view 19509 19538 19556 19575 
views 19536 19586 
vigorous 19496 
villages 19583 
violence 19484 
violent 19484 
virtually 19563 
visit 19506 19528 19546 19582 
visits 19491 19506 19556 
vital 19532 
volksfuersorge 19494 
volkswagen 19544 
volume 19532 19565 
voluntarily 19479 
voluntary 19496 
voracious 19490 
vote 19544 
voting 19565 
vowed 19495 
vowg.f 19544 
vulnerable 19525 19538 
vw 19544 
wage 19530 
wages 19530 19574 
wagg 19552 
waits 19538 
wake 19544 
walk 19510 
walked 19484 19485 19574 
walker 19510 
walkouts 19484 
wall 19538 
wanted 19525 19543 
war 19557 19559 19560 19588 
warburg 19542 
warrant 19548 
warsaw 19549 
washington 19482 19485 19546 
water 19479 19570 19583 
ways 19494 19543 
weak 19483 19497 19499 
weaker 19490 
weakness 19483 
weather 19570 
wednesday 19483 19583 
week 19483 19484 19490 19506 19529 19532 19536 19544 19546 19553 19575 19588 19589 
weekend 19490 19509 19528 19536 19558 19582 19588 
weekly 19575 
weeks 19490 19495 19570 19588 19589 
wegscheider 19494 
weinberger 19516 
weiner 19485 
welcomed 19530 19534 19538 
well-known 19490 
wellington 19508 
west 19499 19503 19531 19534 19544 19551 19557 19576 19588 
west-germany 19493 19494 19544 19553 19557 19565 
western 19495 19517 19527 19531 19570 
wheat 19549 
whitman 19485 
wholeheartedly 19495 
wholesaler 19479 
wholesalers 19479 
wholly 19578 
widely 19508 19588 
widen 19539 
wifl.l 19507 
wijdenbosch 19486 
william 19558 
williams 19544 
willis 19501 19507 
willy 19546 
win 19558 
windows 19589 
winds 19583 
winning 19525 
wins 19576 
winter 19497 19557 19588 
wireless 19488 
wis. 19579 
wished 19528 19582 
withdraw 19495 19567 
witnesses 19485 
wobbly 19525 
won 19533 19576 
woodside 19578 
work 19484 19525 19536 19559 19574 19586 19589 
worker 19484 
workers 19484 19498 19530 
working 19536 
world 19486 19496 19497 19507 19527 19546 19565 19586 19589 
worried 19490 19538 
worries 19538 
worry 19497 
worse 19586 
worsen 19530 
worsening 19530 
worth 19517 19532 19553 19555 
wpp 19504 
wrightson 19501 19507 
write 19496 
writers 19498 
writing 19494 
written 19509 
wrongdoing 19544 
wrote 19544 
wti 19499 19588 
yamaichi 19490 19514 19548 
yamani 19505 
yasuhiro 19516 19543 
yates 19588 
year-ago 19513 19581 
years 19488 19489 19503 19505 19506 19535 19538 19542 19563 19570 19586 19589 
yen 19490 19511 19512 19514 19515 19517 19523 19538 19543 19548 19554 19562 
yen-induced 19538 
yen/dollar 19490 19554 
yesterday 19491 19524 19564 19583 19586 
yield 19512 19529 
yields 19512 19529 19538 
york 19479 19485 19496 19498 19499 19532 19576 19580 19588 
young-sam 19495 
yr 19561 
ysec.t 19514 
yuko 19516 
zaki 19505 
zealand 19508 
zealanders 19508 
zelienople 19502 
zimbabwe 19530 
zimbabwean 19530 
zloties 19549 
zone 19559 
zuheir 19505 
zurich 19521 19532 
