'll 7364 7391 7405 
're 7326 7383 7391 
've 7405 
****** 7321 7324 7325 7329 7339 7387 7389 7390 7392 7417 7419 7420 7422 7425 7426 7436 
****rio 7357 
-4th-qtr 7439 
-accou 7380 
-acquir 7354 
-ar 7332 
-bases-g 7381 
-boa 7402 
-buys 7453 
-complete 7464 
-declares 7363 
-e 7481 
-fil 7333 
-gets 7344 
-in 7341 
-increases 7349 
-nom 7399 
-norstar 7435 
-offe 7409 
-oil-reserv 7423 
-pro 7382 
-raise 7452 
-receives-m 7433 
-se 7427 
-sees-oka 7365 
-sells-debe 7373 
-sells-prod 7454 
-sign 7345 
-to 7446 
-to-buy-s 7337 
-to-exp 7318 
-to-idle-3,500 7440 
-to-run-f 7418 
-to-sell-c 7353 
-to-sup 7411 
-unit 7412 
-withdraw 7352 
/author 7326 7364 7366 7391 7405 
0.5 7375 7397 
0008 7329 
0009 7392 
0010 7339 
0011 7417 7419 
0012 7422 7425 
0013 7325 7387 7420 7436 
0014 7321 7324 7390 
0015 7389 7426 
0023 7413 7472 
0024 7385 
0025 7320 7346 
0026 7474 
0028 7468 
0034 7317 
0037 7363 
0038 7342 7466 
0040 7410 
0041 7347 7476 
0042 7370 7459 
0045 7341 7353 7439 
0047 7331 7441 7465 
0048 7449 
0051 7432 
0052 7444 7453 
0053 7438 
0054 7334 7340 
0055 7344 7354 7380 
0056 7455 7462 
0058 7404 
0059 7338 7349 
0062 7464 
0064 7330 7398 
0065 7359 
0066 7358 7362 7388 
0068 7452 
0069 7433 
0070 7333 
0071 7418 
0072 7372 7399 
0073 7371 7415 
0074 7366 7369 
0075 7345 
0076 7411 
0077 7322 7394 
0078 7458 
0079 7434 
0080 7377 7463 
0081 7318 
0082 7440 
0083 7469 
0084 7421 
0085 7400 7402 
0088 7448 
0089 7373 7437 
0090 7328 7364 7470 
0091 7374 7445 
0092 7337 7454 
0093 7375 7386 7401 
0094 7348 7379 7431 7447 7475 
0095 7378 7407 7450 7478 
0096 7332 7456 
0098 7367 
0099 7327 7391 7451 
0100 7351 7416 
0101 7368 7477 7482 
0102 7350 7397 7442 7480 
0103 7361 7393 7427 
0104 7382 7408 
0105 7414 
0106 7352 7396 7461 7473 
0107 7383 7395 7428 7460 
0108 7365 7403 7430 7481 
0109 7360 7376 7384 7409 7457 7479 
0110 7323 7336 7343 7423 7424 7467 
0111 7412 7446 
0112 7381 7406 7443 
0113 7405 
0114 7319 
0115 7429 
0116 7435 
0117 7355 
0121 7335 
0127 7357 
0134 7471 
0136 7356 
0140 7326 
03-19 7317 7318 7319 7320 7321 7322 7323 7324 7325 7326 7327 7328 7329 7330 7331 7332 7333 7334 7335 7336 7337 7338 7339 7340 7341 7342 7343 7344 7345 7346 7347 7348 7349 7350 7351 7352 7353 7354 7355 7356 7357 7358 7359 7360 7361 7362 7363 7364 7365 7366 7367 7368 7369 7370 7371 7372 7373 7374 7375 7376 7377 7378 7379 7380 7381 7382 7383 7384 7385 7386 7387 7388 7389 7390 7391 7392 7393 7394 7395 7396 7397 7398 7399 7400 7401 7402 7403 7404 7405 7406 7407 7408 7409 7410 7411 7412 7413 7414 7415 7416 7417 7418 7419 7420 7421 7422 7423 7424 7425 7426 7427 7428 7429 7430 7431 7432 7433 7434 7435 7436 7437 7438 7439 7440 7441 7442 7443 7444 7445 7446 7447 7448 7449 7450 7451 7452 7453 7454 7455 7456 7457 7458 7459 7460 7461 7462 7463 7464 7465 7466 7467 7468 7469 7470 7471 7472 7473 7474 7475 7476 7477 7478 7479 7480 7481 7482 
1,000 7367 7461 7473 
1,006,000 7465 
1,013,000 7438 
1,025,000 7444 
1,040,000 7444 
1,050 7357 
1,121,000 7465 
1,136 7432 
1,151,176 7432 
1,171,000 7331 
1,179,000 7462 
1,193,000 7459 
1,195,000 7465 
1,250,000 7480 
1,300,000 7459 
1,306,875 7468 
1,357,000 7358 
1,359,000 7438 
1,359,223 7417 
1,361,000 7459 
1,375 7357 
1,376,000 7398 
1,388,000 7388 
1,442,000 7476 
1,490,718 7432 
1,500,000 7333 
1,661,000 7398 
1,700,000 7333 
1,800,000 7330 7342 
1,831,000 7331 7459 
1,875,000 7476 
1,890,000 7472 
1,986,710 7469 
1-1/2 7326 
1-1/4 7391 
1.02 7466 
1.05 7379 
1.08 7438 
1.09 7459 
1.1 7376 7423 7434 
1.19 7366 7459 
1.2 7408 
1.20 7459 
1.25 7379 
1.30 7379 
1.33 7455 
1.4 7412 
1.41 7359 
1.5 7356 7402 7439 
1.52 7455 7459 
1.55 7462 
1.6 7408 
1.7 7336 7475 
1.76 7382 
1.8 7391 7446 
1.84 7408 
10,355,728 7404 
10,771,260 7404 
10.2 7316 
10.3 7442 
10.5 7330 
10.6 7468 
10.9 7444 
10.925 7384 
100,000 7409 7416 
104.4 7359 
11,026,000 7441 
11,203,287 7422 
11,500 7351 
11.1 7382 
11.4 7447 
11.8 7462 
112,000 7410 
12-1/2 7371 
12-3/4 7446 
12-month 7351 
12-point 7445 
12.5 7391 
12.6 7359 7438 
12.84 7441 
12230 7317 
12231 7318 
12232 7319 
12233 7320 
12234 7321 
12235 7322 
12236 7323 
12237 7324 
12238 7325 
12239 7326 
12240 7327 
12241 7328 
12242 7329 
12243 7330 
12244 7331 
12245 7332 
12246 7333 
12247 7334 
12248 7335 
12249 7336 
12250 7337 
12251 7338 
12252 7339 
12253 7340 
12254 7341 
12255 7342 
12256 7343 
12257 7344 
12258 7345 
12259 7346 
12260 7347 
12261 7348 
12262 7349 
12263 7350 
12264 7351 
12265 7352 
12266 7353 
12267 7354 
12268 7355 
12269 7356 
12270 7357 
12271 7358 
12272 7359 
12273 7360 
12274 7361 
12275 7362 
12276 7363 
12277 7364 
12278 7365 
12279 7366 
12280 7367 
12281 7368 
12282 7369 
12283 7370 
12284 7371 
12285 7372 
12286 7373 
12287 7374 
12288 7375 
12289 7376 
12290 7377 
12291 7378 
12292 7379 
12293 7380 
12294 7381 
12295 7382 
12296 7383 
12297 7384 
12298 7385 
12299 7386 
12300 7387 
12301 7388 
12302 7389 
12303 7390 
12304 7391 
12305 7392 
12306 7393 
12307 7394 
12308 7395 
12309 7396 
12310 7397 
12311 7398 
12312 7399 
12313 7400 
12314 7401 
12315 7402 
12316 7403 
12317 7404 
12318 7405 
12319 7406 
12320 7407 
12321 7408 
12322 7409 
12323 7410 
12324 7411 
12325 7412 
12326 7413 
12327 7414 
12328 7415 
12329 7416 
12330 7417 
12331 7418 
12332 7419 
12333 7420 
12334 7421 
12335 7422 
12336 7423 
12337 7424 
12338 7425 
12339 7426 
12340 7427 
12341 7428 
12342 7429 
12343 7430 
12344 7431 
12345 7432 
12346 7433 
12347 7434 
12348 7435 
12349 7436 
12350 7437 
12351 7438 
12352 7439 
12353 7440 
12354 7441 
12355 7442 
12356 7443 
12357 7444 
12358 7445 
12359 7446 
12360 7447 
12361 7448 
12362 7449 
12363 7450 
12364 7451 
12365 7452 
12366 7453 
12367 7454 
12368 7455 
12369 7456 
12370 7457 
12371 7458 
12372 7459 
12373 7460 
12374 7461 
12375 7462 
12376 7463 
12377 7464 
12378 7466 
12379 7465 
12380 7467 
12381 7468 
12382 7469 
12383 7470 
12384 7471 
12385 7472 
12386 7473 
12387 7474 
12388 7475 
12389 7476 
12390 7477 
12391 7478 
12392 7479 
12393 7480 
12394 7481 
12395 7482 
13,191,000 7462 
13-8 7467 
13-bank 7405 
13.3 7330 
13.5 7424 
13.50 7434 
13.64 7455 
13.9 7330 
130,000 7410 
133.4 7404 
135.2 7434 
135.6 7404 
139.6 7330 
13:56:58.80 7317 
13:58:28.84 7318 
14.0 7331 
14.1 7424 
14.2 7424 
14.50 7342 
14.7 7400 
14.75 7397 
143,000 7390 7395 
145,000 7438 
14:00:40.36 7319 
14:00:50.65 7320 
14:01:54.66 7321 
14:02:25.54 7322 
14:04:14.70 7323 
14:06:47.62 7324 
14:08:06.25 7325 
14:13:47.02 7326 
14:15:19.44 7327 
14:17:11.86 7328 
14:27:37.54 7329 
14:28:03.37 7330 
14:29:32.35 7331 
14:30:24.52 7332 
14:34:39.06 7333 
14:35:01.71 7334 
14:36:52.80 7335 
14:37:05.85 7336 
14:38:06.02 7337 
14:38:37.28 7338 
14:39:28.95 7339 
14:40:13.42 7340 
14:43:03.71 7341 
14:43:25.91 7342 
14:43:49.17 7343 
14:44:07.06 7344 
14:44:13.69 7345 
14:44:16.61 7346 
14:44:30.45 7347 
14:44:43.81 7348 
14:46:11.18 7349 
14:46:48.24 7350 
14:47:03.08 7351 
14:47:55.53 7352 
14:48:48.26 7353 
14:49:21.35 7354 
14:49:41.34 7355 
14:52:33.51 7356 
14:55:44.16 7357 
14:56:14.14 7358 
14:58:44.38 7359 
14:58:55.28 7360 
14:59:32.40 7361 
15,777,000 7338 
15-1/8 7347 
15.14 7423 
15.26 7323 
15.37 7423 
15.50 7397 
15.6 7331 
15.86 7408 
15.9 7355 
150,000 7388 
150,523 7432 
152.2 7330 
15:00:12.68 7362 
15:00:24.01 7363 
15:01:47.75 7364 
15:02:14.22 7365 
15:02:35.01 7366 
15:06:41.50 7367 
15:14:50.05 7368 
15:15:29.22 7369 
15:16:36.43 7370 
15:19:22.26 7371 
15:19:45.00 7372 
15:22:12.93 7373 
15:25:16.11 7374 
15:26:43.44 7375 
15:26:58.27 7376 
15:27:12.98 7377 
15:27:49.66 7378 
15:29:10.55 7379 
15:30:02.92 7380 
15:30:45.62 7381 
15:31:00.25 7382 
15:32:06.99 7383 
15:32:36.14 7384 
15:32:47.93 7385 
15:33:14.75 7386 
15:33:17.21 7387 
15:34:10.38 7388 
15:34:24.80 7389 
15:35:15.99 7390 
15:35:29.49 7391 
15:35:37.90 7392 
15:37:00.93 7393 
15:40:02.88 7394 
15:43:52.15 7395 
15:45:46.95 7396 
15:47:44.44 7397 
15:49:15.45 7398 
15:51:22.41 7399 
15:51:44.22 7400 
15:58:18.90 7401 
16,074,000 7338 
16-1/2 7347 
16:01:02.14 7402 
16:01:21.57 7403 
16:01:28.91 7404 
16:03:15.57 7405 
16:03:33.42 7406 
16:03:50.71 7407 
16:04:26.98 7408 
16:05:26.67 7409 
16:06:06.95 7410 
16:08:40.76 7411 
16:10:04.56 7412 
16:11:25.65 7413 
16:13:58.99 7414 
16:14:39.29 7415 
16:15:26.31 7416 
16:15:41.45 7417 
16:15:49.84 7418 
16:16:15.18 7419 
16:16:21.69 7420 
16:17:18.51 7421 
16:17:20.89 7422 
16:23:49.29 7423 
16:28:41.75 7424 
16:31:09.46 7425 
16:31:15.27 7426 
16:31:29.99 7427 
16:32:06.12 7428 
16:32:41.50 7429 
16:33:33.93 7430 
16:33:42.82 7431 
16:33:54.91 7432 
16:34:37.23 7433 
16:35:01.80 7434 
16:35:15.66 7435 
16:35:38.33 7436 
16:37:02.04 7437 
16:37:17.35 7438 
16:38:47.77 7439 
16:45:27.17 7440 
16:46:40.99 7441 
16:48:31.85 7442 
16:48:44.61 7443 
16:49:17.68 7444 
16:50:33.83 7445 
16:56:42.31 7446 
16:57:13.38 7447 
16:57:20.19 7448 
16th 7450 
17.3 7459 
17.5 7316 
17.6 7319 7366 
17.7 7338 
17.9 7355 
17:04:11.76 7449 
17:08:43.93 7450 
17:10:53.82 7451 
17:13:23.16 7452 
17:16:44.14 7453 
17:20:23.98 7454 
17:21:21.83 7455 
17:22:14.80 7456 
17:22:48.46 7457 
17:23:03.65 7458 
17:23:38.97 7459 
17:24:40.16 7460 
17:24:59.15 7461 
17:27:14.46 7462 
17:27:27.76 7463 
17:28:40.49 7464 
17:33:32.28 7465 
17:33:48.95 7466 
17:39:39.61 7467 
17:41:09.55 7468 
17:43:52.45 7469 
17:44:19.43 7470 
17:44:47.68 7471 
17:44:51.06 7472 
17:45:44.47 7473 
17:46:00.03 7474 
17:46:18.19 7475 
17:46:34.67 7476 
17:47:11.05 7477 
17:50:05.64 7478 
17:50:15.95 7479 
17:50:47.73 7480 
17:54:36.35 7481 
17:55:03.07 7482 
18.7 7355 7459 
18.924 7469 
19-mar-1987 7317 7318 7319 7320 7321 7322 7323 7324 7325 7326 7327 7328 7329 7330 7331 7332 7333 7334 7335 7336 7337 7338 7339 7340 7341 7342 7343 7344 7345 7346 7347 7348 7349 7350 7351 7352 7353 7354 7355 7356 7357 7358 7359 7360 7361 7362 7363 7364 7365 7366 7367 7368 7369 7370 7371 7372 7373 7374 7375 7376 7377 7378 7379 7380 7381 7382 7383 7384 7385 7386 7387 7388 7389 7390 7391 7392 7393 7394 7395 7396 7397 7398 7399 7400 7401 7402 7403 7404 7405 7406 7407 7408 7409 7410 7411 7412 7413 7414 7415 7416 7417 7418 7419 7420 7421 7422 7423 7424 7425 7426 7427 7428 7429 7430 7431 7432 7433 7434 7435 7436 7437 7438 7439 7440 7441 7442 7443 7444 7445 7446 7447 7448 7449 7450 7451 7452 7453 7454 7455 7456 7457 7458 7459 7460 7461 7462 7463 7464 7465 7466 7467 7468 7469 7470 7471 7472 7473 7474 7475 7476 7477 7478 7479 7480 7481 7482 
19.0 7342 
19.7 7338 
191.7 7379 
198.8 7359 
1982 7400 7405 
1983 7399 7405 
1984 7361 7473 7478 
1985 7316 7356 7366 7408 7412 7423 7424 7427 7465 
1986 7332 7349 7361 7366 7375 7379 7381 7400 7408 7415 7423 7424 7427 7430 7434 7438 7442 7443 7444 7448 7455 7465 7466 7481 
1986/87 7387 7389 7390 7395 
1987 7332 7349 7356 7361 7365 7366 7367 7375 7379 7381 7388 7391 7393 7400 7408 7410 7423 7427 7430 7438 7442 7443 
1987/88 7390 7395 
1988 7356 7399 7403 7427 7435 7467 
1989 7318 
1990 7323 7412 7473 7479 
1991 7383 
1992 7394 7403 
1997 7361 
1998 7473 
1999 7371 7458 
1st 7388 7410 
2,003,000 7462 
2,138,000 7455 
2,181,000 7388 
2,219,000 7330 
2,254,000 7462 
2,312,000 7455 
2,375,000 7444 
2,432,000 7465 
2,485,510 7469 
2,500 7367 7478 
2,515,000 7359 
2,783,000 7438 
2-1/4 7326 
2-5/8 7391 
2-for-1 7382 
2.1 7481 
2.15 7405 7465 
2.2 7402 
2.25 7395 
2.3 7437 7481 
2.33 7377 
2.42 7423 
2.48 7404 
2.5 7397 
2.53 7427 
2.7 7391 
2.77 7423 
2.81 7359 
2.85 7465 
2.88-1/4 7326 
2.92-1/2 7326 
2.98 7420 7421 
20,322 7351 
20.3 7444 
20.7 7424 
20.9 7382 
2002 7384 
2012 7446 7458 
2017 7361 
21.203 7469 
213,000 7449 
216,000 7398 
217,000 7449 
22,000 7323 
22.5 7470 
22.6 7450 
23,442 7351 
23-30 7448 
231.7 7439 
239.2 7359 
24,500 7351 
25.1 7408 
25.3 7322 
25.7 7404 
250,000 7407 
251,000 7450 
26.0 7332 
26.9 7427 
265,000 7398 
266,000 7331 
27.0 7449 
27.41 7408 
270,000 7449 
28,569,000 7359 
282.6 7467 
29.3 7439 
290,000 7398 
297,000 7465 
3,500 7351 7367 7436 7440 
3,750,000 7480 
3-1/4 7380 
3.04 7408 
3.07 7441 
3.1 7439 
3.18 7423 
3.2 7423 7447 
3.5 7447 
3.6 7424 
3.7 7352 7465 
3.9 7359 
3/8 7391 7414 
30-year 7373 
30.3 7476 
30.9 7427 
300,000 7336 
32.5 7470 
32.7 7427 
326.5 7366 
33.5 7443 
339.00 7421 
34.4. 7454 
34.9 7476 
342.7 7342 
35.5 7359 
350,000 7389 7395 
360.5 7455 
37,000 7440 
37-3/4 7391 
371.1 7427 
372,000 7438 
38.2 7444 
390.9 7455 
391,800 7319 
392,000 7465 
393,000 7476 
398,000 7338 
3m 7380 
3rd 7330 7432 7438 
4,078,441 7432 
4,256,000 7330 
4,294,000 7455 
4,330,000 7462 
4,520,393 7432 
4,644,000 7404 
4,958,000 7438 
4-1/4 7391 
4.1 7443 
4.5 7427 
4.56 7356 
4.70 7409 
4.75 7409 
4.77 7359 
4.8 7427 
4.9 7472 
4.95 7404 
400,000 7465 
402.0 7366 
409,000 7439 
41-1/8 7391 
41.1 7439 
42,840 7432 
424,000 7318 
43.8 7330 
45-3/8 7391 
450,000 7336 
455,000 7338 
45th 7450 
46,000 7410 
46,054,000 7441 
46.1 7330 
46.5 7331 
469,000 7465 
47,000 7451 
473.5 7332 
473.9 7441 
48.2 7404 
48.8 7459 
491.1 7441 
497,452 7468 
498,800 7469 
4th 7331 7339 7359 7398 7404 7439 7444 7449 7455 7459 7465 7476 
5,000 7353 
5,042,000 7410 
5,529,000 7330 
5,541,000 7398 
5,881,000 7398 
5.02 7356 
5.2 7424 
5.31 7423 
5.35 7455 
5.45 7379 
5.62 7465 
5.65 7465 
50,000 7448 
50.3 7332 
50.4 7331 
50.6 7459 
500,000 7407 
501,000 7444 
51-1/4 7391 
51.5 7397 
511,000 7338 
52-57 7397 
52.3 7405 
52.5 7397 
528,000 7398 
54.0 7366 
540,000 7472 
541.5 7408 
550,000 7338 
558.1 7408 
56,000 7395 
573.1 7404 
574.24 7473 
6,076,000 7476 
6,173,000 7465 
6,254,000 7449 
6,257,000 7465 
6,668,000 7388 
6,788,000 7449 
6-1/2-year-old 7350 
6-3/4 7412 
6.2 7342 
6.28 7404 7442 
6.5 7469 
6.6 7359 
6.8 7427 7447 
6.81 7427 
6.86 7412 
6.89 7321 
6.9 7359 
600,000 7334 
61,000 7449 
631,000 7466 
638.9 7404 
64.297 7421 
641.4 7442 
643,000 7438 
65.16 7421 
652,742 7470 
669,000 7330 
67.6 7404 7442 
7,000 7451 
7,145,000 7438 
7,600 7440 
7-3/4 7384 
7.1 7472 
7.14 7321 
7.5 7355 
7.6 7359 7446 7447 
7.7 7405 
7.8 7444 
7.9 7424 
7/8 7391 
700,000 7381 
71.0 7332 
72.7 7402 
726,000 7438 
7317 7317 
7318 7318 
7319 7319 
7320 7320 
7321 7321 
7322 7322 
7323 7323 
7324 7324 
7325 7325 
7326 7326 
7327 7327 
7328 7328 
7329 7329 
7330 7330 
7331 7331 
7332 7332 
7333 7333 
7334 7334 
7335 7335 
7336 7336 
7337 7337 
7338 7338 
7339 7339 
7340 7340 
7341 7341 
7342 7342 
7343 7343 
7344 7344 
7345 7345 
7346 7346 
7347 7347 
7348 7348 
7349 7349 
7350 7350 
7351 7351 
7352 7352 
7353 7353 
7354 7354 
7355 7355 
7356 7356 
7357 7357 
7358 7358 
7359 7359 
7360 7360 
7361 7361 
7362 7362 
7363 7363 
7364 7364 
7365 7365 
7366 7366 
7367 7367 
7368 7368 
7369 7369 
737.2 7437 
7370 7370 
7371 7371 
7372 7372 
7373 7373 
7374 7374 
7375 7375 
7376 7376 
7377 7377 
7378 7378 
7379 7379 
738.0 7437 
738.2 7437 
738.7 7437 
7380 7380 
7381 7381 
7382 7382 
7383 7383 
7384 7384 
7385 7385 
7386 7386 
7387 7387 
7388 7388 
7389 7389 
7390 7390 
7391 7391 
7392 7392 
7393 7393 
7394 7394 
7395 7395 
7396 7396 
7397 7397 
7398 7398 
7399 7399 
74-7/8 7391 
7400 7400 
7401 7401 
7402 7402 
7403 7403 
7404 7404 
7405 7405 
7406 7406 
7407 7407 
7408 7408 
7409 7409 
7410 7410 
7411 7411 
7412 7412 
7413 7413 
7414 7414 
7415 7415 
7416 7416 
7417 7417 
7418 7418 
7419 7419 
7420 7420 
7421 7421 
7422 7422 
7423 7423 
7424 7424 
7425 7425 
7426 7426 
7427 7427 
7428 7428 
7429 7429 
7430 7430 
7431 7431 
7432 7432 
7433 7433 
7434 7434 
7435 7435 
7436 7436 
7437 7437 
7438 7438 
7439 7439 
7440 7440 
7441 7441 
7442 7442 
7443 7443 
7444 7444 
7445 7445 
7446 7446 
7447 7447 
7448 7448 
7449 7449 
7450 7450 
7451 7451 
7452 7452 
7453 7453 
7454 7454 
7455 7455 
7456 7456 
7457 7457 
7458 7458 
7459 7459 
7460 7460 
7461 7461 
7462 7462 
7463 7463 
7464 7464 
7465 7465 
7466 7466 
7467 7467 
7468 7468 
7469 7469 
7470 7470 
7471 7471 
7472 7472 
7473 7473 
7474 7474 
7475 7475 
7476 7476 
7477 7477 
7478 7478 
7479 7479 
7480 7480 
7481 7481 
7482 7482 
76,130,000 7359 
78-1/4 7391 
794,000 7331 
8,052,000 7476 
8,199,000 7388 
8,520,000 7462 
8,793,000 7455 
8.1 7469 
8.5 7381 
8.51 7441 
82.1 7366 
83,750,000 7359 
868,000 7439 
885.2 7359 
89,900 7432 
89.4 7455 
899.1 7332 
9,000 7396 
9,489,000 7330 
9,500 7351 
9,600,000 7322 
9,771,000 7476 
9.02 7351 
9.05 7351 
9.1 7447 
9.24 7351 
9.30 7351 
9.6 7468 
9.87 7351 
9.9 7359 
9.98 7351 
90,000 7444 
900,000 7387 7395 
91-day 7321 
91.15 7351 
95.0 7322 
95.35 7351 
964,000 7388 
969,000 7444 
97.50 7351 
98.3 7359 
98.5 7405 
99.2 7439 
99.3 7455 
99.938 7412 
`` 7323 7326 7327 7328 7348 7350 7355 7356 7357 7361 7364 7365 7366 7367 7375 7381 7383 7391 7394 7396 7399 7401 7403 7405 7412 7423 7424 7428 7429 7430 7443 7445 7451 7456 7460 7461 7467 7471 7477 
a-1 7376 7435 
a-1-plus 7435 
a-2 7376 
a-3 7373 
a-plus 7435 
a320 7383 
a320s 7383 
a330 7383 
a330s 7383 
a340 7383 
aa 7435 
aa-minus 7435 
aaa 7412 
aarn 7331 
aaron 7331 
abated 7375 
abdulaziz 7350 
abdullah 7350 
abetting 7368 
abolish 7336 
about-face 7326 
abrassuco 7357 
abroad 7375 
absolutely 7429 
absorption 7366 
ac 7463 
accelerate 7423 
accept 7405 
acceptances 7421 
access 7391 7403 
accord 7336 
account 7380 7405 7473 7477 
accountants 7481 
accounted 7366 7423 7424 
accounting 7322 7405 7462 
accrued 7443 
accumulation 7319 
achieved 7375 7477 
acknowledging 7405 
acq 7319 7337 7342 7344 7352 7353 7354 7362 7370 7386 7391 7407 7433 7453 7464 7469 7470 7475 7482 
acquire 7319 7337 7342 7362 7370 7423 7453 7454 7470 7475 
acquired 7335 7342 7354 7366 7415 7424 
acquires 7354 
acquisition 7353 7354 7366 7407 7454 7464 
acquisitions 7373 7423 7463 
act 7343 7360 7451 
acted 7446 
action 7326 7356 7430 
actions 7352 7364 7399 
actively 7366 
activity 7364 
acts 7348 
ad 7358 
adamantly 7326 
add 7328 7332 7366 
added 7319 7336 7349 7355 7356 7366 7399 7409 7429 
adding 7325 7327 7328 7355 7364 7365 7375 7401 7477 
addition 7343 7360 7391 7393 7402 7452 
additional 7332 7366 7367 7383 7391 7399 7475 
adds 7348 
adequate 7430 
adhesives 7452 
adjacent 7366 
adjourn 7319 
adjusted 7437 
adjusting 7481 
adjustment 7375 7401 7440 
adjustments 7394 
admininistrative 7481 
administration 7326 7356 
adnea 7358 
adopt 7401 
adopted 7461 
advance 7467 
advanced 7355 
advances 7343 7360 
advantage 7366 
advantages 7477 
advertising 7362 
advised 7448 
advisers 7401 
advisors 7375 
advisory 7405 
aerospace 7478 
affair 7405 
affect 7364 7435 
affected 7431 
affiliate 7408 
afgi 7407 
after-tax 7407 
ag 7378 
agency 7350 7376 7424 7457 
agent 7332 
aggressively 7366 
ago 7442 7447 7481 
agree 7467 
agreed 7319 7323 7337 7342 7364 7366 7378 7405 7407 7453 7454 7470 7475 
agreement 7332 7342 7344 7345 7348 7356 7365 7378 7383 7395 7396 7406 7411 7435 7467 7478 
agreements 7378 7405 7408 
agrees 7471 
agricultural 7326 
agriculture 7326 7356 7395 7471 
ahead 7471 
ahsc 7444 
ai 7378 
aid 7344 7416 7454 
aide 7326 
aiding 7368 
aids 7335 
aim 7336 7343 7360 
aimed 7394 7406 
air 7348 
airbus 7383 
aircraft 7383 
airline 7478 
airlines 7383 7478 
al-majalis 7350 
alan 7405 
alberta 7318 7448 7472 
albn 7366 
alden 7358 
alejandro 7406 
alexanders 7480 
alfl 7346 
alike 7336 
all-in 7374 
allegations 7364 
allege 7456 
alleged 7448 
allegedly 7448 
allegheny 7361 7378 
alliance 7346 
allied 7366 
allowance 7355 
allowed 7394 7403 
allowing 7345 
alongside 7405 
alternative 7383 7467 
alternatives 7405 7467 
am-ecuador-opec 7416 
am-ecuador-resignation 7461 
am-gulf-saudi 7350 
amauligak 7448 
ambassador 7407 
amendment 7382 7457 
america 7356 7393 7398 7401 7406 7451 
american 7337 7356 7369 7372 7391 7401 7405 7406 7444 7463 
americans 7479 
americaus 7369 
americus 7369 
ameritrust 7382 
amerongen 7415 
amex 7417 
amid 7405 
amoco 7423 
amortization 7332 
amount 7357 7377 7379 7473 
amp 7445 
amstutz 7326 7356 7471 
amtr 7382 
analyst 7391 
analysts 7391 
analytical 7391 
analyze 7345 
anderson 7342 
angeles 7364 7454 7477 
ann 7338 
annex 7355 
announce 7323 
announced 7355 7366 7376 7381 7383 7394 7395 7403 7423 7445 7452 
announcement 7457 
announcing 7440 
annual 7323 7358 7382 7408 7423 7424 7473 
annualised 7351 
annualized 7351 
annually 7336 
annumal 7382 
answer 7336 
anthony 7391 
anti-trust 7361 
antibioticos 7354 
anticipate 7364 7366 
anticipated 7408 7430 
antidote 7461 
antonio 7366 
appealed 7350 
appeared 7375 
appetite 7454 
appliance 7447 
appliances 7447 
applied 7409 
applies 7336 7452 
apply 7356 
appointment 7399 
approach 7326 
approval 7342 7343 7355 7360 7382 7411 7479 
approvals 7470 
approve 7323 7382 
approved 7343 7360 7362 7366 7402 7414 7416 
approves 7414 7416 
approximately 7348 7372 7374 7407 7442 
april 7317 7320 7340 7346 7348 7357 7358 7363 7369 7378 7385 7399 7413 7440 7458 7466 7474 
arab 7350 
arabia 7350 
arbor 7338 
archrivals 7366 
area 7366 7424 
argentina 7405 
argentine 7405 
argue 7471 
argued 7467 
arguing 7405 
arising 7481 
armand 7361 
armella 7405 
armstrong 7438 
arrangement 7332 7411 
arranges 7332 
art 7331 
art's-way 7438 
artw 7438 
as-ofs 7428 
asa 7356 
asea 7427 
aseay 7427 
ash 7448 
asked 7323 7357 7375 7382 7401 7471 
asks 7343 7360 
aspe 7405 
aspects 7433 
assembly 7393 7418 7440 
asset-backed 7412 
assets 7322 7337 7382 7424 7435 7441 7442 7450 7464 
assistant 7405 
assisted 7450 
associates 7362 
association 7326 7356 7357 7375 7403 7445 7447 7471 7477 7478 
assume 7399 
assuming 7450 
assumption 7337 
atlanta 7342 
att 7369 
attempt 7445 7477 
attend 7406 
attitude 7326 
attorney 7364 7368 
attractive 7423 
attributable 7442 
atu 7369 
auction 7409 
august 7356 7405 7433 
austerity 7461 
author 7326 7364 7366 7391 7405 
authorisation 7377 
authority 7336 7343 7356 7360 7403 7445 
authorize 7396 
authorized 7382 7402 
auto 7396 7412 
automaker 7440 
automatic 7447 
automobile 7393 7481 
avail 7405 
average 7316 7321 7342 7408 7412 7424 7426 7428 7437 
averaged 7408 7428 
avg 7330 7338 7359 7404 7462 
avionics 7345 
avoid 7467 
aware 7357 
axp 7391 
ayds 7454 
azpurua 7414 
azure 7362 
b-2 7371 
b-3 7384 
ba 7383 
bachelor 7468 
back 7336 7414 
backache 7454 
backed 7412 
backlog 7427 
backtracked 7401 
bad 7405 
bags 7365 
bahrain 7350 
baird 7319 
baker 7343 7360 7405 
balance 7375 7395 
balanced 7376 7427 
balladur 7403 
banco 7414 
bancorp 7317 7376 7400 7435 7443 7466 
bancorporation 7366 
bancshares 7366 
band 7394 
bank 7321 7332 7366 7386 7391 7400 7405 7412 7414 7421 7426 7428 7435 7450 
bank/fidelity 7386 
bank/south 7386 
banker 7405 7433 
bankers 7405 
bankholding 7435 
banking 7325 7328 7343 7360 7366 
bankruptcy 7451 
banks 7328 7332 7343 7360 7366 7378 7386 7391 7401 7403 7405 7421 7428 7450 
bantron 7454 
barney 7373 7391 
barrel 7366 7397 7408 
barrels 7408 7423 
barriers 7477 
barring 7356 
base 7351 7376 7405 
based 7318 7342 7386 7427 7434 7460 
bases 7381 7431 
basically 7428 7471 
basin 7355 
basis 7366 7369 7374 7405 7412 7424 7477 
batm 7319 
baton 7434 
battle 7471 
baulked 7471 
baulking 7405 
baxter 7364 
bay 7341 
bbb-plus 7373 
bc- 7410 7472 7476 
bc-******amex-short-inte 7417 
bc-******fed's-johnson-s 7324 
bc-******gm-to-idle-3,50 7436 
bc-******johnson-says-fe 7325 
bc-******n.y.-business-l 7419 
bc-******nynex-increases 7329 
bc-******nyse-short-inte 7422 
bc-******rjr-nabisco-inc 7392 
bc-******u.s.-bank-disco 7426 
bc-******u.s.-commercial 7420 
bc-******u.s.-m-1-money 7425 
bc-******wickes-cos-inc 7339 
bc-/shultz-not-opposed-t 7471 
bc-/sprinkel-urges-great 7375 
bc-/u.s.-grain-trade-cal 7326 
bc-/wickes-cos-inc- 7359 
bc-3m- 7380 
bc-aaron-brothers-art-ma 7331 
bc-alden-electronics- 7358 
bc-allegheny-int'l- 7378 
bc-alliance-financial-co 7346 
bc-ambassador-financial 7407 
bc-american-can 7463 
bc-american-home-shield 7444 
bc-ameritrust- 7382 
bc-amoco- 7423 
bc-art's-way-manufacturi 7438 
bc-asea-group- 7427 
bc-att-americaus-trust-2 7369 
bc-azure-ventures-to-buy 7362 
bc-bachelor 7468 
bc-baird 7319 
bc-bank-failure-was-16th 7450 
bc-bethlehem-steel- 7430 
bc-biosensor- 7345 
bc-bombay- 7381 
bc-brown-transport- 7379 
bc-budget-rent-a-car-to 7415 
bc-burnup-and-sims-inc- 7330 
bc-butler-national-corp 7432 
bc-caisse 7424 
bc-caltex-raises-singapo 7397 
bc-champion- 7318 
bc-chrysler- 7418 
bc-cineplex-odeon-buying 7470 
bc-coke 7361 
bc-congressmen-urge-u.s. 7356 
bc-consolidated-freightw 7340 
bc-dep- 7454 
bc-dorsey- 7464 
bc-dresser-industries- 7322 
bc-ec-commission-abolish 7336 
bc-ec-ministers-announce 7323 
bc-ec-official-faults-u 7477 
bc-embargoed-for-1400-es 7321 
bc-erbamont- 7354 
bc-excel-bancorp- 7317 
bc-fcs- 7433 
bc-first-city-bancorp- 7400 
bc-first-federal-of-mich 7385 
bc-first-financial- 7342 
bc-first-interstate 7443 
bc-fleet 7435 
bc-fleet-financial- 7376 
bc-former-republic-emplo 7478 
bc-frank-b.-hall- 7481 
bc-frank-b.-hall-and-co 7455 
bc-gm- 7440 
bc-goulds-pumps-inc- 7474 
bc-great- 7337 
bc-greyhound-lines-slash 7431 
bc-gulf-canada-charged-w 7448 
bc-harris-teeter-propert 7320 
bc-heldor-industries- 7388 
bc-henkel-to-increase-st 7475 
bc-house-gop-budget-writ 7467 
bc-hydro-quebec-sees-no 7479 
bc-int'l-lease-finance- 7383 
bc-italian-panel-urges-g 7394 
bc-italian-treasury-offe 7351 
bc-jefferies-making-mark 7347 
bc-johnson-says-growth-w 7327 
bc-johnson-urges-securit 7328 
bc-jp-stevens-and-co-inc 7413 
bc-king-world 7469 
bc-kms-industries-inc- 7338 
bc-l.-luria- 7411 
bc-lacana 7480 
bc-latin-coffee-producer 7406 
bc-latin-policy-adjustme 7401 
bc-lawson-repeats-he-is 7429 
bc-lomas-mortgage- 7334 
bc-major-home-appliance 7447 
bc-markitstar- 7333 
bc-mead- 7373 
bc-mexico-to-sign-loan-a 7405 
bc-mmr-holding-corp-init 7434 
bc-morgan-guaranty- 7473 
bc-napco-international- 7465 
bc-national-bancorp-inc 7466 
bc-new-jefferies- 7364 
bc-new-york-business-loa 7421 
bc-norris-oil-co- 7462 
bc-north-american-philip 7372 
bc-nostalgia-network- 7348 
bc-nycsce-margin 7367 
bc-nynex- 7349 
bc-o'brien-energy- 7384 
bc-odyssey-filmpartners 7370 
bc-p.s.-indiana- 7446 
bc-pacad- 7365 
bc-pacificorp- 7409 
bc-paribas-to-seek-share 7377 
bc-paris-bourse-opening 7403 
bc-pension-insurance-gro 7398 
bc-pier-1 7482 
bc-pop-radio- 7344 
bc-proposed-offerings 7458 
bc-pse-inc- 7439 
bc-quaker-state- 7332 
bc-raise-in-brazil-fcoj 7357 
bc-reichhold- 7452 
bc-resending 7374 
bc-rjr-nabisco- 7399 
bc-scott- 7363 
bc-sea-containers- 7442 
bc-sea-containers-ltd- 7404 
bc-sec-continues-market 7456 
bc-sec-official-proposes 7445 
bc-singapore-exchange-pl 7460 
bc-strong-point-inc-has 7335 
bc-talking-point/america 7391 
bc-tempo- 7353 
bc-texas-commerce- 7366 
bc-to-fitness- 7341 
bc-transamerica- 7402 
bc-transco-partnership- 7408 
bc-tri-star- 7453 
bc-triangle-home-product 7449 
bc-u.s.-agency-proposes 7457 
bc-u.s.-attorney-says-bo 7368 
bc-u.s.-bank-borrowings 7428 
bc-u.s.-congress-third-w 7343 
bc-u.s.-house-plan-to-ea 7360 
bc-u.s.-money-supply-m-1 7437 
bc-uaw-sets-strike-date 7396 
bc-uk-cross-field-prt-re 7355 
bc-united-jersey-banks- 7386 
bc-united-steelworkes-sa 7451 
bc-ussr-export-sale 7387 7389 7390 7395 
bc-venezuela-approves-pl 7414 
bc-victory-markets- 7371 
bc-vulcan- 7352 
bc-wardair 7441 
bc-weisfield's-inc- 7459 
bc-westcorp- 7412 
bc-yamakawa-manufacturin 7393 
beach 7474 
beaufort 7448 
began 7393 7395 7405 7467 
beggs 7372 
begin 7335 7365 7379 7393 
beginning 7366 7382 7383 7403 7473 
behalf 7364 
belgium 7323 7336 
belief 7471 
believed 7366 7391 
believes 7352 7356 7364 7391 7443 
belt-tightening 7461 
belvidere 7418 
ben 7366 
benefit 7355 7391 7402 7451 
bermuda 7404 7442 
beryl 7375 7401 
bethlehem 7430 
beverly 7370 7383 
bhasin 7448 
bickering 7405 
bid 7319 7352 
bids 7342 
biggest 7405 
bill 7328 7343 7356 7360 7477 
billion 7351 7356 7359 7366 7376 7377 7382 7405 7408 7420 7421 7423 7424 7427 7435 7437 7461 7467 7479 
bills 7351 
biosensor 7345 
biv 7414 
blah 7321 7324 7325 7329 7339 7387 7389 7390 7392 7417 7419 7420 7422 7425 7426 7436 
blair 7434 
bloodshed 7350 
blow 7383 7416 
board 7317 7327 7328 7342 7358 7379 7382 7383 7386 7399 7402 7411 7433 7445 7470 7479 
boca 7375 7401 7445 7460 
boeing 7383 
boesky 7364 7368 
bombay 7381 
bond 7377 7412 7414 7424 7446 
bonds 7374 7377 7405 7412 7414 7424 7446 
book 7391 7424 
booking 7427 
books 7405 7421 
boomerang 7477 
boost 7377 
boosted 7326 7427 
borrowed 7428 
borrowing 7428 
borrowings 7409 7426 7428 
boston 7391 7412 
bots 7351 
bottling 7361 
bought 7326 7423 7469 7473 
bourse 7403 
bourses 7403 
boyd 7364 7368 7456 
branches 7450 
brands 7341 7399 
brazil 7356 7357 7401 7405 7406 7443 
brazilian 7337 7357 7405 7443 
breath 7445 
briarcliff 7455 7481 
briefing 7381 7428 
bring 7323 7342 7471 
bringing 7397 
brings 7366 
british 7429 7460 
broadening 7391 
broader 7405 
brodsky 7445 
brokerage 7368 7391 7403 7481 
brokers 7391 7403 
bros 7361 7409 
brothers 7331 7350 7391 7458 
brought 7336 7412 
brown 7379 
brunswick 7479 
brussels 7323 7336 
bs 7430 
bsim 7330 
bsnr 7345 
btci 7379 
btv 7414 
bu 7356 
budget 7356 7375 7415 7423 7461 7467 
buick-oldsmobile-cadillac 7440 
build 7366 7393 
builder 7407 
buildings 7366 
built 7393 7405 7427 
bulletin 7377 
burden 7343 7360 
burnham 7371 7384 7412 7458 
burnup 7330 
burton 7451 
bus 7396 
bushel 7326 7356 
business 7319 7364 7366 7419 7421 7442 7454 7461 7463 7481 
businesses 7424 7465 
butcher 7433 
butl 7432 
butler 7432 
buy 7319 7326 7334 7337 7362 7370 7383 7402 7407 7471 
buying 7470 
buys 7453 
cabinet 7414 
cable 7348 7353 
cacex 7357 
caisse 7424 
calculated 7323 
calendar 7356 
calgary 7472 
calhoun 7364 
calif. 7331 7335 7345 7359 7370 7383 7444 7462 7475 
call 7375 7377 7393 7406 
callable 7373 
called 7335 7340 7401 7437 7461 
calls 7326 7350 7396 7405 
caltex 7397 
cambridge 7405 
campaign 7471 
canada 7318 7321 7410 7424 7440 7441 7448 7453 7468 7470 7472 7476 7479 7480 
canadian 7318 7424 7479 7480 
cap 7467 
capabilities 7393 
capacity 7323 7391 
capital 7332 7333 7355 7366 7377 7391 7403 7405 7407 7423 7480 
car 7412 7415 7418 7440 
caracas 7414 
carbonell 7399 
cardiac 7345 
cards 7366 
carlo 7354 
carlos 7357 
carolinas 7340 
carpet 7452 
carried 7350 
carrier 7340 
carries 7414 7435 
carry 7373 
carryforward 7359 
carryforwards 7444 
carrying 7416 
cars 7412 7457 
carson 7342 
caryforwards 7338 
case 7361 7405 7451 7477 
cash 7342 7349 7370 7391 7405 7407 7428 7430 7431 7454 7470 
cast 7467 
categories 7447 
caused 7406 7423 
cautioned 7356 
cautious 7326 7356 
cbt 7326 
ccc 7356 
ccc-plus 7384 
cce 7361 
cdn 7342 7347 
cea 7401 
ceiling 7377 7467 
cement 7448 
censured 7364 
center 7345 7405 7428 
centers 7332 7388 
central 7405 7406 
cents 7326 7363 
century 7453 
cereals 7336 
certainty 7405 
certificate 7412 
certificates 7377 
cetane 7397 
cha 7318 
chain 7470 
chairman 7327 7328 7343 7356 7360 7364 7366 7368 7375 7386 7392 7399 7401 7403 7445 7467 7477 
challenge 7356 
challenged 7356 
champion 7318 
chance 7326 
chancellor 7355 7429 
chances 7326 7396 
change 7322 7401 7405 7435 
changed 7366 
changeover 7418 
channeling 7414 7424 
charge 7367 
charged 7448 
charges 7364 7448 7456 
charlotte 7320 7340 
charter 7382 
charterers 7442 
chattanooga 7464 
chatwal 7381 
checks 7478 
chemical 7366 7374 
chemicals 7452 
chevrolet-pontiac-gm 7440 
chevron 7397 
chg 7458 
chicago 7337 7415 7423 7434 7445 7447 7449 7460 
chief 7364 7399 7416 
chile 7405 
chl 7366 
chock 7458 
chrysler 7418 
chv 7397 
ciba-geigy 7454 
cie 7377 
cincinnati 7352 
cinema 7470 
cineplex 7453 7470 
cited 7364 7376 7442 
cities 7431 
citizens 7401 
citrosuco 7357 
citrus 7357 
city 7326 7331 7332 7362 7366 7400 7432 7446 7453 
civil 7456 
claims 7388 7481 
clarifying 7365 7471 
clarksville 7450 
class 7358 
classified 7382 
classify 7443 
clause 7414 
clear 7429 7457 
clearances 7335 
cleveland 7382 
client 7364 
climate 7423 
climbed 7391 
clinching 7405 
clorox 7475 
close 7351 7369 7383 7391 
closed 7369 7391 7467 
closes 7369 
closing 7342 7442 
closure 7323 
closures 7323 
cloud 7391 
clx 7475 
cme 7445 
cnf 7340 
co-conspirators 7361 
co-managers 7409 7434 
coca-cola 7361 7470 
cocoa 7367 
coffee 7367 7406 
coke 7361 7470 
collapsed 7342 
collateral 7446 
collateralized 7412 
collectible 7348 
colleges 7431 
colombia 7406 
color 7370 
columbia 7343 7360 
combination 7319 7366 
combined 7356 7376 7435 
comdata 7342 7347 
coming 7350 
commencing 7409 
comment 7326 7357 7391 7448 
commentary 7326 
commented 7405 
commenting 7423 7428 
comments 7326 
commerce 7331 7366 
commerce-chemical 7366 
commercial 7343 7360 7383 7420 7421 7435 
commercials 7348 
commission 7319 7323 7336 7361 7443 7445 7456 7458 7463 7469 
commissioner 7323 
commitment 7391 7471 
commitments 7375 
committed 7405 7408 
committee 7336 7343 7356 7360 7394 7399 7405 7467 7477 
committees 7405 
commodity 7326 7356 7445 7471 
common 7319 7333 7334 7352 7354 7358 7362 7369 7372 7382 7384 7394 7405 7415 7434 7469 7470 7480 
community 7323 7336 7356 7381 7394 7477 
companion 7383 
company 7319 7332 7333 7334 7335 7340 7342 7349 7361 7362 7364 7365 7370 7372 7374 7378 7379 7380 7381 7382 7384 7386 7391 7396 7397 7398 7399 7400 7402 7408 7409 7411 7415 7418 7423 7427 7430 7433 7434 7435 7438 7442 7443 7448 7454 7455 7463 7465 7466 7473 7475 7480 7481 
compared 7427 7442 
compares 7366 
competition 7323 7383 7391 
competitive 7326 7351 7356 7471 
competitively 7326 
competitiveness 7375 
complaining 7326 7405 
complaint 7473 
completed 7318 7431 7464 7466 7467 
completes 7464 
complex 7345 
complying 7400 
components 7352 7369 
compound 7351 
compoz 7454 
comprised 7415 
con-way 7340 
concentrate 7481 
concentrated 7357 
concern 7383 7427 
concerns 7391 
conclusion 7471 
condensate 7408 
conditional 7383 
conditionality 7327 
conditions 7352 7470 
condom 7365 
condoms 7365 
conference 7403 
confidence 7364 7366 7405 
confident 7375 
confirmation 7357 
confirmed 7319 7357 7406 
conflict 7477 
confusion 7457 
congress 7343 
congressional 7343 7360 
congressmen 7356 
conn. 7318 7354 7466 
connect 7431 
connection 7445 
consecutive 7349 
consequence 7364 
considerably 7323 
consideration 7356 7471 
considerations 7394 7431 
considered 7336 7356 7411 
consisted 7470 
consistent 7326 
consolidated 7340 
consolidation 7388 
consortium 7378 7383 
construction 7393 7407 7409 
consult 7323 
consultant 7461 
consumer 7366 7372 
consummated 7407 
container 7442 
containers 7404 7442 
content 7429 
continue 7327 7408 
continues 7443 7456 
continuing 7364 7366 7391 7396 7433 7456 
contract 7344 7365 7367 7396 7434 7444 7445 
contractor 7434 
contracts 7367 7444 7445 7460 
contribute 7375 7407 7427 
contributions 7405 
control 7319 7403 7427 7446 7456 
controlled 7364 7368 
controls 7394 7469 
conversions 7405 7427 
converted 7369 
convertible 7377 7384 7458 7475 
convicted 7361 
conviction 7361 
convinced 7405 
cooperating 7368 
corn 7336 7356 7387 7389 7390 7395 
corner 7366 
corporate 7402 7463 
corporation 7355 7356 7443 
corrections 7428 
cos 7339 7359 
cost 7318 7332 7355 7356 7366 7374 7375 7442 7461 7462 
costa 7406 
costa-rica 7406 
costing 7442 
costs 7332 7355 7356 7381 7442 
council 7375 7401 
count 7368 7448 
counter 7405 
countries 7327 7336 7343 7350 7360 7375 7401 7405 7406 7416 7461 7477 
country 7324 7343 7360 7394 7405 7431 
counts 7364 7368 7448 
county 7366 
coupon 7371 7373 7384 7412 7473 
court 7473 
covenants 7378 
cover 7323 7334 7442 
covering 7451 
cows 7403 
crashes 7457 
create 7382 
created 7473 
creating 7394 7481 
creation 7403 
credit 7332 7356 7366 7378 
creditor 7405 
creditors 7405 7414 
credits 7405 7428 7438 
criminal 7368 
crisis 7324 7327 7405 
critics 7405 
crop 7356 
cross 7355 
crown 7350 
crowns 7427 
crude 7355 7416 7423 7461 
cruickshank 7480 
csce 7367 
ct 7410 7432 
cubic 7408 7423 
cuenca 7406 
cure 7335 
currencies 7377 7394 
currency 7377 7427 7460 
current 7322 7330 7356 7359 7361 7366 7374 7375 7382 7405 7429 7430 7435 7441 7462 7467 7475 7477 
curtailment 7322 
cury 7381 
customer 7386 7471 
customers 7357 7366 7383 
customized 7344 
cut 7356 7477 
cutrale 7357 
cuts 7375 7461 
d-kan. 7356 
d-la. 7356 
d-pa. 7467 
d-wisc 7328 
d.i 7397 
daily 7428 7445 
dallas 7322 7334 7348 7366 7381 7431 
dallas-fort 7366 
damage 7335 7461 
damaged 7405 7416 
dan 7356 7477 
daniel 7326 7356 7471 
dark 7391 
darts 7409 
data 7342 7345 7421 
dated 7480 
dates 7405 
david 7356 7391 7405 
day 7366 7408 7426 7428 7431 7440 
days 7335 7345 7365 7381 7396 
daytime 7457 
dazs 7341 
de 7357 7377 7414 7424 
dead 7461 
deadline 7396 
deal 7341 7366 7405 7477 
dealer 7481 
dealing 7445 
deals 7412 
dealt 7383 
dearborn 7346 
debating 7405 
debentures 7361 7371 7373 7384 7430 7458 7473 
debt 7324 7327 7343 7360 7371 7373 7376 7384 7394 7405 7412 7414 7435 7443 7446 7463 7480 
debt-equity 7405 
debtor 7405 
debtors 7405 
debts 7361 
dec 7443 7462 
december 7366 
decide 7383 
decided 7336 7445 7467 7471 7481 
decides 7319 7443 7471 
decision 7336 7383 7471 
decisions 7471 
declared 7317 7358 7363 7379 7445 
declares 7363 
decline 7356 
declined 7383 7411 
declines 7375 
decsion 7443 
deducted 7443 
deep 7473 
default 7442 7473 
defend 7481 
defended 7375 7461 
defendent 7361 
defense 7319 7467 
defensive 7319 
deficiency 7335 
deficit 7375 7394 7477 
define 7445 
defined 7433 
defused 7405 
degree 7376 
dekalb 7450 
del 7345 
del. 7452 
delay 7405 
delayed 7451 
delegate 7343 7360 
delegation 7477 
deliberations 7467 
deliverability 7408 
delivered 7408 
delivery 7367 7383 7395 
demand 7323 7371 7375 7384 7423 
democratic 7343 7360 7467 
democrats 7467 
denial 7451 
denied 7451 7461 
denman 7477 
denominated 7374 
dep 7454 
department 7326 7356 7395 7448 7457 7471 
depc 7454 
depend 7435 
depends 7324 7327 
deposit 7377 7450 
depot 7424 
depreciation 7375 
depress 7332 
depressed 7391 
deputy 7405 
deregulation 7394 
desirable 7375 
dessert 7341 
destinations 7395 
deterioration 7375 
determine 7391 7471 
determined 7379 7405 7463 
deterrent 7454 
detriment 7405 
detroit 7385 7396 7418 7440 
deutsche 7460 
deutschmark 7414 
devastating 7356 7461 
develop 7405 
developed 7335 
developing 7343 7360 7366 
development 7326 7333 7343 7355 7360 7394 7416 
developments 7355 
device 7457 
devising 7405 
di 7322 
diesel 7397 
difference 7405 
difficult 7405 
difficulty 7400 7478 
diffuse 7327 
digest 7391 
dilemna 7356 
dilson 7405 
direct 7356 7443 7481 
directed 7343 7360 
directive 7394 
directly 7355 
director 7342 7445 
directors 7382 7445 
disadvantages 7477 
disappointed 7430 
disc 7344 
disclosed 7319 7342 7344 7353 7354 7464 
disclosure 7361 
discontinued 7359 7388 7455 7465 7481 
discontinuing 7352 
discount 7343 7360 7405 7426 7428 7473 
discourage 7405 
discouraging 7326 
discovered 7423 
discoveries 7408 
discussing 7383 7396 
discussion 7405 7445 
discussions 7370 7378 
dishwashers 7447 
disposal 7441 7465 
disposers 7447 
disputed 7396 
disputes 7408 
dissemination 7347 
distribution 7341 7388 7454 
distributor 7341 
district 7343 7360 7473 
districts 7428 
div 7320 7329 7346 7385 7413 7474 
diversified 7376 7427 
divided 7369 
dividend 7317 7346 7349 7358 7363 7379 7382 7385 7409 7444 7455 
dividends 7409 
division 7445 7452 7456 
divisions 7372 7465 
dlr 7322 7330 7332 7366 7367 7373 7382 7386 7391 7397 7405 7408 7416 7427 7437 7442 7446 7448 7451 7462 7466 7471 
doan 7454 
dole 7457 
dollar 7357 7374 7375 7414 7429 
dollars 7374 
domestic 7375 7394 7403 
domm 7391 
doors 7391 7467 
dorsey 7464 
double 7318 
double-digit 7446 
douglas 7383 
dover 7452 
dow 7374 
downgrade 7376 
downgrading 7430 
downward 7423 
dozens 7405 
draft 7467 
drafting 7467 
drain 7405 
draw 7323 
drawing 7343 7360 
drawn 7323 
dresser 7322 
drexel 7371 7384 7412 7458 
drilling 7448 
drink 7361 
drinks 7361 
drop 7358 7421 7423 7445 
dropping 7352 
drops 7370 
drug 7454 
dry 7452 
dryers 7447 
dsy 7464 
du 7424 
due 7326 7355 7358 7361 7366 7371 7384 7418 7428 7440 7446 7451 7458 7473 
dumped 7448 
dumping 7448 
dupont 7403 
dusseldorf 7475 
dutch 7409 
e.f. 7391 
eagle 7353 
earlier 7356 7364 7366 7368 7383 7391 7396 7405 7423 7430 7445 7447 7454 7456 7467 7481 
early 7355 7366 7369 7396 7399 7412 7478 
earn 7317 7320 7322 7329 7330 7331 7332 7338 7339 7341 7346 7349 7358 7359 7363 7366 7379 7381 7382 7385 7388 7398 7404 7410 7413 7424 7427 7432 7438 7439 7441 7442 7443 7444 7449 7455 7459 7462 7465 7466 7468 7472 7474 7476 7481 
earned 7322 7358 7366 7424 7427 
earner 7416 
earnings 7332 7338 7358 7366 7376 7379 7381 7427 7442 7481 
earns 7424 
earthquake 7416 7461 
ease 7360 
easily 7477 
ec 7323 7336 7356 7477 
ec-u.s. 7336 
echoed 7405 
economic 7343 7360 7375 7401 7405 7414 7445 
economist 7326 7461 
economists 7437 
economy 7366 7375 7416 
ecuador 7416 7461 
ecuadoran 7461 
ecus 7336 
edge 7366 
edmonton 7448 
edouard 7403 
edward 7356 
eep 7326 
effect 7355 7405 7461 
effective 7351 7366 7396 7397 7452 
effectively 7356 
efficiency 7386 
efficient 7424 
effort 7396 
efforts 7350 7352 7405 7477 
efh 7391 
el 7406 
el-salvador 7406 
elaborate 7366 7383 7411 
electrical 7434 
electricity 7479 
electronics 7358 
elements 7471 
eliminated 7323 
elite 7412 
elizabeth 7457 
emergency 7445 
emphasis 7381 
emphasized 7442 
employ 7393 
employed 7478 
employee 7361 7402 7478 
employees 7361 7364 7391 7440 7451 7478 
employment 7375 
empty 7366 
ems 7394 
emulsion 7452 
enable 7450 
enabled 7467 
enabling 7335 
encouraging 7356 
end 7318 7322 7323 7329 7350 7356 7383 7400 7423 7424 7427 7438 7452 7466 
end-february 7351 
end-year 7356 
endangered 7405 
ended 7322 7331 7358 7410 7421 7422 7428 
endorsed 7356 
endorsing 7326 
ends 7367 7388 7395 
energy 7322 7366 7384 7400 7408 7479 
energy-related 7400 
enforcement 7456 
enforcing 7327 
engaged 7378 
engender 7375 
england 7479 7480 
enhanced 7376 
enhancement 7326 7471 
enhancing 7366 
ensuring 7405 
entails 7405 
enter 7365 
entered 7322 7342 7378 
enterprises 7353 7361 
entertainment 7470 
entire 7356 7405 
entites 7400 
entities 7364 
entitled 7471 
entity 7376 7435 
environment 7448 
equal 7407 
equal-sized 7446 
equipment 7427 
equities 7407 7445 
equity 7316 7376 7424 7445 
equivalent 7356 7471 
erb 7354 
erba 7354 
erbamont 7354 
error 7428 
escape 7405 
esop 7478 
essential 7405 
est 7396 
established 7405 
establishing 7445 
estate 7366 7407 
estimated 7366 7428 7461 
estimates 7318 7336 7423 7443 
estimating 7446 
eurodollars 7460 
eurofer 7323 
europe 7335 7375 7477 
european 7323 7336 7356 7383 7394 7403 7477 
evenly 7428 
event 7473 
events 7442 
ex-dock 7357 
exact 7379 
examine 7376 
examined 7355 
examining 7364 
exceed 7332 
excel 7317 
exception 7477 
excercise 7402 
excess 7323 
exchange 7319 7342 7347 7361 7367 7374 7375 7380 7391 7394 7403 7429 7443 7445 7456 7458 7460 7463 7469 
exchequer 7355 7429 
exclude 7338 
excludes 7455 7465 
excluding 7421 
exclusive 7341 7411 
executive 7323 7364 7372 7399 
executives 7319 7464 
exercise 7377 7445 
exert 7408 
existing 7355 7366 7407 7446 
exit 7405 
expand 7318 7366 7391 7423 
expanded 7453 
expanding 7391 
expansion 7318 7332 7333 7356 7366 7375 
expect 7364 7365 7405 7430 
expected 7332 7343 7358 7360 7366 7393 7396 7405 7440 7445 7446 
expects 7322 7332 7348 7365 7378 7379 7381 7423 7427 7442 
expenditure 7355 7375 
expenditures 7375 
expense 7388 7427 
experiencing 7430 
expertise 7391 
explicitly 7326 
exploration 7408 
explore 7445 
export 7326 7357 7375 7416 7461 7471 
exporters 7326 7387 7389 7390 7395 
exporting 7416 7461 
exports 7336 7356 7375 7477 
exposure 7405 
express 7340 7391 
expressed 7471 
extend 7378 
extended 7428 7475 
extending 7328 7471 
extension 7378 
extensively 7356 
extraordinary 7359 7377 7444 
f. 7399 
f1966 7317 
f1968 7318 
f1970 7319 
f1971 7320 
f1976 7321 
f1978 7322 
f1991 7323 
f1997 7324 
f2001 7325 
f2020 7326 
f2027 7327 
f2032 7328 
f2046 7329 
f2048 7330 
f2049 7331 
f2050 7332 
f2070 7333 
f2072 7334 
f2074 7335 
f2075 7336 
f2082 7337 
f2085 7338 
f2089 7339 
f2091 7340 
f2098 7341 
f2100 7342 
f2102 7343 
f2104 7344 
f2105 7345 
f2106 7346 
f2107 7347 
f2108 7348 
f2112 7349 
f2114 7350 
f2115 7351 
f2121 7352 
f2129 7353 
f2132 7354 
f2133 7355 
f2138 7356 
f2147 7357 
f2148 7358 
f2151 7359 
f2152 7360 
f2155 7361 
f2158 7362 
f2159 7363 
f2163 7364 
f2165 7365 
f2167 7366 
f2185 7367 
f2206 7368 
f2209 7369 
f2213 7370 
f2226 7371 
f2229 7372 
f2231 7373 
f2235 7374 
f2241 7375 
f2243 7376 
f2245 7377 
f2247 7378 
f2251 7379 
f2256 7380 
f2258 7381 
f2259 7382 
f2267 7383 
f2271 7384 
f2273 7385 
f2274 7386 
f2275 7387 
f2276 7388 
f2277 7389 
f2278 7390 
f2279 7391 
f2280 7392 
f2283 7393 
f2287 7394 
f2292 7395 
f2295 7396 
f2303 7397 
f2314 7398 
f2320 7399 
f2322 7400 
f2333 7401 
f2339 7402 
f2340 7403 
f2341 7404 
f2351 7405 
f2352 7406 
f2353 7407 
f2356 7408 
f2359 7409 
f2362 7410 
f2369 7411 
f2371 7412 
f2376 7413 
f2387 7414 
f2390 7415 
f2395 7416 
f2396 7417 
f2397 7418 
f2399 7419 
f2400 7420 
f2405 7421 
f2406 7422 
f2428 7423 
f2441 7424 
f2442 7425 
f2443 7426 
f2444 7427 
f2446 7428 
f2449 7429 
f2454 7430 
f2455 7431 
f2457 7432 
f2460 7433 
f2462 7434 
f2463 7435 
f2464 7436 
f2470 7437 
f2472 7438 
f2476 7439 
f2497 7440 
f2499 7441 
f2501 7442 
f2502 7443 
f2505 7444 
f2511 7445 
f2526 7446 
f2527 7447 
f2528 7448 
f2537 7449 
f2551 7450 
f2554 7451 
f2559 7452 
f2565 7453 
f2573 7454 
f2576 7455 
f2577 7456 
f2580 7457 
f2581 7458 
f2584 7459 
f2585 7460 
f2587 7461 
f2593 7462 
f2594 7463 
f2597 7464 
f2606 7465 
f2607 7466 
f2613 7467 
f2614 7468 
f2618 7469 
f2620 7470 
f2621 7471 
f2622 7472 
f2624 7473 
f2626 7474 
f2627 7475 
f2629 7476 
f2632 7477 
f2637 7478 
f2638 7479 
f2640 7480 
f2648 7481 
f2650 7482 
face 7343 7360 7405 7477 
faces 7448 
facilities 7318 7333 
facility 7318 7396 
fact 7326 7366 7405 
failed 7350 7366 7450 
failure 7450 7467 
fall 7326 7356 7375 7419 
falsification 7368 
fares 7431 
farm 7326 7356 
farm-state 7356 
farmers 7356 
farmitalia 7354 
fast 7332 
fault 7375 
faults 7477 
fauntroy 7343 7360 
favor 7471 
favorable 7381 
favored 7328 
favour 7355 
favoured 7394 
favours 7355 
fbc 7391 
fbh 7455 7481 
fbt 7366 7400 
fcoj 7357 
fcs 7433 
fcsi 7433 
fdic 7450 
feared 7405 
feb 7443 
february 7352 7361 7376 7391 7400 7438 7447 7451 
februry 7408 
fed 7324 7325 7419 7420 7425 7426 7428 
federal 7327 7328 7361 7364 7375 7385 7421 7428 7437 7448 7450 7457 7467 
feels 7471 
feet 7408 7423 
fell 7421 
felony 7364 7368 
ferry 7442 
ffmc 7342 
ffom 7385 
field 7355 7433 7453 
fields 7355 
figure 7391 7444 7473 
figures 7359 7375 7381 7444 7455 
file 7415 7480 
filed 7333 7334 7409 7458 7463 7473 
files 7333 7334 7463 
filing 7319 7361 7443 7469 
filmpartners 7370 
final 7381 7471 
finalized 7366 
finally 7377 
finance 7327 7328 7332 7373 7383 7394 7400 7403 7405 7414 
financial 7342 7346 7363 7376 7377 7378 7381 7391 7394 7403 7407 7412 7427 7435 7478 7481 
financiere 7377 
finding 7391 
fine 7448 
fines 7364 
finland 7457 
firm 7368 7391 7456 7471 7479 
firming 7406 
firms 7323 7391 7412 7435 
fiscal 7332 7356 7434 7438 7442 7467 
fit 7356 
five-day 7396 
five-minute 7348 
five-year 7407 
fix 7327 7361 
fixed 7374 
fixing 7361 
fla 7411 7445 7460 
fla. 7330 7341 7375 7401 7407 7474 
flared 7405 
flat 7427 
fleet 7376 7435 
flemington 7433 
flexibility 7405 
flexible 7375 
flight 7405 
float 7428 
floating 7374 
florida 7341 
flt 7376 7435 
fluctuation 7394 
fluctuations 7394 
flush 7391 
fob 7357 
focus 7405 
focusing 7364 
food 7381 
footing 7442 
forced 7401 7461 
forcing 7405 7477 
forecast 7437 
foregone 7471 
foreign 7375 7394 7403 7405 7406 7414 7424 7461 7477 
foreseeable 7475 
forfeited 7356 
forge 7398 
form 7366 7405 7477 
formal 7411 
formed 7340 7400 
forms 7340 
formula 7335 
fort 7330 
fought 7471 
founder 7364 
four-week 7437 
four-year 7332 
fourth 7366 7375 7395 7444 7455 7481 
franc 7377 
france 7377 7403 
francisco 7402 
francs 7377 
frank 7364 7455 7481 
free 7327 7428 
free-rider 7405 
freeze 7461 
freightways 7340 
french 7383 7403 
fresh 7326 
friday 7421 7461 
friedrichs 7434 
frieghtways 7340 
friendly 7352 
front-mounted 7457 
fropm 7469 
frozen 7341 7357 
frustrated 7405 
fuel 7397 
fulfilment 7470 
full 7323 7332 7343 7360 7398 7428 7438 7444 7455 7458 7462 7465 
fully 7365 
funaro 7405 
function 7335 
fund 7400 7405 7416 7469 
funding 7366 7376 
funds 7374 7409 7424 7450 7478 
futher 7375 
future 7355 7391 7403 7405 7475 
futures 7326 7375 7445 7460 
futuresat 7348 
g-one 7400 
gain 7322 7330 7355 7359 7388 7410 7427 7441 7444 7465 
gains 7338 7359 7423 7447 
gallon 7397 
game 7411 
gami 7337 
garden 7453 
gas 7397 7408 7423 7462 
gasoline 7461 
gatt 7356 
gave 7356 7396 
general 7356 7364 7377 7391 7396 7400 7409 7412 7440 7461 7463 
generally 7479 
generation 7427 
genuine 7394 
george 7326 7469 7471 
georgia 7340 
german 7337 7429 
germany 7475 
giant 7391 
gibbons 7415 
giuliani 7368 
give 7366 7375 7428 
giving 7319 7351 7366 7377 
gli 7431 
glickman 7356 
globally 7391 
gm 7396 7412 7436 7440 
gmac 7412 
goc 7448 
gold 7410 7468 7480 
goldman 7391 7409 
gomu 7365 
goncalves 7357 
good 7405 7428 
goodman 7391 
goods 7394 
gop 7467 
gordon 7480 
goulds 7474 
government 7335 7355 7356 7375 7424 7461 7467 7471 
governments 7323 7401 
grades 7397 
gradual 7322 7366 7394 
graham 7400 
grain 7326 7336 7387 7389 7390 7395 7471 
grains 7356 
grand 7361 
granted 7334 7378 
gravely 7361 
gray 7467 
great 7337 
greater 7375 7405 
green 7415 
greg 7364 
grew 7375 
greyhound 7431 
gross 7444 7451 
grounds 7471 
group 7323 7326 7332 7337 7342 7364 7368 7376 7377 7391 7398 7407 7409 7412 7415 7427 7434 7435 7456 7458 7469 
groups 7403 
grow 7365 
grower 7326 
growers 7326 7356 7471 
growing 7394 
growth 7324 7327 7366 7375 7381 7391 7400 7401 
guarantees 7336 
guaranty 7451 7473 
guatemala 7406 
guilty 7364 7368 
gul 7474 
guld 7474 
gulf 7448 
haagen 7341 
haggard 7356 
half 7332 7342 7366 7405 7408 7428 
hall 7455 7481 
halt 7445 7461 
halted 7347 
halting 7445 
hamilton 7404 7442 
hanbury 7391 
happen 7350 
harbor 7341 
hard 7326 7375 
hard-hit 7366 
hard-line 7405 
hardpack 7341 
harris 7373 
harris-teeter 7320 
hartford 7466 
head 7399 7477 
headquartered 7366 
health 7396 
healthcare 7433 
heard 7451 
hearing 7356 7479 
heart 7345 
heat 7397 
heavy 7323 7397 
held 7351 7424 7456 
heldor 7388 
henkel 7475 
heritage 7407 
high 7356 7361 7391 7424 7428 7429 
higher 7332 7394 7471 7479 
highways 7457 
hike 7385 
hills 7370 7383 
hinton 7318 
hiring 7461 
history 7405 
hit 7375 
hl 7388 
hldr 7388 
hold 7319 
holders 7317 7358 7473 
holding 7424 7434 7435 
holdings 7366 7424 7431 7470 7475 
holds 7319 7441 7475 
home 7348 7411 7444 7447 7449 
honesty 7391 
hope 7323 
hopeful 7326 
hopkins 7465 
hospital 7345 
hostile 7352 
hounding 7405 
hourly 7440 7451 
hours 7319 7479 
house 7343 7356 7360 7368 7467 7477 
houses 7403 
housing 7327 7328 
houston 7366 7400 7408 7439 
howard 7434 
htp 7320 
huckaby 7356 
huge 7405 
hussein 7350 
hutton 7391 
hydro-quebec 7479 
ibn 7350 
ico 7406 
ico-coffee 7406 
idea 7326 7405 
ideas 7405 
identified 7323 7361 7471 
idle 7436 7440 
idled 7440 
ifc 7366 
ilfc 7383 
ill. 7418 
illinois 7356 
illiquid 7391 
imbalances 7445 
imi 7482 
immediately 7355 
immune 7335 
immunol-im 7335 
implement 7356 7405 
implementation 7445 
import 7336 7477 
importance 7326 
important 7350 7391 
imported 7336 
importer 7326 
imports 7356 
impose 7328 
imposed 7336 7364 7477 
imposing 7477 
improve 7386 7423 7442 7457 
improved 7405 
improvement 7322 7366 7375 
improvements 7375 7430 
improves 7326 
in-store 7344 
inappropriate 7430 
include 7359 7431 7461 7464 
included 7396 7428 
includes 7330 7388 7410 7438 7441 7444 7454 7455 7462 7465 
including 7361 7367 7375 7393 7396 7421 7463 7471 
income 7332 7356 7379 7427 7443 
increase 7342 7344 7348 7356 7366 7375 7377 7380 7381 7382 7424 7437 7452 7475 
increased 7357 7371 7384 7408 7421 7423 7430 7452 
increases 7329 7349 7375 7452 
increasing 7379 7397 7405 
increasingly 7391 
incurred 7373 7480 
ind 7446 
indebted 7327 
indefinite 7440 
indemnification 7382 
independent 7481 
index 7445 
indiana 7446 
indication 7356 
indicted 7361 
indictments 7361 
individual 7435 
industrial 7324 7337 7375 7393 7403 7414 7421 7427 
industrialized 7327 7343 7360 
industrie 7383 
industries 7319 7322 7338 7348 7357 7388 7399 
industry 7323 7326 7375 7391 7442 7445 7461 
inflation 7375 
information 7345 
informing 7357 
infusion 7391 
initial 7317 7371 7379 7384 7407 7409 7415 7434 
initially 7356 
injunction 7451 
inquiry 7396 
insider 7391 
installed 7457 
institution 7343 7360 
institutions 7343 7360 7403 
insufficient 7471 
insurance 7388 7391 7398 7450 7481 
int'l 7378 7383 
integral 7391 7423 
intend 7475 
intends 7319 7364 7368 7382 7415 7454 7475 
intense 7326 7405 
intensified 7405 
intensive 7396 
intent 7353 7362 7370 7396 
intentionally 7473 
interest 7319 7321 7342 7374 7391 7394 7405 7414 7417 7422 7441 7443 7446 7460 7473 
interested 7352 7391 
interfirst 7366 
interim 7408 
intermark 7482 
internal 7391 
international 7318 7343 7350 7360 7378 7383 7391 7405 7406 7416 7441 7460 7465 7477 7478 
internationally 7391 
interstate 7366 7443 
interview 7350 7364 7366 7383 7429 
introduce 7405 
introduced 7328 7336 
introductions 7332 
inventory 7423 7440 
invested 7424 
investigated 7361 7456 
investigation 7361 7368 7456 
investigations 7364 
investment 7337 7366 7391 7424 7430 7433 7469 
investments 7424 7463 
investor 7371 7384 7415 7469 
investors 7371 7373 7376 7391 7405 
invite 7467 
invited 7406 
iowa 7438 
iran 7350 
iraq 7350 
iraq-iran 7350 
iraqi 7350 
iron-steel 7323 
irvine 7335 7345 
islamic 7350 
island 7341 
isolate 7405 
issuance 7343 7360 
issue 7351 7371 7373 7374 7377 7384 7396 7405 7412 7414 7446 7473 7480 7481 
issued 7374 7380 7394 7415 7473 
issuers 7424 
issues 7377 7396 7414 
italian 7351 7394 
italy 7351 7394 
iv 7319 
ivan 7364 7368 
j. 7392 7399 
james 7343 7360 7391 7399 7405 7442 
jan 7330 7331 7370 7388 7432 7469 
janeiro 7357 
january 7366 7403 7410 7467 
japan 7375 7391 7393 
japanese 7391 7460 
jefferies 7347 7364 7368 7456 
jeffrey 7454 
jefg 7364 7368 
jerry 7356 
jersey 7386 
jet 7397 
jets 7383 
jnsv 7352 
joan 7391 
job 7396 
jobs 7323 7396 
jocky-hosted 7344 
john 7362 
johnson 7324 7325 7327 7328 7399 
join 7405 7467 
joint 7322 7397 
jones 7352 
jones/vining 7352 
jose 7357 7405 
jp 7413 
jpm 7473 
judge 7451 
judgment 7326 
juice 7357 
julie 7366 
july 7367 7435 
jumbo 7405 
june 7323 7409 
jury 7361 
kansas 7326 7362 7432 
karl-heinz 7323 
kennecott 7337 
kerosene 7397 
ketchum 7445 
key 7361 7399 
kgaa 7475 
killed 7403 
kilowatt 7479 
kind 7356 
king 7469 
kingdom 7337 
kittiwake 7355 
klowden 7364 
kms 7338 
kmsi 7338 
ko 7361 7470 
kraft 7318 
kress 7372 
ksf 7332 
kuwait 7350 
kwp 7469 
la. 7434 
laboratories 7433 
labouisse 7434 
labs 7370 
lacana 7480 
lack 7406 
laing 7480 
lake 7468 
lakes 7411 
lambert 7371 7384 7458 
lansing 7436 7440 
large 7394 7427 7428 7477 
largely 7375 7442 
larger 7355 
largest 7326 7355 7405 7435 
lasts 7352 
late 7433 
latest 7428 
latexes 7452 
latin 7401 7405 7406 
lauderdale 7330 
launch 7383 7460 
lawmakers 7366 
laws 7361 7364 7368 
lawson 7355 7429 
lawsuit 7451 
lawyer 7456 
lay 7440 
layoff 7440 
layoffs 7440 
lcnaf 7480 
ldc 7360 
lead 7323 7361 7373 7477 
leaders 7326 7471 
leadership 7399 
leading 7356 
lease 7383 
leasees 7442 
leases 7381 
leasing 7383 
led 7333 7334 7342 7415 7458 
leeway 7405 
left 7461 7471 
legal 7457 
legislation 7325 7328 7356 7477 
lehman 7391 
lenders 7401 7405 
lending 7366 
less-than-truckload 7340 
lessen 7394 
letter 7353 7362 7370 7396 7428 7477 
level 7429 7430 7437 7475 
levels 7326 7447 7467 7471 
levy 7405 
liabilities 7337 7355 
liability 7355 7382 
liberalization 7394 7403 
liberalized 7403 
life 7391 7412 
lifland 7451 
liflands 7451 
lifts 7469 
lighting 7457 
lights 7457 
limit 7319 7369 7445 
limited 7400 7403 
limits 7445 
line 7323 7332 7393 7454 
lines 7405 7431 7443 7454 
linked 7460 
lipper 7391 
liquid 7423 
liquidation 7409 7473 
liquidity 7424 7430 
liquids 7408 7423 
lira 7394 
lire 7351 
litigation 7319 7481 
lives 7457 
living 7375 
lmc 7334 
loan 7327 7332 7356 7366 7400 7405 7412 7421 
loans 7343 7360 7366 7400 7401 7405 7412 7419 7421 7443 
lobby 7323 
lobbyst 7326 
local 7396 
located 7453 
location 7381 
locations 7381 7431 7470 
lock 7366 
loewen 7480 
lomas 7334 
london 7355 7429 7480 
long 7327 7367 7378 7383 7391 7395 
long-term 7393 7443 
longer 7326 7336 7443 
longer-term 7405 
los 7364 7414 7454 7477 
loss 7323 7330 7338 7339 7355 7356 7359 7388 7398 7400 7404 7410 7427 7432 7438 7439 7442 7444 7449 7455 7462 7465 7466 7468 7481 
losses 7366 7442 7461 
lost 7355 7366 7406 7457 7481 
love 7366 
low 7356 7375 7381 7428 
lower 7326 7351 7358 7366 7391 
lower-priced 7326 
lowest 7471 
lp 7400 
ltv 7451 
lubrication 7332 
luis 7405 
lumber 7318 
lunches 7327 
lunchtime 7381 
lur 7411 
luria 7411 
lyman 7372 
lynch 7334 7391 7480 
lyng 7326 
m-1 7425 7437 
m.w 7441 
machinea 7405 
machinists 7478 
mackenzie 7355 
made 7342 7361 7375 7391 7394 7400 7405 7427 7428 7429 7445 
madigan 7356 
madrid 7336 
magazine 7350 
maggie 7326 
mailed 7478 
main 7343 7360 7396 7461 
maintain 7430 
maize 7336 
major 7323 7326 7354 7357 7366 7375 7391 7401 7405 7411 7416 7421 7445 7447 
majority 7362 7408 7467 7482 
make 7326 7335 7356 7381 7391 7405 7443 7457 7471 
maker 7352 
makes 7352 
making 7321 7326 7347 7356 7367 7405 7435 7445 7451 
management 7336 7337 7342 7343 7360 7399 7405 7415 7424 7431 7464 
manager 7343 7360 7373 
manages 7424 
managua 7406 
maneuver 7467 
manhattan 7470 
manipulation 7456 
manor 7455 7481 
manuel 7327 7328 7414 
manufacturer 7457 
manufacturers 7393 7429 7447 
manufactures 7375 
manufacturing 7380 7393 7438 
map 7405 
mar 7345 
margin 7367 7368 7394 7414 
marginal 7375 
mark 7319 7333 7429 
market 7318 7322 7323 7326 7342 7343 7345 7347 7356 7360 7365 7366 7391 7394 7403 7405 7412 7424 7430 7445 7456 7475 
market-oriented 7405 
marketable 7430 
marketing 7333 7345 7356 7395 7408 7423 
markets 7371 7375 7386 7391 7414 7445 7471 
marking 7467 
markitstar 7333 
marks 7460 
marriage 7391 
martin 7454 
martinez 7406 
marts 7331 
mascot 7480 
mason 7342 
mass 7405 
mass. 7317 7358 
mat 7471 
matched 7355 7477 
matches 7391 
materials 7440 7452 
matter 7361 
matters 7396 
mature 7412 
maturing 7351 
maximize 7386 
maximum 7356 7377 7448 
mccutcheon 7480 
mcdonnell 7383 
mcghee 7396 
mcneil 7326 
mcorp 7366 
md 7383 
md-11 7383 
mea 7373 
mead 7373 
meaning 7443 
meaningless 7350 
means 7477 
measure 7457 
measures 7319 7403 7461 
mechanical 7434 
mechanism 7445 
medical 7345 7416 
medium 7383 7397 
medium- 7443 
meet 7323 7356 7391 7402 7403 
meeting 7319 7326 7336 7377 7382 7399 7405 7406 7414 
mellon 7332 
member 7336 7366 7386 7403 7416 7461 
members 7367 7381 7415 7467 7478 
menu 7405 
mer 7334 
mercantile 7445 7460 
merchandise 7411 
mercury 7448 
merge 7366 7386 
merged 7386 7478 
merger 7319 7362 7366 7370 7376 7433 7435 
merrill 7334 7391 7480 
met 7326 7356 
metal 7393 
metals 7448 
method 7462 
metromedia 7473 
metropolitan 7366 
mexican 7337 7405 
mexico 7405 7406 
miami 7411 
mich. 7338 7346 7374 7396 7436 7440 
michael 7364 
michigan 7385 
mid- 7428 
mid-atlantic 7361 
mid-february 7351 7417 
midday 7326 
midland 7374 
miles 7431 
military 7431 
mill 7318 
miller 7355 
million 7366 
mines 7468 7476 7480 
minimum 7367 
mining 7337 7380 7480 
minister 7403 7405 7406 7414 7461 
ministers 7323 
ministry 7394 
minit-lube 7332 
minn. 7465 7478 
minneapolis 7345 7380 7478 
minnesota 7380 
misguided 7477 
misses 7428 
missing 7461 
mistake 7477 
mixed 7356 7401 
mmm 7380 
mmr 7434 
mn 7359 7465 
mo. 7362 7432 
model 7418 
moment 7377 
monday 7367 
monetary 7394 7405 7460 
money 7391 7405 7416 7425 7428 7437 
money-fx 7375 7394 7429 7460 
money-supply 7419 7420 7421 7425 7426 7428 7437 
monica 7359 
monitoring 7345 
monopoly 7403 
montedison 7354 
montgomery 7366 
month 7356 7361 7366 7375 7383 7405 7422 
monthly 7447 7451 
months 7332 7350 7367 7394 7405 7438 7461 
montreal 7424 7468 7479 
moody 7371 7373 7376 7384 
moratorium 7328 
morgan 7391 7473 
morning 7391 
morristown 7388 
mortgage 7334 7446 
moscow 7326 7471 
motor 7393 7457 
motors 7396 7412 7440 
mounted 7405 
movement 7326 7445 
moves 7375 7394 
moving 7366 7375 7437 
ms 7391 
mths 7330 7398 7404 7432 7438 7444 
mud 7448 
mulford 7405 
mulling 7319 
multiday 7345 
murphy 7456 
n't 7326 7364 7391 7405 7429 7471 
n.a 7332 
n.c. 7320 7340 7399 
n.j. 7386 7388 7433 
n.v. 7354 7372 
n.y 7419 
n.y. 7365 7455 7481 
n.y.. 7453 
nabisco 7392 7399 
named 7341 7361 7372 7399 7450 
names 7372 
napco 7465 
naphtha 7397 
narjes 7323 
nat-gas 7408 7423 
nation 7450 7477 
national 7326 7400 7405 7421 7432 7450 7466 7471 7479 
nationally 7421 
natural 7423 7428 
necessarily 7326 7477 
needed 7375 
negative 7326 7428 
negotiate 7352 
negotiated 7319 7478 
negotiating 7383 7414 
negotiations 7326 7343 7360 7405 7414 7433 7477 
neira 7461 
net 7330 7331 7332 7338 7351 7359 7366 7367 7378 7379 7388 7398 7404 7407 7410 7424 7428 7432 7438 7439 7441 7442 7443 7444 7449 7455 7459 7462 7465 7468 7469 7472 7476 
netherlands 7372 
netowork 7348 
network 7342 7347 7348 7411 
new-money 7405 
newburgh 7365 
newfoundland 7479 
newly 7377 
news 7347 7364 7380 7403 
nibca 7466 
nicaragua 7406 
nicaraguan 7406 
nice 7391 
nigel 7355 7429 
nil 7410 7432 
nippon 7391 
nissan 7393 
nn 7348 7446 
nnet 7348 
noil 7462 
nominal 7377 
nominated 7394 7399 
nominates 7392 7399 
non-accrual 7443 
non-callable 7371 7384 
non-ec 7336 
non-prt 7355 
non-recurring 7388 7442 
non-u.s. 7405 
non-union 7396 
non-voting 7343 7360 
nonperforming 7366 7443 
nonwovens 7452 
noon 7396 
norfolk 7361 
norris 7462 
norstar 7376 7435 
north 7355 7372 
northwest 7478 
norwood 7440 
nostalgia 7348 
notably 7471 
note 7330 7338 7359 7388 7398 7410 7438 7441 7444 7455 7462 7465 7466 7475 
noted 7326 7356 7383 7435 
notes 7361 7458 7473 
noteworthy 7326 
notice 7319 
notification 7396 
notified 7396 
noting 7423 7428 
npco 7465 
nph 7372 
nuclear 7427 
number 7344 7391 7428 7440 7457 
nwa 7478 
nycsce 7367 
nyn 7349 
nynex 7329 7349 
nyse 7422 
o'brien 7384 
o'nuts 7458 
o. 7399 
oakland 7475 
objections 7471 
obligation 7479 
obligations 7477 
obs 7384 
obstacles 7326 7471 
obtain 7367 
obtained 7343 7360 7377 7378 7454 
occurred 7448 
occurring 7423 
october 7322 7361 7393 7405 
odeon 7453 7470 
odyssey 7370 
odyy 7370 
offensive 7366 
offer 7319 7326 7333 7334 7342 7351 7374 7471 7479 
offered 7342 7343 7351 7352 7360 7409 7471 
offering 7333 7334 7356 7366 7371 7384 7391 7405 7409 7412 7415 7434 7458 7463 7466 
offerings 7361 7458 
office 7366 
officer 7399 7412 
officers 7361 7405 
offices 7450 
official 7326 7350 7377 7445 7471 7477 
officials 7319 7326 7356 7357 7391 7396 7403 
offset 7355 7423 
offsets 7355 
offshore 7355 
ohio 7440 
oil 7332 7337 7355 7366 7397 7408 7416 7423 7462 
oilfield 7322 
oilseed 7356 
okamoto 7365 
okla. 7353 
okomoto 7365 
ondaatje 7480 
ongoing 7481 
ontario 7479 
opec 7416 7461 
open 7318 7323 7391 7403 7467 7475 
opened 7332 7336 7366 7403 
opening 7367 7403 
openings 7332 
oper 7338 7455 7465 7466 
operate 7418 
operates 7470 
operating 7359 7450 7465 
operation 7318 7405 
operations 7333 7359 7364 7388 7393 7427 7430 7455 7465 7481 
operators 7351 
opinion 7481 
opportunities 7391 7423 
opportunity 7423 
oppose 7471 7479 
opposed 7326 7471 
opposition 7327 7343 7360 
optimistic 7332 
opting 7383 
option 7334 7356 7391 7457 
options 7383 7391 7402 7445 7460 
oral 7365 
orange 7357 
order 7383 7386 7394 7427 7445 
orders 7383 7427 
ordinary 7377 
organisation 7406 
organization 7386 7416 7461 7470 
original 7367 7400 
originally 7451 
oscillation 7394 
ousted 7350 
out-of-state 7366 
outlays 7467 
outlines 7467 
output 7375 
outstanding 7319 7342 7352 7361 7373 7382 7402 7421 7463 7469 7473 
outstandings 7405 7443 
over-the-counter 7454 
overallotments 7334 
overnight 7340 
oversee 7343 7360 
overtime 7418 
overture 7326 
owned 7348 7354 7361 7372 7400 
owner 7408 
ownership 7342 7478 
owning 7362 
owns 7342 7354 
p.s 7446 
pa 7332 
pa. 7398 
pacad 7365 
pacificorp 7409 
package 7405 
packages 7405 
paid 7408 7443 7471 
painewebber 7391 
palace 7381 
palm 7474 
panama 7406 
panel 7394 7445 7467 
paper 7351 7405 7420 7421 7435 7452 
par 7371 7373 7384 7401 7473 
parallel 7405 
parent 7365 7399 
pari.pa 7377 
paribas 7377 
paris 7377 7403 
parking 7456 
part 7366 7373 7391 7412 7423 7442 
partial 7405 
partially 7391 7406 
participate 7405 
participation 7408 7475 
participations 7400 
participators 7355 
parties 7319 
partly 7405 
partner 7391 
partners 7375 7400 7408 
partnership 7342 7366 7400 7408 
parts 7393 
party 7477 
pass-through 7412 
passed 7366 7477 
passenger 7383 
past 7423 7424 7467 
patient 7345 
patients 7345 
patti 7391 
paul 7362 7392 7399 
pay 7320 7346 7355 7385 7413 7442 7474 
payable 7317 7349 7358 7363 7409 
paying 7355 7379 
payment 7342 7356 7407 7412 
payments 7405 7407 7443 7451 7473 
payoffs 7478 
payout 7320 7363 7382 7413 7474 
pct-owned 7337 
peace 7350 
peak 7366 7428 
peaked 7428 
pedro 7405 
pending 7319 7335 7366 7477 
penn. 7430 
pennsauken 7386 
pension 7322 7398 7424 7451 
pepsi 7361 
pepsi-cola 7361 
percentage 7400 
performance 7375 
period 7342 7375 7396 7407 7417 7428 7442 7475 
periods 7330 7377 7438 
permanent 7408 
permission 7377 7451 
perrin 7391 
pershing 7391 
person 7456 
personal 7461 
pet-chem 7452 
petroleum 7355 7397 7416 7423 7461 
pfaudler 7337 
pgai 7398 
pharmaceutical 7335 
phased 7403 
philippines 7405 
philips 7372 
phillips 7445 
philosophical 7445 
physicians 7345 
pictures 7453 
pier 7482 
pills 7454 
pillsbury 7341 
pin 7446 
pinpoint 7323 
pipeline 7408 7416 7461 
pir 7482 
pittsburgh 7378 7451 
place 7435 7443 
placement 7424 
plan 7319 7322 7323 7343 7360 7391 7402 7405 7445 7467 7478 
plane 7383 
planes 7383 
planned 7366 7399 
planning 7405 
plans 7319 7332 7335 7364 7366 7377 7386 7391 7393 7402 7414 7418 7446 7451 7455 7460 7480 
plant 7323 7393 7396 7418 7440 
plants 7418 7427 7440 
plastic 7393 
plead 7364 7368 
pledges 7375 
point 7335 7396 7405 7467 
point/american 7391 
points 7366 7374 7412 
poised 7423 
policies 7343 7360 7375 7401 7405 
policy 7401 7405 
polled 7437 
pollution 7427 7446 
polymers 7452 
polystyrene 7452 
pontiac 7396 
pool 7479 
poor 7373 7384 7412 7430 7435 7445 
pop 7344 
popularized 7412 
popx 7344 
portfolio 7366 7394 7424 
portion 7373 
portions 7401 
portland 7393 
ports 7336 
posed 7445 
position 7326 7356 7366 7399 7430 7471 
positions 7367 
positive 7326 
possibility 7391 
possibly 7405 
post 7399 
post-war 7375 
posted 7397 
posting 7397 
postings 7397 
potentially 7326 
pound 7429 7452 
pounds 7460 
pow 7439 
powdered 7448 
power 7427 7479 
powers 7325 7328 
ppw 7409 
practicable 7405 
practice 7456 
practices 7364 
pre-tax 7443 
preceding 7351 
predicted 7442 
prefer 7328 
preferable 7394 
preference 7409 
preferred 7376 7435 7444 7455 
preliminary 7391 7433 7480 
prelude 7391 
premature 7443 
premium 7384 7450 
presence 7406 
present 7319 7323 7375 7429 7467 7477 
presenting 7467 
presently 7319 7405 
preserve 7375 
president 7350 7356 7372 7375 7381 7383 7399 7405 7442 7445 7464 7467 7471 
press 7350 7356 7383 7428 7460 7461 
pressed 7393 7405 
pressure 7356 7405 7408 
pretax 7465 
prevent 7336 
prevention 7335 
previous 7408 7423 7437 
previously 7342 7346 7378 7381 7385 7391 7395 7399 7402 7418 7423 7443 
price 7326 7342 7351 7356 7357 7361 7384 7391 7406 7408 7445 7470 7471 7479 
price/earnings 7401 
priced 7326 7373 7412 7434 
prices 7326 7356 7357 7361 7366 7397 7406 7408 7423 7452 7461 7469 7471 7479 
pricing 7361 7371 7384 
prime 7369 7381 
prince 7350 
princeton 7386 7446 
principal 7473 
principle 7411 7470 
prior 7320 7359 7413 7428 7466 7474 
private 7395 7424 7461 
privatised 7377 
pro-growth 7405 
probable 7355 
probe 7361 7364 
probing 7361 
problems 7327 7366 7375 
procedures 7405 7445 
proceedings 7451 
proceeds 7333 7361 7373 7374 7409 7446 7463 
process 7366 7394 7405 7451 7467 
processors 7357 
produce 7348 7393 
produced 7365 7375 
producer 7336 7356 
producers 7406 7408 
produces 7318 
producing 7423 
product 7326 7332 7335 7357 7393 7397 7454 7477 
product-for-product 7477 
production 7323 7356 7423 
productions 7469 
products 7323 7326 7345 7352 7366 7372 7397 7449 
profit 7322 7330 7339 7359 7398 7404 7407 7410 7424 7432 7438 7439 7444 7455 
profitability 7322 7408 7427 
profits 7355 7366 
program 7323 7326 7332 7356 7405 7411 7461 7471 
programs 7344 
progress 7350 
project 7318 
projections 7428 
promise 7326 
promises 7375 
promote 7401 
promoted 7399 
prompting 7467 
prompts 7405 
properties 7320 7400 7423 7462 
property 7330 
proposal 7342 7352 7356 7433 7445 
proposals 7477 
proposed 7323 7356 7382 7457 7458 
proposes 7382 7445 7457 
prospects 7394 
prospectus 7480 
protect 7323 7335 7478 
protecting 7335 7356 
protection 7356 7424 
protesting 7467 
protests 7461 
protracted 7405 
proved 7408 
provide 7344 7356 7383 7416 7423 
provided 7342 
province 7424 7480 
provinces 7479 
provincially-owned 7479 
provision 7442 
provisional 7376 
provisions 7400 7442 
proxmire 7328 
prt 7355 
prt-paying 7355 
prudential-bache 7400 
pse 7403 7439 
psy 7341 
public 7343 7360 7362 7391 7394 7415 7434 7445 7446 7466 
publicly 7400 
published 7350 
pulp 7318 
pulping 7318 
pumps 7474 
purchase 7343 7352 7360 7364 7407 7450 7470 7480 
purchased 7423 7454 
purchases 7423 
purposes 7343 7360 7402 7409 7424 7463 
pursuant 7370 7409 
pursue 7342 
push 7356 
put 7391 7405 7440 
puts 7367 
pwj 7391 
qltv 7451 
qtly 7320 7346 7385 7474 
qtr 7330 7331 7339 7359 7388 7398 7404 7410 7432 7438 7439 7442 7444 7449 7455 7459 7465 7476 
qtrly 7329 7349 7413 
quake 7461 
quaker 7332 
qualified 7481 
qualifying 7355 
quality 7407 
quarter 7356 7366 7375 7379 7438 7442 7444 7455 7460 7465 7481 
quarterly 7349 7363 7379 7412 
quebec 7424 7476 
query 7326 
questions 7445 
quick 7327 
quincy 7317 
quito 7461 
quota 7406 
quotas 7323 
r.j. 7399 
rad 7344 
radically 7405 
radio 7344 
raise 7357 
raised 7349 7397 7469 
raises 7397 7452 
raising 7349 7371 7384 7397 7405 
ram 7458 
ramada 7458 
range 7383 7391 
ranged 7428 
ranging 7469 
ranking 7356 7361 
ranks 7405 
rapid 7394 
rapidly 7365 
rate 7321 7351 7356 7366 7374 7394 7409 7414 7424 7429 7446 7460 7473 
rated 7371 7384 
rates 7351 7355 7374 7375 7405 7412 
rating 7373 7376 7435 
ratings 7376 7435 
ratio 7401 
raton 7375 7401 7445 7460 
raymond 7386 
rci 7452 
re-lending 7414 
reached 7326 7365 7369 7396 7405 7408 7411 
reacquired 7402 
reade 7470 
reagan 7356 7467 7471 
real 7366 7407 
realistic 7401 
realization 7430 
reason 7380 7405 7428 
reasons 7461 
rebuffed 7326 
rebuilds 7335 
recalcitrant 7405 
receivables 7412 
receive 7405 7450 7473 
received 7336 7408 7433 7451 7473 
receiver 7450 
receives 7433 
receiving 7405 
recent 7326 7373 7375 7394 7461 7473 7480 
recently 7401 7405 7416 7452 7453 7458 
recession 7375 
reciprocity 7477 
reclassify 7443 
recognition 7326 
recognized 7326 
recommend 7382 
recommendation 7382 
recommended 7391 7399 
record 7317 7320 7346 7349 7358 7363 7379 7385 7401 7413 7442 7474 
recorded 7442 
records 7368 7447 
recover 7332 
recovered 7356 
recovery 7375 
recur 7405 
red 7450 
redeem 7446 
redeemable 7377 
redemption 7473 
reduce 7375 7480 
reduced 7355 7400 7443 7457 
reducing 7375 
reduction 7343 7360 
reductions 7323 
reexported 7336 
referring 7328 7366 
refinance 7361 7414 
refinancing 7414 
refining 7332 
reflect 7391 
reflected 7423 
reform 7375 
refrigerators 7447 
refurbished 7453 
refusal 7451 
refused 7326 7467 
refusing 7405 
regain 7322 
regard 7365 7429 
reginald 7396 
region 7405 
regional 7340 7350 7405 
regionals 7428 
registered 7376 
registration 7374 7409 7415 
regular 7379 7382 7399 7474 
regulation 7445 
regulations 7403 7405 
regulators 7480 
regulatory 7470 7479 
reichhold 7452 
reinstate 7451 
rejected 7327 7342 7471 
relate 7326 7368 
related 7354 7366 7400 7428 
relative 7356 
release 7460 
released 7364 7381 7408 7421 
reliance 7375 
relief 7327 7355 7396 
reluctance 7405 
rely 7375 
remain 7323 7471 
remained 7408 
remaining 7454 
remains 7440 
remark 7326 
remarks 7350 7445 7471 
reneged 7375 
renegotiation 7343 7360 
rent 7415 
reopen 7450 
rep. 7356 7467 
repackaged 7343 7360 
repair 7335 
repairs 7335 7461 
reparing 7335 
repay 7409 
repayments 7414 7463 
repeated 7327 7375 7429 
repeats 7429 
repetition 7471 
replace 7351 7446 
replacing 7341 7399 
report 7332 7355 7357 7366 7379 7381 7387 7389 7390 7394 7408 7423 7481 
reported 7319 7326 7332 7379 7395 7418 7428 7447 
reporters 7406 7445 7456 7461 7477 
reports 7383 7395 
representatives 7356 
represented 7424 
representing 7323 7353 7384 
represents 7391 
republic 7478 
republican 7356 7467 
republicans 7467 
republicbank 7366 
repurchase 7342 7402 
request 7326 7336 7451 
require 7451 7477 
required 7336 7342 7367 
requirements 7323 7368 7402 7444 7455 
reschedule 7405 
research 7333 
resell 7364 
reserve 7327 7328 7408 7421 7423 7428 7437 7455 7481 
reserves 7408 7423 7428 
resignation 7364 
resigned 7368 7461 
resigns 7461 
resistance 7375 7405 
resisted 7356 
resolution 7327 
resolve 7396 
resolved 7323 
resort 7431 
resources 7405 7472 
responded 7350 
responding 7461 
response 7326 7391 7394 7396 
responsibility 7405 
rest 7333 
restaurants 7381 
restored 7375 
restraint 7375 
restricted 7355 
restrictions 7364 7477 
result 7348 7361 7394 7442 7461 7478 7481 
resulted 7364 7447 
resulting 7344 7374 
results 7379 7427 7466 
resume 7440 
resuming 7366 
retail 7447 
retain 7366 
retaliate 7477 
retaliation 7477 
retention 7394 
retire 7373 7399 
retired 7372 7399 7451 
retirees 7451 
retirement 7399 
return 7322 7355 7424 7427 7436 7440 7461 
revenue 7355 7444 
revenues 7379 7381 7434 7442 7444 
review 7345 7364 7376 
revised 7437 
revision 7423 
revisions 7423 
revolving 7332 7378 
revs 7330 7331 7338 7388 7398 7404 7432 7439 7441 7444 7455 7459 7462 7465 7468 7472 7476 
reynolds 7399 
rica 7406 
richard 7326 7372 7445 7456 
richards 7362 
richmond 7363 
ridiculous 7326 
rights 7343 7360 7454 
rigors 7323 
riklen 7365 
rise 7355 7356 7380 7391 7408 7461 
rises 7420 7425 7437 
risks 7375 7443 
rite 7344 
rival 7383 
river 7450 
rjr 7392 7399 
rko 7453 
robert 7399 
robotics 7427 
role 7391 
rome 7351 7394 
roof 7429 
roosevelt 7453 
roost 7366 
rosa 7444 
rose 7316 7326 7391 7428 7437 7447 
rosewood 7342 
ross 7399 
rostenkowski 7477 
rouge 7434 
roughly 7428 
round 7429 7477 
rounding 7405 
routes 7431 
roy 7477 
royal 7410 
royal-gold-and-silve 7410 
royalties 7431 
rpt 7366 
rudolph 7368 
rules 7405 7457 
rumors 7391 
run 7418 
running 7405 7457 
ruptured 7461 
s. 7381 
s.a. 7354 
s/p 7435 
sachs 7391 7409 
sacred 7403 
sad 7405 
saddam 7350 
safety 7396 7457 
sale 7330 7336 7342 7343 7360 7410 7431 7442 7463 7464 7465 7479 7481 
sales 7326 7332 7333 7336 7348 7359 7365 7381 7395 7408 7410 7423 7427 7438 7449 7479 
salomon 7361 7409 7458 
salvador 7406 
same-rate 7446 
san 7366 7402 
sant 7381 
santa 7359 7444 
satellite 7348 
satisfied 7429 
saturday 7418 
saudi 7350 
save 7446 
saved 7405 
saving 7355 
savings 7412 
scandal 7391 
schedule 7412 7440 
scheduled 7369 7383 7418 7421 
scheme 7361 
scope 7323 
score 7369 
scot 7363 
scott 7363 
scr 7404 7442 
scrapped 7405 
screens 7470 
scrutiny 7405 
sea 7355 7404 7442 7448 
season 7395 
seasonally 7437 
seattle 7459 
sec 7361 7445 7456 7458 
second-largest 7366 
secondary 7343 7360 
secretary 7326 7343 7356 7360 7405 7457 7471 
sector 7394 7424 7477 
sectors 7477 
secured 7378 
securities 7319 7325 7328 7342 7359 7361 7364 7368 7373 7376 7409 7412 7424 7430 7431 7443 7445 7456 7458 7463 7469 
seek 7319 7342 7343 7360 7377 7406 7477 
seeking 7366 7378 7405 7451 7473 7479 
seeks 7482 
sees 7322 7365 7366 7379 7427 7479 
segment 7427 
sell 7326 7333 7353 7391 7401 7454 7455 7471 7479 7481 
selling 7326 7391 
sells 7371 7373 7384 7400 7412 7454 
semi-annual 7473 
sen 7328 
send 7343 7360 
senior 7376 7399 7405 7415 7435 7458 
sense 7401 7405 
separate 7366 7405 
separately-traded 7369 
september 7336 7356 7361 7395 7405 7415 7448 
series 7348 7369 7394 7409 7446 
serve 7399 7446 
service 7332 7340 7343 7348 7360 7371 7373 7376 7386 7388 7430 7446 7481 
services 7377 7391 7394 7442 
serving 7431 
session 7467 
sessions 7326 
set 7346 7356 7383 7384 7396 7416 7445 7447 
sets 7317 7320 7358 7396 7413 7474 
setting 7343 7360 
settle 7408 
settled 7456 
settlement 7396 
settlements 7408 
seven-year 7344 
severance 7442 
share 7317 7338 7342 7352 7358 7363 7369 7377 7379 7381 7382 7384 7403 7405 7409 7434 7441 7442 7444 7455 7469 
shareholder 7342 7354 7382 
shareholders 7333 7349 7362 7363 7377 7382 
shares 7319 7333 7334 7342 7352 7369 7377 7382 7391 7402 7409 7415 7417 7422 7434 7469 7470 7475 7480 
sharp 7423 
shearson 7391 
shelf 7374 7376 7409 7463 
sherwood 7442 
sherwoood 7442 
shield 7444 
ship 7442 
shipment 7395 7447 
shipments 7447 7461 
shock 7405 
shoe 7352 
shopping 7348 7411 
short 7318 7367 7378 7405 7417 7422 7445 
short-haul 7383 
short-term 7351 7373 7394 7409 7443 
shortage 7440 
shorter 7431 
shortly 7342 
show 7366 7411 
showcase 7348 
showed 7375 
shows 7444 
shr 7330 7331 7338 7339 7359 7388 7398 7404 7410 7432 7438 7439 7441 7444 7449 7455 7459 7462 7465 7466 7468 7472 7476 
shrink 7405 
shrs 7330 7338 7359 7404 7462 
shultz 7326 7471 
shut 7440 
sides 7396 
sigma 7476 
sigma-mines- 7476 
sign 7405 
signal 7326 
signals 7345 7356 
signed 7332 7344 7345 7348 7353 7362 7405 
significance 7326 
significant 7326 7348 
significantly 7326 7375 7394 7399 7424 7427 
signing 7383 7405 
signs 7345 
silver 7410 
silverstein 7386 
simex 7460 
similar 7377 
simply 7477 
sims 7330 
singapore 7397 7460 
singer 7433 
single 7428 
sir 7477 
site 7448 
situation 7356 7391 
six-month 7351 
size 7355 7423 
slashed 7431 
slashes 7431 
sleep 7454 
slow 7442 
small 7355 7405 7428 
smaller 7355 
smallest 7405 7428 
smith 7373 7391 
smoking 7454 
so-called 7356 7412 
soft 7361 
softwood 7318 
sold 7318 7387 7390 7391 7395 7400 7405 7408 7411 7434 
sole 7371 7375 7384 7412 
solely 7415 
solution 7324 7327 7405 
solutions 7405 
son 7411 
sorghum 7336 
soros 7469 
sounder 7401 
source 7326 7471 
sources 7323 7326 7336 7343 7360 7471 
south 7336 7356 
south-atlantic 7428 
southern 7340 7355 7386 7473 
soviet 7326 7395 7471 
soviets 7326 7471 
soybean 7356 
soybeans 7356 
spa 7350 7354 
spain 7336 
spanish 7336 
spark 7477 
speaking 7356 
special 7336 7343 7360 7477 
specialty 7434 7452 
specific 7477 
speculated 7391 
speculating 7405 
speculation 7326 
spending 7332 7355 7375 7423 7467 
spent 7423 
spinoff 7391 
split 7349 7382 7405 7428 
spokesman 7357 7377 7391 7396 7399 7427 7428 7448 
spokeswoman 7380 7440 
spot 7367 
sprinkel 7375 7401 
spurring 7405 
srd 7337 
stability 7430 
stabilize 7366 
stable 7366 
stake 7319 7391 7469 7475 7480 7482 
stakes 7403 
stamford 7318 7354 
stamping 7393 
standard 7337 7373 7384 7412 7430 7435 7445 
stanley 7391 
start 7340 7406 7414 
started 7460 
starting 7467 7479 
starts 7355 
state 7326 7332 7366 7450 7471 
state-owned 7414 
statement 7326 7364 7365 7368 7391 7409 7411 7416 7424 7428 7471 
statements 7326 7481 
states 7336 7365 7375 7416 7423 7428 7457 
status 7440 
steady 7405 
steel 7323 7430 7451 
steelworkers 7451 
steelworkes 7451 
stems 7361 7473 
step 7391 
stepping 7461 
steps 7405 
sterling 7429 
steven 7383 
stevens 7413 
stg 7429 
sticht 7392 7399 
stimulate 7375 
stimulates 7335 
stimulating 7335 
stimulative 7375 
stn 7413 
stock 7319 7337 7342 7347 7349 7352 7358 7362 7364 7369 7370 7372 7376 7380 7382 7384 7391 7402 7407 7409 7415 7434 7435 7445 7456 7475 7478 
stockbrokers 7355 7403 
stockholder 7382 
stockholders 7464 
stocks 7356 7364 7391 7401 7445 7456 
stood 7427 
stop 7350 7405 
stopped 7451 
store 7332 
stores 7332 7344 
stowe 7342 
strains 7405 
strategy 7391 7405 7423 7424 
stream 7376 
streamlining 7405 
street 7412 
strengthen 7399 
stressed 7443 
stretched 7405 
strike 7396 7461 
stringfellow 7363 
strong 7335 7391 7427 7447 
stronger 7366 7375 
strongly 7326 
struck 7396 7416 
structure 7376 
structures 7335 
struggling 7366 
studied 7356 
studies 7335 
study 7343 7355 7360 7391 7394 
styrene-butadiene 7452 
subcommitte 7343 
subcommittee 7343 7356 7360 
subcontract 7396 
subject 7352 7356 7382 7411 7470 
submit 7382 
subordinated 7371 7376 7384 7435 7458 7473 7475 
subscribe 7377 
subscribers 7348 7353 
subscriptions 7351 
subsequent 7352 7407 
subsidiaries 7337 7354 7361 7400 
subsidiary 7337 7354 7366 7393 7412 7431 7442 7464 
subsidies 7336 
subsidising 7355 
subsidized 7326 7471 
subsidy 7326 7336 7471 
substantial 7356 
substantially 7375 7391 7464 
suburban 7431 
succeeding 7399 
succeeds 7372 
successfully 7356 
sues 7473 
suffered 7401 7416 
suffering 7400 
sugar 7367 
suggested 7405 
suggests 7366 
suit 7473 
sulfur 7397 
sumitomo 7391 
summer 7471 
summit 7472 
summit-resources-ltd 7472 
supplements 7451 
supplier 7411 
supplies 7416 7479 
supply 7395 7411 7425 7437 7479 
support 7328 7356 7406 
supported 7356 
supports 7325 
supressant 7454 
surplus 7323 
surpluses 7477 
susan 7445 
suspect 7375 
suspended 7405 
suspension 7443 7461 
sustain 7375 
swap 7405 
swapped 7374 7405 
swapping 7405 
sweden 7427 7457 
swedish 7427 
swing 7375 
swings 7375 
swissair 7383 
switched 7389 7395 
syndicate 7405 
syndicates 7405 
syndications 7405 
syndrome 7335 
system 7323 7335 7345 7375 7394 7408 
system-wide 7445 
systems 7353 7384 
t-bills 7321 
ta 7402 7415 
tablet 7454 
taft 7462 
taiwan 7390 7395 
take-or-pay 7408 
takeover 7319 
takes 7473 
taking 7326 
talking 7383 7391 
talks 7370 7396 7405 7406 
tamarac 7407 
tambrands 7372 
target 7361 7405 
tariff 7477 
tariffs 7356 7477 
taught 7326 
tax 7336 7338 7351 7355 7375 7388 7438 7444 
tcb 7366 
team 7464 
technologies 7335 
telegraph 7369 
telephone 7345 7364 7369 
television 7348 7353 7411 7429 
telexes 7357 
tempo 7353 
temporarily 7440 
temporary 7424 7440 
ten 7365 7377 
tender 7319 7351 
tendered 7369 
tenders 7336 
tenn 7393 
tenn. 7393 7464 
tennessee 7340 
tentative 7405 
tentatively 7467 
term 7332 7378 7395 7405 
terminals 7431 
terminate 7451 
terminated 7370 
terms 7353 7354 7384 7463 7464 
testimony 7356 
tex 7450 
tex. 7450 
texaco 7397 
texas 7366 7450 
textile 7477 
textiles 7452 7477 
tfit 7341 
theater 7453 
theatre 7453 
theatres 7453 
thereto 7365 
thing 7326 
things 7405 
thought 7429 
thp 7449 
three-month 7351 7460 
throw 7405 7477 
thursday 7396 7428 
tidal 7366 
time 7336 7355 7356 7396 7429 7443 7463 7471 7475 
times 7348 7391 
timing 7355 
tmb 7372 
to-fitness 7341 
today 7336 7350 7368 7380 7383 7391 7396 7397 7412 7429 7446 7461 
tof 7341 
tofutti 7341 
tokyo 7391 
told 7319 7323 7326 7327 7328 7356 7375 7380 7381 7383 7403 7405 7406 7428 7445 7456 7461 7477 7479 
tomorrow 7405 7450 
tonne 7336 7357 7471 
tonnes 7323 7336 7387 7389 7390 7395 7471 
tons 7318 7448 
top 7319 7445 
top-flight 7412 
toronto 7318 7410 7441 7470 7476 7480 
tortuous 7405 
total 7319 7332 7342 7344 7351 7382 7383 7391 7395 7400 7408 7423 7424 7427 7428 7447 7469 
totaled 7332 7366 7423 
totaling 7478 
totalling 7423 
towns 7431 
tpo 7353 
trabajadores 7414 
trace 7448 
trade 7326 7356 7367 7375 7403 7405 7406 7443 7445 7461 7477 
traded 7460 
trades 7460 
trading 7326 7364 7367 7375 7380 7391 7445 7477 
traditionally 7442 
trailer 7464 
trailers 7464 
transaction 7352 7364 7400 7470 
transamerica 7402 7415 
transco 7408 
transferable 7409 
translate 7357 
transmission 7427 
transmit 7345 
transporation 7457 
transport 7379 
transportation 7427 7428 7457 
treasuries 7412 
treasury 7343 7351 7360 7374 7394 7405 
treasury-bonds 7460 
treatment 7335 
tri-star 7453 
trial 7361 
triangle 7449 
trigger 7396 
triggered 7319 7391 
trillion 7408 7423 
trsp 7453 
truck 7396 7418 
trust 7369 7473 7478 
tuesday 7428 7445 
tulsa 7353 
turn 7319 
turned 7366 
two- 7348 
two-for-one 7349 7382 
two-week 7428 
two-year 7374 
tx 7397 
txp 7408 
tylee 7399 
type= 7321 7324 7325 7329 7339 7387 7389 7390 7392 7417 7419 7420 7422 7425 7426 7436 
u.k 7429 
u.k. 7355 
u.s 7326 7343 7356 7360 7368 7375 7387 7389 7390 7391 7420 7425 7426 7428 7437 7457 7479 
u.s. 7326 7335 7337 7343 7356 7360 7374 7375 7391 7393 7395 7401 7405 7418 7423 7424 7435 7440 7460 7470 7471 7473 7477 
u.s.-ussr 7395 
u.s.a. 7365 
uaw 7396 
uaw-represented 7396 
udvar-hazy 7383 
ujb 7386 
uk 7355 7429 
ultimately 7401 
unaffected 7435 
unavailable 7355 
unchanged 7437 
uncomfortably 7429 
underscored 7327 
undersecretary 7326 7356 7471 
understanding 7391 
understands 7361 
underwrite 7377 
underwriter 7361 7371 7384 7412 7463 
underwriters 7333 7334 7480 
underwriting 7409 7434 
underwritten 7412 
undesirable 7375 
undeveloped 7355 
unified 7403 
unindicted 7361 
union 7326 7395 7396 7451 7471 7478 
unions 7461 
unit 7335 7340 7361 7362 7369 7372 7391 7399 7407 7412 7464 7470 7481 
united 7337 7365 7370 7375 7386 7396 7423 7451 
units 7337 7369 7383 7481 
uniuts 7342 
unlimited 7367 
unprecedented 7447 
unrelated 7428 
unspecified 7470 
unsuccessful 7405 
unusual 7445 
upgrade 7376 
upgraded 7376 
upham 7373 
uplift 7355 
upward 7423 
urge 7356 
urged 7401 
urges 7328 7375 7394 
usda 7326 7356 7395 7471 
ussr 7326 7387 7389 7395 7471 
utilities 7479 
utility 7446 7479 
utilization 7338 
va. 7361 7363 
vacancy 7366 
valencia 7336 
valley 7398 
valued 7366 
van 7415 
varying 7377 
vasteras 7427 
vehicle 7391 7457 
venezuela 7414 
venture 7397 
ventures 7322 7362 
version 7341 
versions 7383 
vice 7327 7328 7372 7399 7464 
victims 7416 
victory 7371 
vienna 7416 
view 7430 
views 7403 
vigorous 7471 
vigorously 7481 
vining 7352 
violating 7361 7364 
violation 7368 
violations 7361 7368 
virginia 7340 7361 
virtual 7366 
vmkt 7371 
voice 7471 
volatile 7445 
volatility 7445 
volume 7348 
voluntary 7323 7473 
vorman 7366 
vote 7343 7360 7375 
voted 7399 7467 
votes 7467 
voting 7441 
vul 7352 
vulcan 7352 
vulnerable 7323 7335 
wage 7471 
waiver 7378 
walk 7396 
wall 7412 
walter 7343 7360 7470 
war 7350 
ward 7441 
wardair 7441 
warned 7405 7477 
warner 7453 
warrants 7377 
washers 7447 
washington 7319 7326 7327 7328 7343 7356 7360 7361 7395 7443 7450 7457 7458 7463 7467 7469 7471 7477 
waste 7448 
wave 7366 
ways 7356 7477 
wcrp 7412 
weak 7323 7375 
weakest 7375 
weakness 7406 
weather 7428 
wednesday 7428 7431 7461 
week 7326 7348 7355 7365 7367 7378 7379 7383 7405 7418 7419 7420 7421 7425 7426 7428 7437 7440 7467 
weekend 7396 7406 
weeks 7348 7356 7391 
weil 7434 
weis 7459 
weisfield 7459 
welch 7399 
welsh 7342 
wenesday 7428 
wertheim 7391 
west 7337 7429 7474 7475 
west-germany 7475 
westborough 7358 
westcorp 7412 
western 7375 7412 
wheat 7326 7471 
wheatley 7405 
wholesale 7366 
wholly-owned 7393 
wickes 7339 7359 
wide 7375 
william 7328 7434 7445 7467 
willingness 7328 
wilson 7399 
window 7428 
winston-salem 7399 
withdraws 7352 
withhold 7467 
wix 7359 
wo 7326 7471 
women 7327 7328 
wood 7355 
woolcott 7333 
work 7327 7436 7440 
worked 7478 
workers 7396 7436 7440 7451 7478 
working 7333 
world 7326 7327 7343 7360 7375 7406 7416 7469 7471 
worlds 7356 
worldwide 7391 7405 7423 
worst 7356 
worth 7351 7366 7374 7377 7378 
worthwhile 7445 
wrench 7477 
write 7401 
writedown 7322 7462 
writedowns 7405 
writers 7467 
written 7365 7368 7401 7405 7444 
wrongdoing 7364 
xavier 7403 7461 
xcel 7317 
yamakawa 7393 
year-end 7382 7430 
yearend 7366 7427 
years 7326 7336 7366 7371 7373 7377 7384 7412 7414 7423 7424 7473 7479 
yen 7414 7460 
yesterday 7326 7356 7365 7471 
yield 7351 7412 
yielded 7424 
york 7333 7344 7347 7349 7357 7366 7367 7368 7369 7371 7372 7373 7376 7379 7380 7384 7391 7397 7405 7409 7412 7413 7421 7427 7428 7435 7437 7446 7453 7456 7469 7470 7473 
zealand 7374 
