'll 18167 
're 18026 18071 
've 18159 
****** 18002 18010 18011 18013 18045 18047 18053 18054 18055 18056 18069 18070 18074 18076 18078 18106 
-4 18048 
-acquires-con 18080 
-announce 18151 
-based 18026 
-compl 18157 
-cuts 18113 
-debt-may 18112 
-ends-t 18139 
-es 18082 
-est 18134 
-gets 18121 
-gets-3.6-m 18032 
-in-a 18060 
-introdu 18063 
-makes 18038 
-manny 18028 
-may 18116 
-moe 18028 
-names-pe 18117 
-of 18026 
-perry-dr 18072 
-r 18094 
-re 18083 18144 
-reinco 18020 
-resu 18147 
-s 18149 
-says-unio 18140 
-se 18164 
-seek 18015 
-sees-bet 18127 
-sees-s 18016 
-sell 18111 
-sets 18165 
-signs-pa 18081 
-silv 18013 
-subordin 18073 
-to-bu 18101 
-to-merge-w 18135 
-to-sel 18075 
-unit 18141 
-unit-i 18042 
-unit-sel 18018 
-unit-st 18137 
/author 18086 18142 18167 
0.1 18008 18109 
0.2 18008 
0.3 18146 
0.4 18008 
0.8 18008 
0.9 18008 
0007 18078 
0008 18045 18054 
0009 18047 18076 
0010 18010 18056 
0012 18013 18070 
0013 18011 18055 
0014 18002 18053 18069 
0015 18074 
0016 18106 
0021 18164 
0022 18125 
0023 18122 18124 
0024 18067 18083 18165 
0028 18017 
0029 18098 18153 18158 
0031 18036 18114 
0032 18065 
0033 18022 18038 
0034 18020 
0039 18062 
0041 18116 
0043 18005 18068 18121 
0044 18052 18123 
0045 18137 
0046 18028 
0047 18092 
0048 18072 
0049 18166 
0051 18032 
0055 18115 18120 
0056 18081 18155 
0057 18048 18082 
0058 18152 
0059 18118 
0060 18012 18088 18140 
0061 18157 
0062 18039 18049 
0063 18014 18015 18156 
0064 18037 
0066 18113 
0067 18027 
0068 18059 
0071 18051 
0073 18019 18162 
0075 18004 18111 18135 
0077 18096 
0078 18167 
0079 18003 18040 
0082 18025 18080 
0083 18042 18061 
0084 18090 
0085 18024 18143 
0086 18119 18126 18139 18141 
0088 18060 
0089 18129 
0090 18075 
0091 18007 18046 18077 
0092 18001 18091 18101 
0094 18149 
0095 18026 
0097 18145 18150 
0098 18031 18044 18107 18148 
0099 18063 18095 18134 18159 
0100 18029 18041 18043 18071 18102 18108 18131 
0101 18127 18147 
0102 18084 18097 18161 
0103 18105 
0104 18023 18057 18079 18093 18117 18154 18163 
0105 18033 18086 18112 18130 18151 
0106 18006 18016 18144 18146 
0107 18008 18009 18136 
0109 18058 18160 
0110 18035 18073 18132 18133 
0111 18018 18085 18142 
0112 18021 
0113 18064 18104 
0115 18094 18109 
0116 18030 18089 18103 
0117 18110 18138 
0120 18050 
0123 18099 18100 
0126 18087 
0138 18128 
0140 18034 
0141 18066 
06-02 18001 18002 18003 18004 18005 18006 18007 18008 18009 18010 18011 18012 18013 18014 18015 18016 18017 18018 18019 18020 18021 18022 18023 18024 18025 18026 18027 18028 18029 18030 18031 18032 18033 18034 18035 18036 18037 18038 18039 18040 18041 18042 18043 18044 18045 18046 18047 18048 18049 18050 18051 18052 18053 18054 18055 18056 18057 18058 18059 18060 18061 18062 18063 18064 18065 18066 18067 18068 18069 18070 18071 18072 18073 18074 18075 18076 18077 18078 18079 18080 18081 18082 18083 18084 18085 18086 18087 18088 18089 18090 18091 18092 18093 18094 18095 18096 18097 18098 18099 18100 18101 18102 18103 18104 18105 18106 18107 18108 18109 18110 18111 18112 18113 18114 18115 18116 18117 18118 18119 18120 18121 18122 18123 18124 18125 18126 18127 18128 18129 18130 18131 18132 18133 18134 18135 18136 18137 18138 18139 18140 18141 18142 18143 18144 18145 18146 18147 18148 18149 18150 18151 18152 18153 18154 18155 18156 18157 18158 18159 18160 18161 18162 18163 18164 18165 18166 18167 
1,000 18025 18033 
1,142,000 18120 
1,200,000 18040 
1,224,000 18120 
1,403,000 18155 
1,500 18043 
1,500,000 18040 
1,950,000 18152 
1,975,000 18155 
1-1/2 18023 18071 18095 
1-1/8 18134 
1-3/8 18025 
1-5/8 18023 
1.05 18076 18096 
1.08 18061 
1.1 18008 18159 
1.17 18155 
1.20 18061 
1.23 18061 
1.24 18048 
1.27 18152 
1.28 18052 
1.3 18144 
1.35 18162 
1.36 18048 
1.4 18016 18089 18133 
1.5 18041 18094 18144 18146 
1.55 18127 
1.6 18024 
1.60 18127 18152 
1.63 18096 
1.71 18096 
1.726 18052 
1.75 18024 
1.8 18144 
1.97 18052 
1/2 18086 
1/8 18041 
10,000 18025 18033 
10,030,000 18065 
10-1/4 18122 
10-1/8 18021 
10-year 18137 
10.3 18117 
10.5 18109 
10.8 18008 
10.9 18068 
100,000 18146 
100-mile 18077 
100.00 18096 
1002 18066 18108 
101-7/8 18025 
101.75 18033 
102.1 18096 
1030 18086 
106.2 18008 
10:04:07.81 18001 
10:04:26.11 18002 
10:05:19.67 18003 
10:06:06.42 18004 
10:06:53.99 18005 
10:11:04.12 18006 
10:11:37.96 18007 
10:13:22.63 18008 
10:13:44.37 18009 
10:18:10.62 18010 
10:20:19.41 18011 
10:21:40.24 18012 
10:22:29.78 18013 
10:25:00.56 18014 
10:27:58.21 18015 
10:29:27.94 18016 
10:29:31.47 18017 
10:29:53.30 18018 
10:30:02.50 18019 
10:30:24.62 18020 
10:30:58.70 18021 
10:31:26.20 18022 
10:33:30.27 18023 
10:35:06.58 18024 
10:35:41.13 18025 
10:38:09.89 18026 
10:38:33.20 18027 
10:39:23.41 18028 
10:40:26.29 18029 
10:40:39.77 18030 
10:44:13.90 18031 
10:44:26.34 18032 
10:48:49.65 18033 
10:50:08.18 18034 
10:51:10.96 18035 
10:51:16.67 18036 
10:51:48.40 18037 
10:51:55.69 18038 
10:53:42.76 18039 
10:54:40.06 18040 
10:54:52.48 18041 
10:55:50.84 18042 
10:57:14.48 18043 
10k 18094 
110,300 18003 
110.5 18028 
116,157,000 18096 
116.2 18144 
116.4 18096 
118,800 18003 
11:02:51.01 18044 
11:04:44.51 18045 
11:07:06.07 18046 
11:08:09.27 18047 
11:08:48.90 18048 
11:10:13.59 18049 
11:18:53.04 18050 
11:19:19.10 18051 
11:19:50.44 18052 
11:20:12.43 18053 
11:22:06.08 18054 
11:22:55.99 18055 
11:23:12.29 18056 
11:24:34.77 18057 
11:24:48.49 18058 
11:25:21.16 18059 
11:25:35.88 18060 
11:25:47.87 18061 
11:25:57.77 18062 
11:26:37.03 18063 
11:27:37.15 18064 
11:27:45.10 18065 
11:28:11.97 18066 
11:28:46.97 18067 
11:29:35.72 18068 
11:31:07.63 18069 
11:33:58.10 18070 
11:37:11.33 18071 
11:38:08.50 18072 
11:39:04.79 18073 
11:39:20.72 18074 
11:39:40.91 18075 
11:41:11.36 18076 
11:41:58.82 18077 
11:42:03.66 18078 
11:42:19.36 18079 
11:43:10.74 18080 
11:43:19.51 18081 
11:44:02.94 18082 
11:44:07.40 18083 
11:45:58.79 18084 
11:46:57.81 18085 
11:47:07.87 18086 
11:48:00.14 18087 
11:48:33.35 18088 
11:49:53.94 18089 
11:50:01.21 18090 
11:53:01.24 18091 
11:53:44.76 18092 
11:54:05.84 18093 
11:54:49.66 18094 
11:55:00.59 18095 
11:55:44.30 18096 
11:57:22.29 18097 
11:57:34.04 18098 
11:57:55.69 18099 
12-5/8 18015 
12.0 18003 
12.1 18048 
12.5 18128 
12.8 18138 
121,200 18003 
125,146,000 18096 
125.1 18144 
127.3 18028 
12:00:29.67 18100 
12:00:59.72 18101 
12:03:31.40 18102 
12:05:40.34 18103 
12:06:16.12 18104 
12:06:45.18 18105 
12:06:51.27 18106 
12:09:48.02 18107 
12:11:51.59 18108 
12:16:29.82 18109 
12:19:05.93 18110 
12:19:36.34 18111 
12:19:52.98 18112 
12:20:14.67 18113 
12:20:18.62 18114 
12:20:23.70 18115 
12:20:57.30 18116 
12:21:13.67 18117 
12:21:18.45 18118 
12:21:24.87 18119 
12:21:29.34 18120 
12:21:35.61 18121 
12:21:38.36 18122 
12:21:43.02 18123 
12:21:46.96 18124 
12:21:51.37 18125 
12:28:13.27 18126 
12:29:20.25 18127 
12:31:20.57 18128 
12:32:25.46 18129 
12:36:21.67 18130 
12:38:28.35 18131 
12:39:19.69 18132 
12:40:14.55 18133 
12:40:24.92 18134 
12:44:15.26 18135 
12:45:17.75 18136 
12:53:18.45 18137 
12:54:07.02 18138 
12:55:24.28 18139 
12:57:55.62 18140 
13:01:28.55 18141 
13:04:50.80 18142 
13:08:01.87 18143 
13:09:01.73 18144 
13:10:10.20 18145 
13:14:28.41 18146 
13:14:37.97 18147 
13:16:02.06 18148 
13:22:34.96 18149 
13:24:15.44 18150 
13:24:42.48 18151 
13:26:52.87 18152 
13:28:54.97 18153 
13:30:39.27 18154 
13:33:36.71 18155 
13:34:55.55 18156 
13:35:11.68 18157 
13:35:59.82 18158 
13:36:37.87 18159 
13:38:57.39 18160 
13:39:56.53 18161 
13:41:08.25 18162 
13:41:39.15 18163 
13:49:18.44 18164 
13:49:25.59 18165 
13:49:34.99 18166 
13:49:43.83 18167 
14-7/8 18156 
14.7 18120 
14.8 18152 
15.8 18166 
1500 18045 
152,826 18062 
158,294 18158 
16.3 18143 
16.9 18120 
162,200 18115 
17,966,000 18065 
17.5 18128 
175-225 18093 
175.7 18155 
18,709,000 18065 
18.0 18166 
18.7 18152 
18.8 18127 18138 
18001 18001 
18002 18002 
18003 18003 
18004 18004 
18005 18005 
18006 18006 
18007 18007 
18008 18008 
18009 18009 
18010 18010 
18011 18011 
18012 18012 
18013 18013 
18014 18014 
18015 18015 
18016 18016 
18017 18017 
18018 18018 
18019 18019 
18020 18020 
18021 18021 
18022 18022 
18023 18023 
18024 18024 
18025 18025 
18026 18026 
18027 18027 
18028 18028 
18029 18029 
18030 18030 
18031 18031 
18032 18032 
18033 18033 
18034 18034 
18035 18035 
18036 18036 
18037 18037 
18038 18038 
18039 18039 
18040 18040 
18041 18041 
18042 18042 
18043 18043 
18044 18044 
18045 18045 
18046 18046 
18047 18047 
18048 18048 
18049 18049 
18050 18050 
18051 18051 
18052 18052 
18053 18053 
18054 18054 
18055 18055 
18056 18056 
18057 18057 
18058 18058 
18059 18059 
18060 18060 
18061 18061 
18062 18062 
18063 18063 
18064 18064 
18065 18065 
18066 18066 
18067 18067 
18068 18068 
18069 18069 
18070 18070 
18071 18071 
18072 18072 
18073 18073 
18074 18074 
18075 18075 
18076 18076 
18077 18077 
18078 18078 
18079 18079 
18080 18080 
18081 18081 
18082 18082 
18083 18083 
18084 18084 
18085 18085 
18086 18086 
18087 18087 
18088 18088 
18089 18089 
18090 18090 
18091 18091 
18092 18092 
18093 18093 
18094 18094 
18095 18095 
18096 18096 
18097 18097 
18098 18098 
18099 18099 
18100 18100 
18101 18101 
18102 18102 
18103 18103 
18104 18104 
18105 18105 
18106 18106 
18107 18107 
18108 18108 
18109 18109 
18110 18110 
18111 18111 
18112 18112 
18113 18113 
18114 18114 
18115 18115 
18116 18116 
18117 18117 
18118 18118 
18119 18119 
18120 18120 
18121 18121 
18122 18122 
18123 18123 
18124 18124 
18125 18125 
18126 18126 
18127 18127 
18128 18128 
18129 18129 
18130 18130 
18131 18131 
18132 18132 
18133 18133 
18134 18134 
18135 18135 
18136 18136 
18137 18137 
18138 18138 
18139 18139 
18140 18140 
18141 18141 
18142 18142 
18143 18143 
18144 18144 
18145 18145 
18146 18146 
18147 18147 
18148 18148 
18149 18149 
18150 18150 
18151 18151 
18152 18152 
18153 18153 
18154 18154 
18155 18155 
18156 18156 
18157 18157 
18158 18158 
18159 18159 
18160 18160 
18161 18161 
18162 18162 
18163 18163 
18164 18164 
18165 18165 
18166 18166 
18167 18167 
19.3 18008 
19.625 18021 
1969/70 18009 
1972 18046 
1974 18005 
1977 18005 
1978 18034 
1979 18005 
1980 18009 
1981 18005 
1982 18005 18034 
1983 18005 18049 
1984 18024 
1985 18138 
1985/86 18009 
1985/86.he 18009 
1986 18003 18006 18018 18024 18061 18073 18079 18095 18104 18109 18127 18157 18162 
1986/87 18009 
1987 18035 18041 18061 18095 18127 18134 18144 18162 
1987-90 18035 
1987/88 18030 
1988 18009 18033 18035 18131 18134 
1988. 18134 
1989 18144 
199.8 18008 
1990 18001 18095 
1992 18023 18046 18138 
1996 18015 
1997 18021 18025 
1st 18028 18054 18062 18065 18120 18158 
2,164,000 18166 
2,220.7 18103 
2,248.8 18103 
2,319,000 18152 
2,378,000 18166 
2,664,853 18068 
2,757,631 18120 
2,932,782 18068 
2- 18020 
2-1/2 18007 
2-jun-1987 18001 18002 18003 18004 18005 18006 18007 18008 18009 18010 18011 18012 18013 18014 18015 18016 18017 18018 18019 18020 18021 18022 18023 18024 18025 18026 18027 18028 18029 18030 18031 18032 18033 18034 18035 18036 18037 18038 18039 18040 18041 18042 18043 18044 18045 18046 18047 18048 18049 18050 18051 18052 18053 18054 18055 18056 18057 18058 18059 18060 18061 18062 18063 18064 18065 18066 18067 18068 18069 18070 18071 18072 18073 18074 18075 18076 18077 18078 18079 18080 18081 18082 18083 18084 18085 18086 18087 18088 18089 18090 18091 18092 18093 18094 18095 18096 18097 18098 18099 18100 18101 18102 18103 18104 18105 18106 18107 18108 18109 18110 18111 18112 18113 18114 18115 18116 18117 18118 18119 18120 18121 18122 18123 18124 18125 18126 18127 18128 18129 18130 18131 18132 18133 18134 18135 18136 18137 18138 18139 18140 18141 18142 18143 18144 18145 18146 18147 18148 18149 18150 18151 18152 18153 18154 18155 18156 18157 18158 18159 18160 18161 18162 18163 18164 18165 18166 18167 
2.0 18008 
2.06 18096 
2.078 18052 
2.093 18084 
2.27 18096 
2.3 18008 18009 
2.30 18162 
2.33 18048 
2.35 18048 
2.4 18009 18095 
2.44 18071 
2.5 18042 18109 
2.50 18018 
2.595 18009 
2.6 18008 18116 
2.60 18134 
2.69 18061 
2.7 18003 
2.8 18035 
2.9 18009 18050 
2.90 18134 
20-1/8 18134 
2000 18066 18108 
2012 18021 
2017 18018 
209,000 18166 
209.7 18155 
213,000 18120 
227.1 18152 
228.7 18084 
230,265,000 18096 
234,829 18158 
239,034 18068 
25-member 18110 
25.6 18021 
26,000 18014 
264,485 18068 
265,535,000 18096 
285.9 18152 
29,862 18062 
29.8 18120 
2nd 18047 18052 18076 18096 18120 18152 
3,006,250 18120 
3,006,704 18120 
3,007,048 18120 
3,500,000 18079 
3,682,000 18166 
3,896,000 18028 
3.1 18019 18094 
3.10 18134 18162 
3.22 18134 
3.3 18144 
3.30 18134 
3.4 18008 
3.40 18162 
3.5 18009 18024 
3.50 18086 
3.50/70 18086 
3.55 18086 
3.6 18003 18032 18086 
3.60/70 18086 
3.66 18084 
3.75/85 18086 
3.78 18024 
3.92 18061 
3/4 18023 
3/8 18156 
30-year 18018 
307.9 18048 
31.1 18120 
32.443 18109 
32.5 18019 
33-acre 18149 
33.50 18029 
339.6 18065 
340,000 18120 
345.8 18006 
36.3 18143 
369.8 18048 
386,662 18029 
39.481 18109 
39.5 18048 
392.1 18065 
3m 18080 
3rd 18002 18013 18155 
4,200 18044 
4,849,000 18166 
4.2 18008 18016 
4.4 18146 
4.7 18042 18094 
4.8 18050 
40,000 18062 
40.50 18029 
43.2 18008 
433,745 18029 
44.1 18006 
45.7 18052 
451,000 18166 
455.00 18045 
47,900 18115 
47.835 18109 
48.380 18109 
4th 18048 18068 18166 
5,000 18007 18014 18023 18044 18056 
5,895,000 18028 
5.4 18008 
5.5 18086 
5/8 18025 
500,000 18004 18146 
52.7 18052 
54.0 18155 
58.373 18109 
59.5 18006 
6,000 18148 
6,017,000 18155 
6,549,197 18155 
6,597,492 18155 
6,687,138 18155 
6,722,527 18155 
6-9/16 18051 
6.7-7.0 18146 
6.74 18051 
6.8 18008 18009 
6.9 18009 
60.629 18109 
600,000 18141 
600-site 18149 
610-site 18149 
638,000 18120 
65.50 18096 
67.93 18096 
68.1 18155 
7,833,000 18065 
7,847,000 18155 
7-1/4 18021 
7-3/4 18011 
7.0 18146 
7.04 18009 
7.25 18009 
7.3 18127 18146 
7.4 18103 18127 
7.6 18003 18008 
7.7 18073 
7.75 18033 
7.8 18048 
700,000 18146 
71,000 18003 
72.2 18152 
722,000 18003 
741,121 18068 
7446 18001 
7447 18002 
7448 18003 
7449 18004 
7450 18005 
7451 18006 
7452 18007 
7453 18008 
7454 18009 
7455 18010 
7456 18011 
7457 18012 
7458 18013 
7459 18014 
7460 18015 
7461 18016 
7462 18017 
7463 18018 
7464 18019 
7465 18020 
7466 18021 
7467 18022 
7468 18023 
7469 18024 
7470 18025 
7471 18026 
7472 18027 
7473 18028 
7474 18029 
7475 18030 
7476 18031 
7477 18032 
7478 18033 
7479 18034 
7480 18035 
7481 18036 
7482 18037 
7483 18038 
7484 18039 
7485 18040 
7486 18041 
7487 18042 
7488 18043 
7489 18044 
7490 18045 
7491 18046 
7492 18047 
7493 18048 
7494 18049 
7495 18050 
7496 18051 
7497 18052 
7498 18053 
7499 18054 
7500 18055 
7501 18056 
7502 18057 
7503 18058 
7504 18059 
7505 18060 
7506 18061 
7507 18062 
7508 18063 
7509 18064 
7510 18065 
7511 18066 
7512 18067 
7513 18068 
7514 18069 
7515 18070 
7516 18071 
7517 18072 
7518 18073 
7519 18074 
7520 18075 
7521 18076 
7522 18077 
7523 18078 
7524 18079 
7525 18080 
7526 18081 
7527 18082 
7528 18083 
7529 18084 
7530 18085 
7531 18086 
7532 18087 
7533 18088 
7534 18089 
7535 18090 
7536 18091 
7537 18092 
7538 18093 
7539 18094 
7540 18095 
7541 18096 
7542 18097 
7543 18098 
7544 18099 
7545 18100 
7546 18101 
7547 18102 
7548 18103 
7549 18104 
7550 18105 
7551 18106 
7552 18107 
7553 18108 
7554 18109 
7555 18110 
7556 18111 
7557 18112 
7558 18113 
7559 18114 
7560 18115 
7561 18116 
7562 18117 
7563 18118 
7564 18119 
7565 18120 
7566 18121 
7567 18122 
7568 18123 
7569 18124 
7570 18125 
7571 18126 
7572 18127 
7573 18128 
7574 18129 
7575 18130 
7576 18131 
7577 18132 
7578 18133 
7579 18134 
7580 18135 
7581 18136 
7582 18137 
7583 18138 
7584 18139 
7585 18140 
7586 18141 
7587 18142 
7588 18143 
7589 18144 
7590 18145 
7591 18146 
7592 18147 
7593 18148 
7594 18149 
7595 18150 
7596 18151 
7597 18152 
7598 18153 
7599 18154 
76,000 18003 
7600 18155 
7601 18156 
7602 18157 
7603 18158 
7604 18159 
7605 18160 
7606 18161 
7607 18162 
7608 18163 
7609 18164 
7610 18165 
7611 18166 
7612 18167 
777,000 18003 
79.9 18052 
8,152,478 18158 
8,500 18043 
8,727,242 18158 
8-10 18104 
8.1 18008 
80.6 18075 
81.2 18146 
83.71 18096 
84,000 18003 
84.25 18096 
863.9 18052 
883,000 18003 
9,708,792 18068 
9-1/2 18025 
9-1/4 18018 
9-7/8 18018 
9.1 18109 
9.2 18108 
9.27 18018 
9.89 18018 
9.94 18018 
900,000 18149 
92,500 18003 
92.4 18152 
929,524 18068 
93.6 18008 
954.9 18162 
96.7 18006 
97.50 18096 
989.9 18052 
99,000 18003 
99.376 18018 
99.85 18018 
`` 18001 18005 18012 18017 18026 18030 18031 18044 18046 18050 18057 18058 18064 18066 18069 18071 18072 18084 18086 18094 18095 18097 18099 18100 18102 18105 18108 18109 18115 18117 18126 18129 18130 18131 18132 18136 18138 18141 18142 18144 18146 18148 18150 18151 18159 18160 18161 18163 18167 
a-1 18018 
a-1-plus 18089 
a-3 18112 
a-plus 18018 
a. 18071 
aa-1 18133 
aa-minus 18089 
aa-plus 18089 
aaa 18133 
abidjan 18110 
ability 18112 18142 
abroad 18009 
absences 18031 
academician 18057 18105 
academy 18099 
accept 18002 18058 18102 
acceptance 18089 
accepted 18005 18086 
accessories 18138 
accommodate 18131 
accords 18150 
account 18057 18105 18109 
accounted 18034 18109 
accounting 18040 18041 
accounts 18063 18086 18111 
achievable 18095 
achieve 18162 18163 
achieved 18006 18024 18127 18131 
achievements 18005 
achieving 18136 
acl 18017 
acme 18017 
acp 18150 
acq 18017 18029 18036 18037 18038 18040 18071 18075 18079 18080 18101 18111 18135 18138 18145 18149 18157 
acquire 18029 18079 18101 18138 18149 
acquired 18037 18080 18129 18145 
acquires 18080 
acquisition 18037 18038 18071 18079 18084 18101 18157 
acquisitions 18048 
acreage 18094 
acres 18149 
acrylic 18145 
act 18033 18086 18131 18135 18139 
action 18036 18051 18073 18148 18150 
actions 18104 
active 18134 
activities 18163 
activity 18156 
acton 18155 
adapt 18046 18095 
adapter 18113 
adb 18110 
adb-africa 18110 
add 18049 18051 18146 
added 18014 18016 18026 18033 18046 18050 18057 18085 18087 18095 18102 18104 18105 18109 18131 18133 18142 18146 18148 18150 
addition 18026 18063 18117 
additionally 18042 
addressing 18001 
adequate 18160 
adherence 18104 
adhering 18104 
adjourned 18029 
adjustable 18134 
adjusted 18003 18008 18028 18086 
adjustment 18003 
adjustments 18109 
administration 18100 18146 
administrative 18040 
administrtation 18104 
adopted 18044 
adult 18149 
advance 18041 
advantages 18046 
advice 18117 
adviser 18005 18009 18057 18105 
advisers 18005 18130 
advisor 18139 
advisors 18063 
advsior 18138 
aeg 18075 
aep 18120 
aepi.o 18120 
aerospace 18032 
aerospatiale 18032 
affairs 18046 18131 
affect 18029 18150 
affiliate 18145 
affiliates 18021 
affirmed 18089 
afraid 18159 
africa 18043 
african 18110 18150 
after-tax 18144 
afternoon 18103 
ag 18136 18138 
agency 18073 18112 18133 
agent 18033 
ago 18003 18006 18084 18127 18144 
agree 18070 
agreeable 18031 
agreed 18015 18040 18050 18079 18091 18095 18138 18154 
agreement 18026 18060 18077 18094 18101 18110 18119 18138 18148 18150 18154 
agreements 18110 18150 
agricultural 18024 18044 18091 
agriculture 18030 18034 18035 18044 18099 
ahead 18095 18103 18107 18127 18150 
ahm 18134 
ahmanson 18134 
aids 18030 18129 
aimed 18041 18095 
aiming 18006 
air 18143 
aircraft 18147 
airlines 18075 
ala. 18037 
alan 18005 18012 18057 18058 18064 18090 18097 18100 18105 18107 18126 18130 18132 18142 18159 18161 18167 
alaska 18066 18108 
alberta 18119 
alcan 18093 
alexandria 18027 
alimullah 18009 
allan 18144 
alleges 18071 
alleging 18148 
allegis 18053 18055 18075 
alleviation 18009 
alliance 18135 
allied 18160 
allies 18148 18160 
allocate 18086 
allocates 18086 
allocating 18086 
allocation 18086 
allowed 18030 18050 
allowing 18039 
almont 18114 
alternating 18024 
alternatives 18138 
alum 18093 
aluminium 18093 
am-aids 18129 
am-gulf-american 18160 
am-sanctions 18104 
am-volcker-text 18049 
ambassador 18150 
ambassadors 18150 
ambition 18163 
america 18057 18089 18105 
american 18026 18049 18077 18084 18099 18129 18146 18148 
americans 18099 
ammeen 18071 
amount 18004 18007 18071 18108 18148 
amt 18077 
analyst 18134 18146 
analysts 18127 18142 18146 18162 18167 
and/or 18138 
anda 18141 
angeles 18019 
animal 18129 
ankara 18061 
announce 18127 18131 
announced 18026 18086 18131 18148 18151 
announcement 18005 18086 18104 18142 
announces 18151 
annual 18003 18020 18033 18039 18110 
annually 18005 
annum 18085 
anode 18093 
answer 18163 
answers 18142 
anti-inflation 18142 
anti-inflationary 18057 18105 
anti-trust 18071 
antibodies 18118 
anticipate 18066 18108 
anticipated 18084 
anticipates 18101 
api 18146 
apparent 18019 
appeared 18057 18105 
appearing 18005 
appears 18146 
applauds 18097 
applicants 18131 
application 18118 18135 
applications 18042 
appoint 18163 
appointed 18005 18016 
appointment 18016 18049 18117 18130 18159 
appreciation 18049 18075 18097 
approaches 18049 
approval 18020 18027 18032 18036 18135 
approvals 18040 18079 
approve 18039 18066 18108 18110 18150 
approved 18005 18027 18039 18135 18138 18150 
approximately 18035 
april 18001 18003 18008 18048 18050 18052 18061 18096 18104 18109 18120 18131 18134 18144 18148 18158 18163 
arap 18087 
arc 18145 
archer 18147 
arco 18145 
arctic 18066 18108 
area 18026 18066 18108 18113 18149 
areas 18009 18094 18110 18128 
argued 18071 
arguments 18071 
arising 18099 
arranger 18004 
arranging 18139 
arrears 18041 
arrow 18147 
artificial 18026 
asher 18071 
asian 18025 
asked 18005 18012 18050 18071 18130 18148 18160 
assess 18057 18105 
assessment 18034 
asset 18015 18075 18138 
assets 18038 18096 18101 
assistance 18030 
assistant 18099 
associate 18163 
associates 18101 
assume 18049 
assumed 18163 
assuming 18146 
assured 18030 
assuring 18005 
atlantic 18133 18145 
attached 18034 
attack 18160 
attain 18079 
attempt 18071 18094 
attempts 18046 
attend 18087 
attorney 18071 
attorneys 18071 
attributed 18073 
auditors 18016 
august 18005 18083 18138 18165 
auspices 18150 
australia 18089 
author 18086 18142 18167 
authorities 18015 
authority 18019 
authorize 18138 
authorized 18039 18138 
automated 18081 
automation 18026 
automobile 18159 
autumn 18131 
average 18003 18009 18024 18051 18138 
avg 18065 18096 18120 18155 
avoid 18034 18044 18099 
awaiting 18128 
award 18036 
axilrod 18142 
azt 18129 
b-minus 18073 
baa-1 18112 
baa-3 18021 
back 18085 
backed 18057 18089 18105 
backing 18005 
backlog 18042 
backs 18095 
bacterial 18034 
baden 18136 
baie 18093 
bail 18041 
baird 18127 
baker 18005 18070 18091 18154 
bakery 18031 
balaki 18087 
balance 18009 18109 18115 18126 
ball 18157 
balladur 18163 
baltimore 18135 
baltimore-based 18135 
banc 18038 
bancorp 18114 18156 
bank 18005 18007 18011 18023 18025 18027 18038 18050 18063 18076 18081 18086 18089 18096 18109 18110 18114 18126 18136 18142 18144 
banker 18126 
bankers 18057 18105 
banking 18015 18057 18062 18086 18100 18102 18105 
banks 18033 18081 18086 18109 18131 18136 
banner 18044 
banque 18033 
baring 18131 
barley 18024 
barrel 18066 18085 18108 18146 
barrels 18066 18108 18146 
barring 18146 
base 18138 
based 18079 18081 18110 18123 18130 18133 
basic 18096 
basis 18018 18027 18109 18123 18128 18141 18148 
bay 18066 18108 
bayern 18141 
bbb-plus 18021 
bbc 18103 18136 
bc- 18147 
bc-******allegis-said-it 18053 18055 
bc-******brown-group-inc 18054 
bc-******fed-says-it-set 18078 
bc-******greenspan-says 18010 
bc-******gulf-and-wester 18047 18052 18084 
bc-******reagan-says-vol 18002 
bc-******treasury's-bake 18070 
bc-******u.s.-gold 18013 
bc-******u.s.-house-spea 18106 
bc-******u.s.-judge-says 18069 
bc-/-fed-not-expected-to 18051 
bc-/allegis- 18075 
bc-/greenspan-seen-as-st 18167 
bc-/greenspan-sees-evide 18012 
bc-/treasury's-baker-see 18091 
bc-/u.s.-factory-orders 18008 
bc-/u.s.-home-sales-rose 18003 
bc-/u.s.-house-panel-vot 18035 
bc-/u.s.-speaker-fears-h 18130 
bc-/volcker-departure-re 18142 
bc-3m- 18080 
bc-acme-precision- 18017 
bc-acp-states-say-ec-oil 18150 
bc-aep-industries-inc- 18120 
bc-african-development-b 18110 
bc-air-canada-posts-turn 18143 
bc-alcan-reduces-cost-of 18093 
bc-american-micro-signs 18077 
bc-asian-development-ban 18025 
bc-atlantic-richfield- 18145 
bc-ball-corp- 18157 
bc-balladur-undecided-on 18163 
bc-banc-one- 18038 
bc-bank-of-france-leaves 18011 
bc-bbc-declines-comment 18103 
bc-belgian-public-spendi 18006 
bc-brazil's-sarney-decla 18001 
bc-brixton-estate-launch 18004 
bc-brown-group-inc- 18065 
bc-bundesbank-credit-pol 18086 
bc-bundesbank-sources-sa 18090 
bc-burlington-coat-facto 18152 
bc-canon-sales-issues-10 18023 
bc-century- 18101 
bc-champion-home- 18149 
bc-chicago-pacific- 18162 
bc-chicken-not-main-salm 18034 
bc-christiania-raises-am 18007 
bc-cml-group-inc- 18155 
bc-coleco- 18073 
bc-correction 18072 
bc-cray- 18032 
bc-csfb-economist-says-v 18057 18105 
bc-danish-reserves-rise 18109 
bc-data-general- 18026 
bc-dominion- 18018 
bc-dreyfus- 18063 
bc-dutch-finance-ministe 18097 
bc-ec-budget-ministers-s 18041 
bc-ec-farm-ministers-dis 18030 
bc-elders-says-bid-made 18029 
bc-energy-secretary-sees 18108 
bc-ex-usda-official-urge 18099 
bc-fresh-debate-on-norwa 18046 
bc-g-and-w- 18117 
bc-gamma-biologicals-inc 18166 
bc-gateway- 18113 
bc-general-signal- 18019 
bc-german-experts-say-no 18095 
bc-german-officials-have 18154 
bc-gulf-and-western-inc 18125 
bc-hadron- 18121 
bc-healthsouth- 18037 
bc-hf-ahmanson- 18134 
bc-hudson-general-corp- 18124 
bc-icco-buffer-stock-man 18056 
bc-icco-buys-5,000-tonne 18014 
bc-immunomedics- 18118 
bc-integrated- 18141 
bc-italian-barley-crop-r 18024 
bc-italian-economists-re 18126 
bc-japanese-farmers-marc 18044 
bc-jim-walter-corp- 18123 
bc-jones-and-vining- 18036 
bc-judge-to-decide-burli 18071 
bc-kemp-praises-greenspa 18161 
bc-kroger- 18140 
bc-lawson-calls-interven 18050 
bc-lawson-says-volcker-o 18107 
bc-leutwiler-wants-firme 18136 
bc-london-gold-1500-fix 18045 
bc-lopat-industries- 18115 
bc-lukman-sees-stable-oi 18085 
bc-magma- 18139 
bc-mellon- 18081 
bc-meridian-insurance- 18022 
bc-mfs-multimarket-incom 18122 
bc-micro-d- 18060 
bc-moody's-upgrades-bell 18133 
bc-mutual-of-omaha-inter 18067 
bc-ncnb- 18135 
bc-new-york-life-offerin 18088 
bc-noble-affiliates- 18021 
bc-nodaway-valley-co- 18158 
bc-northwest-teleproduct 18068 
bc-one-of-two-sara-lee- 18031 
bc-orbit- 18042 
bc-orion-broadcast- 18040 
bc-pakistan-says-good-ec 18009 
bc-pentland-industries-p 18039 
bc-pep-boys 18028 
bc-perpetual-savings- 18027 
bc-perry-drug-stores- 18059 
bc-pharmacia- 18082 
bc-phh-group-inc- 18048 
bc-pillsbury-co- 18083 
bc-portugal-contracts-fo 18033 
bc-proxmire-says-volcker 18100 
bc-q-med- 18016 
bc-raycomm-transworld- 18079 
bc-reagan-fed 18005 
bc-royal-bank- 18144 
bc-royal-bank-of-canada 18076 18096 
bc-salomon- 18151 
bc-security-bancorp- 18114 
bc-sen-dole-says-greensp 18064 
bc-shearson-economist-sa 18058 
bc-shultz-welcomes-tokyo 18148 
bc-small-rise-seen-in-u 18146 
bc-societe-generale-debt 18089 
bc-south-africa-names-1 18043 
bc-spartech- 18116 
bc-spectra-physics 18138 
bc-st.-germain-regrets-v 18102 
bc-sterling-bancorp- 18156 
bc-stewart- 18111 
bc-stoltenberg-praises-f 18132 
bc-synercom-technology- 18098 
bc-tandy- 18112 
bc-telerate-inc- 18164 
bc-tenneco- 18137 
bc-tight-far-east-freigh 18128 
bc-tracor- 18127 
bc-turkish-trade-deficit 18061 
bc-u.k.'s-lawson-calls-v 18074 
bc-u.k.-merchant-banks-t 18131 
bc-u.s.-energy-secretary 18066 
bc-uaw-chief-displeased 18159 
bc-ugandan-goodwill-miss 18087 
bc-united-financial-bank 18062 
bc-valley-capital- 18153 
bc-vancouver-stock-excha 18092 
bc-wharf-resources- 18119 
bc-williams- 18020 
bc-yankee-cos- 18015 
bc-zayre-corp- 18165 
bc-zim-energy- 18094 
bcf 18152 
beach 18147 18149 
bearish 18146 
beef 18034 18044 
began 18005 
begin 18024 18108 18119 
beginning 18085 18086 18150 
begins 18108 
behalf 18086 
bel 18133 
belgian 18006 18046 
belgium 18006 18030 18150 
believed 18014 18095 
believes 18095 18116 18133 
bell 18133 
bellport 18141 
beneficial 18085 
benefit 18084 18133 
benefits 18031 18139 
benson 18131 
bethmann 18086 
beutel 18146 
beverly 18084 
bg 18065 
bid 18017 18018 18036 18071 18086 18138 
bidder 18019 18029 
bidding 18018 18086 
bids 18077 18086 
bieber 18159 
big 18064 
bigger 18160 
bilateral 18148 
bill 18035 
billion 18006 18008 18009 18035 18041 18048 18050 18052 18061 18071 18084 18086 18089 18096 18108 18109 18117 18133 18144 18148 18150 18162 
bills 18085 
biologicals 18166 
biotechnology 18082 
bird-by-bird 18034 18099 
birds 18099 
birinyi 18151 
birmingham 18037 
blah 18002 18010 18011 18013 18045 18047 18053 18054 18055 18056 18069 18070 18074 18076 18078 18106 
blamed 18005 
blaylock 18099 
bll 18157 
bloc 18150 
blocked 18135 
bloomington 18038 
blunt 18104 
board 18005 18012 18024 18027 18049 18057 18059 18064 18079 18097 18100 18102 18105 18117 18126 18130 18132 18135 18138 18159 18161 18167 
bocconi 18126 
bold 18148 
bolstered 18084 
bond 18005 18007 18023 18025 
bonds 18018 18109 
bonn 18086 18095 18132 18154 
bonus 18138 
bonuses 18138 
bookrunner 18018 
boost 18009 18095 18160 
border 18087 
bordering 18086 
borrowers 18144 
boston 18057 18105 18122 
bottomed 18005 18010 18012 18057 18105 
bought 18014 
boveri 18136 
boys 18028 
bpd 18146 
braintree 18036 
brasilia 18001 
brazil 18001 18144 
breach 18150 
breaks 18150 
breathe 18130 
brewer 18029 
briefing 18005 18012 
brightness 18060 
bring 18014 18049 18085 18086 18139 18150 
bringing 18136 
britain 18041 18050 18131 
british 18092 18103 18129 18131 18154 18160 
brixton 18004 
broad 18117 18167 
broad-based 18110 
broadcast 18040 
broadcasting 18103 
broadly 18049 
broiler 18034 
brothers 18058 18131 18151 
brought 18003 18036 
brown 18054 18065 18136 
brussels 18006 18150 
buccaneer 18094 
bud 18127 
budget 18006 18041 18086 18095 18148 
buffer 18014 18056 
build 18146 
builders 18149 
building 18144 
bundesbank 18086 18090 18095 
bungener 18007 
bur 18071 
burden 18148 
burlington 18069 18071 18152 
burroughs 18129 
business 18026 18080 18084 18100 18117 18128 18144 
buy 18101 18116 
buyer 18138 
buyout 18017 
buys 18014 18040 18056 18145 
ca 18086 18150 
cabbage 18073 
cabinet 18001 18163 
cable 18101 
cairo 18110 
calculated 18009 
calendar 18079 
calgary 18075 18119 
caliber 18064 
calif. 18077 18113 18138 
california 18019 18139 
call 18001 18007 18086 
called 18031 18034 18086 18088 18095 18101 18131 18161 
calling 18036 
calls 18050 18074 18161 
calm 18058 
cambridge 18026 
campaign 18142 
campaigning 18107 
canaan 18101 
canada 18029 18071 18075 18076 18089 18092 18093 18096 18119 18143 18144 
canadian 18029 18053 18055 18075 18143 
cancer 18129 
candidate 18163 
canon 18023 
cap 18086 
capable 18132 
capacity 18112 18143 18146 
cape 18043 
capital 18004 18008 18025 18039 18073 18075 18086 18089 18109 18112 18153 
capitals 18148 
carcass 18034 18099 
card 18113 
care 18082 
cargo 18087 18128 
cargoes 18128 
caribbean 18150 
caribou 18108 
carling 18029 
carlo 18163 
carol 18099 
carolina 18092 
carried 18050 
carries 18007 
carry 18029 
carter 18005 
case 18086 
cash 18040 18041 18075 18112 18138 
categories 18008 
caused 18005 18034 18041 18129 
causing 18009 
cay 18149 
ccc-plus 18073 
ccc.o 18101 
cda 18080 
ceilings 18044 
cells 18043 
cent 18001 18005 
center 18034 18037 
centrabank 18135 
central 18005 18044 18050 18057 18086 18105 18109 18126 18136 18142 
century 18086 18101 
ceo 18026 
ceremonies 18087 
chairing 18150 
chairman 18002 18005 18012 18016 18030 18049 18057 18058 18064 18074 18075 18084 18090 18097 18100 18102 18105 18107 18117 18126 18130 18132 18136 18142 18144 18159 18167 
chairman-designate 18161 
chairmanship 18005 18090 
chairmen 18132 
chairs 18097 
challenge 18161 
challenges 18049 
challenging 18049 
champion 18149 
chancellor 18050 18095 18107 18131 
chancery 18036 
change 18086 18107 18148 
changed 18035 18095 18099 18112 18148 
characterised 18024 
charge 18018 
charging 18138 
charles 18098 18137 
charlotte 18135 
charterers 18128 
chb 18149 
chbo.ol 18007 
chemical 18118 18138 
cheyenne 18147 
chicago 18075 18162 
chicken 18034 18099 
chief 18058 18059 18072 18086 18097 18117 18127 18159 18161 
chiller 18099 
chip 18148 
chips 18148 
chirac 18163 
choice 18026 18097 18107 
chosen 18130 18131 
christiania 18007 
chrobok 18086 
ciba-geigy 18138 
cie 18136 
circulating 18103 
cited 18103 18129 
cities 18077 
citing 18138 
citrus 18044 
civil 18043 
claim 18135 
claiming 18071 
clampdown 18041 
clarify 18046 
clarinda 18158 
clark 18016 
class 18036 
classified 18144 
cleaned 18099 
cleaner 18145 
clear 18050 18086 18150 
clercq 18046 
cleveland 18019 
client 18071 
clo 18073 
close 18007 18136 18163 
closing 18040 
cloud 18005 
clout 18142 
club 18046 
cml 18155 
cmli.o 18155 
cmos 18042 
coalition 18163 
coast 18150 
coat 18152 
coatings 18145 
cocoa 18014 
coffee 18110 18111 
cohasset 18015 
coleco 18073 
colin 18026 
collection 18026 18040 
color 18060 
colour 18148 
columbia 18092 
columbus 18038 
combination 18049 
combine 18161 
combined 18023 18025 
combining 18128 
comfortable 18103 18127 
comfortably 18051 
comment 18016 18100 18103 18126 18134 18154 18156 18163 
comments 18057 18105 
commerce 18003 18008 18149 
commercial 18004 18089 18109 18140 18149 
commercialization 18145 
commission 18030 18041 18094 18138 18141 18150 
commissioner 18046 
commitment 18017 18049 18161 
commitments 18050 18104 
committed 18142 18144 
committee 18035 18066 18097 18100 18102 18108 18131 18138 
committment 18091 
common 18021 18022 18027 18029 18079 18092 18116 18141 18153 
communications 18026 18101 18113 
communities 18135 18149 
community 18030 18041 18044 18046 18100 18101 18135 18149 18150 
company 18015 18016 18018 18019 18021 18026 18027 18029 18031 18032 18036 18042 18063 18071 18073 18075 18077 18079 18084 18088 18093 18094 18098 18101 18111 18112 18116 18117 18133 18134 18135 18138 18139 18140 18141 18143 18145 18147 18149 18157 18162 
comparable 18018 
compared 18008 18009 18024 18061 18095 18143 18144 
compatible 18060 18077 
compensate 18071 
competitive 18018 
completed 18038 18075 18104 18131 18135 18157 
completes 18157 
completion 18036 18119 
complicated 18104 
complications 18099 
composite 18063 
compound 18129 
compromises 18044 
computer 18026 18032 18060 18079 18113 18148 
computerized 18080 
computers 18026 18060 18080 18104 18148 
concern 18009 18130 
concerned 18066 18106 18108 18130 
concerns 18142 
concerted 18142 
concession 18023 18025 
concessions 18031 
conclude 18017 
conclusions 18109 
condemned 18099 
condition 18024 
conditioned 18036 
conditions 18017 18036 
condtions 18066 18108 
confectionery 18031 
conference 18009 18058 18086 18110 18129 18148 18150 18151 18154 18159 
confidence 18049 18100 18162 
confident 18050 18090 
confidential 18071 
confirmation 18100 
conform 18026 
confronted 18148 
congress 18049 18066 18108 
congressional 18104 
coniston 18075 
conjunction 18136 
conn. 18019 18101 
connection 18049 18085 
consensus 18146 
conservative 18005 18103 18161 18167 
conservatives 18103 
considerations 18049 
considered 18005 
consignments 18024 
consistent 18016 18049 
consisting 18141 
construction 18037 
constructive 18133 
consultation 18150 
consulting 18005 18079 18151 18167 
consumer 18005 18099 
consumers 18034 18099 
consumption 18150 
contaminated 18099 
contamination 18034 18099 
content 18050 
contingents 18160 
continuation 18159 
continue 18049 18090 18133 18146 18147 
continued 18009 18017 18086 
continues 18009 18024 
continuing 18050 18095 
continuity 18049 
contract 18019 18031 18121 18137 18140 
contracted 18033 18128 
contracting 18086 
contracts 18033 18081 18127 
contradict 18136 
contrast 18060 
contributing 18041 18103 
contribution 18084 
contributions 18160 
control 18034 18071 18080 18143 
controlled 18138 
controls 18085 18138 
convenient 18049 
convention 18150 
conventional 18060 
convert 18075 
converted 18021 
convertible 18021 
conviction 18057 18105 
convinced 18150 
convincing 18086 
cooking 18099 
cooperate 18110 
cooperation 18090 18091 18104 18110 18151 
cooperative 18110 
cooperatives 18044 
coopers 18016 
coordinated 18154 
coordination 18070 18091 18154 
cop 18084 
copenhagen 18109 
corn 18035 
corporate 18063 18075 18131 18156 
corporation 18103 
corrected 18109 
correction 18072 
corrects 18072 
cos 18015 18020 18062 
cost 18093 18113 
costs 18094 18104 18143 
council 18005 18030 18034 18086 18095 18104 18130 18167 
counsel 18036 18117 
countries 18030 18050 18085 18086 18087 18091 18095 18109 18150 
country 18009 18046 18058 18064 18100 18133 18150 
county 18004 18025 
couple 18085 
coupled 18064 
coupon 18018 18021 18023 
court 18036 18071 18138 
courtesy 18049 
coverage 18133 
cox 18016 
cp 18004 
cpac 18162 
cpac.o 18162 
cpi 18001 
crackdown 18043 
cray 18032 
create 18151 
created 18075 
creating 18053 
creation 18039 
credibility 18126 
credit 18057 18086 18089 18105 18135 
credited 18005 
crisis 18041 18085 18102 
critical 18049 18142 
criticism 18104 18163 
crook 18026 
crop 18009 18024 18030 
crops 18035 
crown 18109 
crowns 18109 
crucial 18071 
crude 18066 18085 18108 18146 
csfb 18057 18105 
cubic 18137 
cumulative 18014 
cunha 18033 
curbs 18006 18104 
currencies 18005 
currency 18005 18041 18050 18086 18136 18142 18147 18150 
current 18017 18030 18031 18043 18048 18050 18057 18066 18084 18085 18099 18105 18108 18109 18112 18116 18120 18132 18148 18150 18163 
customers 18026 18086 
customs 18121 
cut 18005 18006 18044 18073 18086 18093 18095 18134 18138 
cuts 18030 18086 18095 18113 
cutting 18086 
cycles 18149 
cyr 18032 
d-wis 18100 
dae.v 18092 
dairy 18034 
daiwa 18033 
dakota 18147 
damaged 18009 18095 
daniel 18087 
danish 18109 
data 18026 18040 18050 18060 18080 18148 18154 
david 18026 18059 18072 
davis 18084 18117 
day 18066 18078 18099 18108 18128 18137 
days 18004 18040 18069 18071 18084 
de 18030 18033 18046 
de-clercq 18046 
deal 18018 18023 18063 18119 18142 
dealers 18004 18086 18103 
dealings 18039 
dear 18049 
debate 18001 18046 
debentures 18021 18133 
debt 18015 18018 18021 18073 18085 18089 18112 18139 18149 
decade 18005 
decide 18069 18071 18148 18150 
decided 18005 18102 18104 18147 
decides 18163 
decision 18005 18057 18071 18093 18094 18097 18100 18102 18105 18119 18126 18142 18147 18163 
decisively 18035 
declaration 18044 18136 
declare 18136 
declared 18001 
decline 18066 18108 18134 18142 18144 18146 
declined 18005 18016 18050 18058 18091 18103 18130 18144 18156 
declines 18049 18103 
declining 18009 18049 
decrease 18003 
dedicated 18049 
deep 18005 18030 18142 
deeply 18102 
deerfield 18031 
defeated 18035 
defeathered 18099 
defeathering 18099 
defendant 18071 
defense 18008 18157 
deferral 18015 
deficiency 18035 18129 
deficit 18006 18009 18041 18061 18086 18104 18148 
deficits 18044 18057 18105 
definitive 18163 
dei-anang 18110 
del 18150 
del. 18138 
delaware 18020 18036 
delivering 18137 
deluged 18071 
demand 18041 18086 18134 18146 18147 18148 
demanded 18044 
demanding 18113 
democrat 18102 18130 
demonstated 18117 
demonstrate 18126 
demonstration 18044 
demonstrators 18044 
denied 18135 
denmark 18030 18109 
denominations 18004 18023 18025 
denver 18040 18140 
departing 18005 
department 18003 18008 18099 
departments 18063 
departure 18005 18097 18142 
depend 18085 
depended 18085 
dependent 18085 
depending 18128 18147 
depends 18073 
deposits 18096 
design 18026 
designated 18057 18105 
designation 18144 
designed 18063 18151 
desirable 18136 
desire 18049 
destination 18128 
destinations 18128 
details 18031 18091 
detainees 18043 
detaining 18043 
deter 18160 
deterioration 18073 18087 
determination 18050 
determine 18148 
determined 18079 
detroit 18017 18159 
develop 18015 
developed 18026 18118 18151 
developing 18150 
development 18009 18025 18026 18091 18110 18121 18141 18149 18157 
developments 18075 18109 18156 
develpoment 18082 
dgn 18026 
diaem 18092 
diagnostics 18082 
diamond 18092 
dictated 18050 
dideoxynucleosides 18129 
diego 18139 
diego-based 18157 
dies 18099 
differences 18030 
difficult 18126 
difficulties 18030 
digits 18134 
diluted 18096 18162 
diplomatic 18086 18087 
diplomats 18041 
direct 18030 
directing 18117 
direction 18005 18012 18057 18105 18163 
director 18034 18126 18142 18167 
directors 18117 
disagree 18030 
disappointed 18161 
disastrous 18099 
discipline 18057 18105 
disclosed 18037 18080 18149 18157 
discontinued 18139 
discount 18086 
discounted 18146 
discovery 18066 18108 18129 
discuss 18091 
discussed 18030 
disease 18034 18099 
diseases 18129 
dismay 18005 
dismiss 18071 
dismissal 18135 
disorders 18129 
display 18060 
displeased 18159 
dispositions 18138 
dispute 18117 
distillate 18146 
distort 18086 
distortions 18086 
distributed 18123 
distribution 18084 18111 
district 18019 18071 18138 
div 18067 18083 18122 18124 18125 18164 18165 
divestiture 18080 
divide 18026 
dividend 18083 18122 18124 
dividends 18029 18138 
division 18081 18121 
dlr 18010 18012 18017 18019 18023 18032 18071 18073 18117 18121 18138 18142 18143 18144 
dmk 18136 
documentation 18119 
dole 18064 
dollar 18005 18010 18012 18057 18086 18095 18105 18126 18136 18142 
dollars 18066 18108 
dolls 18073 
domestic 18018 18066 18102 18108 18144 18148 
dominion 18018 18071 
donald 18059 18066 18108 
donna 18167 
dose 18042 
double 18134 
doubt 18049 
doubts 18064 18142 
downgraded 18073 
downturn 18095 
downward 18095 
drain 18051 
draining 18050 
draw 18109 18146 
dreyfus 18063 
drivers 18031 
drop 18003 18134 18144 
dropped 18009 18017 18043 
drug 18059 18072 
dry 18063 
dryden 18149 
dryness 18024 
du 18033 
due 18015 18017 18018 18021 18023 18025 18089 18095 18131 18143 18144 18147 18163 
dumping 18104 
durable 18008 
durables 18008 
dutch 18097 
duties 18148 
dying 18129 
e.f. 18018 
earlier 18016 18061 18075 18084 18103 18138 18143 18144 
early 18006 
earn 18028 18048 18052 18062 18065 18068 18096 18120 18134 18152 18155 18158 18166 
earned 18084 18162 
earning 18115 
earnings 18016 18073 18079 18112 18127 18133 18134 18144 18162 
ease 18086 
east 18128 
eastern 18128 18145 
easy 18044 18151 
ec 18030 18041 18046 18150 
ec-produced 18150 
ecomomic 18095 
economic 18005 18009 18044 18049 18057 18091 18095 18102 18104 18105 18130 18148 18154 18161 18163 18167 
economics 18126 18167 
economist 18005 18057 18058 18086 18097 18105 18132 18142 18167 
economists 18051 18086 18126 
economy 18009 18049 18057 18064 18086 18091 18095 18105 18130 18133 18148 
ecu 18033 18086 
ecus 18033 18041 18150 
edelman 18071 
edison 18139 
edmonton 18075 
edouard 18163 
education 18009 
effect 18017 18058 18136 
effective 18022 18059 18153 
effects 18006 
efficiencies 18112 
efficient 18145 
effort 18049 18071 
efforts 18141 
eggs 18034 
elaborate 18097 
elders 18029 18146 
elected 18059 
election 18103 18107 18163 
electric 18018 
electrical 18008 
electronic 18081 18148 
electronics 18060 
element 18126 
ellen 18034 
elxa.s 18029 
emerald 18092 
emergency 18041 18043 
employees 18031 18080 18099 18140 
empty 18043 
enable 18110 
encourage 18138 
encouraged 18024 18159 
end 18006 18049 18075 18093 18104 18113 18131 18144 18148 
endangering 18108 
ended 18016 18094 18146 18152 18155 18158 
ending 18009 18084 18127 18146 
ends 18139 
energy 18009 18066 18085 18094 18108 18146 
engendered 18138 
england 18050 18081 
enhanced 18093 
entered 18101 
entertainment 18084 
entitled 18138 
environment 18134 
equal 18046 18064 18066 18108 
equilibrium 18126 
equipment 18008 18026 18111 
equity 18023 18073 18139 18149 
established 18082 
establishes 18082 
establishing 18004 
estate 18004 18040 
este 18150 
estimate 18109 18134 18144 
estimated 18008 18009 18093 18134 
estimates 18127 18134 18150 18162 
ethernet 18026 
eugene 18071 
eurobond 18025 
europaper 18089 
europe 18023 18033 18151 
european 18030 18041 18044 18046 18086 18148 18150 
evaluate 18112 18119 
evidence 18005 18010 18012 18104 
evident 18148 
ex-usda 18099 
exaggerated 18005 
examined 18160 
exceeded 18016 
exceeding 18005 
excellent 18024 18074 18097 18107 18132 
excess 18050 18075 
excessive 18017 
exchange 18050 18092 18094 18103 18109 18110 18131 18136 18138 18141 18156 
exchanged 18027 
exchequer 18050 18107 18131 
excluding 18008 18144 
exclusive 18111 18119 18145 
excused 18031 
executive 18030 18034 18041 18059 18071 18072 18098 18117 18127 
executives 18138 
exercisable 18023 
exercise 18041 
existing 18119 18147 
expanding 18117 
expansion 18009 18022 18095 18153 
expansionary 18095 
expansive 18057 18105 
expect 18046 18086 18095 18107 18146 
expectations 18016 18154 
expected 18006 18009 18024 18026 18035 18039 18040 18041 18044 18050 18051 18075 18084 18086 18091 18093 18095 18118 18131 18135 18141 18146 18148 18150 
expects 18066 18095 18108 18119 18127 18134 
expenditure 18001 18006 
expenses 18036 
experience 18057 18064 18105 18126 18142 18144 18167 
experienced 18132 
experts 18095 
expired 18031 
expires 18005 18132 
explain 18156 
exploration 18066 18108 
explore 18119 
export 18032 18150 
exports 18009 18046 18061 18095 18104 18136 18150 
expressed 18097 
extended 18131 
external 18046 18095 18109 
extra 18041 
extraordinary 18162 
extreme 18024 
extremely 18085 18102 
eye 18136 
eyewash 18086 
f1027 18001 
f1030 18002 
f1034 18003 
f1036 18004 
f1037 18005 
f1051 18006 
f1055 18007 
f1060 18008 
f1062 18009 
f1077 18010 
f1084 18011 
f1090 18012 
f1091 18013 
f1106 18014 
f1123 18015 
f1132 18016 
f1133 18017 
f1136 18018 
f1137 18019 
f1141 18020 
f1142 18021 
f1146 18022 
f1161 18023 
f1173 18024 
f1176 18025 
f1191 18026 
f1194 18027 
f1200 18028 
f1202 18029 
f1203 18030 
f1226 18031 
f1228 18032 
f1246 18033 
f1251 18034 
f1254 18035 
f1255 18036 
f1258 18037 
f1259 18038 
f1265 18039 
f1270 18040 
f1271 18041 
f1273 18042 
f1281 18043 
f1297 18044 
f1303 18045 
f1316 18046 
f1321 18047 
f1325 18048 
f1330 18049 
f1373 18050 
f1376 18051 
f1379 18052 
f1382 18053 
f1395 18054 
f1402 18055 
f1404 18056 
f1415 18057 
f1417 18058 
f1421 18059 
f1423 18060 
f1425 18061 
f1427 18062 
f1432 18063 
f1437 18064 
f1438 18065 
f1439 18066 
f1444 18067 
f1445 18068 
f1451 18069 
f1462 18070 
f1478 18071 
f1487 18072 
f1491 18073 
f1492 18074 
f1493 18075 
f1500 18076 
f1508 18077 
f1509 18078 
f1511 18079 
f1513 18080 
f1514 18081 
f1516 18082 
f1517 18083 
f1523 18084 
f1527 18085 
f1528 18086 
f1530 18087 
f1533 18088 
f1541 18089 
f1542 18090 
f1558 18091 
f1562 18092 
f1564 18093 
f1567 18094 
f1568 18095 
f1572 18096 
f1581 18097 
f1584 18098 
f1585 18099 
f1598 18100 
f1601 18101 
f1613 18102 
f1624 18103 
f1626 18104 
f1628 18105 
f1629 18106 
f1647 18107 
f1662 18108 
f1697 18109 
f1712 18110 
f1716 18111 
f1718 18112 
f1721 18113 
f1722 18114 
f1723 18115 
f1727 18116 
f1729 18117 
f1730 18118 
f1731 18119 
f1732 18120 
f1734 18121 
f1735 18122 
f1736 18123 
f1737 18124 
f1738 18125 
f1761 18126 
f1764 18127 
f1776 18128 
f1779 18129 
f1807 18130 
f1820 18131 
f1824 18132 
f1830 18133 
f1832 18134 
f1848 18135 
f1851 18136 
f1874 18137 
f1875 18138 
f1878 18139 
f1886 18140 
f1894 18141 
f1913 18142 
f1932 18143 
f1935 18144 
f1938 18145 
f1956 18146 
f1957 18147 
f1965 18148 
f1990 18149 
f1993 18150 
f1995 18151 
f2004 18152 
f2010 18153 
f2012 18154 
f2030 18155 
f2033 18156 
f2035 18157 
f2038 18158 
f2040 18159 
f2045 18160 
f2051 18161 
f2054 18162 
f2057 18163 
f2080 18164 
f2081 18165 
f2082 18166 
f2083 18167 
face 18030 18046 18126 
faced 18147 
facility 18037 
facing 18091 18161 
fact 18049 18136 
factor 18103 18134 
factors 18017 18095 18147 
factory 18008 18152 
facts 18148 
failed 18131 18150 
failure 18104 
fair 18148 
fairfax 18121 
faithfully 18049 
fall 18009 18012 18035 18050 18095 18150 18154 
fallen 18005 
falling 18008 18041 18086 
falloff 18073 
falls 18006 
false 18138 
farebox 18019 
fargo 18063 
farm 18030 18041 18094 18150 
farmers 18030 18044 
farming 18044 
farms 18034 
fat 18150 
fats 18150 
favorable 18066 18108 
favored 18034 
favourable 18024 18131 
favoured 18050 
fears 18130 18142 
feasibility 18119 
february 18050 18095 
fecal 18099 
fed 18002 18005 18049 18051 18057 18058 18064 18074 18078 18090 18097 18105 18107 18130 18132 18142 18159 18161 
federal 18005 18012 18015 18027 18049 18051 18057 18058 18064 18086 18090 18097 18100 18102 18105 18107 18126 18130 18132 18135 18142 18148 18159 18161 18167 
federation 18099 
feedgrains 18035 
feeling 18005 
feels 18097 
fees 18036 
feet 18137 
fell 18006 18008 18127 18134 18144 
felt 18049 
fernand 18102 
ferris 18075 
fewer 18043 
field 18094 18108 
fields 18066 18108 
fight 18044 
fighter 18142 18167 
fighting 18126 18129 
figure 18009 18043 
figures 18008 18034 18043 18109 
filed 18118 18138 18141 
files 18026 
filing 18094 18138 
fill 18064 
filled 18147 
final 18023 18036 
finally 18012 
finance 18009 18030 18033 18086 18091 18097 18132 18154 18163 
financial 18005 18009 18027 18040 18041 18049 18057 18058 18062 18073 18081 18084 18088 18095 18105 18126 18131 18135 18138 18139 18142 18167 
financing 18006 18017 18084 18139 
finding 18113 
findley 18035 
finished 18049 
fired 18138 
firm 18005 18044 18049 18075 18079 18137 18151 18167 
firmer 18136 
firmly 18049 
firms 18082 18131 
fiscal 18033 18035 18057 18073 18084 18086 18105 18148 
five-for-four 18123 
five-year 18009 18079 
fix 18045 
fixed-income 18058 
fixing 18030 
fixings 18128 
fla. 18037 18123 18147 
flat 18060 
flexibility 18073 
floor 18035 18131 
florida 18149 
flow 18112 
fn 18040 
focus 18080 18112 18149 
follow 18005 18099 18150 
food 18034 18099 18140 
foods 18034 18111 
footing 18046 
force 18160 
forces 18160 
ford 18005 18040 
forecast 18095 
forecasters 18095 
forecasts 18163 
foreign 18033 18044 18050 18088 18109 
foreman 18099 
form 18033 
formally 18131 
formation 18026 18027 18151 
formed 18071 
formidable 18126 
formulate 18015 
fort 18037 
fortunate 18064 18102 
forward 18117 
fostering 18049 
found 18104 18129 
foundation 18099 
founder 18146 
four-year 18049 
fourth 18032 18084 
fox 18059 
framingham 18165 
franc 18007 18136 
france 18011 18030 18086 18163 
francisco 18075 
francois 18030 18163 
francs 18006 18007 
frank 18127 18151 
frankfurt 18086 18090 
freed 18043 
freedom 18026 18163 
freehold 18079 
freezes 18031 
freight 18128 
french 18030 18032 18086 18160 18163 
frequently 18034 
fresh 18046 
friction 18091 
friday 18086 18087 
friedhelm 18095 
frightened 18086 
fritz 18136 
fronts 18110 
fruehauf 18084 
fruit 18044 
ftse 18103 
fuel 18085 
fuji 18023 
full 18035 18049 18050 18062 18077 18086 18152 
fully 18086 18087 18140 18162 
fund 18063 18082 18088 18151 
fundamental 18161 
funds 18051 18081 18086 
future 18073 18086 18163 
futures 18063 18128 18146 18151 
g-7 18070 18154 
g/net 18113 
gain 18008 18075 18120 18149 
gained 18008 
gains 18005 18134 18144 
galveston 18094 
gama.o 18166 
gamma 18166 
gap 18041 
gas 18137 18138 18146 
gasoline 18146 
gateway 18113 
gathered 18009 18044 
gatt 18150 
gauge 18126 
gaurantee 18079 
gdp 18009 
general 18019 18026 18059 18075 18089 18103 18107 18110 18124 18144 18150 
generale 18033 18089 
generally 18024 
generated 18134 
generics 18141 
genval 18030 
geologic 18066 18108 
george 18148 18160 
geothermal 18139 
gerhard 18132 
germain 18102 
german 18086 18095 18136 18154 
germany 18041 18086 18095 18148 18154 
gesture 18086 
gestures 18086 
giants 18102 
giving 18026 18163 
glenview 18060 
global 18033 18088 18091 18148 18151 
gmbh 18086 
gmt 18086 
gnp 18009 18095 
goal 18050 
goals 18005 
god 18102 
gold 18007 18013 18026 18045 
goldman 18134 
good 18009 18024 18064 18090 18143 
goods 18008 18104 18148 
goodwill 18087 
gordon 18071 
government 18001 18006 18009 18043 18044 18046 18050 18051 18064 18077 18085 18086 18095 18099 18142 18143 18154 18163 
governments 18154 
governor 18049 
governors 18058 18110 18135 
gradually 18136 
grain 18024 18035 
grande 18093 
grant 18071 
granted 18071 18131 
granting 18131 
great 18005 18049 18097 18124 18126 18132 
greater 18016 18019 18060 18101 18112 18148 18160 
greatest 18005 
greatly 18107 
greenfield 18071 
greensboro 18071 
greenspan 18002 18005 18010 18012 18057 18058 18064 18074 18090 18097 18100 18105 18106 18107 18126 18130 18132 18142 18159 18161 18167 
greespan 18100 
grew 18009 
gross 18018 18138 
grossed 18084 
grounds 18135 
group 18017 18018 18021 18022 18026 18033 18040 18048 18050 18054 18065 18071 18075 18079 18091 18138 18145 18154 18155 18157 
groups 18043 18044 18131 
growing 18115 
growth 18009 18016 18024 18082 18084 18086 18095 18130 18133 18161 18163 
gsx 18019 
guaranteed 18023 18030 
guillaume 18030 
guinea 18150 
gulf 18047 18052 18084 18094 18117 18125 18160 
gundy 18075 
gutzwiller 18007 
gw 18052 18084 18117 18125 
gway.o 18113 
haas 18034 
hadron 18121 
hague 18097 
hailstorms 18009 
halcon 18145 
half 18006 18041 18099 18120 18134 
halted 18142 
hamper 18046 
hand 18014 18090 
hand-held 18104 
handling 18099 
hands 18064 
hans 18057 18105 
happen 18086 
happy 18029 
hard 18005 18086 
hardening 18128 
hardware 18026 
harm 18071 
harvesting 18024 
hauppauge 18042 
hazards 18034 
hdrn.o 18121 
head 18130 18136 
heading 18159 
headlined 18072 
heads 18005 18091 
health 18034 18082 
healthsouth 18037 
healthy 18133 
hearing 18036 
hearings 18100 
heartening 18148 
heating 18146 
heavily 18085 18086 
hectare 18024 
hefty 18050 
heidepriem 18099 
held 18043 18086 18093 18109 18130 18146 18150 18157 
helmut 18086 18095 
helped 18046 
hengst 18086 
henry 18004 
herald 18086 
heron 18149 
hf 18134 
hgc 18124 
high 18046 18085 18130 18146 
high-revolution 18060 
higher 18016 18024 18066 18085 18108 18130 18133 18134 18144 18146 
highest 18003 18006 
hill 18026 
hills 18084 
hilton 18075 
hint 18104 
hires 18031 
hiroaki 18129 
historical 18086 
history 18001 18058 18132 
hit 18128 18150 
hits 18128 
hodel 18066 18108 
hold 18036 18044 18086 18100 18163 
holders 18015 18028 18039 18138 
holding 18005 18027 
holdings 18071 18138 
holidays 18086 
holly 18034 
home 18003 18009 18027 18149 
homes 18003 
honor 18104 
honoring 18104 
hoped 18091 18110 
hopes 18041 18146 
hospital 18080 
hosted 18030 
hostility 18030 
hotel 18075 
hotels 18053 18055 18075 
hottensen 18134 
hottnesen 18134 
hour 18099 
house 18005 18012 18034 18035 18099 18102 18104 18106 18130 18132 
housing 18149 
houston 18094 18098 18137 18166 
howard 18131 
hsrc.o 18037 
hudson 18124 
hugh 18117 
human 18129 18150 
hunt 18048 
hutmann 18086 
hutton 18018 
iaco 18110 
ibm 18026 18060 
ibm-compatible 18026 
icco 18014 18056 
idea 18030 
identified 18075 
identify 18034 18110 
identity 18029 
ign 18141 
ii 18084 
iiia 18147 
ill. 18031 18060 
illegally 18071 
illness 18034 18099 
imf 18097 
immediately 18005 18031 18035 18059 18119 18126 18147 
immu.o 18118 
immune 18129 
immunodeficiencies 18129 
immunomedics 18118 
impact 18050 18086 18144 18145 18146 18150 
imperial 18139 
implement 18015 
implied 18073 
import 18044 18109 18148 
important 18057 18105 18132 
imported 18085 18150 
imports 18044 18061 18109 18146 18148 18150 
imposed 18104 18148 
imposing 18104 
impossible 18136 18148 
impressive 18009 
improve 18089 18112 
improved 18143 18147 
improvement 18009 
improving 18087 
in-vitro 18082 
inability 18017 
inadequate 18128 18138 
inadequately 18135 
inappropriate 18095 
inc. 18062 
incidence 18034 18099 
include 18026 18042 
included 18022 18043 18135 
includes 18041 18062 18120 
including 18015 18026 18109 18110 18129 18138 
income 18030 18122 18127 18134 18144 
incoming 18163 
incorporate 18037 
incorporated 18027 
increase 18003 18008 18016 18024 18034 18039 18066 18095 18108 18144 18146 18162 
increased 18034 18099 18146 
increases 18042 
increasing 18007 18086 18163 
incumbent 18163 
ind 18038 
ind. 18157 
independent 18049 18094 18095 
index 18063 18103 18151 
indexes 18151 
indiana 18038 
indianapolis 18022 
indicators 18154 
individual 18136 
indonesia 18092 
industrial 18085 18086 18091 18095 18136 
industrialised 18050 18085 
industries 18034 18039 18071 18073 18079 18115 18120 18137 
industry 18008 18017 18026 18034 18040 18042 18099 18110 18113 18133 18136 18150 
inflation 18001 18005 18009 18085 18126 18142 18163 18167 
inflationary 18050 
influence 18136 
informal 18030 
information 18024 18071 18080 18110 18146 
initial 18141 
initially 18077 
initiative 18148 
injunction 18069 18071 
inside 18163 
insider 18071 
insight 18117 
insisting 18041 
inspection 18034 18099 
installation 18077 
installed 18032 
instalments 18033 
instance 18086 
institute 18058 18061 18126 18129 18146 
institutions 18081 18167 
instructions 18099 
instrument 18042 
insurance 18022 18088 
integrated 18080 18141 
integration 18026 
intelligence 18026 
intended 18001 
intensification 18095 
intent 18136 18138 
inter 18110 
interest 18005 18011 18015 18018 18033 18050 18051 18067 18075 18086 18094 18095 18106 18130 18133 18134 18142 18144 
interests 18092 
interface 18026 
interim 18097 
internal 18046 
international 18014 18023 18026 18058 18075 18110 18129 18142 18144 18150 18161 
intervene 18051 
intervention 18011 18050 18051 18142 
interview 18163 
interviewer 18163 
intestines 18099 
introduce 18145 
introduced 18026 18063 
introduces 18031 18063 
inventories 18146 18147 
inventory 18146 
invest 18151 
investigate 18138 
investing 18135 
investment 18009 18033 18063 18086 18138 
investments 18009 18082 
investor 18075 18138 
investors 18112 18133 18149 
involved 18034 18049 18117 18149 
involves 18148 
involving 18031 
iowa 18158 
irreparable 18071 
irvam 18024 
irvine 18113 
irving 18071 
islamabad 18009 
island 18037 18102 
issuance 18079 
issue 18007 18018 18021 18023 18030 18031 18033 18071 18086 18091 18136 18142 18150 
issued 18004 18079 18118 
issues 18015 18023 18025 18050 
issuing 18023 18025 
italian 18024 18126 
italy 18024 18126 18148 
items 18162 
ivory 18150 
ivory-coast 18110 
ixl 18029 
j. 18026 18117 
j.henry 18131 
j.p. 18139 
jack 18028 18161 
jacques 18163 
jamaica 18150 
jamaican 18150 
james 18005 18071 18091 18154 
james-baker 18005 18070 18091 18154 
jan 18138 
january 18005 18059 18094 
japan 18044 18104 18131 18148 
japanese 18044 18104 18129 18131 18148 
jay 18071 
jeopardy 18136 
jeremy 18142 
jersey 18133 
jim 18071 18123 18130 
jimmy 18005 
jns 18036 
jnsv.o 18036 
job 18005 18019 
jobs 18130 
johnson 18161 
join 18101 18118 18131 
joined 18044 
joint 18026 18119 18139 18154 
jointly 18101 
jonathan 18086 
jones 18036 
jose 18001 18138 
jpm 18139 
juan 18101 
judge 18069 18071 
judgement 18049 
judgment 18117 
july 18006 18007 18009 18023 18025 18028 18036 18067 18123 18124 18125 18128 18135 18138 
june 18001 18003 18004 18005 18006 18007 18008 18009 18012 18014 18015 18016 18017 18018 18019 18020 18021 18022 18023 18024 18025 18026 18027 18028 18029 18030 18031 18032 18033 18034 18035 18036 18037 18038 18039 18040 18041 18042 18043 18044 18045 18046 18048 18049 18050 18051 18052 18057 18058 18059 18060 18061 18062 18063 18064 18066 18067 18068 18071 18073 18075 18077 18079 18080 18081 18082 18083 18084 18085 18086 18087 18088 18089 18090 18091 18092 18093 18094 18095 18096 18097 18098 18099 18100 18101 18102 18103 18104 18105 18107 18108 18109 18110 18111 18112 18113 18114 18115 18116 18117 18118 18119 18120 18121 18122 18123 18124 18125 18126 18127 18128 18129 18130 18131 18132 18133 18134 18135 18136 18137 18138 18139 18140 18141 18142 18143 18144 18145 18146 18147 18148 18149 18150 18151 18152 18153 18154 18155 18156 18157 18158 18159 18160 18161 18162 18163 18164 18165 18166 18167 
june/july 18128 
junee 18065 
jwc 18123 
kansas 18064 
karl 18086 
keeping 18130 18144 
keersmaeker 18030 
kemp 18161 
kenneth 18034 18099 
kenya 18087 
kenyan 18087 
key 18136 18138 
keyed 18063 
kids 18073 
kill 18071 
kind 18130 
king 18140 
kirya 18087 
kitchens 18031 
kleinwort 18131 
knowledge 18064 
koffi 18110 
kohl 18095 
kr 18059 18140 
kroger 18059 18140 
ksll.l 18131 
kurz 18007 
ky. 18093 
label 18099 
labeled 18099 18111 
labels 18034 18099 
labour 18046 18103 
lafferty 18141 
laid 18150 
lake 18137 
lan 18113 
land 18149 
landowners 18149 
large 18024 
largely 18144 
larger 18026 18094 
las 18153 
lasers 18138 
laszlo 18151 
late 18035 18103 18147 
laterriere 18093 
latest 18041 18043 18086 18140 18146 
lauderdale 18037 
launch 18046 
launched 18009 
launches 18004 
law 18138 
lawson 18050 18074 18107 18131 
lawsuit 18071 
lawyer 18071 
lawyers 18071 
lead 18007 18021 18023 18025 18041 18075 18085 18131 18150 
leader 18064 18087 18159 18163 
leadership 18064 18132 
leading 18086 18095 18126 18144 
leased 18032 
leasing 18084 
leave 18005 18029 18100 18138 
leaves 18011 18098 
leaving 18029 18049 18098 18159 
led 18017 18018 18021 18033 18046 18087 
lee 18031 18111 
legal 18086 18117 
lehman 18058 18142 
lengthy 18149 
leslie 18150 
letter 18049 
letters 18089 
leukemia 18129 
leutwiler 18136 
level 18003 18005 18009 18042 18046 18057 18095 18103 18105 18130 18143 18146 
levels 18006 18024 18050 18064 18079 18143 18146 
leveraged 18017 
levied 18104 
liberalising 18044 
license 18032 
liedtke 18117 
lies 18136 
life 18049 18088 18129 18149 18163 
lift 18086 18148 
lifted 18104 18148 
lifting 18104 
light 18095 
limit 18050 
limited 18053 18075 18131 
line 18005 18009 18077 18086 18099 18146 
link 18026 
linked 18007 18148 
linker 18118 
linking 18148 
liquid 18145 
liquidity 18050 18086 
lisbon 18033 
listed 18023 18025 18092 18153 
listening 18071 
listing 18033 
lists 18043 18092 
literally 18064 
live 18001 
loan 18027 18033 18040 18062 18109 18134 18144 
loans 18096 18134 18144 
local 18026 18031 18113 18149 
located 18094 18101 
lombard 18086 
lome 18150 
london 18004 18014 18023 18025 18045 18050 18103 18107 18128 18131 
long 18001 18046 18071 18075 18085 18130 18136 18161 
long-running 18001 
long-term 18089 18112 18144 
lonsdale 18131 
looked 18104 
lopat 18115 
los 18019 
lose 18024 
loss 18062 18064 18066 18073 18094 18100 18108 18126 18143 18144 18166 
losses 18144 
lost 18005 
lot 18142 18148 
louis 18065 18116 
louisiana 18137 
lovelock 18119 
low 18005 18019 18024 18066 18085 18093 18095 18108 18130 
low-income 18135 
lower 18031 18086 18136 
lowest 18005 18009 18086 18133 
lows 18086 
lp 18101 
lpa 18115 
lpat.o 18115 
lse 18103 
luigi 18126 
luis 18033 
lukman 18085 
luxembourg 18023 18025 18030 18033 18041 18150 
lybrand 18016 
lynch 18075 
lynn 18086 
lyons 18026 
machine 18017 
machinery 18008 
machines 18026 18081 18099 
mackay-shields 18088 
made 18014 18029 18035 18071 18082 18085 18086 18091 18095 18104 18129 18131 18136 18148 18150 18163 
magma 18139 
mailbu 18147 
main 18034 18130 
mainframe 18026 
maintain 18005 18009 18050 
maintained 18031 18160 
maintenance 18026 
major 18005 18006 18008 18034 18077 18084 18085 18086 18089 18091 18094 18104 18109 18148 
majority-owned 18040 
make 18030 18035 18041 18049 18071 18079 18082 18086 18138 18145 18146 18147 18151 18154 
makes 18037 18038 18118 
making 18097 18138 18145 
malaysia 18150 
man 18064 18126 18132 
managed 18063 
management 18016 18017 18023 18025 18051 18094 18101 
manager 18007 18014 18018 18023 18025 18056 
managerial 18121 
managers 18151 
managing 18063 18086 
mandate 18001 
manner 18118 
manny 18028 
manuel 18161 
manufactured 18008 18042 18149 
manufacturing 18080 
marathon 18150 
margin 18140 
marginal 18103 
marine 18150 
mario 18126 
mark 18086 18136 
marked 18030 
market 18005 18018 18022 18030 18042 18046 18050 18051 18060 18077 18086 18095 18103 18104 18113 18128 18136 18142 18146 18147 18148 18153 18156 
marketed 18111 
marketing 18024 18026 
markets 18004 18005 18025 18044 18057 18058 18075 18080 18104 18105 18126 18135 18142 
marks 18086 
martin 18084 18117 18167 
maryland 18135 
mask 18060 
mass. 18015 18026 18036 18155 18165 
massive 18050 
mast 18057 18105 
matched 18078 
matching 18063 
material 18014 
matters 18086 
maturities 18004 
maximize 18138 
mcbee 18127 
mcrd.o 18060 
md. 18048 
meadows 18149 
means 18064 18159 
meant 18148 
measure 18035 
measures 18086 18095 18150 
mechanisms 18030 
media 18101 
median 18003 
medical 18042 
medicine 18037 
medium 18144 
meet 18015 18035 18041 18086 
meeting 18020 18029 18030 18036 18039 18041 18050 18086 18087 18091 18095 18104 18110 18127 18131 18150 
meetings 18086 18091 
meets 18086 
megarad 18042 
mel 18081 
mellon 18081 
member 18030 18041 18129 18150 
members 18031 18131 18140 18159 
membership 18046 18131 
merchandise 18059 
merchant 18131 
mere 18086 
merge 18135 
merged 18114 
merger 18036 18094 18135 
merges 18114 
meridian 18022 
merrill 18075 
metal 18119 
metals 18008 
methacrylate 18145 
methods 18034 
methyl 18145 
mexico 18094 
mfs 18122 
mgma.o 18139 
mich. 18059 18114 18149 
michael 18016 18131 
michigan 18149 
micro 18060 18077 
microbial 18034 
microchips 18148 
micron 18042 
microsoft 18026 
mid-1970s 18085 
mid-june 18024 
mid-may 18093 
mid-summer 18037 
mideast 18160 
migi.o 18022 
milan 18126 
military 18042 18087 18160 
minicomputer 18026 
minimum 18063 18086 
mining 18080 
minister 18030 18085 18087 18097 18131 18132 18148 18163 
ministers 18030 18041 18091 18150 18154 
ministry 18006 18009 18033 18044 18132 
minn. 18068 18080 
minneapolis 18032 18068 18083 
minnesota 18080 
minority 18046 18135 
minster 18132 
misconceptions 18046 
misconduct 18138 
misleading 18138 
miss 18100 
missed 18107 
mission 18087 18163 
mitsuya 18129 
mitterrand 18163 
mixed 18030 18034 
ml 18101 
mmm 18080 
models 18147 
modifications 18017 
modified 18104 
modifiers 18145 
moe 18028 
moi 18087 
molded 18145 
molecules 18118 
momentum 18009 18084 
monetary 18009 18086 18095 18126 18136 18142 18161 
money 18005 18051 18071 18075 18086 18142 18151 
money-fx 18010 18012 18050 18051 18086 18136 18142 
monitor 18060 18148 
monitors 18060 
monomer 18145 
monte 18163 
month 18003 18006 18007 18020 18043 18046 18050 18086 18115 18131 18148 
month-end 18086 
monthly 18001 18109 
months 18006 18061 18087 18163 
monti 18126 
montreal 18075 18093 18096 18143 18144 
moody 18018 18021 18112 18133 
moonachie 18120 
morgan 18021 18071 18138 18139 
morning 18051 18142 
mortgage 18018 18134 
mortgages 18134 
motion 18084 
motor 18040 
mould 18142 
move 18035 18046 18086 18090 18099 18128 18134 
moved 18050 18134 
movements 18087 18109 
moves 18044 18046 18086 18139 18148 18150 
moving 18034 18133 
mr 18100 18117 18161 
mr. 18049 
ms 18026 18071 
msft.o 18026 
mthly 18122 
mths 18048 18052 18096 18152 18155 
muenchmeyer 18086 
mulls 18138 
multimarket 18122 
munchmeyer 18086 
muncie 18157 
muo 18067 
museveni 18087 
mutual 18063 18067 18088 
mutually 18031 
n't 18064 18071 18086 18150 18151 18159 
n.c. 18071 18135 
n.j. 18016 18079 18082 18115 18118 18120 18133 18152 
n.y. 18042 18124 18141 
nairobi 18087 
nakasone 18148 
named 18043 18057 18071 18105 18117 
names 18043 18059 18072 18117 
narrow 18046 
narrower 18080 
nasdaq 18022 18153 
nathan 18071 
nation 18049 18095 18102 18146 
national 18009 18022 18024 18034 18038 18066 18099 18108 18129 18130 18136 18153 18163 18167 
nationally 18103 
nations 18085 18148 
natural 18049 18137 
naturally 18049 
natwest 18004 18025 
naval 18160 
nbl 18021 
ncb 18135 
ncnb 18135 
nearby 18066 18108 18128 
neb. 18067 
necessarily 18050 18085 18086 18160 
neck 18124 
needed 18128 18160 
negative 18073 
negotiations 18150 
nervous 18142 
net 18006 18018 18026 18028 18048 18052 18062 18065 18068 18073 18084 18096 18109 18120 18127 18134 18143 18144 18152 18155 18158 18166 
netherlands 18030 18097 
network 18026 18081 18113 
networks 18026 
neuorological 18129 
neutral 18146 
nev 18119 
nevada 18119 
nevard 18119 
newark 18118 
newly-nominated 18012 
news 18009 18058 18086 18107 18110 18148 18150 18151 18154 18159 
nigel 18050 18107 18131 
nigeria 18150 
nigerian 18085 
nikko 18142 
nil 18062 
niland 18139 
nixon 18130 
noble 18021 
nodaway 18158 
nominal 18149 
nominated 18005 18058 18126 18167 
nominates 18002 
nomination 18005 18100 18142 18159 
non-accrual 18144 
non-callable 18021 18025 
non-defense 18008 
non-durable 18008 
non-durables 18008 
non-electrical 18008 
non-negotiable 18131 
non-opec 18085 
non-refundable 18018 
nonrecurring 18120 
norfolk 18111 
normalize 18086 
north 18084 18089 18092 
northeast 18114 
northtowne 18149 
northwest 18068 
norway 18007 18046 
notably 18128 
note 18028 18033 18048 18062 18120 18123 18152 
noted 18006 18073 18086 18090 18104 18126 18133 18160 
noteholder 18015 
noteholders 18015 
notes 18015 18021 18040 
noting 18128 
notres 18015 
november 18095 
number 18003 18005 18043 18079 18086 18117 18129 18130 
numbers 18147 
nv 18089 18158 
nvco.o 18158 
nwtl.o 18068 
nyse 18156 
o'keefe 18029 
obgi 18040 
obgi.o 18040 
objective 18050 18131 
obliged 18154 
obtain 18017 
obtained 18071 
occupation 18086 
occurs 18050 
october 18018 18084 
offer 18017 18026 18029 18036 18042 18071 18138 
offered 18029 18075 18089 18141 
offering 18018 18021 18026 18075 18088 18141 
offerings 18075 
offers 18026 18060 18138 
office 18026 18049 18086 18132 18163 
officer 18059 18072 18117 18127 
officers 18138 
official 18011 18034 18043 18044 18056 18095 18099 18109 18163 
officials 18030 18041 18044 18046 18085 18086 18095 18104 18126 18131 18148 18154 
offshore 18094 
ohio 18038 18149 
oil 18066 18085 18108 18146 18150 
oils 18150 
omaha 18067 
on-site 18077 
one-fifth 18108 
one-for-one 18027 
one-time 18041 
ongoing 18029 
onno 18097 
opec 18085 
open 18044 18087 18104 18140 18142 
opened 18086 
opening 18044 
opens 18084 
operate 18157 
operated 18146 
operating 18017 18072 18073 18112 18127 18138 18143 
operation 18031 18037 
operations 18084 18115 18144 
ophthalmology 18082 
opinion 18071 18103 18138 18163 
oppose 18150 
opposes 18086 
opposition 18041 
optimism 18134 
option 18119 
options 18145 18151 
orbit 18042 
orbt.o 18042 
order 18032 18138 
ordered 18032 
orderly 18049 
orders 18008 18042 18147 
ordinary 18039 
organisation 18110 
organisations 18110 
organisers 18044 
organization 18014 18089 
original 18129 18134 
originally 18008 18026 18148 
orion 18040 
oslo 18046 
ost 18095 
ottawa 18075 
otto 18086 
oustanding 18107 
outbreaks 18034 
outgoing 18086 
output 18085 18147 
outstanding 18009 18029 18074 18107 18116 18117 18144 
overcome 18009 
overdependence 18085 
overdue 18161 
overlaid 18099 
owen 18159 
owned 18143 
ownership 18075 18139 
owns 18029 18075 18101 
oxygen 18130 
pa 18027 
pa-28-161 18147 
pa-28-181 18147 
pa-28-236 18147 
pa-28r 18147 
pa-32 18147 
pa-32r 18147 
pa-34 18147 
pa-42-400 18147 
pa-46 18147 
pacific 18150 18151 18162 
package 18041 18095 18148 
packages 18026 18099 
packard 18119 
packer 18111 
pact 18077 18081 18086 18104 
pacts 18086 
paid 18015 18029 18033 18036 
pakistan 18009 
pakistanis 18009 
panel 18035 
panic 18058 
paper 18004 18089 18129 
papua 18150 
par 18007 18021 18023 
parade 18087 
paramount 18084 
paris 18050 18095 18163 
parities 18136 
parliament 18043 18044 18046 
part 18024 18050 18080 18157 
participating 18138 
parties 18015 18046 18103 18149 18163 
partisan 18049 
partly 18149 
partner 18086 
partners 18075 18095 18101 
partnership 18053 18071 18075 
partnerships 18075 
parts 18145 
party 18138 
pasb.o 18027 
passed 18035 
passenger 18143 
past 18005 18043 18086 18089 18099 18112 
patch 18073 
patent 18118 
patients 18129 
pattern 18016 18104 
paul 18005 18030 18049 18057 18058 18064 18080 18090 18097 18100 18102 18105 18107 18126 18130 18132 18142 18159 18161 18167 
pay 18041 18083 18122 18123 18124 18125 18138 18164 18165 
payable 18028 18067 
paying 18025 18041 
payment 18007 18015 18023 18025 18123 
payments 18009 18030 18035 18086 18144 
payout 18067 18123 18125 18165 
pays 18023 18025 18087 
pby 18028 
pc 18026 18077 
pcs 18026 
pd 18059 
pds 18059 18072 
pending 18032 
pennzoil 18117 
pension 18063 18151 
pentland 18039 
pep 18028 
percentage 18138 
percolate 18130 
performance 18009 18060 18063 18073 18112 18135 
period 18049 18079 18102 18132 18136 18138 
periods 18024 18120 
peripherals 18026 
permanent 18066 18108 
perpetual 18027 18089 
perry 18059 18072 
person 18138 
personal 18026 18049 18060 18098 18104 18148 
personally 18049 
personnel 18138 
persuasive 18136 
peter 18146 
petroleum 18146 
phab.o 18082 
pharmaceutical 18138 
pharmacia 18082 
phase 18093 
phh 18048 
philadelphia 18028 18145 
pick 18095 
picking 18086 
pictures 18084 
pillsbury 18083 
pilots 18075 
pine 18037 
piper 18147 
piper-aircraft 18147 
piscataway 18082 
pittsburgh 18081 
place 18005 18064 18086 
plaintfiffs 18036 
plaintiffs 18036 
plan 18009 18015 18026 18049 18075 18138 18150 
planned 18093 
planning 18075 
plans 18015 18029 18030 18131 18150 
plant 18111 
plants 18139 
plastic 18145 
platinum 18013 
played 18160 
playing 18050 
plc 18004 18039 18129 18131 
plea 18041 
pleased 18159 
plugging 18041 
poehl 18086 
point 18005 18009 18138 
pointing 18050 
points 18018 18103 18128 
poisoning 18034 18099 
policies 18005 18041 18086 18130 18148 18159 18163 
policy 18005 18034 18046 18049 18057 18070 18086 18095 18097 18104 18105 18107 18126 18136 18142 18156 18161 
political 18001 18005 18046 18142 18163 
politician 18057 18105 
poll 18103 
polls 18103 18163 
pontiac 18059 
poor 18009 18018 18021 18063 18073 18089 
poorer 18030 
popular 18026 18113 
pork 18034 
portfolio 18088 18144 18151 
portion 18104 
ports 18128 
portugal 18033 
position 18072 18086 18089 18095 18154 
positive 18136 18148 
possibility 18138 18146 
possibly 18009 18043 
post 18005 
posts 18143 
potential 18073 18154 
potentially 18108 
poultry 18034 18099 
poverty 18009 
powder 18086 
power 18001 18018 18042 18104 18138 18139 18148 
powers 18104 
ppg 18137 
practical 18086 
practices 18104 18148 
praised 18132 18161 
praises 18132 18161 
pre- 18123 
pre-tax 18149 
prebaked 18093 
precious 18119 
precision 18017 
predicted 18058 
prediction 18095 
predictions 18095 
prefered 18027 
preference 18130 
preferences 18029 
preferred 18029 
preferreds 18029 
prejudge 18163 
preliminary 18016 18071 
premium 18021 
preparation 18034 18099 
prepared 18049 
presence 18160 
present 18009 18034 18050 18057 18105 18134 
presented 18043 18071 18129 18131 18154 
preserve 18050 
presidency 18087 
president 18001 18005 18026 18034 18049 18059 18072 18085 18086 18087 18097 18098 18099 18104 18130 18136 18151 18159 18163 
presidential 18163 
presidents 18005 
press 18150 
pressed 18095 
pressure 18044 18057 18086 18095 18105 18146 
pressures 18050 
pretax 18075 18079 18134 
prevent 18142 
prevents 18138 
previous 18003 18024 18043 18130 18134 18146 
previously 18003 18029 18059 18134 
price 18003 18007 18017 18018 18021 18030 18033 18036 18063 18079 18085 18113 
priced 18007 18018 18025 
prices 18005 18030 18066 18085 18103 18108 18116 18146 18148 18150 
pricing 18021 18023 
primarily 18063 18093 
primary 18005 18008 18130 
prime 18005 18148 18163 
principle 18079 
printers 18026 
prior 18048 18067 18083 18122 18124 18164 18165 
private 18049 18086 18109 18163 18167 
privately 18157 
privately-held 18079 18147 
problem 18148 
problems 18005 
procedures 18034 18099 18150 
proceeds 18055 18075 18149 
process 18070 18081 18091 18154 
processes 18042 
processing 18040 
produce 18119 18131 
producers 18085 
producing 18005 18082 18094 
product 18026 
production 18024 18066 18104 18108 18119 18147 
products 18017 18026 18034 18042 18044 18073 18077 18091 18111 18145 18147 18150 18151 18157 
professional 18049 
professor 18126 
profit 18143 18144 18166 
profitable 18115 
program 18004 18009 18015 18091 
progress 18131 
projected 18006 18093 18149 
projects 18033 18041 
prolonged 18129 
proof 18050 
properties 18149 
property 18092 18119 
proposal 18029 18138 18140 
proposed 18029 18030 18036 18150 
prospects 18163 
protect 18099 18160 
protectionist 18150 
protest 18044 18135 
prove 18099 
provide 18026 18030 18077 18081 18111 18121 
provided 18071 
provision 18062 18144 
provisional 18109 
proxmire 18100 
prudhoe 18066 18108 
psy 18083 
public 18001 18006 18030 18034 18046 18075 18086 18089 18091 18099 18109 
published 18005 
publishing 18084 
puerto 18101 
punctured 18099 
punta 18150 
purchase 18014 18040 18109 18141 
purchases 18014 
purchasing 18063 
purely 18154 
purposes 18086 
pursue 18077 18126 18138 
pursued 18005 
pushed 18005 18086 
put 18007 18103 18151 
puts 18042 
putting 18136 
pzl 18117 
q-med 18016 
qazi 18009 
qekg.o 18016 
qtly 18067 18083 18125 18164 18165 
qtr 18028 18047 18048 18052 18054 18062 18065 18068 18076 18096 18120 18152 18155 18158 18166 
qtrly 18123 
quarter 18001 18016 18032 18061 18084 18086 18127 18134 18143 18144 18152 
quarterly 18125 18164 
quebec 18093 
question 18131 18163 
questions 18142 18163 
quick 18095 
quickly 18151 
quotas 18044 
quoted 18128 18136 
r.f 18141 
racm.o 18079 
radiation 18042 
radio 18019 18163 
radius 18077 
railway 18019 
rain 18024 
rains 18009 
raise 18075 18146 18150 
raised 18133 18142 
raises 18007 
raising 18018 18021 18138 
range 18086 18093 18129 
ranged 18162 
ranging 18079 18138 
rapid 18019 
rapidly 18133 
rate 18003 18005 18009 18011 18031 18050 18051 18086 18106 18109 18130 18133 18134 18136 
rated 18018 18021 
rates 18005 18050 18086 18095 18128 18130 18134 18136 18148 
ratifying 18031 
rating 18073 
ratings 18089 
raw 18128 
raws 18128 
raycomm 18079 
reach 18024 
reached 18001 18005 18031 18119 18148 18154 
react 18154 
reacted 18005 
reaction 18005 18107 18148 18154 
read 18072 
reading 18044 
ready 18131 
ready-to-cook 18034 
reagan 18002 18005 18049 18097 18104 
real 18040 18064 
realistically 18136 
reallowance 18018 
realty 18040 
reappoint 18005 
reappointed 18005 
reappointment 18049 18058 
reason 18086 18107 18134 18136 
reasons 18006 18093 18098 18138 
reassess 18046 
recall 18049 
recapitalization 18075 18138 
recapitalizing 18138 
receipt 18040 
receive 18119 18138 
received 18019 18030 18042 18121 
recent 18009 18034 18043 18046 18075 18128 18163 
recently 18050 
reception 18030 
receptive 18113 
recession 18005 
recipients 18030 
reclassifies 18144 
recommend 18136 
recommendation 18099 
record 18024 18028 18042 18050 18067 18083 18084 18103 18122 18123 18124 18125 18144 18164 18165 
recorded 18143 
recoverable 18108 
recovery 18087 18112 18163 
redeem 18029 
rediscover 18163 
reduce 18091 18104 18130 18148 18149 
reduced 18005 18036 18113 18143 18144 18146 18147 18148 
reduces 18093 
reducing 18005 
reduction 18093 18134 18144 18148 
referendum 18046 
referring 18046 18095 
refineries 18146 
refiners 18146 
refinery 18146 
reflect 18048 
reflected 18073 18147 
reflects 18094 18134 18144 
reform 18009 18161 
refuge 18066 18108 
refunding 18018 
refuse 18041 
refuses 18163 
regalia 18167 
regard 18136 
regarded 18167 
regional 18019 18041 
registered 18109 
regret 18005 18090 18097 18102 18126 
regrets 18102 
regretted 18090 18102 18126 
regular 18083 18123 18165 
regularly 18095 
regulates 18150 
regulation 18009 
regulatory 18040 18133 
rehabilitation 18037 
reincorporated 18020 
reincorporates 18020 
reinvestment 18135 
reiterated 18001 18071 
reject 18138 
rejected 18029 18041 18140 
rejecting 18138 
rejection 18013 18046 18138 
rejects 18140 
rel 18138 
relating 18148 
relation 18136 
relations 18087 18150 
relationship 18046 
relaying 18107 
release 18103 
released 18095 
reliability 18126 
reliance 18138 
relied 18071 
reluctance 18005 
reluctant 18086 
remain 18001 18005 18046 18049 18085 18138 18142 
remainder 18049 
remained 18031 
remaining 18034 
remark 18154 
remarks 18085 18154 
remind 18034 18099 
remittances 18009 
remove 18044 
renew 18046 
renews 18001 
rental 18149 
reoffering 18018 
rep 18161 
repeatedly 18131 
replace 18058 18086 18100 18142 18167 
replaced 18033 18059 
replacement 18064 
replied 18012 18130 18148 
report 18046 18084 18109 18129 18131 18146 
reported 18003 18008 18016 18024 18031 18075 18094 18128 18129 18144 18146 
reporters 18005 18012 18030 18050 18091 18130 18131 18148 18159 18160 
reporting 18086 
reports 18005 
represent 18016 18077 18086 
representative 18034 18086 
representatives 18044 18138 
representing 18018 18021 
republican 18005 18064 18161 
repurchase 18086 18116 
request 18069 18071 
requested 18071 18154 
require 18077 18099 
required 18009 
requirement 18006 18063 
requiring 18149 
research 18024 18032 18058 18121 18167 
researcher 18129 
researchers 18129 
reservations 18049 
reserve 18005 18012 18049 18051 18057 18058 18064 18086 18090 18097 18100 18102 18105 18107 18126 18130 18132 18135 18142 18159 18161 18167 
reserves 18050 18051 18109 
resign 18049 
resignation 18057 18105 18163 
resigned 18059 
resins 18145 
resistance 18035 
resolve 18030 
resolved 18086 
resort 18150 
resources 18018 18092 18108 18119 
respect 18132 
responding 18163 
response 18131 
responsible 18135 
rest 18041 
restated 18048 
restore 18049 
restraint 18085 
restrictions 18086 
restructure 18089 18138 
restructuring 18015 18138 
result 18075 18093 18112 18150 
resulted 18128 18144 
results 18016 18017 18048 18084 18115 18127 18154 
resume 18030 18147 
resumes 18147 
retained 18034 18139 
retaliate 18131 
retaliation 18104 
retaliatory 18150 
retention 18138 
retirement 18064 18100 18112 
retrovirus 18129 
retroviruses 18129 
return 18049 
returned 18031 
revenue 18086 18143 
revenues 18016 18041 18079 18084 18115 
review 18034 18104 18112 
reviewing 18145 
revised 18003 18008 18094 18095 
revises 18094 
revision 18095 
revived 18142 
revives 18142 
revs 18048 18052 18155 18158 
rhode 18102 
rican 18101 
richard 18075 
richer 18030 
richfield 18145 
rico 18101 
rights 18043 18145 
rigorous 18126 
rilwanu 18085 
rise 18008 18009 18050 18066 18106 18108 18109 18127 18130 18146 
risen 18008 
rising 18005 18008 18085 18136 18142 18146 18163 
risk 18034 18086 
roasting 18111 
robert 18064 18134 
role 18132 
rome 18024 18126 18148 
ronda 18036 
room 18005 
rose 18003 18008 18009 18050 18084 18109 18143 18144 
round 18086 18150 
royal 18076 18096 18144 
ruding 18097 
rule 18043 18071 18146 
ruled 18095 
rumors 18156 
rumour 18103 
rumours 18103 
runaway 18041 
running 18103 18167 
runs 18146 
rural 18009 
russell 18151 
ry.to 18096 18144 
ryle 18098 
s.g. 18004 
s.j 18141 
s/p 18073 18089 
sa 18033 
saarbruecken 18086 
saarland 18086 
sachs 18134 
sacrifice 18044 
sacrifices 18031 
salads 18034 
salaries 18138 
salary 18138 
sale 18075 18109 18138 18148 
sales 18003 18016 18023 18028 18050 18065 18068 18073 18078 18120 18134 18148 18149 18152 18157 18162 18166 
salmonella 18034 18099 
salmonellosis 18034 18099 
salomon 18151 
same-maturity 18018 
same-rated 18018 
samjens 18069 18071 
san 18075 18101 18138 18139 18157 
sanctions 18104 18148 
sandwiches 18111 
sara 18031 18111 
saratoga 18147 
sardinia 18024 
sarney 18001 
satisfactory 18131 
saturday 18087 
saul 18138 
savings 18009 18027 18109 18134 18167 
sb 18151 
scale 18050 
scales 18086 
sce 18139 
scene 18102 
sceptical 18057 18105 
scheduled 18031 18036 18100 
scheme 18030 
schlesinger 18086 
schroder 18004 
schroeder 18086 
schwartz 18059 18072 
sciences 18099 
scientists 18129 
sd 18145 
seafood 18034 
season 18024 
seasonal 18003 18146 
seasonally 18003 18008 18086 
seats 18103 
sebree 18093 
sec 18114 
secb.o 18114 
second-quarter 18144 
secretary 18005 18066 18091 18099 18108 18110 18148 18154 18160 
section 18066 18108 
secured 18015 
securities 18018 18050 18051 18088 18094 18109 18131 18138 18141 18142 18144 
security 18086 18114 
seeking 18005 18036 18107 18110 18138 
seeks 18015 18110 
sees 18012 18016 18055 18066 18084 18085 18091 18095 18107 18108 18127 
selected 18075 
selective 18118 18148 
self-reliance 18049 
sell 18053 18071 18075 
selling 18023 18025 18148 
sells 18018 18021 18111 18149 
semi 18124 
semiconductor 18042 18104 
semiconductors 18104 
sen 18064 
senate 18005 18035 18064 18066 18100 18108 
seneca 18147 
senegal 18150 
senior 18015 18026 18057 18073 18089 18095 18105 18112 18133 18154 
sense 18049 18050 
separately 18136 
september 18005 18044 18075 18148 18165 
series 18029 
serve 18005 18057 18059 18097 18104 18105 18126 
served 18049 18135 18136 
service 18026 18077 18111 18112 18121 18130 18133 
services 18026 18040 18079 18081 18084 18099 
serving 18137 
session 18086 
set 18018 18021 18023 18033 18041 18043 18083 18086 18103 18131 
sets 18027 18078 18104 18119 18122 18123 18124 18125 18164 18165 
setting 18086 
settled 18031 
settlement 18036 
seventh 18009 
severely 18095 
sfr 18136 
share 18017 18021 18026 18028 18029 18036 18039 18071 18084 18103 18127 18134 18138 18141 18162 
shared 18154 
shareholder 18027 
shareholders 18020 18029 18039 18136 18138 18139 
shares 18027 18029 18036 18039 18067 18079 18116 18138 
sharp 18162 
sharply 18005 18006 18016 18031 18134 18138 
shearson 18058 18142 
sheet 18109 18145 
shifting 18149 
ship 18128 18160 
shipment 18128 
shipments 18128 
shipping 18128 18160 
shock 18057 18105 
shoes 18064 
short 18154 
short-term 18058 
shortfall 18041 
shortly 18024 18104 18118 
show 18003 18016 18146 
showed 18030 18034 18050 18087 
showing 18103 
shown 18086 18163 
shows 18162 
shr 18028 18047 18048 18052 18054 18062 18065 18068 18076 18096 18120 18152 18155 18158 18166 
shrs 18065 18096 18120 18155 
shultz 18148 18160 
shutdown 18066 18108 
shwartz 18072 
sides 18071 18150 
sign 18006 
signal 18019 18086 18115 
signed 18050 18060 18077 18081 
signficantly 18127 
significance 18086 
significant 18066 18073 18108 18134 18139 18149 
significantly 18066 18084 18108 18112 
signs 18077 18081 18086 18087 
silver 18013 
similar 18016 18030 18035 18075 
simply 18136 
sinai 18058 
single-family 18003 
sites 18149 
situation 18009 18148 
six-year 18033 
size 18007 18148 
slack 18086 
slashed 18041 
sle 18031 18111 
slide 18009 18103 
slifer 18142 
slight 18008 18095 18146 
slightly 18146 
slowed 18130 
slower 18099 
slowing 18086 18163 
small 18009 18030 18146 
smelter 18093 
smelters 18093 
smiling 18005 
smith 18167 
so-called 18035 
soar 18013 
soaring 18041 
socal 18139 
social 18041 
socialist 18163 
societe 18089 
software 18026 18080 18157 
sold 18003 18018 18055 18075 18111 18149 
sole 18018 
solomons 18142 
soopers 18140 
sort 18057 18105 
sought 18030 
sound 18049 
source 18034 
sources 18006 18031 18087 18090 18128 
south 18043 
south-africa 18043 
southern 18019 18139 
southgate 18114 
sovereign 18144 
space 18128 18131 
spartech 18116 
spaventa 18126 
speaker 18106 18130 
speaking 18085 18130 18148 
special 18030 18036 18046 18131 18138 
specific 18091 18154 
spectra-physics 18138 
speech 18100 18136 
speed 18035 
speeds 18099 
spending 18006 18035 18041 
spiralled 18085 
spiridellis 18079 
split 18028 18039 18123 18150 
spokesman 18031 18033 18043 18075 18094 18095 18097 18107 18136 18163 
spokeswoman 18134 
sponsored 18058 
sports 18037 
spread 18018 
spring 18163 
sptn.o 18116 
spy 18138 
squire 18111 
st 18080 18102 
st. 18065 18102 18116 
stabilise 18050 
stability 18005 18049 18050 18102 18126 18136 
stable 18085 18086 18136 
staff 18142 
staffed 18140 
stages 18075 
stake 18138 
stamford 18019 
stance 18095 18154 
stand 18044 18163 18167 
standard 18018 18021 18026 18063 18089 
standards 18026 
standing 18005 18132 
standpoint 18136 
standstill 18138 
stanley 18021 18071 18138 
starlan 18026 
start 18036 18039 18115 18131 
started 18036 18137 
starting 18031 18033 18086 
starts 18036 18137 
state 18061 18087 18091 18133 18148 18160 18163 
statement 18006 18064 18075 18095 18102 18109 18132 18144 18161 
states 18030 18041 18044 18057 18087 18091 18105 18130 18136 18148 18150 18160 
statistics 18034 18061 18163 
stay 18138 18146 
stays 18046 
steadily 18099 
steady 18084 18087 18146 
steered 18086 
steinberg 18138 
stem 18142 
stemming 18095 
step 18009 18015 18136 
stephen 18142 
stepping 18102 
steps 18089 18150 18154 
sterilisation 18050 
sterilise 18050 
sterilised 18050 
sterling 18004 18050 18156 
stew.o 18111 
stewart 18111 
stg 18004 18025 18039 18050 
stiff 18035 
stimulate 18095 18148 
stimulating 18148 
stimulation 18095 
stimulus 18095 18148 
stl 18156 
stock 18005 18014 18021 18022 18028 18029 18039 18056 18063 18092 18103 18116 18123 18131 18134 18141 18151 18153 18156 
stockholders 18123 
stockholm 18085 
stocks 18146 
stoltenberg 18132 
stood 18057 18105 
stop 18071 
stores 18059 18072 18140 
story 18072 
strained 18087 
strandard 18073 
strategy 18080 
street 18005 
strength 18049 18102 
strengthened 18099 
stressed 18095 
stretching 18095 
strike 18007 18140 
strikes 18031 
stringent 18163 
stripper 18066 18108 
strong 18049 18084 18133 18167 
stronger 18136 
structure 18073 18086 18112 
struggling 18086 
study 18119 18131 18154 
subcommittee 18034 18099 
subject 18027 18079 18119 
subordinated 18021 18073 18089 18112 
subscriptions 18007 18033 
subsidiary 18019 18040 18060 18088 18111 18129 18137 18138 18141 
substantial 18084 
substantially 18015 
substituting 18150 
succeed 18057 18071 18105 18130 18159 18161 
succeeds 18126 
success 18049 18117 
successful 18090 
successor 18074 18097 18107 18132 
suffer 18071 
suffered 18085 
suffering 18001 
sugar 18128 
suisse 18057 18105 
suit 18036 18138 
suitable 18086 
summer 18060 18084 18134 
summit 18044 18086 18091 18095 18148 18154 
sunday 18138 
sunshine 18024 
superb 18100 
superior 18111 
supermarkets 18140 
suppliers 18113 
supplies 18080 
supply 18086 18137 
suppoort 18111 
support 18049 18077 18121 18136 
supported 18030 18043 
suppress 18129 
supresses 18129 
surfacing 18142 
surprise 18005 
surprised 18151 
surprises 18146 
survey 18009 
survival 18030 
suspended 18144 
suspension 18147 
sustain 18112 18133 
sustaining 18136 
sweden 18085 
swedish 18085 
swimming 18086 
swing 18085 
swiss 18007 18136 
swiss-based 18138 
switched 18086 
switzerland 18007 18057 18105 18136 
syndrome 18129 
synercom 18098 
synr.o 18098 
system 18019 18022 18032 18034 18049 18135 18153 18161 18163 
system/2 18060 
systems 18026 18060 18080 18157 
t-cell 18129 
tackle 18050 18148 
tactics 18050 
tailspin 18142 
takeover 18071 18075 18138 
takes 18046 
taking 18057 18104 18105 
talked 18130 18148 
talking 18085 
talks 18030 18031 18044 18046 18085 18087 18131 18139 
tampa 18123 
tan 18112 
tandy 18112 
taper 18146 
target 18136 
tariffs 18044 18104 18150 
task 18064 18126 
tax 18086 18095 18144 18148 18150 
taxes 18086 
taylor 18144 
team 18129 
teamster 18031 
technical 18006 18086 18121 18157 
techniques 18050 18099 
technolgy 18093 
technology 18077 18093 18098 18113 18118 18145 
telegraph 18026 
telephone 18026 18133 
teleproductions 18068 
telerate 18164 
televised 18148 
television 18001 18101 18104 
televisions 18148 
teller 18081 
temporary 18033 
ten 18034 
tender 18036 18138 18163 
tenders 18086 
tenneco 18137 
tenngasco 18137 
tension 18060 18087 
tentative 18094 
tenure 18005 18130 
term 18002 18005 18013 18049 18057 18085 18090 18095 18097 18102 18105 18107 18126 18132 18142 
terms 18017 18021 18023 18031 18037 18080 18111 18145 18149 18157 
test 18001 18002 18003 18004 18005 18006 18007 18008 18009 18010 18011 18012 18013 18014 18015 18016 18017 18018 18019 18020 18021 18022 18023 18024 18025 18026 18027 18028 18029 18030 18031 18032 18033 18034 18035 18036 18037 18038 18039 18040 18041 18042 18043 18044 18045 18046 18047 18048 18049 18050 18051 18052 18053 18054 18055 18056 18057 18058 18059 18060 18061 18062 18063 18064 18065 18066 18067 18068 18069 18070 18071 18072 18073 18074 18075 18076 18077 18078 18079 18080 18081 18082 18083 18084 18085 18086 18087 18088 18089 18090 18091 18092 18093 18094 18095 18096 18097 18098 18099 18100 18101 18102 18103 18104 18105 18106 18107 18108 18109 18110 18111 18112 18113 18114 18115 18116 18117 18118 18119 18120 18121 18122 18123 18124 18125 18126 18127 18128 18129 18130 18131 18132 18133 18134 18135 18136 18137 18138 18139 18140 18141 18142 18143 18144 18145 18146 18147 18148 18149 18150 18151 18152 18153 18154 18155 18156 18157 18158 18159 18160 18161 18162 18163 18164 18165 18166 18167 
texaco 18117 
texas 18094 18130 18145 
textiles 18071 
tgt 18137 
thai 18128 
thailand 18128 
theory 18130 
thin 18026 
thing 18057 18105 
things 18160 
thirty-three 18066 18108 
thought 18005 18012 18058 18100 18107 18126 18148 
thoughts 18163 
thousands 18044 
threat 18138 18154 
threatened 18075 
three-for-one 18028 18039 
three-year 18077 18121 
thursday 18086 
ties 18046 
tight 18005 18057 18105 18128 
tightening 18086 18128 
time 18005 18009 18041 18049 18050 18051 18071 18075 18108 18134 18136 18138 18146 18163 
times 18050 18099 18102 
timetable 18131 
tipped 18163 
tlr 18164 
tobacco 18031 
today 18001 18014 18022 18030 18041 18050 18051 18058 18071 18086 18153 18160 
tokyo 18044 18086 18131 18148 18154 
told 18005 18009 18030 18034 18050 18058 18066 18071 18086 18087 18099 18108 18110 18126 18127 18130 18131 18136 18150 18151 18159 18160 18163 
toledo 18149 
tomorrow 18086 18087 
tonight 18103 18146 
tonne 18128 18150 
tonnes 18014 18024 18056 
tool 18017 
tools 18104 18148 
top 18064 18138 
topic 18154 
topped 18071 
toronto 18029 18075 
total 18041 18042 18093 18109 18143 18144 
totalled 18061 18109 18144 
totalling 18042 
touch 18150 
touched 18103 
tough 18104 18142 
town 18043 
townsend-greenspan 18167 
township 18149 
tracor 18127 
tract 18149 
trade 18009 18044 18046 18061 18085 18091 18104 18148 18150 
traded 18128 
traders 18014 18128 18134 18146 
trading 18051 18104 18131 18134 
traditional 18005 
trailer 18084 
transactions 18081 18109 18149 
transfer 18081 
transit 18019 
transition 18049 
transportation 18008 
transworld 18079 
treasuries 18018 
treasury 18005 18018 18070 18091 18107 18126 18154 
treated 18086 
treatment 18133 
tremors 18058 
trend 18009 18148 
trial 18043 
tribute 18005 
trickle 18130 
troubled 18144 
troubles 18159 
trr 18127 
truck 18084 
trust 18063 18122 
trusting 18090 
trw 18077 
tse 18131 
tubes 18129 
tucker 18099 
tulsa 18020 
turkey 18034 18061 
turkish 18061 
turmoil 18102 18138 
turn 18085 
turnaround 18143 
tustin 18077 
two-day 18087 
two-party 18163 
two-thirds 18046 18077 
two-year 18031 
tx 18117 
type= 18002 18010 18011 18013 18045 18047 18053 18054 18055 18056 18069 18070 18072 18074 18076 18078 18106 
types 18129 
u.k 18041 18074 18103 18107 18131 
u.k. 18107 18131 
u.n 18087 
u.s 18003 18005 18008 18013 18035 18044 18066 18069 18071 18075 18088 18104 18106 18130 18146 18148 18154 
u.s. 18005 18034 18057 18082 18093 18095 18099 18100 18104 18105 18108 18121 18129 18132 18138 18142 18146 18148 18150 18154 
u.s.-japanese 18104 
uaw 18159 
ufbc.o 18062 
uganda 18087 
ugandan 18087 
uk 18004 18014 18023 18025 18050 18103 18107 18128 18131 
unable 18049 
unanimously 18138 
unavailable 18134 
uncertainty 18138 
unchanged 18003 18008 18011 18086 18144 
und 18136 
undecided 18163 
undermine 18150 
undertaken 18148 
undertaking 18150 
undervalued 18116 
underway 18148 
underwriter 18018 18021 
underwriters 18075 
underwriting 18023 18025 
undisclosed 18029 18111 18145 
unemployment 18133 
unfailing 18049 
unfair 18138 
union 18031 18044 18140 18159 
unit 18018 18019 18040 18042 18075 18080 18086 18114 18133 18137 18140 18141 18143 18145 
united 18044 18057 18062 18075 18091 18105 18130 18136 18140 18148 18159 18160 
units 18003 18041 18114 18141 18150 
unity 18086 
university 18126 
unlimited 18004 
unproc 18072 
unreasonable 18044 18066 18108 
unrecognized 18075 
unregistered 18109 
unrelated 18075 
unseasonal 18009 
unsecured 18133 
unsolicited 18138 
unsolicitied 18138 
unsuccessful 18094 
untested 18073 
untouchables 18084 
unusual 18156 
unveil 18091 
unveiled 18041 
upcoming 18091 
update 18119 
upgrade 18112 
upgraded 18112 
upgrades 18133 
uplift 18009 
upward 18094 
upwards 18086 
urge 18044 
urged 18066 18099 18108 18136 
urgent 18030 
urges 18099 
usda 18099 
users 18026 18113 
usual 18051 
va. 18027 18062 18111 18121 
valley 18048 18139 18153 18158 
valued 18032 
values 18005 
vancouver 18075 18092 
vccn 18153 
vccn.o 18153 
veg-oil 18150 
vegas 18153 
vegetable 18150 
vendor 18026 
vendors 18026 
venice 18044 18086 18091 18095 18104 18148 18154 
venture 18082 18119 
ventures 18082 
verac 18157 
verbal 18119 
vero 18147 18149 
version 18026 
vice 18026 18059 18098 18142 18151 
vice-chairman 18161 
vice-president 18086 
victims 18099 
victory 18103 
video 18060 
vienna 18062 
view 18138 18159 
views 18161 
vigorously 18138 
vilhena 18033 
village 18030 
vining 18036 
violated 18148 
violating 18138 
violation 18138 
violations 18071 
virginia 18018 18027 
virtually 18008 
virus-i 18129 
visible 18099 
vision 18101 
visit 18087 18131 
visited 18018 
vital 18160 
vitro 18129 
voclker 18057 18105 
voice 18034 18035 
volcker 18002 18005 18013 18049 18057 18058 18064 18074 18090 18097 18100 18102 18105 18107 18126 18130 18132 18142 18159 18161 18167 
volumes 18144 
vote 18029 18035 18036 
voted 18035 18138 
votes 18035 
voting 18138 
w. 18098 
wage 18142 
wages 18031 
wagg 18004 18131 
walked 18031 
wall 18005 
walter 18123 
wanamassa 18115 
wanted 18050 18086 18131 18135 
war 18001 
warburg 18004 
warehouse 18031 18152 
warned 18041 
warrant 18023 18141 
warrants 18007 18023 
warrior 18147 
washed 18099 
washington 18003 18005 18008 18012 18034 18035 18049 18064 18066 18091 18099 18100 18102 18104 18108 18129 18130 18138 18148 18154 18160 18161 18167 
wastage 18085 
watch 18001 
watchful 18136 
water 18099 
weak 18086 
weakened 18005 
weakness 18017 
weather 18024 
week 18031 18035 18044 18046 18071 18086 18095 18110 18146 18148 18154 
weekend 18131 
weekly 18146 
weeks 18015 18024 18043 18099 18146 
weighs 18104 
welcomed 18046 18097 
welcomes 18148 
well.l 18129 
wellcome 18129 
wells 18063 18066 18108 
werner 18086 
west 18041 18086 18095 18148 18154 
west-germany 18086 18090 18095 18132 18154 
western 18047 18052 18084 18117 18125 
westin 18075 
wfra 18119 
wfra.o 18119 
wharf 18119 
wheat 18009 
whilst 18085 
white 18005 18012 18104 18132 
wholly-owned 18088 
wide 18129 
widely 18005 18163 
widened 18061 
widening 18086 
widens 18061 
wil 18119 
wildlife 18066 18108 
willful 18138 
william 18100 
williams 18020 
willingly 18150 
willy 18046 
wilmington 18138 
wilson 18150 
win 18071 18163 
winfried 18086 
wing 18163 
winners 18071 
wished 18132 
wishes 18049 
withdrawn 18017 
withstand 18042 
wmb 18020 
won 18005 18018 18132 
wood 18075 
work 18015 18026 18031 18049 18097 18119 18154 
worked 18148 
workers 18031 18140 18159 
working 18015 
workplace 18031 
world 18057 18085 18102 18104 18105 18126 18148 18150 18151 
worldwide 18145 
worried 18046 
worsen 18034 
worst 18001 18150 
worth 18061 
wright 18106 18130 
write 18094 
x-mp/14se 18032 
yamaichi 18023 
yankee 18015 
yasuhiro 18148 
year-end 18009 18073 
years 18001 18018 18021 18034 18049 18079 18085 18089 18090 18097 18099 18136 
yen 18148 
yesterday 18015 18051 18086 18087 18104 18138 
yield 18018 18024 18144 
yielding 18018 
yields 18024 18143 
ynk 18015 
york 18018 18021 18026 18039 18051 18052 18058 18063 18072 18073 18084 18088 18089 18112 18117 18125 18127 18128 18133 18134 18138 18142 18146 18151 18156 18161 18162 18164 
yoweri 18087 
zayre 18165 
ze 18060 
zenith 18060 
zim 18094 
zimr.o 18094 
zurich 18007 18057 18105 
zy 18165 
