're 9110 
****** 9004 9005 9010 9028 9039 9041 9054 9067 9068 9073 9080 9118 9119 9121 9122 9128 9131 9132 9137 9148 9152 9159 9162 
-1st-qt 9029 
-2 9003 
-2nd-q 9049 
-4th 9034 
-atar 9006 
-att- 9043 
-begins 9008 
-c 9081 
-comp 9059 
-de 9056 
-f 9043 
-ferruzzi-s 9152 
-files-fo 9099 
-files-for 9062 
-fixes-ri 9088 
-gets-53.0 9017 
-gets-99.2 9016 
-gets-ord 9105 
-in-defin 9098 
-in-res 9112 
-issues 9106 
-mo 9035 
-proposal 9036 
-public-offer 9110 
-says-se 9109 
-sees-d 9048 
-sel 9086 
-takeover 9087 
-tel 9075 
-to 9024 9032 9038 
-to-purch 9033 
-to-ship-sa 9071 
-unit 9082 
-unit-i 9009 
-unit-name 9070 
-usair 9108 
-uss-unit-rais 9014 
-ye 9115 
-yea 9113 
/author 9022 9058 9076 9110 9139 9154 
0.07 9141 
0.1 9107 9141 
0.190 9104 
0.3 9141 
0.342 9104 
0.5 9141 
0.6 9107 
0.756 9104 
0.8 9107 
0.96 9158 
0011 9028 9041 9132 
0012 9067 9068 9073 9118 9128 9148 9159 
0013 9010 9054 9121 9131 9137 
0014 9080 9119 9162 
0015 9004 9005 9039 9122 
0016 9152 
0023 9074 9116 9117 
0024 9044 9056 
0026 9103 
0029 9029 
0030 9016 9115 
0034 9113 
0035 9017 
0036 9019 
0038 9040 
0041 9091 
0042 9049 9095 
0044 9008 
0045 9094 
0046 9093 9111 
0047 9070 
0049 9114 
0052 9003 9083 
0053 9052 9066 9105 
0055 9127 
0056 9006 
0057 9057 
0062 9107 9129 
0065 9059 
0066 9001 9023 9097 9151 
0067 9112 
0068 9014 9133 
0069 9085 
0070 9075 
0071 9053 9110 
0072 9034 9106 
0073 9037 9042 
0074 9101 9160 
0076 9078 
0077 9018 9035 9045 9079 
0078 9027 9030 
0079 9047 9156 
0080 9020 
0081 9024 9144 
0082 9125 
0083 9033 9096 
0084 9012 9089 
0085 9123 
0086 9084 9088 9090 9136 
0087 9164 
0088 9007 9061 9063 9102 9143 
0089 9092 9099 
0091 9077 9124 
0093 9025 9032 9140 
0094 9026 9072 
0095 9139 9158 
0096 9038 
0097 9100 9141 
0098 9036 9062 9126 
0099 9142 
00:25:01.95 9128 
00:33:03.37 9129 
00:33:36.27 9130 
0101 9150 
0102 9082 9087 9098 9120 
0104 9104 9161 
0105 9011 9050 9108 9145 9147 
0106 9081 9138 9149 
0107 9031 9064 
0108 9002 9009 9015 9022 9055 9109 
0109 9071 
0110 9134 9157 
0111 9048 9146 9153 9154 
0112 9013 9043 9155 
0113 9021 9065 
0115 9086 
0116 9130 
0117 9046 
0118 9135 9163 
0126 9060 
0131 9076 
0134 9058 
0136 9051 
0147 9069 
01:17:34.56 9131 
01:18:36.74 9132 
01:24:29.82 9133 
01:27:53.76 9134 
01:31:53.23 9135 
01:36:28.55 9136 
01:52:35.22 9137 
02:05:14.76 9138 
02:08:26.74 9139 
02:24:00.29 9140 
02:34:14.69 9141 
02:41:03.92 9142 
02:45:23.46 9143 
02:49:33.16 9144 
02:56:42.87 9145 
02:57:33.40 9146 
03-24 9001 9002 9003 9004 9005 9006 9007 9008 9009 9010 9011 9012 9013 9014 9015 9016 9017 9018 9019 9020 9021 9022 9023 9024 9025 9026 9027 9028 9029 9030 9031 9032 9033 9034 9035 9036 9037 9038 9039 9040 9041 9042 9043 9044 9045 9046 9047 9048 9049 9050 9051 9052 9053 9054 9055 9056 9057 9058 9059 9060 9061 9062 9063 9064 9065 9066 9067 9068 9069 9070 9071 9072 9073 9074 9075 9076 9077 9078 9079 9080 9081 9082 9083 9084 9085 9086 9087 9088 9089 9090 9091 9092 9093 9094 9095 9096 9097 9098 9099 9100 9101 9102 9103 9104 9105 9106 9107 9108 9109 9110 9111 9112 9113 9114 9115 9116 9117 9118 9119 9120 9121 9122 9123 9124 9125 9126 9127 
03-25 9128 9129 9130 9131 9132 9133 9134 9135 9136 9137 9138 9139 9140 9141 9142 9143 9144 9145 9146 9147 9148 9149 9150 9151 9152 9153 9154 9155 9156 9157 9158 9159 9160 9161 9162 9163 9164 
03:11:14.58 9147 
03:12:06.81 9148 
03:13:24.82 9149 
03:18:18.47 9150 
03:19:48.26 9151 
03:30:42.64 9152 
03:34:24.89 9153 
03:35:25.78 9154 
03:41:43.67 9155 
03:43:18.37 9156 
03:50:41.41 9157 
04:00:43.62 9158 
04:05:39.33 9159 
04:11:21.19 9160 
04:20:23.58 9161 
04:26:13.50 9162 
04:29:11.28 9163 
04:32:32.36 9164 
1,050 9046 
1,064,489 9115 
1,081,000 9113 
1,125,000 9045 
1,149,681 9106 
1,200 9032 
1,200,000 9033 
1,232,200 9027 
1,274,000 9032 
1,330 9046 
1,500 9077 
1,640 9136 
1,698,345 9003 
1,920,010 9003 
1.057 9135 
1.08 9160 
1.1 9002 
1.10 9097 
1.11 9113 
1.13 9115 
1.15 9034 
1.17 9159 9160 
1.19 9141 
1.2 9004 9023 
1.23 9158 
1.29 9160 
1.3 9062 
1.38 9158 9161 
1.39 9158 9159 9160 
1.4 9013 9149 
1.48 9160 
1.5 9022 9046 9078 
1.50 9031 
1.51 9160 
1.6 9156 
1.64 9127 
1.66 9097 
1.7 9034 9135 
1.75 9057 
1.78 9158 9161 
1.8 9058 9069 
1.87 9022 
1.9 9034 9058 
1.99 9142 
1/4 9043 
10,000 9046 9145 
10,000-member 9092 
10,128 9098 
10,763,507 9106 
10-year 9141 
10.3 9030 
10.33 9143 
10.47 9127 
10.5 9154 
10.50 9001 
10.6 9030 
10.69 9143 
10.7 9046 9107 9146 
10.84 9127 
100,000 9059 9112 
100,472 9003 
100-150,000 9065 
101.99 9127 
102.5 9115 
103,120 9003 
103.04 9127 
104.7 9139 
105,438 9046 
106.8 9115 
11,318,289 9097 
11-20 9046 
11.2 9107 9110 
11.3 9059 
11.5 9030 
11.75 9143 
11.8 9030 
112.8 9066 
114.8 9032 
115,000 9163 
116,793 9098 
118.8 9032 
119.0 9091 
119.1 9135 
119.3 9058 
12,000 9110 
12.0 9059 9101 
12.11 9035 
12.1p 9160 
12.4 9158 
12.7 9111 
12.8 9004 9023 
1200-series 9014 
125.18 9127 
125.9 9066 
126,000 9029 
13.7 9158 
13.99 9023 
135.0 9091 
138.9 9158 
139.8 9111 
14,766 9106 
14-bank 9123 
14.0 9107 
14.2 9030 
14.3p 9160 
14.5 9093 9094 
14.60 9031 
14.8 9046 
142.7 9111 
14522 9001 
14523 9002 
14524 9003 
14525 9004 
14526 9005 
14527 9006 
14528 9007 
14529 9008 
14530 9009 
14531 9010 
14532 9011 
14533 9012 
14534 9013 
14535 9014 
14536 9015 
14537 9016 
14538 9017 
14539 9018 
14540 9019 
14541 9020 
14542 9021 
14543 9022 
14544 9023 
14545 9024 
14546 9025 
14547 9026 
14548 9027 
14549 9028 
14550 9029 
14551 9030 
14552 9031 
14553 9032 
14554 9033 
14555 9034 
14556 9035 
14557 9036 
14558 9037 
14559 9038 
14560 9039 
14561 9040 
14562 9041 
14563 9042 
14564 9043 
14565 9044 
14566 9045 
14567 9046 
14568 9047 
14569 9048 
14570 9049 
14571 9050 
14572 9051 
14573 9052 
14574 9053 
14575 9054 
14576 9055 
14577 9056 
14578 9057 
14579 9058 
14580 9059 
14581 9060 
14582 9061 
14583 9062 
14584 9063 
14585 9064 
14586 9065 
14587 9066 
14588 9067 
14589 9068 
14590 9069 
14591 9070 
14592 9071 
14593 9072 
14594 9073 
14595 9074 
14596 9075 
14597 9076 
14598 9077 
14599 9078 
14600 9079 
14601 9080 
14602 9081 
14603 9082 
14604 9083 
14605 9084 
14606 9085 
14607 9086 
14608 9087 
14609 9088 
14610 9089 
14611 9090 
14612 9091 
14613 9092 
14614 9093 
14615 9094 
14616 9095 
14617 9096 
14618 9097 
14619 9098 
14620 9099 
14621 9100 
14622 9101 
14623 9102 
14624 9103 
14625 9104 
14626 9105 
14627 9106 
14628 9107 
14629 9108 
14630 9109 
14631 9110 
14632 9111 
14633 9112 
14634 9113 
14635 9114 
14636 9115 
14637 9116 
14638 9117 
14639 9118 
14640 9119 
14641 9120 
14642 9121 
14643 9122 
14644 9123 
14645 9124 
14646 9125 
14647 9126 
14648 9128 
14649 9129 
14650 9130 
14651 9127 
14652 9131 
14653 9132 
14654 9133 
14655 9134 
14656 9135 
14657 9136 
14658 9137 
14659 9138 
14660 9139 
14661 9140 
14662 9141 
14663 9142 
14664 9143 
14665 9144 
14666 9145 
14667 9146 
14668 9147 
14669 9148 
14670 9149 
14671 9150 
14672 9151 
14673 9152 
14674 9153 
14675 9154 
14676 9155 
14677 9156 
14678 9157 
14679 9158 
14680 9159 
14681 9160 
14682 9161 
14683 9162 
14684 9163 
14685 9164 
148.20 9022 
148.50 9022 
149,421 9003 
149.05/10 9129 
149.45 9022 
149.60 9120 
15-fold 9110 
15.2 9046 
15.3 9135 
15.50 9031 
15.513 9012 
15.75 9158 9161 
150.00/05 9022 
153.2 9032 
154,767 9097 
155,009 9106 
15:59:17.10 9001 
15:59:39.63 9002 
16,800 9110 
16.6 9158 
16.7 9127 
16.90 9031 
160,000 9144 
164,000 9034 
16:00:01.29 9003 
16:01:25.88 9004 
16:02:17.95 9005 
16:03:55.80 9006 
16:04:42.31 9007 
16:05:14.04 9008 
16:05:42.34 9009 
16:06:25.01 9010 
16:07:44.11 9011 
16:07:51.39 9012 
16:08:11.64 9013 
16:09:09.08 9014 
16:10:06.45 9015 
16:12:10.73 9016 
16:12:45.97 9017 
16:12:53.77 9018 
16:13:26.14 9019 
16:15:17.01 9020 
16:15:59.31 9021 
16:17:44.35 9022 
16:17:58.20 9023 
16:22:32.09 9024 
16:22:41.79 9025 
16:23:12.76 9026 
16:23:23.82 9027 
16:23:35.03 9028 
16:26:21.04 9029 
16:30:25.13 9030 
16:30:42.93 9031 
16:31:01.12 9032 
16:32:07.68 9033 
16:34:49.02 9034 
16:38:19.15 9035 
16:38:34.38 9036 
16:39:39.76 9037 
16:40:00.41 9038 
16:40:32.83 9039 
16:41:16.33 9040 
16:41:51.89 9041 
16:42:09.41 9042 
16:42:29.98 9043 
16:44:02.04 9044 
16:44:47.92 9045 
16:48:46.78 9046 
16:54:19.43 9047 
16:56:59.34 9048 
16:58:33.67 9049 
16:59:02.01 9050 
17.05 9160 
17.17 9127 
17.257 9012 
17.5 9142 
17.50 9063 
170.5 9104 
1700 9047 
173,000 9101 
177,243 9112 
178,437 9097 
17:00:51.46 9051 
17:02:09.20 9052 
17:03:05.68 9053 
17:03:18.88 9054 
17:05:30.74 9055 
17:08:30.83 9056 
17:08:39.15 9057 
17:10:19.66 9058 
17:10:32.59 9059 
17:10:45.15 9060 
17:11:15.09 9061 
17:11:23.20 9062 
17:12:51.35 9063 
17:15:35.82 9064 
17:19:19.43 9065 
17:20:44.22 9066 
17:27:13.04 9067 
17:28:31.22 9068 
17:28:58.09 9069 
17:29:06.75 9070 
17:30:14.91 9071 
17:30:27.09 9072 
17:31:33.86 9073 
17:33:02.73 9074 
17:35:45.21 9075 
17:39:44.56 9076 
17:41:52.68 9077 
17:44:49.75 9078 
17:48:26.93 9079 
17:50:13.36 9080 
17:50:21.61 9081 
17:53:11.46 9082 
17:54:44.54 9083 
17:56:15.34 9084 
17:56:55.55 9085 
17:57:04.54 9086 
18,230 9103 
18,679,090 9097 
18-3/4 9025 
18.845 9012 
18.9 9049 
184.9 9080 9083 
187.5 9104 
18:01:26.87 9087 
18:03:03.64 9088 
18:04:32.44 9089 
18:04:57.80 9090 
18:07:01.66 9091 
18:09:40.16 9092 
18:12:46.76 9093 
18:13:15.39 9094 
18:13:46.57 9095 
18:14:54.16 9096 
18:23:36.11 9097 
18:24:24.58 9098 
18:26:30.73 9099 
18:27:41.18 9100 
18:43:53.98 9101 
18:45:24.42 9102 
18:45:39.15 9103 
18:49:46.20 9104 
18:50:13.71 9105 
18:52:50.01 9106 
18:56:31.28 9107 
18:57:22.82 9108 
19.1 9049 
19.15 9127 
19.17 9160 
19.5 9158 
191,614 9003 
1932 9058 
1956 9110 
1970 9050 
1974 9149 
1975 9153 
1979 9058 
1980 9058 
1981 9155 
1983 9058 
1985 9032 9053 9060 9101 9112 9127 9130 9139 9142 9143 9144 
1985/86 9124 
1986 9008 9022 9026 9037 9046 9048 9059 9070 9072 9097 9107 9109 9112 9124 9127 9135 9139 9142 9149 9150 9158 9159 9160 9161 
1986/87 9124 9146 
1987 9008 9013 9018 9021 9033 9034 9038 9048 9058 9065 9069 9072 9081 9099 9109 9124 9142 9150 9153 
1987/88 9146 
1988 9011 9013 9035 9126 9149 9155 
1989 9145 
1990 9024 9110 
1992 9048 9084 
1993 9048 
1994 9001 
1995 9151 
1996 9136 
19:00:00.83 9109 
19:01:07.62 9110 
19:05:22.61 9111 
19:07:46.04 9112 
19:18:47.91 9113 
19:21:34.71 9114 
19:21:53.45 9115 
19:22:01.19 9116 
19:23:15.29 9117 
19:57:30.70 9118 
1st 9029 9103 
2,000 9126 
2,000,000 9009 
2,041,000 9111 
2,160,000 9035 
2,250,000 9063 
2,297,000 9072 
2,557.44 9037 
2,642,000 9049 
2,690,877 9106 
2,756,000 9066 
2,776,000 9066 
2-year 9005 
2.0 9058 9101 
2.1 9037 9101 
2.14 9124 
2.2 9037 
2.3 9025 9091 
2.4 9037 9057 9098 9101 
2.5 9149 
2.58 9127 
2.6 9101 
2.62 9124 
2.69 9039 
2.7 9008 9139 9156 
2.8 9091 
20,000 9163 
20.24 9031 
20.318 9012 
200,000 9069 
2000 9112 
2002 9063 9086 
2012 9099 
203,372 9098 
204,000 9046 
209.5 9139 
20:03:50.68 9119 
20:06:00.50 9120 
20:06:02.36 9121 
20:41:28.84 9122 
20:46:44.27 9123 
21.31 9127 
21.49 9127 
21.78 9035 
215.7 9080 9083 
21:23:11.10 9124 
21:50:50.68 9125 
22.4 9112 
22.75 9035 
23,024 9098 
23.5 9142 
233,983 9106 
23:22:41.08 9126 
23:43:04.41 9127 
24-mar-1987 9001 9002 9003 9004 9005 9006 9007 9008 9009 9010 9011 9012 9013 9014 9015 9016 9017 9018 9019 9020 9021 9022 9023 9024 9025 9026 9027 9028 9029 9030 9031 9032 9033 9034 9035 9036 9037 9038 9039 9040 9041 9042 9043 9044 9045 9046 9047 9048 9049 9050 9051 9052 9053 9054 9055 9056 9057 9058 9059 9060 9061 9062 9063 9064 9065 9066 9067 9068 9069 9070 9071 9072 9073 9074 9075 9076 9077 9078 9079 9080 9081 9082 9083 9084 9085 9086 9087 9088 9089 9090 9091 9092 9093 9094 9095 9096 9097 9098 9099 9100 9101 9102 9103 9104 9105 9106 9107 9108 9109 9110 9111 9112 9113 9114 9115 9116 9117 9118 9119 9120 9121 9122 9123 9124 9125 9126 9127 
25-1/8 9043 
25-mar-1987 9128 9129 9130 9131 9132 9133 9134 9135 9136 9137 9138 9139 9140 9141 9142 9143 9144 9145 9146 9147 9148 9149 9150 9151 9152 9153 9154 9155 9156 9157 9158 9159 9160 9161 9162 9163 9164 
25.0 9021 
25.6 9034 
25.75 9127 
25.94 9127 
250,000 9069 
26.2 9141 
26.42 9127 
26.5 9058 
260,000 9144 
268,000 9142 
27.5 9086 
27.8 9158 
28.5 9032 
28.6 9032 
28.9 9112 
280,000 9163 
288.8 9032 
29.4 9032 9127 
29.8 9034 
2nd 9003 9049 
3,000 9140 
3,005,000 9066 
3,017,000 9049 
3,329,000 9111 
3,346,627 9097 
3,358 9046 
3,483,000 9113 
3,650,322 9003 
3,836,794 9003 
3,842 9083 
3,863,000 9113 
3,870,511 9029 
3,983 9083 
3.062 9012 
3.08 9133 
3.29 9075 
3.3 9078 9098 9135 
3.332 9012 
3.5 9057 
3.6 9046 
3.8 9034 
3.86 9133 
3.9 9046 
3.95 9133 
30,000 9018 9071 9093 
30,909 9046 
30,969 9103 
30.0 9021 
30.6 9019 
30.68 9145 
300,000 9153 
32.1 9146 
32.3 9106 9158 9161 
33.8 9049 
34,800 9124 
35,700 9124 
35.17 9145 
35.5 9112 
35.6 9049 9112 
356,000 9094 
36.1 9135 
36.3 9032 
36.36 9143 
36.4 9146 
374.3 9048 
38.8 9066 
380,000 9001 
3rd 9072 9091 9111 
4,021,000 9066 
4,948,731 9029 
4.003 9164 
4.07 9039 
4.183 9164 
4.2 9058 9154 9164 
4.3 9101 
4.5 9105 
4.8 9027 
4.81 9158 
400,500 9027 
403.7 9091 
407.7 9091 
43,000 9093 
43.4 9112 
434,000 9029 
44.7 9161 
4400 9050 
45,000 9163 
45.5 9126 
45.72p 9160 
46.36 9037 
46.6 9111 
46.9 9066 
464.7 9048 
47.47 9037 
47.6 9008 
470,000 9025 
48.31 9037 
48.9 9111 
494,000 9101 
4th 9034 9066 9097 9101 9113 9115 
5,000 9156 
5,031 9046 
5,120,206 9097 
5,178,000 9049 
5,299,000 9049 
5,500,000 9066 
5,550,000 9066 
5,680,000 9047 
5,846,962 9097 
5-1/2 9086 
5.06 9127 
5.3 9164 
5.4 9034 9154 
5.5 9018 
5.73 9141 
50,000 9144 
50.5 9032 
500,000 9065 
500-member 9043 
52,500 9095 
5200 9050 
53.0 9017 
53.51p 9160 
532,807 9098 
572,100 9097 
589.51 9037 
59.1 9158 
6,122,378 9097 
6,658 9050 
6,805,951 9097 
6,922,949 9106 
6-1/2 9082 
6-1/4 9148 9151 
6-mo 9004 
6.2 9046 
6.43 9005 
6.44 9005 
6.5 9034 9112 9158 9161 
6.50 9052 
6.67 9143 
6.9 9034 
6.94 9158 
60-day 9119 9122 
600,000 9099 
600-member 9043 
602.26 9037 
61.5 9058 
65.13 9127 
66.7 9032 
66.75 9086 
67,672 9046 
7,090,000 9066 
7,100 9155 
7,447 9046 
7,508,000 9066 
7-1/2 9084 
7-eleven 9139 
7.27 9127 
7.35p 9160 
7.56 9084 
7.61 9127 
7.7 9091 9154 
700,000 9025 
702,994 9103 
706,984 9097 
71.4 9058 
72.39 9127 
73.8 9141 
738,000 9110 
75.2 9082 
750,000 9002 
752,297 9047 
76.44 9109 
769,465 9098 
780,712 9115 
787,738 9097 
799,000 9113 
8,387,802 9097 
8,451,578 9097 
8-1/2 9082 
8.3 9058 9143 
8.53 9039 
8.573 9081 
8.8 9158 9161 
8.8p 9160 
8.9 9091 
8/16 9095 
80,640 9097 
80-mln 9058 
80.2 9029 
81.8 9112 
83.3 9058 
83.79 9143 
84.0 9029 
879.4 9135 
880,000 9101 
889.2 9135 
889.5 9135 
89.6 9082 
891.2 9135 
892.5 9135 
9,288,996 9097 
9,290,000 9111 
9-1/2 9063 
9.0 9101 
9.4 9158 
9.50 9009 
9.55 9127 
9.6 9082 
9.7 9072 
9.8 9076 
9.9-mln-dlr 9081 
90.5 9032 
9001 9001 
9002 9002 
9003 9003 
9004 9004 
9005 9005 
9006 9006 
9007 9007 
9008 9008 
9009 9009 
9010 9010 
9011 9011 
9012 9012 
9013 9013 
9014 9014 
9015 9015 
9016 9016 
9017 9017 
9018 9018 
9019 9019 
9020 9020 
9021 9021 
9022 9022 
9023 9023 
9024 9024 
9025 9025 
9026 9026 
9027 9027 
9028 9028 
9029 9029 
903.2 9135 
9030 9030 
9031 9031 
9032 9032 
9033 9033 
9034 9034 
9035 9035 
9036 9036 
9037 9037 
9038 9038 
9039 9039 
9040 9040 
9041 9041 
9042 9042 
9043 9043 
9044 9044 
9045 9045 
9046 9046 
9047 9047 
9048 9048 
9049 9049 
9050 9050 
9051 9051 
9052 9052 
9053 9053 
9054 9054 
9055 9055 
9056 9056 
9057 9057 
9058 9058 
9059 9059 
9060 9060 
9061 9061 
9062 9062 
9063 9063 
9064 9064 
9065 9065 
9066 9066 
9067 9067 
9068 9068 
9069 9069 
9070 9070 
9071 9071 
9072 9072 
9073 9073 
9074 9074 
9075 9075 
9076 9076 
9077 9077 
9078 9078 
9079 9079 
9080 9080 
9081 9081 
9082 9082 
9083 9083 
9084 9084 
9085 9085 
9086 9086 
9087 9087 
9088 9088 
9089 9089 
9090 9090 
9091 9091 
9092 9092 
9093 9093 
9094 9094 
9095 9095 
9096 9096 
9097 9097 
9098 9098 
9099 9099 
9100 9100 
9101 9101 
9102 9102 
9103 9103 
9104 9104 
9105 9105 
9106 9106 
9107 9107 
9108 9108 
9109 9109 
9110 9110 
9111 9111 
9112 9112 
9113 9113 
9114 9114 
9115 9115 
9116 9116 
9117 9117 
9118 9118 
9119 9119 
9120 9120 
9121 9121 
9122 9122 
9123 9123 
9124 9124 
9125 9125 
9126 9126 
9127 9127 
9128 9128 
9129 9129 
9130 9130 
9131 9131 
9132 9132 
9133 9133 
9134 9134 
9135 9135 
9136 9136 
9137 9137 
9138 9138 
9139 9139 
9140 9140 
9141 9141 
9142 9142 
9143 9143 
9144 9144 
9145 9145 
9146 9146 
9147 9147 
9148 9148 
9149 9149 
9150 9150 
9151 9151 
9152 9152 
9153 9153 
9154 9154 
9155 9155 
9156 9156 
9157 9157 
9158 9158 
9159 9159 
9160 9160 
9161 9161 
9162 9162 
9163 9163 
9164 9164 
93.7 9127 
933,183 9097 
939.3 9135 
94.90 9146 
956,971 9103 
97.4 9158 
99.2 9016 
99.75 9084 
998.4 9135 
`` 9007 9011 9013 9015 9022 9026 9027 9036 9046 9048 9051 9055 9058 9060 9061 9069 9076 9079 9092 9110 9123 9125 9138 9139 9140 9149 9154 9157 9158 9161 9163 
a. 9092 
a.n.r 9077 
aa 9082 
aa-2 9084 
ability 9011 9139 
abolishment 9092 
abroad 9055 9134 
absolutely 9058 
ac 9086 
accelerate 9035 
accept 9063 9100 9154 
accepted 9141 
access 9055 9075 9100 9141 
accord 9022 9061 9134 
account 9022 9143 
accounted 9109 
accounts 9012 9078 9112 
accruals 9072 
accused 9140 
accusing 9126 
achieve 9055 
achieved 9025 9026 
acid 9025 
acklands 9029 
acklands-ltd 9029 
acq 9010 9020 9025 9027 9033 9036 9041 9045 9047 9059 9064 9067 9068 9075 9081 9087 9088 9090 9098 9102 9108 9110 9112 9147 9152 9156 
acquire 9033 9047 9063 9072 9087 9102 9112 9147 
acquired 9020 9045 9098 
acquires 9020 9045 
acquiring 9088 
acquisition 9045 9047 9059 9088 9108 9112 9156 
acquisitions 9086 9139 
acre 9058 
acreage 9058 
acres 9058 
acted 9061 
acting 9009 9084 
action 9015 9022 9054 9061 9076 9092 
actions 9022 9092 
active 9069 
activities 9026 9160 
activity 9011 
add 9072 9139 
added 9002 9015 9055 9075 9123 9134 9142 9154 
adding 9038 9048 9134 9144 9150 9154 
addition 9026 9033 9036 9072 9112 9149 
additional 9027 9052 9058 9092 9130 9139 9155 
adjusted 9158 
admg 9001 
administration 9013 9015 9051 9069 9085 
adoption 9036 
advance 9112 
advanced 9001 
advances 9072 9164 
adverse 9053 
adversely 9149 
advise 9047 
advised 9075 
advisor 9047 
advisory 9119 9123 9150 
aerospace 9102 
affairs 9076 9096 9126 
affect 9149 
affiliate 9147 
affiliates 9064 9101 9139 
afg 9036 9087 
afraid 9046 
africa 9090 
african 9090 
afternoon 9022 9129 
ag 9141 
agency 9016 9105 9125 9144 9149 
agent 9032 
agents 9001 
aggregate 9045 9106 9112 
agip 9065 
ago 9077 9098 9110 9126 9135 9161 9163 
agree 9119 9123 9154 
agreed 9015 9022 9046 9047 9061 9076 9087 9102 9108 9123 9131 9134 9157 
agreeing 9154 
agreement 9001 9007 9015 9018 9035 9046 9061 9075 9076 9081 9098 9108 9112 9134 9147 9155 9156 9157 9163 
agreements 9114 9155 
agricola 9156 
agricultural 9142 
agriculture 9013 9018 9021 9058 9060 9069 9124 
agro-industrial 9156 
ahm 9074 
ahmanson 9074 
aid 9013 9089 
aig 9090 
ail 9017 
aim 9036 
aimed 9036 9149 
airborne 9020 
aircraft 9017 
airline 9092 9161 
airlines 9092 9108 9157 
airport 9092 
airways 9157 9158 9161 
akron 9036 9087 9088 
alan 9139 
alarm 9076 
alarms 9076 
albert 9022 
alberta 9089 
alex 9062 
alfa 9147 
allegations 9026 
alleged 9015 9026 
alleging 9026 
alleviating 9144 
allies 9055 
allocated 9164 
allocations 9154 9157 
allowed 9163 
allowing 9154 
alrn 9034 
alternative 9112 9150 
altron 9034 
am-brazil-computer 9051 
am-brazil-planning 9096 
amd 9138 
amended 9068 
america 9042 
american 9022 9032 9043 9046 9063 9064 9086 9090 9092 9110 9149 
amo 9046 
amoco 9155 
amortization 9053 
amount 9020 9022 9063 9112 9120 9151 
amounts 9085 9129 
amr 9092 
amsterdam 9151 9164 
analyst 9046 9058 9110 
analysts 9046 9048 9055 9058 9079 9110 9139 
and/or 9095 
andrew 9076 9126 
angeles 9035 9074 9078 9081 9115 
angeles-based 9102 
anibal 9096 
annouce 9065 
announce 9065 9089 
announced 9008 9050 9089 9092 9106 9124 9139 9155 9156 9161 
announces 9096 
annual 9036 9048 9058 9064 9087 9100 9107 9140 
annually 9065 9130 9145 
annum 9130 
answer 9011 9079 
antananarivo 9155 
antibody-based 9062 
anticipates 9078 
antidumping 9015 
anxious 9046 
apa 9099 
apache 9099 
apfa 9092 
api 9039 
apparel 9070 
appeals 9032 
appearance 9140 
appeared 9022 9154 
appears 9140 
appoint 9050 
appropriations 9013 
approval 9036 9100 9130 9154 
approvals 9032 
approve 9087 
approved 9032 9040 9085 9087 9108 9112 9141 
approximately 9065 
april 9008 9011 9022 9023 9035 9040 9044 9063 9064 9081 9088 9093 9095 9108 9116 9124 9126 9130 9138 9141 9146 9154 9158 9161 9163 9164 
arc 9065 
archer 9051 
architect 9069 
area 9048 9072 
areas 9048 9058 9072 9154 
argo 9072 
argue 9022 
argued 9060 
arizona-based 9072 
arrangement 9123 
arrangements 9077 9163 
array 9038 
arrears 9130 
arrival 9050 9093 
arturo 9065 
arvid 9110 
asia 9139 9141 
asked 9002 9047 9069 9087 9134 9142 9156 9163 
asks 9162 
aspect 9055 
assays 9104 
asset 9112 9158 
assets 9020 9064 9072 9102 9112 9115 9156 
assist 9013 
assistance 9026 
assistant 9142 
associates 9110 
association 9037 9050 9092 9110 9163 
associations 9149 
assuming 9058 
assurance 9013 9075 
assurances 9076 
atari 9006 
atlanta 9091 
atlantic 9044 9047 9065 
att 9043 
attack 9019 
attempting 9002 9007 
attendants 9092 
attended 9140 
attention 9036 9087 
attracted 9110 
attributable 9160 
attributes 9139 
auction 9023 
auditorium 9140 
auger 9046 
augment 9009 
august 9018 
austn 9107 
australia 9107 9126 9127 9130 
australian 9095 
author 9022 9058 9076 9110 9139 9154 
authorisations 9156 
authorities 9022 9076 9144 
authorization 9018 
authorized 9018 
auto 9046 9110 
automakers 9046 9110 
automated 9050 
automobile 9110 
autoparts 9147 
average 9005 9058 9082 9110 
averaging 9058 
avg 9029 9066 9097 
aviation 9020 
avoid 9147 
awarded 9005 9016 
axworthy 9076 
bache 9141 
back 9022 9043 9120 9154 
backed 9015 9154 
background 9050 
bad 9124 9149 
bahrain 9031 
bailly 9053 
bailout 9013 
baker 9022 9055 9134 
balance 9012 9112 9143 
balances 9012 
baldrige 9007 
baltimore 9064 
bancorp 9106 9115 
bangkok 9133 9153 
bangladesh 9143 
bank 9022 9048 9055 9064 9081 9084 9090 9107 9118 9119 9120 9122 9123 9128 9129 9130 9133 9134 9137 9138 9141 9142 9143 9150 9164 
bankamerica 9022 
bankcard 9048 
banker 9142 
bankers 9123 
banking 9007 9048 9055 9061 9084 9142 
bankruptcy 9002 9032 
banks 9022 9055 9061 9064 9116 9120 9123 9129 9141 9142 
banque 9130 
bar 9014 
barney 9099 9141 
barrel 9031 
base 9058 9071 
based 9022 9047 9058 9083 
basin 9042 9155 
basis 9046 9084 9106 
bat 9159 9160 
baucus 9060 
bay 9125 
bayou 9098 
bbls 9039 
bbusx 9030 
bc- 9029 9097 9115 
bc-******api-says-distil 9039 
bc-******borg-warner-say 9067 
bc-******crs-sirrine-pla 9073 
bc-******cyclops-corp-sa 9068 
bc-******eastman-kodak-c 9010 9025 
bc-******fed's-johnson-s 9054 
bc-******gencorp-board-w 9028 
bc-******nasdaq-short-in 9080 9083 
bc-******resorts-interna 9041 
bc-******u.s.-2-year-not 9005 
bc-******u.s.-selling-12 9004 
bc-/baldrige-supports-ni 9007 
bc-/fed's-johnson-says-f 9061 
bc-/u.s.-corn-acreage-se 9058 
bc-/u.s.-sugar-quota-may 9069 
bc-/u.s.-to-sell-12.8-bi 9023 
bc-advanced-magnetics- 9001 
bc-airlines-can-increase 9157 
bc-altron-inc- 9034 
bc-american-can- 9086 
bc-american-internationa 9090 
bc-apache- 9099 
bc-austn-feb-annual-m3-m 9107 
bc-australia's-oppositio 9126 
bc-bangladesh's-payments 9143 
bc-bank-of-japan-bought 9118 
bc-bank-of-japan-keeps-i 9128 
bc-bat-industries-1986-p 9159 
bc-bat-industries-plc- 9160 
bc-bayou- 9098 
bc-bell-group-issuing-20 9130 
bc-borg-warner- 9075 
bc-borman's-inc- 9056 
bc-brazil/bank-committee 9123 
bc-brussels 9152 
bc-bull-and-bear-group-a 9030 
bc-california-microwave 9072 
bc-caltex-to-raise-bahra 9031 
bc-canada-energy-ministe 9089 
bc-canada-vows-to-fight 9076 
bc-chapman- 9112 
bc-charter-co- 9032 
bc-china's-first-joint-v 9142 
bc-citicorp- 9048 
bc-collins-foods- 9035 
bc-commodore- 9006 
bc-comprehensive-care-co 9111 
bc-computer-identics-cor 9101 
bc-corrected 9043 
bc-corrected-miami-brazi 9122 
bc-current-exchange-rate 9131 
bc-dollar-expected-to-fa 9022 
bc-dutch-state-launches 9148 
bc-eaton- 9017 
bc-ec-ministers-fail-to 9154 
bc-exchange-rates-almost 9134 
bc-exxon- 9016 
bc-farm-credit-system-se 9013 
bc-fed-chairman-volcker 9055 
bc-ferruzzi-deal-with-cp 9156 
bc-feud-persists-at-u.s. 9011 
bc-firm-reduces-sceptre 9027 
bc-first-new-hampshire-b 9116 
bc-fleet-to-acquire-asse 9102 
bc-foreign-brokers-get-m 9141 
bc-gartner-group- 9045 
bc-gencorp- 9036 9087 9088 
bc-golden-north-has-enco 9104 
bc-goldman-sachs-sells-s 9084 
bc-gottschalks-inc- 9066 
bc-great-atlantic-and-pa 9044 
bc-guinness 9026 
bc-h.f.-ahmanson-and-co 9074 
bc-hawkeye- 9106 
bc-health-research-files 9002 
bc-house-of-fabrics- 9117 
bc-hu-yaobang-appears-at 9140 
bc-indian-rocket-launch 9125 
bc-inland-steel- 9024 
bc-interleukin-2- 9057 
bc-japan's-1986/87-sugar 9124 
bc-japan-buys-modest-amo 9120 
bc-japan-does-not-intend 9138 
bc-japan-intervening-to 9129 
bc-japan-trade-ministry 9162 
bc-jardine-matheson-prof 9139 
bc-kirschner- 9059 
bc-madagascar-extends-am 9155 
bc-maryland-national- 9064 
bc-matsushita-to-issue-2 9136 
bc-mcdonnell-douglas-get 9019 
bc-mergers 9110 
bc-metalbanc-in-offering 9052 
bc-miami-brazil-and-bank 9119 
bc-miami-brazil-says-it 9121 
bc-midivest-acquires-ass 9020 
bc-mikron-instrument-co 9103 
bc-mobil- 9070 
bc-monolithic- 9038 
bc-n.z.-trade-surplus-11 9135 
bc-nasd-to-begin-search 9050 
bc-nashua- 9033 
bc-new-dutch-bullet-stat 9151 
bc-new-dutch-special-adv 9164 
bc-nissan-affiliate-to-a 9147 
bc-nms-pharmaceutical- 9085 
bc-northern-indiana-publ 9053 
bc-numerex-corp- 9003 
bc-ormand-industries- 9078 
bc-oxford-industries-inc 9091 
bc-peking-faces-water-ra 9144 
bc-portugal-may-have-pur 9093 
bc-ps-group- 9108 
bc-rb-industries- 9081 
bc-republic-american- 9063 
bc-resorts-int'l- 9047 
bc-singapore-securities 9150 
bc-sony- 9071 
bc-southmark- 9009 
bc-sri-lanka-tendering-o 9095 
bc-sri-lankan-government 9163 
bc-sumita-says-bank-of-j 9137 
bc-sumita-says-major-nat 9132 
bc-swire-pacific-ltd- 9158 
bc-swire-plans-bonus-iss 9161 
bc-taiwan-tendering-thur 9094 
bc-tandon- 9109 
bc-thailand's-foreign-re 9133 
bc-transcontinental- 9100 
bc-travelers- 9082 
bc-treasury-balances-at 9012 
bc-triangle- 9008 
bc-trintoc-and-union-car 9077 
bc-two-japanese-steelmak 9146 
bc-u.s.-car-sales-down-3 9046 
bc-u.s.-china-cigarette 9145 
bc-u.s.-senators-seek-to 9060 
bc-u.s.-wheat-credits-fo 9021 
bc-union-takes-american 9092 
bc-unionist-urges-retali 9015 
bc-unisys- 9105 
bc-univation-inc- 9114 
bc-usx- 9014 
bc-venezuela-has-chosen 9065 
bc-vermont-financial-ser 9040 
bc-vestar-inc- 9113 
bc-vietnam-to-resettle-3 9153 
bc-volcker-calls-dollar 9079 
bc-vr-business-brokers-e 9042 
bc-wd-40-co- 9049 
bc-weekly-electric-outpu 9037 
bc-weeks-petroleum-ltd- 9127 
bc-xoma- 9062 
bc-yen-may-rise-to-140-t 9149 
bc-zaire-authorized-to-b 9018 
beach 9085 
bear 9009 9030 9047 
beat 9047 
beatle 9110 
beechcraft 9020 
began 9008 9063 9110 9120 9142 
begin 9013 9050 9071 9077 
beginning 9014 9082 9124 9154 
begins 9008 
behalf 9022 9163 
belgian 9154 
belgium 9154 9156 
believed 9022 
believes 9047 
bell 9127 9130 
belt 9058 
benchmark 9150 
bend 9024 
beneficial 9088 
benefitted 9142 
bengal 9125 
benson 9141 
bentsen 9060 
benz 9139 
berkeley 9062 
bermuda 9127 
bickering 9011 
bid 9046 9047 9065 
bids 9164 
big 9046 9139 
bigger 9022 9110 
bilateral 9076 
bill 9013 9055 9060 
billington 9013 
billion 9004 9008 9012 9013 9022 9023 9026 9037 9046 9048 9058 9064 9065 9075 9110 9123 9133 9135 9136 9139 9146 9150 9153 9154 9158 9159 9160 9161 9164 
bills 9004 9023 
biotechnology 9062 9154 
bitter 9076 
blah 9004 9005 9010 9028 9039 9041 9054 9067 9068 9073 9080 9118 9119 9121 9122 9128 9131 9132 9137 9148 9152 9159 9162 
blast-off 9125 
blinch 9076 
blla.s 9130 
block 9087 
blood 9085 
bloom 9046 
bltfx 9030 
bnbga 9030 
board 9002 9013 9015 9022 9028 9036 9040 9047 9055 9061 9075 9079 9087 9088 9112 
bob 9011 9076 
boeksy 9026 
boesky 9026 
bolivars 9065 
bond 9082 9130 9136 9141 
bonded 9163 
bonds 9086 9130 9141 9150 
bonus 9060 9158 9161 
book 9139 
books 9158 
boost 9149 9154 
boosting 9149 
bop 9143 
bor 9075 
borders 9051 
borg-warner 9067 9075 
borman 9056 
borrowing 9055 
borrowings 9142 
boston 9042 9086 9141 
bought 9022 9118 9120 
bourdain 9022 
bourret 9070 
braddock 9048 
branch 9048 9142 
branches 9142 
branded 9076 
brasilia 9096 
brattleboro 9040 
brazil 9051 9096 9119 9121 9122 9123 
brazil/bank 9123 
brazilian 9051 9123 
break 9022 
break-even 9072 
brf 9056 
bring 9031 9134 9149 
bringing 9069 9149 
britain 9022 9061 9134 9138 9154 
british 9104 9157 
broaden 9060 
brochures 9092 
broker-dealers 9050 
brokers 9042 9120 9128 9129 9141 
broking 9150 
brothers 9086 9141 
brown 9036 9062 9087 
brussels 9152 9154 9156 
bti.l 9160 
budge 9058 
budget 9011 9012 9154 
buffer 9163 
bug 9110 
build 9024 9077 
building 9055 
built 9024 9077 
bulhx 9030 
bull 9030 
bullet 9148 9151 
bulletin 9126 
bumbled 9076 
bumpei 9149 
burnham 9009 9141 
bushel 9058 
bushels 9058 
business 9012 9020 9042 9048 9086 9109 9139 9149 9156 
businesses 9139 
businessman 9149 
busy 9157 
buy 9001 9018 9035 9043 9047 9055 9100 9129 9163 
buyers 9046 9060 
buying 9110 9120 9129 
buyout 9041 
buyouts 9110 
buys 9120 
by-products 9156 
byou 9098 
bywater 9015 
ca 9115 
cake 9156 
calendar 9127 
calif 9066 
calif. 9038 9049 9062 9063 9072 9085 9108 9109 9111 9113 9114 9117 
california 9072 
california-based 9110 
call 9065 
called 9011 9015 9085 9123 9134 9144 
calls 9047 9078 9079 9149 9154 
calm 9069 
caltex 9031 
cambridge 9001 
cameras 9139 
canada 9022 9027 9029 9060 9061 9076 9089 9104 9134 9138 
canadian 9060 9076 9089 9095 9102 
canadian-u.s. 9076 
cancel 9087 
cancels 9087 
cancer 9062 
candidates 9050 
cane 9069 9124 
canon 9139 
canton 9101 
canty 9104 
capacity 9062 9156 
capel 9139 
caph.hkg 9157 9158 9161 
capital 9001 9009 9013 9062 9065 9081 9130 9136 9146 
capitalisation 9150 
capitalized 9047 
car 9046 9110 9147 
car-telephone 9126 
caracas 9065 
carbide 9077 
carbone 9065 
carbozulia 9065 
carcass 9060 
card 9048 
care 9020 9111 
careful 9076 
cares 9110 
cargo 9093 
caribbean 9042 9069 
carr 9141 
carried 9123 
carrier 9157 
carry 9047 9075 9130 
carrying 9109 
cars 9046 9110 9139 
case 9006 9076 
cash 9012 9032 9040 9047 9059 9072 9078 9098 9112 9139 9154 9160 
cassoni 9043 
catharines 9102 
cathay 9157 9158 9161 
caught 9046 
caused 9058 9076 9110 9147 
causing 9046 9060 
cautioned 9150 
cbu 9006 
ccc 9021 
cci 9048 
cease 9163 
celanese 9145 
cellulose 9145 
centers 9109 
centimetres 9144 
central 9022 9042 9055 9061 9120 9123 9129 9134 9138 9143 9153 9164 
cents 9127 9139 9158 9161 
cereal 9156 
cereals 9156 
ceremenony 9155 
certian 9047 
certificates 9082 9088 
cf 9035 
chacin 9065 
chaired 9154 
chairman 9002 9011 9013 9050 9055 9060 9061 9069 9079 9130 9150 
challenge 9126 
chance 9022 
change 9064 9110 9138 9150 
changed 9007 
changing 9069 
chapman 9112 
chapter 9002 9112 
charge 9072 9100 
charged 9026 
charges 9072 9101 
charging 9026 
charles 9060 
charter 9032 
chatsworth 9109 
cheap 9149 
checking 9129 
chevrolet 9110 
chevron 9031 
chevy 9110 
chicago 9022 9070 9075 9093 9094 9095 
chief 9002 9140 
childish 9011 
chilled 9060 
chin 9046 
china 9140 9142 9144 9145 
chinese 9140 9142 
chosen 9065 
chpn 9112 
chris 9022 
christian 9139 
chrysler 9046 9147 
chunk 9043 
chv 9031 
cidn 9101 
cigarette 9145 
circuit 9038 
circulated 9022 
citicorp 9048 
cities 9153 
city 9047 9144 
claiming 9076 
claims 9032 
claire 9022 
clara 9038 
clarify 9060 
clark 9076 
class 9047 9078 
classes 9033 
classified 9036 
clauses 9156 
clayton 9134 
clearance 9163 
clearing 9150 
clinical 9001 9062 
close 9058 9129 9134 9154 9158 
closed 9011 9035 9051 9126 9136 
closed-minister 9051 
closely 9061 9134 9138 
closing 9022 9033 9034 9035 9081 9086 
cmic 9072 
cmph 9111 
co-chief 9050 
co-managed 9084 
co-underwriters 9009 
co. 9026 
coal 9065 
coalition 9126 
coast 9077 9155 
cochran 9060 
coffee 9153 
cohesiveness 9036 
cold- 9024 
cole 9110 
colleagues 9154 
collectively 9142 
collins 9035 
colombo 9163 
columbia 9104 
combat 9140 9154 
combination 9160 
combined 9064 
coming 9048 9069 9129 
comment 9006 9022 9032 9047 9090 
comments 9022 9055 
commerce 9002 9007 9076 
commercial 9055 9123 9142 9155 9156 9160 
commission 9027 9060 9062 9076 9099 9100 9150 9154 
commitment 9022 9047 9141 
committed 9050 9075 
committee 9011 9032 9050 9055 9060 9119 9122 9123 9138 
committment 9061 
committtee 9011 
commodities 9149 
commodity 9021 9076 
commodore 9006 
common 9001 9002 9008 9009 9027 9032 9035 9036 9047 9052 9053 9057 9059 9062 9063 9086 9088 9106 9112 
commons 9076 
communicate 9092 
communicated 9123 
communications 9072 
communist 9140 9153 
community 9154 9156 
company 9002 9006 9009 9030 9031 9032 9033 9035 9036 9038 9043 9046 9047 9053 9057 9062 9063 9064 9065 9070 9072 9075 9077 9078 9086 9087 9090 9099 9106 9108 9109 9112 9114 9127 9139 9142 9146 9147 9156 9160 9161 
comparable 9084 
compared 9012 9046 9048 9058 9083 9098 9107 9110 9112 
compares 9046 9135 
compete 9110 9142 9163 
competing 9060 
competition 9142 
competitive 9015 9055 9150 
complete 9009 9024 9032 9047 9123 
completed 9021 9022 9032 9059 9081 9112 
completes 9059 9081 
completing 9011 9032 
completion 9047 9106 9108 9146 
comply 9123 
component 9145 
compound 9048 
comprehensive 9111 
compromise 9154 
computer 9033 9043 9051 9101 9105 9109 
computers 9043 9154 
comtec 9045 
conceded 9046 
concentrate 9050 
concept 9050 
concern 9032 9069 9079 
concerned 9069 9134 
concerns 9055 
concerted 9022 
conclusion 9090 
condition 9149 
conditioned 9088 9100 
conditions 9014 9027 9058 9068 9075 9108 9144 
conducted 9126 9150 
conducts 9001 
conference 9051 9089 9092 9138 9150 
confidence 9076 
confirmation 9032 
confirmed 9022 9079 
congress 9011 9013 9140 
congressional 9013 
congressman 9069 
conn. 9045 
connected 9123 
connection 9099 
consecutive 9035 
conservation 9058 
conservative 9048 9076 
considerable 9055 
consideration 9036 9055 9069 
considered 9134 
consisting 9052 
consists 9081 
consolidated 9099 
consortium 9015 9065 9090 
constituencies 9036 
constructed 9077 
construction 9077 9142 9146 
consultant 9070 
consultants 9042 
consumer 9046 9048 
consumers 9046 
consumption 9144 9149 9163 
contacts 9142 
contained 9026 
contemplates 9112 
contingent 9002 
continue 9048 9087 9149 
continued 9071 
continues 9109 
continuing 9013 9088 9129 9154 
contract 9016 9017 9019 9065 9092 9100 9108 9156 
contrast 9001 9058 
contributed 9038 
contribution 9139 
control 9047 9112 9144 
controlled 9047 9075 
controlling 9112 
conversation 9126 
conversion 9035 9057 9102 9130 9136 
converted 9047 9112 
convertible 9057 9086 9099 9106 9130 9133 9136 
convince 9154 
convinced 9022 
cooperate 9011 9022 9134 
cooperated 9132 9134 
cooperatives 9163 
coordination 9022 
cope 9149 
corn 9058 9093 9094 9156 
corporate 9086 9150 
corporation 9021 9026 9047 9142 
correct 9058 9061 
corrected 9043 
corrected-miami-brazil 9122 
corrects 9043 
cos 9047 
cost 9013 9015 9024 9048 9071 9149 
costa 9141 
costing 9071 
costly 9087 
costs 9034 9072 9149 9153 
council 9015 
countenance 9022 
counterpart 9089 
counties 9081 
countries 9007 9042 9055 9069 9114 9156 
country 9015 9051 9076 9143 
county 9024 9042 
couple 9022 
coupon 9082 9084 9086 9136 9151 
court 9026 9032 9053 9087 9092 9130 
cover 9042 
covering 9062 
covers 9018 
cpc 9152 9156 
crash 9015 
create 9150 9153 
created 9043 9139 
creation 9025 
creative 9110 
creatively 9139 
credit 9013 9021 9048 9055 9086 9112 9119 9122 9123 9160 
creditors 9032 9078 9106 9112 9123 
credits 9021 
crink 9081 
crisis 9149 9154 
criteria 9060 
criticized 9076 
crop 9058 9124 
crops 9153 
crosby 9047 
crowded 9153 
crs 9073 
crude 9031 9039 9065 9155 
ct 9097 
cumulative 9036 9087 
currencies 9007 9022 9061 9132 9133 9134 
currency 9022 9055 9061 9079 9120 9134 9138 9154 
current 9002 9014 9021 9038 9069 9131 9134 9143 9157 9164 
custom 9102 
customer 9048 9109 
customers 9071 9100 
cut 9007 9058 9069 9138 9141 9142 9146 9149 9154 
cutback 9015 
cuts 9030 9058 9154 
cutting 9138 
cwe 9163 
cyacq 9068 
cyclops 9068 
d-ark 9060 
d-mont 9060 
d-tex 9060 
d-vt 9060 
da 9141 
dade 9042 
daily 9076 9144 9145 
dairy 9139 
daiwa 9136 
dallas 9009 9092 9112 
dallas-fort 9092 
damaging 9055 9149 
dan 9153 
daniel 9002 
data 9033 9043 9047 9071 9113 9115 9150 
dated 9100 
david 9060 9110 
davies 9047 
davis 9047 
day 9012 9046 9077 9088 9164 
days 9012 9022 9035 9088 9123 9126 9130 9144 
de 9051 9065 9096 
deadline 9011 9108 
deadlock 9154 
deal 9084 9156 
dealer 9022 9055 9110 9120 
dealers 9022 9046 9050 9110 9118 9120 9129 9138 
dealership 9110 
dealerships 9110 
dealing 9150 
deals 9069 
dean 9099 
debenture 9099 
debentures 9063 9081 9112 
debit 9160 
debt 9002 9047 9055 9078 9081 9086 9097 9106 9123 9139 
debts 9009 9055 
deceived 9026 
december 9008 9035 9053 9069 9109 9112 9124 9130 9136 
decide 9015 
decided 9088 9141 
decision 9050 9053 9060 9069 9123 9141 9163 
declares 9056 
declaring 9036 
decline 9022 9046 9058 9061 9124 
declined 9007 9058 9123 9142 
decrease 9058 
decreased 9112 
decreasing 9058 
dedicated 9043 
defendants 9026 
defense 9015 9016 9102 
deficiency 9112 
deficit 9007 9022 9135 9143 
deficit-cutting 9011 
deficits 9007 
definite 9098 
definitie 9098 
definition 9060 
definitive 9081 
deflationary 9138 
delaware 9047 
delayed 9011 9154 
delegates 9140 
delhi 9125 
deliberations 9011 
delivery 9105 
delta 9058 
deltas 9153 
demand 9071 9144 9149 
demanded 9110 9154 
demands 9154 
democrat 9069 
democratic 9011 
democrats 9011 
denials 9022 
denied 9043 
denver 9047 
deny 9055 
denying 9053 
department 9002 9007 9013 9018 9021 9058 9060 9069 9076 9108 9135 9155 9163 
depend 9139 
depending 9027 9071 
depends 9149 
deposit 9032 9084 
deposits 9065 9142 
depreciation 9127 
depressed 9015 
depressing 9149 
deprived 9139 
deputy 9150 
derived 9158 9161 
des 9106 
designed 9154 
designs 9102 
destabilizing 9055 
details 9057 9163 
detect 9085 
detected 9085 
detects 9085 
determine 9061 9076 
determining 9060 
detroit 9046 9056 9110 
deutsche 9141 
develop 9001 9015 9051 9139 9150 
developed 9150 
developing 9007 9048 9055 
development 9001 9019 9051 9062 9071 9142 9150 
developments 9123 9134 9138 
dhaka 9143 
dictated 9150 
diego 9049 9108 
diesel 9031 
differed 9013 
difference 9055 
differing 9022 
difficult 9055 9058 9087 
digigraphic 9097 
digigraphic-systems 9097 
dillon 9062 
dilson 9096 
diluted 9106 
dior 9139 
dioxin-related 9032 
diplomat 9154 
diplomats 9154 
direct 9139 
directed 9055 
direction 9150 
directive 9055 
directly 9043 
director 9155 
directors 9028 9087 
disagreed 9096 
disappear 9046 
disaster 9125 
disbanded 9154 
disc 9033 
discharge 9112 
disclosed 9042 9090 
disclosure 9150 
discontinue 9038 9109 
discontinued 9006 9032 9097 
discount 9137 9138 
discs 9033 
discussed 9067 
discussions 9065 9075 
disk 9071 
disks 9071 
dismissal 9140 
dismissed 9126 9140 
displeasure 9022 
dispute 9076 
disputed 9032 
dissemination 9002 
distillate 9039 
distract 9036 
distribute 9088 
distribution 9032 9078 9114 
distributors 9114 
district 9069 
div 9044 9053 9056 9116 9117 9127 9158 9160 
diverse 9139 
divested 9090 
divided 9023 
dividend 9036 9040 9047 9053 9056 9074 9117 9139 9160 
dividends 9030 9127 9158 9161 
division 9017 9048 9059 9076 9081 9102 
dlr 9016 9017 9019 9022 9026 9046 9054 9059 9061 9079 9099 9118 9120 9128 9129 9130 9135 9162 
dollar 9007 9022 9054 9055 9061 9079 9120 9128 9129 9134 9147 9149 
dollar/yen 9134 
dollars 9022 9120 9127 9129 9134 
domestic 9046 9136 9149 
domination 9154 
donald 9047 9110 
dong 9153 
doors 9011 
double 9048 
doubling 9048 
doubtful 9149 
doubts 9022 
douglas 9019 
downside 9022 
downturn 9076 9149 
drafting 9011 9013 
dramatic 9123 
draw 9163 
drawing 9133 
dresdner 9141 
drew 9141 
drexel 9009 9141 
drill 9104 9155 
drilling 9089 9104 
drive 9120 9154 
drives 9071 
drop 9022 9038 9046 9058 
dropped 9022 9046 9135 
drought 9058 9144 
drug 9085 
drugstores 9085 
due 9063 9084 9086 9112 9124 9126 9141 9145 9146 9149 9151 9154 9155 
dumping 9015 
duncan 9013 
dutch 9148 9151 9164 
duties 9015 
duty 9076 
dynamics 9038 
e.d.f 9163 
e.d.f.man 9163 
e.f. 9009 9046 9099 9141 
ea-6b 9017 
earl 9022 
earlier 9032 9037 9047 9061 9064 9069 9076 9087 9099 9124 9125 9141 9146 9161 
early 9013 9022 9050 9076 9097 9150 9151 
earn 9003 9029 9030 9034 9036 9040 9044 9048 9049 9053 9056 9066 9072 9073 9074 9091 9097 9101 9103 9111 9112 9113 9115 9116 9117 9127 9139 9142 9158 9159 9160 9161 
earners 9048 
earnings 9032 9038 9048 9072 9097 9139 9158 
earth 9125 
ease 9055 9069 
eased 9069 9138 
easing 9069 
east 9022 9139 9141 
eastern 9058 
eastman 9010 9025 
eaton 9017 
ec 9154 9156 
economic 9015 9022 9096 9123 9134 9138 9149 9153 
economies 9022 
economist 9096 
economy 9138 9149 
ecu 9154 
ecus 9154 
eden 9097 
edison 9037 
edition 9153 
editorialize 9011 
educate 9043 
eei 9037 
eep 9060 
effect 9014 9139 
effective 9014 9031 9057 
effectively 9069 
effects 9055 
effort 9011 9015 9060 
efforts 9007 9038 9055 
eight-mln-dlr 9072 
eight-year 9151 
ek 9025 
elaborate 9061 9142 
elected 9002 
election 9087 
elections 9126 
electric 9037 9136 
electrical 9037 
electronic 9015 9017 
electronics 9072 
eligibility 9060 
eligible 9058 9060 
eliminate 9002 
elimination 9036 9087 
employ 9024 9149 
employed 9110 
employees 9110 
employers 9149 
employing 9156 
enable 9060 9139 
encino 9063 
encompass 9134 
encountered 9104 
encouraging 9104 
end 9011 9015 9022 9058 9076 9134 9135 9154 9155 
end-1985 9142 
end-1986 9142 
end-february 9133 
ended 9008 9015 9037 9072 9102 9107 9109 9111 
ending 9072 9149 
endorse 9022 
endorsed 9055 
endorsing 9123 
energies 9036 
energy 9036 9037 9065 9077 9089 9100 9112 
engineered 9102 
england 9022 
enhancement 9060 9095 
eni 9065 
enjoy 9139 
enrolled 9058 
enrolling 9058 
ente 9065 9155 
entered 9114 
enterprise 9142 
enterprises 9149 
entire 9018 
entitles 9035 
equal 9055 9133 
equals 9035 9136 
equity 9025 9032 9047 9077 9106 9112 
equivalent 9082 9105 9156 
equivalents 9106 
erasable 9071 
eraser 9011 
escrow 9032 
esprit 9154 
est 9047 9089 
establish 9112 
established 9022 9145 
establishes 9051 
establishing 9055 9112 
establishment 9163 
estate 9034 9047 9138 
estimated 9038 9072 9124 9135 
estimates 9013 9058 9071 9139 
ethanol 9156 
etn 9017 
eurobonds 9086 
eurodollar 9086 
euromarkets 9086 
europe 9110 9114 9130 9154 
european 9007 9114 9152 9154 9156 
evade 9026 
evaluate 9088 
evenly 9023 
eventually 9065 
evidence 9075 
exceed 9008 
exceeds 9035 
exception 9058 
excess 9021 9135 9156 
exchange 9007 9008 9022 9027 9055 9061 9062 9063 9099 9106 9112 9130 9131 9134 9136 9150 
exchangeable 9047 
exchanged 9147 
exclude 9097 
excluded 9158 
excludes 9032 
excluding 9072 
exclusively 9043 
executive 9002 9050 9154 
exercised 9057 
exhausting 9013 
existing 9018 9047 9060 9081 9139 9155 
expand 9002 9022 9060 9110 9141 
expands 9042 9114 
expansion 9062 9069 
expect 9038 9058 9123 9134 9138 9139 
expectations 9055 
expected 9013 9022 9046 9050 9052 9058 9072 9082 9110 9114 9138 
expects 9020 9022 9048 9112 9121 9138 
experienced 9149 
experimenting 9110 
expertise 9065 
expiration 9088 
expire 9008 9035 9047 9155 
expires 9063 
exploit 9065 
exploration 9155 
export 9021 9060 9095 9153 
exported 9076 
exporters 9093 9094 9095 9149 9162 
exports 9021 9076 9135 
express 9069 
expressed 9076 9079 
extend 9055 9156 
extended 9021 9063 9155 
extends 9155 
extension 9088 9119 9122 9123 9155 
extensive 9050 
extent 9022 
external 9055 9076 
extinguishment 9097 
extraordinary 9026 9032 9158 9160 9161 
extreme 9022 
exxon 9016 
eye 9046 9085 
ez 9085 
f. 9026 
f0004 9128 
f0005 9129 
f0006 9130 
f0025 9131 
f0026 9132 
f0027 9133 
f0028 9134 
f0029 9135 
f0031 9136 
f0043 9137 
f0048 9138 
f0053 9139 
f0069 9140 
f0080 9141 
f0084 9142 
f0090 9143 
f0094 9144 
f0098 9145 
f0099 9146 
f0114 9147 
f0115 9148 
f0116 9149 
f0125 9150 
f0129 9151 
f0138 9152 
f0141 9153 
f0143 9154 
f0157 9155 
f0161 9156 
f0171 9157 
f0178 9158 
f0181 9159 
f0186 9160 
f0199 9161 
f0212 9162 
f0214 9163 
f0219 9164 
f2412 9001 
f2414 9002 
f2415 9003 
f2419 9004 
f2423 9005 
f2426 9006 
f2428 9007 
f2431 9008 
f2435 9009 
f2438 9010 
f2442 9011 
f2443 9012 
f2444 9013 
f2445 9014 
f2447 9015 
f2454 9016 
f2456 9017 
f2457 9018 
f2459 9019 
f2463 9020 
f2464 9021 
f2474 9022 
f2475 9023 
f2482 9024 
f2483 9025 
f2485 9026 
f2486 9027 
f2487 9028 
f2496 9029 
f2511 9030 
f2513 9031 
f2515 9032 
f2518 9033 
f2522 9034 
f2534 9035 
f2535 9036 
f2540 9037 
f2541 9038 
f2543 9039 
f2547 9040 
f2551 9041 
f2554 9042 
f2556 9043 
f2558 9044 
f2559 9045 
f2569 9046 
f2583 9047 
f2588 9048 
f2593 9049 
f2594 9050 
f2599 9051 
f2603 9052 
f2608 9053 
f2610 9054 
f2612 9055 
f2615 9056 
f2616 9057 
f2618 9058 
f2620 9059 
f2621 9060 
f2623 9061 
f2624 9062 
f2625 9063 
f2630 9064 
f2635 9065 
f2643 9066 
f2654 9067 
f2657 9068 
f2659 9069 
f2661 9070 
f2665 9071 
f2666 9072 
f2671 9073 
f2675 9074 
f2684 9075 
f2699 9076 
f2706 9077 
f2716 9078 
f2720 9079 
f2722 9080 
f2723 9081 
f2730 9082 
f2732 9083 
f2733 9084 
f2735 9085 
f2736 9086 
f2737 9087 
f2738 9088 
f2739 9089 
f2740 9090 
f2742 9091 
f2747 9092 
f2752 9093 
f2754 9094 
f2756 9095 
f2758 9096 
f2764 9097 
f2766 9098 
f2771 9099 
f2773 9100 
f2791 9101 
f2793 9102 
f2794 9103 
f2802 9104 
f2803 9105 
f2806 9106 
f2809 9107 
f2810 9108 
f2815 9109 
f2818 9110 
f2824 9111 
f2826 9112 
f2837 9113 
f2840 9114 
f2842 9115 
f2843 9116 
f2844 9117 
f2851 9118 
f2856 9119 
f2858 9120 
f2859 9121 
f2863 9122 
f2866 9123 
f2889 9124 
f2898 9125 
f2930 9126 
f2941 9127 
fabrics 9117 
faced 9142 9154 
faces 9144 
facilities 9009 9146 9156 
facility 9014 9034 9055 9146 
factories 9156 
factory 9145 
fail 9100 9154 
failed 9011 9022 9154 
fails 9125 
failure 9125 9140 
faith 9011 
fall 9022 9071 9133 9134 9139 9144 9149 
falling 9079 9124 
falls 9020 9083 
false 9076 
familiar 9047 
family 9047 
farm 9013 9060 9139 
farmer 9058 
farmers 9058 
farming 9144 
farms 9153 
faster 9110 
fca 9013 
feb 9029 9049 9091 9107 9111 
february 9001 9022 9075 9080 9083 9102 9107 9133 9134 9135 
fed 9012 9022 9054 9055 9061 9079 
federal 9002 9012 9022 9026 9055 9061 9079 9100 
federation 9149 
feed 9058 
feedgrain 9058 
feel 9013 9022 
feet 9104 
fell 9012 9046 9098 9125 9133 
felt 9142 
fernand 9055 
ferruzzi 9152 9156 
fertilizer 9076 
feud 9011 
feuding 9011 
fewer 9046 
fibre 9145 
fibres 9145 
field-programmable 9038 
fields 9154 
fight 9011 9076 9154 
figures 9058 9083 9127 9135 9139 
file 9026 
filed 9002 9026 9032 9062 9099 9100 
files 9002 9062 9099 9100 
filter 9145 
filters 9145 
final 9032 9058 9065 9069 9124 9127 9139 9147 9158 9161 
finalised 9163 
finalize 9065 
finalized 9078 
finalizing 9077 
finance 9060 9096 9141 9142 9150 9151 
financial 9002 9022 9032 9040 9050 9064 9079 9139 9150 9160 
financing 9075 
finanziara 9156 
find 9076 9134 
findings 9077 
fired 9092 
firing 9092 
firm 9027 9072 9110 9139 9147 9155 9158 
firms 9055 9139 9141 9155 
fiscal 9011 9013 9021 9038 
five-year 9081 9154 9155 
fixed 9088 9134 9150 9151 
fixes 9088 
fla 9042 
fla. 9032 
flashpoint 9076 
fleet 9102 
fleming 9139 9141 
flexibility 9157 
flexible 9055 
flight 9092 
flights 9157 
floatation 9161 
florida 9069 
flow 9139 
flows 9047 
focus 9036 9038 9087 
focused 9075 
fold 9060 
food 9085 9163 
foods 9035 
force 9015 9043 9072 9144 
ford 9046 9110 9147 
fore 9022 
forecast 9048 9142 
forego 9015 
foreign 9022 9051 9061 9065 9101 9126 9133 9141 9142 9155 
foresaw 9156 
form 9047 
formal 9055 
formalized 9055 
format 9150 
formation 9026 
formed 9043 9047 
forms 9043 9062 9147 
fortin 9077 
forward 9069 
foster 9022 
fourth 9011 9032 9069 9098 9151 
fraction 9104 
fractionally 9058 
framework 9154 
france 9022 9061 9134 9138 9154 
franchise 9042 9110 
franchises 9110 9139 
francisco 9123 
frank 9013 
frederick 9002 
free 9030 9076 
free-fall 9134 
freedom 9110 
freeform 9110 
fresh 9060 
fresno 9066 
frictions 9022 
friday 9139 
frisch 9002 
froze 9123 
frozen 9060 
fuel 9016 9031 9156 
fujian 9142 
full 9015 9078 9142 9144 
fully 9106 9149 9164 
fumbled 9076 
funaro 9096 
functions 9150 
fund 9030 9062 
fundamentals 9022 9134 
funds 9030 9048 9130 9150 
furnace 9146 
furniture 9081 
future 9022 9045 9139 9150 9154 9156 
g-6 9134 
gain 9032 9097 9110 
gained 9139 
gaining 9126 
gains 9158 9161 
gallon 9031 
gallup 9126 
gap 9044 
gardini 9156 
gart 9045 
gartner 9045 
gas 9039 9077 9100 9112 
gasoline 9039 
gate 9038 
gathered 9140 
gatt 9015 
gencorp 9028 9036 9087 9088 
general 9015 9046 9076 9078 9086 9088 9142 9147 9155 
generated 9037 
geoffrey 9154 
geographically 9156 
geological 9155 
geophysical 9155 
george 9002 9150 
germain 9055 
germany 9022 9061 9110 9134 9138 9154 
gestures 9022 
gibbs 9092 
give 9051 9075 9142 
giving 9057 
gm 9046 9147 
gold 9104 9133 
golden 9104 
goldman 9084 9141 
good 9011 9149 
goods 9015 9051 9139 
gordon 9050 
gottschalks 9066 
government 9013 9020 9030 9055 9058 9076 9077 9089 9096 9123 9149 9150 9154 9155 9156 9163 
governments 9157 
governor 9024 9134 9138 
govett 9139 9141 
grade 9011 
grades 9014 9031 
grading 9104 
gradual 9061 9138 
grain 9018 9021 9058 9093 9094 9095 
grains 9058 
grant 9055 
granted 9075 
granting 9075 
grassley 9060 
grave 9154 
gray 9011 
great 9044 9140 
greater 9022 9036 9110 9138 9144 
greatest 9058 
grew 9149 
grisanti 9065 
gros 9123 
groundwork 9025 
group 9002 9030 9042 9043 9045 9060 9069 9070 9075 9079 9081 9087 9090 9108 9130 9139 9142 9156 
groups 9042 9043 
grow 9153 
grower 9069 
growers 9069 
growing 9069 9126 
growth 9048 9107 9138 9149 
gsm-102 9021 
gsm-103 9021 
guarantee 9021 
guaranteed 9030 
guarantees 9013 9021 
guasare 9065 
guilders 9164 
guinness 9026 
gulf 9093 9094 
gulton 9102 
guy 9154 
guys 9110 
guzman 9065 
gy 9036 9087 9088 
h.f 9074 
h.k 9139 9158 9161 
half 9007 9072 9138 
hall 9140 
hambrecht 9050 
hammind 9053 
hampshire 9116 
hand 9036 9139 
handing 9092 
handle 9110 
handles 9047 
hands 9022 
happen 9110 
happened 9154 
happening 9046 
hard 9022 9110 
hardiman 9050 
hargreaves 9139 
harming 9060 
harrassment 9076 
harris 9022 9099 9141 
harvesting 9124 
hawkeye 9106 
head 9048 9096 
headed 9022 9075 
headquarters 9105 
heads 9048 
health 9002 
hearing 9013 9087 
heavy 9031 9043 9120 
hectares 9124 
hefty 9048 
held 9011 9133 9142 9163 
helped 9022 9120 
henry 9141 
heritage 9009 
hernandez 9065 
hf 9117 
high 9005 9030 9058 9071 9138 9149 9154 
high-capacity 9033 
high-speed 9071 
high-technology 9154 
high-value 9153 
high-yield 9139 
higher 9161 
higher-producing 9058 
highest 9058 
highlands 9153 
hinder 9038 
historical 9058 
hit 9048 
hkld.hkg 9139 
hoare 9139 9141 
hog 9060 
hogs 9060 
hold 9022 9047 9089 9128 9129 9134 9163 
holder 9035 
holders 9047 9106 9163 
holding 9025 9064 9077 9090 9139 9149 9154 9156 
holdings 9010 9025 9027 9090 9139 9142 
holds 9025 9156 
hole 9104 
holmes 9130 
home 9015 
honda 9046 
hong 9139 9142 9157 9158 9161 
hong-kong 9139 9157 9158 9161 
hongshan 9142 
hope 9013 9144 
hoping 9077 
hopwood 9099 
hospitals 9020 
hot 9014 
hotel 9047 
hottest 9144 
hours 9037 
house 9007 9011 9013 9015 9055 9061 9069 9076 9117 
houses 9162 
housing 9149 
houston 9016 9098 9100 
howard 9126 
hu 9140 
huckaby 9069 
huge 9032 
human 9062 
hundreds 9032 
hurting 9149 
hutton 9009 9046 9099 9141 
hwkb 9106 
i/n 9024 
iad 9024 
icn 9010 9025 
ideas 9013 9140 
identics 9101 
idled 9058 
idling 9058 
idrocarburi 9065 9155 
ii 9022 
illegal 9026 
ilto 9057 
imaging 9001 
imbalances 9022 
imf/world 9138 
immediately 9006 9013 9015 9032 9047 
impact 9038 9069 9072 9138 9149 
impacts 9069 
implant 9059 
import 9069 9163 
important 9096 9109 9150 
imported 9145 9163 
importers 9163 
importing 9163 
imports 9051 9060 9069 9133 9135 9149 9163 
impose 9076 
imposed 9076 
impressed 9022 
improve 9007 9146 
improved 9142 
improvements 9146 
inappropriateness 9055 
inc. 9009 9084 
incentives 9058 9089 
include 9060 9086 9089 
included 9032 9072 
includes 9001 9034 9100 9101 9160 9163 
including 9026 9032 9060 9104 9112 9140 9147 9149 9153 
income 9008 9030 9032 9048 9098 9112 9127 9139 9160 
increase 9014 9036 9058 9069 9087 9110 9139 9146 9150 9154 9156 9157 
increased 9014 9036 9046 9139 9150 9157 
increases 9149 
increasingly 9022 
incurred 9002 
ind. 9024 9053 
independent 9032 9042 
india 9125 
indian 9125 
indiana 9024 9053 
indications 9061 9155 
individual 9032 9048 
individuals 9032 
induced 9026 
industory 9015 
industrial 9015 9022 9051 9061 9136 9138 9142 9156 
industries 9008 9024 9036 9078 9081 9087 9091 9102 9149 9155 9159 9160 
industry 9015 9046 9051 9060 9069 9076 9077 9089 9109 9110 9141 9144 9150 9156 
infant 9051 
inflated 9048 
inflation 9160 
influential 9149 
information 9002 9026 9047 9075 9092 9123 9154 
inherent 9055 
initial 9009 9082 
injuring 9076 
injury 9060 9076 
inland 9024 
insert 9060 
inside 9026 
insider 9026 9150 
installed 9105 
institute 9025 9037 9110 
institution 9081 
institutional 9106 
instrument 9103 9123 
insurance 9090 9139 
insure 9076 
int'l 9047 
integrated 9038 
intend 9076 9138 
intensify 9155 
intensive 9020 
intent 9033 9052 
intention 9137 9138 
interagency 9069 
interbank 9142 
intercontinental-range 9125 
interest 9012 9046 9075 9080 9082 9083 9112 9121 9123 9127 9130 9137 9138 9139 9160 9164 
interests 9036 9045 9051 9076 9139 
interim 9138 
interleukin-2 9057 
intermediate 9021 
internal 9055 9105 9142 
international 9006 9015 9035 9041 9047 9048 9055 9060 9076 9086 9090 9110 9130 9139 9141 9142 9150 9152 9156 
intervals 9104 
intervene 9022 9129 9134 
intervened 9022 
intervening 9128 9129 
intervention 9022 9061 
interview 9069 
intitiate 9055 
introduce 9150 
inventory 9100 
invest 9153 
invested 9053 
investment 9026 9027 9047 9065 9072 9142 9145 9150 9160 
investments 9025 9086 9127 
investor 9075 9087 
investors 9026 9077 9081 9084 9150 
invite 9055 
invoking 9015 
involve 9156 
iron-steel 9014 9146 
irritants 9076 
irvine 9081 9111 
irwin 9067 9075 
island 9047 
isoglucose 9156 
issuance 9078 
issue 9063 9084 9130 9136 9151 9158 9161 
issued 9006 9023 9035 9106 9139 
issuer 9130 
issues 9023 9096 9106 9130 9134 
issuing 9082 9086 9109 9130 
italy 9065 9077 
items 9032 
iv 9102 
ivan 9026 
j. 9141 
j.d 9110 
jacksonville 9032 
jacobs 9067 9075 
jaffray 9099 
james 9022 9047 9055 9134 9139 
jamming 9017 
jan 9003 9034 9103 
janeiro 9051 
january 9022 9077 9107 9135 9140 9150 
japan 9007 9015 9022 9055 9061 9071 9118 9120 9124 9128 9129 9134 9136 9137 9138 9141 9146 9147 9149 9154 9162 
japanese 9007 9015 9022 9061 9138 9141 9146 9147 9149 9154 
jard.hkg 9139 
jardine 9139 9141 
jauppi 9110 
jerry 9069 
jet 9016 
jiangsu 9145 
jim 9011 9013 
joao 9096 
job 9140 
jobs 9153 
joe 9076 
johannesburg 9090 
john 9060 9070 9126 
johnson 9022 9054 9061 
join 9026 9050 
joined 9026 9050 
joint 9024 9031 9032 9112 9142 9145 
jont 9002 
jordan 9021 
joseph 9024 9046 9050 
joshua 9139 
jr 9081 
juan 9065 
july 9014 9015 9117 9155 
jump 9161 
june 9014 9056 9057 9072 9074 9117 9124 9158 
justified 9069 
k.k 9146 
keithley 9110 
kelvin 9077 
key 9022 9071 9134 9139 
kg 9125 
kicked 9022 
kidder 9141 
kiel 9002 
kilowatt 9037 
kilowatt-hours 9037 
kind 9013 9046 9058 9076 9110 
kinzoku 9147 
kirschner 9059 
kkk 9147 
kleinwort 9141 
km 9125 9155 
kmdc 9059 
knowledgable 9050 
kodak 9010 9025 
kogyo 9147 
kokan 9146 
kokusan 9147 
kong 9139 9142 9157 9158 9161 
kong-listed 9142 
kong/manila 9157 
korea 9007 
ksz 9041 9047 
l.f. 9084 
l.p. 9026 
labor 9108 
labour 9126 
laid 9155 
lambert 9009 9141 
land 9019 9077 9124 9139 9149 
lanka 9095 
lankan 9163 
large 9043 9110 9146 9149 9155 
largest 9026 9042 9058 9076 9110 
lasers 9071 
late 9075 
latest 9012 9022 9026 9076 9096 
launch 9050 9125 
launched 9085 9154 
launches 9148 
launching 9112 
laurence 9081 
law 9002 9015 9026 9154 
laws 9026 9051 
lay 9025 
layers 9071 
lead 9009 9084 9126 
leaded 9014 
leader 9011 9126 
leadership 9126 
leading 9060 9069 9149 
leahy 9060 
leap 9139 
leary 9046 
lease 9020 
leased 9009 
leasing 9020 
leave 9050 
leaving 9046 9050 9088 9139 9154 
led 9011 9046 9090 9130 
lee 9047 
left 9154 
legal 9123 
legislation 9015 
legislative 9055 
legitimate 9069 
lehman 9141 
lenders 9055 9078 
lengthy 9154 
letter 9033 9047 9052 9055 
level 9022 9046 9058 9120 9126 9139 9144 9149 9154 
levels 9022 9048 9061 9129 9131 9134 9149 
liabilities 9002 
liberal 9076 9126 
liberalised 9163 
licences 9155 
license 9042 
lien 9112 
life 9082 
light 9031 
lightweights 9015 
likewise 9051 
limit 9154 
limited 9001 9026 
limits 9022 
lin 9033 
line 9013 9038 9059 9100 9134 9161 
lines 9110 9119 9123 9150 9155 
linked 9007 
liquidation 9032 
lists 9050 
litigation 9006 9112 
liu 9142 
live 9060 
livestock 9060 
lloyd 9060 9076 
loan 9012 9033 9081 9112 9151 
loans 9142 
local 9163 
lock 9055 
logistics 9016 
london 9160 
london-manila 9157 
long 9058 9076 9149 
long-term 9036 
longer 9025 9163 
lorain 9014 
los 9035 9074 9078 9081 9102 9115 
lose 9013 
loss 9003 9032 9034 9048 9097 9098 9099 9101 9112 9113 9142 
losses 9022 9072 9097 9147 
lost 9060 
lot 9110 
louisiana 9069 
low 9022 9058 9076 9134 9149 
lower 9022 9144 
lowered 9030 
lowering 9137 
lowest 9058 
lows 9022 
lp 9001 
lue 9077 
lumber 9076 
luso 9142 
luxembourg 9130 
luxury 9139 
lynch 9001 9141 
m. 9047 
m3 9107 
macao 9142 
machinery 9077 
macklin 9050 
madagascar 9155 
made 9014 9036 9046 9047 9048 9051 9055 9065 9069 9072 9087 9088 9130 9139 9142 9158 9163 
magazine 9126 
maggie 9058 
magnetic 9001 
magnetics 9001 9102 
magneto-optical 9071 
main 9144 9145 
maintain 9025 
maintained 9076 9154 
major 9022 9048 9051 9055 9058 9073 9081 9089 9110 9112 9114 9131 9132 9134 9138 9147 9156 
majority 9022 9046 9112 9142 
make 9011 9015 9077 9089 9110 9121 9123 9130 9150 
make-up 9011 
maker 9033 9147 
makers 9147 
makes 9110 
making 9022 9127 9158 9160 
malcolm 9007 
man 9126 9163 
manage 9062 9065 
managed 9086 
management 9002 9020 9042 9156 
manager 9082 9084 9142 
manchester 9116 
manhattan 9026 
mania 9110 
manila 9157 
manila-hong 9157 
manner 9036 
manuel 9061 
manufacturer 9033 9110 
manufacturers 9149 
manufacturing 9015 9059 9062 9149 
mar 9129 
marcel 9089 
marginal 9058 
marine 9031 
mark 9102 
market 9014 9015 9022 9027 9038 9045 9051 9055 9110 9123 9129 9130 9134 9136 9141 9142 9149 9150 
marketing 9038 9065 9114 
markets 9001 9022 9050 9055 9060 9061 9079 9130 
marks 9022 
marvin 9013 9047 
maryland 9064 
mascot 9104 
mass 9034 9101 
mass. 9001 
masse 9089 
massive 9007 
master 9042 9112 
master-cast 9147 
matching 9129 
material 9026 
matheson 9139 
matsushita 9136 
matter 9055 
matters 9011 
maturing 9023 9130 9136 
maturity 9084 9099 
max 9060 
maximum 9057 9093 9156 
mc.t 9136 
mcdonald 9050 
mcdonnell 9019 
mcneil 9058 
md 9019 9064 
md. 9059 
mdnt 9064 
meaning 9046 
means 9055 9149 
measure 9060 9065 
measures 9089 
mechanisms 9163 
medallion 9046 
media 9071 
medical 9059 
medium 9031 
medpro 9002 
meet 9087 9123 9138 
meeting 9011 9015 9036 9048 9050 9064 9087 9089 9130 9138 9140 9154 
meetings 9051 
melbourne 9126 9127 
melcher 9060 
member 9013 9076 9089 9126 9154 
members 9013 9047 9092 9141 
memorandum 9147 9157 
memories 9038 
mercedes 9139 
merchandise 9022 
merchant 9090 
merged 9064 
merger 9047 9098 9110 
mergers 9110 
merrill 9001 9141 
met 9069 9164 
metal 9059 
metalbanc 9052 
methanol 9077 
metric 9065 9076 
metropolitan 9020 
mexico 9076 
miami 9052 9123 
miami-brazil 9119 9121 
mich. 9056 
michel 9011 
michigan 9110 
microwave 9072 
mid 9058 
mid-january 9134 
mid-march 9046 9083 
midday 9129 
midivest 9020 
mikr 9103 
mikron 9103 
military 9155 
mill 9144 
miller 9022 
millimeter 9071 
millimetres 9144 
milling 9156 
million 9076 9153 
mills 9152 
milpitas 9114 
mineralized 9104 
mines 9065 9076 
mining 9059 
minister 9051 9065 9076 9077 9089 9096 9126 9154 
ministers 9154 
ministry 9077 9124 9141 9151 9162 9163 
minn. 9002 9003 9097 
minneapolis 9002 9003 9099 
minnesota 9002 9059 
minorities 9127 9160 
minstar 9075 
minute 9085 
minutes 9125 
missile 9019 
missouri 9032 
mistakes 9140 
ml 9001 
mltv 9001 
mmeting 9055 
mmic 9038 
mmm 9059 
mnc 9064 
mnst 9075 
mob 9070 9155 
mobil 9070 9155 
models 9046 
modest 9022 9120 
moines 9106 
moisture 9093 9094 
moment 9123 9138 
monday 9022 9076 9092 
monetary 9138 
money 9013 9026 9107 9110 9123 9138 9154 
money-fx 9007 9022 9054 9055 9061 9079 9118 9120 9128 9129 9131 9132 9134 9138 9149 9162 9164 
money-supply 9107 
monoclonal 9062 
monolithic 9038 
month 9023 9047 9064 9069 9082 9083 9123 9126 9133 9134 9138 9139 9141 
monthly 9030 
months 9050 9051 9091 9092 9099 9114 9133 9135 9139 9155 9163 
montomgery 9070 
montreal-based 9027 
moody 9084 
morgan 9082 9086 9099 9126 9141 
morning 9118 9120 
morondava 9155 
mortgage 9048 9082 9112 
moscow 9060 
motor 9046 9136 9147 
motors 9046 
mountain 9104 
move 9038 9108 
moved 9035 9108 
moves 9022 9035 
moving 9134 
mt 9065 
mths 9003 9049 9111 
multi-store 9110 
mylrea 9154 
n't 9022 9046 9110 9138 
n-1 9053 
n.h 9116 
n.h. 9033 
n.j. 9047 9071 9103 
n.y. 9025 
n.z 9135 
naked 9085 
named 9024 9070 9142 
names 9064 9070 
nantong 9145 
naphtha 9031 
narrowed 9143 
narrowly 9134 
narrows 9143 
nasd 9050 
nasdaq 9009 9050 9080 9083 
nashua 9033 
nat-gas 9077 9100 
nation 9022 9124 9149 
nation-wide 9126 
national 9009 9050 9051 9064 9096 9110 9126 9136 9140 9155 9163 
nationally 9002 
nations 9007 9022 9060 9061 9131 9132 9134 9138 
natsuo 9022 
natural 9077 9112 
nature 9061 
navy 9017 9019 
naylor 9013 
nazionale 9065 9155 
necessarily 9163 
needed 9015 9055 9069 9078 9149 
needing 9013 
negative 9038 9149 
negotiate 9087 9112 
negotiated 9150 
negotiating 9092 
negotiations 9055 9076 9077 
neil 9089 
nervously 9134 
net 9003 9008 9029 9032 9034 9037 9045 9047 9048 9049 9066 9072 9091 9097 9098 9101 9103 9111 9112 9113 9115 9127 9139 9142 9158 9161 
netherlands 9151 9164 
networks 9110 
new-zealand 9135 
newly 9047 9071 9139 
newly-industrialized 9007 
newport 9085 
news 9089 9125 9142 9144 
newspaper 9126 9153 
nhan 9153 
nher 9009 
ni 9053 
nic 9007 
nickel 9104 
nics 9007 
nikkeiren 9149 
nikko 9136 
nil 9127 
nine-day 9164 
nippon 9024 9146 
nipsco 9053 
nissan 9046 9147 
nisshin 9146 
nitrogen 9076 
nkkt.tok 9146 
nmrx 9003 
nms 9085 
nmsi 9085 
no-one 9022 
nominal 9072 
nomura 9136 
non-bank 9064 
non-callable 9084 
non-public 9075 
non-recurrent 9158 
non-recurring 9072 
nonrecurring 9034 
noon 9089 
normal 9011 9058 
north 9104 
northern 9053 
northwest 9094 
notably 9156 
note 9005 9012 9034 9059 9097 9113 9115 9127 9158 9160 
note:1986 9101 
noted 9069 9109 9139 9156 
notes 9032 9084 
noting 9149 
noverco 9027 
nsan.t 9147 
nsh 9033 
nstc.tok 9146 
nucleic 9025 
number 9036 9087 9093 9094 9106 
numerex 9003 
o. 9002 
oaks 9117 
objected 9051 
objections 9154 
obstacles 9110 
obtain 9047 
obtained 9058 
occidental 9155 
october 9143 
offer 9008 9036 9047 9060 9063 9068 9087 9088 9100 9106 9155 
offered 9075 9086 9130 
offering 9009 9052 9062 9063 9084 9099 9110 
offers 9110 
office 9089 9155 9156 
officer 9002 9050 
offices 9142 
official 9022 9046 9058 9069 9123 9148 9163 
officially 9142 
officials 9006 9015 9032 9050 9058 9065 9069 9075 9090 9110 9124 9142 9143 9144 9163 
ohio 9014 9036 9088 
ohio-based 9087 
oil 9031 9065 9077 9149 9155 9156 
oilman 9047 
oilseed 9058 
okada 9022 
om 9078 
omd 9078 
omissions 9026 
omits 9053 
omitted 9053 
omnibus 9060 
omnis 9155 
one-for-five 9158 9161 
one-hundredth 9047 
one-quarter 9144 
one-third 9045 
ontario 9102 
open 9015 9100 9110 9142 
opened 9015 9129 
opening 9051 9055 9140 
oper 9097 
operate 9042 
operating 9012 9142 9160 
operation 9142 
operations 9032 9033 9042 9047 9048 9072 9097 9102 9110 9139 9145 9156 
opinion 9126 
opportunities 9150 
opposition 9069 9076 9126 9154 
optical 9071 
option 9072 9106 9110 9160 
orange 9081 
orbit 9125 
order 9007 9051 9055 9077 9092 9105 9149 
ordered 9015 
orders 9129 
ordinary 9130 9160 
organised 9150 
organization 9050 
origin 9095 
original 9065 9068 9141 
originally 9035 9108 
ormand 9078 
orr 9024 
orthopedic 9059 
osaka 9136 
otsuki 9149 
ottawa 9076 9089 
ounce 9104 
outlook 9138 9149 
output 9037 9124 9156 
outstanding 9027 9035 9036 9047 9081 9086 9087 9112 9142 
ov 9106 
over-the-counter 9050 9085 
overly 9022 
overnight 9095 
overseas 9071 9110 9142 
owed 9055 
owes 9002 
owned 9045 9076 9090 9127 9147 
owners 9110 
ownership 9045 9088 
owning 9110 
owns 9145 
oxford 9091 
oxm 9091 
oxy 9155 
pablo 9065 
pacific 9044 9094 9108 9157 9158 9161 
package 9089 
pact 9015 9022 9061 9108 9134 9138 
paid 9053 9072 9160 
pal 9157 
panin 9142 
paper 9160 
papers 9026 
par 9086 
par-priced 9136 
paradise 9047 
parent 9064 9142 
paribas 9130 
paris 9022 9055 9061 9134 
park 9071 
parliament 9089 
parliamentary 9140 
part 9025 9026 9139 
partially 9112 
participate 9011 9141 9150 
participating 9008 9047 
participation 9058 
parties 9076 9126 
partner 9002 9026 9065 9142 
partners 9045 9112 9142 9155 
partnership 9001 9026 9036 9045 9065 9087 9112 9155 
parts 9149 
party 9108 9126 9140 9153 
pasadena 9113 
pass 9015 
pass-through 9082 
past 9007 9051 9058 9092 9126 9138 9163 
past-due 9078 
patrick 9060 9098 
patt 9092 
pattie 9154 
paul 9055 9079 9154 
pave 9150 
pay 9004 9047 9056 9074 9117 9123 9139 9152 9156 
payable 9030 9040 9044 9053 9112 9116 9130 9158 
paydown 9023 
payed 9082 
payload 9125 
payment 9078 9106 9123 9136 9151 
payment-in-kind 9058 
payments 9058 9121 9123 9139 9143 
payout 9040 
payouts 9030 
pdvsa 9065 
peabody 9141 
peacock 9126 
peking 9140 9142 9144 9145 
pending 9002 9006 9032 
pepper 9153 
perceive 9022 
percentage 9045 9126 
performance 9139 9149 
period 9032 9037 9046 9069 9076 9135 9155 9164 
permit 9100 
permits 9035 
permitted 9015 9151 
permitting 9001 
persisted 9011 
persists 9011 
person 9088 
persuade 9007 
perth 9130 
pet-chem 9032 9077 
petitions 9002 
petrochemical 9032 9077 
petroleos 9065 
petroleum 9031 9098 9127 9155 
pharmaceutical 9085 
pharmaceuticals 9010 9025 9085 
philippi 9046 
philippine 9157 
philippines 9069 9157 
philips 9141 
pick 9149 
picked 9048 9126 9150 
pik 9058 
pill 9087 
pipe 9100 
pipeline 9112 
piper 9099 
pl 9018 
place 9065 9076 9108 9140 
placement 9136 
placing 9129 
plan 9011 9013 9032 9064 9078 9087 9089 9112 9123 9139 9141 9154 
planes 9020 
planned 9105 9142 
planning 9096 9149 
plans 9025 9038 9043 9063 9065 9071 9073 9112 9151 9155 9157 9161 
plant 9024 9077 
planted 9058 
plantings 9058 
plate 9104 
platform 9140 
play 9150 
plc 9026 9160 
plummet 9058 
plunging 9154 
point 9077 9110 9126 
pointed 9035 
points 9043 9084 
poison 9087 
poison-pill 9087 
policies 9055 
policy 9015 9069 9096 9154 
political 9022 9140 
politicized 9022 
poll 9126 
polycarbonate 9071 
poor 9082 
poorly 9046 
popularity 9110 9126 
pork 9060 
port 9077 
portion 9063 9081 9112 
ports 9018 9093 9094 
portugal 9093 
posed 9011 
position 9050 
positions 9025 
possibility 9075 9110 9150 
possibly 9120 
post 9011 
post-war 9022 
post-world 9022 
posted 9031 
posting 9031 
postings 9031 
postponement 9146 
posts 9156 
potash 9076 
potential 9046 9048 9071 
potentially 9055 
power 9037 9047 9071 9102 9110 
practices 9015 9060 
prairie 9097 
prat 9047 
pratt 9047 
pre-tax 9072 9127 9139 
predictions 9048 
preference 9106 
preferred 9008 9047 9078 9088 9106 9112 
preliminary 9099 9135 
premature 9013 
premier 9046 
premium 9086 9130 
prepared 9011 9015 
presence 9156 
present 9013 9076 9123 9156 
president 9002 9015 9043 9050 9065 9070 9092 9110 9123 9149 9156 
press 9092 9125 9138 
pressing 9123 
pressures 9149 
pretax 9159 9160 
prevailing 9022 
prevent 9015 
preventing 9138 
previous 9012 9133 
previously 9008 9032 9072 9106 9139 
price 9031 9035 9045 9059 9076 9077 9082 9086 9130 9136 9149 9151 9156 
priced 9084 
prices 9014 9015 9031 9076 9082 9138 
pricing 9086 9163 
primary 9055 
prime 9077 
principal 9063 9082 9110 9112 9156 
principle 9102 9156 
prior 9032 9044 9045 9047 9056 9058 9074 9088 9099 9116 
private 9033 9048 9055 9149 9163 
privatisation 9150 
problem 9022 9055 9076 
problems 9055 9142 9150 
procedure 9011 
procedures 9055 
proceedings 9032 
proceeds 9009 9045 9062 9081 9086 9112 9139 
processes 9015 
processors 9060 
produce 9145 9156 
produced 9139 
producer 9076 9156 
producers 9060 9069 9076 
produces 9062 9102 
producing 9058 
product 9031 9038 9062 9071 
production 9015 9037 9058 9065 9076 9146 9155 9156 
products 9007 9014 9015 9038 9043 9045 9060 9062 9072 9109 9156 
professional 9092 
profit 9003 9034 9127 9139 9142 9159 9160 
profitability 9038 
profits 9048 9139 9149 9158 9161 
program 9015 9021 9045 9058 9060 9069 9095 9096 9125 9150 9154 
programs 9058 
progress 9051 9071 
progressive 9076 
prohibiting 9092 
project 9024 9053 9065 9104 
projects 9146 9154 
promising 9155 
property 9081 9104 
proponents 9060 
proposal 9015 9036 9041 9047 9055 9100 
proposals 9013 9028 9036 9055 9087 
proposed 9052 9055 9062 9064 9075 9100 9150 9154 
proposing 9036 
prospect 9055 
prospective 9046 
prospectus 9026 
protect 9051 
protected 9051 9076 
protecting 9051 
protection 9002 9112 
protectionism 9022 
protectionist 9022 
prove 9058 
provide 9013 9036 9058 9065 9075 9099 9130 9149 9150 
provided 9018 9026 
providing 9013 9036 9112 
province 9089 
province-based 9145 
provincially 9076 
provision 9060 9087 
provisions 9026 9058 
pryor 9060 
ps 9108 
psg 9108 
pti 9125 
public 9009 9011 9047 9052 9053 9055 9062 9092 9110 9126 9136 9140 
publicly-owned 9110 
published 9089 9109 9126 
purchase 9018 9033 9035 9046 9052 9059 9088 
purchased 9022 9027 9045 9084 9093 
purchases 9022 
purchasing 9055 
purpose 9025 
purposes 9086 
push 9120 
pushed 9120 
put 9076 9077 9139 9149 
putting 9026 
qchr 9032 
qtly 9044 9053 9056 9074 9116 9117 
qtr 9003 9029 9034 9049 9066 9072 9074 9091 9097 9101 9103 9111 9113 9115 
quantities 9100 
quantity 9018 
quarter 9032 9033 9065 9069 9072 9097 9098 9109 
quarterly 9053 9117 
quarters 9149 
question 9058 9076 9079 
questions 9011 
quickly 9120 
quist 9050 
quota 9069 
quotas 9156 
quotations 9050 
quoted 9109 9130 9144 
quoting 9089 
r-iowa 9060 
r-miss 9060 
ra 9063 
radio 9126 
rainfall 9144 
raise 9031 9055 9076 9141 9150 
raises 9014 
raising 9031 9076 9149 
ramnath 9077 
rand 9090 
range 9058 9072 9088 9096 9130 
rank 9058 
rapid 9149 
rapidly 9079 
rate 9022 9055 9058 9063 9082 9130 9134 9137 9138 9150 
rate-sumita 9138 
rated 9084 
rates 9007 9026 9055 9061 9131 9134 
ration 9144 
rationalisation 9146 
rationing 9144 
ratsimandresy 9155 
raul 9156 
rawc 9063 
rb 9081 
rbi 9081 
reach 9007 9065 9075 
reached 9001 9061 9075 9098 9156 9157 
reacted 9134 
read 9022 9062 
readily 9150 
ready 9154 
reagan 9013 9015 9051 9069 
real 9034 9036 9047 9138 
realities 9022 
reality 9076 
reason 9025 
reasons 9134 
rebellion 9110 
recapitalization 9112 
receive 9047 
received 9017 9019 9047 9076 9105 9153 
receives 9047 
receiving 9160 
recent 9022 9055 9079 9149 
recently 9061 9081 
recession 9149 
recommended 9055 
record 9030 9040 9044 9056 9058 9074 9116 9117 9134 9136 9139 
recorded 9143 9161 
recording 9071 
records 9058 9075 
recoup 9060 
recover 9022 
recycling 9144 
redeem 9130 
redeemed 9099 
redemption 9151 
reduce 9007 9027 9162 
reduced 9027 9139 9163 
reduces 9021 9027 
reducing 9144 
reduction 9058 9072 9124 
reductions 9058 
referred 9047 
referring 9150 
refinancing 9086 
refine 9013 
refiner 9069 
refiners 9069 
refinery 9077 
reflect 9014 9022 9134 
reflected 9099 9134 
reflects 9139 
reform 9055 
reforming 9149 
reforms 9149 
regain 9022 9046 
regional 9064 
registered 9021 9127 
registration 9026 9057 9062 
regular 9023 9040 
regulates 9013 
regulatory 9100 
reimpell 9065 
reinforcing 9022 
rejected 9149 
relate 9072 
relations 9047 9076 9134 
relationship 9109 
relay 9123 
released 9156 
releases 9058 
relief 9055 
relocation 9153 
reluctant 9055 
remain 9032 9051 9058 9134 9156 
remainder 9013 
remained 9139 
remaining 9047 
remains 9108 9138 
remarks 9015 
removed 9126 
renato 9051 
renault 9046 
renovated 9020 
renovations 9009 
reoffered 9082 
reorganisations 9139 
reorganization 9032 
reorganize 9002 
repay 9009 9078 9139 
repeal 9087 
repeated 9134 
replace 9164 
replaced 9060 
replaces 9096 
replacing 9002 9070 
replied 9069 
report 9037 9058 9109 9139 9141 9161 
reported 9008 9032 9058 9098 9125 9139 9142 
reporters 9065 9134 9149 9154 
reports 9022 9043 9089 9142 
repoted 9112 
represent 9106 
representative 9069 9134 9142 
representatives 9055 9069 
representing 9069 9086 
republic 9063 
republican 9011 
republicans 9011 
reputation 9142 
request 9069 9122 9123 
required 9015 9058 9160 
requirement 9032 
requirements 9060 9123 
requires 9013 9112 
rescue 9013 
research 9001 9002 9025 9045 9062 9110 9154 
reserve 9012 9022 9034 9055 9061 9072 9079 9107 9160 
reserves 9133 9155 
reserving 9063 
reservoirs 9144 
resettle 9153 
resettled 9153 
residual 9031 
resignation 9096 
resigned 9002 9070 
resist 9110 
resolute 9022 
resolve 9032 9051 
resolved 9108 
resolving 9032 
resonance 9001 
resorts 9041 9047 
resource 9104 
resources 9027 9055 9098 9127 
respective 9012 
respond 9036 
responding 9036 
response 9109 
rest 9046 9120 
restates 9068 
restricting 9092 
restrictions 9110 
restrictive 9069 
restructured 9106 9112 
restructuring 9073 9100 9101 9112 
resubmit 9036 
result 9007 9023 9026 9088 9106 9139 
resulted 9112 
resulting 9138 
results 9099 9104 
retail 9048 9110 9139 
retailing 9160 
retain 9046 
retaliate 9015 
retaliation 9015 9055 
retaliatory 9015 
retention 9160 
retire 9081 
retreat 9022 
return 9015 9026 
returned 9104 
revaluation 9160 
revalue 9007 
reveal 9026 
revenue 9048 9105 
revenues 9038 9098 9099 9102 9109 9139 
review 9138 
revised 9100 9135 
revs 9029 9034 9091 9097 9101 9103 9111 9113 
reynolds 9099 
ri 9047 
rice 9018 
rich 9110 
richard 9048 9070 
richfield 9065 
ridge 9071 
rights 9088 9133 
rigid 9033 
rikskatteverket 9105 
rio 9051 
rise 9046 9048 9107 9134 9138 9146 9147 9149 
rises 9107 
rising 9022 
risk 9055 9154 
rival 9047 
river 9153 
roanoke 9020 
robert 9024 9130 
robinson 9077 
rochester 9025 
rocket 9125 
roebuck 9109 
roland 9155 
role 9150 
rolled 9014 9024 
roof 9150 
room 9022 
rose 9012 9107 9135 9142 
rothschild 9084 
round 9155 
route 9157 
row 9051 
rt.a 9047 
rubber 9153 
ruled 9076 
ruling 9076 9126 
rumored 9022 
rumors 9022 9110 
run 9163 
runs 9055 
rushed 9134 
russell 9076 
s.a 9065 
s.d. 9020 
s.g 9130 9141 
sachs 9084 9141 
sacked 9126 
sahre 9001 
sahres 9025 
sale 9023 9033 9042 9081 9090 9127 9150 9158 9161 
sales 9003 9008 9021 9034 9043 9045 9046 9049 9059 9066 9081 9100 9109 9110 9114 9139 9147 9162 
salomon 9086 9141 
sample 9071 
samples 9071 
san 9049 9108 
sanctions 9015 
santa 9038 
saskatchewan 9076 
satellite 9125 
satisfactory 9006 9075 
satoshi 9134 9138 
saturated 9142 
savings 9022 
sayad 9096 
sbk 9084 
scale 9110 9150 
scanner 9126 
sceptre 9027 
scheduled 9009 9035 9055 9069 
scheme 9163 
schemed 9026 
schemes 9154 
schroeder 9141 
science 9015 9051 
scientific 9154 
scott 9110 
search 9050 
sears 9109 
season 9046 9124 
seasonal 9046 
seat 9157 
seconds 9125 
secretary 9007 9022 9055 9134 
sector 9048 9139 9149 9163 
secured 9081 9112 
securities 9026 9027 9030 9050 9062 9083 9084 9099 9112 9130 9136 9141 9150 
security 9064 9099 9141 
seek 9060 9112 
seeking 9060 9075 9076 9087 9092 
sees 9022 9048 9064 
seismic 9155 
self-regulation 9050 
sell 9010 9020 9022 9023 9025 9047 9110 9112 9134 9139 
selling 9004 9015 9046 9120 9129 
sells 9082 9084 9086 9090 9110 
semi-finished 9014 
semi-government 9163 
semiconductor 9015 
semiconductors 9015 
sen. 9060 
senate 9013 9060 
senators 9060 
senior 9022 9043 9112 9163 
sentiment 9022 
separate 9043 
separately 9043 9088 
separation 9088 
sept/dec 9094 
september 9018 9021 9069 9108 9136 9139 9142 9143 
series 9011 9139 
served 9050 
service 9053 9084 9105 9149 
services 9022 9040 9082 9100 9110 9139 9149 9160 
servicing 9055 
session 9011 9140 
set 9015 9033 9058 9088 9136 9145 9151 9154 
sets 9040 9085 
settelment 9112 
setting 9055 
settle 9076 
settled 9006 9032 
settlement 9006 9032 9100 9112 9150 
settlements 9032 
severe 9015 9058 9069 
shadow 9126 
share 9008 9009 9035 9040 9047 9063 9072 9075 9086 9088 9097 9098 9099 9112 9130 9139 9141 9142 9156 9158 9160 9161 
share-for-share 9106 
shareholder 9112 9130 
shareholders 9030 9036 9040 9047 9064 9087 9088 9090 9108 9112 9160 
shares 9001 9009 9027 9032 9036 9047 9052 9057 9059 9062 9063 9080 9083 9087 9088 9106 9110 9112 9130 9136 9150 9158 9160 9161 
sharp 9058 9134 9138 9154 
sharply 9139 
shearson 9141 
sherman 9117 
shied 9046 
shield 9060 
ship 9018 9071 
shipment 9065 9093 9095 
shipments 9014 9060 9069 9076 9094 
shipping 9071 
short 9069 9080 9083 9104 9144 
short-term 9123 
shortage 9144 
shortages 9069 
shortly 9109 9129 
show 9026 9048 9058 9135 9138 9139 
showed 9126 
showrooms 9046 
shr 9003 9029 9034 9049 9066 9074 9091 9097 9101 9103 9111 9113 9115 9127 9158 9160 
shrank 9149 
shrs 9029 9066 9080 9097 9127 
shuxun 9142 
side 9048 
sides 9006 9126 
sign 9155 
signal 9022 
signalled 9022 
signed 9033 9052 9061 9147 9155 9157 
signet 9084 
significant 9058 
significantly 9058 
signs 9110 
signup 9058 
similar 9011 9026 9130 
simply 9060 9069 
singapore 9150 
sioux 9020 
sirrine 9073 
site 9024 
situation 9022 9110 9149 
six-month 9023 
sixty 9058 
size 9043 9110 9136 9163 
slaid 9069 
slam 9019 
slide 9079 
sliding 9150 
slightly 9046 9139 
sloane 9081 
slow 9138 
slower 9058 
sm 9009 
small 9022 9129 9150 
smith 9099 9141 
smoothly 9077 
snamprogetti 9077 
sne 9071 
so-called 9154 
soaring 9058 
soften 9022 
software 9051 
softwood 9076 
sogen 9141 
sold 9027 9042 9046 9052 9085 9090 9110 
sole 9045 9082 
solters 9047 
solution 9013 
solve 9022 
sons 9062 9141 
sony 9071 
soria 9022 
sources 9013 9060 9069 9089 9109 9162 
south 9007 9024 9090 9125 
south-africa 9090 
south-korea 9007 
southeast 9058 
southmark 9009 
southwest 9108 9155 
souza 9096 
soviet 9060 
soya 9156 
soybean 9058 
spa 9156 
space 9125 
spain 9077 
speaker 9011 
speaking 9123 
special 9047 9133 9164 
specialist 9058 
specific 9048 9134 
specifically 9123 
speculator 9026 
spend 9146 
spending 9146 9154 
spent 9153 
spin-off 9139 
spirit 9061 
split 9036 
spoke 9079 
spokesman 9047 9069 9079 9126 9141 9147 9157 
spokesperson 9075 
sponsored 9001 9060 
spot 9069 9092 
spring 9046 
sri 9095 9163 
sri-lanka 9095 9163 
sriharikota 9125 
srl 9027 
sse 9150 
st. 9024 9055 9102 
stabilise 9132 
stability 9022 9036 9134 9138 
stabilize 9022 9061 
stabilized 9054 9061 
staff 9060 
stage 9051 
stagger 9028 
staggered 9036 9087 
stake 9027 9139 9142 9158 9161 
stakes 9139 
stalling 9011 
stamford 9045 
stamps 9163 
stance 9138 
standard 9082 
standoff 9019 
standstill 9123 
stanely 9082 
stanley 9086 9099 9141 
starch 9156 
start 9046 9145 9154 
started 9009 9055 9129 
starting 9138 9146 9163 
starts 9144 
state 9032 9060 9065 9077 9148 9150 9151 9153 9163 
state-owned 9142 9157 
statement 9006 9012 9015 9062 9069 9089 9109 9130 9135 9139 9155 9156 
statements 9026 9134 
states 9007 9015 9051 9058 9061 9065 9069 9077 9154 9156 
statistics 9135 
status 9055 
staunching 9022 
steadily 9058 
stearns 9009 9047 
steel 9024 9146 
steelmakers 9146 
stemming 9032 
stems 9060 9071 9076 
steps 9015 9149 
sterling 9115 
sterling-bancorp 9115 
sterns 9047 
stg 9159 9160 
stimulate 9149 
stimulating 9022 
stipulated 9134 
stock 9001 9002 9008 9009 9020 9033 9035 9036 9043 9047 9052 9053 9057 9059 9063 9078 9086 9088 9098 9106 9112 9130 9136 9138 9139 9149 9150 9163 
stockholder 9046 
stockholm 9105 
stocks 9039 9058 9163 
stop 9005 9163 
stopped 9015 
storage 9033 9071 
store 9081 
stores 9139 
strained 9134 
strategic 9139 9155 
street 9026 
strength 9022 
stressed 9123 
stretches 9124 
stricter 9144 
strive 9149 
strives 9150 
strong 9022 9139 9149 
stronger 9022 
struck 9125 
structural 9022 9055 
structure 9013 9139 9150 
structured 9013 9071 
struggling 9089 
studebaker 9110 
students 9011 
studies 9155 
study 9142 
subcommittee 9007 9013 9061 9069 
subdivisions 9020 
subject 9032 9088 9130 9139 9156 
submitted 9096 
subordinated 9063 9099 9112 
subscribed 9130 
subsidiaries 9032 9142 
subsidiary 9014 9020 9045 9065 9070 9090 
subsidies 9060 9076 
subsidy 9163 
substantial 9026 9112 
substituting 9007 
succeed 9022 
succeeded 9022 
sues 9026 
sufficient 9075 
sugar 9069 9124 9156 9163 
sugarcane 9069 
suggested 9036 9139 
suggesting 9022 
suing 9026 
suisse 9086 
suit 9026 
sum 9153 
sumita 9131 9132 9134 9137 9138 
sumitomo 9022 
summer 9058 9100 9144 
sun 9126 
sunday 9022 9092 
sunk 9155 
sunnyvale 9072 
supplies 9144 
supply 9100 9107 9138 9147 
support 9022 9033 9043 9069 9126 
supported 9007 9126 
supports 9007 
supreme 9053 
surface 9104 
surge 9022 
surplus 9058 9135 9143 
surrounding 9134 
survey 9124 9126 
suspend 9002 
suspended 9123 
svc 9053 
sw 9158 
sway 9022 
sweden 9105 
swedish 9105 
swine 9060 
swire 9158 9161 
swiss 9022 9130 9141 
switch 9021 
switched 9021 
swpc.hkg 9158 9161 
sydney 9107 9126 
symbol 9009 
syndicate 9086 9130 9141 
system 9013 9017 9048 9050 9071 9076 9092 9110 9150 
systems 9043 9097 9102 
table 9110 
taiwan 9007 9094 
taiwanese 9007 
takeover 9036 9046 9047 9067 9087 
takes 9072 9092 
taking 9065 9110 
talk 9013 9022 9110 
talking 9110 
talks 9007 9075 9077 9123 
tandon 9109 
taper 9048 
target 9046 
targets 9022 9142 
tariff 9076 
tariffs 9015 9076 
task 9015 9036 
tax 9012 9030 9089 9127 9149 9160 
taxes 9139 
tcor 9109 
tea 9044 9153 
team 9043 
teams 9154 
teamsters 9108 
technical 9065 
technolgy 9001 
technologies 9071 
technology 9051 9147 9154 
teixeira 9096 
tek 9024 
telecommunications 9072 9154 
telegraph 9043 
telephone 9043 9126 
telex 9123 
tells 9075 
ten 9114 
tender 9036 9088 9093 9094 9095 9112 9151 9164 
tendering 9094 9095 
tensions 9134 
teo 9150 
term 9139 
terminals 9092 
terminate 9108 
terms 9006 9021 9028 9033 9042 9065 9075 9090 9102 9110 9142 9156 
tertiary 9149 
test 9085 
testifying 9061 
texaco 9031 
tgp 9100 
thad 9060 
thailand 9133 
thin 9142 
thing 9022 9110 
things 9071 9110 
thinking 9110 
thirty 9110 
thought 9022 
threatened 9149 
threatens 9011 
thursday 9013 9015 9094 
tic 9082 
tied 9007 
ties 9022 
time 9024 9038 9051 9099 9106 9110 9123 9130 9133 9144 
timonium 9059 
tiny 9110 
tobacco 9145 9160 
tobago 9077 
today 9011 9022 9050 9076 9086 9087 9092 9093 9110 9125 9126 9129 9153 
token 9022 9123 
tokyo 9015 9022 9120 9124 9129 9134 9136 9138 9141 9146 9147 9149 
told 9007 9011 9013 9027 9048 9055 9065 9069 9076 9134 9138 9139 9142 9149 9150 9154 9157 9163 
tomorrow 9123 
ton 9014 9104 
tonne 9093 9163 
tonnes 9018 9076 9077 9093 9094 9095 9124 9145 9156 9163 
tons 9065 9069 9144 
top 9048 9140 
toronto 9029 
total 9021 9023 9027 9046 9058 9092 9094 9106 9109 9112 9139 9145 9157 9164 
totaled 9012 9083 9102 
totalled 9142 
totalling 9123 9130 9164 
totally 9076 9110 
totals 9124 
tough 9154 
toyota 9136 
trade 9007 9015 9022 9037 9051 9055 9060 9076 9088 9123 9134 9135 9143 9162 9163 
traded 9009 
trader 9156 
traders 9022 
trading 9002 9025 9026 9035 9043 9060 9110 9150 9160 9163 
traditional 9046 9060 
tragets 9134 
transaction 9075 9098 9108 
transactions 9078 
transco 9100 
transcontinental 9100 
transfer 9160 
transfers 9071 
transition 9110 
transmit 9122 9123 
transportation 9108 9110 
transporter 9100 
travelers 9082 
travelling 9047 
treasury 9007 9012 9013 9022 9023 9055 9084 9134 
treat 9062 
trend 9110 
trends 9150 
tri 9008 
trials 9001 9062 
triangle 9008 
trigger 9163 
trim 9022 9154 
trinidad 9077 
trinidad-tobago 9077 
trintoc 9077 
troon 9112 
trouble 9058 
troubled 9013 
trump 9047 
trust 9022 9125 9141 
tuesday 9151 
tumble 9058 
turmoil 9096 
turn 9048 9139 
turnover 9127 9158 9160 
twin-island 9077 
two-for-one 9158 
two-page 9047 
two-tier 9092 
tx 9031 
tycoon 9047 
type= 9004 9005 9010 9028 9039 9041 9054 9067 9068 9073 9080 9118 9119 9121 9122 9128 9131 9132 9137 9148 9152 9159 9162 
u.s 9004 9005 9021 9023 9037 9046 9048 9058 9060 9069 9076 9127 9147 9149 
u.s. 9007 9011 9015 9018 9022 9023 9030 9046 9048 9051 9055 9058 9060 9069 9076 9093 9094 9095 9105 9110 9120 9134 9138 9143 9147 9149 9150 9154 9155 
u.s.-china 9145 
u.s.-japanese 9015 
u.s.-made 9046 
u.s/japan 9134 
uis 9105 
uk 9022 9077 9154 9160 
unable 9123 
unanimously 9076 
unavailable 9047 9090 
unchanged 9151 
undercut 9046 
undergoing 9139 
underground 9104 9144 
underlying 9134 
undermine 9055 
undermining 9126 
understanding 9157 
underwriter 9009 
underwriters 9136 
underwriting 9062 9141 
underwritten 9099 
undisclosed 9020 9102 
unequal 9142 
unfair 9015 9060 9076 
unfounded 9142 
unidentified 9089 9109 9126 
union 9015 9060 9077 9092 9108 9141 
unionist 9015 
unisys 9105 
unit 9009 9014 9043 9048 9052 9070 9078 9082 9084 9090 9102 9129 9155 
united 9007 9015 9051 9058 9061 9065 9069 9077 
units 9020 9032 9052 9139 9154 
univ 9114 
univation 9114 
university 9110 
unlawfully 9026 
unofficial 9058 
unrealistic 9055 
unsecured 9078 9136 
unstable 9134 
unsurpassed 9058 
untrue 9026 
upfront 9013 
upham 9099 9141 
uplift 9046 
upturn 9138 
urban 9144 
urge 9015 
urged 9076 
urges 9015 
urinary 9085 
urine 9085 
usage 9058 
usair 9108 
usda 9018 9058 9060 9069 
ushered 9050 
uss 9014 
ussr 9060 
usx 9014 
utility 9037 
va. 9020 
valued 9018 9076 9098 
vancouver 9104 
vehicle 9125 
vehicles 9110 
venezuela 9065 
venture 9002 9024 9031 9065 9142 9145 
ventures 9001 9112 
verhofstadt 9154 
vermont 9040 
vestar 9113 
vfsc 9040 
vice 9043 9061 9110 
vice-president 9065 
vickers 9141 
victim 9096 
vietnam 9153 
view 9022 
violations 9015 9026 
vira 9025 
viratek 9010 9025 
virginia 9084 
visible 9110 
vittorio 9043 
volcker 9055 9079 
volkswagen 9110 
volkswagon 9046 
volume 9069 
vote 9064 
voted 9087 
voters 9126 
voting 9036 9047 9087 
vowed 9076 
vows 9076 
vr 9042 
vstr 9113 
w.i 9141 
wage 9092 9149 
wages 9149 
wagner 9036 9087 
wait 9015 
waived 9032 
wall 9026 9110 
wang 9142 
wanted 9011 9126 
war 9022 
warburg 9130 9141 
ward 9015 9070 
warehousing 9163 
warfare 9017 
warned 9076 
warrant 9001 9035 9057 
warrants 9035 9052 9057 
washington 9007 9011 9012 9013 9015 9016 9017 9018 9019 9021 9023 9027 9037 9055 9057 9058 9060 9061 9069 9079 9083 9138 
watch 9134 9138 
watching 9061 
water 9144 
watered-down 9022 
wave 9022 
ways 9110 
wd-40 9049 
wdfc 9049 
weather 9058 9124 
webber 9089 
wednesday 9055 9089 
week 9011 9013 9022 9023 9036 9037 9050 9058 9065 9096 9126 9149 9154 9157 
weekend 9134 
weekly 9037 9157 
weeks 9037 9065 9127 
weil 9070 
welfare 9096 
wellington 9135 
wells 9155 
west 9022 9061 9077 9134 9138 9154 
west-germany 9154 
western 9058 9065 9140 
wet 9156 
wheat 9021 9095 
wheats 9095 
white 9015 
wholesale 9163 
wholly-owned 9020 9045 9142 
widespread 9022 
william 9011 9015 
williams 9110 
wilmington 9034 
win 9076 
wise 9123 
withdraw 9154 
withdrawn 9036 9154 
withdraws 9028 
withdrew 9036 9087 
witter 9099 
wo 9022 
work 9017 9019 9072 9149 
workers 9015 9110 
working 9009 9013 9046 9062 9081 9130 9155 
works 9150 
world 9015 9076 9142 
worldwide 9076 9110 
worry 9055 
worsening 9144 
worst 9149 
worth 9092 9110 9133 9150 9156 
wpma.mel 9127 
wright 9011 
write 9073 
write-down 9072 
write-downs 9072 
writedowns 9112 
writeoffs 9034 
writing 9011 
written 9055 9072 
wyckoff 9103 
xiamen 9142 
xib 9142 
xoma 9062 
xon 9016 
yamaichi 9136 
yaobang 9140 
year-ago 9032 9037 
years 9021 9046 9048 9050 9058 9077 9082 9110 9130 9163 
yellow 9093 9094 
yen 9007 9022 9061 9071 9120 9128 9129 9134 9136 9138 9146 9147 9149 
yen/dollar 9134 
yesterday 9011 9015 9022 9024 9125 9129 9134 9136 9139 9145 9153 9154 9156 
yeutter 9134 
yield 9005 9030 9082 9084 9114 
yields 9058 
york 9006 9008 9022 9026 9030 9031 9043 9044 9047 9048 9050 9082 9084 9086 9087 9090 9105 9129 9156 
zaire 9018 
zismer 9002 
zones 9153 
zulia 9065 
