****** 2358 2377 2401 2403 2424 2441 2442 2460 2465 2466 2497 
******* 2402 
-4t 2459 
-4th 2478 
-agrees 2434 
-agrees-t 2394 
-appr 2438 
-begin 2472 
-board 2400 
-cancels 2382 
-changes-s 2475 
-closing-two-p 2372 
-completed 2455 
-credit-unit 2407 
-debenture 2412 
-debentures 2498 
-declares 2470 
-director 2392 
-files 2369 
-five-mt 2504 
-get 2457 
-gets-42.7-mln 2454 
-gets-61.1-mln 2451 
-lincol 2462 
-name 2361 
-outlays-t 2415 
-p 2477 
-pilots-welc 2450 
-pla 2485 
-pleads 2513 
-re 2397 
-registers 2506 
-regu 2440 
-rejec 2500 
-sa 2428 
-se 2373 
-sells-ti 2476 
-sets-initi 2398 
-stock-buyback 2487 
-to 2365 2489 
-to-acqu 2419 2505 
-to-offer-airb 2399 
-to-sell 2368 
-u 2356 
/author 2375 2383 2475 2514 
0.55 2449 
0/92 2367 2425 2508 
0009 2460 
0011 2442 
0012 2377 2441 2465 
0013 2358 
0014 2403 2424 2466 2497 
0015 2401 
0016 2402 
0022 2482 
0023 2391 
0024 2397 2440 2504 
0026 2396 2455 2494 2496 
0029 2410 
0031 2378 2490 
0034 2385 2454 
0035 2457 
0037 2488 
0039 2428 
0040 2459 
0041 2409 2483 
0042 2451 
0043 2479 
0047 2478 
0048 2361 2398 2443 
0049 2393 2437 
0050 2380 2469 
0055 2371 2433 2471 
0057 2420 2486 
0058 2485 
0061 2484 
0062 2418 2421 2434 
0064 2414 2450 
0065 2422 
0066 2395 
0068 2386 
0070 2413 2458 
0071 2472 
0073 2446 
0076 2439 
0077 2489 
0078 2429 2461 
0079 2431 2473 2510 
0080 2357 2392 2453 
0081 2505 
0082 2365 2415 2444 2477 2481 
0083 2408 
0084 2474 
0086 2360 2373 2412 2419 
0088 2467 
0091 2416 2438 2447 
0092 2384 
0093 2366 2468 2491 
0094 2400 
0095 2379 2513 
0096 2462 
0097 2368 2374 2381 2476 2506 
0099 2375 2464 2475 
0100 2411 
0101 2425 2432 2495 2512 
0102 2470 
0103 2364 2406 2407 2501 
0104 2390 2502 
0105 2363 2394 2509 
0107 2372 2426 2480 2498 
0108 2404 2487 
0109 2356 2369 2492 
0111 2370 2376 2383 2399 2500 
0112 2445 2493 2507 
0113 2427 2430 2449 2452 
0114 2387 
0115 2463 
0117 2362 2503 
0118 2435 
0120 2448 
0121 2436 
0122 2382 2388 2511 
0123 2423 
0124 2499 
0126 2514 
0128 2417 
0129 2405 
0134 2359 
0135 2367 2508 
0138 2456 
0141 2389 
03-05 2356 2357 2358 2359 2360 2361 2362 2363 2364 2365 2366 2367 2368 2369 2370 2371 2372 2373 2374 2375 2376 2377 2378 2379 2380 2381 2382 2383 2384 2385 2386 2387 2388 2389 2390 2391 2392 2393 2394 2395 2396 2397 2398 2399 2400 2401 2402 2403 2404 2405 2406 2407 2408 2409 2410 2411 2412 2413 2414 2415 2416 2417 2418 2419 2420 2421 2422 2423 2424 2425 2426 2427 2428 2429 2430 2431 2432 2433 2434 2435 2436 2437 2438 2439 2440 2441 2442 2443 2444 2445 2446 2447 2448 2449 2450 2451 2452 2453 2454 2455 2456 2457 2458 2459 2460 2461 2462 2463 2464 2465 2466 2467 2468 2469 2470 2471 2472 2473 2474 2475 2476 2477 2478 2479 2480 2481 2482 2483 2484 2485 2486 2487 2488 2489 2490 2491 2492 2493 2494 2495 2496 2497 2498 2499 2500 2501 2502 2503 2504 2505 2506 2507 2508 2509 2510 2511 2512 2513 2514 
1's 2463 
1,000 2495 
1,011,200 2382 
1,018,000 2509 
1,028,000 2471 
1,037,000 2386 
1,225,000 2455 
1,237,100 2437 
1,275,000 2429 
1,314,700 2437 
1,339,800 2437 
1,364,712 2393 
1,371,000 2484 
1,443,000 2496 
1,535,550 2488 
1,6390,800 2437 
1,648,665 2429 
1,702,016 2479 
1,766,000 2484 
1,800,000 2386 
1,924,000 2386 
1,967,000 2459 
1-1/8 2423 
1-15 2420 
1-2-3 2439 
1-3/8 2375 
1-5/8 2366 
1.0 2456 
1.05 2423 2484 
1.07 2435 
1.1 2483 
1.10 2421 
1.11 2426 
1.15 2471 
1.18 2386 
1.2 2376 2421 2513 
1.238 2383 
1.24 2426 
1.25 2423 
1.27 2441 
1.28 2471 
1.3 2433 
1.33 2490 
1.339 2423 
1.34 2435 
1.35 2423 
1.36 2405 2429 
1.4 2375 
1.41 2490 
1.43 2483 
1.44 2357 
1.45 2423 
1.466 2383 
1.47 2449 
1.485 2386 
1.5 2421 2428 2467 2508 
1.54 2483 
1.6 2505 
1.62 2433 2458 
1.65 2471 
1.71 2401 2428 
1.77 2483 
1.79 2421 
1.8 2473 
1.81 2405 
1.88 2428 
1.9 2465 2468 
1.91 2433 
1.994 2423 
1/100 2470 
10,855 2416 
10.0 2483 
10.1 2461 
10.3 2458 
10.75 2505 
100,000 2502 
101.50 2416 
101.75 2453 
103,700 2456 
104.3 2471 
105.3 2505 
109-billion 2503 
109.3 2443 
109.4 2443 
11.5 2393 
11.6 2393 
110,000 2389 
117,000 2389 
12-1/2 2423 
12.4 2471 
12.5 2377 2385 
12.53 2406 
120-intermin 2500 
13,070,000 2490 
13-d 2475 
13.1 2492 
13.5 2369 
13.6 2467 
13.8 2471 
135.8 2415 
14.2 2370 
14.25 2486 
14.4 2488 
14.5 2378 2498 
14.52 2435 
14.7 2449 
14.74 2435 
14:23:03.08 2356 
14:23:17.19 2357 
14:24:43.70 2358 
14:28:01.93 2359 
14:33:03.04 2360 
14:33:41.41 2361 
14:36:31.79 2362 
14:37:54.81 2363 
14:43:46.31 2364 
14:44:17.27 2365 
14:45:25.32 2366 
14:47:47.62 2367 
14:48:01.88 2368 
14:48:26.75 2369 
14:49:38.89 2370 
14:50:00.09 2371 
14:50:20.46 2372 
14:50:45.95 2373 
14:56:28.16 2374 
14:56:56.45 2375 
14:59:07.18 2376 
14th 2472 
15,000 2381 
15-3/8 2486 
15.3 2383 
15.5 2383 
15.8 2383 2449 
150,000 2509 
151,000 2456 
151.5 2429 
1530 2367 
157,500 2382 
15:01:20.77 2377 
15:02:06.63 2378 
15:03:21.97 2379 
15:04:15.24 2380 
15:13:00.89 2381 
15:13:14.77 2382 
15:13:28.99 2383 
15:15:16.06 2384 
15:16:33.26 2385 
15:18:15.37 2386 
15:20:34.91 2387 
15:22:40.20 2388 
15:23:16.29 2389 
15:23:45.95 2390 
15:26:14.24 2391 
15:27:30.72 2392 
15:27:36.40 2393 
15:28:23.79 2394 
15:28:30.28 2395 
15:28:33.60 2396 
15:28:36.68 2397 
15:29:21.99 2398 
15:33:52.57 2399 
15:37:43.37 2400 
15:40:51.59 2401 
15:41:19.52 2402 
15:41:27.17 2403 
15:42:58.45 2404 
15:43:38.66 2405 
15:43:50.58 2406 
15:45:10.99 2407 
15:46:09.31 2408 
15:46:14.70 2409 
15:46:20.16 2410 
15:47:14.97 2411 
15:47:31.25 2412 
15:47:43.57 2413 
15:48:25.53 2414 
15:49:10.93 2415 
15:49:49.15 2416 
15:50:12.28 2417 
15:50:19.90 2418 
15:51:48.60 2419 
15:52:45.84 2420 
15:52:53.52 2421 
15:53:55.73 2422 
15:55:20.24 2423 
15:58:43.14 2424 
15:59:40.80 2425 
16-30 2420 
16-inch 2394 
16.1 2483 
16.9 2488 
16:02:22.92 2426 
16:02:58.10 2427 
16:04:43.44 2428 
16:07:20.00 2429 
16:07:27.88 2430 
16:08:28.48 2431 
16:10:58.66 2432 
16:11:16.42 2433 
16:11:33.07 2434 
16:11:48.84 2435 
16:12:38.07 2436 
16:13:00.22 2437 
16:13:07.18 2438 
16:15:21.99 2439 
16:15:26.32 2440 
16:16:23.65 2441 
16:16:34.40 2442 
16:17:41.20 2443 
16:19:14.30 2444 
16:19:35.33 2445 
16:19:52.29 2446 
16:20:44.20 2447 
16:20:59.48 2448 
16:21:25.25 2449 
16:21:38.13 2450 
16:21:51.18 2451 
16:22:40.07 2452 
16:22:57.93 2453 
16:23:01.85 2454 
16:23:49.37 2455 
16:24:49.19 2456 
16:25:13.27 2457 
16:26:00.63 2458 
16:26:53.16 2459 
16:27:16.34 2460 
16:28:19.53 2461 
16:28:28.23 2462 
16:29:05.61 2463 
16:29:32.28 2464 
16:31:20.01 2465 
16:31:24.59 2466 
16:32:07.28 2467 
16:34:32.59 2468 
16:35:08.10 2469 
16:35:19.59 2470 
16:38:01.05 2471 
16:38:08.66 2472 
16:39:31.92 2473 
16:41:01.32 2474 
16:41:39.01 2475 
16:43:06.45 2476 
16:43:43.34 2477 
16:44:26.05 2478 
16:44:46.78 2479 
16:46:36.80 2480 
16:47:03.95 2481 
16:48:32.85 2482 
16:49:40.69 2483 
16:51:25.83 2484 
16:54:07.83 2485 
16:54:14.54 2486 
16:59:40.79 2487 
17.2 2458 
17.25 2455 
17.3 2478 
17.5 2471 
17.5-mile 2394 
17.75 2449 
176.3 2357 
17:00:02.31 2488 
17:00:21.55 2489 
17:00:44.93 2490 
17:01:33.35 2491 
17:04:50.33 2492 
17:07:47.12 2493 
17:08:23.51 2494 
17:10:15.09 2495 
17:13:19.07 2496 
17:13:33.69 2497 
17:19:19.67 2498 
17:19:31.56 2499 
17:23:59.02 2500 
17:25:55.91 2501 
17:28:13.10 2502 
17:30:08.88 2503 
17:31:42.60 2504 
17:33:22.05 2505 
17:33:36.93 2506 
17:34:34.65 2507 
17:37:03.05 2508 
17:37:17.74 2509 
17:42:10.92 2510 
17:42:44.67 2511 
17:43:27.92 2512 
17:44:30.07 2513 
17:46:11.82 2514 
18.5 2475 
180,000 2473 
183,850 2393 
185.2 2484 
18773 2356 
18774 2357 
18775 2358 
18776 2359 
18777 2360 
18778 2361 
18779 2362 
18780 2363 
18781 2364 
18782 2365 
18783 2366 
18784 2367 
18785 2368 
18786 2369 
18787 2370 
18788 2371 
18789 2372 
18790 2373 
18791 2374 
18792 2375 
18793 2376 
18794 2377 
18795 2378 
18796 2379 
18797 2380 
18798 2381 
18799 2382 
18800 2383 
18801 2384 
18802 2385 
18803 2386 
18804 2387 
18805 2388 
18806 2389 
18807 2390 
18808 2391 
18809 2392 
18810 2393 
18811 2394 
18812 2395 
18813 2396 
18814 2397 
18815 2398 
18816 2399 
18817 2400 
18818 2401 
18819 2402 
18820 2403 
18821 2404 
18822 2405 
18823 2406 
18824 2407 
18825 2408 
18826 2409 
18827 2410 
18828 2411 
18829 2412 
18830 2413 
18831 2414 
18832 2415 
18833 2416 
18834 2417 
18835 2418 
18836 2419 
18837 2420 
18838 2421 
18839 2422 
18840 2423 
18842 2424 
18843 2425 
18844 2426 
18845 2427 
18846 2428 
18847 2429 
18848 2430 
18849 2431 
18850 2432 
18851 2433 
18852 2434 
18853 2435 
18854 2436 
18855 2437 
18856 2438 
18857 2439 
18858 2440 
18859 2441 
18860 2442 
18861 2443 
18862 2444 
18863 2445 
18864 2446 
18865 2447 
18866 2448 
18867 2449 
18868 2450 
18869 2451 
18870 2452 
18871 2453 
18872 2454 
18873 2455 
18874 2456 
18875 2457 
18876 2458 
18877 2459 
18878 2460 
18879 2461 
18880 2462 
18881 2463 
18882 2464 
18883 2465 
18884 2466 
18885 2467 
18886 2468 
18887 2469 
18888 2470 
18889 2471 
18890 2472 
18891 2473 
18892 2474 
18893 2475 
18894 2476 
18895 2477 
18896 2478 
18897 2479 
18898 2480 
18899 2481 
18900 2482 
18901 2483 
18902 2484 
18903 2485 
18904 2486 
18905 2487 
18906 2488 
18907 2489 
18908 2490 
18909 2491 
18910 2492 
18911 2493 
18912 2494 
18913 2495 
18914 2496 
18915 2497 
18916 2498 
18917 2499 
18918 2501 
18919 2502 
18920 2503 
18921 2504 
18922 2500 
18923 2505 
18924 2506 
18925 2507 
18926 2508 
18927 2509 
18928 2510 
18929 2511 
18930 2512 
18931 2513 
18932 2514 
19.0 2459 
19.4 2438 2444 
19.6 2409 
19.9 2478 
191.0 2490 
191.7 2484 
192.0 2429 
1955 2359 
1976 2435 
1980-1984 2415 
1981 2513 
1982 2422 2435 
1983 2364 
1984 2362 2404 2422 2435 2456 
1985 2362 2366 2367 2401 2406 2421 2428 2435 2471 2483 2486 2513 
1986 2357 2362 2366 2393 2401 2405 2406 2407 2415 2421 2423 2425 2428 2429 2433 2435 2458 2461 2471 2479 2483 2492 2505 2513 
1986-1990 2415 
1986/87 2382 
1987 2357 2362 2365 2366 2367 2370 2405 2423 2425 2461 2467 2492 2500 2508 
1987-1991 2415 
1987/88 2382 2456 
1988 2367 2485 2493 2507 2508 
1988-model 2399 
1989 2399 
1990 2399 2407 2423 2502 
1991 2423 
1992 2399 2408 2423 2453 2501 
1997 2373 2470 
1998 2498 
1999 2423 
1st 2370 2393 2496 
2,000 2372 
2,099,000 2459 
2,266,000 2386 
2,373,358 2488 
2,441,000 2409 
2,494,900 2456 
2,800 2495 
2,899,513 2479 
2,922,000 2478 
2-3/4 2456 
2.0 2420 
2.1 2420 
2.2 2468 
2.3 2420 
2.38 2428 
2.40 2357 
2.403 2423 
2.41 2428 
2.48 2378 
2.5 2400 
2.6 2415 2421 
2.73 2362 
2.78 2428 
2.8 2409 
2.9 2370 2513 
20,000 2389 2400 
20.3 2436 
20.5 2498 
20.8 2459 
200-foot-level 2411 
2012 2413 
2016 2412 2498 
2017 2498 
2022 2412 
203.9 2429 
21.8 2378 
22.4 2471 2478 
223.3 2490 2492 
23.1 2406 
23.6 2471 
2356 2356 
2357 2357 
2358 2358 
2359 2359 
2360 2360 
2361 2361 
2362 2362 
2363 2363 
2364 2364 
2365 2365 
2366 2366 
2367 2367 
2368 2368 
2369 2369 
237.46 2403 
2370 2370 
2371 2371 
2372 2372 
2373 2373 
2374 2374 
2375 2375 
2376 2376 
2377 2377 
2378 2378 
2379 2379 
2380 2380 
2381 2381 
2382 2382 
2383 2383 
2384 2384 
2385 2385 
2386 2386 
2387 2387 
2388 2388 
2389 2389 
2390 2390 
2391 2391 
2392 2392 
2393 2393 
2394 2394 
2395 2395 
2396 2396 
2397 2397 
2398 2398 
2399 2399 
2400 2400 
2401 2401 
2402 2402 
2403 2403 
2404 2404 
2405 2405 
2406 2406 
2407 2407 
2408 2408 
2409 2409 
2410 2410 
2411 2411 
2412 2412 
2413 2413 
2414 2414 
2415 2415 
2416 2416 
2417 2417 
2418 2418 
2419 2419 
2420 2420 
2421 2421 
2422 2422 
2423 2423 
2424 2424 
2425 2425 
2426 2426 
2427 2427 
2428 2428 
2429 2429 
2430 2430 
2431 2431 
2432 2432 
2433 2433 
2434 2434 
2435 2435 
2436 2436 
2437 2437 
2438 2438 
2439 2439 
2440 2440 
2441 2441 
2442 2442 
2443 2443 
2444 2444 
2445 2445 
2446 2446 
2447 2447 
2448 2448 
2449 2449 
2450 2450 
2451 2451 
2452 2452 
2453 2453 
2454 2454 
2455 2455 
2456 2456 
2457 2457 
2458 2458 
2459 2459 
2460 2460 
2461 2461 
2462 2462 
2463 2463 
2464 2464 
2465 2465 
2466 2466 
2467 2467 
2468 2468 
2469 2469 
2470 2470 
2471 2471 
2472 2472 
2473 2473 
2474 2474 
2475 2475 
2476 2476 
2477 2477 
2478 2478 
2479 2479 
2480 2480 
2481 2481 
2482 2482 
2483 2483 
2484 2484 
2485 2485 
2486 2486 
2487 2487 
2488 2488 
2489 2489 
2490 2490 
2491 2491 
2492 2492 
2493 2493 
2494 2494 
2495 2495 
2496 2496 
2497 2497 
2498 2498 
2499 2499 
25,000 2509 
25.1 2505 
250,000 2360 
2500 2500 
2501 2501 
2502 2502 
2503 2503 
2504 2504 
2505 2505 
2506 2506 
2507 2507 
2508 2508 
2509 2509 
2510 2510 
2511 2511 
2512 2512 
2513 2513 
2514 2514 
264.0 2458 
27.1 2357 
27.7 2436 
274,200 2456 
278.9 2433 
28-3/4 2494 
28.6 2478 
285,000 2383 
29,532 2380 
29.1 2483 
29.2 2457 
290,000 2386 
295.5 2426 
3,277,976 2488 
3,500 2372 
3,539,000 2496 
3,605,000 2421 
3-1/2 2495 
3-3/4 2379 
3.02 2378 
3.054 2467 
3.06 2401 2428 
3.18 2366 
3.26 2366 
3.335 2423 
3.5 2416 
3.83 2471 
3/4 2389 
3/8 2375 
30,000 2382 2395 2456 
30,500 2456 
30-day 2480 
31-1/2 2375 
31.3 2433 
31.7 2469 
316.0 2421 
32,000 2389 
32-year 2359 
327.6 2426 
33.2 2504 
338.0 2458 
35-hour 2362 
350,000 2369 
356.5 2505 
362,400 2456 
362.8 2421 
37,000 2372 2472 
38.5 2362 2513 
39.4 2433 
4,071,000 2478 
4,394,000 2490 
4,402,572 2380 
4,544,929 2380 
4,695,000 2421 
4,970,951 2429 
4.133 2383 
4.21 2429 
4.27 2378 
4.3 2505 
4.4 2492 
4.43 2428 
4.46 2369 
4.5 2468 
4.64 2378 
4.66 2378 
4.75 2486 
4.78 2428 
4.84 2405 
40.5 2471 
41.4 2386 
42.7 2454 
420,000 2382 
429,800 2456 
44,700 2456 
44.1 2483 
44.5 2481 
441.6 2483 
45.7 2484 
45.8 2386 
457,000 2365 
459,500 2437 
46.2 2478 
47-3/4 2375 
47.91 2449 
470.8 2483 
482,000 2484 
4th 2385 2402 2409 2421 2429 2433 2437 2459 2460 2471 2478 2483 2484 
5,239,106 2479 
5,250,000 2479 
5,400 2456 
5,454,000 2484 
5,500 2372 
5,500,000 2472 
5,632,426 2488 
5,996,000 2459 
5-0 2480 
5-7/8 2416 
5-mar-1987 2356 2357 2358 2359 2360 2361 2362 2363 2364 2365 2366 2367 2368 2369 2370 2371 2372 2373 2374 2375 2376 2377 2378 2379 2380 2381 2382 2383 2384 2385 2386 2387 2388 2389 2390 2391 2392 2393 2394 2395 2396 2397 2398 2399 2400 2401 2402 2403 2404 2405 2406 2407 2408 2409 2410 2411 2412 2413 2414 2415 2416 2417 2418 2419 2420 2421 2422 2423 2424 2425 2426 2427 2428 2429 2430 2431 2432 2433 2434 2435 2436 2437 2438 2439 2440 2441 2442 2443 2444 2445 2446 2447 2448 2449 2450 2451 2452 2453 2454 2455 2456 2457 2458 2459 2460 2461 2462 2463 2464 2465 2466 2467 2468 2469 2470 2471 2472 2473 2474 2475 2476 2477 2478 2479 2480 2481 2482 2483 2484 2485 2486 2487 2488 2489 2490 2491 2492 2493 2494 2495 2496 2497 2498 2499 2500 2501 2502 2503 2504 2505 2506 2507 2508 2509 2510 2511 2512 2513 2514 
5.1 2362 
5.15 2484 
5.2 2362 
5.20 2484 
5.51 2405 
5.6 2443 
5.9 2378 2505 
50.5 2433 
500,000 2383 2399 2436 2501 
51.24 2449 
51.5 2426 
526.8 2426 
53.7 2443 
533,000 2459 
54.0 2426 
54.9 2426 
549,000 2409 
552.5 2403 
56.1 2426 
56.7 2443 
57.32 2378 
58.18 2378 
584,100 2437 
586,826 2393 
59.4 2415 
593,533 2429 
596.6 2426 
6,311,500 2437 
6,319,337 2479 
6,473,000 2459 
6,547,000 2444 
6,629,000 2471 
6-1/4 2379 
6-7/8 2407 
6.01 2378 
6.19 2406 
6.73 2378 
6.8 2503 
6.95 2407 
600,000 2400 
600.5 2426 
61.1 2451 
61.96 2378 
613,127 2380 
626,013 2380 
64.91 2378 
640.2 2426 
65-1/2 2396 
65.3 2436 
66.0 2513 
68-5/8 2375 
680,000 2459 
685.8 2496 
689,700 2456 
7,249,600 2437 
7,452,000 2421 
7,932,000 2471 
7-1/4 2408 
7.0 2409 
7.172 2407 
7.25 2383 
7.28 2408 
7.4 2363 2420 
7.5 2400 
7.50 2366 
7/8 2423 
70.5 2433 
70.9 2438 2444 
709,000 2421 
72,000 2409 
73,000 2386 
73.1 2366 
735.0 2468 
736.6 2468 
736.7 2468 
738.5 2468 
74-3/8 2366 
75,200 2456 
75-100,000 2383 
75-space 2469 
750,000 2389 2513 
76.9 2366 
765.2 2496 
775,000 2363 
8,012,000 2478 
8,801,000 2504 
8,877,000 2433 
8-3/4 2498 
8-7/8 2412 
8.0 2513 
8.1 2513 
8.3 2458 
8.54 2390 
8.77 2498 
8.90 2412 
800,000 2421 
801,000 2409 
81,358 2380 
86.4 2421 
86.8 2471 
87.0 2421 
875,000 2513 
881,082 2393 
892,000 2483 
9,530,000 2433 
9,950,000 2357 
9-1/4 2412 2498 
9.2 2378 
9.3 2483 
9.5 2406 
9.68 2471 
9.7 2409 
9.70 2378 
9.8 2366 
9.9 2400 
90,000 2382 2456 
928,835 2429 
93.1 2471 
930,000-dlr 2429 
963,000 2375 
981,000 2362 
99.726 2412 
99.784 2498 
99.80 2407 
99.875 2408 
990.5 2433 
`` 2355 2357 2359 2364 2367 2375 2376 2381 2383 2384 2389 2392 2399 2404 2405 2406 2417 2427 2428 2430 2436 2439 2445 2448 2449 2452 2467 2475 2480 2489 2492 2493 2495 2500 2502 2507 2508 2511 2512 2514 
a-1 2407 2477 2498 
a-1-plus 2487 
a-1/a 2407 
a-3 2412 
a-minus 2477 
a-rated 2477 
a. 2400 2512 
aa 2373 2407 2408 2487 
aa-3 2373 
aa-minus 2487 
aaa 2408 
aapi 2509 
aber 2363 
abide 2376 
abiding 2383 
ability 2449 
about-face 2475 
abroad 2406 
absb 2360 
abusive 2500 
acceptable 2376 
acceptance 2423 2487 
accepting 2375 
accessory 2431 
accommodated 2384 
accompanied 2503 
accord 2383 2423 2475 2499 
account 2417 
accrued 2416 
accumulations 2500 
accused 2359 2384 2513 
achieve 2364 2514 
achieved 2411 
acq 2365 2374 2375 2376 2410 2419 2434 2447 2462 2470 2474 2475 2476 2491 2497 2500 2505 2512 
acquire 2365 2394 2410 2419 2434 2450 2462 2475 2491 2500 2501 2505 2509 
acquired 2366 2375 2433 2462 2470 2491 
acquires 2470 2500 
acquiring 2444 2470 
acquisition 2365 2375 2462 2470 2491 2500 2505 2512 
acreage 2425 
acres 2395 
act 2415 2448 
action 2355 2387 2400 2427 2477 2502 2513 
actions 2359 
active 2366 2445 
activist 2432 
activities 2381 
activity 2456 
actual 2371 2383 
added 2359 2364 2370 2374 2382 2384 2422 2448 2456 2480 2492 2502 2503 2511 
adding 2355 2383 2427 2428 
addition 2400 2423 2449 
additional 2449 
address 2355 
adds 2382 
adjourned 2376 
adjust 2362 2417 
adjusted 2468 
adjustment 2384 2388 2417 
administered 2395 
administration 2367 2387 2427 2448 2452 2464 2508 2511 2513 
administrator 2417 
adominal 2431 
adopt 2364 
adopted 2500 
advance 2399 
advanced 2492 
adversely 2500 
advest 2510 
advice 2364 2432 
advised 2381 
adviser 2417 
advisers 2514 
advisor 2500 
advisors 2438 
aerospace 2490 2492 
affair 2355 
affect 2415 2428 2448 2467 2487 2500 2508 
affected 2495 
affecting 2372 2464 2467 
affirmed 2477 2487 
ag 2362 
agencies 2365 
agency 2383 2477 
aggregates 2434 
ago 2357 2370 2371 2378 2415 2426 2443 2458 
agree 2502 
agreed 2359 2365 2383 2394 2417 2419 2423 2434 2438 2444 2499 2505 2508 2509 2513 
agreement 2359 2363 2400 2417 2423 2439 2447 2456 2462 2476 2500 2508 2509 2513 
agreements 2476 2513 
agrees 2394 2434 
agribusiness 2514 
agricultural 2359 2387 2417 2420 2427 2428 2472 2514 
agriculture 2359 2367 2382 2387 2417 2425 2427 2436 2456 2508 
ahp 2356 
aid 2367 2387 2425 2427 2508 
aide 2367 2387 2427 2508 
aids 2417 
aids-related 2405 
air 2450 2457 2473 
airbags 2399 
aircraft 2451 2457 
airline 2375 2450 
airlines 2366 2375 2378 2426 2450 
airlines' 2375 
ala. 2481 
alaska 2473 
alastair 2430 
alberta 2371 2446 2479 
albuquerque 2400 
alcoma 2390 
alert 2384 
alex 2360 
alk 2473 
all-cash 2500 
alleges 2500 
allen 2422 2495 
alleviate 2503 
allies 2511 
allocation 2383 
allowed 2359 2362 2475 2511 
allowing 2417 2508 
alltel 2412 
alpha 2491 2512 
alter 2475 
alternative 2375 2480 2495 2514 
alton 2462 
am-agriculture-france 2417 
am-france-yugoslav 2499 
am-gatt-agriculture 2359 
am-trw 2381 
am-tunnel 2430 
ambassador 2359 
ambitous 2389 
amendment 2367 2508 
america 2374 2447 
american 2356 2367 2388 2423 2445 2447 2448 2453 2462 2467 2472 2491 
amex 2472 
ami 2491 
amortizations 2423 
amount 2369 2434 2506 
amounts 2423 
analyst 2357 2366 2375 2432 2475 
analysts 2357 2370 2375 2405 2449 2475 
angeles 2471 2481 2482 2510 
angeles-based 2422 
anglo-french 2430 
announce 2375 
announced 2392 2400 2425 2436 2450 2461 2462 2476 2513 
announcement 2404 2470 
announcements 2438 
annual 2359 2389 2415 2432 2495 
annually 2498 
answer 2404 2405 
anticipated 2383 2476 2492 
anticipating 2384 
apartment 2444 
apartments 2444 
apparent 2362 
apparently 2475 
appeal 2359 2475 
appears 2387 2427 
appetitio 2509 
appetito 2509 
application 2367 
applied 2438 
appointed 2418 2491 
approach 2508 
approached 2507 2512 
approval 2356 2365 2419 2509 2513 
approved 2444 2447 2467 2470 2500 2507 2508 
approves 2438 
approximately 2389 2444 2464 2474 
april 2370 2371 2379 2383 2385 2387 2391 2396 2416 2420 2427 2440 2449 2453 2475 2494 
arabia 2383 
arbitrager 2375 
arbitragers 2375 
arcalex 2501 
area 2363 2389 
areas 2367 2417 2489 
argue 2367 
argument 2367 
arguments 2475 
ariz 2445 2476 
ariz. 2509 
arizona 2485 2509 
ark 2458 
arkansas 2481 2486 
arland 2367 
arm 2363 2419 2476 
armstrong 2476 
armtek 2476 
army 2454 
arnott 2359 
arranged 2355 2362 
ascs 2420 
asked 2359 2364 2383 2384 2500 
assembly 2372 2464 2476 
assess 2463 
assessed 2390 
asset 2428 2429 2491 
assets 2365 2403 2419 2421 2428 2429 2458 2509 
association 2367 2384 2447 2450 2474 
assume 2480 2509 
assumption 2423 
assured 2364 
ate 2396 2416 
atlanta 2393 2484 
atlantic 2396 2416 
atmosphere 2367 
attacks 2359 
attempt 2375 2428 2480 
attempts 2500 
attendance 2417 
attending 2448 
attention 2355 2384 
attitude 2364 
attorney 2400 
attorneys 2400 
attract 2375 
attributed 2492 
audi 2362 
audit 2381 
audited 2428 
audley 2400 
aug 2366 
august 2356 2364 2456 2505 
australia 2359 2456 
australian 2359 2451 
author 2375 2383 2439 2475 2514 
authorities 2356 
authorization 2492 
authorized 2379 2452 
authorizes 2470 
automakers 2399 
automatic 2399 
automation 2464 
automobile 2362 2428 
availed 2364 
average 2426 2456 2466 2468 2498 
avg 2386 2433 2484 2488 
aviation 2375 2492 
avila 2389 
aviv 2386 
awarded 2446 2513 
awards 2446 
aware 2470 
ayerst 2356 
azpurua 2423 
b.v. 2501 
baa-1 2463 
baa-2 2463 
back 2425 2486 2503 
backers 2430 
backlog 2492 
bail-out 2387 2427 
bailey 2417 
bainum 2361 2414 
baker 2355 2376 2452 2475 
baker-hughes 2475 
bakersfield 2360 
bala 2421 
balance 2375 2491 
bales 2456 
balking 2376 
bancorp 2429 
bancshares 2365 
bank 2355 2357 2365 2369 2388 2398 2404 2447 2453 2462 2466 2467 2474 2501 2502 2503 
bankers 2355 2373 2503 
banking 2359 2388 2408 2467 2474 2502 
banks 2388 2404 2423 2474 2502 2503 
barbara 2438 2444 
bargaining 2359 
barney 2500 
barrel 2383 2423 
barrels 2449 
barriers 2359 
barry 2390 
base 2357 
based 2374 2423 2445 2458 2472 2505 
basic 2359 2490 
basis 2373 2390 2407 2408 2412 2428 2430 2498 
bateman 2360 
battery 2428 
bay 2411 2477 
bc- 2360 2479 2490 2504 
bc-*******union-carbide 2402 
bc-******chemlawn-says-i 2497 
bc-******fed's-johnson-s 2358 
bc-******lucky-stores-in 2377 
bc-******money-market-fu 2403 
bc-******moody's-may-dow 2424 
bc-******n.y.-business-l 2442 
bc-******u.s.-bank-disco 2466 
bc-******u.s.-commercial 2441 
bc-******u.s.-m-1-money 2465 
bc-******union-carbide-s 2401 
bc-/china-adds 2382 
bc-alaska-air-group- 2473 
bc-alltel- 2412 
bc-american-home- 2356 
bc-analyst-to-start-mone 2432 
bc-arizona-appetitio's- 2509 
bc-armtek- 2476 
bc-ascs-buys-peanut-prod 2420 
bc-atlantic-city-electri 2396 2416 
bc-baker-international- 2376 
bc-bankers-trust- 2373 
bc-bay-state-gas- 2477 
bc-bei-holdings-ltd- 2393 
bc-bill-proposed-on-inte 2388 
bc-brazilian-finance-min 2503 
bc-brown-transport-co-in 2484 
bc-cabot-medical- 2431 
bc-calny- 2392 
bc-canada-dlr-driven-by 2406 
bc-carmel-container-syst 2386 
bc-carver-corp- 2459 
bc-cattle-drought 2389 
bc-chartwell-group-ltd- 2409 
bc-chemlawn- 2500 
bc-chesapeake-utilities 2494 
bc-coffee-prices-drop-no 2467 
bc-combined-internmation 2405 
bc-computer-power-inc- 2461 
bc-conagra- 2505 
bc-eastern-airlines- 2378 
bc-edison-brothers-store 2443 
bc-electro-sensors-inc- 2380 
bc-elxsi-ltd- 2478 
bc-endevco- 2394 
bc-endotronics- 2489 
bc-evans/sutherland- 2413 
bc-fairfield-communities 2458 
bc-fairmount-chemical-co 2437 
bc-farm-credit-rescue-ca 2427 
bc-fed's-johnson-sees-in 2384 
bc-federated-department 2422 
bc-ferc-issues-take-or-p 2480 
bc-ffb- 2398 
bc-financial-corp- 2447 
bc-first-commercial-banc 2429 
bc-first-federal- 2486 
bc-first-toronto-issuing 2501 
bc-first-union- 2365 
bc-ford- 2407 
bc-freeport-mcmoran-gold 2363 
bc-fremont-general-corp 2471 
bc-garn-fears-run-on-sav 2502 
bc-ge- 2454 
bc-gen-dynamics- 2457 
bc-general-refractories 2421 
bc-giant-bay-details 2411 
bc-gm- 2372 2399 2451 2487 
bc-gould- 2506 
bc-great-american-first 2453 
bc-great-western-financi 2474 
bc-harcourt-brace-jovano 2433 
bc-haughey-to-seek-ec-ad 2364 
bc-hexcel-corp- 2485 
bc-homestead-financial- 2379 
bc-house-0/92-farm-plan 2425 
bc-house-0/92-farm-propo 2367 
bc-house-0/92-plan-seen 2508 
bc-hughes- 2475 
bc-humana- 2470 
bc-humana-inc- 2440 
bc-hunt-building-corp-ge 2469 
bc-inter-city 2460 
bc-inter-city-gas-corp- 2483 
bc-interest-in-options-s 2514 
bc-kemper-corp- 2397 
bc-lone-star 2434 
bc-longview-fibre-co- 2391 
bc-lucky-stores-inc- 2385 
bc-maize-imports-suspend 2436 
bc-manor-care- 2361 
bc-manor-care-inc- 2414 
bc-mcdonnell-douglas- 2512 
bc-meatpackers-reject-oc 2495 
bc-metro-mobile-cts-inc 2488 
bc-mitel 2446 
bc-mnx- 2455 
bc-moody's-may-downgrade 2463 
bc-moulinex-stake-sold-t 2374 
bc-national-medical- 2481 
bc-nipsco- 2415 
bc-norfolk-southern- 2395 
bc-northgate 2418 
bc-nova-subsidiary-raise 2371 
bc-nppc-elects-new-presi 2445 
bc-opec-president-says-o 2383 
bc-oppenheimer-raises-nw 2366 
bc-pacific-southwest-air 2426 
bc-paradyne- 2513 
bc-penney- 2368 
bc-pesch-unit-seeks-bala 2491 
bc-pitt-des-moines-inc- 2410 
bc-pork-delegates-vote-o 2448 
bc-profit-technology- 2439 
bc-radtech- 2400 
bc-rexcom- 2419 
bc-riverbend- 2472 
bc-rostenkowski-says-tax 2507 
bc-shell-francaise-retur 2435 
bc-spar-sees-sees-strong 2492 
bc-sumitomo-trust-sells 2408 
bc-swift-independent-pac 2496 
bc-talking-point/piedmon 2375 
bc-tandem-computers- 2357 
bc-tcw-convertible-secur 2510 
bc-tdbank 2404 
bc-times-mirror-co- 2482 
bc-trade 2511 
bc-treasury-says-only-re 2452 
bc-twa- 2450 
bc-u.s-house-leader-urge 2387 
bc-u.s.-energy-futures 2449 
bc-u.s.-money-supply-m-1 2468 
bc-u.s.-to-set-orange-ju 2390 
bc-unicorp- 2462 
bc-union-carbide- 2428 
bc-usda-comments-on-expo 2456 
bc-usg- 2498 
bc-venezuela-will-reprog 2423 
bc-vms 2438 
bc-vms-realty-partners-u 2444 
bc-vw-expects-further-fa 2362 
bc-westinghouse-electric 2464 
bc-wright-says-democrats 2493 
bc-yellow-freight- 2370 
bc-zehntel- 2369 
beach 2474 
bear 2501 2510 
bearing 2395 2467 
bed 2502 
beef 2389 2495 2505 
began 2382 2456 2472 2500 
begin 2411 2427 2485 
beginning 2359 2384 
begins 2382 2456 2472 
behalf 2390 
bei 2393 
beih 2393 
belgium 2456 
believed 2355 2375 2376 2475 
believes 2387 2427 
bell 2392 
benefit 2386 
benefits 2364 2514 
bere 2475 
beverly 2474 
bgc 2477 
bid 2375 2450 
big 2427 
biggest 2467 
bill 2367 2387 2388 2425 2427 2448 2502 2508 
billion 2364 2375 2376 2378 2381 2401 2403 2405 2406 2415 2423 2424 2426 2428 2433 2435 2441 2453 2463 2465 2467 2468 2475 2483 2487 2493 2502 2503 2505 2507 2508 
biltmore 2438 
bit 2376 
bko 2376 2475 
black 2435 
blah 2358 2377 2401 2402 2403 2424 2441 2442 2460 2465 2466 2497 
blocks 2400 
bluffing 2375 
blunt 2510 
board 2355 2362 2381 2384 2392 2400 2470 2475 2491 2500 2512 
boards 2419 
bode 2367 
bogota 2467 
bold 2375 
bolocan 2439 
bond 2384 2406 2423 
bonds 2406 2412 2423 2427 2430 2498 
bonus 2495 
book 2439 
booked 2461 
books 2439 
boost 2499 
bor 2475 
boren 2387 2427 
borg-warner 2475 
borrower 2427 
borrowing 2467 
borrowings 2364 2466 
boston 2473 2506 
bought 2375 2420 2486 
boulangerie 2392 
bouy 2449 
bpd 2383 2449 
brace 2433 
branches 2447 2474 
brasilia 2436 2503 
brazil 2355 2390 2436 2503 
brazilian 2355 2390 2436 2503 
breaks 2387 2427 
briam 2362 
bribe 2513 
bribery 2513 
bridge 2461 
briefly 2355 
bring 2363 2417 2448 
british 2411 2446 
broached 2493 
broad 2508 
broadened 2508 
broader 2508 
broke 2428 
brokerage 2404 2432 
brokers 2374 
brothers 2373 2408 2443 2475 2498 
brown 2360 2484 
brussels 2364 
bt 2373 
btci 2484 
bucks 2427 
budget 2415 2493 2507 2508 
budgetary 2364 
bugow 2363 
buick-oldsmobile-cadillac 2372 
build 2450 2485 2513 
building 2444 2469 
buildings 2444 
builds 2417 
bullish 2449 
bullock's/bullocks 2422 
burden 2503 
bureau 2367 
burlinghame 2379 
business 2362 2381 2428 2442 2476 
businesses 2428 2434 2475 
businessmen 2499 
buy 2360 2365 2366 2383 2394 2404 2419 2430 2434 2447 2500 
buy-down 2480 
buy-out 2480 
buyback 2487 
buyers 2374 2406 2456 
buying 2357 2375 2406 2430 2449 2480 
buyout 2491 
buys 2420 2447 2474 2486 
ca 2375 2376 
cabot 2431 
cag 2505 
cake 2456 
cal 2475 
calgary 2371 2479 
calif 2438 2447 
calif. 2360 2369 2379 2385 2391 2429 2447 2469 2472 2474 2478 
calif.-based 2357 
california 2444 2447 
called 2359 2376 2383 2417 2468 
calling 2475 2499 
calls 2367 2467 2502 
calny 2392 
camaguey 2389 
cambior 2504 
cambior-inc 2504 
camp 2469 
campaign 2445 
canada 2356 2363 2371 2372 2404 2406 2411 2418 2446 2479 2490 2492 2501 2504 
canadian 2356 2363 2404 2406 2419 2446 
cancelled 2382 
cancels 2382 
cancer 2489 
candidate 2475 
cane 2389 
capabilities 2431 
capel 2374 
capistrano 2447 
capital 2374 2406 2412 2413 2423 2428 2430 2473 2486 2501 
capital-intensive 2362 
capitalization 2423 
car 2362 
caracas 2423 
carbide 2401 2402 2428 
carbon 2428 
carcass 2389 2448 2495 
care 2361 2405 2414 
carefully 2500 
cargill 2417 
carl 2375 2450 
carlstadt 2409 
carmaker 2487 
carmel 2386 
carrier 2360 2405 2450 2513 
carriers 2375 
carroll 2475 
carryforward 2386 
cars 2399 
carver 2459 
case 2381 2513 
cases 2480 
cash 2363 2375 2379 2428 2434 2435 2462 2463 2476 2487 2491 2500 2509 
catalog 2368 
cattle 2389 
cattlemen's 2367 
caught 2384 
caused 2428 
caution 2387 2427 
cavr 2459 
cbot 2431 
cd 2408 
ceiling 2383 
cent 2449 2495 
center 2469 
centers 2368 2374 2389 2444 
central 2503 
centres 2435 
cents 2383 
cereal 2417 
certificate 2408 
cesar 2467 
chain 2368 
chairman 2361 2362 2367 2368 2376 2381 2384 2387 2400 2414 2418 2422 2427 2448 2493 2500 2502 2507 2513 
chairwoman 2480 
chancellor 2417 
chandler 2485 
change 2372 2448 2505 
changed 2362 2458 
changing 2417 
channel 2430 
charge 2428 2513 
charged 2513 
charges 2359 2364 2428 2513 
charles 2364 2367 2480 2508 
chartered 2462 
chartwell 2409 
checkoff 2445 
chem 2500 
chemical 2437 
chemicals 2428 
chemlawn 2497 2500 
chesapeake 2494 
chevrolet-pontiac-gm 2372 
chicago 2405 2410 2438 2444 2445 2448 2491 2495 2512 
chief 2357 2361 2381 2392 2400 2414 2418 2422 2513 
chimie 2435 
china 2382 2456 
choice 2430 
cholesterol 2356 
chpk 2494 
ciego 2389 
cincinnati 2422 
cited 2367 2475 
citing 2514 
citrus 2390 
city 2396 2416 2420 2495 
civil 2513 
claimed 2500 
claims 2363 2405 2502 2513 
class 2379 2513 
classes 2379 
clause 2423 
cleaned 2389 
cleaning 2389 
clear 2355 2375 
cleared 2375 
cleveland 2381 
clients 2432 
climb 2417 
clinical 2356 
clny 2392 
close 2359 2375 2383 2449 
closed 2372 2449 2495 
closing 2372 2449 2476 2505 
clouded 2375 
co-chairman 2430 
co-managed 2373 2412 
coal 2395 
coast 2370 
cobra 2454 
coffee 2467 
cohen 2357 
collapse 2435 
collateral 2388 
collateralized 2453 
collect 2508 
collective 2417 
colo. 2505 
colombia 2467 
colorado 2381 2505 
columbia 2411 2446 
columbus 2500 
combat 2469 
combination 2375 
combine 2475 
combined 2362 2405 2456 2475 2502 
coming 2383 
comment 2359 2366 2375 2376 2404 2480 
commenting 2423 2452 
comments 2456 
commerce 2390 2452 
commerce's 2390 
commercial 2429 2441 2477 2487 2495 2499 2503 
commericial 2355 
commission 2364 2369 2390 2413 2415 2463 2473 2480 2499 2500 2506 2513 
commissioner 2480 
commit 2444 
commited 2489 
commitment 2489 
commitments 2382 2503 
committed 2381 2383 
committee 2361 2367 2383 2388 2425 2491 2493 2502 2507 2508 
commmon 2500 
commodity 2367 2384 2448 2480 2514 
common 2360 2365 2369 2379 2416 2419 2455 2470 2473 2491 2500 2501 2506 2510 
commons 2406 
communications 2492 
communities 2458 
community 2364 2417 2467 
comon 2500 
company 2356 2357 2362 2366 2369 2370 2371 2372 2374 2375 2376 2378 2381 2386 2392 2394 2395 2398 2400 2405 2411 2413 2414 2416 2418 2419 2422 2428 2431 2433 2434 2435 2444 2458 2461 2464 2470 2472 2473 2475 2476 2477 2481 2485 2487 2489 2491 2492 2498 2500 2505 2509 2513 
company's 2428 
comparable 2373 2407 2408 
compared 2362 2406 2426 2428 2486 
competition 2362 
competitive 2480 
competitiveness 2464 
competitors 2362 
complaint 2390 
complete 2376 2513 
completed 2365 2376 2395 2455 2464 2503 2505 
completes 2395 
completion 2485 
complexes 2444 
compliance 2381 
complicated 2375 
components 2461 
composed 2499 
comprehensive 2362 
comprised 2429 
comprising 2379 
compromise 2362 
compromises 2376 
computer 2357 2413 2419 2461 2513 
computerized 2419 
computers 2357 
comtech 2419 
conable 2355 
conagra 2505 
conceded 2405 
concentrate 2411 
concentration 2492 
concern 2472 
concerned 2362 2475 2508 
concerns 2383 
concessions 2375 
concluded 2476 2500 
concrete 2434 
condere 2476 
condition 2475 
conditioners 2461 
conditioning 2389 
conditions 2362 2370 2371 
conduct 2381 
conducted 2428 
conference 2364 2383 2404 2417 2436 2502 
confidence 2406 2449 
confident 2364 2492 
conflicting 2367 
confusing 2475 
congress 2387 2427 2445 2448 2508 
congressional 2367 2399 2502 2508 
conjnction 2453 
conn 2464 
conn. 2398 2428 2434 
connecticut 2398 
connection 2462 
consecutive 2362 
consensus 2417 
consent 2376 
consequences 2367 2463 
conservation 2420 
conservative 2467 2514 
consideration 2387 2427 
considered 2491 
consolidated 2428 2464 
consolidation 2375 
consortium 2430 
conspiracy 2513 
conspiring 2513 
constant 2383 
constraints 2417 
constructed 2394 2481 
construction 2415 2469 2485 
construtive 2355 
consultant 2432 
consultation 2362 
consulting 2502 
consumed 2390 
container 2386 
contended 2475 
contingencies 2375 2502 
contingency 2423 
contingent 2513 
continually 2359 
continuation 2411 
continue 2357 2418 2422 2432 2475 2511 
continued 2384 2449 2492 
continues 2400 
continuing 2384 2428 2492 
contract 2373 2381 2449 2451 2454 2469 2495 2513 
contracting 2381 
contracts 2381 2457 2480 2514 
contractual 2480 
contradicted 2359 2384 
contribute 2462 
contributed 2428 
contribution 2370 
control 2400 2470 
controller 2381 
controls 2464 2511 
controversial 2425 
controversy 2425 
contruct 2481 
conversion 2462 
converted 2501 
convertible 2369 2413 2416 2430 2501 2506 2510 
cooperation 2417 2499 
cope 2502 
corn 2367 2382 2436 2456 
corp. 2373 2412 
corporate 2381 2422 2428 
corporation 2447 
corps 2469 
correct 2381 2383 
cos 2400 
cost 2362 2364 2367 2375 2390 2420 2421 2461 2475 
costing 2431 
costly 2375 2514 
costs 2370 2375 2390 2480 2489 2492 2513 
cotton 2359 2456 
council 2362 2381 2445 2448 
counter 2375 
counter-proposal 2376 
counties 2394 
countries 2359 2388 2499 2503 2511 
country 2355 2364 2367 2383 2406 2467 
county 2394 2395 
coupon 2373 2407 2408 2412 2498 
court 2376 2400 2500 2513 
courted 2375 
cover 2367 2370 2473 2502 2508 2513 
coverage 2359 2405 
covered 2359 
covering 2369 2382 2413 
cpwr 2461 
crandell 2475 
create 2376 2388 2423 2448 
created 2381 
credibility 2375 
credit 2387 2407 2423 2427 2428 2445 2448 2467 
creditor 2423 
creditors 2500 
creek 2369 
criminal 2513 
critical 2362 2417 
criticism 2508 
criticized 2364 
critics 2514 
crop 2367 2425 2436 2508 
crops 2367 2508 
crude 2383 2449 2511 
crudes 2383 
ct 2470 
ctwl 2409 
cuba 2389 
cuban 2389 
culpable 2381 
cumulative 2416 
cupertino 2357 
currencies 2452 
currency 2362 2452 
current 2362 2364 2367 2375 2399 2428 2456 2467 
customers 2371 2383 2404 2446 2492 2500 2502 
cut 2362 2383 2415 2425 2428 2489 2495 2514 
cutbacks 2489 
cuts 2493 2508 
cv 2454 
cvt 2510 
cyanidation 2411 
cycle 2362 
cynwyd 2421 
d-kan. 2367 2508 
d-n.y. 2388 
d-okla. 2387 2427 2508 
d-tex 2508 
d-tex. 2367 
d-wash 2367 
d-wash. 2387 2427 2508 
d-wis 2502 
daily 2406 2456 
dairy 2359 
dakota 2495 
dallas 2394 2475 2496 
damages 2475 
dan 2367 2493 2507 2508 
danbury 2428 2464 
danger 2389 2502 
dangerous 2383 2423 
data 2357 2384 2446 2471 
david 2387 2427 2439 
day 2449 2466 
days 2389 2470 2500 
de 2389 
de-coupling 2367 
deadline 2399 
deal 2373 2374 2375 2388 2395 2412 2419 
dealing 2364 2383 
debate 2367 2508 
debenture 2369 2501 2506 
debentures 2369 2412 2413 2463 2498 2506 
debt 2355 2360 2364 2369 2388 2401 2413 2423 2424 2428 2463 2467 2473 2476 2477 2487 2503 
debtor 2388 
debtors 2423 
dec 2433 2458 2488 2504 
december 2383 2400 2415 2433 2458 2495 2513 
decide 2362 
decision 2503 
decisions 2357 2367 
declared 2398 2470 
declares 2470 
declaring 2379 
decline 2362 2384 
declined 2357 2376 2404 2405 2475 
declines 2456 
decoupling 2367 
decrease 2367 2428 
decreased 2456 
decree 2376 2475 
decreed 2389 
deerfield 2474 
defaud 2513 
defeated 2428 
defend 2400 
defendants 2513 
defense 2381 2492 2493 
defer 2513 
deficiency 2367 2508 
deficit 2493 2502 2507 2508 
definitive 2447 2462 
definitve 2462 
defraud 2513 
del 2359 
del. 2494 
delay 2367 2502 
delayed 2367 2383 2425 
delays 2492 
delegate 2359 2448 
delegates 2445 2448 
delegation 2359 
delivered 2362 
deliveries 2360 
delivery 2382 2456 
delors 2364 
delta 2399 
demand 2383 2417 2480 
democrat 2381 2493 2507 
democratic 2493 
democrats 2493 2507 
demonstrated 2417 
denominated 2423 
department 2367 2376 2381 2382 2390 2417 2422 2447 2452 2456 2475 2508 
deposit 2369 2408 2411 2502 
deposits 2429 2447 2474 2502 
depreciation 2384 2428 
depress 2463 
depressed 2370 2375 
depression 2467 
deputy 2417 2511 
derivative 2513 
designed 2355 2430 2500 
destinations 2456 
destined 2375 
detailed 2390 
details 2411 2430 2434 2435 2436 2491 2513 
deter 2500 
determination 2463 
determined 2381 2383 2500 
detroit 2372 2399 
devalued 2364 
develop 2363 
developing 2444 
development 2357 2369 2389 2417 2445 2489 2492 
developments 2384 
dexide 2356 
dextran 2356 
diego 2426 2453 
differ 2387 2427 
differed 2502 
differences 2502 
differential 2383 
differentials 2383 
differentiated 2417 
difficult 2362 2367 2448 2480 2507 
difficulty 2355 2367 
digital 2446 
dilson 2355 2503 
diluted 2490 
dingell 2381 
direct 2405 2411 2423 
direction 2406 
directly 2375 2448 
director 2362 2368 2392 2423 
directors 2376 2500 2501 
disadvantages 2362 
disaster 2367 2425 2508 
disbursed 2467 
disciplined 2381 
disclose 2371 
disclosed 2439 2476 2491 
discontinued 2471 
discount 2375 2388 2404 2466 
discounting 2370 
discounts 2383 
discuss 2355 2376 2493 
discussed 2367 
discussion 2355 
discussions 2475 
dismissal 2513 
dismissed 2502 
dismisses 2513 
disparities 2417 
display 2451 
dispute 2400 
disputes 2480 
disrupt 2495 
disruption 2448 
disruptions 2417 
distributed 2500 
distribution 2356 2420 2470 
district 2400 
div 2385 2391 2396 2397 2440 2482 2494 
dividend 2377 2379 2385 2391 2398 2440 2470 2482 2500 
dividends 2379 2416 
division 2422 2444 2451 2464 2476 
divs 2483 
dlj 2432 
dlr 2375 2376 2386 2406 2413 2423 2428 2438 2444 2451 2452 2454 2463 2468 2469 2475 2476 2479 2483 2487 2500 2501 2507 2512 2513 
dlr-per-share 2500 
dlrsm 2421 
dollar 2384 2406 2423 2452 
dollars 2363 
domestic 2359 2362 2368 2390 2399 2420 2436 2493 
domestically 2505 
dominion 2404 
domm 2375 
don 2448 
donaldson 2432 2491 
double 2406 
doubled 2379 
doubt 2375 
doubts 2463 
douglas 2491 2512 
dover 2494 
downgrade 2424 2463 
downtown 2444 
dqu 2463 
dr. 2491 
draft 2367 2425 
drain 2492 
draw 2423 
drawdowns 2449 
drift 2411 
drilling 2376 
driven 2406 
driver-side 2399 
drop 2362 2423 2467 
dropped 2513 
drought 2389 
drug 2356 
dryden 2433 
dubious 2359 
dublin 2385 
due 2372 2373 2407 2408 2412 2413 2423 2435 2492 2498 2503 2513 
dumped 2390 
dumping 2390 
duquesne 2424 2463 
duqusne 2463 
dutch 2501 
duties 2390 2500 
duty 2390 
dynamics 2457 
dyneer 2476 
e.f. 2510 
eal 2378 
earlier 2374 2376 2405 2426 2470 2476 2508 2512 
early 2383 2384 2449 2485 
earn 2357 2363 2366 2370 2377 2379 2380 2385 2386 2391 2393 2396 2397 2398 2402 2405 2409 2421 2428 2429 2433 2435 2437 2440 2458 2459 2460 2471 2478 2479 2482 2483 2484 2488 2490 2492 2494 2496 2504 2513 
earned 2357 2370 2428 
earnings 2357 2366 2380 2405 2428 2433 2463 2492 2505 
east 2362 2370 
easter 2387 2427 
eastern 2378 2384 
ebs 2443 
ec 2364 2417 
economic 2355 2362 2384 2417 2499 
economists 2468 
economy 2357 2384 2417 2477 
edison 2443 
effect 2389 2415 2423 
effective 2371 2418 2470 
effects 2389 
efficient 2417 
efficiently 2362 
effort 2375 2470 
efforts 2499 
egon 2499 
egypt 2456 
ei 2394 
eichler 2360 
el 2469 
elaborate 2411 
elected 2400 2422 2445 2448 
election 2364 
electric 2396 2415 2416 2454 2464 
electro-optical 2492 
electro-sensors 2380 
electronic 2439 2451 
elects 2445 
eletronic 2439 
elimination 2495 
eliminations 2428 
ellis 2510 
elxsf 2478 
elxsi 2478 
emerge 2367 2508 
emerged 2379 
emergency 2389 2461 
emigration 2511 
employ 2485 
employees 2381 2464 2489 2500 
ems 2364 
encountered 2411 
encourage 2423 2480 2511 
end 2359 2384 2428 2458 2511 
ended 2362 2382 2443 2456 2458 2496 2513 
endevco 2394 
ending 2357 2505 
endo 2489 
endotronics 2489 
ends 2367 2417 2488 2508 
energy 2449 2480 
engels 2368 
engineered 2485 
engineering 2464 
engines 2454 
england 2503 
english 2508 
enhanced 2423 
ensure 2470 
ensuring 2383 
entered 2362 
enterprises 2481 
entitles 2470 
entity 2375 2470 2500 
environment 2417 2480 
equal 2379 
equaled 2456 
equipment 2360 2399 2415 2451 2511 
equitable 2367 2480 
equity 2373 2383 2428 
equivalents 2428 
eric 2376 
esc 2413 
escc 2413 
est 2367 
established 2368 2381 
estate 2444 
estblishes 2480 
este 2359 
estimate 2366 2415 2508 
estimated 2357 2367 2383 2475 2498 
estimates 2367 
ethics 2381 
europe 2362 2364 2374 2406 
european 2362 2364 2417 2452 
eurotunnel 2430 
euroyen 2453 
evans 2413 
evans/sutherland 2413 
event 2470 
eventually 2383 
evolved 2502 
ex-chairman 2475 
exceed 2449 2508 
excellent 2436 
exception 2480 
excess 2372 
excessive 2384 
exchange 2369 2379 2410 2413 2472 2473 2475 2500 2506 2513 
exchangeable 2506 
exchanged 2400 
exclude 2380 
excludes 2386 
exclusive 2446 
executive 2357 2361 2392 2400 2414 2417 2418 2422 2513 
executives 2513 
exemption 2359 
exercisable 2500 
exercise 2470 2500 
exeuctive 2400 
existing 2394 2411 2423 2464 2480 2491 2509 
exists 2400 2425 
exit 2375 
expand 2362 2367 
expanded 2367 2425 2511 
expansion 2367 2370 
expect 2508 2513 
expectations 2384 2449 
expected 2355 2365 2367 2383 2436 2449 2505 
expects 2357 2362 2370 2436 
expenditures 2363 2367 2428 2473 
expense 2428 
expenses 2429 
expensive 2362 
expert 2364 
expire 2470 2500 
expired 2495 
expiring 2501 
explain 2503 
exploration 2418 
explore 2363 
export 2359 2382 2456 2511 
export-import 2355 
exported 2383 
exposure 2405 
expressed 2387 2427 
extend 2394 2423 2438 2444 2503 
extended 2367 2508 
extending 2411 
extends 2503 
extension 2399 
external 2467 
extraordinary 2380 2393 2471 2483 
f-16a/b 2457 
f0004 2508 
f0006 2509 
f0017 2510 
f0018 2511 
f0021 2512 
f0023 2513 
f0025 2514 
f0390 2356 
f0392 2357 
f0393 2358 
f0397 2359 
f0409 2360 
f0413 2361 
f0420 2362 
f0427 2363 
f0440 2364 
f0441 2365 
f0444 2366 
f0453 2367 
f0455 2368 
f0458 2369 
f0464 2370 
f0465 2371 
f0466 2372 
f0467 2373 
f0476 2374 
f0477 2375 
f0482 2376 
f0487 2377 
f0491 2378 
f0499 2379 
f0505 2380 
f0535 2381 
f0536 2382 
f0537 2383 
f0543 2384 
f0546 2385 
f0554 2386 
f0562 2387 
f0571 2388 
f0572 2389 
f0574 2390 
f0583 2391 
f0588 2392 
f0589 2393 
f0594 2394 
f0595 2395 
f0596 2396 
f0597 2397 
f0599 2398 
f0614 2399 
f0627 2400 
f0637 2401 
f0639 2402 
f0640 2403 
f0646 2404 
f0651 2405 
f0652 2406 
f0654 2407 
f0657 2408 
f0658 2409 
f0659 2410 
f0663 2411 
f0665 2412 
f0667 2413 
f0672 2414 
f0674 2415 
f0675 2416 
f0676 2417 
f0677 2418 
f0679 2419 
f0681 2420 
f0682 2421 
f0685 2422 
f0694 2423 
f0707 2424 
f0710 2425 
f0719 2426 
f0720 2427 
f0725 2428 
f0731 2429 
f0732 2430 
f0735 2431 
f0741 2432 
f0742 2433 
f0744 2434 
f0746 2435 
f0749 2436 
f0753 2437 
f0754 2438 
f0758 2439 
f0759 2440 
f0760 2441 
f0761 2442 
f0767 2443 
f0770 2444 
f0771 2445 
f0772 2446 
f0774 2447 
f0775 2448 
f0777 2449 
f0779 2450 
f0781 2451 
f0782 2452 
f0784 2453 
f0785 2454 
f0786 2455 
f0787 2456 
f0788 2457 
f0791 2458 
f0794 2459 
f0797 2460 
f0802 2461 
f0803 2462 
f0806 2463 
f0809 2464 
f0812 2465 
f0813 2466 
f0814 2467 
f0822 2468 
f0827 2469 
f0828 2470 
f0841 2471 
f0842 2472 
f0846 2473 
f0849 2474 
f0851 2475 
f0852 2476 
f0854 2477 
f0857 2478 
f0858 2479 
f0865 2480 
f0867 2481 
f0876 2482 
f0880 2483 
f0883 2484 
f0891 2485 
f0892 2486 
f0908 2487 
f0911 2488 
f0913 2489 
f0915 2490 
f0918 2491 
f0930 2492 
f0937 2493 
f0938 2494 
f0943 2495 
f0950 2496 
f0951 2497 
f0961 2498 
f0962 2499 
f0969 2500 
f0974 2501 
f0979 2502 
f0984 2503 
f0990 2504 
f0995 2505 
f0996 2506 
f0999 2507 
fa 2486 
face 2375 
faced 2508 
faces 2502 
facilities 2415 2464 2481 2491 
facility 2372 2388 2485 2495 
fact 2359 
factor 2378 2426 2475 2508 
factors 2362 
factory 2384 2464 
fail 2364 
failing 2502 
fair 2470 2480 
fairbury 2445 
fairfield 2458 
fairly 2452 
fairmount 2437 
fall 2362 2467 
fallen 2389 
falls 2441 
false 2513 
family 2469 
fark 2486 
farm 2359 2367 2387 2417 2425 2427 2445 2448 2508 2514 
farmer 2508 
farmers 2367 2417 2425 2448 2514 
farming 2364 
fate 2375 
father 2361 
fau 2363 
favor 2367 2475 
favorable 2364 2493 
favored 2511 
favourable 2362 
fca 2387 2427 
fci 2458 
fcob 2429 
fds 2422 
fear 2502 
fears 2502 
feasibility 2363 
features 2431 
feb 2441 2442 2465 
february 2364 2378 2382 2383 2404 2423 2426 2443 2449 2456 2458 2468 
fed 2358 2384 2389 2441 2442 2465 2466 
federal 2381 2384 2387 2398 2399 2427 2447 2462 2468 2480 2486 2500 2502 2513 2514 
federally 2462 2502 
federated 2422 
feed 2389 2448 
feedgrains 2367 2508 
feel 2357 2475 
feiter 2417 
fell 2375 2428 2492 
fenner 2473 
ferc 2480 
ffb 2398 
ffct 2398 
fianna 2364 
fibre 2391 
fidelity 2405 
fiduciary 2500 
field 2394 
fiercer 2362 
figures 2383 2406 2411 2458 
file 2356 2475 
filed 2360 2369 2376 2390 2400 2413 2475 2506 
files 2369 2413 
fin 2447 
final 2390 2464 
finalizing 2383 
finance 2355 2361 2406 2423 2467 2499 2503 
finances 2423 
financial 2362 2364 2379 2381 2388 2447 2463 2467 2474 2487 2493 2500 2502 
financing 2375 2438 
find 2507 
findings 2381 
fines 2513 
finished 2449 
firm 2383 2419 2432 2444 2477 2502 
firming 2383 
firms 2404 2446 2449 2502 
fiscal 2357 2393 2505 2508 
fit 2375 
five-year 2415 2492 2501 
fixed 2383 2417 
fixing 2417 
fl-yr 2483 
fla 2513 
fla. 2365 2390 2433 2481 
flaws 2359 
flexible 2362 2383 
flooding 2425 
floor 2367 
florida 2365 2390 2474 2481 
flotation 2411 
flow 2406 2431 2435 2463 2487 
fly 2503 
flying 2503 
fmg 2363 
fmtc 2437 
focusing 2444 
foley 2367 2387 2427 2508 
follow 2449 
food 2495 2509 
force 2376 2448 2457 
ford 2395 2407 
forecast 2362 2405 2468 2492 
forego 2367 2508 
foreign 2362 2364 2388 2406 2423 2433 2467 2499 2503 2511 
foreigners 2406 
form 2364 2367 2431 
formal 2355 
formally 2475 
fort 2481 
forum 2400 2417 2511 
fossen 2500 
found 2449 2493 
foundation 2514 
founded 2357 
founder 2414 
four-month 2492 
four-week 2468 
four-year 2359 
fourth 2362 2366 2428 2456 
francaise 2435 
france 2430 2435 2499 2503 
franchise 2509 
franchisee 2392 
francis 2400 
francisco 2392 2444 2485 2503 
francisee 2392 
francs 2435 
frank 2368 2387 2427 
franz-josef 2417 
frederic 2357 
free 2375 
free-for-all 2383 
freedom 2417 
freeport-mcmoran 2363 
freight 2370 
fremont 2471 
french 2499 
freymiller 2360 
freymiller-trucking 2360 
friday 2423 
frmi 2471 
frozen 2390 
fsb 2398 2462 
fslic 2502 
ftx 2363 
fuel 2394 
full 2357 2364 2444 
full-time 2489 
fully 2362 2500 2501 
funaro 2355 2503 
func 2365 
functions 2464 
fund 2369 2388 2403 2438 2444 2487 2498 2502 2510 
fundamentals 2383 
funds 2388 2400 2406 2415 2502 
future 2369 2463 2513 
futures 2449 
g. 2400 2405 
gaf 2428 
gain 2380 2386 2393 2428 2470 2471 2483 
gained 2456 
gains 2421 2483 
gallon 2449 
garden 2444 
garn 2502 
gas 2394 2415 2460 2477 2479 2480 2483 2511 
gases 2428 
gasoline 2449 
gasoline-rich 2383 
gathering 2355 
gatt 2359 2417 
gave 2362 2383 2434 
gaviria 2467 
gbylf 2411 
gd 2457 
ge 2454 
gears 2492 
gen 2457 
gene 2367 2387 2427 2508 
general 2359 2364 2372 2399 2417 2421 2451 2454 2457 2471 2480 2487 2493 
generally 2362 
generate 2406 2487 
generated 2415 
generous 2384 
geneva 2359 
george 2356 
georgetown 2502 
german 2362 2417 
germany 2362 2456 2503 
gfc 2447 
giant 2376 2411 
gibraltar 2447 
gingerich 2448 
give 2387 2427 2432 
giving 2400 2430 2498 2502 
gld 2506 
glenn 2508 
glickman 2367 2508 
gm 2372 2399 2451 2487 
gmac 2487 
gmac's 2487 
goal 2376 
goals 2359 
gold 2363 2411 
goldman 2407 2453 
goldome 2474 
good 2362 2456 
goods 2359 
gorbachev 2511 
gordon 2411 
gould 2506 
government 2355 2364 2376 2381 2404 2417 2423 2446 2475 2503 2513 2514 
governor 2503 
grades 2383 
grain 2367 2382 2425 2436 2448 2456 2508 
grains 2367 2456 
grand 2381 
granma 2389 
grant 2501 
grantor 2487 
graves 2514 
grazing 2389 
great 2362 2363 2453 2474 
greater 2417 
greeley 2505 
green 2404 
greenshields 2449 
greenwich 2434 
gros 2503 
groundnut 2359 2420 
grounds 2362 2423 
group 2362 2375 2383 2390 2405 2409 2419 2450 2473 2475 2492 2502 2510 
groups 2367 2448 2508 
grove 2397 
grow 2417 
growers 2367 2390 
growing 2417 
grown 2431 2499 
growth 2357 2362 2384 2477 2492 
grx 2421 
gta 2453 
guaranteeing 2514 
guarantees 2427 
guardian 2474 
guidance 2364 
guide 2480 
guidelines 2480 
guilty 2513 
gwf 2474 
half 2375 2390 2456 
halt 2503 
halted 2503 
hambrecht 2413 
hammond 2415 
hamtramck 2372 
handful 2502 
handled 2374 
hankes 2445 2448 
harcourt 2433 
hard 2367 
harmful 2417 
harmony 2417 
harold 2475 
harris 2500 
harvest 2436 
harvested 2389 
haughey 2364 
havana 2389 
haven 2398 2476 
hawk 2454 
hbj 2433 
head 2375 2389 
headquarters 2464 
health 2405 2491 2512 
hearing 2367 2399 
heating 2449 
heavy 2383 2492 
heed 2417 
held 2400 2427 2470 
helicopters 2454 
helmut 2417 
helped 2449 
hepatitis-b 2489 
heritage 2514 
hesse 2480 
hexcel 2485 
hfl 2379 
high 2383 2431 2461 2467 
high-flow 2431 
higher 2357 2384 2406 2417 2449 2492 
highest 2456 
highrise 2444 
highwood 2363 
hike 2370 2493 2507 
hikes 2493 
hill 2360 
hiller 2362 
hills 2474 
hired 2381 
history 2436 
hit 2389 2423 
hold 2362 2404 
holders 2398 2470 2500 
holding 2374 2375 
holdings 2393 2491 2512 
holds 2381 
hollywood 2474 
holt 2433 
home 2356 2383 2414 2428 2447 2469 
homestead 2379 
honour 2383 
hope 2387 2427 2467 2480 
hoped 2376 
hopes 2376 2511 
hopwook 2510 
hospital 2481 
hospitals 2481 2491 
host 2428 
hostile 2428 
hotel 2414 2438 2444 
hotel- 2438 
hotels 2444 
hour 2495 
hourly 2372 
hours 2362 
house 2367 2381 2387 2388 2406 2425 2427 2452 2493 2507 2508 
houses 2417 
housing 2469 
houston 2376 2419 
howard 2417 
ht 2376 2475 
hughes 2376 2418 2451 2475 
hum 2440 2470 
humana 2440 2470 
hunt 2469 
hurdles 2375 
hutton 2510 
hxl 2485 
ibp 2495 
icahn 2375 2450 
icahn's 2375 
icg 2483 
idea 2493 2507 
identify 2448 2475 
ig 2362 
ignore 2367 
ii 2444 
ill 2445 
ill. 2397 2506 
illinois 2493 2507 
image 2423 
imbalance 2417 
immediately 2371 2381 2387 2418 2427 2430 2491 2513 
imminent 2389 
immunotherapy 2489 
impact 2480 2508 
impeded 2480 
imperfections 2448 
implementation 2508 
implemented 2367 2423 
implementing 2425 
implications 2508 
import 2436 
important 2362 2383 2445 
importation 2436 
imports 2359 2390 2436 
impose 2359 
imposed 2480 
improper 2381 
improved 2371 2435 2475 2511 
improvement 2364 2428 
inaccurate 2384 
inadequate 2500 
incentive 2359 
include 2366 2427 2428 2471 2502 2508 2513 
included 2359 2428 2429 2495 
includes 2362 2393 2421 2458 2479 2483 2513 
including 2357 2360 2367 2375 2406 2433 2449 2502 2508 2513 
income 2405 2417 2423 2428 2438 2505 2513 2514 
incoming 2362 
increase 2357 2371 2379 2436 2447 2464 
increased 2359 2370 2379 2384 2405 2443 2456 2492 2498 
increases 2362 2384 2456 2507 
increasing 2358 2359 2384 
ind. 2415 
indefinitely 2372 
independent 2496 
indiana 2415 
indianapolis 2445 2448 
indication 2450 
indicators 2384 
indictment 2513 
individuals 2502 2513 
indonesia 2383 2456 
industrial 2428 2476 2499 2502 
industries 2434 2461 2502 
industry 2357 2362 2375 2383 2390 2428 2475 2480 2502 
industry's 2480 
industry-standard 2439 
industry-wide 2370 
inflation 2384 
inflow 2406 
inflows 2406 
influential 2508 
information 2390 2423 
infuse 2502 
infusion 2427 
ingredient 2375 
initial 2360 2379 2398 2472 
initiative 2355 
injunctive 2500 
injured 2390 
injuring 2390 
inquiry 2371 
insider 2500 
installation 2399 
instances 2381 
institutional 2374 
institutions 2374 2502 
instruments 2388 
insufflator 2431 
insuffulators 2431 
insurance 2359 2405 2502 2513 
insured 2502 
insures 2502 
insurmountable 2375 
int'l 2376 
integration 2464 
intends 2400 2423 2450 2475 2489 
intent 2505 
inter-american 2467 
inter-city 2460 2483 
interconnect 2394 
interest 2358 2363 2364 2369 2384 2423 2428 2500 2501 2503 2514 
interested 2475 
interests 2365 2376 2491 2500 
interfere 2375 
intermediate 2383 
internal 2355 2381 2415 
internally 2415 
international 2376 2388 2390 2405 2419 2434 2453 2467 2472 2475 2491 2503 
internationally 2505 
internationally-active 2362 
internmational 2405 
interview 2383 2423 
introduce 2357 2367 
introduced 2388 2431 2461 
invasive 2431 
inventory 2372 
invest 2430 
investigated 2381 
investigation 2513 
investing 2406 
investment 2406 2438 2444 2481 2492 2501 2512 
investments 2423 2430 
investor 2404 2430 2475 
investors 2373 2374 2388 2408 2412 2427 2430 2444 2453 2463 
invite 2359 
involved 2400 
involves 2395 
involving 2431 
iowa 2448 2495 
iran 2383 
iraq 2383 2456 
ireland 2364 
iris 2436 
irish 2364 
iron 2376 
irregularities 2381 
irvine 2447 
isaac 2502 
island 2389 
israel-based 2386 
israeli 2386 
issue 2373 2387 2388 2407 2408 2412 2413 2423 2427 2430 2453 2486 2498 2501 2506 
issued 2383 2400 2480 
issues 2423 2480 2502 
issuing 2501 
italy 2456 2503 
itc 2390 
items 2448 2511 
j.c 2368 
j.f 2475 
jack 2500 
jacksonville 2365 
jacques 2364 
jaffray 2510 
jake 2502 
jamaica 2383 
james 2357 2374 2417 2452 2475 2493 2507 
james-baker 2452 
jan 2393 2428 
january 2400 2452 2462 2496 2511 
japan 2374 2406 2456 2503 
jcp 2368 
jean 2374 
jean-claude 2417 
jenrette 2432 2491 
jerry 2513 
jobs 2406 
john 2381 2388 2418 2476 2511 
johnson 2358 2384 
joined 2359 
joint 2363 2417 2499 
jolla 2447 
jorge 2423 
jose 2478 
joseph 2455 
jovanovich 2433 
jr. 2361 2414 
juan 2447 
judith 2383 
juice 2390 
july 2500 
june 2382 2390 2404 2411 2456 2482 2505 
juries 2381 
justice 2376 2381 2475 2513 
justification 2359 
justified 2417 
kahle 2445 
kanata 2446 
kansas 2420 
karl-heinz 2362 
kearney 2418 
keeping 2499 
kemc 2397 
kemper 2397 
kendall 2513 
key 2493 2508 
kidder 2475 2506 
kistler 2376 
kli 2431 
kml 2386 
kohl 2417 
korea 2456 
korthals 2404 
kurt 2432 
kuwait 2383 
ky. 2395 2440 2470 
l-cattle 2389 
l. 2500 
l.f. 2357 
l.p 2491 
la 2392 2447 
la. 2363 
labaroscopy 2431 
labor 2370 2495 
labour 2362 
labs 2356 
lacked 2375 
lafalce 2388 
lake 2363 2411 
lakeland 2390 
lamb 2505 
land 2395 
lands 2389 
langhrne 2431 
language 2357 
laparoscopy 2431 
lapse 2511 
large 2367 2368 2406 2417 2427 
largely 2435 
largest 2375 2392 2417 2505 
largo 2513 
larry 2452 
larvive 2392 
las 2389 
laser 2431 
lasers 2431 
last-minute 2375 2502 
late 2376 2439 2508 
latest 2403 2475 
latin 2423 2467 
launched 2359 
law 2359 2511 2513 
lawmakers 2367 2508 
lawsuit 2376 2392 2475 2513 
layoff 2372 
lb 2389 
lce 2434 
lead 2360 2373 2407 2412 2413 2473 2492 2498 
leader 2364 2367 2387 2427 2508 2511 
leaders 2450 
leadership 2387 2427 
leading 2439 
leases 2363 
led 2491 2510 
left 2389 2425 
legal 2400 2429 2502 2513 
legislation 2387 2427 2448 2502 
legislative 2448 
legislators 2448 
lehman 2373 2408 
leroy 2491 2512 
letter 2505 
level 2417 2423 2456 2468 2502 2514 
levels 2383 
leveraged 2491 
lf 2391 
lfbr 2391 
liabilities 2428 2509 
libor 2423 
licensing 2511 
life 2405 2407 
lift 2383 
lifting 2475 2513 
liftings 2383 
light 2424 2463 
lighting 2461 
limbo 2376 
limit 2449 2508 
limited 2356 2367 2502 
limiting 2367 
limits 2362 2502 
lincoln 2462 
line 2394 2404 2435 2445 2461 
linear 2371 
lines 2446 
link 2423 
links 2499 
list 2511 
listed 2359 2472 
litigation 2376 2500 
lives 2498 
livestock 2389 2448 2495 
lks 2385 
load 2378 2426 
loan 2364 2429 2438 2444 2447 2474 2502 
loans 2388 2429 2438 2442 2444 2447 
local 2495 
located 2363 
lockout 2495 
loewi 2510 
london 2374 2383 
lone 2434 
long 2375 2397 2428 2476 
long-haul 2360 
long-term 2401 2405 2477 
longer 2475 2492 2514 
longview 2391 
lonview 2391 
loophole 2502 
los 2422 2471 2481 2482 2510 
lose-lose 2392 
loss 2366 2380 2386 2402 2406 2428 2429 2435 2437 2458 2467 2471 2478 2479 2484 2488 2513 
losses 2428 2429 2435 2492 
lost 2475 
lot 2448 2475 
lotus 2439 
louis 2370 2443 
louisville 2440 2470 
low 2456 2461 
low-density 2371 
low-end 2357 
lower 2357 2370 2371 2375 2415 2423 2467 2492 
lowered 2423 
lowering 2356 
lucky 2377 2385 
lufkin 2432 2491 
lukman 2383 2449 
lynch 2412 2473 
lynnwood 2459 
m-1 2465 2468 
made 2355 2357 2359 2362 2364 2375 2428 2438 2500 
main 2411 2435 
maintain 2367 2423 2467 2489 2514 
maintained 2366 
maintenance 2364 2449 
maize 2436 
major 2357 2367 2389 2404 2406 2456 2467 2508 
majority 2367 2387 2400 2427 2508 
make 2364 2370 2381 2404 2439 2475 2502 2508 
maker 2357 
makes 2448 
making 2362 2367 2375 2383 2425 2500 
manage 2362 
managed 2369 
management 2364 2376 2381 2419 2432 2491 2497 2500 
managements 2375 
manager 2373 2408 2412 2498 
managers 2381 
manages 2491 
managing 2444 
maneuver 2362 
mankowski 2475 
manor 2361 2414 
mantelet 2374 
manuel 2384 2423 
manufactured 2359 
manufacturers 2362 
manufactures 2461 
manufacturing 2464 2485 
marcano 2423 
margin 2423 
margins 2370 2435 
maricopa 2445 
marine 2469 
marion 2394 
mark 2423 
market 2359 2362 2366 2371 2375 2383 2390 2403 2406 2417 2449 2464 2470 2480 2492 2500 2514 
marketing 2356 2368 2369 2419 2456 
marketplace 2513 
markets 2362 2412 2417 2423 2461 2467 
markup 2425 
marshall 2462 
martha 2480 
match 2362 
material 2372 2415 
materially 2475 2505 
matloff 2383 
matter 2364 
matthews 2422 
mattson 2376 
mature 2453 
maturing 2423 
maturity 2373 2408 
maximize 2500 
maximum 2445 
mcadoo 2366 
mcdonnell 2491 2512 
md 2491 2512 
md. 2361 2414 
meadows 2506 
meal 2456 
meal-feed 2456 
means 2493 2500 2507 
measures 2359 2417 
meat 2445 
meatpackers 2495 
mechanism 2364 
medical 2431 2481 2491 
meet 2503 
meeting 2355 2357 2359 2362 2367 2376 2383 2417 2425 2430 2493 2507 2508 
meetings 2376 2432 
meets 2364 
member 2362 2367 2383 2388 2502 2508 
members 2383 2425 2448 2450 2491 2495 2508 2513 
men 2513 
menu 2430 
merge 2509 
merged 2375 
merger 2375 2376 2475 2491 2502 2505 2512 
merrill 2412 2473 
mesa 2447 
met 2355 2493 2503 
metal 2362 
metall 2362 
metallurgical 2411 
metalworkers 2362 
metro 2488 
mettler 2381 
metz 2366 
mexico 2400 2456 
miami 2378 
michael 2359 2366 2406 
michel 2499 
michigan 2381 
mid-december 2495 
midday 2475 
miguel 2389 
mikhail 2511 
miles 2363 2378 2394 2426 
milk 2389 
miller 2445 
mills 2389 
minimal 2405 
minimally 2431 
minimum 2514 
minister 2355 2364 2383 2406 2423 2436 2467 2499 2503 
ministerial 2383 
ministry 2436 2499 2503 
minneapolis 2380 2489 
minneapolis-based 2366 
minnesota 2483 
minority-owned 2462 
mirror 2482 
mischarging 2381 
miss 2476 
mississippi 2394 
mitel 2446 
mlt 2446 
mmct 2488 
mmft 2505 
mnr 2361 2414 
mnx 2455 
mnxi 2455 
mo. 2370 2455 
mobile 2469 2488 
model 2399 
models 2372 2399 
modest 2384 
moines 2410 
moment 2383 2511 
monday 2390 2475 
monetary 2364 2384 2388 
money 2403 2427 2432 2465 2468 2502 
money-fx 2406 2452 
money-supply 2403 2441 2442 2465 2466 2468 
monfort 2505 
monitor 2381 
monroeville 2481 
montgomery 2481 
month 2364 2378 2433 2508 
months 2387 2389 2426 2427 2458 
montreal 2504 
moody 2373 2408 2412 2424 2463 2498 
moody's 2407 
moos 2367 2387 2427 2508 
morgan 2449 
moritorium 2355 
mortgage 2444 
morton 2430 
mos 2458 
moscow 2511 
most-favored-nation 2511 
motel 2368 
motor 2395 2407 
motors 2372 2399 2451 2487 
moulinex 2374 
moup.pa 2374 
move 2375 
moved 2464 
moves 2464 
moving 2464 2468 
mr. 2427 2512 
mths 2484 2504 
mutual 2390 2462 
myers 2481 
n't 2357 2375 2376 2384 2427 2475 2487 2511 
n.j. 2396 2409 2416 2437 2461 
n.m. 2400 
n.y 2442 
named 2361 2368 2413 2513 
names 2361 2400 2418 
nat-gas 2394 2480 2511 
natchez 2476 
nation 2388 
national 2367 2445 2448 2481 
nations 2359 
nationwide 2502 
natural 2480 
navy 2451 2469 
naylor 2387 2427 
nearby 2389 
nebraska 2495 
necessarily 2375 2387 2427 
needed 2362 2387 2388 2427 2463 
negative 2435 
negotiable 2383 
negotiate 2359 2362 2491 
negotitations 2376 
nelson 2514 
nervous 2502 
net 2357 2366 2370 2380 2386 2393 2409 2421 2428 2429 2433 2435 2437 2456 2458 2459 2471 2478 2479 2483 2484 2488 2490 2496 2504 2505 2510 2513 
network 2368 2513 
neutral 2364 
newark 2437 
newly 2368 2389 2448 2470 
news 2364 2383 2404 2436 2449 2502 
newscope 2479 
newscope-resources-l 2479 
newspaper 2389 
ngx 2418 
ni 2415 
nigeria 2383 
night 2475 
nikko 2453 
nil 2385 
ninety-two 2359 
nipsco 2415 
nme 2481 
nmot 2394 
noir 2499 
non-callable 2373 2407 2408 2412 
non-inflationary 2384 
non-operating 2421 
non-recurring 2429 
non-refundable 2498 
nonbank 2502 
nonrecurring 2421 
nontraditional 2502 
norfolk 2375 2395 
normal 2389 2492 
norman 2422 
north 2374 2383 
northeast 2363 
northern 2415 
northgate 2418 
northwest 2363 2366 
norwood 2372 
notably 2364 
note 2380 2385 2386 2393 2421 2429 2433 2458 2471 2479 2483 2509 
noted 2371 2417 2423 2475 
notes 2373 2407 2408 2453 2486 
notice 2513 
noting 2364 
nova 2371 
novacor 2371 
nppc 2445 2448 
nsc 2375 2395 
nsug.f 2362 
number 2379 2381 2389 
numbers 2428 
nursing 2414 
nv 2435 
nwa 2366 
o'hara 2464 
objections 2383 
obstructing 2513 
occidental 2394 2495 
occupant 2399 
occur 2376 
occurred 2400 
oct 2390 
october 2407 2456 
oecd 2417 
off-the-run 2412 2498 
offer 2357 2360 2364 2375 2399 2404 2405 2430 2450 2473 2491 2495 2497 2500 2506 
offered 2375 2376 2428 2430 2453 2508 
offering 2360 2369 2373 2407 2408 2412 2413 2428 2453 2455 2472 2498 2502 2510 
offerings 2428 2472 
offers 2375 2453 2473 
office 2444 2502 2508 
officer 2357 2361 2381 2392 2400 2414 2418 2422 2513 
officers 2422 2500 2513 
official 2371 2383 2449 2508 
officially 2383 
officials 2370 2390 2503 2508 2513 
offset 2456 2483 
ohio 2372 2500 
oil 2383 2423 2432 2435 2449 2456 2475 2479 2483 2511 
oil/shortening 2420 
oilfield 2376 
oilseed 2359 2382 2456 
oldsmobile 2399 
one-year 2367 2513 
onlending 2364 
ontario 2404 2446 
opec 2383 2449 
opecna 2383 
opened 2472 2481 
opens 2481 
oper 2380 2386 2471 
operate 2502 
operated 2362 2394 
operating 2370 2402 2405 2415 2422 2428 2476 2513 
operation 2368 2475 2509 
operations 2376 2428 2434 2464 2471 2483 2492 2495 
operator 2414 
oppenheimer 2366 
opportunity 2375 
oppose 2367 
opposed 2367 2511 
opposes 2502 2507 
opposition 2367 2406 2467 
optimistic 2513 
option 2498 2501 
optional 2399 
options 2514 
orange 2390 
order 2355 2357 2362 2375 2463 2492 
ordered 2436 2463 
orders 2357 2362 2384 2461 
ore 2411 
ore. 2434 
organisation 2417 
original 2423 2486 2508 
orlando 2433 
orleans 2363 
ortner 2452 
ottawa 2406 
outcome 2427 
outgoing 2364 
outlays 2415 2427 
outlook 2475 2477 2513 
output 2383 
outstanding 2382 2400 2416 2470 2476 2477 2486 2500 2505 
over-allotments 2473 
overcharged 2381 
overcharges 2381 
overcome 2362 2430 
overhaul 2417 
overseas 2487 
oversight 2381 
overwhelmingly 2448 
owed 2503 
owes 2503 
owned 2446 2491 
owner 2400 
owns 2475 2491 
oxy 2394 2495 
ozark 2375 
pa. 2421 2431 
pace 2475 
pacific 2426 2491 
package 2387 2427 2508 
packing 2390 2496 
pact 2383 2462 
padovan 2499 
paid 2500 
painewebber 2475 
palm 2474 
paper 2441 2477 2487 2514 
par 2373 2453 
paradyine 2513 
paradyne 2513 
paramount 2364 
parched 2389 
parent 2366 2369 2398 2435 2487 2491 2501 2512 
paris 2374 2417 2430 2435 2499 
park 2469 
parliament 2364 
part 2359 2368 2379 2428 2464 2499 2503 2507 2508 2513 
part-paid 2430 
part-time 2489 
partially 2456 
participating 2470 
particularily 2364 
parties 2355 
partly 2383 2483 
partners 2438 2444 
party 2364 2406 2467 
paso 2469 
passed 2362 2448 
passenger 2378 2426 
past 2364 2389 2414 2445 2499 
patient 2383 
patrick 2405 2418 
patti 2375 
paulo 2436 
pay 2363 2383 2384 2385 2391 2396 2397 2421 2423 2448 2467 2482 2494 2513 
payable 2379 2398 2440 
paye 2417 
paying 2383 2388 2430 
payment 2423 2503 
payments 2363 2367 2369 2423 2425 2508 
payout 2396 2397 
payroll 2489 
pdm 2410 
pdn 2513 
peabody 2475 2506 
peak 2362 2415 
peanut 2420 
peanuts 2359 
pearl 2394 
pending 2390 2415 2432 2508 
pendleton 2469 
penn 2481 
penney 2368 
pennsylvania 2463 
pensacola 2365 
pension 2428 
pep 2392 
pepsico 2392 
percentage 2378 
performances 2435 
performed 2428 
period 2370 2378 2406 2423 2458 2475 2480 2500 2513 
periodically 2448 
periods 2372 2496 
permit 2480 
permitted 2404 
perry 2463 
person 2381 
pesch 2491 2512 
pet-chem 2371 
petite 2392 
petroleum 2394 2435 2495 
pharmaceuticals 2356 
phil 2475 
phoenix 2509 
physical 2481 
picking 2357 
picture 2384 
pie 2375 
piedmont 2375 
pierce 2473 
pike 2395 
pill 2470 2500 
pilot 2367 2450 2508 
pilots 2450 
pipe 2394 
pipeline 2394 2480 
pipelines 2480 
piper 2510 
pitt-des 2410 
pittsburgh 2410 2464 
place 2462 
placing 2372 
plan 2355 2367 2379 2389 2425 2428 2448 2464 2467 2470 2480 2493 2500 2507 2508 
planned 2430 2475 2487 2501 
planning 2367 
plans 2357 2362 2389 2394 2399 2404 2405 2423 2432 2481 2485 2514 
plant 2362 2372 2425 2476 2485 2495 
planting 2367 2508 
plantings 2367 
plantronics 2369 
plants 2362 2372 2492 
plastics 2428 
pleaded 2513 
pleads 2513 
pleasantville 2396 2416 
pledged 2387 2427 
plx 2369 
pma 2405 
pocahontas 2395 
point/piedmont 2375 
pointed 2431 
points 2373 2378 2407 2408 2412 2498 
poison 2470 2500 
policies 2417 
policy 2359 2364 2417 2480 2511 
policymakers 2514 
political 2502 
poll 2364 
polled 2468 
polydex 2356 
polyethylene 2371 
polyxf 2356 
pooling 2365 
poor 2407 2408 2477 2487 2498 
poor's 2373 2412 
poplarville 2394 
popularity 2431 
pork 2445 2448 
portfolio 2499 
portion 2410 
portland 2434 
position 2364 2376 2400 2422 2467 2470 2475 2487 2514 
positive 2450 2477 
possibile 2475 
possibly 2356 2500 
post 2414 2422 
postech 2419 
posted 2428 2435 
posting 2435 
postponed 2383 2425 2502 2508 
potential 2430 2502 
pound 2371 
pounds 2420 
power 2381 2461 2463 2502 
pr 2439 
practically 2389 
practices 2381 
precedent 2423 
preceding 2456 
preceeding 2385 
precipitation 2389 
predicted 2427 2508 
predictions 2362 
prefential 2511 
prefer 2502 
preference 2463 
prefering 2387 2427 
preferred 2416 2419 2463 2470 2477 2483 2487 2506 
preliminary 2390 2428 
premium 2428 
prepared 2362 
presence 2423 
present 2355 2422 2500 
presenting 2384 
president 2356 2357 2364 2374 2381 2383 2392 2400 2404 2405 2418 2422 2445 2448 2449 2452 2462 2502 2507 2513 
press 2433 2480 
pressure 2358 2383 2384 2387 2427 2475 
pressured 2383 
pressures 2384 
pretrial 2513 
prevent 2381 
previous 2406 2456 2468 
previously 2397 2399 2418 2431 2456 2475 2505 
price 2370 2375 2383 2416 2448 2453 2467 2470 2501 2505 2514 
priced 2383 2407 2408 2412 2452 2498 
prices 2371 2383 2384 2417 2423 2448 2449 2467 2514 
pricing 2373 2383 
primarily 2415 
prime 2364 
principal 2360 2369 2453 2491 2506 2512 
principally 2406 
principle 2513 
prior 2379 2396 2422 2440 2456 2470 2475 2494 2500 
priorities 2383 
priority 2383 
private 2374 2388 2493 2503 2509 
privately-held 2509 
probation 2513 
problem 2448 2480 
problems 2364 2383 2384 2448 
procedures 2381 2431 
proceed 2387 2427 
proceeding 2400 2429 
proceeds 2360 2369 2413 2473 2476 2483 2510 
process 2511 
processing 2495 
processors 2495 
produce 2389 2439 2485 
produced 2383 2476 2510 
producer 2448 
producers 2367 2383 2445 2448 2480 2505 2508 
produces 2389 
producing 2383 2389 2438 2449 2505 
product 2369 2405 2461 2464 
production 2362 2383 2389 2411 2417 2449 
products 2356 2357 2359 2383 2390 2420 2428 2435 2485 2492 2505 
profit 2428 2435 2439 2458 2471 2479 2484 2492 
profit-taking 2449 
profitable 2513 
profits 2370 2402 2428 2448 2492 
program 2355 2359 2367 2411 2439 2445 2448 2487 2508 
programme 2435 
programming 2357 
programs 2359 2370 2381 2489 2492 2514 
progressive 2417 
prohibit 2502 
prohibited 2511 
prohibits 2511 
projected 2367 2389 2475 
projections 2357 
prolonged 2389 
promised 2381 
promises 2381 
promising 2489 2511 
promissory 2509 
promote 2499 
properties 2363 2395 2438 2444 2479 2483 
property 2363 2411 
proponents 2367 
proposal 2367 2450 2480 2491 2495 2508 2512 
proposed 2369 2375 2376 2388 2394 2399 2417 2470 2475 2480 2491 2506 
proposes 2480 2509 
propuced 2383 
prosecutors 2513 
prospects 2463 
protect 2500 2514 
protection 2359 2399 2417 2461 
protectionism 2359 
protective 2359 
prove 2375 
provide 2513 2514 
provided 2513 
providing 2513 
province 2389 
provinces 2389 2446 
provincially 2446 
provision 2367 2421 2425 2429 2508 2513 
provisionally 2390 
provisions 2425 
proxmire 2502 
prte 2439 
pswa 2426 
public 2360 2369 2415 2423 2463 2467 2470 2472 2510 
publicly 2475 
published 2383 2432 
publisher 2439 
pump 2376 
punitive 2475 
punt 2364 
punta 2359 
punts 2364 
purchase 2388 2395 2419 2428 2447 2470 2474 2500 
purchased 2406 2500 
purchasers 2456 2500 
purchases 2382 2456 2500 
pursued 2417 
purusant 2500 
push 2362 2384 
pushed 2475 
put 2359 2381 2480 2502 
qatar 2383 
qtly 2385 2391 2396 2397 2440 2482 2494 
qtr 2370 2385 2393 2402 2409 2421 2429 2433 2437 2440 2459 2460 2471 2478 2483 2484 2488 2496 
qualifications 2362 
quality 2463 
quarter 2357 2365 2366 2370 2428 2435 2461 2464 2513 
quarterly 2362 2366 2377 2385 2391 2398 2482 
quarters 2385 
question 2381 2405 2406 2507 
questions 2404 2406 
questrom 2422 
quickly 2367 
quiet 2502 
quist 2413 
quota 2383 2449 
quotas 2359 2383 
r-minn. 2367 
r-utah 2502 
radt 2400 
radtech 2400 
rain 2389 
rainfall 2389 
raise 2371 2501 2507 
raised 2362 2366 2383 2433 2477 
raises 2366 2371 2463 
raising 2373 2407 2412 2428 2493 2498 
rally 2449 
ran 2383 
range 2371 2468 
ranging 2367 2374 
ranks 2489 
rate 2370 2384 2386 2415 2416 2463 2495 2506 
rated 2373 2407 2408 2412 2498 
rates 2358 2362 2364 2384 2480 2503 
rating 2477 
ratings 2487 
rationed 2389 
rationing 2389 
ray 2445 2448 
reached 2366 2513 
ready-mixed 2434 
reagan 2452 2507 2508 2511 
real 2384 2444 2502 
realignments 2364 
realise 2383 
realists 2493 
realty 2438 2444 
reason 2367 2406 2475 
reasonable 2384 
reasons 2383 
rebound 2357 
recapitalization 2379 2428 
recapitalized 2428 
receipt 2492 
receive 2356 2367 2470 
received 2451 2454 2457 2469 2502 
receives 2389 
recent 2359 2364 2370 2384 2423 2514 
recently 2392 2394 2404 2481 2491 
recission 2400 
recognises 2417 
recognize 2400 
recommend 2448 
recommendation 2366 
record 2362 2379 2385 2391 2396 2397 2398 2406 2436 2440 2461 2482 2494 2500 
recourse 2364 
recover 2480 
recoverable 2395 
recovered 2480 
recovery 2406 2411 2435 2480 
recue 2387 
recurrence 2381 
recurring 2381 
redeem 2416 2500 
redeemable 2501 
redeemed 2416 2470 
redemption 2416 
redemptions 2477 
redress 2417 
reduce 2360 2362 2473 2476 2489 
reduced 2428 2492 
reduces 2423 
reducing 2359 2375 
reduction 2364 2417 2423 2425 2463 2493 2495 2507 2508 
reductions 2362 2456 
reed 2475 
refiner-buyers 2383 
refiners 2449 
refining 2435 
reflect 2500 
reflected 2371 2477 
reform 2387 2415 2417 2427 
reforming 2480 
reforms 2417 
refractories 2421 
refurbishing 2438 
refused 2400 
refusing 2383 2388 
regard 2427 
regarded 2364 
region 2362 2389 
regional 2477 
registered 2473 2506 
registers 2506 
registration 2369 2413 2506 
regular 2362 2397 2440 2494 
regulator 2387 2427 
regulators 2502 
regulatory 2356 2365 2375 2463 2480 2502 
rehab 2481 
rehabilitation 2481 
reinstates 2377 2385 
reject 2495 
rejected 2375 2495 2500 
rejection 2367 2475 
rejects 2497 2500 
related 2461 
relations 2362 2511 
relaxed 2399 
release 2439 2480 
released 2406 2428 
relief 2500 
reluctance 2430 
remain 2417 2495 
remained 2435 
remaining 2362 2480 2511 
remains 2489 
remarks 2355 2452 
remove 2492 
removed 2400 
removes 2400 
renewed 2449 
renovating 2438 
reopened 2508 
reopening 2367 2508 
reorganize 2387 2427 
rep 2388 
rep. 2367 2508 
repay 2369 
repayments 2423 
repeated 2452 
reph 2491 2512 
replace 2423 
replaced 2414 
replaces 2445 
reply 2371 
report 2366 2382 2415 2428 2456 
reported 2366 2367 2381 2389 2405 2456 2505 2513 
reporters 2355 2376 2384 2430 2507 
reporting 2456 2458 2475 2492 
reports 2383 2432 2449 2461 2502 
represent 2481 
representatives 2417 2491 2503 
represents 2480 
reprogram 2423 
reprograms 2423 
reps. 2508 
republic 2366 2423 2491 2512 
repurchase 2369 2487 
request 2415 
required 2417 2475 
requirements 2513 
rescheduled 2467 
rescheduling 2423 2467 
rescind 2400 
rescission 2400 
rescue 2387 2427 
rescuing 2502 
research 2357 2489 
resende 2436 
reservations 2368 
reserve 2384 2468 
reserves 2384 2395 2502 
reset 2390 
residue 2389 
resigned 2414 2513 
resigning 2392 
resigns 2392 2414 
resisted 2423 
resisting 2383 
resolution 2448 2480 
resolutions 2432 
resources 2363 2411 2479 
respect 2512 
responding 2406 
response 2405 2475 2493 
responsible 2381 2387 2427 2480 
rest 2493 
restatement 2505 
restaurant 2419 
restitution 2381 
restoring 2502 
restrict 2362 2367 2511 2514 
restructured 2423 
restructuring 2489 
result 2389 2406 2456 2505 2508 
resulting 2492 
results 2357 2366 2386 2415 2428 2435 2513 
resume 2376 
resurrected 2508 
retail 2384 2444 2447 2474 
retaliation 2417 
retire 2498 
retired 2432 
retrofit 2457 
return 2355 2383 2423 2492 
returned 2400 2435 
returns 2435 
rev 2393 2409 2421 
revenue 2378 2426 2492 
revenues 2357 2370 2405 2467 2492 
review 2381 2383 
reviewed 2500 
reviewing 2511 
reviews 2359 
revised 2468 
revs 2386 2433 2458 2471 2478 2479 2483 2484 2488 2490 2496 2504 
rexcom 2419 
rich 2389 
richards 2360 
riddled 2375 
riedel 2434 
right's 2470 
rights 2356 2446 2470 2500 2511 
rilwanu 2383 2449 
rinehart 2433 
rise 2362 2384 2406 2442 2468 2499 
rises 2428 2465 2468 
risk 2375 
risked 2502 
riv 2472 
river 2394 
riverbend 2472 
robert 2359 2366 2404 2452 2513 
robotics 2492 
rock 2458 
rolling 2506 
rome 2503 
ron 2445 
ronald 2400 2507 
room 2362 
rose 2366 2378 2403 2406 2428 2443 2456 2468 
rostenkowski 2493 2507 
rothschild 2357 
rouge 2395 
round 2359 
rounded 2389 
rubber 2476 
ruben 2381 
rule 2399 2400 2475 
ruled 2390 
rules 2359 2399 2423 2500 
ruling 2390 
run 2390 2502 
running 2456 
runs 2423 2502 
rushing 2387 2427 
rxsc 2419 
ryan 2405 
s/p 2477 2487 
sa 2374 
sachs 2407 2453 
sacramento 2429 
safe 2502 
safeguard 2500 
safety 2399 2502 
sale 2369 2421 2428 2475 2476 2483 
sales 2362 2380 2382 2384 2428 2435 2437 2443 2449 2456 2459 2476 2477 2480 2492 2505 2513 
salomon 2373 2475 2498 
same-maturity 2407 
samuel 2400 
samuels 2359 
san 2389 2392 2426 2444 2447 2453 2478 2485 
sanger 2472 
santa 2438 2444 
sao 2436 
satellite-based 2492 
saudi 2383 
saudi-arabia 2383 
saunders 2433 
save 2448 2508 
saved 2475 
saving 2475 
savings 2367 2447 2453 2462 2474 2475 2486 2502 2508 
scale 2375 
scale-back 2508 
scaled-back 2508 
schedule 2388 2423 
scheduled 2367 2376 2383 2416 2439 2464 2476 2485 
scotsdale 2476 
scovill 2374 
sea 2383 2454 
search 2514 
season 2382 2456 2508 
seasonal 2383 
seasonally 2468 
seat 2378 2426 
seats 2364 
seattle 2473 
secretariat 2383 
secretary 2417 2452 2511 
section 2359 
sector 2362 2364 2417 2423 2509 
secura 2502 
secured 2438 2444 2509 
securities 2357 2369 2373 2380 2407 2408 2413 2424 2430 2432 2453 2470 2473 2475 2491 2500 2506 2510 2513 
security 2419 2513 
seek 2364 2500 2509 
seeking 2475 2500 
seeks 2491 2500 
sees 2357 2370 2384 2405 2475 2492 
segment 2428 
segments 2428 
sell 2368 2375 2383 2388 2446 2475 2509 2512 
selling 2446 2475 2505 
sells 2373 2407 2408 2419 2476 
sen 2502 
sen. 2387 2427 
senate 2387 2427 
senior 2387 2427 2463 2477 2487 
sentence 2434 
separately 2375 2438 
separation 2421 
september 2359 2382 2399 2486 
series 2470 
serve 2400 
served 2414 2445 2513 
serves 2475 
service 2373 2376 2394 2404 2408 2412 2415 2419 2420 2444 2463 2475 2502 
services 2359 2368 2376 2404 2428 2476 2481 2492 
servicing 2364 
set 2370 2383 2390 2397 2499 
sets 2360 2396 2398 
settle 2449 2513 
settled 2475 
settlement 2513 
settlements 2513 
seven-nation 2383 
seven-week 2362 
severe 2370 2389 2417 
severely 2367 
sfmf.pa 2435 
sftpr 2496 
share 2357 2362 2366 2369 2370 2375 2377 2379 2380 2393 2398 2405 2416 2428 2450 2455 2470 2480 2491 2497 2500 2508 2510 
shareholder 2360 2375 2432 2470 2491 2500 2509 
shareholders 2365 2375 2376 2379 2430 2470 2500 
shares 2360 2365 2366 2369 2379 2400 2416 2419 2428 2430 2455 2472 2473 2500 2501 2505 2506 2509 2510 2512 
sharp 2406 2467 
sharply 2492 
shearson 2373 2408 
shekels 2386 
shell 2435 
shipping 2370 
ships 2451 
shopping 2444 
short 2438 2444 
short-covering 2449 
shortage 2389 
shortages 2372 
show 2406 
showed 2375 
showing 2456 
shr 2380 2386 2393 2409 2421 2429 2433 2437 2458 2459 2460 2471 2478 2479 2483 2484 2488 2490 2504 
shrs 2386 2433 2484 2488 
shut 2449 
sides 2499 
sievers 2476 
sign 2376 
sign-up 2508 
signed 2423 2447 2462 2475 2476 2499 2505 
significant 2364 2463 2492 2508 2511 
signup 2367 2508 
silage 2389 
silver 2361 2414 
simmons 2475 
simon 2449 
simplified 2439 
simplifying 2511 
simply 2475 
sincere 2480 
single 2433 
sinking 2498 
situation 2362 2392 2417 2467 2475 2502 
situations 2362 
size 2475 
skill 2375 
skills 2364 
slack 2383 
slaughterers 2495 
slave 2363 
slight 2362 
slower 2357 
sluggish 2513 
small 2475 
smith 2473 2500 
snags 2376 
so-called 2470 2502 
social 2417 2513 
societe 2435 
sold 2360 2374 2376 2407 2428 2435 2475 2486 2510 
sole 2408 
solid 2492 
solution 2417 
son 2414 
sons 2360 
sought 2423 
sound 2467 
soundly 2362 2428 
source 2367 2383 
sources 2367 2374 2375 2387 2427 2503 2508 
south 2456 2474 
south-korea 2456 
southern 2375 2394 2395 
southwest 2426 2438 
soviet 2511 
soy-meal 2456 
soy-oil 2456 
soybean 2382 2456 
soybeans 2382 2456 
spain 2456 
spanish 2451 
spar 2490 2492 
spar-aerospace-ltd 2490 
spark 2367 
sparking 2367 
speak 2452 
speaker 2493 2507 
speakers 2417 
speakes 2452 
speaking 2355 2430 
special 2359 2491 
specializing 2360 
specialties 2428 
specific 2355 2357 2383 2448 
specifically 2405 2480 
speculated 2375 
speculation 2475 
speech 2384 
speed 2475 
speeding 2511 
spend 2363 
spending 2357 2415 2428 2493 2508 2514 
split 2374 
spoken 2383 
spokesman 2374 2399 2404 2415 2418 2420 2436 2448 2452 2476 2495 2512 
spokesmen 2434 
spread 2374 2375 2480 2493 
spreadsheet 2439 
spring 2361 2367 2414 2439 2508 
sql 2357 
sr. 2361 2414 
st 2455 
st. 2370 2443 
stability 2448 2514 
stabilization 2420 
stable 2384 
staff 2367 2425 
staffers 2367 
stage 2363 
stake 2374 2475 2501 
stalks 2389 
stalon 2480 
stance 2364 2475 
stand 2383 
standard 2357 2373 2399 2407 2408 2412 2477 2487 2498 
stands 2367 
stangeland 2367 
stanley 2449 
star 2434 
start 2367 2432 2492 
started 2404 2502 
starting 2383 2498 
starts 2375 
state 2365 2376 2467 2477 2511 
statement 2359 2369 2383 2388 2392 2399 2413 2428 2434 2435 2449 2452 2475 2480 2499 2506 2513 
states 2357 2359 2362 2383 2390 2406 2491 2503 
statistical 2384 
status 2475 2511 
stays 2423 
stearns 2510 
steel 2395 2410 
stemming 2513 
stenholm 2367 2508 
stephens 2412 
steps 2359 
stewart 2361 2414 
stg 2430 
stirred 2514 
stock 2366 2375 2379 2400 2410 2416 2419 2427 2428 2432 2462 2463 2470 2472 2473 2477 2487 2491 2500 2505 2506 2509 2510 
stockholder 2512 
stockholders 2491 
stocks 2383 2406 2449 
stop 2381 2417 
store 2422 
stores 2377 2385 2422 2443 2509 
strategist 2366 
strategy 2502 2503 
street 2375 2475 
strengthen 2502 
strengthened 2381 
stressed 2417 
strictly 2383 
strike 2362 2492 
strong 2366 2367 2405 2492 
strongly 2367 2435 2500 
structural 2485 
structure 2375 2495 
study 2367 2411 2508 
subcommittee 2367 2381 2387 2427 2508 
subject 2365 2419 2509 
submersible 2376 
submitted 2467 2491 2512 
subordinated 2369 2373 2413 2486 2487 2506 
subsequent 2400 2423 
subsidiaries 2433 2444 
subsidiary 2356 2365 2368 2371 2394 2422 2435 2474 2491 2495 
subsidies 2417 
substantial 2428 
substantially 2370 
succeed 2375 
succeeded 2375 
succeeding 2361 2513 
successfully 2513 
sued 2381 
suffering 2389 
sufficient 2487 
sugar 2359 2389 
suit 2362 2392 2475 2500 2513 
suitor 2375 
suits 2513 
sumitomo 2408 
summary 2439 
summer 2362 2427 2485 
summing 2362 
sunday 2503 
super 2454 
suport 2449 
supplied 2476 
suppliers 2500 
supply 2417 2456 2465 2468 2476 
support 2359 2417 2449 2463 2508 2514 
supporting 2417 
supports 2514 
surface 2451 
surgery 2431 
surgey 2431 
survey 2383 2449 
surviving 2375 
suspended 2436 
suspends 2436 
suspension 2355 2436 2513 
sutherland 2413 
sutro 2369 2510 
sweeping 2417 
sweet 2383 
swift 2496 2502 
swiftly 2448 
switching 2446 
switzerland 2359 2503 
sx-200 2446 
symbol 2472 
syndicate 2453 2473 
system 2364 2370 2383 2387 2394 2427 2446 2448 2456 2495 
system's 2387 2427 
systematically 2514 
systems 2357 2386 2399 2419 2446 2461 2491 2492 2512 
tab 2439 
table 2359 
taco 2392 
tactics 2500 
taiwan 2456 
take-or-pay 2480 
takeover 2375 2428 2470 2475 
taking 2359 
talk 2445 
talked 2375 
talking 2375 
talks 2359 2499 2503 
tandem 2357 
tank 2514 
target 2399 2475 
targets 2435 
tariffs 2359 2417 
task 2448 
tax 2386 2415 2483 2493 2507 
taxes 2428 2493 2507 
taxwriters 2493 2507 
tcw 2510 
technically 2502 
technology 2439 
tel 2386 
telemarketing 2368 
telephone 2383 2446 
telephones 2446 
television 2423 
telexed 2423 
temperature-controlled 2360 
temporarily 2372 
temporary 2355 2372 2390 
temptation 2383 
ten 2471 2510 
tend 2475 
tender 2375 2497 2500 
tenders 2470 
tensions 2417 
tentative 2507 
tentatively 2509 
term 2428 2438 2444 2445 2476 2492 2501 
terminating 2489 
terms 2376 2383 2394 2423 2439 2462 2476 2491 2495 
territories 2363 
testimony 2381 2513 
testing 2405 
texas 2376 2383 2469 2493 
textbook 2439 
thailand 2456 
thing 2383 
things 2500 
thinks 2475 
thomas 2387 2427 
threatened 2375 2389 
threats 2375 2495 
three-quarter 2456 
three-way 2375 
three-year 2435 2509 
thrift 2502 
thrifts 2502 
thrown 2376 
tied 2475 
till 2423 2425 
time 2359 2363 2367 2383 2406 2427 2435 2470 2475 2500 2506 2508 
time-sensitive 2360 
timely 2480 
times 2431 2456 2482 
timing 2367 2508 
tire 2476 
tires 2476 
tmc 2482 
tnd 2357 
tndm 2357 
today 2359 2364 2367 2375 2376 2383 2406 2428 2449 2463 2472 2475 2502 2503 2505 2508 2513 
tokyo 2357 2503 
told 2355 2357 2359 2362 2364 2370 2376 2383 2384 2387 2405 2406 2427 2452 2467 2475 2502 2507 2511 2512 
tolerate 2375 
tom 2367 2445 2508 
tomorrow 2399 2404 2417 
tonnes 2382 2389 2435 2436 2456 
tons 2395 
tool 2376 2475 
top 2417 
top-flight 2408 
toronto 2356 2404 2418 2483 2490 2492 2501 
total 2382 2436 2456 2467 2474 2475 2481 2489 
totaled 2426 
totaling 2428 2438 2457 
totalling 2444 2456 
totally 2467 
tough 2507 
tour 2503 
tourism 2359 
towbin 2357 
townhouses 2444 
township 2464 
trade 2359 2390 2417 2467 2499 2511 
traded 2475 
traders 2449 
trading 2366 2472 2500 2514 
traditional 2502 
traditionally 2357 2383 
training 2362 2381 2469 
trans 2450 
transaction 2400 2436 2491 2505 2509 
transactions 2382 
transferred 2389 
transition 2480 
translated 2386 
transmissions 2492 
transport 2484 
transporting 2505 
transworld 2375 
traveling 2366 
treasurer 2376 
treasuries 2407 
treasury 2373 2407 2408 2412 2452 2498 
treated 2365 
treatment 2417 2470 2511 
trends 2511 
treybig 2357 
trials 2356 
trigger 2375 
triggered 2500 
trip 2503 
trouble 2388 
troubles 2475 
truck 2476 
trucking 2360 
truckload 2360 
true 2502 
trust 2373 2408 2438 2444 2487 
trusts 2438 
trw 2381 
trw's 2381 
tuesday 2364 2425 2508 
tunas 2389 
tunnel 2430 
turnabout 2475 
turned 2400 
turnover 2495 
twa 2375 2450 
twice-postponed 2383 
two-day 2417 
two-tier 2495 
two-year 2445 
type 2502 
type= 2358 2377 2401 2402 2403 2424 2441 2442 2460 2465 2466 2497 
u.s 2356 2359 2362 2382 2387 2390 2419 2441 2448 2453 2465 2466 2468 2483 
u.s. 2356 2357 2359 2371 2374 2382 2390 2400 2406 2417 2419 2449 2451 2452 2456 2475 2505 2508 2511 2513 2514 
u.s.-european 2417 
u.s.-soviet 2511 
u.s.-ussr 2456 
uac 2462 
ufcwu 2495 
uk 2374 2383 2428 
ultimately 2381 
unable 2389 
unanimously 2448 
unavailable 2375 
uncertain 2362 
unchanged 2428 
uncovered 2381 
under-secretary 2452 
underground 2411 
underpriced 2375 
underproduced 2383 
undertaken 2428 
undervalued 2452 
underway 2367 
underwriter 2407 2413 
underwriters 2360 2510 
underwriting 2473 
underwritten 2506 
undisclosed 2394 2434 
unemployment 2362 
unexpected 2463 2467 
unfavourable 2362 
unicorp 2462 
unimation 2464 
uninterruptible 2461 
union 2362 2365 2401 2402 2405 2428 2450 2467 2495 2511 
unions 2375 
unit 2356 2363 2371 2395 2407 2410 2444 2447 2462 2463 2464 2470 2474 2481 2491 2495 2512 
united 2357 2359 2362 2383 2390 2394 2406 2495 2503 
units 2444 2446 2469 2487 
university 2502 
unleaded 2449 
unpaid 2416 
unpredictable 2448 
unprofitable 2417 
unspecified 2493 
unterberg 2357 
unusual 2428 
unwilling 2383 
upcoming 2370 2505 
upgrade 2457 
upgraded 2477 
upham 2500 
ups 2379 
urge 2500 
urged 2367 2387 2427 2500 2502 
urgent 2417 
urges 2387 
urging 2355 
uruguay 2359 
usair 2375 2450 
usda 2382 2456 
usg 2498 
usher 2356 
ussr 2456 2511 
usual 2502 
utilities 2494 
utility 2415 2463 2483 
va. 2395 
vacant 2422 
vaccine 2489 
vacillating 2514 
values 2432 
van 2500 
vancouver 2411 
variability 2514 
variables 2384 
varying 2423 
veg 2420 
veg-oil 2420 2456 
vegetable 2420 
vehicles 2362 
velocity 2384 
venezuela 2383 2423 2456 
venezuela's 2423 
venture 2363 
version 2439 
versus 2393 2421 
vht 2438 2444 
viable 2450 
vibrant 2477 
vice 2361 2381 2384 2414 2422 2445 2448 2449 2513 
vice-president 2417 2418 
vienna 2383 
view 2375 2387 2427 2475 
violated 2500 
visit 2383 
visited 2503 
vital 2417 2480 
vms 2438 2444 
vmtgz 2444 
vocal 2508 
voice 2446 
voiced 2367 
volkswagen 2362 
volume 2375 
volumes 2370 
voluntary 2462 
vote 2367 2376 2432 2448 2480 
voted 2448 2502 
voting 2419 
vowg.f 2362 
vst 2438 2444 
vulnerable 2405 
vw 2362 
w.a 2376 
w.b 2433 
wage 2375 2495 
wait 2387 2427 
waiver 2359 
wall 2375 2475 
walls 2417 
walnut 2369 
walter 2362 
wanted 2448 2475 2480 
warrants 2430 2511 
wary 2508 
wash. 2459 2473 
washington 2359 2367 2381 2382 2384 2387 2388 2390 2399 2425 2427 2448 2451 2452 2454 2456 2457 2469 2480 2493 2502 2507 2508 2511 2514 
waste 2497 2500 
watch 2384 
ways 2430 2493 2507 2514 
weak 2383 2475 
weakening 2487 
weaker 2362 
weakness 2384 
weather 2370 
wednesday 2503 
week 2355 2362 2367 2382 2383 2387 2403 2406 2427 2441 2442 2456 2465 2466 2467 2468 2476 2500 2503 2508 
week's 2456 
week-long 2503 
weekly 2456 
weeks 2367 2372 2383 2443 
welcomed 2450 
west 2362 2383 2417 2456 2503 
west-germany 2362 2417 2456 
western 2446 2474 
westinghouse 2464 
wheat 2367 2382 2425 2456 2508 
white 2445 2452 
whitehead 2511 
wholly-owned 2368 2491 
wide 2430 
wiggins 2513 
william 2417 2502 
williams 2400 
wilshire 2422 
wilson 2406 
winning 2375 
winston 2433 
winter 2367 2425 2508 
wmx 2500 
wo 2487 
wolfsburg 2362 
won 2357 2364 
work 2355 2372 2375 2383 2417 2432 2448 2454 2457 2492 2495 
worked 2430 
workers 2362 2372 2495 
workforce 2362 2489 
working 2362 2383 2413 2450 2473 
works 2362 
world 2388 2417 2450 2467 
worldwide 2374 
worried 2475 2502 
worries 2362 
worth 2453 2505 
wright 2493 2507 
write 2432 
write-downs 2429 
writedown 2458 2479 2483 
writeoffs 2428 
writers 2493 
wti 2383 
wulff 2432 
wx 2464 
year-ago 2428 
year-end 2428 2505 2513 
year-to-date 2378 
yearly 2501 
years 2363 2371 2389 2412 2414 2423 2445 2467 2487 2492 2495 2498 2499 2508 
yell 2370 
yellow 2370 
yellowknife 2363 
yen 2423 2452 2453 
yesterday 2366 2375 2376 2436 2449 2475 
yield 2373 2407 2408 2412 2498 
yielding 2407 2408 2412 2498 
yields 2384 
york 2357 2366 2368 2373 2375 2386 2407 2408 2412 2413 2432 2439 2449 2450 2462 2463 2467 2468 2472 2475 2477 2486 2487 2488 2498 
york-based 2368 
yugoslavia 2499 
yugoslavian 2499 
zack 2495 
zehntel 2369 
zntl 2369 
zone 2411 
