'b 11784 
'growth 11776 
've 11797 11861 
**** 11821 
****** 11762 11764 11772 11790 11825 11856 11871 11876 
-4 11877 
-c. 11822 
-fi 11760 
-ini 11875 
-israel 11780 
-settles 11867 
-starts-bid-fo 11872 
-to-b 11763 
/author 11768 11781 11782 11797 11813 11823 11843 11858 11860 
0.13 11880 
0.2 11765 11855 
0.3 11768 11803 
0.6 11881 
0.60 11819 
0.7 11765 11855 
0010 11764 
0011 11856 
0012 11762 11772 11790 
0014 11821 11871 11876 
0016 11825 
0023 11879 
0037 11767 
0041 11794 11864 
0048 11875 
0052 11832 
0053 11802 
0056 11855 
0058 11850 
0059 11799 
0060 11826 
0062 11853 
0063 11812 11884 
0065 11787 
0068 11854 
0072 11811 11851 11862 
0073 11834 
0075 11842 
0076 11774 
0078 11824 
0080 11835 
0081 11775 
0085 11797 11806 
0086 11818 
0087 11788 11795 11870 
0088 11845 11877 
0089 11800 11815 
0090 11793 11798 11803 
0091 11807 11808 11883 
0092 11780 
0093 11784 11841 
0094 11822 
0095 11809 
0096 11765 11779 11829 11844 11878 
0097 11783 11840 
0098 11768 11778 11817 11848 11881 
0099 11805 11813 
00:02:13.34 11773 
00:03:09.24 11774 
00:09:05.07 11775 
00:09:18.34 11776 
00:13:18.90 11777 
00:13:26.05 11778 
00:42:56.47 11779 
0100 11781 11782 11789 11819 11859 11868 11882 11887 
0101 11861 11867 
0102 11801 11885 
0103 11777 11831 11865 
0104 11872 
0105 11785 11858 
0106 11760 11763 11860 
0108 11761 11773 11816 11833 11836 11863 11886 
0109 11814 11846 
0110 11810 11828 
0111 11766 11776 11857 
0112 11823 11838 11843 11873 
0113 11792 11837 
0114 11866 
0115 11769 11770 11830 11852 11869 
0116 11771 11839 11847 11849 11874 
0117 11786 11791 11796 11804 11820 11880 
0119 11827 
01:16:45.13 11780 
01:34:11.41 11781 
02:07:22.77 11782 
02:28:16.30 11783 
02:44:28.53 11784 
02:52:53.52 11785 
02:54:26.31 11786 
03-31 11760 11761 11762 11763 11764 11765 11766 11767 11768 11769 11770 11771 11772 
03:08:25.69 11787 
03:18:52.62 11788 
03:22:18.57 11789 
03:29:31.28 11790 
03:32:53.39 11791 
03:42:26.40 11792 
03:50:55.81 11793 
03:54:43.49 11794 
03:59:15.80 11795 
04-01 11773 11774 11775 11776 11777 11778 11779 11780 11781 11782 11783 11784 11785 11786 11787 11788 11789 11790 11791 11792 11793 11794 11795 11796 11797 11798 11799 11800 11801 11802 11803 11804 11805 11806 11807 11808 11809 11810 11811 11812 11813 11814 11815 11816 11817 11818 11819 11820 11821 11822 11823 11824 11825 11826 11827 11828 11829 11830 11831 11832 11833 11834 11835 11836 11837 11838 11839 11840 11841 11842 11843 11844 11845 11846 11847 11848 11849 11850 11851 11852 11853 11854 11855 11856 11857 11858 11859 11860 11861 11862 11863 11864 11865 11866 11867 11868 11869 11870 11871 11872 11873 11874 11875 11876 11877 11878 11879 11880 11881 11882 11883 11884 11885 11886 11887 
04:01:37.65 11796 
04:04:17.47 11797 
04:10:27.49 11798 
04:18:30.07 11799 
04:30:08.57 11800 
04:34:11.42 11801 
04:36:21.70 11802 
04:43:40.13 11803 
04:53:48.94 11804 
04:54:23.77 11805 
04:54:30.84 11806 
04:55:05.92 11807 
04:56:23.19 11808 
04:58:21.31 11809 
04:58:59.66 11810 
05:01:32.77 11811 
05:01:47.15 11812 
05:04:43.62 11813 
05:10:12.21 11814 
05:12:44.80 11815 
05:16:59.90 11816 
05:24:03.36 11817 
05:25:50.14 11818 
05:26:44.13 11819 
05:27:05.32 11820 
05:28:52.95 11821 
05:30:27.36 11822 
05:30:52.32 11823 
05:47:30.94 11824 
06:00:08.94 11825 
06:00:22.41 11826 
06:01:22.29 11827 
06:04:01.46 11828 
06:04:52.61 11829 
06:05:04.32 11830 
06:13:40.77 11831 
06:19:08.99 11832 
06:20:55.09 11833 
06:26:07.35 11834 
06:28:58.70 11835 
06:31:26.22 11836 
06:38:30.71 11837 
06:41:20.83 11838 
06:57:23.64 11839 
07:01:25.19 11840 
07:02:31.12 11841 
07:09:49.49 11842 
07:14:45.55 11843 
07:15:40.06 11844 
07:16:06.76 11845 
07:18:12.28 11846 
07:19:06.24 11847 
07:19:38.23 11848 
07:23:33.38 11849 
07:29:42.64 11850 
07:35:16.55 11851 
07:35:32.10 11852 
07:38:46.72 11853 
07:43:37.45 11854 
07:48:09.04 11855 
07:48:42.26 11856 
07:49:24.53 11857 
07:51:20.43 11858 
07:58:51.28 11859 
08:01:28.77 11860 
08:06:48.55 11861 
08:14:13.32 11862 
08:23:47.85 11863 
08:25:38.96 11864 
08:26:26.58 11865 
08:28:11.35 11866 
08:28:58.47 11867 
08:29:20.52 11868 
08:30:08.59 11869 
08:31:25.83 11870 
08:33:27.90 11871 
08:33:53.38 11872 
08:34:15.18 11873 
08:34:42.02 11874 
08:34:57.17 11875 
08:35:08.53 11876 
08:35:41.64 11877 
08:35:50.65 11878 
08:35:53.79 11879 
08:37:37.50 11880 
08:37:53.14 11881 
08:38:06.30 11882 
08:39:20.37 11883 
08:39:44.49 11884 
08:42:21.74 11885 
08:43:29.25 11886 
08:45:36.10 11887 
0900 11866 
1,000 11796 11800 11807 11845 
1,012.50 11831 
1,040 11831 
1,045.3 11795 
1,116.6 11795 
1,200 11886 
1,220 11866 
1,600,000 11883 
1,665 11880 
1,768,000 11883 
1,850 11824 
1,950 11767 
1- 11833 
1-1/2 11817 11828 11848 
1-1/4 11806 11807 11853 
1-1/8 11800 11845 
1-apr-1987 11773 11774 11775 11776 11777 11778 11779 11780 11781 11782 11783 11784 11785 11786 11787 11788 11789 11790 11791 11792 11793 11794 11795 11796 11797 11798 11799 11800 11801 11802 11803 11804 11805 11806 11807 11808 11809 11810 11811 11812 11813 11814 11815 11816 11817 11818 11819 11820 11821 11822 11823 11824 11825 11826 11827 11828 11829 11830 11831 11832 11833 11834 11835 11836 11837 11838 11839 11840 11841 11842 11843 11844 11845 11846 11847 11848 11849 11850 11851 11852 11853 11854 11855 11856 11857 11858 11859 11860 11861 11862 11863 11864 11865 11866 11867 11868 11869 11870 11871 11872 11873 11874 11875 11876 11877 11878 11879 11880 11881 11882 11883 11884 11885 11886 11887 
1.0 11765 
1.01 11794 
1.05 11847 
1.1 11813 
1.2 11794 11798 11832 11881 11882 
1.22 11781 
1.25 11864 
1.3 11832 11857 11864 
1.30 11827 
1.31 11878 
1.37 11818 
1.4 11882 11886 
1.49 11803 
1.5 11769 11773 
1.55 11827 
1.61 11884 
1.7 11765 11789 11880 
1.78 11859 
1.79 11794 
1.8 11846 
1.85 11858 
1.99 11859 
1/2 11763 11796 11828 
10,000 11796 11807 11830 11878 
10-25 11830 
10-year 11781 
10.2 11882 11884 
10.3 11765 
10.5 11859 11862 
10.7 11765 11858 
10.85 11787 
100,000 11792 11826 
100-1/4 11796 11807 
1000 11866 
101-1/2 11806 
102-1/2 11786 
103-1/2 11786 
103.53 11787 
1030 11793 
104,000 11878 
105,000 11883 
11,000 11863 
11.0 11884 
11.1 11795 
11.2 11765 
11.20 11787 
11.28 11771 
11.6 11773 11877 
11.8 11850 
11.9 11773 
11.99 11786 
112,000 11843 
114.9 11855 
117,000 11843 
11760 11760 
11761 11761 
11762 11762 
11763 11763 
11764 11764 
11765 11765 
11766 11766 
11767 11767 
11768 11768 
11769 11769 
11770 11770 
11771 11771 
11772 11772 
11773 11773 
11774 11774 
11775 11775 
11776 11776 
11777 11777 
11778 11778 
11779 11779 
11780 11780 
11781 11781 
11782 11782 
11783 11783 
11784 11784 
11785 11785 
11786 11786 
11787 11787 
11788 11788 
11789 11789 
11790 11790 
11791 11791 
11792 11792 
11793 11793 
11794 11794 
11795 11795 
11796 11796 
11797 11797 
11798 11798 
11799 11799 
11800 11800 
11801 11801 
11802 11802 
11803 11803 
11804 11804 
11805 11805 
11806 11806 
11807 11807 
11808 11808 
11809 11809 
11810 11810 
11811 11811 
11812 11812 
11813 11813 
11814 11814 
11815 11815 
11816 11816 
11817 11817 
11818 11818 
11819 11819 
11820 11820 
11821 11821 
11822 11822 
11823 11823 
11824 11824 
11825 11825 
11826 11826 
11827 11827 
11828 11828 
11829 11829 
11830 11830 
11831 11831 
11832 11832 
11833 11833 
11834 11834 
11835 11835 
11836 11836 
11837 11837 
11838 11838 
11839 11839 
11840 11840 
11841 11841 
11842 11842 
11843 11843 
11844 11844 
11845 11845 
11846 11846 
11847 11847 
11848 11848 
11849 11849 
11850 11850 
11851 11851 
11852 11852 
11853 11853 
11854 11854 
11855 11855 
11856 11856 
11857 11857 
11858 11858 
11859 11859 
11860 11860 
11861 11861 
11862 11862 
11863 11863 
11864 11864 
11865 11865 
11866 11866 
11867 11867 
11868 11868 
11869 11869 
11870 11870 
11871 11871 
11872 11872 
11873 11873 
11874 11874 
11875 11875 
11876 11876 
11877 11877 
11878 11878 
11879 11879 
11880 11880 
11881 11881 
11882 11882 
11883 11883 
11884 11884 
11885 11885 
11886 11886 
11887 11887 
119.17 11834 
12,000 11885 
12-5/8 11763 
12.03 11771 
12.5 11831 
12.9 11823 11878 
120,000 11813 11885 
125.1 11855 
126,031 11834 
13,000 11878 
13.5 11831 
13.6 11765 11803 
13.9 11765 
131,000 11877 
133-1/2 11786 
137,744 11801 
137.1 11859 
14-1/4 11800 11845 
14-bank 11761 
14.0 11765 
14.1 11855 
14.3 11850 11886 
14.9 11820 
1400 11819 
143.8 11850 
146.30 11764 
147.05 11774 
147.30 11772 11774 
147.50 11774 
148,000 11813 
148.15 11773 
14p 11859 
15-year 11768 11786 
15.0 11850 
15.2 11877 
150,000 11815 
150.2 11884 
1500 11866 
154.3 11850 
158-1/2 11786 
16,500 11885 
16.06 11778 
16.23 11882 
16.432 11882 
160.60 11765 
1600 11866 
16p 11859 
17,000 11877 11885 
17.4 11855 
17.5 11831 
17.5p 11859 
175.84 11765 
177-1/2 11786 
177.1 11765 
17822 11760 
17823 11761 
17824 11762 
17825 11763 
17826 11764 
17827 11765 
17828 11766 
17829 11767 
17830 11768 
17831 11769 
17832 11770 
17833 11771 
17834 11772 
18.1p 11855 
18.3 11877 
180,444 11801 
180.4 11856 11859 
183.4 11859 
186,000 11885 
1871 11851 
19,327 11885 
19.1 11850 
19.2 11884 
191.15 11778 
193.6 11850 
194,000 11877 
1946 11854 
1963 11822 
1967 11780 
1968 11795 
1970s 11768 
1978 11769 11830 
1979 11768 11830 
1980 11768 11823 11830 
1980s 11823 
1981 11823 
1982 11769 11822 11830 
1983 11801 
1984 11797 11814 11823 
1985 11768 11769 11773 11775 11781 11795 11813 11823 11824 11827 11855 11857 11865 11878 11881 11882 11884 
1985/86 11811 
1986 11768 11773 11781 11787 11795 11797 11801 11802 11803 11805 11813 11814 11823 11827 11830 11833 11837 11843 11849 11855 11856 11857 11859 11865 11869 11870 11877 11882 11883 11885 
1986-1990 11789 
1986/1987 11846 
1986/87 11811 11846 
1987 11759 11760 11769 11771 11773 11777 11781 11789 11795 11813 11817 11819 11827 11828 11846 11848 11853 11870 11880 11882 11884 
1987-1992 11881 
1987/1988 11846 
1988 11796 
1989 11796 
1990 11796 11810 
1991 11789 11796 11800 11845 
1992 11796 11806 11807 11809 11853 
1993 11786 
1995 11799 
1997 11782 
19:02:56.86 11760 
19:08:15.23 11761 
19:08:57.68 11762 
19:21:41.71 11763 
19:51:33.33 11764 
1st 11883 
2,000 11878 11885 
2,050 11767 
2,076,000 11879 
2,309,000 11879 
2,454,521 11878 
2,650.30 11782 
2,713.81 11782 
2,930,000 11878 
2-1/2 11819 
2.01 11884 
2.1381 11835 
2.15 11858 
2.2 11789 
2.3 11850 
2.4 11862 
2.5 11792 11830 11858 
2.50 11782 
2.56 11773 
2.64 11805 
2.8 11773 11795 
2.84 11870 
2.9 11781 
2.97 11813 
2/12ths 11773 
20,000 11851 11885 
20,700 11885 
20-year 11780 
20.9 11859 
200.2 11859 
2002 11828 
202-7/8 11775 
2020 11819 
2021 11819 
204,256 11811 
20:40:38.18 11765 
21,659 11885 
21.6 11850 
210,000 11760 
213-1/2 11775 
213.8 11850 
217,449 11811 
21:18:15.52 11766 
21:38:50.52 11767 
21:52:59.17 11768 
22.30 11782 
220,000 11813 
228.97 11781 
22:30:15.46 11769 
22:58:00.46 11770 
23,457 11885 
23.5 11781 
23.5p 11859 
23.74p 11855 
231.4 11859 
23:33:12.88 11771 
23:51:58.76 11772 
24,000 11885 
24,082 11885 
24,683 11885 
24.4 11870 11884 
24.5 11884 
2400 11763 
24p 11850 
24th 11811 
25,000 11885 
25,124 11885 
25.0 11874 
25.7 11862 
26,700 11885 
26.3 11878 
260,000 11813 
263,051 11885 
264,000 11877 
27,500 11885 
27.3 11859 
28,000 11885 
28.2 11879 
28.5p 11855 
28.75p 11850 
2ndld 11863 
3,000 11801 
3,200,000 11878 
3,548,000 11884 
3,673,000 11878 
3-1/2 11817 11848 
3.05 11802 
3.1 11846 
3.12 11835 
3.2 11773 
3.25 11782 11827 
3.28 11827 
3.3 11850 
3.4 11827 
3.41 11771 
3.46 11802 
3.5 11850 
3.62 11805 
3.69 11813 
3.7 11846 
3.70 11820 
3.79 11771 
3.8 11776 
3.80 11820 
3.81 11771 
3.85 11775 
3.85/95 11820 
3.92 11827 
3/4 11807 
3/8 11775 
30,000 11885 11886 
30.4 11879 
30.6 11823 
300,000 11766 
31,000 11877 11885 
31-mar-1987 11760 11761 11762 11763 11764 11765 11766 11767 11768 11769 11770 11771 11772 
31.24 11797 
32,000 11885 
32.3 11823 
34-7/8 11763 
34.23 11813 
34.9 11859 
340,000 11815 11824 11834 
340,200 11886 
344,000 11885 
34p 11850 
35,000 11885 
367p 11810 
37,500 11830 
37.7 11856 11859 
38.30 11778 
38.8 11850 
4,000 11793 
4,130 11885 
4,500,000 11883 
4-1/2 11817 11848 
4-1/4 11835 
4-13/16 11817 11848 
4-3/8 11806 
4-7/8 11817 11848 
4.1 11882 
4.12 11805 
4.19 11787 
4.2 11870 
4.21 11880 
4.28 11771 
4.3 11882 
4.33 11771 
4.4 11827 
4.48 11787 
4.5 11781 
4.64 11805 
4.68 11771 
4.80 11787 
4.84 11805 
40.6 11850 
41.25 11782 
42,700 11801 
42.0 11820 
421,000 11877 
44.1 11862 
45.678 11826 
46.4 11884 
46.40 11826 
46.80 11826 
49.75 11782 
4th 11877 11878 11884 
5,000 11824 11828 
5,429,000 11877 
5,490 11801 
5,500 11885 
5,716,000 11884 
5-1/16 11817 11848 
5-1/2 11796 11807 
5.05 11835 
5.1 11795 
5.10 11803 
5.2 11881 
5.3 11820 11882 
5.40 11802 
5.44 11805 
5.6 11830 
5.7 11862 
5.8 11781 11882 
5.82 11771 
5/8 11763 11800 11806 11845 
50.7 11820 
50/50 11822 
500,000 11766 11824 11875 
52.84 11760 
523,000 11877 
525.1 11805 
53-year-old 11842 
55.0 11850 
56.7 11824 
57,000 11878 
57.3 11827 
576.6 11859 
583,225 11886 
59,000 11826 
6,000 11878 11885 
6,250,000 11874 
6-1/2 11817 11848 
6.1 11823 
6.25 11799 
6.4 11881 
6.52 11802 
6.6 11795 
6.95 11771 
60,000 11826 11885 
600.5 11805 
603,413 11885 
60th 11830 
61.07 11782 
617.8238 11778 
63.51 11782 
63.6p 11850 
64,896 11885 
64.06 11778 
64.2p 11859 
64.7 11884 
65.44 11787 
7,336,000 11884 
7,826,000 11878 
7,888 11803 
7-1/2 11817 11848 
7-3/4 11817 11848 11861 
7.2 11859 
7.4 11795 11823 11872 
7.5 11792 
7.75 11771 
7.8 11781 
7.9 11795 11823 
7/8 11851 
70,000 11843 
70.05 11787 
70.90 11778 
704.5 11859 
711.0037 11778 
716,000 11878 
729,000 11878 
73.30 11787 
73.6 11824 
74,600 11857 
750,000 11875 
751,563 11885 
755,000 11824 
78.3 11859 
79.8 11850 
796.8604 11778 
8,000 11886 
8,797 11885 
8,941,000 11877 
8-1/2 11786 
8.0 11773 11795 
8.26 11805 
8.3 11795 
8.7p 11850 
8.8 11765 
81.22 11809 
819.6600 11778 
861,000 11815 
87,259 11885 
9,026 11823 
9,250,000 11873 
9-13/16 11798 
9-3/4 11798 
9-7/8 11798 
9.07 11805 
9.5 11765 11874 
9.54 11787 
9.6 11773 
9.625 11875 
9.63 11771 
9.65 11787 
9.7 11781 
9.77 11787 
9.9 11760 11769 11773 
9.92 11775 
90,944 11885 
910,000 11813 
93.2 11773 11827 
937,500 11874 
94,300 11857 
94.39 11787 
955.75 11778 
96,700 11886 
980.6 11805 
99.5 11767 
9th 11863 
`` 11761 11763 11768 11769 11770 11773 11776 11777 11780 11781 11782 11784 11785 11797 11801 11813 11823 11830 11831 11843 11849 11858 11861 11863 11869 11882 11883 
a/s 11807 11851 
ab 11793 11821 11825 11829 11841 11854 11860 
ability 11773 11881 
abolished 11797 11830 11831 
abroad 11773 11827 
absorb 11880 
absorbed 11839 11852 
abundance 11769 
abusing 11768 
accelerate 11774 11797 
accept 11784 11843 
acceptance 11800 11819 11845 
accepted 11763 11770 
access 11770 
accompanying 11770 
account 11773 11832 11864 
accountability 11770 
accounted 11781 
accounting 11823 11860 
accounts 11803 11877 
achieve 11820 11827 
acknowledge 11797 
acq 11762 11763 11790 11791 11793 11808 11812 11816 11821 11822 11825 11829 11833 11837 11841 11847 11854 11860 11863 11867 11871 11872 11873 11876 
acquire 11808 11833 11867 
acquired 11781 11873 
acquires 11833 
acquisition 11808 11812 11829 11837 11841 
acquisitions 11827 11833 11874 
action 11863 
active 11823 11846 
activities 11770 11777 11827 
activity 11777 11849 11869 
acts 11823 
actual 11773 11820 11834 
adams 11878 
add 11794 
added 11763 11768 11773 11776 11777 11781 11784 11813 11823 11830 11838 11839 11843 11852 11866 11882 
adding 11781 11784 11827 
addition 11768 11818 11877 11886 
additional 11763 11776 11797 
adequate 11769 
adequately 11770 
administering 11797 
administration 11801 
administrations 11781 
adriaan 11827 
ads 11874 
advance 11768 11774 11781 
advantage 11797 11823 
adverse 11782 
advertisement 11872 
advice 11781 
adviser 11770 
advisers 11779 
advisory 11761 
aeg 11773 
aegg.f 11773 
af 11851 
affair 11770 
affect 11768 11831 11843 
affected 11803 
affecting 11794 
affiliated 11781 
afford 11768 
africa 11885 
afternoon 11774 
ag 11773 11776 11777 11796 11807 11814 11820 11857 11870 
agency 11766 11769 11838 
agenda 11840 
agents 11865 
aggregate 11882 
aglt 11760 
ago 11770 11781 11789 11823 11868 
agreed 11763 11780 11801 11813 11816 11843 11867 11869 
agreement 11783 11801 11837 11840 11843 11844 
agreements 11776 11820 
agricultural 11769 11881 11882 
agriculture 11769 11795 11831 11882 11886 
ah.o 11793 11829 11860 
ahead 11793 11811 
ahlers 11777 
aid 11886 
ailing 11781 
aim 11822 11881 
aimed 11769 11827 
air 11762 11763 11791 11863 
airlines 11791 11863 
airplanes 11863 
airways 11781 
ajin.t 11808 
ajinomoto 11808 11876 
al 11838 
alcan 11767 
alcoa 11792 
ald.n 11777 
algemene 11816 
algeria 11885 
ali 11881 
alleged 11865 11868 
alliance 11856 11859 
allied 11777 11858 
allis-chalmers 11793 11821 11825 11829 11841 11860 
allocated 11866 
allocating 11776 
allocation 11776 11820 
allocations 11776 
allowed 11768 11843 11869 
allowing 11803 11816 11863 
alum 11767 
aluminium 11767 
ambassador 11780 11865 
america 11773 
american 11865 11874 
amorn 11781 
amount 11768 11773 11809 11819 11824 11826 11833 
amounting 11829 11841 
amounts 11830 11862 
amro 11799 
amsterdam 11799 11827 
amsterdam-rotterdam 11799 
analyst 11782 
analysts 11781 11782 11784 11793 11810 
ancestors 11768 
andersson 11793 
angeles 11777 11863 11878 
angry 11766 
anhui 11769 
ankara 11795 11823 
announce 11790 11793 11823 
announced 11763 11768 11782 11784 11797 11823 11837 11843 11858 11863 11872 11880 11882 
announcement 11782 11784 11793 11810 11831 11849 11869 
announcements 11865 
announcing 11797 11860 11861 
annual 11760 11763 11765 11766 11776 11777 11786 11789 11793 11801 11807 11829 11831 11841 11866 
annually 11769 
anticipated 11846 
antonovich 11875 
anxieties 11768 
anxiously 11882 
appeals 11791 11863 
appears 11781 11801 
appellate 11863 
applicable 11775 
applicants 11824 
applications 11824 11882 
applied 11838 
apply 11830 
appointed 11814 11868 
appointment 11814 11868 
appreciation 11776 
approach 11773 
approached 11781 
appropriately 11770 
approval 11760 11781 11829 11841 
approve 11768 
approved 11760 11768 11836 11886 
approves 11886 
approximately 11838 
april 11759 11761 11763 11765 11767 11768 11769 11771 11773 11774 11775 11776 11777 11778 11779 11780 11781 11782 11783 11784 11785 11786 11787 11788 11789 11791 11792 11793 11794 11795 11796 11797 11798 11799 11800 11801 11802 11803 11804 11805 11806 11807 11808 11809 11810 11811 11812 11813 11814 11815 11816 11817 11818 11819 11820 11822 11823 11824 11826 11827 11828 11829 11830 11831 11832 11833 11834 11835 11836 11837 11838 11839 11840 11841 11842 11843 11844 11845 11846 11847 11848 11849 11850 11851 11852 11853 11854 11855 11857 11858 11859 11860 11861 11862 11863 11864 11865 11866 11867 11868 11869 11870 11872 11873 11874 11875 11877 11878 11879 11880 11881 11882 11883 11884 11885 11886 
april-june 11771 
aproveitamentos 11854 
arab 11838 
arab-israeli 11780 
arabia 11885 
arable 11768 
arbitration 11791 11863 
area 11769 
aree 11781 
argue 11768 
argued 11791 11863 
arguing 11869 
arising 11882 
armed 11773 
arms 11770 
arnold 11865 
arrangements 11761 
arrest 11865 11868 
arrested 11865 11868 
arrests 11868 
arrival 11882 
arrive 11885 
article 11768 
articles 11827 
arusha 11881 
asahi 11824 
asean 11801 
asgl.t 11824 
asia 11781 11782 11792 11813 
asian 11801 11876 
asiatic 11807 
aspect 11797 
asset 11773 
assets 11773 11823 11827 
assistance 11794 11798 11832 11864 
assistant 11781 
associate 11823 
association 11801 11813 11817 11848 11863 
assuance 11850 
assurance 11855 
asx 11797 
atlanta 11760 11863 
atlanta-based 11863 
atlantic 11857 
attached 11823 
attacking 11769 
attempt 11820 11866 
attempted 11839 11852 
attendants 11863 
attending 11830 
attention 11769 
attitudes 11782 
attract 11781 
attributed 11771 
auditing 11823 
aus 11792 
australia 11765 11767 11779 11785 11792 11797 11800 11845 11847 
australian 11765 11779 11785 11792 11797 11800 11818 11845 
australians 11779 
austria 11796 
author 11768 11781 11782 11797 11813 11823 11843 11858 11860 
authorised 11826 
authorities 11768 
authority 11803 11834 11869 
automation 11810 
automotive 11777 
autonomous 11827 
average 11760 11781 11789 11820 11830 11880 11882 
averaged 11781 
avg 11877 11878 
aviv 11780 
await 11827 
awaited 11815 
awaiting 11815 11882 
award 11826 
awarded 11826 
aware 11776 
axp 11874 
back 11773 11815 11820 
backfire 11849 11869 
backing 11849 11869 
bad 11773 11823 
badly 11768 
bahrain 11838 
baht 11781 
balance 11771 11773 11803 11819 11823 11870 11882 
balances 11794 11803 
bale 11797 
ban 11769 11883 
banca 11868 
band 11798 
bangchak 11781 
bangkok 11781 11816 
bangladesh 11885 
bank 11761 11763 11764 11765 11766 11772 11773 11774 11776 11777 11781 11783 11792 11794 11797 11798 11799 11800 11803 11805 11809 11816 11817 11820 11823 11828 11831 11832 11844 11845 11848 11851 11853 11861 11864 11868 11869 11870 
bankasi 11823 
banker 11831 
bankers 11761 11763 11781 11794 11813 11823 11831 
banking 11773 11777 11781 11797 11809 11816 11823 11838 11849 11861 11868 11869 11883 
banks 11773 11777 11781 11797 11803 11816 11817 11820 11823 11824 11830 11831 11838 11848 11858 11861 11868 11869 
banque 11781 11816 
bar 11784 
barely 11840 
barley 11885 
barred 11770 
barrier 11781 
barring 11781 
barry 11782 
bars 11784 11830 
base 11773 11797 11823 
based 11781 
basis 11763 11792 11809 11819 
battling 11810 
bc 11861 
bc- 11874 
bc-******cpc-internation 11876 
bc-******emery-air-freig 11762 
bc-******sosnoff-ends-de 11871 
bc-/emery-air- 11763 
bc-ajinomoto-to-buy-out 11808 
bc-alcan-australia-lifts 11767 
bc-alcoa-australia-plans 11792 
bc-antonovich- 11875 
bc-atlanta-gas- 11760 
bc-australia-stock-excha 11797 
bc-australian-broad-mone 11765 
bc-bahrain-commercial-ba 11838 
bc-bank-of-japan-buys-do 11764 
bc-bank-of-japan-interve 11772 11774 
bc-bank-of-tokyo-issues 11828 11853 
bc-boliden-says-it-now-l 11860 
bc-boliden-takes-over-al 11829 11841 
bc-boliden-to-announce-m 11793 
bc-bond-corp-completes-c 11847 
bc-bp- 11872 
bc-brazil-to-meet-bank-c 11761 
bc-brazilian-farmers-sta 11766 
bc-buehrmann-tetterode-p 11827 
bc-careplus-inc- 11877 
bc-cereals-mcas-to-be-un 11862 
bc-china-official-condem 11769 
bc-citadel- 11867 
bc-cnt-issues-20-billion 11806 
bc-coffee-producers-to-d 11866 
bc-commerzbank-sees-lowe 11773 
bc-commerzbank-to-found 11777 
bc-court-blocks-delta-we 11791 
bc-currency-instability 11783 11844 
bc-east-asiatic-issues-1 11807 
bc-economic-spotlight 11768 
bc-eib-issues-300-mln-da 11851 
bc-eib-plans-300-mln-gui 11799 
bc-eight-calabrian-bank 11868 
bc-fao-approves-emergenc 11886 
bc-french-cereal-exports 11885 
bc-german-2.2-pct-growth 11789 
bc-german-call-money-dro 11820 
bc-ghana-cocoa-purchases 11811 
bc-glaverbel-share-offer 11824 
bc-gmac-unit-issues-50-m 11800 11845 
bc-groupe-bruxelles-lamb 11802 
bc-guardian-royal-profit 11850 
bc-h.k.-banks-to-raise-p 11817 11848 
bc-h.k.-investors-unload 11782 
bc-h.k.-stock-exchange-b 11784 
bc-hawke-confirms-he-wil 11785 
bc-hawke-decides-against 11779 
bc-hong-kong-1986/87-bud 11846 
bc-hoogovens-concludes-t 11837 
bc-indian-rate-cuts-to-s 11831 
bc-internatio-mueller-ac 11833 
bc-john-adams-life-corp 11878 
bc-kenyan-minister-forec 11882 
bc-keppel-corp-convertib 11835 
bc-kidnapped-businessman 11842 
bc-kontrollbank-issues-1 11796 
bc-london-stock-system-b 11887 
bc-lower-interest-rates 11858 
bc-lufthansa-launches-fl 11857 
bc-luxembourg-bank-balan 11803 
bc-malaysia-cuts-gazette 11775 
bc-malaysia-declines-to 11843 
bc-malaysia-raises-palm 11778 
bc-malaysian-miners-say 11801 
bc-mark-eurobond-issues 11818 
bc-maxxam-group-inc- 11884 
bc-mitsubishi-heavy 11822 
bc-nationwide-issuing-in 11819 
bc-nixdorf-expands-board 11814 
bc-ottawa-said-backing-d 11849 11869 
bc-peoples-ban-corp- 11883 
bc-precious-metals-clima 11839 11852 
bc-proposed-japan-tax-ma 11830 
bc-reagan-sets-firm-rule 11770 
bc-rotterdam-grain-handl 11840 
bc-rural-banking-and-fin 11809 
bc-seipp-says-german-int 11776 
bc-singapore's-uic-to-bu 11816 
bc-skylark-co-ltd- 11787 
bc-smith-and-nephew-comv 11786 
bc-soviet-union 11780 
bc-sri-lanka-to-upgrade 11836 
bc-sugar-traders-forecas 11826 
bc-sumitomo-metal-sets-u 11788 
bc-sun-alliance-pretax-p 11856 
bc-sun-alliance-reports 11859 
bc-sun-life-assurance-pr 11855 
bc-sweden's-boliden-ab-t 11821 11825 
bc-sweden's-boliden-to-a 11790 
bc-sweden-raises-fuel-ta 11880 
bc-swedish-match-sells-p 11854 
bc-swiss-capital-februar 11805 
bc-taiwan's-second-quart 11771 
bc-taiwan-sees-sharp-dec 11813 
bc-tanzania-outlines-new 11881 
bc-tempo-enterprises-inc 11879 
bc-thai-stocks-expected 11781 
bc-toshiba-unit-to-enter 11810 
bc-turkey-estimates-1986 11795 
bc-turkish-banks-announc 11823 
bc-u.k.-intervention-fee 11815 11834 
bc-u.k.-merger-clearance 11812 
bc-u.k.-money-market-def 11864 
bc-u.k.-money-market-giv 11798 
bc-u.k.-money-market-off 11794 
bc-u.k.-money-market-sho 11832 
bc-visual-technology- 11873 
bc-vw's-credit-bank-subs 11870 
bc-yugoslav-power-indust 11804 
beazer 11874 
began 11768 11823 11881 
begin 11763 11777 
beginning 11768 11782 11817 11848 
begins 11881 
begun 11777 11782 
behalf 11820 
belgium 11802 11824 
belgrade 11804 
belonging 11863 
benefit 11831 11843 
benefited 11797 11823 
benefiting 11839 11852 
benefits 11823 
benigno 11842 
berry 11863 
bert 11840 
berthing 11782 
bfit 11781 
bid 11763 11782 11871 11872 
bids 11815 
big 11782 11829 11830 11841 11843 11860 11887 
biggest 11823 11824 
bil 11781 
bill 11792 11794 11798 11863 
billion 11761 11765 11768 11769 11771 11773 11781 11787 11793 11794 11797 11798 11802 11803 11804 11805 11806 11808 11809 11818 11820 11822 11823 11827 11832 11846 11847 11858 11859 11864 11870 11872 11881 11882 
billon 11827 
bills 11760 11794 11798 
bin 11838 
bit 11861 
black 11776 
blah 11762 11764 11772 
blame 11795 
blasted 11770 
blds 11793 11829 
blds.st 11860 
blockade 11766 
blocked 11779 11791 11863 
blocking 11863 
blocks 11791 
blue 11781 
bma 11838 
bnl 11868 
board 11773 11776 11777 11781 11811 11814 11820 11827 11858 11866 11868 11872 11873 11882 
bob 11779 11785 11865 
boge 11777 
boliden 11790 11793 11821 11825 11829 11841 11860 
bombay 11831 
bona.s 11847 
bond 11796 11799 11800 11804 11806 11807 11809 11818 11845 11847 11851 11861 
bonds 11776 11781 11804 11805 11818 
bonus 11782 11784 11855 
bonuses 11768 
booked 11773 
bookrunner 11835 
boom 11813 11823 
boost 11831 11880 11881 
bop 11882 
borrowing 11831 11858 
borrowings 11765 
bosphorus 11823 
boston 11786 11873 
bought 11777 11830 
bourse 11824 
bp 11872 
bracy 11865 
brady 11763 
braking 11776 
branch 11777 11830 
brazil 11761 11766 11860 11866 11885 
brazilian 11761 11766 11866 
break 11780 
breakers 11813 
bright 11831 
bring 11776 11777 
bringing 11776 11820 
britain 11782 11862 
british 11782 11815 11872 
broad 11765 
broadcasting 11847 
broaden 11823 
broader 11797 
broadly 11770 
broken 11781 
broker 11869 
brokerage 11782 11797 
brokers 11781 11784 11797 11831 11839 11852 
broking 11797 
bros 11763 
brothers 11874 
brought 11776 11797 
brown 11865 
brunswick 11870 
brussels 11802 11824 11862 
bruxelles 11802 
budget 11846 11858 
budgets 11881 
buehrmann 11827 
buehrmann-tetterode 11827 
buffer 11843 
build 11823 
building 11768 11819 
built 11768 
bulk 11801 
bull 11781 11797 
bullet 11799 11807 11851 
bundesbank 11776 11818 11820 
bureacracy 11882 
bureau 11882 
business 11773 11777 11797 11810 11822 11823 11830 11843 11850 
businesses 11781 11797 11810 11847 
businessman 11842 
businessmen 11882 
buy 11763 11768 11774 11781 11808 11815 11816 11829 11830 11831 11834 11841 11843 11869 
buying 11772 11774 11830 
buyout 11763 
buys 11764 
bv 11837 
bvtn.as 11827 
c. 11763 11822 
c.h 11874 
c.h.-beazer-holdings 11874 
cabinet 11836 11843 
cable 11810 
caesars 11871 
caisse 11806 
calabria 11868 
calabrian 11868 
calif. 11867 
call 11785 11820 11830 
callable 11796 
called 11769 11776 11820 11865 11866 
calling 11779 
calls 11770 
campaign 11840 
canada 11782 11833 11849 11869 
canadian 11763 11833 11849 11869 
canberra 11779 11785 
capel 11797 
capita 11795 
capital 11773 11776 11781 11797 11805 11816 11823 11824 11857 11874 
capitalisation 11781 
capitalised 11781 11808 11822 
captivity 11842 
car 11837 
cards 11779 
careered 11766 
careful 11768 11823 
careplus 11877 
cargo 11840 
carical 11868 
carried 11769 11857 
carry 11763 
carrying 11831 
cars 11870 
case 11810 11865 
cases 11827 
cash 11763 11769 11829 11833 11841 11882 
cassa 11868 
cast 11861 
caterpillar 11822 
caterpillar/mhi 11822 
caused 11769 11861 
caution 11783 11844 
cawl.l 11810 
cazenove 11781 
cbkg.f 11773 11776 11777 
cdl 11867 
cement 11781 
cent 11775 
centers 11869 
central 11761 11773 11781 11798 11820 11823 
centralising 11822 
centre 11849 11869 
centres 11849 
cents 11775 
cereal 11885 
cereals 11834 11862 11885 
cess 11775 
chairman 11761 11763 11773 11776 11777 11782 11793 11797 11814 11820 11827 11873 
challenge 11823 11882 
challenges 11763 11823 
chamber 11801 
chan 11781 
change 11768 11820 
changeover 11797 
changing 11831 
charge 11877 
charged 11865 
charges 11760 11868 
chartered 11816 11817 11848 
chase 11816 11817 11848 11861 
cheap 11766 11768 11839 11852 
cheaper 11776 11782 
chemical 11763 11823 11861 
chen 11768 11813 
cheung 11782 11784 
chi 11813 
chief 11817 11848 11873 
chien-kuo 11813 
chile 11860 
china 11768 11769 11782 11813 11885 
chinese 11769 
chips 11781 
chung-jung 11813 
circle 11773 
circuit 11863 
circulation 11794 
cirex 11837 
citadel 11867 
cited 11823 11861 11866 
citibank 11761 11816 11817 11848 11861 
cities 11849 11869 
citt.t 11822 
city 11768 
ckgh.hk 11784 
claims 11850 11867 
class 11875 
classes 11782 
classified 11770 
clayton 11865 
clear 11770 
clearances 11812 
cleared 11812 
clearing 11797 
cleopa 11881 
client 11797 
clifford 11873 
climate 11839 11852 
climb 11771 
clock 11777 
close 11770 11782 11799 11817 11848 11866 11882 
closed 11763 
closely 11784 
closing 11786 11831 
closure 11803 
clothing 11777 
cnt 11806 
co. 11777 
coalition 11779 
coast 11885 
cocoa 11811 11843 
coconut 11836 
coffee 11816 11866 11882 
coincidence 11810 
coins 11830 
collapsed 11866 
collectives 11768 
colombo 11836 
colony 11782 
colza 11885 
combination 11763 
combined 11800 11806 11807 11822 11845 
coming 11827 11858 11869 
command 11865 
commemorate 11830 
comment 11763 11784 11791 11833 11863 
commented 11858 
commenting 11773 
comments 11785 
commerce 11823 
commercial 11761 11781 11823 11831 11838 
commerz 11777 
commerzbank 11773 11776 11777 11807 11820 
commission 11760 11770 11773 11784 11812 11826 11862 11874 
commissioner 11784 
commissioners 11868 
commissions 11773 
commitment 11810 
committee 11761 11784 11861 
common 11763 11875 
communications 11777 
communist 11768 
community 11773 11826 
company 11759 11760 11763 11776 11787 11788 11791 11793 11802 11807 11812 11814 11816 11822 11824 11827 11829 11833 11841 11847 11850 11855 11859 11863 11867 11872 11873 11874 11883 
compared 11765 11773 11795 11811 11830 11835 11858 11882 
compares 11798 
comparison 11813 
compensation 11880 
compensatory 11862 
compete 11830 
competent 11770 
competition 11813 
competitive 11810 
competitiveness 11831 
complete 11779 
completed 11791 11847 
completes 11847 
completion 11763 
comprised 11818 
comprising 11798 11838 
compulsory 11823 
computer 11814 
comvertible 11786 
concentrate 11881 
concept 11782 
concern 11768 11773 11782 11831 11837 11860 11861 
concerned 11766 11830 11843 
concerted 11783 11844 
concession 11800 11806 11809 11828 11845 
conclude 11861 
concludes 11837 
conclusions 11770 
concrete 11773 11849 11869 
condemns 11769 
conditioned 11872 
conditions 11763 
conduct 11770 
conducting 11770 
conference 11776 11777 11793 11829 11830 11841 11860 11882 
confidence 11827 
confident 11785 
confined 11866 
confirm 11793 
confirmed 11827 11842 
confirming 11785 
confirms 11785 
conflict 11768 11782 
confusing 11849 11869 
congress 11769 11770 
conn. 11763 
connection 11867 
conservative 11797 
considerable 11768 11773 
considerably 11777 
considered 11769 11784 
consistency 11768 
consolidated 11777 11802 11824 11847 
consolidation 11839 11852 
consortium 11777 11810 
conspiracy 11865 11868 
constitution 11863 
construction 11804 
consultancy 11866 
consultation 11770 11784 
consultations 11770 
consumed 11768 
consumer 11823 
consumers 11866 11880 
consumption 11769 
contact 11882 
contacts 11797 11865 
containment 11776 
contingency 11850 
continue 11763 11781 11783 11785 11816 11839 11843 11844 11852 11863 11882 
continued 11785 11823 11882 
continuing 11774 11867 
contract 11768 
contraction 11776 
contracts 11768 11791 11810 11863 
contrast 11773 
contribution 11882 
control 11770 11782 11784 11873 
controlled 11795 
controlling 11782 11784 11814 11816 
controls 11833 
conversion 11768 11786 11828 11835 11853 
converted 11804 11873 
convertible 11786 11816 11828 11831 11835 11853 
cooperate 11829 11841 
cooperation 11779 11822 11882 
coordinated 11797 
cope 11823 
copenhagen 11851 
corn 11769 11885 
corporate 11776 11781 11782 11784 11790 11793 
corporation 11809 
corporations 11797 
corrected 11827 
corrections 11781 
cost 11808 11840 11843 11861 
costa 11781 
costs 11769 11773 11827 11831 
cotton 11769 
council 11770 11846 11866 
count 11823 
countries 11773 11780 11843 11866 
country 11823 11830 11838 11882 
countryside 11768 
county 11768 11782 
coupon 11796 11799 11809 11828 11835 
courageous 11776 
courier 11762 11763 
court 11791 11863 11868 
cover 11874 
covert 11770 
cpc 11808 11876 
cpl 11865 
cpls 11877 
cpo 11778 
create 11782 11830 11831 11882 
credibility 11776 
credit 11766 11773 11786 11820 11830 11861 11870 
creditor 11816 
creditors 11761 
credits 11766 11805 11823 11877 11884 
creeping 11797 
crisis 11779 11823 
criticised 11770 11801 
criticism 11781 
crop 11811 
crops 11768 11769 11882 
crown 11851 11860 
crowns 11793 11821 11825 11829 11841 11851 11854 11880 
crude 11778 
cubic 11880 
cultivated 11768 
culture 11797 
cumulative 11811 
curbs 11813 
currencies 11882 
currency 11773 11777 11783 11803 11826 11844 11881 
current 11776 11787 11815 11817 11830 11843 11848 11881 
custody 11868 
customer 11760 
customers 11760 11763 11820 11870 
cut 11769 11775 11776 11882 
cuts 11775 11776 11831 11858 
cutting 11781 11817 11848 
cyclone 11886 
cyprus 11885 
d.c. 11857 
da 11781 
dabbling 11797 
daig.f 11773 
daily 11768 11769 11781 11820 11830 
daimler-benz 11773 
dal 11863 
dal.n 11791 
damage 11769 
damas 11881 
dampen 11830 
dampening 11773 
damper 11830 
dangers 11823 
danish 11851 
danske 11851 
dar 11881 
data 11795 11820 11861 
day 11796 11807 11820 11863 11885 
days 11820 11861 11868 
de 11766 11816 11854 
deal 11769 11809 11829 11837 11841 11860 11871 
dealer 11817 11848 11858 
dealers 11764 11772 11774 11817 11820 11824 11830 11848 11869 
dealt 11769 
death 11814 
debate 11866 
debenture 11831 
debentures 11763 11831 
debriefing 11865 
debt 11761 11816 11873 11874 
debt-equity 11773 
debtor 11773 
debts 11773 
dec 11850 
december 11781 11801 11803 11816 11823 11863 11884 
decide 11817 11843 11848 
decided 11779 11785 11812 11822 
decides 11779 
deciding 11779 
decision 11770 11779 11781 11784 11843 
decisions 11770 
decisive 11776 
decline 11783 11803 11813 11844 
declined 11771 11773 11793 11823 11833 11843 11881 
declines 11781 11782 11813 11843 
decrease 11776 
decreased 11830 
deduction 11802 
default 11773 11823 
defence 11880 
defend 11861 
deficient 11768 
deficit 11864 11882 
del 11868 
delayed 11781 
delegate 11769 11866 
delegates 11866 
delegation 11761 11780 
delegations 11780 
delhi 11831 
deliveries 11882 
delivers 11837 
delta 11791 11863 
delta-western 11791 11863 
demand 11781 11795 11813 11823 11882 
demands 11768 11840 
demolished 11813 
den 11851 
deniz 11823 
denmark 11807 11851 11862 
denominations 11792 11796 11800 11806 11807 11828 11845 11851 
department 11771 11865 
departments 11881 
depend 11881 
depending 11797 
deposit 11781 11804 11823 
depositary 11874 
depositors 11823 11831 
deposits 11760 11820 11830 11831 
depreciations 11773 
deputy 11781 11814 11823 
der 11840 
deregulation 11797 11869 
derivatives 11840 
des 11806 
describing 11776 
designed 11770 
dessicated 11836 
destroying 11768 
detailed 11770 
details 11773 11777 11793 11804 11837 11840 11842 11863 11870 
determination 11770 
determined 11783 11844 
deutsche 11796 11857 
developing 11773 
development 11779 11782 11797 11836 11881 
developments 11784 11830 
di 11868 
died 11766 
diesel 11768 
differed 11826 
differences 11866 
difficult 11785 11797 
difficulties 11773 
dilemma 11768 
dilson 11766 
diluted 11763 
dinars 11804 
dip 11776 
direct 11773 
directive 11770 
directly 11768 11781 
director 11781 11782 11814 11838 11840 11847 
director-general 11868 
disadvantage 11843 
disappeared 11820 11863 
disarray 11785 
discipline 11881 
disciplined 11882 
disclosed 11796 
discontinued 11850 
discount 11794 11798 
discovered 11823 
discuss 11761 11866 
discussion 11866 
discussions 11763 
dismantling 11881 
dismissed 11781 
displaced 11886 
displacement 11813 
dispute 11791 11810 11863 11877 11883 
disputed 11867 
disrupted 11766 
disseminating 11872 
dissolving 11779 
distributed 11782 
distribution 11855 
div 11850 11855 11859 
diversified 11781 
dividend 11802 11824 11827 
division 11827 11829 11841 11860 
dlr 11763 11764 11772 11774 11783 11791 11792 11800 11828 11839 11844 11845 11846 11847 11852 11872 11878 11882 
dlrs/shr 11762 
doctrinaire 11881 
document 11770 
dollar 11774 11783 11803 11813 11817 11818 11835 11839 11844 11848 11852 11861 
dollars 11764 11772 11773 11774 11777 
domestic 11771 11773 11776 11795 11804 11819 11820 11823 11838 
dominated 11830 
double 11797 11815 
doubt 11780 11781 11823 
downturn 11776 
dozen 11823 
drain 11794 11797 
drained 11820 
dramatic 11781 
draw 11820 11831 
dressing 11823 
drive 11823 11833 
driven 11766 
drop 11773 11783 11844 
drops 11820 
drought 11886 
dublin 11858 
due 11799 11800 11803 11806 11813 11819 11824 11828 11831 11839 11845 11846 11852 11853 11882 
duesseldorf 11789 
duim 11840 
duplicate 11815 
dutch 11827 11837 
duties 11770 11778 
duty 11775 11778 
dynamic 11797 
eaf 11763 
earlier 11768 11771 11778 11779 11781 11785 11795 11813 11823 11842 11882 
early 11774 11775 11779 11785 11794 11795 11798 11823 11830 11832 11861 11863 11866 
earn 11769 11773 11787 11802 11850 11855 11856 11859 11877 11878 11879 11883 11884 
earned 11883 
earnings 11769 11773 11823 11883 
ease 11820 
easier 11776 
easily 11781 
east 11807 11857 
eastbound 11857 
easter 11820 
eastern 11768 
easy 11781 
eat 11768 
eaten 11769 
ec 11826 11862 
echoed 11781 
economic 11761 11768 11776 11779 11785 11843 11865 11881 11882 
economics 11823 
economists 11813 11861 
economy 11776 11779 11781 11789 11882 
ecus 11826 
edge 11768 
editorial 11768 
ef 11763 
effect 11760 11791 11814 
effective 11767 11775 11778 11831 
effectively 11820 
effects 11829 11841 
efforts 11768 11771 
egypt 11885 
eib 11799 11851 
eight-week 11840 
elaborate 11761 
election 11779 11785 
elections 11785 
electric 11804 
electronic 11847 
electrotechnical 11833 
elevator 11840 
embassy 11865 
embezzlement 11868 
emergency 11820 11886 
emery 11762 11763 
emperor 11830 
employed 11793 
employees 11791 11863 
employers 11840 
enable 11763 
enables 11827 
encourage 11830 11882 
encouragement 11836 
encouraging 11823 
end 11765 11773 11785 11789 11797 11803 11813 11820 11840 11847 11857 11866 11885 
end-april 11808 
end-january 11803 
end-september 11826 
endeavour 11826 
ended 11797 11811 11846 
ending 11817 11838 11848 
ends 11797 11871 
enforced 11791 11863 
engineering 11829 11841 
england 11794 11798 11832 11864 
enhance 11763 
enjoy 11782 
enjoyed 11782 11797 
ensure 11768 11770 11779 
enter 11797 11810 
enterprise 11782 11784 
enterprises 11781 11804 11879 
enthusiastic 11831 
entrants 11797 
entrepreneurial 11797 
entrepreneurs 11882 
entry 11777 11810 
envisage 11823 
equal 11784 
equally 11788 11822 
equipment 11771 11810 11827 11829 11833 11841 11860 
equities 11781 11782 11797 
equity 11773 11781 11818 11831 11869 11873 
equivalent 11782 11885 
era 11797 
erk 11823 
erten 11823 
es 11881 
espionage 11865 
essentials 11769 
est 11763 11866 
establish 11797 
established 11784 
estado 11766 
estimate 11795 11798 11832 11843 11846 11864 
estimated 11760 11769 11795 11801 11823 11843 11846 11882 
estimates 11795 
ethiopia 11886 
eurobond 11786 11796 11800 11806 11807 11809 11818 11828 11835 11845 11851 
euromarket 11861 
europartners 11777 
europe 11824 
european 11773 11777 11799 11826 11851 
europoort 11840 
evans 11875 
eventually 11797 
evergo 11782 11784 
evidence 11770 
ex-marine 11865 
exact 11820 
excavator 11822 
excavators 11822 
exceeding 11830 
excellent 11763 11810 
excess 11781 11801 
exchange 11773 11777 11780 11781 11783 11784 11797 11823 11828 11831 11835 11844 11858 11866 11874 11882 
exchanged 11804 
exchequer 11794 11858 
excluded 11823 
excludes 11878 
excluding 11773 
exclusively 11773 
executive 11842 11866 11873 
executives 11763 
exercise 11881 
exist 11773 
existing 11763 11784 11797 11881 
expand 11782 11789 11823 11882 
expanded 11795 
expands 11814 
expansion 11776 11782 11827 11833 11837 11882 
expect 11773 11781 11797 11813 11823 
expectations 11781 11789 11827 11870 
expected 11761 11771 11779 11781 11793 11797 11813 11820 11822 11827 11837 11847 11874 11882 11885 
expects 11883 
expedite 11882 
expenditure 11773 
expenditures 11773 11795 
expenses 11773 
expensive 11813 
experienced 11770 
experimental 11804 
expertise 11797 11823 
expiration 11763 11768 11797 
expire 11763 11872 
expires 11796 
expiry 11820 
explaining 11768 
export 11775 11778 11823 11826 11866 
exporter 11768 11836 
exports 11769 11771 11789 11805 11813 11823 11843 11882 11885 
exposed 11797 
exposure 11773 11782 
express 11874 
extend 11816 
extended 11763 11872 
extent 11773 11823 
extinguished 11863 
extraordinary 11773 11850 11878 
f. 11763 
f0002 11775 
f0003 11776 
f0008 11777 
f0009 11778 
f0018 11779 
f0033 11780 
f0036 11781 
f0072 11782 
f0100 11783 
f0119 11784 
f0127 11785 
f0129 11786 
f0139 11787 
f0152 11788 
f0153 11789 
f0156 11790 
f0163 11791 
f0173 11792 
f0186 11793 
f0191 11794 
f0200 11795 
f0203 11796 
f0207 11797 
f0226 11798 
f0238 11799 
f0249 11800 
f0256 11801 
f0261 11802 
f0275 11803 
f0295 11804 
f0298 11805 
f0299 11806 
f0300 11807 
f0301 11808 
f0302 11809 
f0304 11810 
f0307 11811 
f0308 11812 
f0311 11813 
f0324 11814 
f0326 11815 
f0332 11816 
f0345 11817 
f0349 11818 
f0351 11819 
f0353 11820 
f0358 11821 
f0359 11822 
f0361 11823 
f0382 11824 
f0395 11825 
f0396 11826 
f0397 11827 
f0403 11828 
f0405 11829 
f0406 11830 
f0427 11831 
f0436 11832 
f0438 11833 
f0444 11834 
f0448 11835 
f0450 11836 
f0460 11837 
f0467 11838 
f0495 11839 
f0499 11840 
f0501 11841 
f0514 11842 
f0526 11843 
f0530 11844 
f0532 11845 
f0542 11846 
f0545 11847 
f0546 11848 
f0562 11849 
f0576 11850 
f0589 11851 
f0590 11852 
f0596 11853 
f0600 11854 
f0606 11855 
f0608 11856 
f0610 11857 
f0611 11858 
f0620 11859 
f0628 11860 
f0641 11861 
f0659 11862 
f0666 11863 
f0670 11864 
f0671 11865 
f0673 11866 
f0675 11867 
f0677 11868 
f0679 11869 
f0683 11870 
f0692 11871 
f0694 11872 
f0696 11873 
f0699 11874 
f0702 11875 
f0703 11876 
f0707 11877 
f0708 11878 
f0709 11879 
f0713 11880 
f0714 11881 
f0715 11882 
f0723 11883 
f0726 11884 
f0731 11885 
f0738 11886 
f0741 11887 
f2931 11760 
f2936 11761 
f2937 11762 
f2940 11763 
f2950 11764 
f2968 11765 
f2981 11766 
f2985 11767 
f2993 11768 
f3015 11769 
f3027 11770 
f3041 11771 
f3053 11772 
f3060 11773 
f3061 11774 
face 11798 
faced 11823 
faces 11768 
facilities 11769 11782 11804 11840 
facility 11792 11820 
facsimile 11810 
fact 11768 11830 
factor 11779 
factories 11768 
factors 11794 
failed 11823 11866 
failure 11865 
fairly 11839 11852 
fall 11768 11769 11776 11803 11805 11818 11823 11882 
fallen 11781 
falling 11813 11823 11882 
false 11776 11865 
families 11768 11886 
fao 11886 
farm 11766 11768 11829 11841 
farmers 11766 11768 11769 11882 11886 
farmland 11768 11769 
favour 11843 
favourable 11882 
fear 11768 
fears 11797 11839 11852 11861 
february 11761 11765 11770 11773 11783 11805 11817 11844 11846 11848 11849 11869 11882 11884 
fed 11861 
federal 11776 11849 11861 11863 11869 
fee 11792 
feed 11768 11815 11834 11886 
feels 11843 
fees 11796 11807 11851 
fell 11769 11773 11782 11784 11803 11805 11817 11818 11820 11830 11848 11861 
felt 11839 11852 
fengbang 11768 
fertiliser 11768 
fewer 11813 11824 
fibre 11836 
field 11793 
fight 11823 
figure 11773 11781 
figures 11768 11771 11813 11820 
filed 11760 11863 11874 
files 11760 
fill 11857 
final 11786 11802 11850 11866 
finalised 11816 
finalize 11863 
finance 11766 11781 11784 11788 11792 11800 11809 11814 11823 11831 11845 11858 11880 11881 
finances 11870 
financial 11763 11765 11766 11788 11797 11823 11827 11830 11837 11846 11849 11858 11867 11869 11881 11882 
financing 11763 11823 11870 11873 
find 11797 11816 
finish 11781 
firm 11770 11782 11784 11793 11797 11816 11823 11827 11868 
firmed 11817 11848 
firmness 11839 11852 
firms 11773 11776 11782 11784 11788 11797 11882 
fiscal 11776 11846 
fit 11763 11860 
fits 11830 11833 
five-day 11838 
five-year 11779 11789 11866 11881 
fixed 11773 11776 11786 11795 11819 11820 11828 
fixed-interest 11818 
flax 11769 
flexibility 11776 11831 
flight 11863 
flights 11857 
float 11797 
floated 11804 11847 
floats 11797 
floors 11797 
florestais 11854 
flotation 11777 
flour 11885 
fluctuations 11803 
fnv 11840 
focus 11781 
follow 11817 11823 11848 11861 11865 
fomc 11861 
food 11768 11808 11868 11886 
foods 11808 
force 11833 11863 
forced 11763 11781 11797 11823 11843 
forecast 11763 11781 11787 11789 11810 11826 11832 
forecasting 11794 
forecasts 11882 
foreign 11781 11783 11793 11813 11820 11823 11828 11830 11831 11835 11844 11858 11865 11869 11882 
foreign-held 11781 
foreigners 11781 11865 
forestall 11759 
forklift 11822 
form 11805 
formation 11776 
formed 11822 
forward 11776 
fostering 11823 
found 11777 
founder 11814 
founding 11777 
four-for-one 11782 11784 
fourth 11843 
franc 11824 
france 11806 11862 11885 
francesco 11868 
francisco 11761 11791 11863 
francs 11802 11803 11805 11824 11853 
frankfurt 11773 11776 11777 11796 11807 11818 11820 11849 11857 11869 
free-fall 11783 11844 
freed 11842 
freedom 11768 
freight 11762 11763 11857 11885 
french 11885 
fresh 11766 
friday 11782 11784 
fuel 11880 
fulfil 11791 
fulfill 11863 
full 11773 11777 11779 11797 11802 11810 11850 11855 11859 11861 
full-year 11795 
fully 11763 11820 
funaro 11766 
function 11869 
fund 11781 11782 11788 11880 
funding 11820 
funds 11781 11782 11812 11831 11839 11852 
furs 11875 
fuso 11788 
future 11763 11768 11773 11782 
futures 11830 11866 
g.c 11817 11848 
gain 11831 11849 11869 11878 11883 
gained 11768 11781 11839 11852 
gains 11878 
gas 11760 11880 
gave 11773 11777 11842 11870 11882 
gazetted 11775 11778 
gdp 11795 
gear 11825 11860 
gem 11840 
general 11784 11800 11801 11812 11823 11840 11845 11850 11859 11866 
generated 11823 
generating 11830 
geographical 11827 
georgia 11760 
german 11773 11776 11789 11820 
germany 11814 11862 11870 
ghana 11811 
girozentrale 11789 11796 
give 11771 11786 11797 11813 11849 11869 
giving 11773 11823 
glass 11824 
glassmaker 11824 
glaverbel 11824 
glendale 11867 
global 11777 
gloeielampenfabrieken 11837 
gmac 11800 11845 
gmbh 11777 11870 
gmt 11793 11819 11866 
gnp 11776 11789 11795 11858 11882 
goal 11768 11801 
goals 11827 
gobbled 11768 
goh 11817 11848 
gokce 11823 
gold 11830 11839 11852 
gold/silver 11839 11852 
golden 11781 11797 
good 11773 
goods 11831 
goverments 11773 
government 11766 11768 11769 11771 11775 11776 11778 11779 11781 11785 11795 11810 11823 11830 11831 11836 11843 11849 11858 11869 11881 11882 
government-owned 11781 
governments 11869 
governor 11781 11783 11844 
govett 11782 
graan 11840 
grain 11768 11769 11815 11834 11840 11862 11885 11886 
grain-producing 11769 
grains 11766 11771 
granaries 11769 
grande 11766 
grant 11874 
granted 11863 
graphical 11827 
graves 11768 
great 11768 11867 
greater 11797 
greatly 11881 
greece 11862 11885 
grenfell 11835 
grew 11795 11881 11882 
grex.l 11850 
grey 11786 
grip 11861 
groep 11837 
gros 11761 
gross 11789 11795 11819 11824 
grounds 11776 
group 11763 11773 11777 11782 11787 11788 11793 11810 11824 11827 11829 11841 11854 11860 11873 11884 
groupe 11802 
grow 11768 11789 11827 
growers 11766 11843 
growing 11769 11771 11823 11830 11865 
grown 11834 11837 
growth 11765 11773 11776 11789 11795 11797 11810 11827 11830 
guaranteed 11796 11800 11806 11809 11845 
guaranty 11763 
guard 11865 
guardian 11850 
guards 11865 
guide 11785 
guilder 11799 11827 
guilders 11827 11833 11837 11840 
gulf 11838 
gwf 11867 
h.k 11782 11784 11817 11846 11848 
half 11773 11777 11781 11792 11813 11817 11818 11848 11882 
halfway 11768 
halls 11768 
halts 11791 
hambrecht 11873 
hambros 11800 11845 
handcuff 11797 
handcuffs 11797 
handlers 11840 
handles 11781 11840 
handling 11829 11841 
hands 11794 
hang 11782 
happen 11797 
happened 11797 
harbour 11782 
hard 11881 
hassan 11881 
hawke 11779 11785 
head 11797 11814 
headquartera 11863 
hearing 11868 
heat 11880 
heating 11880 
heavy 11822 11861 
hectares 11768 
heinz 11814 
held 11761 11773 11785 11801 11820 11842 11847 11865 11868 
helped 11865 
hgca 11834 
hide 11823 
high 11766 11773 11774 11776 11795 11820 11843 11882 
high-ranking 11779 
high-value 11837 
higher 11773 11781 11820 11823 11824 11831 11839 11846 11852 11861 11882 
highly 11770 
hirohito 11830 
history 11779 
hit 11769 11782 11840 11866 
hitherto 11773 
hkbh.hk 11797 
hkse 11782 11784 
hoare 11782 
hock 11816 
hofer 11830 
holders 11782 
holding 11797 11867 
holdings 11782 11784 11820 11847 11874 
holds 11760 11847 
hole 11857 
home 11773 11777 11815 11827 11834 11865 
homes 11768 
hong 11782 11784 11792 11797 11808 11817 11830 11846 11848 
hong-kong 11782 11784 11808 11817 11830 11846 11848 
hongkong 11781 11797 
honor 11863 
honour 11791 
hoogovens 11837 
hoped 11763 11774 11777 11780 
hopes 11781 
hospital 11842 
hours 11763 11791 11840 11863 
house 11782 11797 
houses 11768 11774 11779 11794 11797 11798 11830 
hundred 11777 
hundreds 11766 11768 
husky 11782 
hutchison 11782 11784 
hutton 11763 
hwa 11813 
hwhh.hk 11784 
ian 11797 
ibj 11806 
icca 11843 
icco 11843 
ico 11866 
ico-coffee 11866 
idea 11810 11843 
identity 11779 
ijmuiden 11837 
illegal 11769 
illubabor 11886 
iml 11803 
immediately 11763 11767 11775 11784 
imminent 11763 
impact 11782 
implement 11770 11881 
import 11813 
importance 11797 
important 11776 11777 
imported 11830 
importer 11771 11830 
importers 11813 
imports 11769 11771 11776 11882 
impose 11770 11797 11830 
imposed 11830 
imposes 11830 
imposing 11830 
imposition 11830 
improve 11831 11882 
improved 11773 11776 11839 11852 
improvement 11779 
improving 11781 11839 11852 
inadequate 11768 
incentives 11769 
include 11763 11770 11814 11831 11868 11884 11885 11886 
included 11773 11815 11831 
includes 11877 11884 
including 11770 11771 11818 11823 11883 11885 
income 11776 11850 11859 
incomes 11882 
inconclusive 11761 
incorporation 11797 
increase 11760 11765 11771 11773 11776 11789 11810 11817 11848 11861 11880 11882 
increased 11767 11773 11786 11810 11817 11823 11830 11835 11848 11857 11870 11882 
increases 11768 11781 11817 11848 11880 
increasing 11769 11814 
indebted 11773 
indemnity 11850 
independence 11797 
index 11781 11782 
index-linked 11819 
india 11831 
indian 11831 
indication 11835 
individual 11768 11773 
individuality 11797 
individuals 11770 
indonesia 11801 11822 
indonesian 11822 
industrial 11782 11784 11816 11881 
industrialisation 11768 
industries 11788 11822 11843 
industry 11795 11797 11804 11812 11813 11823 11829 11831 11837 11841 11843 11861 11869 11880 
inequality 11782 
inflation 11766 11823 11839 11852 11882 
influx 11797 
information 11770 11810 
infrastructure 11881 
infusion 11797 
ingot 11767 
iniciativa 11854 
initial 11786 11810 11835 11875 
initially 11837 11846 11874 
initiate 11770 
initiative 11768 
inject 11816 
injection 11816 
injuction 11863 
injunction 11863 
insolvencies 11773 
instability 11783 11844 
institut 11803 
institute 11795 
institutions 11797 11849 11869 
insurance 11850 11859 
insurances 11869 
integration 11863 
intended 11882 
inter-african 11866 
interbank 11817 11848 
interest 11761 11763 11766 11773 11776 11780 11781 11782 11796 11804 11807 11817 11818 11819 11820 11823 11831 11848 11850 11858 11861 11872 11874 
interested 11768 11781 
interesting 11773 
interests 11847 
interim 11761 
intermediaries 11765 11770 
internal 11883 
internally 11880 
internatio 11833 
internatio-mueller 11833 
international 11773 11781 11782 11788 11806 11808 11809 11812 11816 11823 11827 11828 11830 11843 11849 11850 11860 11866 11869 11876 
internationale 11781 
internationalising 11830 
intervened 11774 
intervenes 11772 11774 
intervention 11783 11815 11834 11844 
intn.as 11833 
introduce 11779 11838 11869 
introduced 11768 11797 
introduction 11810 
invest 11781 
invested 11781 
investigate 11770 
investigating 11797 
investigation 11868 
investigations 11868 
investigators 11865 
investing 11781 
investment 11768 11769 11771 11773 11777 11781 11782 11788 11799 11812 11850 11851 11859 11878 11881 11882 
investments 11784 
investor 11786 11816 
investors 11776 11781 11782 11796 11807 11831 11839 11852 11869 11882 
invited 11794 11840 
involved 11793 11865 11882 
involving 11766 11793 11865 
iran 11770 
ireland 11858 11862 
irish 11858 
iron 11813 
iron-steel 11813 
irregularities 11868 
irrigated 11769 
isaksson 11860 
island 11838 
israel 11780 11885 
israeli 11780 
issuance 11792 
issue 11768 11782 11784 11786 11799 11800 11804 11806 11809 11817 11819 11824 11827 11828 11845 11847 11848 11863 
issued 11763 11782 11792 11796 11804 11807 11818 11851 
issues 11781 11782 11784 11796 11800 11806 11807 11809 11818 11828 11845 11851 11853 
issuing 11782 11800 11806 11809 11819 11824 11828 11845 11853 
istanbul 11777 11823 
italian 11868 
italian-based 11868 
italy 11862 11868 11885 11886 
item 11850 
itoh 11822 
jacobs 11846 
jail 11868 
jalc 11878 
james 11782 11797 
jan 11830 
january 11765 11766 11773 11776 11781 11803 11804 11805 11817 11843 11847 11848 
january/february 11781 
japan 11764 11772 11774 11777 11782 11783 11787 11788 11808 11810 11813 11822 11824 11828 11830 11842 11844 11853 
japanese 11781 11810 11822 11830 11842 
jard.hk 11784 
jardine 11782 11784 
jeffrey 11861 
jewellery 11830 
jike 11769 
jinfeng 11768 
jiyun 11769 
john 11763 11770 11858 11878 
join 11843 
joined 11814 
joining 11843 
joint 11808 11822 
joint-venture 11823 
joint-ventures 11827 
jonicagrumi 11868 
joseph 11881 
joshua 11782 
journalists 11849 11869 
jr. 11873 
judicial 11868 
july 11781 11797 11815 11819 11880 11881 
july-december 11882 
june 11797 11869 
junior 11763 
jurisdiction 11863 
justice 11863 
justices 11863 
ka-shing 11782 
kado 11814 
kamchorn 11781 
kaohsiung 11813 
kearney 11858 
keener 11813 
keeping 11773 
kenya 11882 
kenyan 11882 
keppel 11835 
kernel 11778 
kerry 11847 
key 11810 
kg 11775 
kgb 11865 
khalifa 11838 
kidnapped 11842 
kilos 11826 
kjell 11829 11841 11860 
klaus 11814 
knorr 11808 
kommunalbank 11796 
kong 11782 11784 11792 11797 11808 11817 11830 11846 11848 
kontrollbank 11796 
korea 11813 
kredi 11823 
kredit 11870 
krung 11781 
kuala 11775 11778 11801 11843 
kwinter 11849 11869 
labour 11779 11785 11840 
labouring 11843 
lack 11769 11866 
laid 11770 
lamb.br 11802 
lambert 11802 
land 11768 11769 11782 
landesbank 11789 
lanka 11836 11886 
lankan 11836 
large 11768 11820 11823 11826 
larger 11791 11797 11863 
largest 11771 11773 11836 11843 11868 
late 11768 11861 11863 
latest 11801 
latin 11773 
launch 11781 
launched 11823 11836 11857 
launches 11857 
lavoro 11868 
law 11823 
lawful 11865 
laws 11781 
lawsuit 11791 11863 
lbo 11763 
ldt 11813 
lead 11776 11780 11786 11792 11796 11799 11800 11806 11807 11809 11823 11828 11845 11851 11853 11858 
leader 11860 
leaders 11861 
leadership 11768 11779 11785 
leading 11766 11776 11782 11797 11813 11829 11841 11860 
leapt 11797 
learning 11863 
leave 11797 
leaving 11797 11820 
led 11761 11770 11823 11873 11874 11875 
leeds 11861 
left 11768 11865 
legal 11770 
legislation 11779 11797 
legislative 11846 
lehman 11874 
leisure 11827 
lending 11781 11831 
letter 11763 
level 11765 11775 11795 11817 11820 11848 11855 
leveraged 11763 
levy 11843 
lhag.f 11857 
li 11782 
liberalisation 11823 11882 
liberalise 11823 
liberalises 11823 
liberalising 11823 
liberty 11868 
licences 11826 
life 11855 11878 
lifted 11863 
lifts 11767 
light 11760 11813 
light-grade 11880 
lightning 11840 
limit 11781 11801 11813 
limited 11766 11770 11781 11843 11881 
limiting 11781 
lin 11813 
lindenberg 11866 
line 11768 11783 11844 11882 
lines 11770 
linotype 11777 
liquidity 11776 11781 11794 11817 11820 11848 
lira 11823 
list 11767 11781 11872 
listed 11781 11784 11800 11806 11824 11845 11847 
listened 11768 
listing 11784 11807 11809 
litigation 11867 
litre 11880 
liu 11813 
live 11881 
load 11885 
loading 11885 
loan 11781 11816 11819 11820 11823 
loans 11766 11823 11831 11868 
local 11781 11782 11817 11823 11843 11848 11882 
locations 11840 
logos 11863 
lombard 11820 
london 11777 11782 11786 11788 11794 11798 11800 11806 11809 11810 11811 11812 11815 11819 11826 11828 11830 11832 11834 11835 11839 11843 11845 11850 11852 11855 11859 11864 11866 11887 
lonetree 11865 
long 11768 11783 11820 11839 11844 11852 11859 11882 
long-term 11768 11776 11781 11831 11843 11850 
longer 11773 11817 11848 
longer-term 11776 
longest-serving 11779 
lorry 11766 
los 11777 11863 11878 
loss 11768 11776 11823 11850 11859 11877 11878 11884 
losses 11768 11829 11841 
lost 11768 11782 11801 11813 11883 
lot 11773 11797 
low 11768 11781 11866 11882 
lowell 11873 
lower 11769 11773 11776 11810 11820 11823 11830 11831 11858 
lows 11781 
lse 11887 
ltd. 11782 
lucania 11868 
lucky 11797 
luft 11814 
lufthansa 11857 
lumber 11884 
lumpur 11775 11778 11801 11843 
luxembourg 11781 11803 11806 11809 11830 11851 
luxembourg-based 11803 11851 
luxembourgeois 11803 
lying 11865 
lynch 11781 
m. 11873 
m3 11765 
machinery 11766 11771 11822 11860 
macsharry 11858 
made 11768 11770 11773 11779 11784 11797 11798 11823 11846 11847 11860 11865 11886 
main 11794 11801 11811 11849 11869 11882 
mainland 11813 
maintain 11782 11882 
maintained 11863 
maintaining 11843 11882 
maize 11885 
majendie 11858 
major 11768 11769 11779 11782 11783 11790 11793 11797 11810 11817 11823 11830 11843 11844 11848 11882 
majority 11773 11873 
make 11763 11768 11776 11782 11784 11881 
maker 11860 
makers 11869 
makes 11804 11822 
making 11768 11770 11823 11850 11855 11858 11859 11861 11865 
malawi 11886 
malaya 11801 
malaysia 11775 11778 11801 11808 11843 
malaysian 11778 11801 
management 11763 11773 11776 11777 11791 11800 11806 11807 11809 11820 11827 11828 11845 11863 11882 
management-led 11763 
manager 11786 11792 11796 11799 11800 11806 11807 11809 11823 11828 11830 11843 11845 11851 11853 
managers 11781 11868 
managing 11781 11814 11840 11873 
manhattan 11816 11817 11848 11861 
manila 11842 
manufacture 11836 
manufacturer 11777 
manufacturing 11831 11882 
margin 11773 11792 11839 11852 
marine 11865 
mark 11768 11776 11796 11807 11818 11820 
market 11763 11774 11776 11781 11782 11783 11784 11786 11794 11797 11798 11810 11815 11819 11820 11823 11830 11831 11832 11834 11836 11839 11843 11844 11846 11852 11861 11864 11866 11869 
market-oriented 11823 
marketing 11836 
markets 11781 11782 11788 11823 11830 11836 11839 11849 11852 11858 11861 11869 
marks 11773 11796 11807 11818 11820 11870 
maruay 11781 
mask 11823 
mass. 11873 
massive 11797 
match 11854 
matching 11781 
materials 11829 11841 
matheson 11782 11784 
matter 11768 11869 
matters 11866 
mature 11804 
matures 11807 11809 
maturing 11794 
maturities 11792 
maturity 11804 11831 
mauritania 11885 
maximum 11781 11826 
maxxam 11884 
mbogoro 11881 
mca 11862 
mcas 11862 
meal-feed 11840 
means 11773 11813 
meant 11773 
measure 11843 
measurement 11833 
measures 11768 11769 
mechanism 11843 
media 11847 
medium 11817 11848 
medium-sized 11823 
meet 11761 11763 11784 11820 11866 
meeting 11761 11779 11817 11829 11841 11848 11861 11866 
meets 11861 
meir 11780 
member 11814 11843 11868 
members 11779 11797 11814 11863 11866 
memorandum 11801 
memorial 11768 
merchant 11831 
merge 11781 11810 
merger 11763 11791 11812 11863 11867 
mergers 11812 
merrill 11781 
message 11770 
messy 11843 
met 11818 11870 
metal 11788 11837 
metals 11793 11829 11839 11841 11852 11860 
metre 11880 
mhi 11822 
miami 11761 11877 
mid-1987 11781 
mid-month 11820 
middle 11810 11857 
middle-aged 11768 
midnight 11863 
mij 11840 
mildew 11769 
miller-day 11782 
million 11773 11777 11813 
millions 11840 
mindful 11797 
mineral 11829 11841 
minerals-producing 11860 
miners 11801 
mines 11801 
minimum 11820 11872 11881 
mining 11793 11825 11829 11841 11860 
minister 11766 11779 11785 11823 11849 11858 11869 11881 11882 
ministry 11781 11831 11843 11880 
minnett 11797 
minor 11820 
minorities 11802 11850 11859 
minority 11782 11858 
minting 11830 
minus 11862 
minutes 11842 
missed 11823 
missing 11781 
mission 11836 11865 
mistake 11830 
mith.t 11822 
mitsubishi 11822 
mitsui 11842 
moderate 11820 
modest 11773 11824 11839 11852 
modifications 11831 
moment 11820 
monday 11820 
monetaire 11803 
monetary 11776 11803 11838 11862 
money 11765 11776 11794 11798 11820 11823 11824 11832 11861 11864 
money-fx 11764 11772 11774 11776 11783 11794 11798 11820 11832 11844 11864 
money-supply 11765 
monopolies 11812 
montagu 11839 11852 
monte 11849 11868 11869 
month 11765 11768 11775 11778 11781 11803 11820 11822 11823 11836 11840 11857 11866 
monthly 11760 11839 11852 
months 11773 11776 11781 11792 11804 11805 11813 11817 11842 11848 11858 11863 
montreal 11849 11869 
morgan 11763 11781 11835 
morning 11782 11784 11810 11863 11864 11866 
morocco 11885 
morrill 11873 
moscow 11780 11865 
moses 11843 
motors 11800 11845 
moulding 11837 
mount 11823 
mouths 11768 
move 11776 11777 11780 11782 11784 11810 11839 11852 11858 
moved 11823 
moves 11797 11823 
moving 11823 
mozambique 11886 
msuya 11881 
multinational 11882 
municipal 11795 
mwinyi 11881 
mxm 11884 
n't 11776 11782 11797 11830 11861 
n.a. 11816 
na 11816 
nairobi 11882 
named 11770 11814 11873 
narrowed 11839 11852 
narrowly 11781 
nasdaq 11759 11874 
nation 11831 
national 11769 11770 11789 11795 11805 11880 
national-liberal 11779 
nationale 11806 11816 
nationals 11865 
nations 11773 11783 11801 11844 11860 11886 
nationwide 11768 11819 
nazionale 11868 
nec 11810 
nederland 11816 
needed 11768 11820 11829 11841 
negotiate 11763 
negotiations 11816 11866 
nephew 11786 
net 11768 11787 11802 11824 11827 11859 11877 11878 11879 11883 11884 
netherlands 11799 11827 11833 11837 11840 11862 
network 11857 
new-zealand 11809 
news 11766 11769 11776 11777 11782 11793 11829 11841 11860 11861 11882 
newsletter 11839 11852 
newspaper 11768 11781 11872 
nicholas 11763 
night 11779 11791 11863 11866 
nil 11850 11877 11878 
nilsson 11829 11841 11860 
nine-month 11781 11795 
nipn.t 11810 
nixdorf 11814 
nixg.f 11814 
nobuyuki 11842 
nominal 11827 
nomura 11809 
non-bank 11765 
non-callable 11800 11806 11845 
non-consolidated 11802 
non-convertible 11831 
non-member 11797 11843 
non-members 11843 
non-performing 11823 
non-residents 11869 
non-securities 11869 
non-stock-exchange 11797 
non-underwritten 11792 
normal 11883 
normalisation 11776 
north 11857 
northeast 11769 
northern 11881 
note 11787 11792 11794 11802 11850 11877 11878 11884 
noted 11782 11784 11810 11843 
notes 11763 11792 11805 11853 
notifed 11805 
noting 11782 
nsc 11770 
nsdd 11770 
nsdds 11770 
number 11814 11822 11823 11872 
numerous 11773 
nv 11799 11816 11827 11833 11837 
o'connor 11863 
o'neill 11768 
object 11768 
obligatory 11838 
observation 11770 
obstacle 11768 
occupying 11768 
occurred 11768 
occurs 11843 
oct 11830 
october 11760 11837 
oesterreichische 11796 
ofd 11883 
offer 11762 11763 11824 11872 11874 
offered 11794 11824 
offering 11874 11875 
offers 11768 11794 11798 11823 
office 11777 11779 11784 11810 11827 11873 
officer 11865 11873 
offices 11766 11883 
official 11768 11769 11771 11784 11790 11793 11794 11804 11813 11816 11821 11827 11851 11865 11887 
officially 11843 
officials 11763 11768 11770 11779 11781 11784 11785 11791 11793 11795 11829 11830 11841 11843 11862 11863 11865 11868 
offset 11768 
offsetting 11794 
offshore 11797 11838 
ogretmenler 11823 
oil 11768 11778 11781 11782 11839 11852 11872 11880 11882 11886 
oilseed 11778 11836 11840 11885 
oilseeds 11840 
one-for-two 11782 11784 
one-quarter 11817 11848 
one-tenth 11782 
ontario 11849 11869 
open 11763 11773 11777 11797 11838 11861 
opened 11831 
openness 11810 
oper 11878 
operate 11763 
operated 11793 11863 
operating 11773 11787 11797 
operation 11824 11829 11841 11866 
operational 11827 11840 
operations 11763 11770 11813 11823 11829 11832 11841 11860 
operators 11820 
opinion 11830 
opportunites 11823 
opportunities 11829 11841 
opportunity 11781 
opposition 11779 11781 11785 
optimistic 11827 11870 
option 11763 11786 11874 
ord 11797 
order 11820 
orders 11770 11813 11865 
ordinary 11802 11874 
organisation 11779 
organisations 11770 
organised 11768 
organization 11770 11866 11886 
oriented 11776 
original 11801 
osaka 11788 
osman 11823 
ottawa 11849 11869 
ouko 11882 
outfits 11863 
outflow 11820 
outflows 11794 
outlines 11881 
outlook 11839 11852 11861 
outpace 11839 11852 
output 11768 11769 11881 11882 
outright 11798 
outstanding 11763 
overallotments 11874 
overnight 11817 11820 11848 
overpriced 11781 
overriding 11861 
oversea-chinese 11816 
overseas 11782 11816 
oversubscribed 11804 11824 
overtime 11877 
overturn 11863 
overwater 11827 
owes 11816 
owing 11882 
owned 11763 11777 11788 11797 11822 11847 
ownership 11797 11873 
ozal 11823 
pacific 11884 11886 
packaging 11827 
packer 11847 
pact 11820 11843 
pacts 11797 
paderborn 11814 
page 11770 
paid 11763 11819 11867 11882 
paint 11776 
painted 11863 
pall 11861 
palm 11778 
palm-oil 11778 
palmkernel 11778 
pamukbank 11823 
panel 11770 11863 
paper 11823 11827 11830 
par 11782 11784 11786 11796 11828 11851 
parent 11773 11782 11824 11829 11841 
paribas 11816 
paris 11783 11816 11826 11844 11885 
parliament 11779 11823 11831 
part 11766 11773 11795 11816 11833 11861 11880 
partial 11773 11797 
participant 11830 
participants 11830 
participation 11773 11824 11843 
parties 11761 
partly 11794 11795 11803 11819 11823 
partner 11771 11808 11873 
partners 11797 11873 
partnerships 11797 
parts 11777 
party 11768 11779 11837 
pass 11880 
passed 11797 11823 
passengers 11857 
passing 11840 
past 11769 11797 11839 11852 
paul 11830 11858 
paulo 11766 
pay 11796 11807 11816 11823 11824 11828 11831 11843 11882 
payable 11763 11819 11850 
paying 11768 11800 11806 11828 11845 11853 
payment 11768 11773 11799 11800 11802 11806 11809 11819 11820 11828 11833 11845 11851 11853 
payments 11761 11818 11820 11882 
pays 11768 11786 11796 11800 11806 11807 11809 11845 11851 
pcc 11763 
peak 11776 
pearson 11782 
peasants 11768 
peking 11768 11769 
pence 11786 11810 
pending 11868 
penetrated 11865 
pension 11820 
pentagon 11865 
peo 11883 
peop 11883 
peoples 11883 
percentage 11816 11817 11831 11848 
performing 11823 
period 11768 11781 11789 11797 11813 11816 11818 11820 11823 11828 11839 11852 11853 11861 11882 11885 
periodic 11770 11781 
periods 11877 11878 
permission 11838 
personal 11830 
personnel 11773 
persuade 11776 
perth 11847 
peter 11797 
petrol 11880 
petroleum 11781 11872 11880 11882 
pglo.as 11837 
phadungsith 11781 
phase-in 11797 
philippines 11808 11836 11842 
philips 11837 
philosophy 11830 
physical 11830 
pick 11789 11792 
picked 11779 
picture 11776 
piers 11846 
pieter 11840 
pilot 11797 
pilots 11863 
place 11791 11849 11863 11869 
placement 11777 11796 
placing 11819 
plan 11763 11781 11797 11881 
planned 11777 11782 11810 11863 
planning 11782 11792 11799 11881 11882 
plans 11761 11763 11781 11792 11797 11799 11816 11827 11849 11863 11869 
plant 11771 
plc 11782 11786 11788 11810 11812 11850 11855 11859 11872 11874 
pm-airlines 11863 
pm-marines- 11865 
point 11817 11831 11848 11861 
points 11781 11782 11792 11804 11807 11809 11817 11848 11862 
poland 11885 
police 11766 11868 
policies 11768 11770 11820 11881 
policy 11760 11768 11769 11770 11776 11823 11827 11861 
policy-making 11861 
political 11782 11849 11869 
poll 11785 
poor 11769 
poorly 11795 
popular 11781 
population 11768 
port 11840 11885 
portfolio 11781 11823 
portion 11818 11843 
porto-based 11854 
portugal 11854 
portuguese 11854 
poses 11823 
position 11814 11827 11837 11839 11843 11849 11852 11869 11872 
positions 11773 11820 
positive 11829 11830 11839 11841 11852 
possibly 11782 
posted 11827 
postpone 11816 
power 11771 11804 11863 
ppo 11778 
practices 11797 
praising 11882 
pratt 11871 
pre-tax 11823 
precious 11839 11852 
precision 11837 
predict 11826 
predicted 11779 11813 11831 
prefer 11763 
preferable 11827 
premium 11786 11796 11835 11859 
prepared 11773 11843 11866 
preparing 11863 
presence 11810 
present 11768 11773 11783 11844 
presentation 11846 
presented 11866 11882 
preserve 11768 11797 
preserving 11797 
president 11761 11770 11781 11813 11829 11830 11841 11860 11868 11873 11881 
presidential 11770 11842 
press 11766 11768 11830 11847 
presses 11865 
pressure 11773 11797 11810 11817 11820 11839 11843 11848 11852 
pressures 11766 
pretax 11850 11856 11859 
prevent 11770 
previous 11765 11789 11803 11805 11811 11882 
previously 11763 11784 11814 11823 11824 11847 11872 
price 11759 11767 11768 11775 11777 11778 11786 11793 11819 11828 11834 11835 11854 11880 11882 
price/earnings 11781 
priced 11786 11796 11799 11800 11806 11807 11809 11828 11845 
prices 11768 11781 11795 11834 11839 11843 11852 11861 11866 11882 
primarily 11773 
primary 11843 
prime 11779 11785 11817 11823 11848 11861 11881 
principal 11818 11836 
principle 11784 11816 
print 11777 
prior 11768 11773 11830 
priority 11781 
private 11765 11770 11771 11796 11797 11823 11882 
privatisation 11781 
probe 11865 
problem 11768 11769 11773 11823 
problems 11766 11773 11823 11827 
procedures 11770 
proceeds 11874 
processed 11778 
processing 11829 11841 11868 11882 
produce 11801 
produced 11843 
producer 11766 11813 11829 11841 11843 11866 11882 
producers 11801 11843 11866 
produces 11833 
producing 11789 
product 11789 11795 11813 
production 11769 11776 11808 11881 11882 
products 11768 11797 11810 11813 11836 11837 
professional 11850 
professor 11823 
profit 11773 11802 11823 11824 11827 11850 11855 11856 11859 11877 11878 
profit-oriented 11773 
profitability 11776 
profitable 11768 
profiting 11776 
profits 11773 11823 11827 11859 11870 
program 11881 
programme 11823 11836 
prohibiting 11797 
prohibition 11770 
prohibitive 11830 
project 11782 
projects 11881 
promac 11833 
promise 11791 11863 
promised 11801 11882 
prompt 11817 11848 
proper 11770 
proportion 11776 11823 11824 
proposal 11760 
proposals 11784 11810 
propose 11867 
proposed 11760 11802 11812 11830 11867 
prospect 11861 
prospects 11827 11831 
prosperity 11785 
protect 11776 11820 
protests 11766 
provide 11763 11829 11841 
provided 11798 11832 11863 
providing 11831 
province 11768 11769 
provincial 11869 
provision 11773 11877 
provisional 11827 11834 11868 
provisionally 11863 
provisions 11773 11843 11850 
pt 11822 
pte 11816 
public 11760 11770 11771 11776 11781 11797 11823 11824 11858 
publicly 11847 
publishing 11812 
punctuated 11781 
punts 11858 
purchase 11763 11773 11777 11847 11870 11872 11874 
purchased 11811 
purchases 11798 11811 11813 11843 
purchasing 11814 11863 
purity 11767 
purolator 11762 11763 
pursue 11867 
pursuing 11827 
push 11823 
pushing 11869 
put 11781 11786 11795 11797 11826 11830 
putting 11768 
qtr 11877 11878 11884 
quality 11836 
quantifying 11827 
quantity 11839 11852 
quarter 11768 11771 11773 11776 11781 11827 11878 11883 11884 
quarter-point 11861 
quickly 11861 
quiet 11773 
quist 11873 
quota 11866 
quotas 11768 11866 
quoted 11766 11769 11786 11810 
radio 11780 
ragip 11823 
railway 11768 
rainy 11882 
raise 11760 11768 11773 11804 11817 11830 11848 
raised 11775 11778 11817 11823 11846 11848 
raises 11778 11880 
raising 11768 11788 11796 11807 11861 11870 
rajan 11843 
rally 11781 11782 
range 11810 11820 
ranged 11831 
ranges 11830 
ranging 11792 
rapeseed 11885 
rapid 11768 11783 11844 
rapidly 11827 
rate 11763 11765 11776 11789 11792 11804 11817 11819 11820 11823 11828 11830 11831 11835 11848 11861 11882 
rates 11760 11766 11773 11776 11781 11789 11804 11817 11820 11823 11831 11848 11858 11861 
ratio 11773 11781 11839 11852 
rats 11769 
ray 11858 
re-invest 11831 
reach 11769 11781 
reached 11763 11781 11791 11837 
reagan 11770 
real 11789 11795 11819 11823 11843 11882 
realized 11878 
reaped 11823 
reason 11861 11866 
reasons 11796 11849 11869 
reassessments 11770 
reassure 11768 
rebate 11826 
receipt 11763 11872 
receive 11824 
recent 11766 11776 11783 11837 11844 
recently 11781 11824 
reception 11797 
reclamation 11782 
recommendations 11770 11836 
record 11773 11797 11813 11855 
recorded 11770 
records 11781 
recovery 11823 11861 11881 
redemption 11763 11809 
reduce 11776 11782 11820 11823 11824 11831 11874 
reduced 11784 11831 11858 
reducing 11827 11831 
reduction 11776 11781 11880 
redundancies 11840 
reed 11812 
reed.l 11812 
reeling 11782 
refer 11812 
reflect 11831 
reflected 11823 11846 
reformed 11768 
reforms 11768 11770 
refused 11793 
reggio 11868 
regional 11863 
regions 11886 
registered 11781 11851 
regular 11857 11866 11882 
regulate 11869 
regulated 11869 
regulating 11833 
regulation 11838 
regulatory 11869 
rehabilitating 11881 
reign 11830 
reignite 11823 
rein 11773 
relate 11868 
related 11823 
relations 11782 
relationship 11797 
relationships 11773 
relative 11839 11852 11882 
relaunch 11823 
relaxing 11769 
release 11826 11842 
released 11763 11826 11842 11868 
reluctant 11781 
rely 11769 
remain 11820 11831 
remained 11773 11775 11813 11863 
remaining 11763 11815 
remains 11839 11852 11873 
remove 11794 
renamed 11822 
rene 11797 
renewal 11780 
renewed 11782 11785 11839 11852 11866 
reopen 11866 
reorganisations 11827 
repaying 11766 
repayment 11816 
repayments 11816 
repeal 11763 
replace 11797 11820 
replanting 11775 
report 11770 11773 11779 11789 11801 11839 11852 11863 11865 11866 11882 11883 
reported 11765 11768 11823 11834 11847 
reporters 11783 11785 11827 11842 11844 11865 
reporting 11795 11823 
reports 11766 11793 11859 
represent 11863 
representation 11791 11863 
representative 11777 
representatives 11873 
represented 11777 11803 11867 
representing 11786 11874 
republic 11804 
repurchase 11776 11794 11820 
request 11782 
requested 11760 11784 11838 11866 
require 11843 
required 11792 11880 
requirement 11820 11858 
requirements 11869 
requires 11843 
requiring 11768 
rescue 11823 
research 11775 
reserve 11765 11861 11880 
reserved 11824 
reserves 11820 
residential 11760 
residents 11768 
resist 11797 
resolve 11866 
resources 11768 11881 
responded 11882 
response 11798 11817 11848 
responsibility 11797 11814 
responsible 11814 11824 
rest 11776 11781 11788 11875 11883 
restart 11866 
restore 11817 11848 11866 
restoring 11780 
restricted 11781 
restrictive 11797 
restricts 11797 
restructuring 11822 
result 11773 11815 11823 11824 
resulted 11768 
results 11773 11802 11815 11822 11827 11834 11884 
retain 11784 
return 11760 11770 11819 
reuter^m 11861 
reveal 11837 
revealing 11868 
revenue 11823 11883 
revenues 11760 11846 
reversal 11769 
reverts 11782 
review 11784 11865 11882 
revised 11832 11846 11864 
revision 11846 
revive 11866 
revived 11823 
revs 11877 11878 11879 11884 
rhodes 11761 
richer 11768 
rights 11763 11782 11784 11847 11872 
ringgit 11778 11843 
rio 11766 
rise 11765 11768 11771 11776 11781 11794 11803 11823 11827 11857 11859 11861 11880 
risen 11769 11823 
rises 11768 11882 
rising 11769 11771 11774 11781 11813 11869 11882 
risparmio 11868 
rivkin 11797 
riyadh 11857 
roach 11797 
roadblocks 11766 
roads 11766 
robert 11781 11865 11873 11882 
robinson-humphrey 11874 
role 11868 11882 
rome 11886 
room 11768 
rose 11765 11773 11774 11778 11795 11813 11824 11827 11855 11857 11861 11870 11882 11885 
rosehaugh 11812 
rosenne 11780 
rot 11769 
rotterdam 11833 11840 
rouen 11885 
roughly 11773 
round 11794 11798 11823 
routes 11857 
routine 11817 11848 11866 
royal 11850 
rubber 11775 
rule 11768 
ruled 11768 
rules 11770 11797 11843 11869 
ruling 11779 11791 11863 
rulings 11863 
run 11797 11868 
rune 11793 
running 11823 
rupees 11831 
rural 11766 11768 11809 
rush 11843 
sa 11802 11824 
salaam 11881 
sale 11763 11773 11822 11847 11883 
sales 11770 11787 11801 11808 11827 11829 11830 11841 11860 
salomon 11763 11867 
samuel 11839 11852 
san 11791 11863 
sandra 11863 
sao 11766 
sarl 11854 
sathirakul 11781 
satoshi 11783 11844 
saturday 11769 
saudi 11857 11885 
saudi-arabia 11857 11885 
savings 11804 
sayam 11781 
sb 11867 
scale 11824 
scandal 11865 
scandals 11770 
scathing 11770 
sceptical 11797 
scheduled 11763 11857 11865 
scrap 11813 
scrapped 11813 
scrapping 11813 
screen 11797 
screen-based 11797 
season 11811 11882 
seasonal 11803 
seattle 11883 
secret 11770 
secretary 11768 11812 11846 
sector 11765 11833 11838 11840 11882 
sectors 11771 
securities 11773 11774 11776 11777 11781 11782 11784 11820 11823 11867 11869 11874 
security 11770 11865 
seek 11781 11867 
seeking 11810 11823 
sees 11773 11813 11883 
segement 11810 
seipp 11773 11776 11777 11820 
self-discipline 11881 
self-imposed 11781 
self-sufficient 11769 
selfish 11768 
sell 11822 11830 11876 
selling 11782 11783 11784 11800 11801 11806 11807 11809 11824 11828 11829 11841 11844 11845 11854 11861 11875 
sells 11768 11854 
seminar 11881 
senator 11770 
seng 11782 
senior 11779 11830 
sense 11866 
september 11813 11853 11863 11866 
serbia 11804 
series 11766 
serve 11763 
served 11865 
service 11760 11883 
services 11801 11838 11857 
session 11781 11782 11866 
set 11770 11773 11781 11786 11788 11795 11822 11828 11835 11853 11866 11869 
sets 11770 11788 
sette 11866 
setter 11831 
setting 11836 
settled 11863 11867 
settlement 11877 11883 
settles 11867 
seven-year 11851 
seventh 11768 
severed 11780 
sex 11865 
sfr 11853 
sgt 11865 
shanghai 11768 11781 11797 
share 11763 11782 11784 11793 11824 11827 11831 11835 11872 
sharebroking 11797 
shared 11788 
shareholder 11872 
shareholders 11782 11784 11797 11847 11875 
sharemarket 11797 
shares 11763 11773 11777 11781 11782 11784 11786 11802 11810 11824 11831 11872 11874 11875 
sharp 11768 11813 11859 
sharply 11771 11784 11813 11823 11850 11861 
shearson 11874 
sheet 11773 11803 11870 
sheets 11823 
shift 11830 11831 
shilling 11882 
shillings 11882 
shin 11822 
ship 11813 11840 11885 
shipbreaker 11813 
shipbreaking 11813 
ships 11813 11885 
short 11776 11781 11828 11839 11852 
short-staffed 11797 
short-term 11831 11850 
shortage 11794 11798 11832 
shorter 11840 
shortfall 11864 
show 11768 11776 11781 11834 
showed 11820 11830 11882 
showing 11810 
shr 11787 11850 11859 11877 11878 11879 11884 
shrinking 11823 
shrs 11877 11878 
shun 11813 
siaf 11854 
siam 11781 
sides 11761 
sight 11801 
sign 11768 11808 
signal 11777 11849 11869 
signed 11801 
significant 11781 
significantly 11763 11773 11820 11839 11852 11882 
signs 11820 
silver 11839 11852 
similar 11770 11782 11784 11822 11831 
simplest 11768 
sims 11865 
singapore 11808 11816 11830 11835 
single 11797 
situation 11766 11768 11866 
six-day 11838 
six-member 11801 
sizeable 11810 
sklk 11787 
sklk.t 11787 
skylark 11787 
sliding 11824 
slightly 11768 11773 
slipped 11813 
slow 11781 11811 11861 
slump 11843 
small 11766 11770 11781 11788 
smaller 11768 11781 
smart 11861 
smbs.st 11854 
smith 11786 
smooth 11797 
snap 11785 
soared 11773 11820 
social 11768 
socialist 11881 
sociedade 11854 
society 11819 11855 
sold 11801 11809 11815 11834 
sole 11800 11845 
solution 11768 11823 
solving 11827 
sonae 11854 
sosnoff 11871 
sought 11815 11824 11834 11863 
source 11823 11843 
sources 11797 11804 11813 11868 11885 
south 11813 11886 
south-korea 11813 
southeast 11801 11813 
southern 11766 11868 
southmark 11871 
sovereign 11797 
soviet 11780 11865 11885 
soybeans 11766 
spain 11862 11885 
spark 11831 
spate 11782 
special 11849 11869 11882 
specialised 11837 
speculation 11759 11782 11784 
speculative 11781 11783 11844 
speech 11770 
spelled 11770 
spending 11858 11874 11880 
spirit 11797 11882 
split 11827 
spokesman 11788 11793 11808 11813 11833 11840 11842 11863 11865 11866 
spokesmen 11822 
spot 11830 
spotlight 11768 
spread 11827 11830 11863 
spur 11781 
spy 11865 
spy-sex 11865 
spying 11865 
srd 11872 
sri 11836 11886 
sri-lanka 11836 11886 
st 11793 11829 
stabilise 11781 11843 
stability 11768 11783 11844 
stable 11813 
staff 11770 11824 11865 
stage 11766 11840 
staged 11766 
stake 11773 11777 11782 11797 11810 11816 11822 11884 
stakes 11773 11797 11822 11876 
stamp 11846 
stand 11782 11811 
standard 11816 11817 11848 11872 
standardise 11823 
standards 11781 
stanley 11781 11865 
start 11776 11820 11882 
started 11774 11815 11823 11872 
starting 11827 11862 
starts 11872 
state 11766 11768 11769 11776 11781 11795 11812 11823 11843 11865 11868 11881 
state-owned 11781 
state-run 11882 
statement 11761 11784 11824 11827 11847 11854 11857 11861 11880 
statements 11865 
states 11801 11827 
stating 11827 
stationary 11827 
statistics 11771 11781 11795 
status 11849 11869 
stave 11783 11844 
stay 11863 
steady 11765 
steel 11813 11831 11837 
stem 11768 
stemmed 11823 
stemming 11795 
step 11763 11777 11823 
steps 11776 
sterling 11819 
stevedoring 11840 
stg 11786 11794 11798 11810 11819 11832 11834 11850 11855 11856 11859 11864 11866 
stimulate 11882 
stock 11763 11773 11777 11782 11784 11797 11816 11817 11819 11823 11827 11831 11839 11843 11846 11848 11852 11887 
stockbroker 11831 
stockholm 11793 11829 11841 11854 11860 11880 
stockpile 11801 11843 
stockpiled 11801 
stocks 11781 11782 11797 11843 11880 
stood 11765 11778 
stop 11882 
stopped 11840 
storage 11769 
stores 11815 
strategic 11801 
street 11782 
strength 11882 
strengthen 11837 
strengthened 11773 11777 11781 11813 
stressed 11881 
strikes 11840 
strong 11773 11781 11785 11823 
strongly 11773 
structure 11831 
study 11830 
stufflebeam 11865 
subject 11763 11770 11829 11841 11867 
subordinated 11763 
subordinates 11770 
subscriptions 11799 
subsequent 11763 
subsidiaries 11788 11808 11854 
subsidiary 11777 11797 11854 11863 11870 
subsidise 11768 
subsidised 11768 
substitute 11776 
success 11881 11887 
sudan 11885 
suffering 11829 11841 
sugar 11826 
suggested 11836 
suggestion 11810 
suicide 11766 
suisse 11786 11830 
suit 11817 11823 11848 
sul 11766 
sull.l 11855 
sulman 11838 
sum 11819 
sumita 11783 11844 
sumitomo 11788 
sums 11768 
sun 11855 11856 11859 
sunday 11838 
sunl.l 11859 
supervise 11865 
supervisory 11814 
supplier 11837 
supplies 11815 
supply 11776 11777 11823 
supply/demand 11839 11852 
support 11776 11797 11881 
supported 11830 
supreme 11863 
surge 11766 11795 
surged 11827 
surplus 11771 11773 11839 11846 11852 11882 
surpluses 11843 
surprised 11861 11863 
suspected 11865 
suspend 11784 
suspension 11761 11782 
suspicion 11865 
sustain 11781 
sven 11814 
swapped 11773 
swaps 11773 
sweden 11790 11793 11821 11825 11829 11841 11854 11860 11880 
swedish 11829 11841 11854 11860 
swiss 11805 11830 11853 
switched 11813 
switching 11782 11839 11852 
switzerland 11805 11830 11853 
sydney 11765 11767 11779 11785 11797 
synergy 11829 11841 
system 11759 11797 11798 11820 11823 11830 11861 11874 11887 
systems 11797 11810 
taipei 11771 11813 
taiwan 11771 11808 11813 
taiwanese 11813 
take-up 11794 
takeover 11790 11791 11793 11829 11833 11837 11841 11860 11863 
takeovers 11827 
takes 11814 11821 11825 11829 11841 
taking 11793 11797 11832 11864 
talent 11797 
talks 11761 11840 11866 
tanzania 11881 11885 
target 11769 11794 11795 11836 
tata 11831 
tax 11773 11776 11796 11820 11830 11846 11850 11855 11859 11877 11880 11884 
taxes 11830 11880 
tea 11882 
teamsters 11863 
technical 11812 
technological 11822 
technology 11777 11873 
teck 11816 
tel 11780 
telecommunications 11806 11810 
telecoms 11810 
telephone 11810 11863 
television 11847 
tempo 11879 
temporarily 11868 
temptation 11785 
tendency 11769 
tender 11763 11776 11815 11820 11826 11834 
tenders 11815 
tensions 11782 
teodoro 11842 
term 11768 11779 11817 11839 11848 11852 11859 
terminal 11782 
terms 11786 11789 11795 11839 11852 11853 11867 
test 11810 
thai 11781 
thailand 11781 11801 11808 11865 
thought 11781 
thousands 11766 
threat 11779 
three-judge 11863 
threshold 11775 
thursday 11838 
tian 11769 
tied 11797 11824 
ties 11780 
tight 11773 
tighten 11820 
tightening 11861 
tighter 11861 
tightness 11820 
time 11768 11770 11773 11776 11781 11782 11797 11823 11865 11868 11882 
times 11769 11781 11785 11797 11824 
timing 11782 11810 
tin 11801 
tipped 11776 
today 11778 11782 11784 11790 11793 11794 11797 11798 11813 11814 11817 11819 11826 11831 11832 11840 11848 11857 11861 11863 11864 11866 
tokyo 11774 11777 11783 11787 11788 11808 11822 11828 11830 11842 11844 11853 
told 11776 11777 11780 11781 11783 11784 11785 11793 11797 11813 11817 11823 11827 11829 11830 11841 11842 11843 11844 11846 11848 11849 11851 11860 11863 11865 11869 11881 11882 
tomorrow 11763 
tonight 11863 
tonnage 11815 11826 
tonne 11767 11778 11834 11843 
tonnes 11769 11801 11811 11813 11815 11826 11830 11834 11843 11857 11885 11886 
tons 11813 
top 11776 
topped 11773 
toronto 11849 11869 
toshiba 11810 
total 11760 11769 11771 11781 11802 11803 11805 11807 11808 11809 11823 11824 11834 11843 11850 11851 11870 
totaling 11818 
totalling 11813 
tower 11770 
town 11881 
towns 11766 
tpo 11879 
track 11781 
tractor 11822 
trade 11771 11782 11797 11812 11823 11826 11843 11882 
tradeable 11781 
traded 11781 11797 11874 
traders 11815 11826 11834 11843 11866 
trades 11830 
trading 11771 11773 11777 11781 11782 11784 11797 11810 11816 11820 11823 11830 
traditional 11797 11823 11836 11838 
transactions 11794 11823 11830 
transport 11791 11840 11863 
transported 11857 
treasury 11794 11819 11823 
treated 11810 
trelleborg 11829 11841 
trend 11823 11831 
tribute 11882 
trifles 11769 
triggered 11865 
triguna 11822 
troubled 11816 
trucks 11822 
trust 11763 11781 11812 11869 
trusts 11781 
tsba.t 11810 
tsia 11813 
tulsa 11879 
turgut 11823 
turkey 11795 11823 11885 
turkish 11823 
turkiye 11823 
turnaround 11763 
turned 11768 11840 
turning 11773 
turnover 11781 11793 11797 11810 11827 11830 11833 11837 11854 11870 
twenty-one 11838 
two-and-a-half 11797 
two-figure 11773 
two-thirds 11763 
type= 11762 11764 11772 11790 11821 11825 11856 11871 11876 
typical 11823 
u.k 11794 11798 11810 11812 11815 11832 11834 11864 
u.k. 11810 11885 
u.s 11801 11808 11813 11833 11835 11860 11861 11863 11865 
u.s. 11770 11771 11782 11783 11791 11793 11801 11813 11817 11821 11829 11835 11841 11844 11848 11860 11865 11874 11882 
u.s.-credit-market-o 11861 
u.s.. 11777 
u.s./asean 11801 
uic 11816 
uk 11786 11794 11798 11806 11809 11810 11812 11815 11819 11826 11828 11832 11834 11835 11839 11845 11850 11852 11855 11859 11862 11864 11866 11872 11874 11885 11887 
unable 11830 
unacceptable 11810 
unaware 11770 
unchanged 11765 11773 11775 11778 11862 
uncollectible 11877 
understanding 11801 
underwriters 11792 11874 11875 
underwriting 11792 11800 11806 11807 11828 11845 11850 
underwritng 11859 
underwritten 11792 
undisclosed 11842 11854 
unforseen 11773 
unfounded 11797 
unification 11797 
uniforms 11863 
unilateral 11761 
union 11780 11791 11840 11863 11885 
unionized 11863 
unions 11840 11863 
unit 11763 11781 11783 11797 11800 11810 11813 11829 11837 11841 11844 11845 11854 11873 
united 11816 11827 11886 
units 11808 11825 11826 11838 11876 
university 11823 
unlawfully 11768 
unlisted 11847 
unload 11782 
unloading 11782 
unrepresentative 11776 
unsatisfactory 11827 
unsolicited 11763 
unsuccessfully 11763 
upgrade 11836 
upside 11817 11848 
uptrend 11776 
urgency 11823 11866 
ussr 11780 11865 11885 
utama 11822 
utilisation 11792 
utilised 11773 
v.a.g 11870 
v.a.g. 11870 
value-added 11836 
van 11840 
vancouver 11849 11869 11883 
vanuatu 11886 
variously 11823 
ve 11823 
veg-oil 11778 11840 11886 
vegetable 11886 
vehicles 11781 
venture 11808 11822 11871 11873 
vertical 11770 
vessels 11813 
viability 11843 
vice 11830 
vice-governor 11769 
vice-premier 11769 
vice-president 11868 
vickers 11781 
victims 11886 
viewpoint 11773 
views 11826 11866 
village 11768 
violating 11801 
visits 11780 
visual 11873 
vithoon 11781 
voice 11797 
volkswagen 11870 
volume 11773 11818 11823 11830 11857 
voluntarily 11759 11813 
vorm 11840 
voting 11782 11784 11867 
vowg.f 11870 
vsalc 11873 
vw 11870 
wage 11877 
wait 11866 
waiting 11781 
wakaoji 11842 
wal 11863 
wall 11782 
walter 11773 11776 11777 11820 
wanted 11869 
war 11780 
wardley 11781 11797 
warioba 11881 
warrant 11818 
warrants 11759 
wash 11883 
washington 11770 11771 11780 11857 11863 11865 
wasting 11768 
watchdog 11823 
watching 11784 
wax 11837 
weak 11839 11852 
weaker 11789 
weakness 11824 11866 
wealth 11768 
weather 11882 
wednesday 11820 
week 11765 11781 11782 11811 11823 11826 11834 11838 11843 11861 11862 11866 11868 11885 
weekend 11817 11820 11848 
weekly 11857 
weeks 11766 11773 11816 
welcomed 11858 
west 11773 11814 11820 11862 11870 11885 
west-germany 11773 11776 11777 11789 11796 11807 11814 11818 11820 11849 11857 11862 11869 11870 
westdeutsche 11789 
western 11791 11863 11867 
westlb 11789 
westpac 11792 11797 
westward 11857 
whampoa 11782 11784 
wheat 11769 11815 11834 11885 11886 
wholly 11763 
wholly-owned 11788 
widened 11777 
widening 11777 
wider 11827 
william 11761 11865 11873 
wilton 11763 
win 11785 
window 11823 
wireless 11810 
withdraw 11759 
withdrawal 11872 
withdrawn 11779 
withhold 11843 
withholding 11843 
wollo 11886 
women 11865 
won 11813 
wonderful 11797 
word 11863 
work 11788 11833 11840 11863 
working 11838 11840 11882 
world 11768 11781 11782 11801 11829 11830 11831 11836 11841 11843 11849 11860 11869 
worry 11768 11823 
worst 11823 
worth 11769 11843 11863 11886 
write 11773 
write-downs 11773 
writethrough 11863 
wrong 11782 
wstp.s 11797 
xu 11768 
yan 11769 
yang 11769 
yao 11813 
yapi 11823 
yates 11782 
year-end 11781 
yearly 11796 11830 11882 
years 11763 11768 11769 11770 11773 11776 11796 11797 11816 11823 11824 11827 11831 11837 11867 11880 
yen 11764 11772 11774 11787 11806 11808 11809 11822 11830 
yesterday 11766 11782 11784 11786 11804 11810 11815 11817 11820 11831 11842 11848 11865 11881 
yield 11786 11819 11829 11841 
yields 11776 
york 11761 11777 11861 11866 11872 11874 11875 11884 
yothin 11781 
young 11812 
yuan 11769 11813 
yugoslav 11804 
yugoslavia 11804 
zealand 11809 
zhang 11769 
zhejiang 11768 
zimmer 11873 
zurich 11805 11853 
zuyuan 11768 
