'due 15255 
're 15264 
've 15314 
*** 15231 
**** 15248 
****** 15185 15199 15201 15222 15229 15242 15243 15252 15256 15262 15285 15302 15319 15339 
****washington 15284 
-1986-a 15345 
-1986-e 15296 
-2n 15189 
-2nd 15211 
-4 15221 
-4th 15188 
-4th-q 15307 
-and-steelw 15343 
-buys-we 15311 
-datron- 15210 
-e 15291 
-gets-pr 15181 
-has-no-comm 15294 
-holder 15196 
-in-pa 15318 
-marc 15257 
-may-respond 15239 
-na 15232 
-names-new-p 15214 
-not 15269 
-offers-to-r 15249 
-oil 15238 
-poultry-in 15254 
-r 15279 
-rea 15274 
-reg 15300 
-renault 15248 15255 
-s 15218 15258 15283 15331 
-sango-st 15182 
-says 15212 
-says-2 15202 
-see 15314 
-sees 15213 
-sees-f 15325 
-sees-fir 15292 
-sees-m 15209 
-sees-mor 15241 
-set 15267 
-si 15216 
-six-mths-f 15336 
-target 15240 
-to-file 15334 
-to-p 15312 
-to-repor 15270 
-to-se 15281 
-to-tak 15226 
-unit-sets 15330 
-united-ai 15192 
-urges-shar 15335 
-vot 15197 
-wi 15225 
-y 15295 
/author 15194 
0.41 15264 
0007 15185 
0010 15201 15242 15243 
0011 15252 15256 15285 15319 
0012 15222 15229 15262 
0013 15199 15248 15339 
0014 15231 
0015 15302 
0019 15265 
0023 15258 15300 
0024 15283 
0025 15336 
0026 15197 15208 15299 
0029 15207 15295 
0034 15202 
0037 15247 
0039 15278 
0040 15261 15321 
0044 15180 
0045 15214 
0048 15282 
0049 15193 15251 15259 15311 
0050 15188 15211 
0051 15327 
0052 15334 
0053 15221 
0055 15315 
0056 15209 15337 
0057 15257 15320 
0059 15182 15183 15326 
0061 15273 
0062 15204 
0063 15196 
0064 15233 
0066 15280 
0067 15189 15225 
0070 15195 
0071 15307 
0072 15305 
0073 15190 15309 15328 
0074 15346 
0075 15316 15344 
0076 15223 15330 
0077 15250 
0078 15267 15294 
0079 15184 15205 15268 
0080 15228 15277 15343 
0082 15232 15284 15296 
0083 15234 
0085 15239 
0086 15338 
0087 15235 15253 
0088 15227 15298 15308 
0089 15216 15288 15332 
0090 15210 15345 
0092 15246 15263 
0093 15244 15329 
0094 15230 
0095 15317 15340 
0099 15304 15306 15322 
0100 15191 15192 15245 
0101 15260 15270 15271 15292 15335 
0102 15181 15255 15281 15286 15312 15314 15333 
0103 15342 
0104 15194 15238 15249 15323 
0105 15291 
0106 15217 15264 15269 15272 15325 
0107 15213 15240 15279 
0108 15187 15236 
0110 15198 15200 15203 15241 15276 15318 
0111 15215 15347 
0112 15226 15274 15293 
0114 15297 15341 
0115 15218 15237 15310 15324 
0116 15219 
0117 15212 
0118 15289 
0120 15275 15313 15331 
0121 15266 
0124 15220 15254 
0128 15186 
0129 15206 
0130 15224 
0132 15290 
0134 15303 
0136 15301 
0138 15287 
04-08 15180 15181 15182 15183 15184 15185 15186 15187 15188 15189 15190 15191 15192 15193 15194 15195 15196 15197 15198 15199 15200 15201 15202 15203 15204 15205 15206 15207 15208 15209 15210 15211 15212 15213 15214 15215 15216 15217 15218 15219 15220 15221 15222 15223 15224 15225 15226 15227 15228 15229 15230 15231 15232 15233 15234 15235 15236 15237 15238 15239 15240 15241 15242 15243 15244 15245 15246 15247 15248 15249 15250 15251 15252 15253 15254 15255 15256 15257 15258 15259 15260 15261 15262 15263 15264 15265 15266 15267 15268 15269 15270 15271 15272 15273 15274 15275 15276 15277 15278 15279 15280 15281 15282 15283 15284 15285 15286 15287 15288 15289 15290 15291 15292 15293 15294 15295 15296 15297 15298 15299 15300 15301 15302 15303 15304 15305 15306 15307 15308 15309 15310 15311 15312 15313 15314 15315 15316 15317 15318 15319 15320 15321 15322 15323 15324 15325 15326 15327 15328 15329 15330 15331 15332 15333 15334 15335 15336 15337 15338 15339 15340 15341 15342 15343 15344 15345 15346 15347 
0930 15219 
1,000 15291 15315 
1,075,000 15305 
1,080,000 15324 
1,165,047 15221 
1,168,638 15233 
1,170,000 15188 
1,187,828 15221 
1,200 15264 
1,223,511 15221 
1,224,982 15221 
1,275,000 15205 
1,358,000 15180 
1,400 15218 
1,561.1 15344 
1,571,000 15321 
1,712,896 15307 
1,750,000 15333 
1,751,884 15259 
1,753,000 15226 
1.00 15265 
1.02 15321 15327 
1.04 15321 
1.05 15180 
1.07 15189 
1.08 15265 
1.09 15345 
1.1 15290 15344 
1.11 15227 15295 
1.15 15279 15321 
1.16 15279 
1.18 15211 15243 15247 15263 
1.2 15181 15183 
1.20 15240 15326 
1.23 15326 
1.24 15289 
1.25 15181 
1.26 15238 
1.3 15287 
1.37 15243 15247 15263 
1.38 15215 15327 
1.4 15215 15296 
1.5 15198 15255 15267 
1.52 15215 
1.53 15295 
1.6 15289 15320 
1.64 15221 
1.8 15298 
1.82 15211 
1.85 15325 
1.9 15270 
1.97 15326 
10,010 15325 
10-mile 15245 
10.7 15225 
10.9 15296 
100,000 15344 
101.54 15304 
104.4 15192 
106.9 15344 
107.90 15329 
108.8 15304 
11,334 15325 
11.2 15209 
11.73 15192 
11.9 15189 
110-year-old 15240 
110.6 15304 
113.0 15271 
114.9 15327 
117,000 15189 
119,000 15182 
12,500 15271 
12-1/2 15197 15208 
12-month 15345 
12-story 15298 
126,000 15341 
13-1/2 15197 15211 
13.0 15221 15233 
13.1 15233 
13.35 15238 
13.8 15307 
1330 15219 
139,000 15205 
13:25:58.36 15180 
13:26:09.63 15181 
13:26:59.07 15182 
13:27:18.65 15183 
13:27:25.11 15184 
13:28:07.39 15185 
13:29:02.10 15186 
13:29:21.73 15187 
13:29:35.04 15188 
13:30:20.12 15189 
13:30:43.55 15190 
13:31:24.55 15191 
13:32:19.90 15192 
13:33:04.03 15193 
13:34:14.92 15194 
13:34:36.33 15195 
13:36:45.09 15196 
13:37:05.66 15197 
13:39:33.92 15198 
13:44:25.27 15199 
13:45:08.83 15200 
13:45:44.92 15201 
13:46:41.30 15202 
13:47:22.39 15203 
13:48:28.73 15204 
13:48:35.94 15205 
13:48:57.15 15206 
13:55:24.73 15207 
13:55:51.81 15208 
13:56:01.41 15209 
13:56:41.23 15210 
13:57:29.01 15211 
13:59:30.35 15212 
14.5 15307 
1420 15298 
14:01:31.06 15213 
14:01:47.52 15214 
14:02:45.57 15215 
14:04:30.57 15216 
14:04:59.85 15217 
14:06:43.83 15218 
14:07:50.81 15219 
14:08:02.04 15220 
14:08:24.22 15221 
14:11:21.13 15222 
14:12:07.22 15223 
14:18:00.17 15224 
14:19:20.28 15225 
14:19:32.05 15226 
14:23:05.12 15227 
14:24:25.21 15228 
14:24:30.87 15229 
14:25:27.74 15230 
14:28:44.57 15231 
14:31:00.20 15232 
14:32:40.34 15233 
14:33:37.00 15234 
14:35:55.54 15235 
14:49:21.58 15236 
14:53:17.91 15237 
14:55:03.37 15238 
14:56:04.60 15239 
15,000 15244 
15-june 15271 
15.2 15182 15221 
15.4 15192 
15.57 15192 
1500 15219 
151,884 15259 
15180 15180 
15181 15181 
15182 15182 
15183 15183 
15184 15184 
15185 15185 
15186 15186 
15187 15187 
15188 15188 
15189 15189 
15190 15190 
15191 15191 
15192 15192 
15193 15193 
15194 15194 
15195 15195 
15196 15196 
15197 15197 
15198 15198 
15199 15199 
15200 15200 
15201 15201 
15202 15202 
15203 15203 
15204 15204 
15205 15205 
15206 15206 
15207 15207 
15208 15208 
15209 15209 
15210 15210 
15211 15211 
15212 15212 
15213 15213 
15214 15214 
15215 15215 
15216 15216 
15217 15217 
15218 15218 
15219 15219 
15220 15220 
15221 15221 
15222 15222 
15223 15223 
15224 15224 
15225 15225 
15226 15226 
15227 15227 
15228 15228 
15229 15229 
15230 15230 
15231 15231 
15232 15232 
15233 15233 
15234 15234 
15235 15235 
15236 15236 
15237 15237 
15238 15238 
15239 15239 
15240 15240 
15241 15241 
15242 15242 
15243 15243 
15244 15244 
15245 15245 
15246 15246 
15247 15247 
15248 15248 
15249 15249 
15250 15250 
15251 15251 
15252 15252 
15253 15253 
15254 15254 
15255 15255 
15256 15256 
15257 15257 
15258 15258 
15259 15259 
15260 15260 
15261 15261 
15262 15262 
15263 15263 
15264 15264 
15265 15265 
15266 15266 
15267 15267 
15268 15268 
15269 15269 
15270 15270 
15271 15271 
15272 15272 
15273 15273 
15274 15274 
15275 15275 
15276 15276 
15277 15277 
15278 15278 
15279 15279 
15280 15280 
15281 15281 
15282 15282 
15283 15283 
15284 15284 
15285 15285 
15286 15286 
15287 15287 
15288 15288 
15289 15289 
15290 15290 
15291 15291 
15292 15292 
15293 15293 
15294 15294 
15295 15295 
15296 15296 
15297 15297 
15298 15298 
15299 15299 
15300 15300 
15301 15301 
15302 15302 
15303 15303 
15304 15304 
15305 15305 
15306 15306 
15307 15307 
15308 15308 
15309 15309 
15310 15310 
15311 15311 
15312 15312 
15313 15313 
15314 15314 
15315 15315 
15316 15316 
15317 15317 
15318 15318 
15319 15319 
15320 15320 
15321 15321 
15322 15322 
15323 15323 
15324 15324 
15325 15325 
15326 15326 
15327 15327 
15328 15328 
15329 15329 
15330 15330 
15331 15331 
15332 15332 
15333 15333 
15334 15334 
15335 15335 
15336 15336 
15337 15337 
15338 15338 
15339 15339 
15340 15340 
15341 15341 
15342 15342 
15343 15343 
15344 15344 
15345 15345 
15346 15346 
15347 15347 
15:02:11.19 15240 
15:02:27.02 15241 
15:03:03.51 15242 
15:03:07.55 15243 
15:04:59.32 15244 
15:05:31.68 15245 
15:06:29.65 15246 
15:08:22.36 15247 
15:09:02.01 15248 
15:13:12.58 15249 
15:13:26.70 15250 
15:16:17.11 15251 
15:16:21.94 15252 
15:21:56.07 15253 
15:22:24.60 15254 
15:24:13.33 15255 
15:24:21.03 15256 
15:27:58.95 15257 
15:28:24.71 15258 
15:28:49.15 15259 
15:30:15.84 15260 
15:31:09.26 15261 
15:32:46.05 15262 
15:34:05.19 15263 
15:34:13.45 15264 
15:34:16.03 15265 
15:37:00.50 15266 
15:37:06.82 15267 
15:38:12.21 15268 
15:39:01.93 15269 
15:39:33.72 15270 
15:39:56.00 15271 
15:41:03.97 15272 
15:42:21.53 15273 
15:43:02.47 15274 
15:44:07.75 15275 
15:47:37.30 15276 
15:50:29.61 15277 
15:50:48.18 15278 
15:51:36.10 15279 
15:52:35.12 15280 
15:53:17.19 15281 
15:54:04.41 15282 
15:54:31.92 15283 
15:54:55.54 15284 
15:55:21.06 15285 
15:57:01.32 15286 
15:59:39.88 15287 
16,854,000 15327 
16-1/2 15258 
16.5 15283 
160,000 15216 
162,000 15326 
162,500 15271 
16:01:10.82 15288 
16:01:39.34 15289 
16:05:10.65 15290 
16:07:04.60 15291 
16:07:33.05 15292 
16:08:27.40 15293 
16:08:52.19 15294 
16:11:08.06 15295 
16:12:58.92 15296 
16:13:30.34 15297 
16:14:08.42 15298 
16:14:18.82 15299 
16:14:23.24 15300 
16:19:26.34 15301 
16:20:49.88 15302 
16:22:03.81 15303 
16:24:57.40 15304 
16:25:09.67 15305 
16:25:37.84 15306 
16:26:35.71 15307 
16:27:15.48 15308 
16:28:05.17 15309 
16:28:42.20 15310 
16:28:47.36 15311 
16:30:37.77 15312 
16:32:59.87 15313 
16:34:25.90 15314 
16:34:55.69 15315 
16:35:12.79 15316 
16:38:47.75 15317 
16:40:07.16 15318 
16:40:43.76 15319 
16:41:00.00 15320 
16:41:59.49 15321 
16:42:35.70 15322 
16:44:01.59 15323 
16:45:07.89 15324 
16:46:06.48 15325 
16:47:06.57 15326 
16:47:37.85 15327 
16:52:28.85 15328 
16:56:39.84 15329 
16:57:17.55 15330 
16:58:03.88 15331 
17-member 15224 
17.5 15188 
171.25 15261 
17:00:58.57 15332 
17:02:59.66 15333 
17:03:59.70 15334 
17:05:08.40 15335 
17:07:09.32 15336 
17:08:22.58 15337 
17:08:31.61 15338 
17:09:52.64 15339 
17:11:44.62 15340 
17:13:41.05 15341 
17:14:17.02 15342 
17:17:35.15 15343 
17:18:29.56 15344 
17:20:02.95 15345 
17:21:19.43 15346 
17:23:54.12 15347 
18,650,000 15326 
18.2 15188 
18.5 15205 
18.9 15189 
1800 15253 
19.60 15192 
1900 15234 
1932 15194 
1970s 15246 
1972 15225 
1978 15322 
1981 15186 
1982 15318 
1984 15214 15286 15301 
1985 15194 15206 15238 15250 15254 15297 15323 15325 
1985/86 15220 15287 
1986 15181 15190 15192 15194 15196 15207 15209 15214 15215 15217 15223 15226 15227 15238 15240 15257 15263 15264 15274 15279 15281 15289 15296 15297 15301 15304 15307 15314 15323 15325 15326 15333 15335 15345 
1986/87 15220 15287 15290 
1987 15192 15198 15203 15212 15213 15226 15227 15238 15240 15241 15246 15255 15263 15271 15273 15274 15281 15289 15292 15314 15316 15323 15324 15325 15329 15335 
1987-89 15215 
1988 15182 15213 15215 15218 15226 15241 15314 15325 15335 
1989 15215 
1990 15213 
1991 15314 
1992 15286 
1993 15286 
1995 15213 
1997 15293 
1st 15189 15190 15207 15243 15247 15263 15265 15321 
1stld 15200 15223 
2,000 15199 15218 
2,000-mile 15325 
2,002,261 15233 
2,011,924 15221 
2,051,000 15189 
2,132,000 15189 
2,194,482 15259 
2,200 15218 
2,379,400 15221 
2,400,000 15205 
2,476,000 15180 
2,536,896 15307 
2,546,000 15205 
2,602,000 15321 
2,635,665 15205 
2,800 15224 
2-1/2 15181 15310 
2-3/8 15181 
2.04 15238 15279 15325 
2.07 15325 
2.14 15211 
2.2 15239 
2.25 15240 
2.26 15189 
2.27 15326 
2.3 15239 
2.32 15307 
2.35 15307 
2.4 15250 15287 15313 
2.46 15325 
2.5 15212 15213 
2.75 15189 
2.9 15193 15298 
2.99 15238 
20,616,000 15327 
200,000 15273 15339 15344 
211.1 15192 
22.0 15273 
22.6 15264 
222.5 15331 
23.1 15327 
23.2 15192 
23.5 15181 
23.7 15250 
23.9 15270 
238,900 15276 
24.42 15192 
24.6 15192 
24.8 15240 
248.1 15344 
25.5 15194 
259.7 15190 
26-volume 15245 
26.0 15189 15325 
26.2 15180 
27-year 15293 
27.1 15180 
27.87 15276 
275.7 15192 
277.5 15216 
28,339,000 15326 
28.8 15205 
285.6 15190 15325 
29,996,000 15327 
29.2 15233 
29.3 15233 
29.4 15190 
29.5 15264 
29.96 15276 
292,900 15276 
2nd 15185 15189 15202 15211 15270 15327 
3,039,000 15189 
3,065,000 15202 
3,309,000 15315 
3,335,029 15205 
3,422,000 15189 
3.1 15281 15295 
3.2 15239 15324 
3.4 15287 
3.5 15212 
3.6 15287 15335 
3.65 15213 
3.75 15314 
3.9 15294 
30,600 15286 
30-year 15181 15216 
30.6 15192 
300,859 15221 
31.4 15190 
313.4 15209 
32.7 15192 
335.8 15344 
34.25 15261 
34.7 15345 
340,000 15264 
35.7 15211 
365,883 15292 
37.2 15189 
38.1 15344 
38.8 15211 
39.0 15189 
3rd 15180 15226 15233 15259 
4,000 15230 
4,181,000 15189 
4,207,000 15189 
4,300,000 15202 
4,316,000 15189 
4,318,000 15189 
4,486,000 15189 
4,623,295 15233 
4,743,000 15205 
4,957,000 15180 
4.13 15315 
4.3 15215 15287 
4.4 15194 
4.5 15254 15337 
4.50 15314 
4.6 15294 
4.7 15298 
4.8 15250 
4.91 15192 
40,000 15254 
40,780,000 15327 
402.8 15213 
41,454 15259 
41.5 15250 
4163 15180 
4165 15182 
4166 15183 
4167 15184 
4168 15185 
4169 15186 
4170 15187 
4171 15188 
4172 15189 
4173 15190 
4174 15191 
4176 15193 
4177 15194 
4178 15195 
4179 15196 
418,000 15188 
4180 15197 
4181 15198 
4182 15199 
4183 15200 
4184 15201 
4185 15202 
4187 15204 
4188 15205 
4189 15206 
4190 15207 
4191 15208 
4192 15209 
4193 15210 
4194 15211 
4195 15212 
4197 15214 
4198 15215 
4199 15216 
42.1 15194 
42.7 15240 
4200 15217 
4201 15218 
4202 15219 
4203 15220 
4204 15221 
4205 15222 
4206 15223 
4208 15225 
4211 15228 
4212 15229 
4214 15231 
4215 15232 
4216 15233 
4217 15234 
4218 15235 
4219 15236 
422.1 15279 
4220 15237 
4221 15238 
4223 15240 
4224 15241 
4225 15242 
4226 15243 
4227 15244 
4229 15246 
4230 15247 
4231 15248 
4233 15250 
4234 15251 
4235 15252 
4236 15253 
4239 15256 
4240 15257 
4241 15258 
4242 15259 
4243 15260 
4244 15261 
4245 15262 
4247 15264 
4248 15265 
4249 15266 
4250 15267 
4251 15268 
4252 15269 
4254 15271 
4255 15272 
4256 15273 
4257 15274 
4258 15275 
4259 15276 
426,000 15188 
4260 15277 
4261 15278 
4262 15279 
4263 15280 
4264 15281 
4265 15282 
4266 15283 
4267 15284 
4268 15285 
4274 15291 
4275 15292 
4276 15293 
4277 15294 
4278 15295 
4279 15296 
4281 15298 
4282 15299 
4283 15300 
4285 15302 
4287 15304 
4288 15305 
4289 15306 
4290 15307 
4291 15308 
4292 15309 
4294 15311 
4295 15312 
4296 15313 
4298 15315 
4299 15316 
43,000 15264 
43.6 15307 
43.9 15250 
4300 15317 
4301 15318 
4302 15319 
4303 15320 
4304 15321 
4305 15322 
4306 15323 
4307 15324 
4308 15325 
4309 15326 
4310 15327 
4311 15328 
4312 15329 
4313 15330 
4315 15332 
4316 15333 
4317 15334 
4318 15335 
4319 15336 
4320 15337 
4321 15338 
4322 15339 
4323 15340 
4324 15341 
4326 15343 
4327 15344 
4328 15345 
4329 15346 
4330 15347 
44.2 15307 
4476 15181 
4478 15192 
4481 15203 
4484 15213 
4489 15224 
4490 15226 
4491 15227 
4492 15230 
4494 15239 
4497 15245 
4499 15249 
45.3 15336 
45.9 15336 
4501 15254 
4502 15255 
4504 15263 
4506 15270 
4509 15286 
4510 15287 
4511 15288 
4512 15289 
4513 15290 
4514 15297 
4515 15301 
4516 15303 
4519 15310 
4522 15314 
4526 15331 
4529 15342 
472,812 15259 
49.4 15325 
4th 15188 15205 15221 15307 15312 15315 15326 
5,645,000 15336 
5,747,472 15307 
5,757,013 15265 
5,769,000 15226 
5.15-5.35 15213 
5.3 15297 
5.7 15313 
5.8 15276 
5.88 15247 
5.9 15193 
50-50 15239 
50-pct 15274 
50-year 15216 
50.7 15297 
500,000 15181 15184 15317 
505,000 15207 
51.2 15194 
52,000 15189 
52.9 15211 
520.0 15344 
53.4 15213 
54,000 15276 
54.0 15221 
54.2 15324 
55,000 15341 
56.6 15279 
56.7 15188 
57.5 15238 
58.6 15221 
58.7 15188 15279 
58.8 15297 
59.9 15192 
598,095 15259 
6,153,000 15336 
6,215,538 15265 
6,404,536 15233 
6,562,472 15307 
6-1/4 15294 
6.05 15192 
6.2 15193 
6.3 15194 15339 15344 
6.5 15194 
6.7 15193 15194 
60,000 15298 
60-kg 15329 
60.1 15327 
60.4 15279 
609,000 15315 
61,773,000 15190 
61.0 15327 
63.8 15192 
633,300 15221 
64,000 15286 
66,719,000 15190 
66.2 15192 
69.8 15279 
696,777 15259 
7.1 15276 15295 15296 
7.2 15220 15222 15227 
7.21 15250 
7.42 15192 
7.5 15194 15311 
7.6 15220 
7.75 15184 
7.91 15326 
70-3/4 15239 
70.6 15192 
70/80 15329 
701.9 15279 
702,000 15326 
707,000 15207 
719.2 15279 
725.2 15331 
729.0 15321 
74,000 15188 
74,184,000 15326 
74,270,000 15326 
74,387,000 15326 
74,485,000 15326 
78.8 15180 
8,129,000 15180 
8,290,000 15205 
8-3/4 15293 
8-apr-1987 15180 15181 15182 15183 15184 15185 15186 15187 15188 15189 15190 15191 15192 15193 15194 15195 15196 15197 15198 15199 15200 15201 15202 15203 15204 15205 15206 15207 15208 15209 15210 15211 15212 15213 15214 15215 15216 15217 15218 15219 15220 15221 15222 15223 15224 15225 15226 15227 15228 15229 15230 15231 15232 15233 15234 15235 15236 15237 15238 15239 15240 15241 15242 15243 15244 15245 15246 15247 15248 15249 15250 15251 15252 15253 15254 15255 15256 15257 15258 15259 15260 15261 15262 15263 15264 15265 15266 15267 15268 15269 15270 15271 15272 15273 15274 15275 15276 15277 15278 15279 15280 15281 15282 15283 15284 15285 15286 15287 15288 15289 15290 15291 15292 15293 15294 15295 15296 15297 15298 15299 15300 15301 15302 15303 15304 15305 15306 15307 15308 15309 15310 15311 15312 15313 15314 15315 15316 15317 15318 15319 15320 15321 15322 15323 15324 15325 15326 15327 15328 15329 15330 15331 15332 15333 15334 15335 15336 15337 15338 15339 15340 15341 15342 15343 15344 15345 15346 15347 
8.32 15247 
8.56 15192 
8.8 15295 15296 
8.845 15293 
800,000 15324 
800,336 15259 
82.6 15180 
834.8 15321 
840,000 15205 
85.6 15192 
86.4 15331 
863,000 15189 
88.2 15233 
89,301,000 15326 
896,000 15210 
9,500,000 15189 
9,785,000 15189 
9-3/4 15293 
9.03 15304 
9.07 15326 
9.3 15257 
9.4 15344 
9.5 15227 
9.79 15293 
90-day 15227 
91,247,000 15326 
92.2 15233 
920,000 15189 
942.1 15321 
99.375 15293 
99.625 15293 
`` 15187 15191 15194 15198 15200 15206 15212 15213 15214 15218 15223 15230 15237 15238 15239 15240 15241 15246 15253 15254 15255 15264 15266 15269 15274 15281 15284 15285 15286 15288 15304 15310 15313 15314 15322 15324 15328 15343 15345 15346 
a320 15286 
a330 15286 
a340 15286 
a340-200 15286 
a340-300 15286 
aart 15206 
abbett 15193 
ability 15281 15288 15345 
above-average 15310 
abuzayyad 15214 
accelerate 15281 
accelerated 15220 
accept 15194 
acceptable 15224 
accepted 15271 
accepts 15271 15303 
access 15313 15332 
accessories 15306 
accomodate 15322 
accomplish 15187 
accord 15244 15248 15286 
account 15198 15238 
accountability 15254 
accounted 15194 15270 
accounting 15189 15263 
accounts 15227 15310 15312 
accurate 15313 
accused 15338 
accuses 15338 
achieve 15194 15274 
achieved 15194 
ackerman 15332 
acq 15204 15210 15217 15239 15255 15276 15281 15294 15302 15306 15308 15311 15335 15337 
acquire 15204 15335 
acquired 15196 15214 15263 15264 15297 15306 15311 15332 15337 
acquires 15306 
acquiring 15232 
acquisition 15191 15204 15213 15267 15309 15312 15324 
acquisitions 15213 15238 15240 15337 
acre 15323 
acreage 15323 
act 15308 15310 15313 
acted 15239 15276 
acting 15277 
action 15222 15227 15269 15275 15313 
actions 15284 15342 
active 15272 15343 
activities 15194 15198 15272 
activitrax 15213 
activity 15213 
acts 15324 
added 15223 15239 15240 15246 15249 15263 15264 15288 
adding 15194 15214 15239 15286 15292 
addition 15181 15263 15306 15332 15335 
additional 15255 15270 15271 15312 
additions 15195 
adjusted 15323 
adjusting 15303 
administration 15206 15264 15344 
administrator 15237 15254 
admitted 15230 
adopted 15289 
ads 15266 
adulterated 15254 
advance 15230 
advanced 15192 15232 
advantage 15240 
adverse 15324 
advertised 15266 
advertisements 15266 
aegean 15200 15338 
aero 15286 15314 
aerospace 15263 
affair 15301 
affairs 15206 
affect 15290 
affected 15218 
affects 15227 
affiliate 15274 
affiliates 15264 
africa 15194 15287 
african 15194 
after-tax 15190 
afternoon 15219 15239 15253 
ag 15213 15235 
agency 15204 15220 15225 15244 15245 15331 15344 
aggregates 15246 
aggressively 15198 
ago 15192 15213 15214 15240 15257 15263 15313 
agr 15189 15196 
agreed 15184 15210 15255 15264 15275 15298 15301 
agreement 15181 15200 15206 15219 15227 15235 15244 15246 15253 15255 15273 15281 15286 15296 15301 15306 15308 15318 15329 15341 15343 15345 
agreements 15345 
agrees 15210 15302 
agrico 15325 
agricultural 15206 15323 
agriculture 15206 15220 15237 15254 15271 15273 15287 15290 15303 15323 15341 
agrnomics 15189 
agronomics 15196 
aguila 15194 
ahead 15192 15228 15263 15286 
ahvaz 15230 
aid 15203 15258 15283 
aided 15246 
aim 15224 
aims 15206 15289 
air 15192 15266 15294 15338 
airbus 15286 
aircraft 15263 15286 15338 
airline 15192 15239 15266 
airlines 15192 15239 15266 15279 15294 
airsensors 15259 
airways 15330 
ajinomoto 15318 
akiman 15200 
al-qassem 15230 
ala. 15233 
alaska 15238 
albert 15310 
alberta 15261 
alberto 15198 
albuquerque 15334 
ald 15191 15238 
all-out 15223 
allegis 15239 
allen 15206 15281 
alliance 15228 
allied-signal 15191 15238 
allowed 15255 15301 
allowing 15235 15246 15254 
alternate 15322 
alternative 15335 
am-aegean-greece 15200 
am-airbus 15286 
am-airlines 15266 
am-community-farm 15224 
am-debt-brazil 15304 
am-greece-violations 15338 
am-gulf-iraq 15230 
am-iran-ghana 15244 
am-marines-***urgent 15186 
am-peru-bonds 15289 
am-reagan 15301 
am-trade-american 15223 
amb 15308 
ambassador 15200 
amendend 15255 
amendment 15313 15341 
amendola 15332 
america 15206 15235 15279 15309 15343 
american 15186 15189 15196 15246 15248 15254 15255 15272 15302 15308 15313 15330 
american-bound 15330 
aml 15307 
amo 15255 
amount 15238 15249 15316 15346 
ampex 15191 
amstel 15194 
amsterdam 15194 
anaheim 15268 
analyst 15239 15255 
analysts 15213 15214 15239 15241 15255 15281 15314 
andover 15335 
andreas 15200 
andriessen 15224 
angeles 15227 15250 15251 
anger 15313 
angered 15266 
animals 15290 
ankara 15200 
anne 15332 
announce 15313 
announced 15200 15261 15267 15271 15308 15316 15332 15341 
announcement 15218 15227 
annual 15187 15196 15212 15238 15240 15249 15274 15282 15292 15325 15335 15337 15345 
annually 15244 15254 
answer 15187 
antibody 15318 
anticipated 15227 15292 
anticipating 15310 
antitrust 15308 
app 15220 
apparel 15240 
appeared 15224 15228 
appears 15287 15292 
appease 15313 
apple 15342 
appliances 15263 
application 15236 
applications 15236 15311 
applied 15290 
apply 15236 
applying 15223 
appointed 15232 
appreciation 15298 
approach 15328 
approached 15200 
approval 15318 
approvals 15308 
approve 15196 
approved 15196 15278 15280 15298 15322 
approximately 15254 15317 
april 15180 15181 15182 15183 15184 15186 15187 15188 15189 15190 15191 15192 15193 15194 15195 15196 15197 15198 15200 15202 15203 15204 15205 15206 15207 15208 15209 15210 15211 15212 15213 15214 15215 15216 15217 15218 15219 15220 15221 15223 15224 15225 15226 15227 15228 15230 15232 15233 15234 15235 15236 15237 15238 15239 15240 15241 15244 15245 15246 15247 15249 15250 15251 15253 15254 15255 15256 15257 15258 15259 15260 15261 15263 15264 15265 15266 15267 15268 15269 15270 15271 15272 15273 15274 15275 15276 15277 15278 15279 15280 15281 15282 15283 15284 15286 15287 15288 15289 15290 15291 15292 15293 15294 15295 15296 15297 15298 15299 15300 15301 15303 15304 15305 15306 15307 15308 15309 15310 15311 15312 15313 15314 15315 15316 15317 15318 15320 15321 15322 15323 15324 15325 15326 15327 15328 15329 15330 15331 15332 15333 15334 15335 15336 15337 15338 15340 15341 15342 15343 15344 15345 
aqazadeh 15244 
architectures 15232 
area 15218 15238 
areas 15213 15323 
arena 15260 
argentina 15287 
argue 15224 
argues 15224 
ariz. 15279 
armed 15200 
armel 15307 
armonk 15214 
arms 15301 
arrangment 15333 
arrested 15186 
arrival 15237 
arrive 15290 
arsn 15259 
artery 15195 
artillery 15230 
arv 15182 
arvin 15182 
asamoah 15244 
ashton-tate 15232 
asked 15187 15198 15253 15313 
aspects 15260 
assault 15230 
assembled 15218 
assembly 15218 
assets 15270 15292 15306 15321 15345 
assistance 15244 
assistant 15226 
associate 15254 
association 15215 15236 15254 15260 15269 
assume 15239 
assumption 15308 
assurance 15345 
assure 15345 
athens 15200 15338 
atlanta 15240 15309 15330 15335 
atlantic 15226 15267 
attack 15230 15239 
attacked 15230 
attain 15220 
attardo 15214 
attempt 15206 15249 15313 
attempting 15230 
attention 15239 
attibuted 15263 
attitude 15187 15239 15285 15288 15328 
attitudes 15187 
attorneys 15332 
attract 15179 
attracted 15239 
attributed 15292 
auditors 15296 15345 
aug-july 15290 
august 15201 15218 15273 
author 15194 
authorities 15220 
authorizations 15341 
authorized 15273 15290 
auto 15182 15337 
automaker 15218 
automation 15268 
average 15187 15224 15238 15264 15323 15346 
averages 15194 
averaging 15325 
averted 15200 
avg 15189 15205 15221 15233 15326 
avoid 15223 15237 
awal 15279 
awarded 15271 
aware 15187 
aziz 15272 
b-minus 15191 
b-plus 15331 
b.c 15264 
baa-2 15293 
back 15187 15219 15230 15287 
backdoor 15313 
bacterium 15254 
baghdad 15230 
bags 15329 
bait 15266 
balance 15194 15246 15272 
baldness 15269 
bales 15220 
ball 15281 
balladur 15253 
baloon 15195 
baluch 15220 
ban 15322 
banana 15194 
bancorp 15320 15321 15324 15340 15345 
bancshares 15324 
bank 15183 15184 15207 15212 15227 15272 15288 15289 15297 15304 15331 15333 15345 
bankers 15234 15253 
banking 15272 15289 15324 15328 
banks 15227 15285 15288 15324 
banponce 15265 
bans 15322 
barrel 15238 
barrels 15238 15250 15344 
barring 15212 
bars 15194 
based 15238 15303 15324 
baseload 15322 
basic 15343 
basicly 15200 
basis 15224 15226 15227 15280 15293 
basketball 15260 
basra 15230 
batignolles 15217 
battle 15224 15230 
bay 15275 
bb 15331 
bbb 15293 
bc- 15249 15336 
bc-******fed's-heller-se 15242 
bc-******g-24-ministers 15319 
bc-******general-electri 15243 
bc-******gm-extends-cash 15256 
bc-******gm-says-st.-lou 15201 
bc-******gm-sets-may-29 15199 
bc-******group-of-24-cal 15285 
bc-******group-of-five-m 15229 
bc-******industrial-nati 15252 
bc-******national-distil 15302 15308 
bc-******security-pacifi 15222 
bc-******walgreen-co-2nd 15185 
bc-****chrysler 15248 
bc-***ual-rises-on-rumor 15231 
bc-/ccc-accepts-export-b 15271 
bc-/fed's-heller-says-mo 15246 
bc-/general-electric-co 15247 
bc-/industrial-nations-r 15253 
bc-airsensors-inc- 15259 
bc-america-west- 15279 
bc-armel-inc- 15307 
bc-arvin- 15182 
bc-ashton-tate- 15232 
bc-banponce-corp- 15265 
bc-caesars-world- 15331 
bc-canada-plans-new-bond 15316 
bc-canada-plans-to-monit 15262 
bc-canada-to-monitor-ste 15313 
bc-cascade-importers-uni 15306 
bc-caterpillar- 15274 
bc-caterpillar-inc- 15208 
bc-centocor- 15318 
bc-century-bancorp-files 15320 
bc-chrysler- 15255 
bc-coffee-prices-could-d 15329 
bc-colombian-businessmen 15198 
bc-conservative-lead-dro 15228 
bc-corrected 15210 
bc-corvus-systems- 15277 
bc-cuba-to-stimulate-eco 15203 
bc-day-int'l- 15281 
bc-dayton-hudson-corp- 15299 
bc-detroit-edison- 15293 
bc-digilog- 15202 
bc-dow-jones-and-co-inc 15190 
bc-e.f.-hutton- 15267 
bc-egypt-authorized-to-b 15273 
bc-electro-rent-corp- 15180 
bc-electrospace- 15225 
bc-energy-development- 15250 
bc-engineered-systems- 15333 
bc-frontier-insurance- 15204 
bc-frontier-insurance-gr 15205 
bc-g-24-says-debt-crisis 15328 
bc-gatt-official-meets-w 15206 
bc-general-automation- 15268 
bc-general-electric- 15263 15317 
bc-general-motors- 15218 15291 
bc-golden-enterprises-in 15233 
bc-group-of-24-countries 15288 
bc-group-of-five-meeting 15234 
bc-gulf-and-western- 15260 
bc-hanover-insurance- 15280 
bc-hartmarx- 15240 
bc-hawkeye- 15345 
bc-hbo- 15335 
bc-heineken-sees-higher 15194 
bc-ibm- 15214 
bc-inspiration-resources 15275 
bc-intercare- 15312 
bc-j.p.-morgan 15212 
bc-judy's-inc- 15188 
bc-kansas-power/light- 15282 
bc-kaufman-and-broad- 15251 
bc-kiena-two-for-one-sha 15278 
bc-lanesborough's-subord 15191 
bc-lord-abbett-and-co-mu 15193 
bc-ltv- 15343 
bc-management-science- 15309 
bc-mcf-financial-plans-i 15305 
bc-medtronic- 15213 
bc-mexican-cattle-import 15290 
bc-minnetonka- 15269 
bc-munson- 15181 
bc-n.y.-thrifts-had-reco 15297 
bc-nasd-sets-filing-dead 15236 
bc-new-hampshire-yankee 15245 
bc-oil 15322 
bc-orange-co- 15196 
bc-orange-co-inc- 15189 
bc-pakistan-cotton-crop 15220 
bc-pan-am- 15330 
bc-parker-drilling-co- 15327 
bc-perry-drug- 15257 
bc-philadelphia-electric 15187 15346 
bc-phoenix-financial- 15332 
bc-proposed-offerings 15340 
bc-raytech- 15311 
bc-research-industries- 15195 
bc-rite-aid-corp- 15258 15283 
bc-s/p-sees-stable-credi 15347 
bc-salomon- 15241 
bc-saudi-american-bank-o 15272 
bc-security-pacific- 15227 
bc-showboat- 15226 
bc-shultz-says- 15284 
bc-siemens-ag-unit-and-n 15235 
bc-socal-edison- 15216 
bc-south-korea-corn-impo 15287 
bc-southeast-bancorp 15324 
bc-southington-savings-b 15207 
bc-spie-batignolles-coul 15217 
bc-stewart-and-stevenson 15315 
bc-strata- 15296 
bc-strata-corp- 15295 
bc-summa- 15334 
bc-super-valu-stores-inc 15326 
bc-talks-continue-on-tin 15219 
bc-teck-still-in-talks 15264 
bc-thorn-emi-wins-u.s.-r 15342 
bc-tranzonic-cos- 15221 
bc-trizec-completes-offe 15261 
bc-u.k.-chemical-industr 15215 
bc-u.s.-farm-land-value 15323 
bc-u.s.-meat 15254 
bc-ual's- 15192 
bc-ual- 15239 15294 
bc-uap-makes-acquisition 15337 
bc-union-texas- 15238 
bc-united-tech- 15314 
bc-usda-discussing-pl-48 15341 
bc-usda-seeks-comments-o 15303 
bc-usda-to-propose-forei 15237 
bc-vms-short-term- 15298 
bc-vulcan- 15292 
bc-vulcan-corp- 15300 
bc-walgreen- 15209 
bc-walgreen-co- 15197 15211 
bc-washington-energy- 15183 
bc-westamerica-bancorp- 15321 
bc-whonnock-plans-share 15184 
bc-williams- 15325 
bc-wkly-distillate 15339 15344 
bc-wojnilower-sees-drop 15310 
bc-xebec- 15270 
bc-zondervan 15276 
bdep 15265 
beam 15308 
bear 15239 
beardmore 15275 
beatles 15342 
beef 15254 
beer 15194 
beg 15213 
began 15219 15226 15250 15333 
begin 15181 15218 15275 15318 15330 15343 
beginning 15186 
begun 15343 
behalf 15254 
behavior 15246 
believes 15227 15345 
bell 15184 
belt 15323 
benefit 15343 
bennett 15322 
berkeley 15232 
bernard 15306 
bicaval 15195 
bid 15181 15271 15331 
big 15239 15241 
biggest 15194 
bilateral 15200 
bill 15266 15322 
billion 15192 15194 15198 15211 15213 15215 15224 15227 15238 15239 15247 15254 15255 15279 15294 15297 15304 15321 15325 15326 15331 15345 
birmingham 15233 
black 15282 
blah 15185 15199 15201 15222 15229 15231 15242 15243 15248 15252 15256 15262 15285 15302 15319 15339 
blaylock 15254 
block 15238 
bloomfield 15189 15196 
blow 15254 
blown 15253 
board 15194 15240 15246 15277 15280 15297 15332 
boats 15230 
boca 15235 
bogota 15198 15329 
bond 15193 15310 15316 
bonds 15217 15289 15293 15316 
bonus 15271 
boosts 15276 
borrow 15213 
borrowings 15183 
boston 15251 15310 
bottling 15289 
bottom 15187 15346 
bought 15276 
bovine 15290 
bowling 15226 
brady 15181 
braking 15311 
branch 15272 
brand 15194 15290 
branded 15290 
branding 15290 
brands 15302 15308 
brazil 15222 15227 15304 15324 
brazilian 15227 15304 15324 
break 15239 
breakdown 15254 
brewer 15194 
breweries 15194 
brewery 15194 
briar 15240 
britain 15219 15253 
british 15184 15228 15234 15264 
broad 15251 
broadcasting 15263 
broilers 15254 
broke 15253 
broker 15276 
brokers 15236 
brokers/dealers 15236 
brothers 15241 
brought 15342 
budget 15224 15289 
budgeted 15238 
build 15203 15286 
building 15182 15213 15253 15298 15310 
built 15203 15218 
bullish 15241 
bundesbank 15253 
burn 15286 
burning 15322 
bus 15218 
business 15179 15198 15204 15213 15214 15263 15268 15270 15305 15308 15325 
businesses 15213 15238 15308 
businessmen 15198 
busy 15239 
buy 15239 15244 15273 15289 
buyer 15239 
buyers 15291 
buying 15239 15241 
buyout 15210 15294 
buys 15311 
c. 15332 
ca 15206 15255 
cab 15218 
caesars 15331 
calculating 15239 
calgary 15261 
calif 15246 15333 
calif. 15180 15188 15216 15232 15268 15270 15277 15305 15312 15321 
california 15186 15193 15216 15232 
called 15198 15254 15288 15328 
calling 15254 
calls 15181 15200 15267 15285 15288 15306 15331 
camaro 15291 
canada 15184 15206 15246 15253 15262 15264 15275 15313 15316 15336 15337 
canadian 15253 15264 15308 15313 
cancellation 15288 
cancelled 15286 
cancer 15318 
canneries 15289 
cannula 15195 
capacity 15240 15288 15330 
capital 15183 15215 15238 15251 15305 15312 15342 
capitalization 15288 
capitalizing 15226 
capitals 15224 
car 15291 
carcass 15254 
cardenas 15329 
cardiac 15213 
cardiovascualr 15213 
cardiovascular 15195 15213 
cards 15335 
care 15306 15312 
cargo 15192 
carney 15313 
caroline 15241 
carotid 15195 
carried 15301 
carries 15331 
carry 15249 
cars 15239 15256 15291 
cascade 15306 
case 15284 
cases 15254 
cash 15224 15227 15249 15256 15291 15308 15323 15324 15325 15331 15345 
casino 15226 
cast 15284 
castro 15203 
casualty 15325 
cat 15208 15274 
catalyst 15239 
caterpillar 15208 15274 
catheter 15195 
catheters 15213 
cattle 15254 15290 
caused 15263 15310 
cautioned 15213 
cavalier 15291 
caw 15331 
ccc 15271 15303 
ccc-plus 15191 
celebrity 15291 
cent 15286 15292 15313 
center 15225 15226 15260 
centers 15312 
centocor 15318 
central 15220 15227 15234 15253 15289 15304 
centre-piece 15224 
cents 15329 
century 15320 
certification 15314 
cf6-80c2 15286 
cfcf 15336 
cfcf-inc 15336 
cfm 15286 
cfm56-5 15286 
cfm56-5-s3 15286 
cfm56-5a1 15286 
cfmi 15286 
chairman 15187 15194 15206 15212 15213 15239 15240 15254 15263 15277 15281 15292 15301 15322 15346 
chamber 15213 
chance 15239 
chancellor 15234 
change 15189 15196 15213 15237 15254 15263 
changed 15291 
changing 15239 
channels 15306 
chapman 15246 
charge 15206 15211 15226 15274 15307 15317 15325 
charged 15186 15254 15263 15338 15342 
charges 15342 
charging 15226 
charles 15254 
chemical 15203 15215 15254 15308 15325 
chemicals 15308 
cherry 15249 
chevrolet 15291 
chewing 15254 
chicago 15192 15240 15298 
chicken 15254 
chief 15277 15281 15282 15332 
china 15287 
chios 15338 
chosen 15286 
christian 15253 
christopher 15276 
chrysler 15248 15255 
cincinnati 15292 15300 
circulated 15239 
cited 15263 15331 
citicorp 15272 
citing 15213 15294 15345 
city 15195 15226 15312 
civil 15245 
claimed 15245 
claims 15342 
clarification 15239 
clarifying 15309 
class 15184 15190 15261 15320 
classified 15296 
cleveland 15221 15343 
clinical 15318 
close 15187 15218 15287 
closed 15194 15218 15294 15297 15312 
closing 15181 15218 
closings 15312 
closure 15218 
clothing 15240 
clt 15264 
clutch 15311 
cnto 15318 
coal 15322 
cocoa 15179 
coebergh 15194 
coffee 15198 15329 
collapse 15212 
collateral 15303 
collect 15333 
college 15246 
colombia 15198 15329 
columbia 15184 15264 
columbus 15295 15296 
colville 15238 
comecon 15203 
cominco 15264 
coming 15292 
command 15225 15230 
commensurate 15328 
comment 15229 15234 15240 15294 
comments 15303 
commercial 15181 15289 15305 
commission 15187 15224 15236 15245 15251 15269 15276 15305 15313 15324 15334 15335 15340 
commissioner 15224 
commit 15298 
commitment 15334 15343 
commitments 15286 15310 
committee 15187 15206 15220 15301 15322 15328 
committees 15301 15343 
commodities 15271 15341 
commodity 15271 15303 
common 15183 15190 15210 15251 15276 15278 15305 15320 15324 
commons 15313 
communicate 15219 
communications 15214 15225 15235 15263 15317 
communique 15230 15253 15288 
communists 15203 
communities 15224 15245 
community 15198 15219 15224 15254 
companion 15293 
company 15181 15182 15183 15187 15191 15194 15195 15196 15207 15210 15212 15213 15214 15216 15217 15218 15225 15227 15232 15238 15239 15240 15250 15254 15255 15260 15263 15267 15270 15271 15274 15275 15280 15282 15292 15294 15296 15306 15308 15309 15311 15312 15317 15320 15324 15325 15330 15332 15333 15335 15342 15345 15346 
companywide 15325 
comparable 15192 15257 15293 
compared 15220 15238 15286 15323 
compete 15246 
competition 15325 
competitive 15246 15287 
competitors 15246 
complained 15214 
complaint 15269 
complete 15181 15255 
completed 15226 15238 15261 15264 
completes 15261 
completing 15255 
completion 15292 
complex 15255 
compliance 15308 
complicated 15254 15266 
comply 15345 
composed 15187 
compositions 15269 
comprising 15297 
compromise 15322 
computer 15232 15332 
comserv 15309 
comstock 15217 
conceded 15254 
concentrate 15264 15272 
concept 15240 
concern 15206 15323 15345 
concerned 15239 15254 
concerns 15313 
concerts 15260 
concessional 15288 15328 
conclude 15343 
concluded 15264 15286 
concludes 15229 
condemned 15254 
condition 15335 15345 
conditions 15320 15345 
conduct 15246 15318 
confident 15254 
confined 15200 
confirmed 15238 15253 
confrontation 15200 
congress 15203 15303 
congressional 15206 
coniston 15231 15239 
conjunction 15288 
conn. 15207 15247 15263 15314 
connect 15330 
connected 15226 
connection 15324 15332 
consecutive 15220 
consequence 15212 
conservative 15228 
considerable 15224 15239 
consistently 15254 
consisting 15261 
consists 15181 
consolidated 15270 
consolidation 15194 15292 
consortium 15245 15264 15286 15314 
constant 15254 
constitute 15332 
construction 15181 15217 15322 
consulate 15186 
consultant 15214 
consultants 15245 
consultation 15179 
consulting 15277 
consumer 15254 15263 
consumers 15254 15322 
consumption 15194 15286 
contacts 15186 
contained 15264 15296 
contaminated 15254 
content 15303 
contents 15200 
continental 15200 
continue 15203 15219 15235 15260 15270 15328 15345 
continued 15241 15263 
continues 15240 15277 15286 
continuing 15194 15230 15264 15323 
contract 15181 15194 15216 15235 
contracts 15216 15225 
contribution 15226 
control 15217 15225 15264 
controlled 15330 
controller 15270 
controlling 15332 
controls 15254 
controversial 15224 
convenants 15331 
conversion 15288 15342 
converted 15210 15217 
convertible 15217 
cooperate 15245 
cooperation 15276 
coordination 15214 15219 
copies 15301 
copper 15264 
core 15239 15308 
corn 15287 15323 15341 
corporate 15272 15308 
corporation 15271 15303 
corps 15214 15342 
corrected 15210 
correction 15346 
corrects 15210 15346 
correspondent 15272 
correspondents 15253 
corrupt 15254 
corvus 15277 
cos 15221 15325 
cosmetic 15306 
cosmetics 15306 
cossa 15332 
cost 15187 15254 15274 15317 15346 
costly 15292 
costs 15194 15274 15325 15345 
cotton 15220 
council 15219 15254 
counsel 15301 
countries 15200 15219 15224 15234 15288 15313 15328 
country 15227 15246 15313 
coupon 15293 
court 15194 15200 15342 
coutries 15328 
cover 15271 15301 15343 
covering 15183 15305 
cp 15264 
created 15200 15232 
credit 15181 15211 15271 15303 15310 15333 15340 
credits 15189 15328 
creditwatch 15331 
crew 15218 
crinos 15269 
crises 15200 
crisis 15200 15319 15328 
criticized 15213 
crop 15220 15323 
cropped 15255 
crucial 15246 
crude 15200 15230 15238 15244 15322 15339 15344 
crvs 15277 
cuba 15203 
cuban 15203 
cubic 15250 15325 
culver 15312 
curb 15224 
currencies 15194 
currency 15194 15203 15310 
current 15189 15220 15224 15235 15237 15281 15324 15328 15341 
customer 15270 
customers 15214 15286 15291 
cut 15179 15191 15203 15206 15222 15246 
cuts 15179 15203 
d-tex 15254 
d-va 15254 
d.c 15298 
d.c. 15240 
daily 15193 15330 
dairy 15206 15254 
dam 15216 
damage 15303 
damages 15342 
danger 15246 15254 
dangerous 15319 15328 
dartmouth 15337 
data 15313 15332 
database 15232 
dated 15316 
dates 15218 
datr 15210 
datron 15210 
davenport 15241 
david 15282 
day 15187 15223 15281 15346 
day-to-day 15224 
days 15338 
dayton 15281 15299 
de 15206 15268 
deadline 15236 
deadlines 15236 
deal 15255 15267 15301 
dealers 15184 15236 
deals 15239 
death 15254 
debenture 15193 
debentures 15340 
debt 15191 15226 15227 15239 15285 15288 15304 15305 15308 15312 15319 15324 15325 15328 15331 15340 15345 
debtor 15288 
dec 15295 
december 15181 15250 15289 15297 15301 15304 15335 
decided 15214 15219 15269 15286 15310 15314 
decision 15179 15194 15214 15219 15314 
decisions 15219 
declare 15219 
declared 15280 
decline 15212 15215 15229 15270 15313 15323 15325 
declined 15234 15264 15314 15323 15325 
declines 15212 15323 
declining 15228 
decree 15289 
decreed 15289 
decrees 15289 
deerfield 15197 15209 15211 
defended 15206 15254 
defending 15230 
defense 15225 15245 15263 15338 
deficit 15246 15289 15310 15312 
definition 15255 
definitive 15187 15255 15281 15308 
defrauding 15342 
degrade 15254 
dekuyper 15308 
delay 15255 
delayed 15219 
delegate 15219 
delegates 15219 
delegation 15244 15253 
delivered 15203 15274 15316 
deliveries 15286 
delivers 15317 
delivery 15181 15213 15246 15271 15274 15303 15341 
deloitte 15345 
delta 15238 
demand 15194 15323 
demanded 15333 
democrat 15266 15322 
democratic 15228 15253 
demonstrating 15254 
denied 15230 
dennis 15214 
deparment 15316 
department 15198 15237 15254 15271 15273 15287 15290 15303 15316 15323 15341 15344 
departure 15191 
depend 15345 
deposit 15272 
deposits 15179 15321 
depressed 15322 
deregulation 15246 
des 15255 15345 
designed 15322 
designer 15306 
desireable 15246 
destroyed 15230 
details 15204 15217 15224 15266 15312 15316 
detecting 15254 
deteriorate 15328 
determined 15340 15341 
detroit 15218 15240 15255 15293 
develop 15203 15232 15238 15254 15272 15275 15314 
developed 15328 
developer 15239 
developing 15194 15203 15213 15237 15288 15328 
development 15214 15238 15246 15250 15260 15314 15333 
dh 15299 
diagnostic 15254 
dialogue 15200 
diane 15332 
diary 15301 
diesel 15337 
difficult 15203 15274 15284 
digilog 15202 
diligence 15255 
dilo 15202 
dilutions 15213 
direct 15187 
direct-to-consumer 15240 
direction 15232 15241 
directly 15226 
director 15198 15226 15254 15272 15310 
directors 15187 15332 15335 
discipline 15246 
disciplined 15246 
disclose 15254 
disclosed 15200 15216 15267 
disclosure 15266 
discount 15266 15303 
discounts 15303 
discovers 15255 
discovery 15238 
discuss 15223 
discussed 15219 
discussing 15341 
discussions 15219 15239 15284 
disease 15254 
disk 15270 
dismissed 15342 
dispell 15269 
disposition 15189 15345 
dispute 15200 
disputes 15200 
disruptions 15237 
distance 15325 
distillate 15339 15344 
distilled 15308 
distillers 15302 15308 
distilling 15308 
distributing 15235 
distribution 15190 15194 15318 
distributor 15268 
div 15193 15197 15208 15211 15233 15258 15283 15299 15300 
diversification 15241 
diversified 15239 
diversify 15198 15213 
divided 15224 
dividend 15190 15197 15208 15211 15233 15258 15280 15283 15300 15331 
dividends 15193 15213 
division 15181 15214 15291 15292 15308 15314 
divisions 15230 15240 
dj 15190 
dlr 15181 15182 15189 15212 15224 15249 15250 15255 15261 15265 15274 15293 15294 15296 15298 15325 15330 15331 15333 15334 
dlres 15189 
dls 15263 
dollar 15203 15212 15274 15310 
dollars 15304 
domestic 15246 15289 15313 
dominion 15184 
domino 15239 
don 15264 
donald 15237 15239 15254 
donaldson 15255 
donis 15274 
double 15213 15240 15287 15313 
double-digit 15263 
doubled 15254 
dow 15190 
downgrade 15191 15331 
downplayed 15255 
downturn 15323 
dr 15308 
dragging 15254 
drainage 15195 
dramatic 15191 15287 
drawing 15240 
dressing 15310 
drilling 15275 15327 
drive 15270 
driven 15239 
drop 15212 15310 15329 15331 
dropped 15238 15279 15291 15323 
drops 15228 
drought 15203 
drug 15213 15257 15269 15318 
dte 15293 
due 15194 15200 15203 15226 15263 15270 15286 15293 15303 15316 
dutch 15194 
duty-free 15306 
e.f 15267 
earlier 15181 15186 15202 15212 15219 15220 15226 15239 15240 15253 15269 15279 15296 15309 15323 15337 
early 15182 15187 15224 15230 15286 
earmark 15289 
earn 15180 15185 15188 15189 15190 15193 15194 15197 15205 15207 15208 15211 15213 15221 15222 15226 15227 15233 15238 15240 15243 15247 15250 15258 15259 15263 15265 15270 15274 15278 15280 15283 15292 15295 15296 15299 15300 15307 15309 15312 15314 15315 15321 15324 15325 15326 15327 15336 15345 
earned 15213 15226 15325 
earnings 15190 15194 15213 15226 15227 15240 15263 15281 15296 15314 15325 15326 
earthquake 15227 
easing 15212 
east 15272 
easter 15209 
ec 15219 15224 
economic 15237 15241 15246 15304 15310 
economical 15238 15254 
economy 15200 15203 15212 15246 15289 
ecuador 15227 
edison 15216 15293 
edouard 15253 
edp 15250 
effect 15200 15223 15246 15324 
effective 15254 15280 15343 
effectively 15224 15246 
effects 15288 15323 
effort 15223 15236 15245 
efforts 15194 15254 
efh 15267 
egypt 15273 
eia 15339 15344 
eighty-one 15215 
el 15180 15194 
elaborate 15314 
ele 15225 
election 15228 
electric 15181 15187 15243 15247 15263 15286 15317 15322 15337 15346 
electrical 15216 15217 
electricity 15181 15187 15346 
electro 15180 
electronic 15223 
electronics 15268 
electrospace 15225 
eligible 15291 
eliminate 15206 
elimination 15254 
elrc 15180 
emanating 15246 
embassy 15186 
emerged 15234 
emergency 15223 15245 
emerling 15254 
emi 15342 
emma 15194 
emphasizing 15239 
employees 15218 15254 15332 
employers 15263 
enable 15281 
enacted 15322 
encino 15305 
encourage 15212 
encouraged 15303 
end 15216 15237 15238 15253 15264 15296 15304 15345 
end-1985 15297 
end-of-fiscal-year 15310 
ended 15202 15226 15234 15240 15250 15270 15312 15326 15335 15344 
ending 15213 15281 15341 
ends 15234 
energy 15183 15198 15238 15250 15322 15344 
engaged 15305 
engine 15263 15286 15314 15337 
engineered 15333 
engineering 15217 
engines 15286 15314 
enhancement 15271 
enjoyed 15310 
enjoying 15194 
ensure 15313 
entered 15281 15318 
entering 15253 15319 15328 
enterprises 15233 15312 
entertainment 15260 
enthusiasm 15241 
entire 15224 15254 15296 
entry 15290 
environment 15284 
epidemic 15254 
equal 15289 
equally 15264 15268 15275 
equipment 15214 15306 15317 15332 15343 
equity 15241 15288 15312 15325 
equivalent 15238 
eradicated 15254 
eroded 15194 
escalated 15239 
esd 15333 
espionage 15186 
essential 15194 
establishes 15268 
establishing 15313 
estate 15189 15239 
estimate 15187 15214 15346 
estimated 15215 15254 15287 15304 15324 
estimates 15213 15281 
estimating 15314 
eugene 15238 
eurocurrency 15272 
europa 15306 
europe 15194 15224 15246 15272 15318 
european 15194 15219 15224 15234 15253 15269 15286 
european- 15330 
evaluation 15238 
event 15255 15260 
eventually 15254 
everett 15187 15346 
examine 15328 
examined 15328 
exceed 15241 15309 
exceeding 15220 
exceedingly 15246 
excellent 15187 
exception 15219 
excess 15239 15329 
exchange 15212 15236 15249 15251 15272 15276 15294 15305 15324 15334 15335 15340 
exchequer 15234 
excludes 15205 15307 
excluding 15210 
exclusive 15306 15318 
exclusivity 15213 
executive 15213 15254 15277 15281 15282 15332 
executives 15312 
exercise 15246 15313 
exhaust 15182 
existing 15239 15273 15328 15331 
expand 15213 15246 
expectation 15274 
expectations 15263 
expected 15206 15209 15215 15227 15241 15255 15274 15290 15292 15325 
expects 15209 15222 15227 15241 15246 15260 15263 15270 15312 15334 15335 15345 
expenditures 15183 
expenses 15213 15226 15309 15312 15323 
expensive 15194 
expertise 15213 
expire 15216 
expired 15291 15333 
expires 15219 
explaining 15223 
exploitation 15244 
exploration 15200 
explore 15275 15288 
export 15198 15227 15271 15290 
exports 15198 15246 15262 15313 
exposure 15325 
expressed 15206 15335 
exptect 15239 
extend 15194 15248 15255 
extended 15219 15291 
extends 15256 15291 
extension 15219 15255 
extra 15317 
extreme 15254 
extremely 15191 
f1957 15180 
f1958 15181 
f1961 15182 
f1964 15183 
f1965 15184 
f1967 15185 
f1968 15186 
f1970 15187 
f1972 15188 
f1975 15189 
f1977 15190 
f1979 15191 
f1985 15192 
f1990 15193 
f1998 15194 
f1999 15195 
f2008 15196 
f2010 15197 
f2013 15198 
f2027 15199 
f2030 15200 
f2033 15201 
f2037 15202 
f2039 15203 
f2041 15204 
f2042 15205 
f2043 15206 
f2061 15207 
f2063 15208 
f2064 15209 
f2067 15210 
f2070 15211 
f2072 15212 
f2075 15213 
f2077 15214 
f2082 15215 
f2094 15216 
f2098 15217 
f2103 15218 
f2107 15219 
f2108 15220 
f2110 15221 
f2119 15222 
f2121 15223 
f2130 15224 
f2135 15225 
f2136 15226 
f2142 15227 
f2144 15228 
f2145 15229 
f2147 15230 
f2155 15231 
f2158 15232 
f2166 15233 
f2170 15234 
f2178 15235 
f2209 15236 
f2214 15237 
f2218 15238 
f2220 15239 
f2230 15240 
f2231 15241 
f2235 15242 
f2236 15243 
f2245 15244 
f2246 15245 
f2249 15246 
f2255 15247 
f2256 15248 
f2267 15249 
f2268 15250 
f2279 15251 
f2280 15252 
f2296 15253 
f2297 15254 
f2305 15255 
f2306 15256 
f2315 15257 
f2318 15258 
f2319 15259 
f2327 15260 
f2331 15261 
f2339 15262 
f2349 15263 
f2350 15264 
f2351 15265 
f2360 15266 
f2361 15267 
f2365 15268 
f2368 15269 
f2372 15270 
f2373 15271 
f2374 15272 
f2377 15273 
f2378 15274 
f2379 15275 
f2384 15276 
f2392 15277 
f2393 15278 
f2395 15279 
f2398 15280 
f2401 15281 
f2404 15282 
f2408 15283 
f2409 15284 
f2412 15285 
f2413 15286 
f2418 15287 
f2423 15288 
f2425 15289 
f2441 15290 
f2447 15291 
f2450 15292 
f2455 15293 
f2456 15294 
f2458 15295 
f2460 15296 
f2461 15297 
f2464 15298 
f2466 15299 
f2467 15300 
f2481 15301 
f2483 15302 
f2485 15303 
f2492 15304 
f2493 15305 
f2494 15306 
f2497 15307 
f2500 15308 
f2504 15309 
f2507 15310 
f2508 15311 
f2513 15312 
f2519 15313 
f2526 15314 
f2528 15315 
f2529 15316 
f2536 15317 
f2544 15318 
f2547 15319 
f2549 15320 
f2551 15321 
f2552 15322 
f2554 15323 
f2556 15324 
f2559 15325 
f2563 15326 
f2567 15327 
f2576 15328 
f2585 15329 
f2589 15330 
f2593 15331 
f2595 15332 
f2602 15333 
f2609 15334 
f2613 15335 
f2616 15336 
f2619 15337 
f2620 15338 
f2625 15339 
f2638 15340 
f2641 15341 
f2642 15342 
f2650 15343 
f2653 15344 
f2655 15345 
f2660 15346 
f2667 15347 
face 15249 15313 
face-off 15200 
faced 15194 
facilities 15218 15260 15311 
facility 15181 15218 15226 
facsimile 15317 
factor 15192 15279 
factors 15292 15303 15323 
facts 15266 
failure 15186 
fairfield 15247 15263 
fall 15203 
fare 15266 15330 
fares 15266 15294 
fargo 15333 
farley 15275 
farm 15206 15224 15323 
farmacobiologica 15269 
farmers 15194 15224 
farming 15224 
farmland 15323 
fat 15254 
faulty 15254 
fear 15310 
feature 15240 
feb 15180 15189 15211 15221 15233 15326 15327 15336 
february 15206 15217 15227 15323 15326 
fecal 15254 
fed 15212 15242 15246 15310 
federal 15212 15216 15246 15254 15297 15310 15325 
federation 15254 15329 
feel 15254 
feet 15223 15250 15325 
fell 15238 15270 15279 15323 15344 
fertilizer 15325 
fiat 15314 
fiber 15325 
fidel 15203 
field 15230 
fighters 15338 
figure 15304 
figures 15209 15304 
file 15183 15251 15318 15334 
filed 15269 15275 15305 15320 15335 15340 15342 
files 15320 
filing 15236 15245 15276 15324 15334 
final 15209 15219 
finally 15194 
finance 15181 15183 15206 15226 15234 15253 15305 15316 15331 
financed 15268 
finances 15267 
financial 15191 15240 15246 15253 15289 15305 15331 15332 15335 15345 
financing 15181 15267 15272 15281 15289 15298 15328 15334 
find 15238 15292 
finished 15246 
fir 15338 
firm 15217 15239 15241 15343 
firms 15215 15289 
first-quarter 15240 
first-run 15260 
fiscal 15213 15226 15240 15241 15246 15257 15281 15341 
fishing 15289 
fitzwater 15223 
five-nation 15286 
fixed 15215 
fla. 15235 15307 
flat 15325 
flavor 15194 
flavoring 15254 
flight 15338 
flight-test 15286 
flights 15266 15330 
flint 15218 
florida 15189 15196 
florida-based 15210 
flour 15271 
flow 15331 
flowing 15313 
flows 15328 
flush 15254 
focus 15239 15308 
focussing 15239 
foiled 15230 
follow 15225 
foltene 15269 
food 15220 15224 15237 15254 
foot 15182 15298 
foothold 15230 
force 15331 
forces 15187 15230 15246 
forcing 15322 
forecast 15198 
forecasts 15212 
foreign 15194 15198 15200 15227 15237 15238 15241 15244 15246 15272 15304 
form 15190 15217 15264 15271 15318 
formally 15286 
formation 15328 
formed 15210 15275 
fort 15218 15307 
forum 15246 15329 
forward 15223 15245 
foster 15181 
found 15200 15215 15254 
founder 15214 
fourth 15214 15291 15297 15307 15312 
fouth-quarter 15297 
france 15217 15224 15253 15286 15306 
francisco 15227 15240 15274 
franco-u.s. 15286 
frank 15266 
frans 15224 
fraud 15254 15342 
freddie 15194 
free 15193 15246 
french 15194 15217 15253 
friction 15311 
friday 15219 15227 
front 15239 
frontier 15204 15205 
frtr 15204 15205 
frustration 15206 
fsis 15237 15254 
fuel 15286 15322 15344 
full 15219 15250 15253 15274 15281 15310 15314 15315 
full-court 15223 
full-size 15218 
functions 15254 
fund 15193 15288 15298 
funds 15181 
future 15220 15232 15235 15246 15328 
futures 15329 
g-24 15319 15328 
ga. 15335 
gain 15189 15190 15205 15246 15263 15307 
gains 15241 
gaming 15226 
garden 15260 
gas 15238 15250 15322 15325 15339 15344 
gas-burning 15322 
gas-fired 15322 
gasoline 15339 15344 
gather 15234 
gatos 15270 
gatt 15206 
gave 15204 15217 
gdp 15289 
ge 15247 15263 15286 15317 
gena 15268 
gene 15318 
general 15206 15214 15218 15243 15247 15263 15268 15286 15291 15293 15294 15317 15335 
generalize 15246 
generated 15187 15284 15346 
generating 15203 
generous 15224 
george 15284 15342 
geothermal 15181 
geothermally 15181 
gerard 15194 
gerhard 15234 
german 15194 15213 15234 15253 15311 
germans 15194 
germany 15235 15253 15306 15310 15311 15314 
gghf 15210 
ghana 15244 
ghanaian 15244 
gholamreza 15244 
gilbey 15308 
gin 15308 
give 15187 15266 
gldc 15233 
glen 15213 
glitches 15255 
global 15206 15241 15317 
gm 15199 15201 15218 15256 15291 
gmbh 15306 15311 
gmt 15219 15234 15253 
goal 15240 15254 
gold 15264 15275 15278 
golden 15233 
good 15194 15241 
goods 15223 
gouinlock 15184 
government 15193 15198 15216 15236 15246 15253 15254 15289 15290 15313 15316 
governments 15219 15328 
governor 15227 
grading 15264 
grain 15271 15273 15287 15303 15341 
grand 15308 
granted 15306 
grants 15224 15288 
gre 15306 
great 15194 
greatest 15260 
greece 15200 15338 
greek 15200 15338 
gres 15306 
gros 15227 
gross 15289 15310 
ground 15230 
group 15204 15205 15206 15217 15229 15234 15253 15260 15267 15276 15281 15285 15286 15288 15306 15320 15328 15335 
groups 15254 15260 15343 
grow 15194 15213 15240 15246 15288 
growers 15329 
growing 15186 15254 15313 
growth 15194 15212 15213 15240 15241 15242 15246 15260 15263 15310 
guarantee 15236 
guaranteed 15331 
guaranty 15343 
guard 15186 
guardian 15228 
guards 15230 
guilder 15194 
guilders 15194 
gulf 15230 15238 15260 
gum 15254 
guminski 15264 
gunships 15230 
gw 15260 
hair 15269 
half 15189 15203 15234 15238 
halted 15181 15227 
hamilton 15301 
hampered 15194 
hampshire 15245 
hand 15212 
handles 15267 
hands 15239 
hanover 15280 
hans 15194 
happy 15214 15286 
hard 15194 15203 15270 
harder 15310 
hardship 15237 
harrison 15342 
harry 15232 
hart-scott-rodino 15308 
hartford 15314 
hartmarx 15240 
haskins 15345 
havana 15203 
hawkeye 15345 
hbo 15335 
hboc 15335 
head 15194 15254 15290 
headed 15244 15276 
headlined 15346 
health 15254 
hearing 15254 
heart 15195 
heartrate 15213 
heavily 15198 
heavy 15213 15230 15284 
hectoliters 15194 
heineken 15194 
heinken 15194 
held 15206 15217 15230 15239 15249 15264 15272 15344 
helicopter 15230 
heller 15242 15246 
helped 15263 
helpful 15246 
henderson 15255 
herds 15206 
hertz 15239 
heublein 15308 
hiccup 15310 
high 15191 15194 15206 15212 15223 15230 15286 15313 15323 
high-priority 15289 
higher 15194 15212 15227 15238 15246 15263 15303 15310 15322 
highland 15264 
highly 15214 
hill 15249 
hills 15189 15196 
hilton 15239 
hins 15280 
historic 15200 
historically 15270 
history 15286 
hmx 15240 
hockey 15260 
hold 15210 15213 15254 
holders 15196 15233 15280 
holding 15217 15227 15345 
home 15297 
homes 15216 
hoover 15216 
hope 15213 
hoped 15194 
hopeful 15264 
hostages 15198 
hot 15181 
hotel 15226 
hotel/casino 15226 
hotels 15239 
hours 15234 
house 15206 15223 15237 15254 15301 15313 
houssels 15226 
houston 15181 15184 15237 15238 15254 15315 
houston-based 15238 
hudson 15275 15299 
human 15254 
humans 15318 
hurt 15274 
hutton 15267 
hwkb 15345 
hydroelectric 15216 
i. 15292 
iae 15286 15314 
iberica 15268 
ibm 15214 15270 
ibrahim 15220 
icch 15179 
identifed 15345 
identified 15338 
identify 15290 
iii 15226 
ill 15209 15211 
ill. 15197 15208 15274 
illness 15254 
immediately 15312 15333 
impact 15314 
impacted 15263 
impeded 15224 
implement 15263 
implemented 15312 15335 
implications 15331 
implied 15191 
import 15194 15203 15206 15244 15246 15288 
important 15194 
imported 15194 15290 
importers 15306 
imports 15194 15203 15262 15287 15290 15313 
imposed 15223 
imposition 15246 
improve 15213 15274 15290 15303 15325 15328 
improved 15286 15345 
improvement 15187 15286 15325 
improvements 15187 15308 
improving 15335 
incapable 15254 
include 15190 15211 15213 15224 15241 15247 15260 15298 15301 15308 15326 
included 15314 
includes 15189 15213 15275 15306 15312 
including 15194 15200 15218 15260 15263 15281 15306 15309 15316 15340 
inclusion 15263 
income 15193 15224 15226 15227 15288 15298 15323 15324 15331 15335 
incomex 15198 
inconclusive 15228 
incorporates 15232 
increase 15194 15212 15215 15217 15226 15241 15263 15287 15298 15313 15331 15335 15337 15345 
increased 15192 15194 15254 15257 15279 15298 15312 
increases 15246 15263 15322 
increasing 15213 15241 
increasingly 15254 
incremental 15322 
incurred 15183 15325 
incurring 15331 
ind. 15182 15218 
indentures 15331 
independence 15214 
independent 15238 15296 
index 15241 
indications 15220 15223 
indicative 15239 
indices 15241 
indonesia 15238 
industria 15269 
industrial 15252 15253 15288 15322 
industrialists 15329 
industrie 15286 
industrie-produkte 15311 
industries 15182 15184 15195 15203 15254 15281 15289 
industry 15213 15215 15294 15313 
inflation 15212 15215 15246 15310 15323 
inflationary 15246 
information 15235 15266 15301 15338 15344 
infringement 15269 
infringements 15338 
infringing 15338 
ingenieria 15268 
ingredients 15194 
initial 15241 15298 15305 15320 
initially 15230 
initiative 15271 
inside 15253 
inspected 15237 
inspection 15237 15254 
inspectors 15254 
inspects 15254 
inspiration 15275 
installations 15217 15230 
installing 15254 
installments 15249 
institute 15198 15254 
institutions 15239 15297 15328 
insurance 15204 15205 15280 15289 15343 
int'l 15281 
intend 15213 
intends 15213 15270 15318 15334 
intensify 15254 
intensive 15343 
intent 15255 15281 
intentions 15215 
intercare 15312 
intercepted 15338 
interest 15212 15226 15227 15249 15288 15289 15296 15310 15323 15324 15332 15335 
interesting 15194 15239 
interests 15194 15305 
internal 15194 
internally 15213 
international 15200 15214 15219 15238 15239 15246 15269 15270 15281 15286 15288 15306 15314 15329 
interstate 15340 
intestines 15254 
intis 15289 
intro 15330 
introduced 15266 15286 
introducing 15195 
intrusions 15338 
inundated 15194 
inventory 15263 15310 
invest 15194 15217 
investigating 15301 
investigation 15187 15255 15269 
investment 15184 15191 15205 15211 15215 15239 15249 15272 15289 
investments 15194 15332 
investor 15239 15276 15331 
investors 15181 15309 
involved 15269 15333 
involving 15186 15342 
iowa 15345 
iran 15230 15244 15301 
iranian 15230 15244 
iranians 15230 
iraq 15230 15271 
iraqi 15230 
iraqis 15230 
irc 15275 
irna 15244 
iron-steel 15262 15313 
island 15238 
islands 15267 15338 
issue 15184 15200 15219 15293 15316 15324 
issues 15331 15343 
ita 15219 
italian 15253 
italy 15253 
itc 15219 
ite 15287 
j. 15187 15214 15226 15346 
j.p 15212 
j.p. 15212 
jacob 15281 
jailed 15186 
james 15254 15277 15308 15332 
jan 15188 15259 
janesvile 15218 
january 15192 15264 15271 15301 15312 15341 
japan 15182 15206 15223 15235 15253 15310 15318 
japanese 15223 15241 15253 15310 15314 
jaw 15290 
jean 15286 
jeffrey 15276 
jenrette 15255 
jersey 15266 
jet 15230 
job 15218 
joel 15332 
john 15186 15240 15263 15264 15342 
johnston 15322 
joining 15264 
joint 15182 15194 15264 15268 15313 
jointly 15318 
jones 15190 
jorge 15329 
jose 15277 15333 
joseph 15186 
jpm 15212 
jr 15241 15263 
judy 15188 
july 15181 15207 15223 15236 15264 15345 
jump 15287 
jumped 15192 15239 
june 15190 15197 15211 15219 15254 15291 15299 15300 
justice 15194 15200 
justifiably 15310 
kan 15282 
kan. 15282 
kansas 15282 
karachi 15220 
karl 15253 
kaufman 15251 
kb 15251 
keeping 15331 
kell 15226 
ken 15214 
kenneth 15254 
kernel 15303 
key 15206 
kicking 15239 
kiena 15278 
killed 15230 
kind 15288 
kingdom 15238 
km 15230 
knickerbockers 15260 
knowledge 15213 
kohlberg 15238 
korea 15287 
koreans 15287 
kravis 15238 
kuppenheimer 15240 
l-cattle 15290 
labor 15343 
laboratory 15232 
labour 15228 
lack 15194 15214 
laid 15199 15218 
lake 15195 
land 15224 15323 
lanesborough 15191 
language 15232 
large 15203 15224 15314 15322 15323 15331 
largely 15246 
largest 15204 15238 15270 
lasers 15213 
lasting 15328 
late 15196 15246 15266 15325 
latest 15200 15211 15215 15304 
lauderdale 15307 
launch 15286 15314 
launched 15194 15230 
launches 15286 
launching 15286 
lautenberg 15266 
law 15254 15282 15303 
lawmakers 15206 15313 
lawrence 15232 
lawson 15229 15234 
layoffs 15218 
lb 15329 
lbs 15220 15286 
lead 15224 15228 15324 15331 
leader 15213 
leaders 15206 
leading 15194 15213 15253 
leads 15213 
league 15260 
leaseback 15325 
leases 15332 
leave 15224 
led 15263 15264 
lee 15187 15301 15346 
left 15214 15239 15253 
legal 15200 15254 
legislation 15266 15322 
lemnos 15338 
lender 15296 
lending 15212 15297 
leningrad 15186 
lennon 15342 
leonard 15254 
lesbos 15338 
letter 15254 15255 15281 15290 15335 
level 15212 15215 15240 15313 
levels 15226 15246 
lewis 15212 15277 
liabilities 15308 
liability 15204 15296 
liberal-social 15228 
licensing 15245 
lift 15322 
lifts 15322 
light 15270 15282 15287 
lima 15289 
limerick 15187 
limited 15181 15194 15250 15266 15274 15313 15320 
line 15195 15199 15213 15218 15263 15306 15310 
lipton 15277 
liqueurs 15308 
liquidity 15241 15270 
lite 15194 
liters 15194 
live 15260 15290 
livestock 15237 15254 15290 
lloyd 15292 
load 15192 15279 
loan 15206 15222 15297 15298 15303 15305 15333 15345 
loans 15227 15297 15321 
local 15234 15253 15267 15268 
located 15306 
locations 15218 
logical 15246 
lomak 15296 
london 15179 15215 15219 15228 15244 15272 15276 
long 15194 15212 15264 15316 15325 
long-distance 15267 
long-run 15224 
long-standing 15286 
long-term 15227 15304 15324 
lord 15193 
lornex 15264 
los 15227 15250 15251 15270 
loss 15188 15189 15205 15226 15250 15259 15270 15274 15292 15295 15296 15307 15309 15312 15315 15325 15326 15327 15335 15345 
losses 15194 15323 15325 
lost 15214 15238 15296 
lot 15239 
louis 15201 15218 15240 
lousiana 15322 
low 15203 15214 15266 15288 15323 
lower 15246 15274 15279 15310 15323 15325 
lowered 15191 15206 
lowest 15325 
ltv 15343 
lufkin 15255 
lured 15266 
luxembourg 15194 
lynch 15251 
lyng 15206 
machines 15214 15270 
madam 15306 
made 15194 15223 15239 15286 15297 15301 15308 15309 15318 15328 15333 15343 
madison 15182 15260 
madrid 15268 
main 15203 15219 
maintain 15194 15313 
major 15191 15198 15213 15263 15322 15324 15325 
majority 15194 15238 
make 15224 15236 15246 15266 15269 15301 
maker 15272 
makes 15214 15218 15337 
making 15187 15191 15198 15298 
malpractice 15204 
malt 15194 
malvern 15318 
managed 15187 15320 
management 15191 15235 15239 15254 15260 15264 15272 15281 15309 
manager 15293 15329 
manages 15275 
managing 15272 15310 
manchester 15245 
mandatory 15322 
manpower 15244 15343 
manufacturer 15240 15268 
manufacturing 15214 15306 15311 
margins 15194 
marine 15186 
marines 15186 15284 
markedly 15331 
market 15179 15194 15212 15213 15235 15239 15241 15246 15272 15288 15306 15310 15313 15322 15329 
marketing 15194 15213 15214 15308 15318 15325 
markets 15194 15212 15213 15241 15246 15251 15272 15322 
marlin 15223 
marplan 15228 
martin 15331 15332 
mary 15332 
mass. 15280 15320 
massachusetts 15245 
master 15268 
material 15254 15274 15324 
materials 15194 15236 15311 15335 
matters 15206 15219 
mature 15316 
matures 15227 
mccartney 15342 
mcf 15238 15305 15325 
mdt 15213 
means 15206 15254 15312 
meant 15253 
meat 15237 15254 
mechanisms 15288 
medford 15332 
medical 15204 15263 15312 15334 
medium 15227 15304 
medium- 15227 15324 
medtronic 15213 
medtronics 15213 
meet 15200 15206 15223 15236 15240 15310 15345 
meeting 15187 15196 15206 15212 15213 15219 15220 15224 15229 15234 15240 15253 15274 15282 15292 15309 15328 15335 
meetings 15288 
meets 15206 
megawatts 15181 15216 
meinert 15240 
member 15194 15206 15219 15224 15246 15286 15297 
members 15200 15206 15219 15297 15301 
mental 15198 
merge 15210 15214 15296 
merger 15214 
merging 15264 
merrill 15251 
message 15200 
messages 15317 
met 15206 
metallgesellschaft 15264 
metalore 15275 
metropolitan 15308 
mexican 15290 
mexico 15238 15290 
mgeo 15181 
miami 15330 
mich. 15189 15196 15218 15257 15291 
michael 15214 15253 
michigan 15199 
microoganisms 15254 
mid-1987 15218 
mid-january 15246 
mid-term 15316 
middle 15272 
midst 15284 
miles 15192 15230 15279 15325 
milled 15264 
miller 15292 
mim 15264 
mines 15278 
mingold 15275 
mining 15203 15264 15275 
minister 15200 15220 15234 15244 15253 15262 15313 
ministerial 15328 
ministers 15234 15253 15319 15328 
ministry 15200 15289 15338 
minl 15269 
minn. 15210 15269 15276 15299 
minneapolis 15210 15276 15299 15326 
minnetonka 15269 
minor 15219 
minorco 15275 
minoxidil 15269 
misleading 15266 
mitsubishi 15274 
mix 15341 
mlns 15263 
model 15187 
models 15218 15235 
moderately 15212 
moderates 15323 
moderating 15323 
modernization 15194 
modest 15246 
modifications 15322 
modified 15318 
mohammad 15220 
mohammed 15230 
moines 15345 
moisture 15303 
molybdenum 15264 
momentum 15220 
monday 15316 
monetary 15234 15246 15253 15288 
money 15194 15212 15214 15242 15246 15254 15310 
money-fx 15212 15234 15253 
money-supply 15242 15246 
monica 15180 
monitor 15187 15262 15313 
monitored 15241 
monitoring 15313 
monoclonal 15318 
montgomeryville 15202 
month 15183 15192 15194 15200 15214 15239 15257 15267 15279 15308 15333 15346 
months 15241 15264 15277 15279 15287 15298 15313 
monticello 15204 15205 
montreal 15336 15337 
moody 15293 
moran 15276 
morgan 15212 15293 
morning 15206 15219 15253 
morocco 15341 
morrison 15254 
mortage 15297 
mortgage 15293 15297 
mortgages 15297 
moscow 15186 15194 15284 
moseley 15320 
motor 15291 
motors 15218 15248 15255 15291 
move 15214 15227 15289 15324 
movement 15239 
moves 15263 
moving 15245 15310 
msai 15309 
msg 15260 
mths 15180 15211 15233 15259 15327 15336 
mtu 15314 
multi-user 15268 
multilateral 15328 
munson 15181 
mutual 15193 
n't 15206 15212 15213 15239 15255 15266 
n.h. 15245 
n.j. 15226 15249 15332 
n.m. 15334 
n.y 15297 
n.y. 15204 15205 15214 15306 
named 15214 15269 15277 15282 15332 
names 15214 15232 15277 15282 
nasd 15236 
nasdaq 15236 
nat'l 15302 
nat-gas 15322 
natiionale 15255 
nation 15238 15325 
national 15193 15198 15224 15236 15254 15260 15263 15308 15310 15329 
nations 15203 15252 15253 
nato 15200 
natural 15238 15250 15322 15325 
nature 15255 
naval 15230 
nazmi 15200 
neax2400 15235 
nec 15235 
needed 15255 15266 15288 
needless 15213 
negative 15331 
negotiated 15246 
negotiating 15204 15206 15217 15343 
negotiation 15281 
negotiations 15200 15227 15255 15264 15333 15343 
nelson 15213 
neonatal 15195 
net 15180 15188 15189 15190 15194 15205 15207 15211 15221 15222 15233 15247 15250 15259 15263 15265 15281 15289 15295 15298 15307 15315 15321 15324 15325 15326 15327 15331 15335 15336 
netherlands 15194 
network 15260 15263 
nev. 15181 
nevada 15270 
newly 15232 15238 15275 
news 15181 15220 15244 
newspaper 15228 
nicaragua 15301 
nickel 15203 
nigel 15234 
nigerian 15194 
nil 15315 
nipny 15235 
nominate 15335 
non-accrual 15227 15324 
non-bank 15345 
non-cash 15250 
non-episodic 15260 
non-operating 15292 
non-recurring 15309 
non-refundable 15293 
non-registered 15304 
non-traditional 15198 
non-voting 15320 
nonetheless 15194 
north 15206 
northern 15230 15323 
northwest 15325 
noses 15254 
note 15189 15190 15205 15207 15211 15233 15247 15249 15307 15315 15326 
noted 15194 15206 15246 15263 15323 15331 15341 
notes 15191 15301 15340 
notice 15333 
nova 15291 15337 
november 15218 15240 15257 15290 
nrc 15187 
nsa 15249 
nsa-inc 15249 
nuclear 15187 15203 15245 15346 
number 15194 15213 15218 15219 15254 15290 
nutrition 15254 
nutritious 15254 
nuys 15188 
nv 15194 
nyack 15306 
o'maller 15332 
o'sullivan 15292 
obed 15244 
objective 15213 
obligations 15345 
obstacles 15254 
obtain 15274 15281 15289 
occasions 15310 
occupied 15230 
oct-sept 15287 
october 15186 15281 15329 
offensive 15230 
offer 15181 15184 15251 15294 15316 15330 15331 15335 
offered 15194 15239 15254 15286 15316 15323 
offering 15183 15241 15249 15251 15261 15293 15305 15312 15320 15340 
offerings 15340 
offers 15249 15317 15328 
office 15298 
officer 15277 15281 15282 15332 
officers 15210 15332 
official 15198 15206 15220 15234 15237 15255 15304 15341 
officially 15264 
officials 15206 15223 15224 15253 15313 
offset 15323 
offshore 15230 15313 
ohio 15281 15295 15296 
oil 15198 15200 15203 15212 15227 15230 15238 15244 15250 15322 15325 15341 15344 
oilfield 15181 
oj 15189 15196 
okla. 15327 
olin 15254 
on-site 15194 
one-third 15198 
one-time 15263 15274 
ongoing 15264 15333 
ono 15342 
ont 15218 
ontario 15275 15337 
ontex 15275 
open 15195 15217 15240 15313 15322 
opened 15226 15272 
opening 15226 
opens 15272 
oper 15205 15307 
operate 15260 
operated 15286 
operates 15267 
operating 15187 15250 15260 15263 15277 15292 15323 15325 
operation 15182 15260 
operational 15286 
operations 15194 15218 15263 15264 15270 15274 15345 
operator 15187 
opinion 15228 15296 
opportunities 15274 
opportunity 15200 
optic 15325 
optimistic 15264 
option 15306 
options 15239 
orange 15246 
orange-co 15189 15196 
ordered 15187 
ordinary 15261 
ore 15264 
organization 15214 
original 15216 
originally 15245 15292 
oshawa 15218 
oshman 15214 
ottawa 15313 15316 
otto 15253 
ounces 15264 
outcome 15264 
outling 15334 
outlook 15241 15263 15274 
output 15218 15254 
outstanding 15210 15249 15276 15297 
overdue 15296 
overhang 15288 
overprescription 15213 
overreact 15254 
owed 15296 
owned 15210 15238 15264 15272 15274 15275 15314 
owners 15314 
owns 15335 
ozal 15200 
p.m. 15234 15253 
pa. 15202 15258 15283 
paboojian 15214 
pace 15254 15310 
pacemaker 15213 
pacemakers 15213 
pacific 15181 15222 15227 15264 
pacificorp 15340 
package 15224 
pact 15216 15223 15235 15255 15268 15318 
paid 15227 15271 15280 15308 
pakistan 15220 15238 
palm 15194 
pan 15330 
pancreatic 15318 
panel 15254 
panorex 15318 
papandreou 15200 
paper 15254 
paragraph 15210 15346 
parent 15294 15331 
paris 15217 15253 15286 15306 
park 15281 
parker 15327 
part 15184 15206 15214 15215 15255 15263 15269 15288 15308 15310 
participants 15310 
participation 15298 15305 
participations 15297 
parties 15333 
partners 15219 15231 15239 15250 15264 
partnership 15181 15250 15335 
partnerships 15312 
parts 15337 
party 15228 15342 
passenger 15192 15279 
passengers 15266 
past 15213 15239 15254 15277 15287 15323 15342 
pat 15313 
patent 15269 
patented 15195 
pattern 15246 
paul 15214 15342 
paulo 15304 
pay 15187 15193 15197 15208 15224 15249 15258 15260 15283 15299 15322 
payable 15211 15233 15280 15300 
payers 15187 
paying 15224 15342 
payment 15333 
payments 15224 15227 15249 
payout 15299 
pc/xt 15270 
pct-owned 15264 
pds 15257 
pe 15187 15346 
peach 15187 15346 
peak 15241 
peavey 15271 
pemberton 15184 
pending 15181 
penetrate 15194 
penetration 15194 
penn. 15318 
pension 15343 
pentagon 15186 
peoria 15208 15274 
performances 15263 
perfumes 15306 
period 15192 15203 15213 15215 15241 15255 15257 15279 15297 15301 15326 15333 15345 
periods 15189 
permanent 15290 
permits 15308 15313 
permitted 15224 15301 
permitting 15237 
perry 15257 
personal 15214 15301 
personnel 15187 
peru 15289 
peruvian 15289 
peter 15274 
petrochemical-related 15238 
petroleum 15203 15238 15296 15344 
pettee 15239 
ph 15332 
phase 15319 15328 
phased 15218 15237 
phasing 15270 
phfc 15332 
philadelphia 15187 15346 
phoenix 15279 15332 
physical 15213 
pick-up 15310 
pickup 15218 
pierson 15286 
pilot 15239 
pilots 15239 15294 
pipeline 15325 
pipelines 15325 
pkd 15327 
pl 15341 
pl-480 15273 
place 15284 15324 15334 15338 
placement 15218 
placements 15181 
placing 15227 
plagued 15213 
plains 15323 
plan 15245 15255 15308 15331 15343 
plane 15286 
planes 15230 15338 
planned 15183 15191 15194 15200 15238 15260 15301 
planning 15198 15245 15260 
plans 15183 15184 15224 15239 15240 15245 15262 15270 15272 15275 15305 15313 15316 15343 
plant 15182 15187 15201 15203 15218 15254 15306 15346 
plants 15187 15203 15218 15254 15270 15322 
plastics 15263 
play 15239 
plc 15286 15308 15314 15342 
pn 15330 
poehl 15253 
point 15194 15237 
points 15293 
policies 15191 15224 
policy 15206 15224 15246 15294 15310 
political 15200 
poll 15228 
pontiac 15218 15257 
poor 15187 15191 15241 15293 15331 
poorest 15224 
popular 15194 15324 
pork 15254 
poroduction 15220 
port 15230 15237 
ports 15273 15290 
portugal 15268 
position 15219 15223 15231 15232 15239 15253 
positions 15219 15230 
possibilities 15194 
possibility 15194 
possibly 15194 
post 15312 
posted 15214 15240 
postivie 15241 
potential 15194 15241 
potentially 15284 
poultry 15254 
power 15187 15203 15216 15282 15286 15322 15346 
power/light 15282 
powerplants 15322 
ppw 15340 
practice 15237 
pratt 15314 
pre-operating 15226 
pre-split 15280 
precursor 15239 
predictions 15322 
preliminary 15209 15335 
premium 15303 
premiums 15303 
preparation 15281 
prepared 15245 15246 15274 
preparing 15237 
present 15194 15220 
president 15203 15213 15214 15226 15253 15254 15274 15277 15282 15286 15301 
presidential 15223 15289 
press 15223 
preston 15212 
pretax 15189 15226 
prevent 15212 
prevention 15254 
previous 15215 15218 15255 15304 15323 15325 
previously 15226 15261 15267 15278 15298 15308 15332 
price 15194 15203 15206 15212 15224 15246 15303 15308 15322 
priced 15293 
prices 15203 15238 15241 15246 15276 15287 15310 15322 15323 15329 15340 
pricing 15246 15322 
primary 15344 
prime 15200 15212 
principal 15249 
principally 15270 
principle 15235 15296 
prior 15189 15193 15197 15208 15211 15233 15240 15247 15255 15277 15297 15299 15300 
private 15181 15198 15249 
privately-held 15238 
problem 15187 15254 15255 15313 15328 
problems 15187 15213 15224 15292 
procedures 15254 
proceeds 15183 15305 15308 15325 
process 15245 15332 
processing 15203 
produce 15218 15220 15260 
produced 15181 15286 
producer 15194 15204 15219 15238 
producers 15206 15246 15303 15322 15329 
produces 15311 
product 15213 15214 15232 15254 15270 15289 15306 15310 15318 15344 
production 15194 15206 15218 15220 15224 15238 15244 15264 15287 15290 15329 
productions 15260 
products 15195 15198 15213 15214 15237 15254 15263 15270 15306 
professional 15204 
profit 15188 15189 15194 15263 15274 15292 15315 
profitable 15325 15345 
profits 15194 15238 15241 15254 15289 15325 
program 15194 15218 15254 15271 15275 15291 15304 15313 15314 
programme 15286 
programming 15260 
programs 15254 15303 15323 15343 
progress 15187 15253 
project 15181 15254 15286 
projects 15203 15289 
promising 15284 
promote 15212 15310 
propane 15308 
properly 15288 
properties 15238 15250 
property 15275 15298 
proposal 15237 15239 
proposals 15224 
propose 15237 
proposed 15210 15237 15255 15266 15278 15286 15294 15305 15313 15331 15340 
proposing 15224 
proprietary 15195 
prospect 15203 15310 15328 
prospective 15266 
prospects 15328 
prospectus 15334 
protect 15322 
protecting 15254 
protectionism 15206 15241 
proved 15238 15250 
provide 15232 15244 15266 15270 15312 
provided 15225 15341 
providing 15254 15267 
proving 15292 
provision 15345 
provisions 15213 15223 15263 15345 
proxy 15335 
prudence 15313 
public 15183 15184 15207 15241 15254 15275 15289 15303 15305 15320 
publicly 15275 
published 15203 15228 15304 
punitive 15223 15342 
purchase 15191 15249 15273 15287 15292 15305 15306 15308 15341 
purchased 15297 
purchases 15303 
purely 15212 
purge 15230 
purposes 15308 
purveyors 15254 
push 15310 
pushing 15230 
put 15218 15227 15237 15239 
putting 15223 
qltv 15343 
qtly 15193 15197 15208 15211 15233 15258 15283 15299 15300 
qtr 15180 15185 15188 15189 15190 15197 15202 15205 15207 15208 15211 15221 15226 15233 15243 15247 15259 15263 15265 15270 15299 15300 15307 15312 15315 15321 15326 15327 
quadrangle 15204 
qualified 15181 15296 15345 
quality 15213 15303 
quarter 15189 15190 15192 15202 15205 15214 15226 15227 15241 15250 15263 15270 15274 15292 15297 15307 15309 15310 15312 15324 15326 
quarterly 15197 15208 15219 15227 15249 15280 15283 15299 15304 
query 15232 15264 
question 15194 15212 15253 15303 
questioning 15186 
quickly 15213 
quota 15290 
r. 15214 
rad 15258 15283 
radevormwald 15311 
radius 15245 
rafael 15321 
raid 15230 
raise 15331 
raised 15181 15276 
raises 15280 
raising 15228 15254 15293 
ran 15224 
range 15289 
rangers 15260 
ranging 15276 
rapid 15254 
rapidly 15335 
rate 15187 15212 15213 15249 15289 15323 
rated 15187 15293 15331 
rates 15206 15212 15310 15323 15324 15325 
rating 15191 15331 
ratio 15325 
rationalization 15194 
raton 15235 
raw 15194 15254 
ray 15214 15311 
raybestos 15311 
raytech 15311 
rca 15247 15263 15317 
rca-registered 15317 
re-establish 15213 
reach 15218 15227 15317 
reached 15235 15241 15244 15255 15329 15345 
reaches 15304 
reaching 15255 
read 15346 
ready 15286 
reaffirms 15274 
reagan 15206 15301 
real 15189 15212 15215 15239 15254 15310 15323 
realistic 15239 
reason 15254 15263 
reasons 15214 15329 
rebate 15291 
rebates 15256 15291 
recalls 15213 
recapitalization 15331 
receivable 15312 
receive 15216 15291 15317 15333 
received 15181 15227 15236 15238 15244 15286 15325 15335 
receives 15264 
recent 15212 15313 
recently 15240 15312 15340 
recently-opened 15226 
recession 15310 
recombinant 15318 
recommended 15254 
reconvene 15252 15253 
reconvened 15253 
reconvenes 15219 
record 15193 15197 15208 15211 15220 15227 15233 15240 15258 15278 15280 15283 15297 15299 15300 15342 
record-setting 15220 
recorded 15263 
recordings 15342 
records 15342 
recourse 15254 
recovery 15241 
redeemed 15289 
redesigned 15218 15240 
reduce 15183 15206 15227 15324 
reduced 15323 
reduces 15288 
reducing 15214 15312 
reduction 15227 15274 15312 
referring 15255 
refers 15304 15314 
refinancing 15298 15331 
refined 15344 
refinery 15203 15344 
refining 15244 
reflect 15310 
reflected 15191 
reflection 15212 
reflects 15190 15323 
refunding 15293 
refuses 15245 
regie 15255 
region 15325 15338 
regionalized 15194 
registered 15236 15251 15304 15317 
registration 15183 15236 15305 
regular 15226 15300 
regulations 15237 
regulators 15213 
regulatory 15187 15245 15308 15345 
reic 15195 
reinsurance 15263 
reinvest 15213 
reiterated 15212 15240 15263 15274 
rekindle 15246 
related 15214 15263 15301 15343 
relationship 15286 
relative 15323 
relaxed 15194 
released 15238 15239 15246 15288 15304 
relegating 15214 
relief 15285 15288 
relying 15198 
remain 15342 
remainder 15198 15240 
remains 15187 15212 15214 
remark 15223 
remarks 15274 
removal 15325 
renault 15248 15255 
rendered 15194 
renewed 15246 
reno 15181 
renovated 15218 
rent 15180 
rental 15239 
reorganization 15194 15332 
reorganized 15260 
reorganizes 15260 
reorganizing 15332 
rep. 15254 
repay 15305 15308 
repayment 15331 15333 
repealed 15254 
repeals 15322 
repeatedly 15200 
replace 15187 15346 
replaced 15218 15238 
replacement 15187 
replied 15253 
reply 15200 15264 
report 15186 15215 15227 15230 15238 15241 15270 15287 15290 15296 15297 15303 15310 15312 15323 15325 15335 15344 15345 
reported 15194 15220 15227 15230 15238 15240 15244 15254 15270 15278 15281 15292 15314 15335 15345 
reporter 15212 
reporters 15186 15284 
reports 15277 15279 15323 
represent 15306 15332 
represented 15220 
representing 15254 
represents 15191 
repurchase 15249 
repurchases 15213 
requesting 15269 
require 15237 
required 15297 15303 15317 
requirement 15237 15290 
requirements 15345 
requires 15322 
resale 15184 
rescheduling 15288 
research 15195 15200 15254 
reserve 15212 15246 15310 15312 15344 
reserves 15238 15250 15325 
residential 15322 
residual 15344 
residues 15254 
resignation 15253 
resigned 15332 
resigning 15332 
resigns 15332 
resolve 15292 15343 
resolved 15264 
resouces 15181 
resources 15196 15275 15323 
respect 15328 
respected 15214 15254 
respond 15239 
responding 15310 
response 15212 15213 15239 15245 15246 15294 15322 
responsible 15194 15260 
responsive 15213 
rest 15227 
restraint 15241 15246 
restrictions 15194 15266 15322 
restrictive 15206 15224 
restructure 15333 
restructuring 15194 15240 15263 15312 15335 15345 
result 15228 15246 15335 
resulted 15194 15250 
results 15211 15226 15247 15263 15274 15292 15325 15345 
resume 15227 
retail 15209 
retirees 15343 
retirement 15224 
return 15242 15246 15345 
returning 15253 
returns 15241 
rev 15190 
revealed 15239 
revenue 15192 15279 15306 
revenues 15202 15214 15227 15238 15250 15263 15270 15325 
review 15253 15301 15304 
reviewed 15301 
revolutionary 15230 
revolving 15333 
revs 15180 15189 15205 15211 15233 15295 15307 15315 15327 15336 
rice 15206 
richard 15206 15255 15281 
richardson 15225 
rights 15200 15306 
ringo 15342 
rise 15194 15212 15215 15241 15294 
risen 15313 
rises 15192 15212 15231 15246 
rising 15246 15254 15313 
risk 15191 15254 15331 
risk-related 15332 
risks 15194 15241 
rite 15258 15283 
riyal 15272 
robert 15186 15241 15246 
roberts 15238 
robson 15194 
rodney 15254 
role 15214 
roll-over 15227 
rolls 15314 
rolls-royce 15286 
rolm 15214 
room 15255 
rose 15192 15194 15202 15257 15279 15297 15344 
rosemead 15216 
roughly 15212 15227 
round 15206 15239 
royalties 15342 
royce 15314 
rubber 15292 
rule 15237 
rules 15236 
ruling 15194 15228 15342 
rumors 15231 15239 
run-up 15241 
runs 15224 
rwanda 15194 
s. 15214 15332 
s.a 15268 
s.a. 15194 15268 
s/p 15191 15331 
sa 15217 
safer 15254 
safety 15213 15237 15254 
sale 15189 15238 15271 15281 15298 15301 15308 15323 15325 15340 
sales 15188 15194 15209 15213 15214 15221 15238 15247 15257 15259 15263 15270 15289 15308 15325 15326 15337 15342 
salmonella 15254 
salomon 15241 
salt 15195 
samba 15272 
samos 15338 
samuel 15198 
san 15240 15274 15277 15321 15333 
sango 15182 
sank 15230 
santa 15180 
sao 15304 
satisfactorily 15275 
satisfied 15253 
saturated 15329 
saudi 15272 
saudi-arabia 15272 
savings 15207 15224 
sb 15241 
sbo 15226 
scandal 15186 
sce 15216 
schaik 15194 
schedule 15303 
scheduled 15182 15216 15219 15223 15284 
schedules 15266 15303 
scheme 15224 
schn.pa 15217 
schneider 15217 
science 15309 
scientific 15225 15244 
scientist 15232 
scientists 15194 
scope 15212 
scores 15214 
scotia 15337 
sea 15200 15338 
seaborn 15333 
seabrook 15245 
search 15200 
season 15209 15287 15290 
seat 15192 15279 
seats 15266 
seattle 15183 
sec 15340 
secondary 15241 
secretary 15206 15284 
sector 15246 15289 
securities 15184 15193 15236 15251 15276 15293 15305 15310 15320 15324 15332 15334 15335 15340 
security 15186 15200 15222 15227 
seek 15238 
seeking 15194 15303 15335 
seeks 15303 
sees 15194 15209 15213 15226 15241 15242 15292 15310 15314 15325 
select 15301 
selected 15301 15310 
self-financing 15275 
sell 15184 15240 15270 15281 15302 15308 
selling 15209 
sells 15293 15332 15345 
semiannual 15288 
semiconductor 15223 
sen. 15266 
senate 15206 15266 15301 15322 
senator 15266 
senior 15191 15232 15282 15331 
separate 15308 
september 15250 15273 15335 15341 
series 15193 
serve 15216 
served 15186 
service 15187 15214 15237 15239 15254 15317 15325 15330 
serviced 15288 
services 15225 15263 15315 
session 15219 
set 15187 15218 15220 15236 15255 15287 15289 15313 
sets 15199 15218 15236 15258 15267 15268 15283 15330 
settled 15329 
settles 15275 
severe 15323 
severely 15322 
sex-spy 15186 
sgt 15186 
shadow 15284 
share 15184 15190 15194 15210 15213 15227 15239 15240 15246 15249 15250 15261 15263 15264 15270 15276 15278 15280 15281 15292 15307 15309 15313 15314 15331 15335 
shareholder 15276 
shareholders 15187 15196 15213 15240 15249 15272 15274 15278 15280 15292 15335 15345 
shares 15183 15184 15210 15217 15239 15249 15251 15261 15276 15294 15305 15320 15324 
sharp 15226 15241 
sharply 15263 
shaukat 15272 
shelf 15200 15340 
shift 15241 
shifted 15218 
shifting 15287 
ship 15273 
shipments 15263 15313 
shiremanstown 15258 15283 
shirts 15240 
short 15264 15298 15314 
short-term 15183 
shortage 15322 
shortly 15219 15264 15275 
shot 15230 
show 15209 15212 15226 15292 15325 
showboat 15226 
showed 15228 
shows 15260 
shr 15180 15185 15188 15189 15190 15205 15207 15211 15221 15233 15243 15247 15259 15263 15265 15295 15307 15315 15321 15326 15327 15336 
shrs 15189 15205 15221 15233 15326 
shultz 15284 
shunts 15195 
shut 15187 15201 15218 
shutdown 15187 15199 15218 
siehl 15277 
siemens 15213 15235 
sierra 15181 
sign 15241 15253 15335 
signed 15216 15255 15268 15286 15308 15334 15341 
significance 15255 
significant 15230 15238 15335 
significantly 15263 
signs 15216 15286 
silver 15264 
similar 15194 
simply 15266 
sims 15186 
single 15213 
sistemas 15268 
site 15214 
situation 15264 15304 15324 
sixth 15219 
skin 15306 
slate 15335 
slated 15218 
slater 15337 
slow 15310 
slowed 15246 
slower 15241 15242 15246 
slowly 15246 
slump 15239 
snecma 15286 
soared 15192 15294 
socal 15216 
socialist-led 15253 
sold 15194 15226 15308 
sole 15293 
solution 15200 15328 
solutions 15292 15328 
solve 15200 
solved 15200 
somerville 15320 
songs 15342 
sorghum 15194 
sosnoff 15331 
sought 15276 15342 
source 15206 
sources 15206 15219 15239 
south 15287 15330 
south-africa 15287 
south-korea 15287 
southeast 15324 
southern 15216 15230 
southington 15207 
southwestern 15230 
soviet 15186 15194 15203 
soviets 15284 
spa 15269 15314 
space 15338 
spain 15268 
spain-based 15268 
spanish 15194 
spc 15227 
speaking 15254 15329 
special 15187 15317 15325 15331 
specialized 15195 
specials 15260 
specialty 15195 
specific 15286 
specifically 15187 
spectre 15228 
spectrum 15212 15291 
speculate 15264 
speculation 15239 
speculative 15332 
speech 15203 15246 
spend 15187 15238 15346 
spending 15215 15238 15246 
spent 15238 
spie 15217 
spirit 15254 
spirits 15302 15308 
spit 15254 
split 15278 15280 
spokesman 15179 15181 15186 15217 15223 15239 15264 15286 15292 15314 15342 
spokeswoman 15214 15255 15308 
sponsor 15266 
sponsored 15322 
sport-oriented 15260 
sports 15260 
spr 15344 
spring 15286 
springs 15181 
spy 15186 15284 
sql 15232 
square 15182 15260 15298 
srp 15181 
ssbb 15207 
ssss 15315 
st. 15201 15218 15240 
stabilising 15230 
stable 15323 
staff 15186 15206 15254 
stagflation 15246 
stake 15194 15217 15239 15264 15276 
stakes 15194 
standard 15191 15241 15293 15331 
stanley 15254 15293 
starr 15342 
start 15182 15194 15213 15219 15226 
started 15182 15219 15264 
startup 15181 
stata 15295 15296 
state 15206 15245 15284 
stated 15191 
statement 15183 15200 15217 15239 15255 15266 15269 15286 15305 15308 15328 
statements 15309 
states 15206 15219 15224 15237 15238 15287 15290 15310 
station 15245 15263 
stations 15203 
status 15324 15344 
stays 15331 
stb 15324 
steady 15310 
steal 15213 
stearns 15239 
steel 15262 15313 
steelworkers 15343 
steers 15290 
stemmed 15200 
stenholm 15254 
step 15214 
steps 15206 
sterling 15272 
stevenson 15315 
stewart 15315 
stg 15215 
stimulate 15203 
stimulus 15253 
stipulates 15303 
stock 15181 15190 15210 15231 15239 15241 15251 15278 15280 15294 15310 15320 15328 15331 15335 
stockpiles 15329 
stocks 15241 15271 15339 15344 
stoltenberg 15229 15234 
stoneridge 15196 
stood 15228 15239 15304 15323 
stop 15198 
storage 15344 
store 15240 
stores 15240 15257 15326 15337 
story 15346 
strasbourg 15224 
strata 15295 15296 
strategic 15263 15344 
strategy 15239 15328 
streamlining 15270 
street 15239 15294 15298 
stretch 15241 
strike 15263 
strong 15209 15241 15263 
strongly 15335 
structure 15194 
structured 15232 
stuck 15255 
study 15313 
stufflebeam 15186 
subcommittee 15206 15237 15254 
subdued 15241 
subject 15281 15308 
subjects 15301 
submit 15236 15245 
submitting 15245 
subordinate 15184 
subordinated 15191 15249 15261 15331 
subsidiaries 15345 
subsidiary 15189 15192 15196 15214 15217 15235 15260 15326 15340 
subsidies 15206 
subsidizing 15206 
substantial 15312 15325 
substantially 15238 
subverting 15310 
succeed 15282 
succeeding 15214 
successful 15331 
successfully 15194 15343 
sue 15333 
suffered 15323 
sufficient 15345 
sugar 15203 
suggests 15212 
suit 15269 15342 
suma 15334 
summa 15334 
summary 15323 
super 15326 
superfan 15286 15314 
supplier 15269 
suppliers 15313 
supplies 15287 
supply 15181 15242 15246 15254 15341 
support 15225 15228 15303 15329 
supports 15206 15224 
supreme 15308 15342 
surgery 15195 
surplus 15206 15270 
surplus-producing 15224 
surprised 15246 
surveillance 15290 
survey 15215 
survival 15345 
survive 15345 
suspend 15227 
suspended 15227 
suspicion 15186 
sustain 15310 
svu 15326 
swallowed 15224 
swaps 15288 
switch 15266 
syndication 15260 
system 15235 15254 15325 
systems 15213 15225 15235 15263 15267 15268 15277 15332 15333 
tailored 15240 
take-or-pay 15325 
takeover 15239 15255 
taking 15231 15238 15292 15313 
talks 15204 15206 15219 15239 15252 15253 15255 15264 15284 15333 15343 
tanks 15230 
tapie 15306 
target 15220 15240 15255 
targeted 15274 
targets 15240 
tariff 15325 
tariffs 15206 15223 
tarriffs 15223 
taste 15194 
tate 15232 
tax 15189 15193 15211 15325 
taxes 15227 15246 15263 
team 15260 
tech 15314 
technical 15219 15225 15232 15244 15263 
technologies 15314 
technology 15214 15232 15286 15318 
teck 15264 
tehran 15244 
tel 15235 
tele-network 15267 
telecommunications 15325 
telephone 15214 15267 
television 15260 
telex 15317 
tend 15246 15323 
tentatively 15306 
term 15194 15227 15235 15298 15314 15316 
terminal 15179 15230 15317 
terminals 15317 
terminated 15255 15312 
termination 15343 
terms 15194 15210 15216 15223 15267 15288 15291 15301 15328 15331 15337 15340 15343 
territorrial 15200 
test 15180 15181 15182 15183 15184 15185 15186 15187 15188 15189 15190 15191 15192 15193 15194 15195 15196 15197 15198 15199 15200 15201 15202 15203 15204 15205 15206 15207 15208 15209 15210 15211 15212 15213 15214 15215 15216 15217 15218 15219 15220 15221 15222 15223 15224 15225 15226 15227 15228 15229 15230 15231 15232 15233 15234 15235 15236 15237 15238 15239 15240 15241 15242 15243 15244 15245 15246 15247 15248 15249 15250 15251 15252 15253 15254 15255 15256 15257 15258 15259 15260 15261 15262 15263 15264 15265 15266 15267 15268 15269 15270 15271 15272 15273 15274 15275 15276 15277 15278 15279 15280 15281 15282 15283 15284 15285 15286 15287 15288 15289 15290 15291 15292 15293 15294 15295 15296 15297 15298 15299 15300 15301 15302 15303 15304 15305 15306 15307 15308 15309 15310 15311 15312 15313 15314 15315 15316 15317 15318 15319 15320 15321 15322 15323 15324 15325 15326 15327 15328 15329 15330 15331 15332 15333 15334 15335 15336 15337 15338 15339 15340 15341 15342 15343 15344 15345 15346 15347 
tested 15318 
tests 15318 
texas 15193 15225 15238 
textile 15289 
therapeutic 15213 
thermo-electric 15203 
things 15214 15284 
thomas 15332 
thoracic 15195 
thorn-emi 15342 
thought 15187 
three-part 15316 
three-pronged 15230 
thrifts 15297 
throwing 15239 
thrown 15253 
thrufax 15317 
thrust 15230 15286 
thursday 15209 15226 
ties 15240 
time 15187 15214 15218 15248 15253 15254 15255 15264 15286 15288 15292 15313 15340 
timed 15330 
times 15338 
timothy 15239 
tin 15219 
tip 15230 
tnz 15221 
tobacco 15289 
today 15200 15206 15219 15224 15230 15239 15244 15254 15269 15280 15286 15301 15309 15329 
told 15186 15187 15206 15220 15226 15237 15240 15254 15255 15264 15272 15284 15292 15294 15309 15313 15314 15324 
tomorrow 15206 15219 15228 15330 
ton 15192 
tonne 15271 
tonnes 15244 15271 15273 15287 15341 
tons 15264 
toother 15218 
top 15210 15224 15309 
topeka 15282 
toronto 15184 15275 15278 
torrance 15232 
total 15192 15194 15198 15210 15213 15215 15238 15241 15264 15270 15276 15286 15287 15297 15298 15304 15325 15344 
totaled 15250 15279 15287 
tough 15310 
touring 15260 
towels 15254 
townson 15264 
tpc 15235 
trade 15198 15206 15223 15246 15262 15269 15272 15287 15290 15306 15310 15313 
traded 15181 15275 
traders 15194 15231 15239 15294 
trading 15181 15306 
traditional 15194 
traditionally 15198 
traffic 15192 
training 15244 
tranches 15293 
transaction 15210 
transactions 15337 
transfer 15292 
transferred 15218 
transferring 15218 
transportation 15325 
tranzonic 15221 
travel 15239 
traveled 15194 
travelers 15266 
treasuries 15293 
treasury 15234 15252 15253 15272 15289 15293 
treatment 15269 15306 15318 
trend 15254 
trials 15318 
trim 15206 
trimedia 15277 
trip 15206 
trizec 15261 
troops 15230 
trouble 15255 
trough 15254 
truck 15199 15201 15218 
trucks 15218 
trump 15239 
trust 15298 
tuberculosis 15290 
tuesday 15316 
tukwila 15259 
tulsa 15325 15327 
turgut 15200 
turkey 15200 15338 
turkeys 15254 
turkish 15200 15338 
turned 15194 
turning 15254 
turnover 15194 
tv 15260 15263 
two-for-one 15278 15280 
two-man 15335 
two-thirds 15224 
two-tranche 15293 
type 15239 
type= 15185 15199 15201 15222 15229 15231 15242 15243 15248 15252 15256 15262 15285 15302 15319 15339 15346 
u.k 15215 
u.k. 15215 15228 
u.s 15212 15223 15254 15284 15306 15318 15323 
u.s. 15186 15193 15194 15206 15217 15223 15225 15234 15237 15238 15241 15246 15252 15254 15267 15271 15272 15273 15286 15287 15290 15303 15310 15312 15313 15317 15318 15323 15341 15342 
u.s.senate 15322 
ual 15192 15231 15239 15294 
uap 15337 
uk 15215 15219 15228 15244 15253 15272 
unable 15345 
unanimously 15322 
uncertain 15287 
uncertainty 15323 
unchanged 15339 15344 
unconsolidated 15326 
underpinned 15241 
undersecretary 15206 
undertook 15219 
underwriters 15251 
underwriting 15320 
undisclosed 15337 
unforeseen 15255 
unilaterally 15206 
union 15203 15238 15239 15294 15343 
unit 15214 15230 15235 15239 15260 15281 15302 15306 15308 15317 15325 15330 15331 15333 
united 15192 15206 15237 15238 15239 15287 15290 15294 15310 15314 15337 15343 
units 15230 15275 15325 15342 
university 15232 
unloaded 15237 
unnecessarily 15254 
unproc 15346 
unregulated 15236 
unrestricted 15330 
unsuccessfully 15276 
unsustainable 15310 
unused 15270 
unusual 15294 
unveiled 15224 
unveils 15195 
unwanted 15224 
upj 15269 
upjohn 15269 
upward 15241 
urged 15198 
urges 15335 
urging 15194 15335 
us-virgin-islands 15267 
usda 15237 15254 15271 15273 15287 15290 15303 15323 15341 
users 15322 
usines 15255 
ussr 15186 15284 
utility 15181 15187 15245 
utx 15314 
v2500 15314 
valley 15264 
valu 15326 
valued 15213 15273 
values 15239 15323 
valuing 15303 
valves 15213 
van 15188 15194 
vancouver 15184 15264 
varies 15213 
vast 15194 
veg-oil 15341 
vegetable 15341 
venture 15182 15191 15264 15268 15275 
ventures 15194 
version 15286 15314 
versus 15190 15297 
veterans 15214 
vice 15194 15213 15214 15254 15282 
vice-president 15264 
victory 15230 
video 15263 
view 15246 
viewed 15214 
violate 15331 
violations 15254 15338 
virgin 15267 
virtual 15213 
visit 15284 
visiting 15206 15244 
visualize 15255 
vms 15298 
vodka 15308 
voids 15254 
volatile 15212 
volume 15194 15239 15263 15294 15297 
volumes 15325 
votes 15197 15208 15299 
voting 15184 15261 
vst 15298 
vul 15292 15300 
vulcan 15292 15300 
vulnerable 15239 
wab 15321 
wag 15197 15209 15211 
waiting 15219 
walgreen 15185 15197 15209 15211 
wall 15239 15282 15294 
wallin 15213 
wallis 15206 
wanted 15214 
warned 15246 
warning 15241 
warplanes 15230 15338 
warranted 15275 
warren 15291 
wash. 15259 
washington 15183 15186 15206 15223 15234 15236 15237 15240 15246 15253 15254 15266 15271 15273 15276 15287 15288 15290 15298 15301 15303 15322 15323 15324 15328 15330 15340 15341 15344 
watch 15331 
water 15254 
waters 15200 
wayne 15218 
ways 15206 
weaker 15194 15274 
weco 15183 
week 15187 15194 15200 15206 15226 15239 15267 15284 15310 15344 
weekend 15203 
weekly 15224 15344 
weeks 15239 15248 15255 15301 
weirick 15186 
welch 15263 
wells 15333 
wendel 15276 
west 15194 15213 15234 15235 15253 15279 15306 15311 15314 
west-germany 15253 15306 15311 
westamerica 15321 
western 15194 15224 15260 
westin 15239 
wfc 15333 
wheat 15271 15273 15341 
whisky 15308 
white 15223 15301 
whitney 15314 
wholesale 15181 
wholly 15275 
whonnock 15184 
wide 15289 
widely 15194 
wider 15194 
widespread 15239 15246 
widow 15342 
william 15282 
williams 15325 
willoughby 15184 
wilson 15253 
window 15310 
windsor 15308 
wine 15308 
wines 15308 
wing 15253 
wins 15225 15342 
winston 15213 
wis 15182 15218 
wmb 15325 
wo 15213 
wojnilower 15310 
women 15186 15240 
won 15225 15230 
wong 15232 
worcester 15280 
work 15181 15200 15203 15238 15255 15275 
worked 15286 
workers 15218 15343 
workforce 15312 
working 15255 15292 15305 15312 
world 15194 15254 15287 15288 15290 15310 15317 15330 15331 
worldwide 15213 15238 15241 15306 
worth 15225 
wound 15219 
wounded 15230 
write 15312 
writeoff 15250 15312 
writeoffs 15288 15314 
written 15255 
xebc 15270 
xebec 15270 
yankee 15245 
year-to-date 15257 15279 
years 15194 15203 15215 15219 15224 15237 15238 15254 15275 15289 15293 15313 15316 15323 15342 
yesterday 15186 15196 15230 15286 15291 15334 
yield 15293 
yielding 15194 
yohai 15198 
yoko 15342 
yonover 15332 
york 15190 15191 15193 15212 15213 15227 15239 15241 15260 15265 15267 15293 15294 15297 15308 15310 15311 15317 15329 15330 15331 15342 
young 15203 
zebra 15268 
zeeuw 15206 
zond 15276 
zondervan 15276 
