'll 4179 
're 4160 4232 4233 
****** 4148 4150 4164 4185 
-1st-q 4176 
-2nd-q 4194 
-4 4141 4155 
-4th 4205 
-ac 4159 
-buys-pe 4249 
-delays-d 4178 
-extends-ince 4230 
-f 4197 
-ge 4180 
-gets-tem 4146 
-has 4198 
-in 4234 
-kwu 4163 
-merrill-ly 4202 
-nam 4195 
-opens 4250 
-plan 4265 
-registe 4217 
-rejects-14 4135 
-repu 4145 
-respon 4252 
-says-reco 4223 
-seek 4207 
-sell 4270 
-to 4201 4208 
-to-empha 4232 
-unit-s 4264 
-votes-1 4175 
.. 4127 
/author 4130 4154 4156 4160 4165 4174 4232 4246 4267 
/ompany 4158 
0.2 4152 
0.3 4152 4165 
0.320833 4244 
0.4 4152 
0.5 4152 4165 
0.6 4152 4165 
0.7 4165 4225 
0.8 4152 
0008 4185 
0012 4148 4150 4164 
0021 4193 
0022 4240 
0023 4177 4210 4245 
0024 4144 4250 
0025 4176 4228 4241 4253 
0028 4257 4265 
0030 4234 
0031 4258 
0034 4189 
0036 4142 4251 
0038 4201 
0039 4195 4261 
0040 4242 
0041 4141 4194 4220 4273 
0042 4184 
0046 4178 
0047 4217 4219 
0050 4149 
0051 4157 
0052 4224 
0053 4153 
0054 4146 4155 
0057 4229 4230 
0060 4205 
0061 4188 
0062 4243 
0063 4159 4206 
0064 4175 4211 
0065 4169 4208 4237 
0068 4161 4254 
0069 4264 
0073 4171 4222 
0074 4123 4207 4255 4263 4272 
0075 4134 4140 
0076 4181 4203 4239 
0078 4235 
0080 4218 
0084 4168 4216 
0085 4209 
0086 4192 4227 
0088 4246 
0089 4260 
0091 4274 
0092 4166 4244 
0093 4124 4165 4174 4191 4247 
0094 4139 
0095 4128 4138 4160 
0096 4154 4182 
0098 4221 4225 4226 
0099 4130 4271 
0100 4135 4231 4238 
0101 4252 
0102 4173 4214 
0103 4129 4198 4233 
0104 4131 4133 4163 4248 
0105 4126 4143 4183 4204 4232 4259 4267 
0106 4147 4167 4196 4236 4266 
0107 4162 4200 
0108 4269 
0109 4145 4152 4249 
0110 4202 
0111 4125 
0112 4156 4190 4223 4262 
0113 4186 4256 4270 
0114 4136 4212 
0115 4127 
0118 4137 
0119 4132 4187 
0120 4122 
0121 4215 
0123 4158 
0124 4151 4197 
0127 4213 
0131 4172 4199 
0136 4170 
0138 4180 
0140 4179 
0143 4268 
0200 4124 
03-12 4122 4123 4124 4125 4126 4127 4128 4129 4130 4131 4132 4133 4134 4135 4136 4137 4138 4139 4140 4141 4142 4143 4144 4145 4146 4147 4148 4149 4150 4151 4152 4153 4154 4155 4156 4157 4158 4159 4160 4161 4162 4163 4164 4165 4166 4167 4168 4169 4170 4171 4172 4173 4174 4175 4176 4177 4178 4179 4180 4181 4182 4183 4184 4185 4186 4187 4188 4189 4190 4191 4192 4193 4194 4195 4196 4197 4198 4199 4200 4201 4202 4203 4204 4205 4206 4207 4208 4209 4210 4211 4212 4213 4214 4215 4216 4217 4218 4219 4220 4221 4222 4223 4224 4225 4226 4227 4228 4229 4230 4231 4232 4233 4234 4235 4236 4237 4238 4239 4240 4241 4242 4243 4244 4245 4246 4247 4248 4249 4250 4251 4252 4253 4254 4255 4256 4257 4258 4259 4260 4261 4262 4263 4264 4265 4266 4267 4268 4269 4270 4271 4272 4273 4274 
07:17:55.57 4122 
07:18:34.73 4123 
07:19:07.41 4124 
07:20:31.83 4125 
07:22:10.47 4126 
07:26:54.30 4127 
07:29:34.82 4128 
07:30:32.23 4129 
07:34:26.59 4130 
07:40:17.27 4131 
07:48:29.24 4132 
07:50:16.21 4133 
07:51:54.96 4134 
08:06:42.75 4135 
08:09:13.33 4136 
08:15:55.79 4137 
08:20:06.05 4138 
08:20:55.91 4139 
08:21:05.89 4140 
08:21:21.00 4141 
08:21:26.01 4142 
08:21:38.02 4143 
08:22:13.79 4144 
08:24:35.74 4145 
08:25:33.47 4146 
08:25:44.41 4147 
08:26:04.18 4148 
08:26:44.35 4149 
08:31:00.00 4150 
08:31:27.61 4151 
08:37:47.84 4152 
08:39:05.29 4153 
08:40:31.14 4154 
08:42:14.38 4155 
08:50:08.10 4156 
08:51:25.73 4157 
08:53:26.24 4158 
08:54:32.55 4159 
08:55:44.03 4160 
08:56:15.01 4161 
08:56:38.50 4162 
08:58:38.29 4163 
08:59:23.91 4164 
09:01:08.51 4165 
09:05:29.00 4166 
09:05:55.13 4167 
09:06:37.77 4168 
09:07:47.09 4169 
09:09:49.42 4170 
09:14:06.67 4171 
09:14:16.78 4172 
09:16:01.55 4173 
09:19:05.29 4174 
09:19:23.40 4175 
09:19:47.41 4176 
09:20:00.20 4177 
09:20:41.39 4178 
09:21:40.82 4179 
09:25:15.14 4180 
09:26:01.54 4181 
09:26:49.79 4182 
09:27:01.63 4183 
09:27:07.86 4184 
09:28:13.34 4185 
09:29:02.46 4186 
09:29:21.56 4187 
09:29:52.88 4188 
09:30:22.78 4189 
09:30:48.30 4190 
09:31:00.75 4191 
09:31:38.92 4192 
09:31:57.70 4193 
09:33:40.01 4194 
09:33:46.07 4195 
09:33:56.03 4196 
09:34:06.61 4197 
09:34:49.16 4198 
09:35:08.87 4199 
09:37:10.30 4200 
09:38:09.84 4201 
09:39:43.19 4202 
09:40:55.17 4203 
09:41:05.36 4204 
09:42:34.74 4205 
09:43:35.10 4206 
09:49:17.31 4207 
09:49:54.09 4208 
09:50:10.98 4209 
09:53:07.24 4210 
09:53:23.60 4211 
09:53:47.25 4212 
09:54:00.72 4213 
09:54:20.06 4214 
09:55:21.79 4215 
09:55:48.07 4216 
09:57:17.68 4217 
09:57:52.99 4218 
09:57:57.84 4219 
1,000 4121 4130 4151 4222 
1,010,000 4142 
1,045,799 4239 
1,048,543 4169 
1,056,000 4184 
1,063,000 4141 
1,068,000 4216 
1,116,857 4194 
1,148,476 4273 
1,300,000 4258 
1,343,000 4141 
1,350,387 4160 
1,360,000 4155 4261 
1,407,000 4220 
1,478,066 4169 
1,500,000 4249 
1,541,000 4184 
1,544,000 4142 4143 
1,548,000 4157 
1,650,000 4187 
1,700,000 4145 
1,742,000 4184 
1,743,000 4143 
1,913,000 4157 
1,918,000 4189 4214 
1,970,000 4261 
1,979,916 4216 
1,996,000 4220 
1-1/2 4228 
1-1/4 4222 4271 
1.0 4152 
1.02 4123 
1.03 4223 
1.05 4197 
1.13 4142 
1.15 4197 
1.16 4218 
1.2 4165 
1.25 4187 
1.3 4152 4162 4225 4232 4262 
1.33 4196 
1.4 4152 4225 
1.48 4266 
1.5 4136 4150 4152 4232 4267 
1.501 4131 
1.503 4188 
1.55 4131 4196 
1.6 4152 
1.60 4131 4188 
1.68 4267 
1.7 4152 
1.73 4205 
1.75 4225 
1.78 4218 
1.8 4152 
1.81 4197 4266 
1.82 4132 4205 
1.9 4136 4152 4246 4262 
1.91 4223 
10,000 4170 4174 
10,500,000 4205 
10-3/8 4131 
10-5/16 4188 
10-7/16 4131 
10-year 4271 
10.06 4218 
10.5 4223 
10.62 4172 
10.75 4187 
100,000 4129 4138 4147 4244 
100-3/4 4222 
100.6 4218 
100.63 4123 
101-5/8 4271 
101st 4250 
104,000 4147 
10:01:39.53 4220 
10:02:18.11 4221 
10:02:36.06 4222 
10:04:29.48 4223 
10:08:55.47 4224 
10:11:33.31 4225 
10:11:41.06 4226 
10:14:33.18 4227 
10:15:43.68 4228 
10:16:06.98 4229 
10:16:14.56 4230 
10:16:26.60 4231 
10:18:49.48 4232 
10:19:08.67 4233 
10:19:13.32 4234 
10:19:20.07 4235 
10:19:32.05 4236 
10:19:40.20 4237 
10:19:55.90 4238 
10:21:36.78 4239 
10:21:43.73 4240 
10:23:22.43 4241 
10:23:42.49 4242 
10:23:55.69 4243 
10:24:06.78 4244 
10:24:29.91 4245 
10:24:54.38 4246 
10:26:49.07 4247 
10:27:50.31 4248 
10:28:06.95 4249 
10:28:29.58 4250 
10:28:35.46 4251 
10:29:03.21 4252 
10:32:34.22 4253 
10:35:25.81 4254 
10:38:23.37 4255 
10:41:54.43 4256 
10:42:29.37 4257 
10:42:57.51 4258 
10:43:13.22 4259 
10:43:27.43 4260 
10:49:56.74 4261 
10:51:09.06 4262 
10:56:27.16 4263 
10:58:25.02 4264 
10:58:29.20 4265 
10:59:05.96 4266 
10:59:14.45 4267 
11,850,000 4212 
11-3/8 4264 
11.3 4194 
11.5 4136 
11.7 4161 
11.76 4123 
116,000 4161 
116.65 4137 4196 
116.73 4137 4196 
117.09 4152 
117.52 4152 
11:01:28.46 4268 
11:09:17.07 4269 
11:10:37.71 4270 
11:10:50.56 4271 
11:10:57.84 4272 
11:11:23.38 4273 
11:11:32.89 4274 
12-1/2 4144 4241 
12-hour 4126 
12-mar-1987 4122 4123 4124 4125 4126 4127 4128 4129 4130 4131 4132 4133 4134 4135 4136 4137 4138 4139 4140 4141 4142 4143 4144 4145 4146 4147 4148 4149 4150 4151 4152 4153 4154 4155 4156 4157 4158 4159 4160 4161 4162 4163 4164 4165 4166 4167 4168 4169 4170 4171 4172 4173 4174 4175 4176 4177 4178 4179 4180 4181 4182 4183 4184 4185 4186 4187 4188 4189 4190 4191 4192 4193 4194 4195 4196 4197 4198 4199 4200 4201 4202 4203 4204 4205 4206 4207 4208 4209 4210 4211 4212 4213 4214 4215 4216 4217 4218 4219 4220 4221 4222 4223 4224 4225 4226 4227 4228 4229 4230 4231 4232 4233 4234 4235 4236 4237 4238 4239 4240 4241 4242 4243 4244 4245 4246 4247 4248 4249 4250 4251 4252 4253 4254 4255 4256 4257 4258 4259 4260 4261 4262 4263 4264 4265 4266 4267 4268 4269 4270 4271 4272 4273 4274 
12-year 4262 
12.5 4249 
12.75 4205 
122.29 4152 
123,500 4219 
123.7 4149 
123.88 4218 
127,000 4206 
128,000 4206 
129,000 4206 
129.5 4196 
13,000 4239 
13-1-1 4125 
13.1 4239 
131,000 4206 
131,600,000 4205 
134,300,000 4205 
134.54 4123 
14-bank 4126 
14.1 4197 
14.17 4218 
14.20 4143 
14.3 4261 
14.4 4152 
14.8 4225 
14.86 4130 
143.99 4218 
15,000 4174 
15.2 4189 
15.5 4267 
15.6 4172 
15.8 4174 
15.84 4196 
150,000 4214 
150.4 4132 
16.4 4205 
16.50 4174 
16.68 4143 
160,000 4122 
161,019 4169 
169,275 4169 
17.0 4184 
17.20 4174 
17.30 4174 
17.42 4174 
17.6 4146 
17.7 4152 
17.9 4141 
173,000 4123 
174.7 4155 
176,000 4216 
178.69 4218 
179,000 4219 
18-month 4151 
18.2 4189 
180-year-old 4130 
1800 4171 
185,000 4174 
186,655 4162 
19-month 4124 
19.6 4216 
19.8 4157 
190.9 4132 
191.5 4155 
1979 4125 
1980 4215 
1981 4248 
1982 4226 4247 
1984 4125 
1985 4132 4136 4143 4151 4155 4162 4165 4172 4200 4223 4229 4232 4239 
1985/86 4266 
1986 4123 4126 4132 4136 4137 4143 4147 4160 4162 4165 4173 4182 4192 4196 4197 4201 4211 4212 4218 4223 4225 4230 4232 4238 4268 
1987 4126 4132 4137 4143 4147 4174 4192 4199 4208 4214 4225 4230 4232 4238 4243 4263 4268 
1987-89 4179 
1988 4166 4263 
1989 4128 
1990 4183 4215 
1991 4269 
1992 4130 4140 
1997 4222 4271 
1st 4176 4184 4189 4219 4257 4258 4261 
2,193,000 4189 4214 
2,200 4133 
2,200,000 4258 
2,245,000 4155 
2,287,179 4239 
2,299,764 4216 
2,614,224 4239 
2,633,000 4141 
2,658,692 4169 
2,760,000 4261 
2,835,000 4142 
2,885,000 4155 
2,939,459 4216 
2,945,000 4184 
2.0 4152 4267 
2.00 4223 
2.1 4125 4160 
2.11 4185 4205 
2.14 4132 
2.18 4126 
2.2 4165 4173 
2.20 4197 
2.25 4145 
2.5 4165 4200 
2.6 4165 4246 
2.64 4238 
2.7 4132 
2.73 4225 
2.8 4136 4213 
2.85 4238 
2.94 4238 
20.1 4184 
20.79 4130 
20.8 4261 
200,000 4237 4244 
2002 4221 4264 
2012 4270 
21.2 4273 
21.3 4197 
21.6 4197 
210.16 4218 
22.04 4223 
22.3 4197 
22.33 4205 
22.4 4152 
2200 4171 
221,200,000 4205 
221.2 4223 
223.6 4196 
23.2 4223 4273 
23.3 4141 
23.52 4152 
23.54 4225 
23.7 4223 
23.8 4223 
23.85 4221 
238.9 4205 
24.13 4205 
24.5 4216 
24.9 4160 
241,000 4261 
242p 4266 
243,064 4160 
248p 4266 
249.4 4223 
25.3 4132 4212 
250,000 4180 
26.43 4270 
26.7 4216 4254 
26.91 4152 
27.50 4244 
27.7 4152 
27.83 4196 
278,780 4219 
279,726 4258 
28.4 4205 
28.8 4132 
285,000 4123 
285,000,000 4205 
287,391 4162 
29.20 4186 
290,000 4206 
299,930 4239 
2nd 4184 4194 
3,000 4182 4201 
3,217,500 4169 
3,414,145 4219 
3,570,585 4160 
3,750,000 4217 
3,770,341 4239 
3,912,000 4142 4143 
3.0 4152 
3.10 4132 
3.2 4212 
3.3 4167 
3.5 4179 4246 
3.56 4132 
3.64 4205 
3.7 4217 
3.85 4244 
3.9 4175 
3.9- 4230 
3.90 4238 
3.97 4137 
3/4 4271 
3/8 4222 
30-year 4205 
30.625 4235 
30.63 4137 
30.8 4205 4216 
300,000 4129 4249 
309,000 4206 
31.05 4196 
310,000 4129 4206 
315,695-dwt 4171 
32.3 4223 
32.5 4132 
325,937 4273 
328,000 4206 
329,000 4176 
33.5 4160 
35.2 4184 
35.27 4225 
35.9 4223 
350,000 4160 
354,820 4273 
37.6 4223 
372.6 4223 
38.2 4184 
387,000 4216 
39,000-ton 4203 
39.9 4132 
390,179 4169 
3rd 4169 4216 
4,000 4126 
4,293,393 4219 
4,350,000 4169 
4,400 4202 
4,500,000 4214 
4,582,000 4176 
4,600,000 4224 
4,656,000 4141 
4,714,581 4257 
4,799,000 4157 
4,977,818 4257 
4.06 4137 
4.1 4136 4150 4152 4255 
4.10 4218 
4.133 4246 
4.35 4205 
4.4 4136 4152 
4.5 4199 
4.7 4223 
4.77 4152 
4.85 4151 
40.6 4123 
411,275 4257 
4122 4122 
4123 4123 
4124 4124 
4125 4125 
4126 4126 
4127 4127 
4128 4128 
4129 4129 
4130 4130 
4131 4131 
4132 4132 
4133 4133 
4134 4134 
4135 4135 
4136 4136 
4137 4137 
4138 4138 
4139 4139 
414,968 4194 
4140 4140 
4141 4141 
4142 4142 
4143 4143 
4144 4144 
4145 4145 
4146 4146 
4147 4147 
4148 4148 
4149 4149 
4150 4150 
4151 4151 
4152 4152 
4153 4153 
4154 4154 
4155 4155 
4156 4156 
4157 4157 
4158 4158 
4159 4159 
4160 4160 
4161 4161 
4162 4162 
4163 4163 
4164 4164 
4165 4165 
4166 4166 
4167 4167 
4168 4168 
4169 4169 
4170 4170 
4171 4171 
4172 4172 
4173 4173 
4174 4174 
4175 4175 
4176 4176 
4177 4177 
4178 4178 
4179 4179 
4180 4180 
4181 4181 
4182 4182 
4183 4183 
4184 4184 
4185 4185 
4186 4186 
4187 4187 
4188 4188 
4189 4189 
4190 4190 
4191 4191 
4192 4192 
4193 4193 
4194 4194 
4195 4195 
4196 4196 
4197 4197 
4198 4198 
4199 4199 
4200 4200 
4201 4201 
4202 4202 
4203 4203 
4204 4204 
4205 4205 
4206 4206 
4207 4207 
4208 4208 
4209 4209 
4210 4210 
4211 4211 
4212 4212 
4213 4213 
4214 4214 
4215 4215 
4216 4216 
4217 4217 
4218 4218 
4219 4219 
4220 4220 
4221 4221 
4222 4222 
4223 4223 
4224 4224 
4225 4225 
4226 4226 
4227 4227 
4228 4228 
4229 4229 
423,659 4162 
4230 4230 
4231 4231 
4232 4232 
4233 4233 
4234 4234 
4235 4235 
4236 4236 
4237 4237 
4238 4238 
4239 4239 
4240 4240 
4241 4241 
4242 4242 
4243 4243 
4244 4244 
4245 4245 
4246 4246 
4247 4247 
4248 4248 
4249 4249 
4250 4250 
4251 4251 
4252 4252 
4253 4253 
4254 4254 
4255 4255 
4256 4256 
4257 4257 
4258 4258 
4259 4259 
4260 4260 
4261 4261 
4262 4262 
4263 4263 
4264 4264 
4265 4265 
4266 4266 
4267 4267 
4268 4268 
4269 4269 
4270 4270 
4271 4271 
4272 4272 
4273 4273 
4274 4274 
43,000 4250 
43.10 4137 
43.19 4137 
44,913 4125 
44.25 4270 
44.6 4223 
44.9 4132 
442,532 4219 
449,533 4194 
45.0 4249 
458.0 4149 
46.5 4155 
46.72 4152 
467,000 4216 
472.0 4205 
472.3 4197 
478,700 4169 
48.4 4123 
485.2 4149 
491,694 4162 
4p 4266 
4th 4141 4155 4157 4185 4205 4239 4273 
5,000 4222 4262 4271 
5,100,000 4159 
5,101,747 4219 
5,119,637 4273 
5,276,627 4194 
5,400,000 4145 
5,726,722 4194 
5,951,612 4239 
5.04 4238 
5.2 4132 4225 
5.24 4132 
5.34 4238 
5.4 4225 
5.5 4223 4262 4267 
5.8 4152 
5.85 4151 
5.9 4232 
50,000 4129 4208 
50,745 4169 
50.7 4155 
50.76 4123 
50.92 4137 4196 
500,000 4140 4229 
51.2 4197 
51.3 4132 
52,000 4216 
52.1 4197 
52.3 4149 
52.5 4197 
526,315 4227 
53,351 4203 
538.9 4197 
54.5 4197 
543-21 4151 
564,000 4157 
58.2 4220 
582,300,000 4205 
582.3 4223 
584,118 4257 
59.75 4221 
591.7 4149 
6,050,968 4219 
6,338,000 4216 
6,390,995 4273 
6,400 4203 
6,714,000 4176 
6,747,442 4239 
6,770 4125 
6,874,505 4239 
6.25 4218 
6.4 4136 
6.5 4208 
6.65 4223 
6.66 4151 
6.7 4227 
6.76 4205 
6.84 4238 
60.50 4123 
600,000 4138 
605,682 4162 
610,000 4176 
622,000 4157 
639,000 4141 
64.7 4225 
658,159 4239 
66.7 4225 
7,000 4214 
7,012,195 4160 
7,382,802 4239 
7,489,000 4141 
7,508,000 4157 
7,521,643 4235 
7-1/2 4187 4245 
7.0 4267 
7.23 4223 
7.35 4205 
7.4 4152 
7.6 4145 
7.68 4238 
7.69 4218 
7.7 4263 
705.4 4149 
75.4 4220 
75.58 4152 
76,591 4258 
76.9 4218 
779,981 4194 
780,000 4145 
79.2 4149 
796,413 4229 
8,577,853 4239 
8,954,000 4216 
8,994,000 4155 
8-1/4 4271 
8.05 4123 
8.1 4223 
8.16 4126 
8.19 4238 
8.3 4162 
8.70 4262 
8.8 4152 4162 4223 
8.85 4218 
80,000 4122 
81.25 4137 
82.2 4149 
83.0 4145 
83.37 4137 
86,469 4273 
866.2 4197 
9,220,000 4155 
9,270,000 4155 
9,282,000 4155 
9,394,000 4155 
9,396,000 4155 
9.59 4123 
9.67 4123 
9.9 4229 4267 
9.9-annual 4230 
90,000 4122 
9035 4122 
9036 4123 
9037 4124 
9038 4125 
9039 4126 
9040 4127 
9041 4128 
9042 4129 
9043 4130 
9044 4131 
9045 4132 
9046 4133 
9047 4134 
9048 4135 
9049 4136 
9050 4137 
9051 4138 
9052 4139 
9053 4140 
9054 4141 
9055 4142 
9056 4143 
9057 4144 
9058 4145 
9059 4146 
9060 4147 
9061 4148 
9062 4149 
9063 4150 
9064 4151 
9065 4152 
9066 4153 
9067 4154 
9068 4155 
9069 4156 
9070 4157 
9071 4158 
9072 4159 
9073 4160 
9074 4161 
9075 4162 
9076 4163 
9077 4164 
9078 4165 
9079 4166 
9080 4167 
9081 4168 
9082 4169 
9083 4170 
9084 4171 
9085 4172 
9086 4173 
9087 4174 
9088 4175 
9089 4176 
9090 4177 
9091 4178 
9092 4179 
9093 4180 
9094 4181 
9095 4182 
9096 4183 
9097 4184 
9098 4185 
9099 4186 
9100 4187 
9101 4188 
9102 4189 
9103 4190 
9104 4191 
9105 4192 
9106 4193 
9107 4194 
9108 4195 
9109 4196 
9110 4197 
9111 4198 
9112 4199 
9113 4200 
9114 4201 
9115 4202 
9116 4203 
9117 4204 
9118 4205 
9119 4206 
9120 4207 
9121 4208 
9122 4209 
9123 4210 
9124 4211 
9125 4212 
9126 4213 
9127 4214 
9128 4215 
9129 4216 
9130 4217 
9131 4218 
9132 4219 
9133 4220 
9134 4221 
9135 4222 
9136 4223 
9137 4224 
9138 4225 
9139 4226 
9140 4227 
9141 4228 
9142 4229 
9143 4230 
9144 4231 
9145 4232 
9146 4233 
9147 4234 
9148 4235 
9149 4236 
9150 4237 
9151 4238 
9152 4239 
9153 4240 
9154 4241 
9155 4242 
9156 4243 
9157 4244 
9158 4245 
9159 4246 
9160 4247 
9161 4248 
9162 4249 
9163 4250 
9164 4251 
9165 4252 
9166 4253 
9167 4254 
9168 4255 
9169 4256 
9170 4257 
9171 4258 
9172 4259 
9173 4260 
9174 4261 
9175 4262 
9176 4263 
9177 4264 
9178 4265 
9179 4266 
9180 4267 
9181 4268 
9182 4269 
9183 4270 
9184 4271 
9185 4272 
9186 4273 
9187 4274 
920,000 4123 
933,000 4157 
944.1 4197 
96.30 4262 
97.1 4160 
97.16 4262 
`` 4122 4124 4126 4127 4130 4133 4134 4136 4139 4153 4154 4156 4158 4160 4165 4173 4174 4179 4190 4191 4192 4200 4215 4223 4226 4232 4233 4246 4252 4255 4256 4267 4268 
aaa 4229 
ab 4121 4168 
aberration 4165 
ability 4130 4143 4174 4232 
abrupt 4122 
absence 4122 
abusive 4191 
accelerate 4173 
accept 4127 4135 
acceptance 4223 
accepted 4143 4229 
access 4130 4172 
accessories 4160 
accident 4252 
accidents 4252 
accommodation 4226 
accompanying 4268 
accord 4122 4139 4156 4165 4226 
account 4154 4191 4215 4223 
accounting 4126 
accounts 4126 
accrued 4244 
accruing 4226 
accurate 4190 
achieve 4153 4232 
achieved 4267 
acid 4252 
acq 4127 4135 4145 4146 4148 4153 4158 4159 4161 4164 4167 4182 4201 4204 4209 4212 4227 4229 4233 4235 4237 4249 
acquire 4145 4146 4153 4161 4187 4212 4213 4233 4235 
acquired 4223 4235 4274 
acquires 4209 
acquiring 4204 4233 
acquisition 4153 4158 4159 4167 4212 4233 4274 
acquisitions 4132 
acres 4133 4213 
act 4127 4207 4268 
action 4127 4199 4252 
actively 4229 
activities 4127 4154 4227 4266 
activity 4127 4165 
acts 4186 
ad 4154 
added 4122 4125 4126 4127 4129 4138 4147 4154 4160 4165 4168 4174 4187 4192 4226 4230 4236 4267 4269 
adding 4160 4174 4266 
addition 4143 4158 4180 
additional 4129 4136 4143 4151 4213 4269 
additions 4263 
addressed 4130 
adhering 4174 
adjourned 4191 
adjusted 4152 4155 
adjustment 4212 
administration 4248 
administrative 4223 
admitted 4196 
adopt 4267 
adopting 4215 
advanced 4158 4182 4200 4201 4227 
advancements 4227 
advances 4159 
advantage 4243 
advantages 4136 
adversely 4266 
advice 4135 4252 
adviser 4207 
advising 4127 
advisor 4153 4247 
advisors 4135 
advisory 4126 4154 4226 4256 
aerospace 4201 
aerotech 4216 
affairs 4132 
affect 4232 
affected 4128 4192 4226 4266 
affiliate 4160 
africa 4259 
african 4259 
afternoon 4188 
ag 4132 4136 4147 4163 
agencies 4126 4158 
agency 4124 4180 4214 4246 4252 4268 
agent 4186 
aggregates 4235 
aggressive 4127 
ago 4133 4156 4173 4191 4196 4206 4223 4251 4263 
agreed 4130 4139 4145 4154 4156 4165 4174 4187 4201 4204 4227 4234 4237 4246 
agreeing 4174 
agreement 4136 4138 4147 4156 4161 4167 4174 4179 4195 4200 4204 4213 4227 4229 4256 
agreements 4125 4248 4256 
agrees 4204 
agricultural 4133 4154 
agriculture 4133 4156 4199 
aground 4203 
ahead 4191 
aid 4126 4129 4231 4247 
aids 4190 4274 
aim 4124 4127 4130 
aimed 4121 4156 4267 
aims 4179 4200 
air 4126 4197 4254 
aircraft 4158 
airforce 4263 
airline 4181 
airlines 4167 4197 
airways 4181 4196 4225 
ala. 4157 
alberta 4156 4187 
albuquerque 4254 
alliance 4166 
alliances 4130 
allowance 4230 
allowances 4230 
allowed 4121 4130 4154 4186 4233 4259 
allowing 4130 4180 4246 
alternatives 4135 4153 4229 4233 
alvite 4129 
am-jamaica 4179 
am-perle-***urgent 4248 
amag 4235 
amendments 4268 
amer-cable 4186 
ameri-cable 4186 
america 4133 4136 4167 4235 4239 
american 4133 4136 4181 4212 4226 4229 4235 
amount 4188 4267 4268 
amounts 4267 
analysis 4130 4252 
analyst 4130 
analysts 4166 4168 4174 4232 4266 4267 
and/or 4199 
anders 4190 
andrew 4204 
angeles 4181 
animal 4274 
anita 4259 
annapolis 4224 
announce 4248 
announced 4130 4167 4172 4221 4226 4230 4259 
announcing 4267 
annual 4126 4127 4132 4175 4227 4231 4232 4266 
anomaly 4165 
anti-soviet 4248 
anti-takeover 4146 
antibodies 4190 
antigens 4190 
anytime 4165 
apparel 4145 4152 4223 
appealed 4126 
appears 4156 4256 
application 4146 4181 
applications 4160 
applied 4145 4181 4198 
applies 4230 
apply 4128 4160 
appointed 4180 
appreciated 4170 
appreciation 4160 4170 
approach 4223 
approached 4129 4168 
approval 4121 4145 4170 4201 4204 
approvals 4159 4178 
approved 4159 4175 
approving 4156 
approximately 4214 4231 
april 4131 4133 4138 4143 4144 4174 4177 4193 4208 4210 4218 4220 4222 4225 4228 4230 4240 4241 4245 4253 4262 4267 4271 
aquires 4274 
arab 4171 
arabia 4138 4246 
arabia's 4246 
arabian 4171 4246 
aramco 4246 
arc 4235 
area 4125 4213 
areas 4133 4156 4232 4266 
argentina 4136 
argued 4215 
arguello 4232 
ariz. 4207 4261 
ark. 4189 4214 
arm 4202 4211 
arms 4248 
arrangement 4156 
arranging 4207 4212 
arrived 4129 
art 4227 
artificial 4127 4160 
artificially 4246 
asia 4247 
asked 4139 4158 4233 4248 
assess 4267 
asset 4204 4232 4247 
assets 4232 
assistance 4131 4188 4200 
assistant 4248 4256 
association 4130 4211 4229 
atlanta 4212 4229 
attack 4171 4231 
attacked 4170 4171 
attempt 4146 
attempts 4127 4143 
attitude 4215 
attorney 4252 
attract 4202 
attrib 4149 
aturo 4129 
auburn 4231 
augar 4266 
aura 4160 
australia 4123 
author 4130 4154 4156 4160 4165 4174 4232 4246 4267 
authorities 4226 
authority 4181 4183 
authorized 4175 
auto 4152 
autos 4152 
average 4132 4137 4196 4212 4246 4262 
averaged 4246 
avg 4155 4169 4205 4216 4219 4239 4261 
aviation 4181 
avoid 4127 
awarded 4180 
awards 4263 
b-1 4264 
b-plus 4264 
ba-2 4270 
bab 4225 
babcock 4163 
back 4154 4160 4165 
backed 4267 
backlog 4216 4263 
bad 4165 
bags 4267 
baird 4146 
baker 4139 
balance 4172 4187 4232 4244 4266 
balanced 4174 
balao 4129 
baldrige 4158 
balladur 4130 
baltimore 4184 
ban 4124 4191 
banca 4134 
bancorp 4159 4241 
band 4131 4188 
bang 4130 
bank 4121 4126 4127 4130 4131 4134 4136 4138 4145 4165 4167 4170 4187 4188 4202 4226 4229 4256 4271 
bank/international 4226 
bankers 4126 4130 4170 4226 
banking 4130 4202 4207 4226 
bankruptcy 4143 4151 
banks 4122 4126 4127 4130 4179 4226 4233 4256 
banquet 4139 
bargaining 4156 
barrel 4174 4246 
barrels 4125 4129 4162 4174 4232 4246 
barriers 4136 4156 
base 4254 
based 4135 4174 4201 4202 4212 4256 4259 4262 
basin 4203 
basins 4180 
basis 4121 4165 4186 4252 4271 
batm 4146 
battered 4165 
battle 4127 
bb-minus 4270 
bc- 4123 4161 4198 4251 
bc-******borg-warner-to 4164 
bc-******dudley-taft-and 4148 
bc-******k-mart-corp-4th 4185 
bc-******u.s.-retail-sal 4150 
bc-/k-mart-corp- 4205 
bc-/treasury-official-sa 4256 
bc-/u.s.-retail-sales-ri 4152 
bc-baird- 4146 
bc-bdm-international- 4254 
bc-beauticontrol-cosmeti 4257 
bc-bel-fuse-inc- 4141 
bc-bennetton 4202 
bc-biotech-capital- 4237 
bc-borg-warner- 4201 
bc-british-airways- 4225 
bc-british-caledonian-se 4181 
bc-british-telecom-cauti 4266 
bc-bulletin-says-tin-pri 4122 
bc-california-workers-en 4151 
bc-cbt-head-says-positio 4154 
bc-ccc-reallocates-credi 4199 
bc-china-closes-second-r 4125 
bc-circuit-city-stores-i 4228 
bc-clayton-and-dubilier 4182 
bc-cme-continues-deliber 4191 
bc-co-operative-bancorp 4241 
bc-colgate-palmolive-co 4193 4240 
bc-combustion-engineerin 4183 
bc-consumers-power 4244 
bc-corrected-insituform 4239 
bc-corrected-network-vid 4169 
bc-d.h.-holmes-co-ltd- 4144 
bc-dainippon-ink-to-inve 4227 
bc-datametrics-corp- 4219 
bc-deutsche-babcock 4163 
bc-dorchester-hugoton-lt 4210 
bc-dow-chemical-co- 4177 
bc-dresdner-bank-unit-sa 4136 
bc-dudley-taft-to-pursue 4153 
bc-dune-resources- 4162 
bc-ec-commission-takes-o 4215 
bc-economic-spotlight 4130 
bc-ecuador-seeks-halt-to 4126 
bc-ecuador-to-ask-opec-t 4129 
bc-environmental-systems 4189 4214 
bc-federal-realty-invest 4253 
bc-fiat-has-no-comment-o 4134 
bc-fidelity-national-fin 4261 
bc-fieldcrest- 4270 
bc-first-ameri-cable- 4186 
bc-first-union- 4159 
bc-fivestar 4187 
bc-ford- 4230 
bc-foster-wheeler- 4269 
bc-france's-cencep-issue 4262 
bc-france-plans-tighter 4236 
bc-genentech-convertible 4221 
bc-general-building-init 4260 
bc-general-mining- 4192 
bc-general-mining-union 4149 
bc-guardian-morton 4204 
bc-guardian-national-ins 4218 
bc-hadson- 4217 
bc-harper-group- 4155 
bc-healthsouth-rehabilit 4157 
bc-heekin-can- 4208 
bc-herley-microwave- 4263 
bc-hydro-quebec-canadian 4242 
bc-hydro-quebec-issues-c 4222 
bc-igene-biotechnology- 4231 
bc-international-america 4212 
bc-isco-inc- 4194 
bc-jacobs-suchard-expect 4132 
bc-jacobs-suchard-sees-1 4147 
bc-jamesway- 4250 
bc-japan-economy-may-be 4165 
bc-japan-firm-plans-to-s 4133 
bc-japan-relaxes-rules-o 4128 
bc-jennifer-convertibles 4140 
bc-jm-byggnads-shares-su 4168 
bc-k-mart- 4223 
bc-knoll-to-buy-american 4229 
bc-leader- 4249 
bc-leigh-pemberton-oppos 4127 
bc-lewis-lehrman-to-join 4247 
bc-markitstar- 4195 
bc-medizone-internationa 4274 
bc-merrill-lynch-canada 4233 
bc-monsanto- 4252 
bc-moscow-carries-out-nu 4124 
bc-most-american-aggrega 4235 
bc-most-japan-firms-not 4174 
bc-municipal-development 4213 
bc-nasd-names-new-board 4211 
bc-new-u.k.-poll-says-to 4166 
bc-no-near-term-brazil-c 4267 
bc-norsk-hydro-issues-10 4271 
bc-old-dominion-systems 4258 
bc-pakistan's-trade-defi 4238 
bc-pakistan-could-import 4138 
bc-panamanian-bulk-carri 4203 
bc-perfectdata- 4234 
bc-philadelphia-electric 4272 
bc-phillips- 4232 
bc-pope-evans- 4145 
bc-possis- 4175 
bc-precision-aerotech-in 4216 
bc-qintex-extends-prince 4167 
bc-reagan-sends-congress 4268 
bc-rockefeller-says-braz 4226 
bc-rothmans-close-to-joi 4200 
bc-sand-technology- 4160 
bc-saudi-output-said-at 4246 
bc-saudi-steam-tanker-re 4171 
bc-seal-inc- 4176 
bc-showboat- 4264 
bc-slaughter-guesstimate 4206 
bc-sonex-research- 4224 
bc-southwest-air- 4197 
bc-southwest-realty- 4142 4143 
bc-stan-west- 4207 
bc-sweden-sets-october-d 4259 
bc-swedish-virologist-un 4190 
bc-synergetics- 4180 
bc-taft- 4135 
bc-telco- 4178 
bc-tenney-engineering-in 4273 
bc-treasury-secretary-ba 4139 
bc-u.k.-equity-turnover 4196 
bc-u.k.-gilt-market-turn 4137 
bc-u.k.-money-market-giv 4131 
bc-u.k.-retailers-see-gr 4173 
bc-u.s.-health-inc- 4184 
bc-uk-money-market-given 4188 
bc-van-ommeren-acquires 4209 
bc-vishay-intertechnolog 4243 
bc-vitronics- 4265 
bc-white-house-welcomes 4255 
bc-wiener-enterprises-in 4220 
bc-wilcox-and-gibbs-inc 4245 
bd 4254 
bdm 4254 
beach 4182 4201 4235 
bearer 4132 
beauticontrol 4257 
began 4125 4133 
begin 4121 
beginning 4130 4138 4165 4174 4223 
bel 4141 
belf 4141 
believed 4174 
believes 4143 4147 4160 
ben 4130 
benchmark 4174 
benefit 4259 
benefits 4151 
benetton 4202 
bengal 4180 
bennetton 4202 
bernard 4223 
best-performing 4130 
bethesda 4253 
bid 4148 4153 4168 4204 
bidding 4125 4127 
bids 4125 4127 
big 4130 
bigger 4259 
biggest 4160 4223 
bill 4191 4268 
billion 4125 4126 4131 4132 4136 4137 4152 4163 4172 4179 4188 4196 4197 4202 4205 4223 4225 4226 4227 4231 4232 4238 4262 4266 4268 
bills 4131 4188 
biotech 4237 
biotechnology 4231 
birmingham 4157 
bit 4130 
bitc 4237 
black-ruled 4259 
blah 4148 4150 4164 4185 
blamed 4124 
blast 4124 
bleached 4138 
blend 4174 
blinch 4156 
blocking 4158 
blocks 4125 
blood 4190 4198 4274 
board 4135 4136 4145 4153 4154 4175 4191 4211 4227 4229 
boards 4127 
bodies 4154 
bolivia 4136 
bolster 4130 
bond 4130 4134 4137 4221 4222 4242 4262 4271 
bonds 4208 4221 4262 4264 4272 
bonuses 4165 4267 
books 4172 
boost 4165 4246 4267 
boosted 4162 4165 
bor 4182 4201 
border 4156 
borg-warner 4164 4182 4201 
borg-warner's 4201 
borrowed 4187 
borrowing 4179 
borrowings 4145 
boston 4146 4221 4237 
bottom 4165 4203 
bought 4131 
boulder 4180 
bound 4125 4246 
bourse 4130 4134 4168 4236 
boycott 4259 
bpd 4129 4174 4246 
brand 4200 
brazil 4136 4226 4267 
brazil's 4267 
brazilian 4226 4267 
break 4160 
breakdown 4267 
breakwater 4203 
brent 4174 
brian 4156 
brisbane 4123 
britain 4166 4181 4266 
british 4124 4127 4173 4181 4196 4225 4265 4266 
broad 4229 4256 
broad-based 4255 
broadacasting 4135 
broadcast 4153 
broadcasting 4124 4148 4153 
brodsky 4191 
broker 4130 4137 4191 4233 
brokerage 4130 
brokers 4122 4130 4233 
brothers 4217 
brought 4160 4221 
bruce 4154 
btom.m 4202 
bty.l 4266 
budget 4126 4173 4232 4268 
budgetary 4268 
budgets 4136 
buffer 4147 
build 4208 4214 
build-up 4147 
building 4152 4168 4260 4272 
builds 4214 
bulk 4203 
bulletin 4122 
bureau 4238 
burn 4183 
burns 4233 
business 4130 4132 4137 4164 4173 4196 4213 4237 4243 4247 
businesses 4201 4223 
businessman 4233 
buti 4257 
buy 4130 4140 4160 4165 4168 4174 4182 4186 4227 4229 4237 
buyer 4230 
buyers 4174 4230 4246 
buying 4147 4160 4165 4188 4230 4233 
buyout 4135 4182 4201 
buys 4249 
bv 4209 
byggnads 4168 
c.j 4232 
cable 4186 4266 
caisse 4262 
caisses 4262 
calculated 4126 4266 
caledonian 4181 
calif 4151 
calif. 4182 4216 4219 4232 4234 4235 4251 
california 4133 4151 4201 
california's 4151 
call 4166 4205 4252 4269 
called 4127 4160 4170 4268 
calls 4191 4266 
campaign 4133 
canada 4156 4160 4165 4183 4187 4204 4233 
canadian 4156 4160 4222 4233 4242 
cancapital 4187 
candidate 4247 
cannery 4151 
canning 4151 
cannon 4270 
cans 4208 
cap 4179 
capacity 4215 4267 
capital 4130 4148 4153 4187 4202 4207 4224 4229 4232 4236 4237 4244 4260 
car 4165 
caracas 4129 
careful 4127 
cargo 4129 4174 4203 
cargoes 4174 
caribbean 4129 
carried 4124 4190 
carrier 4197 4203 4225 
carries 4124 
carry 4262 
carrying 4271 
cars 4211 4230 
cases 4259 
cash 4142 4143 4145 4212 4230 4231 4232 4249 4256 
cash-flow 4126 
caspar 4158 
casualty 4249 
catastrophic 4147 
category 4154 
cattle 4206 
causing 4267 
cautioned 4192 4259 
cautions 4192 
cautious 4266 
cawl.l 4266 
cbi 4173 
cbt 4154 
cc 4228 
ccc 4199 
cd-roms 4227 
cease 4226 
ceiling 4174 
cellulosa 4121 
cemar 4183 
cencep 4262 
center 4197 
central 4121 4136 4213 
centralized 4223 
centre 4130 4262 
centrifugal 4201 
centrist 4166 
cents 4123 4192 
certification 4180 
cftc 4154 
chaffinch 4187 
chairman 4130 4153 4154 4173 4192 4223 4226 4229 4232 4233 4247 4266 
chairs 4154 
challenge 4130 
chances 4252 
change 4198 
changed 4132 
changing 4223 
charge 4132 4199 4223 
charges 4266 
chartered 4174 
chase 4226 
chatsworth 4219 4234 
cheaper 4122 4190 
chemical 4177 4232 
chemicals 4227 4231 
chevron 4246 
chicago 4133 4154 4191 4201 4206 4227 
chief 4165 4182 4251 
chile 4136 4256 
china 4125 4180 4200 4232 
chinese 4180 4200 4232 
chlorosulfonic 4252 
chlorosulphonic 4252 
chocolate 4132 
choice 4130 4230 
cholesterol 4198 
choose 4230 
cigarette 4200 
cigarettes 4200 
cincinnati 4135 4153 4208 
circuit 4228 
circulate 4134 
circulated 4191 
circulation 4237 
circumstances 4226 
citizens 4167 
citrus 4231 
city 4127 4141 4162 4163 4181 4217 4228 
civil 4181 
cl 4193 4240 
clandosan 4231 
clarifies 4243 
clarify 4243 
clark 4154 
class 4140 4243 
classified 4165 
clayton 4182 4201 
cleaning 4234 
clear 4127 
clients 4127 4137 4266 
climb 4165 
clinical 4198 
close 4156 4174 4200 4243 4256 4266 
closed 4125 4267 
closely 4122 
closes 4125 
closing 4212 4221 4259 
clothing 4173 4202 
cme 4191 
cms 4244 
cnooc 4125 
co-financings 4256 
co-managing 4260 
co-operation 4200 
co-operative 4241 
coal-fired 4183 
cob 4130 
cobk 4241 
cocoa 4147 
coffee 4132 4147 4267 
coins 4165 
cointreau 4130 
cold 4173 
colgate-palmolive 4193 4240 
collapse 4267 
colo. 4161 4180 
colombia 4136 
color 4198 
columbia 4231 
columbus 4186 4208 4249 
combating 4231 
combination 4186 
combine 4190 
combined 4161 4204 4271 
combustion 4183 
coming 4158 4266 
comment 4134 4139 4233 
commented 4130 4156 
commerce 4152 4158 4255 
commercial 4170 4183 4226 4256 4269 
commercially 4232 
commission 4130 4154 4186 4206 4215 4217 4236 4272 
commissions 4130 4160 
commitment 4143 4246 
commitments 4129 
committed 4223 
committee 4126 4154 4226 4229 4247 4256 4259 
commodity 4136 4147 4154 4199 
common 4140 4145 4161 4175 4178 4187 4204 4212 4217 4224 4227 4229 4243 4249 4270 
commonly 4274 
communications 4266 
community 4130 4195 4223 4226 
compact 4227 
company 4123 4127 4128 4130 4132 4133 4135 4143 4145 4146 4147 4159 4160 4161 4162 4163 4168 4174 4175 4180 4182 4186 4197 4198 4202 4204 4207 4213 4214 4223 4229 4231 4232 4233 4235 4236 4237 4243 4244 4246 4249 4252 4254 4260 4263 4266 4269 4270 4272 4274 
company's 4153 
comparable 4137 4214 4223 
compared 4132 4143 4147 4160 4174 4196 4214 4223 4238 4246 4266 
compensate 4129 
compete 4136 
competition 4130 4154 4266 
competitive 4165 
competitiveness 4267 
competitor 4266 
complained 4156 
complete 4126 4207 
completed 4159 4182 4198 4201 4224 4232 
completely 4215 4246 4267 
completion 4178 4204 4214 4229 
complies 4146 
comply 4126 4167 
comprise 4222 
comprised 4143 
computer 4160 4180 
computers 4160 
concentrate 4247 
concept 4256 
concern 4154 4226 
concerns 4156 4158 4256 
concession 4222 4271 
concessions 4156 
conclude 4153 
concluded 4135 4179 
conclusion 4154 
conclusions 4154 
concord 4241 
concorde 4161 
concorde-ventures-in 4161 
conditional 4204 
conditioned 4229 
conditions 4126 4167 4267 
confederation 4127 4173 
conference 4136 4147 4174 4256 4259 4266 
confident 4153 4165 
confirm 4134 
congress 4156 4268 
conn. 4176 4183 
connected 4143 4170 
consensus 4156 
consequences 4147 
conservative 4156 4247 
conservatives 4166 
considerable 4246 
considerably 4174 
consignations 4262 
consists 4140 4268 
consolidate 4136 
consolidated 4187 4235 
consolidation 4136 4160 
consortium 4151 4183 
construct 4207 4269 
construction 4207 4208 4272 
consultant 4248 
consumer 4132 4165 4173 4223 
consumers 4174 4244 4260 
consumption 4122 4147 4267 
contact 4126 
contacted 4134 4252 
container 4209 
containers 4209 
contaminated 4214 
contenplated 4127 
contested 4127 
continue 4133 4147 4256 
continued 4122 4147 4266 
continues 4191 
continuing 4130 4223 
contract 4121 4151 4163 4174 4214 4254 4263 4269 
contracted 4212 
contractors 4260 
contracts 4125 4174 4263 
contractual 4246 
contribute 4198 
contribution 4137 4165 4223 4267 
control 4182 4223 4248 
controlled 4133 4204 4231 
controls 4170 4172 4201 4231 
convenient 4128 
conversion 4136 4221 4249 
convertible 4134 4187 4221 4249 4270 
convertibles 4140 
converting 4235 
cooling 4252 
cooperative 4226 
cops 4130 
cordero 4126 
cordial 4267 
cordovez 4126 
corn 4133 
corp. 4158 
corpo 4247 
corporate 4165 4232 4236 
corporation 4124 4199 
corporations 4160 
correct 4223 
corrected-insituform 4239 
corrected-network 4169 
corrects 4169 4239 
cosmetics 4257 
cost 4232 4244 4246 
costs 4160 4232 4266 
cotton 4231 
council 4122 4158 4172 4267 
counted 4246 
counterproductive 4252 
countries 4122 4125 4129 4136 4156 4174 4259 
country 4121 4126 4129 4136 4166 4174 
county 4146 4213 
coupon 4221 4264 4270 4271 
court 4146 
cover 4199 4215 
coverage 4199 
covering 4125 4259 4272 
covers 4254 4274 
crack 4203 
creates 4199 
creating 4127 
creative 4256 
credit 4130 4167 4199 4221 4226 4239 4268 
credito 4134 
creditor 4179 
creditors 4122 4126 4226 
credits 4219 4256 
crisis 4256 
critic 4248 
critical 4156 4226 
criticism 4191 
crop 4165 4231 4267 
crops 4231 
cross 4126 
crude 4125 4126 4129 4162 4171 4174 4232 4246 
csfb 4221 
csp 4183 
ct 4160 4169 
cubic 4162 
cuomo 4247 
curbs 4172 
currencies 4165 
currency 4132 4139 4165 4170 
current 4130 4138 4143 4147 4153 4160 4165 4179 4192 4204 4216 4226 4230 4236 4266 
custom 4201 
customer 4130 4191 
customers 4191 4230 4265 
cut 4126 4136 4143 4151 4226 4259 
cutting 4160 
d'afflisio 4232 
d'epargne 4262 
d'observation 4130 
d.h 4144 
daily 4125 4134 4137 4196 4200 
dainippon 4227 
dallas 4142 4143 4197 4210 4257 
damage 4129 
damaged 4129 
damaging 4127 
danger 4154 
daning 4180 
data 4137 4180 
databases 4160 
datametrics 4219 
dates 4121 
dauster 4267 
david 4156 4226 4256 
day 4125 4126 4129 4174 4207 4212 4246 4267 
days 4137 4196 4226 4246 
dbcg.f 4163 
de 4130 4160 4262 4267 
deactivating 4274 
deactivation 4274 
deadline 4259 
deadly 4231 
deal 4130 4156 4213 
dealer 4152 4230 4233 
dealers 4130 4138 4211 4233 
dealing 4130 
dearborn 4230 
debenture 4205 
debentures 4270 
debt 4126 4136 4143 4179 4187 4223 4226 4232 4256 4260 4270 4272 
debt/equity 4256 
debtor 4136 4256 
debtors 4136 
debts 4126 
dec 4162 
december 4143 4152 4160 4162 4165 4174 4182 4201 4218 4232 4246 4269 
decided 4135 4174 
decision 4135 4191 4233 
decisions 4246 4267 
decisive 4267 
declaration 4236 
declare 4236 
declared 4123 4124 4151 
decline 4132 4136 4165 
declined 4130 4132 4134 4136 4139 4232 4233 
declines 4139 
declining 4136 4152 4165 
decrease 4252 
dedicated 4127 
deduction 4152 
deep 4130 
defense 4158 4201 4248 
defensive 4178 
defer 4126 
deferment 4126 
deferral 4126 
deficit 4238 
deficits 4143 
definite 4160 
definition 4154 
definitive 4204 
degree 4127 
delayed 4178 4246 
delays 4178 
deliberation 4191 
deliver 4213 
delivered 4230 4263 
demand 4132 4174 4232 4270 
denied 4146 
denominations 4222 4271 
denver 4161 
deny 4134 
deodorised 4138 
department 4128 4152 4199 4255 
depend 4127 
dependant 4147 
depended 4127 4174 
dependent 4158 
depending 4143 
deplete 4122 
depleted 4165 
depots 4262 
depreciation 4122 4123 
depressed 4192 4215 4255 
depth 4226 
deputy 4129 4233 4266 
deregulation 4233 
derek 4192 
des 4262 
design 4269 
designed 4202 
desperate 4170 
destinations 4129 
details 4134 4168 4200 4256 
detectable 4190 
determination 4246 
determine 4198 
determined 4174 
determining 4267 
detroit 4160 
deutsch-suedamerikanische 4136 
deutsche 4163 
develop 4213 4232 4256 
developed 4190 
developer 4212 
developing 4160 
development 4130 4138 4167 4172 4198 4213 4227 4247 4249 4266 4274 
developments 4213 
devices 4160 
dhulz 4210 
di 4134 
died 4126 
diego 4181 
difficulties 4133 4256 
difficulty 4267 
digital 4266 
dilson 4226 
diluted 4219 
dinner 4127 
dip 4266 
direct 4130 4181 4256 4259 4268 
direct-read-after-write 4227 
directed 4135 
direction 4132 4259 
directive 4130 
directly 4130 
director 4132 4251 
directors 4127 4135 4191 4201 4227 
directory 4247 
disadvantage 4259 
disagreement 4229 
disappointed 4130 
disappointing 4173 
disastrous 4160 
disbursed 4268 
disc 4227 
discharging 4203 
disclose 4233 4267 
disclosed 4237 
disclosure 4236 
discontinued 4155 4205 4223 
discount 4131 
discounts 4174 4267 
discovered 4125 
discoveries 4162 4232 
discs 4227 
discuss 4129 4156 
discussing 4160 4192 
discussion 4129 
discussions 4130 4156 4233 
disease 4231 
disk 4160 4234 
dispel 4256 
disruption 4266 
dissociated 4174 
distinct 4137 
distorted 4165 
distribute 4178 
distributing 4160 
distribution 4180 
distributive 4173 
distributor 4180 
district 4146 
div 4123 4144 4149 4177 4193 4210 4218 4220 4228 4240 4241 4245 4253 
diversified 4212 
divested 4223 
divestiture 4182 
dividend 4132 4175 4177 4178 4192 4220 
dividends 4189 4244 
division 4182 
divisions 4182 
divs 4123 
dlr 4143 4153 4155 4179 4180 4205 4208 4216 4222 4239 4242 4244 4254 4269 4271 
dlr/shr 4135 
dlrs-per-hour 4151 
dmc 4219 
dmcz 4219 
dnlaf 4162 
document 4156 
documentation 4204 
dollar 4122 4165 4170 4242 
dollars 4160 4223 
domestic 4130 4163 4165 4262 
domestically 4145 4165 
dominant 4267 
domingo 4126 
dominion 4258 
don 4156 
donaldson 4264 
donated 4200 
dorchester 4210 
double-check 4190 
dow 4177 
downbeat 4266 
downgrade 4226 
downward 4152 4162 
draft 4156 
drawn 4174 4191 
dream 4133 
dresdner 4136 
drilled 4125 
drinking 4152 
drives 4160 
drop 4152 4198 
dropped 4152 4266 
dropping 4152 
drsd.f 4136 
drums 4214 
dual 4191 
dubai 4174 
dubilier 4182 4201 
dudley 4135 4148 4153 
due 4126 4129 4132 4133 4143 4160 4165 4173 4179 4203 4215 4222 4232 4252 4264 4270 4271 
duff 4233 
dump 4122 
dune 4162 
dupont 4130 
durable 4152 
dutch 4209 
dw 4203 
dynamic 4130 
e. 4233 
earlier 4126 4129 4138 4162 4173 4181 4192 4230 4242 4266 4267 
earliest 4126 4267 
early 4124 4133 4165 4205 4246 4248 4256 4263 4266 
earmarked 4199 
earn 4123 4132 4141 4142 4143 4144 4149 4155 4157 4160 4169 4175 4176 4177 4178 4184 4185 4189 4192 4193 4194 4205 4210 4216 4218 4219 4220 4223 4228 4232 4239 4240 4241 4245 4253 4257 4258 4261 4266 4273 
earned 4145 4161 4170 
earnings 4136 4147 4165 4179 4192 4198 4205 4212 4223 4232 4266 4267 
earthquake 4126 4129 
ease 4172 
eased 4223 
eases 4137 
easing 4136 
east 4145 
easy 4130 
eating 4152 
ec 4215 
economic 4122 4130 4132 4136 4158 4165 4172 4179 4200 4259 
economics 4165 
economies 4127 4266 
economist 4165 
economists 4165 
economy 4126 4136 4165 4255 
ecuador 4126 4129 4136 
ecuadorean 4126 
edge 4165 
edible 4138 
edmonton 4187 
edouard 4130 
edward 4179 
effect 4230 4259 
effective 4223 4231 
efficient 4127 4130 
effort 4136 4153 
efforts 4136 4186 4244 
ekofisk 4232 
el 4199 
el-salvador 4199 
election 4166 
electric 4272 
electricity 4163 4183 
electronics 4158 
element 4268 
eleven 4125 
eligible 4230 
eliminate 4190 
eliminates 4191 
eliminating 4156 
elimination 4191 
emerge 4156 
emergency 4126 
emerging 4237 
emirates 4171 
emission 4252 
emphasis 4232 
emphasize 4232 
employees 4182 
employs 4201 4209 
enabling 4140 4256 4267 
encouraged 4266 
encouraging 4256 
encroach 4267 
end 4124 4125 4130 4136 4151 4165 4168 4169 4174 4208 4214 4215 4246 4261 4267 
end-may 4226 
end-year 4165 
ended 4124 4145 4151 4160 4161 4223 
ending 4246 
ends 4194 4230 4257 
energy 4129 4232 4269 
enforce 4154 
enforcement 4146 
engage 4127 
engaged 4207 
engagement 4229 
engaging 4154 
engine-room 4203 
engineer 4269 
engineered 4201 
engineering 4183 4266 4273 
england 4127 4131 4188 4265 
englewood 4161 
enhance 4229 4274 
enhancement 4160 
enjoy 4246 
entails 4127 
enter 4125 4200 
entered 4203 
enterprises 4220 
entities 4154 
entity 4229 
entry 4130 
environmental 4189 4214 4252 
equipment 4124 4158 4165 4182 
equities 4196 
equity 4130 4136 4143 4196 
equivalent 4256 
era 4130 
erasable 4227 
esc 4189 4214 
establish 4209 4233 4265 
established 4268 
establishing 4209 
establishment 4128 4154 
estate 4133 4249 
estimate 4232 
estimated 4131 4136 4152 4162 4188 4212 4266 
estimates 4162 4232 
eurobond 4221 
euromoney 4256 
europe 4202 4247 
european 4130 4165 4174 4195 4265 
evaluate 4126 4229 
evans 4140 4145 
eve 4267 
events 4127 
eventual 4267 
evidence 4246 
evident 4130 
examining 4233 
examples 4130 
exceeded 4132 
exceeding 4170 
exceeds 4236 
excellent 4132 
exceptionally 4173 
exceptions 4259 
excesses 4127 
excessively 4122 
exchange 4121 4136 4137 4139 4147 4154 4160 4165 4179 4186 4191 4196 4206 4217 4221 4243 4267 4271 4272 
exchangeable 4187 
exclkusive 4180 
exclude 4239 
excludes 4155 4216 4239 
excluding 4152 
executed 4191 
executive 4182 4229 4247 4251 
exercise 4127 
exercised 4183 4224 
exist 4133 
existing 4186 4190 4215 4233 
expand 4202 4209 4266 
expanded 4154 4180 
expansion 4130 4252 
expect 4127 4165 4166 4173 4232 4267 
expectation 4267 
expected 4130 4132 4147 4156 4159 4165 4173 4179 4183 4232 4233 4246 4248 4255 4267 
expecting 4173 
expects 4132 4147 4160 4198 4214 4266 
expenditure 4165 4232 4266 
expenditures 4232 
expense 4127 4223 
expenses 4212 
expensive 4226 
experience 4127 
experienced 4252 
expertise 4130 
expiration 4152 
expired 4235 4267 
explain 4267 
exploration 4125 4232 
explore 4135 4153 
explosion 4124 
export 4122 4129 4200 4267 
export-driven 4165 
exported 4199 
exporter 4246 4267 
exporters 4165 4267 
exporting 4129 4136 4267 
exports 4122 4126 4136 4165 4170 4238 4246 4267 
extend 4143 
extended 4230 
extending 4167 
extends 4167 4230 
extensive 4129 
extent 4136 
external 4165 
extract 4232 
extraordinary 4165 
exxon 4246 
f. 4251 
f0003 4206 
f0019 4207 
f0020 4208 
f0022 4209 
f0033 4210 
f0034 4211 
f0036 4212 
f0037 4213 
f0039 4214 
f0042 4215 
f0044 4216 
f0046 4217 
f0050 4218 
f0051 4219 
f0060 4220 
f0063 4221 
f0065 4222 
f0077 4223 
f0093 4224 
f0097 4225 
f0098 4226 
f0107 4227 
f0114 4228 
f0116 4229 
f0117 4230 
f0118 4231 
f0135 4232 
f0137 4233 
f0138 4234 
f0139 4235 
f0141 4236 
f0142 4237 
f0144 4238 
f0150 4239 
f0152 4240 
f0160 4241 
f0162 4242 
f0164 4243 
f0165 4244 
f0167 4245 
f0169 4246 
f0175 4247 
f0178 4248 
f0179 4249 
f0182 4250 
f0183 4251 
f0185 4252 
f0198 4253 
f0214 4254 
f0227 4255 
f0240 4256 
f0244 4257 
f0247 4258 
f0248 4259 
f0249 4260 
f0270 4261 
f0273 4262 
f0290 4264 
f0291 4265 
f0293 4266 
f0294 4267 
f0298 4268 
f0345 4269 
f0350 4270 
f0351 4271 
f0352 4272 
f0356 4273 
f0357 4274 
f0548 4122 
f0549 4123 
f0552 4124 
f0554 4125 
f0558 4126 
f0573 4127 
f0580 4128 
f0584 4129 
f0592 4130 
f0612 4131 
f0627 4132 
f0632 4133 
f0637 4134 
f0673 4135 
f0680 4136 
f0699 4137 
f0710 4138 
f0714 4139 
f0715 4140 
f0717 4141 
f0718 4142 
f0719 4143 
f0724 4144 
f0727 4145 
f0735 4146 
f0736 4147 
f0738 4148 
f0741 4149 
f0751 4150 
f0753 4151 
f0785 4152 
f0786 4153 
f0788 4154 
f0793 4155 
f0808 4156 
f0812 4157 
f0818 4158 
f0822 4159 
f0823 4160 
f0826 4161 
f0827 4162 
f0833 4163 
f0834 4164 
f0838 4165 
f0853 4166 
f0856 4167 
f0857 4168 
f0860 4169 
f0863 4170 
f0871 4171 
f0872 4172 
f0877 4173 
f0888 4174 
f0889 4175 
f0890 4176 
f0891 4177 
f0895 4178 
f0900 4179 
f0923 4180 
f0925 4181 
f0928 4182 
f0929 4183 
f0930 4184 
f0935 4185 
f0937 4186 
f0939 4187 
f0941 4188 
f0945 4189 
f0947 4190 
f0949 4191 
f0953 4192 
f0957 4193 
f0967 4194 
f0968 4195 
f0969 4196 
f0970 4197 
f0973 4198 
f0974 4199 
f0983 4200 
f0985 4201 
f0989 4202 
f0993 4203 
f0994 4204 
f0998 4205 
fa 4186 
face 4133 
faced 4154 4266 
facilities 4209 4213 4254 
fact 4196 4266 
factor 4197 4225 4267 
factors 4132 4160 4165 
factory 4200 4255 
fahd 4246 
fail 4147 4156 
failed 4135 4252 
failure 4127 4147 4267 
fair 4153 
fairchild 4158 
fall 4126 4152 4232 4267 
fallen 4246 
falling 4152 4165 
falloff 4143 
family 4212 
farm 4133 4165 
farmers 4133 
farming 4133 4172 
farmland 4133 
fashions 4145 
fast 4156 
fast-growing 4121 4202 
faster 4170 
fastighets 4168 
fatv 4186 
fauber 4223 
fauchier-magnan 4130 
favor 4151 
favour 4127 
favourable 4127 4173 
feared 4266 
feb 4150 4169 4257 
febres 4126 
february 4124 4137 4139 4152 4165 4173 4196 4197 4203 4225 4226 4235 4238 4246 4255 4267 
febuary 4196 
federal 4167 4229 4233 4238 4253 4268 
fee 4130 4271 
feedstock 4232 
feedstocks 4232 
fees 4130 4222 4271 
feet 4162 
fell 4132 4136 4152 4154 4165 4173 4197 4225 4238 
fernando 4129 
fiat 4134 
fiat.mi 4134 
fidelity 4261 
field 4232 
fieldcrest 4270 
fields 4202 4232 4235 
fierce 4130 
fifty-nine 4173 
figure 4152 4163 4267 
figures 4137 4165 4169 4173 4238 4255 
file 4252 
filed 4181 4186 4217 4272 
files 4186 
filled 4197 4225 
filling 4191 
final 4149 4165 4218 4233 4238 
finalize 4167 
finance 4126 4128 4130 4190 4226 4260 4264 
financed 4138 4208 
financial 4121 4130 4135 4138 4153 4154 4156 4207 4226 4261 4266 
financing 4145 4207 4212 4230 4256 4272 
finanziario 4134 4202 
find 4226 4232 4256 
finding 4174 
finds 4231 
finished 4156 
firm 4133 4158 4168 4174 4182 4190 4201 4202 4207 4209 4247 
firmed 4246 
firms 4125 4128 4165 4174 4196 4202 4246 4259 
first-half 4174 
fiscal 4160 4165 4214 4216 4223 4225 4268 
fitness 4139 
fitzwater 4255 4268 
fixed 4121 4130 4174 4262 
fla. 4159 4169 
fld 4270 
fleet 4209 
flexibility 4246 
flights 4181 
floating 4174 
flood 4180 
flooding 4130 
floor 4191 4206 
florida 4133 4213 4229 
flow 4142 4232 
fluctuate 4246 
fluctuations 4174 
fluid 4182 
fnf 4261 
focused 4223 
focuses 4227 
food 4151 4152 4208 
foods 4151 
foot 4208 4250 
force 4126 4252 4254 
forced 4223 4232 
forcing 4165 
ford 4230 
forecast 4147 4160 4165 4266 
forecasts 4266 
foreign 4121 4125 4126 4128 4130 4139 4147 4154 4158 4172 4179 4233 4259 4267 
foreigners 4121 4125 
foresees 4130 
form 4130 4182 4202 4223 
forma 4212 
formal 4126 
formed 4130 4213 
formula 4156 4266 
forsakrings 4121 
forseeable 4266 
forseen 4126 
forthcoming 4147 
forward 4221 
fossil 4269 
foster 4139 4269 
fostered 4165 
found 4153 4190 4226 4231 
foundation 4139 
founder 4130 
four-year 4254 
fourth 4160 4165 4223 4232 
frame 4156 
franc 4262 
france 4130 4132 4165 4215 4236 4262 
francisco 4155 
franck 4130 
francs 4130 4132 
frank 4156 
frankfurt 4226 
free 4130 4147 4156 
freeze 4124 
french 4130 4236 
fresh 4130 4246 
friday 4168 
friedman 4251 
front-line 4259 
front-running 4191 
frozen 4151 
frt 4253 
fruits 4231 
fry 4233 
fujitsu 4158 
fulfill 4246 
full 4127 
fully 4135 
funaro 4226 
func 4159 
fund 4186 4226 4244 
funds 4154 4186 
furthering 4127 
fuse 4141 
future 4127 4130 4132 4135 4154 4198 4215 4266 4267 
futures 4121 4154 4191 
fwc 4269 
g-6 4139 
g. 4252 
gain 4205 4216 4223 
gained 4136 
gallons 4214 
garden 4231 
garj 4218 
gas 4162 4209 4232 
gasoline 4152 
gathering 4158 
gatt 4136 
gauge 4133 
gave 4121 4134 4163 4168 4188 4200 4256 4259 
gene.o 4221 
genentech 4221 
general 4132 4136 4149 4152 4166 4186 4192 4200 4223 4251 4252 4260 4267 
generally 4130 4165 
generate 4202 
generating 4183 
generator 4183 
generators 4269 
genm 4192 
genm.j 4149 4192 
german 4136 
germantown 4258 
germany 4132 4136 4163 4165 
getty 4156 
gibbs 4245 
gilt 4137 
gilts 4196 
giornale 4134 
give 4126 4127 4130 4229 4249 4259 
giving 4246 
gms 4180 
gmt 4124 4171 
gnp 4165 
go-ahead 4121 
goal 4232 
gold 4123 4165 4235 
goldhirsh 4237 
goldman 4135 4153 
good 4130 4165 4232 4255 
goods 4152 4172 4215 
gothenburg 4190 
govern 4154 
government 4122 4126 4133 4137 4156 4158 4165 4170 4172 4179 4180 4225 4226 4232 4233 4236 4267 4268 
government's 4165 
government-imposed 4266 
government-run 4158 
governments 4126 4158 
governor 4127 4247 
governors-at-large 4211 
grace 4259 
grades 4174 
gradin 4259 
gradual 4130 
gradually 4122 
graeme 4266 
graham 4211 
grain 4133 4203 
granted 4127 4143 4146 4259 
greases 4199 
great 4267 
greater 4172 4223 
grew 4197 4223 
grisanti 4129 
grocery 4152 
gross 4130 4218 4232 
grounded 4203 
group 4125 4132 4135 4155 4174 4182 4201 4202 4209 4212 4237 4247 4266 4267 
grouping 4130 
groups 4256 
groveland 4213 
grow 4165 
growers 4151 
growing 4128 4223 
growth 4132 4136 4165 4173 4179 4223 4247 4249 4255 4266 
gruppo 4202 
guarantee 4167 4199 
guaranteed 4199 4262 4268 
guarantees 4199 4267 
guarded 4130 
guardian 4166 4218 
guardian-morton 4204 
guardman 4204 
guayaquil 4129 
guesstimated 4206 
guesstimates 4206 
guesstimating 4206 
guidelines 4154 
gulf 4246 
gurantees 4199 
hads 4217 
hadson 4217 
half 4165 4184 4232 
half-owned 4168 
halt 4126 4226 
halved 4136 
hamburg 4136 
hampered 4136 
hand 4256 
handelsbanken 4121 
handle 4160 
happy 4130 
harahan 4220 
hard 4156 4165 
hardline 4223 
hardliners 4248 
harg 4155 
harper 4155 
haruo 4165 
harvests 4133 
head 4147 4154 4206 
heading 4132 
headquarted 4260 
headquartered 4182 
health 4165 4184 
healthsouth 4157 
heating-generating 4163 
heavily 4174 
heavy 4203 4215 4266 
hebrew 4231 
hedge 4154 
hedging 4154 
heekin 4208 
hekn 4208 
held 4126 4154 4156 4233 4267 
helped 4165 4190 4266 
helsinki 4180 
hepatitis 4274 
herbert 4136 
herley 4263 
hermann 4132 
hernandez 4129 
herpes 4274 
higashi 4133 
high 4158 4200 4232 4237 4246 4266 
high-quality 4200 
higher 4130 4132 4137 4173 4174 4196 
highly 4156 4231 
highly-charged 4127 
hit 4160 4165 4171 
hitachi 4160 
hlme 4144 
hoc 4154 
hog 4206 
hold 4126 4174 
holder 4140 
holders 4244 
holding 4202 4236 
holdings 4229 
holds 4174 
hollow 4213 
holmes 4144 
home 4198 4212 4229 
homebuilder 4161 
homes 4212 
hope 4232 4246 
hoped 4129 4156 4202 
hopeful 4226 
hopes 4132 4160 4165 4232 
hostile 4127 
hour 4151 
hours 4156 
house 4130 4133 4158 4206 4255 4268 
houses 4130 4131 
housing 4212 
houston 4143 4209 
hovers 4232 
hrl 4263 
hrly 4263 
hrs 4171 
hsrc 4157 
huge 4158 
hugoton 4210 
human 4274 
humberside 4127 
hundred 4191 
hundreds 4133 
hydro 4222 4242 4271 
hydrological 4180 
ibc 4267 
ico 4267 
ico-coffee 4267 
idb 4137 4138 
idea 4126 
identified 4248 
igene 4231 
igne 4231 
ii 4204 
il 4134 
ill 4214 4252 
ill. 4252 
illinois 4133 4214 4252 
illustrated 4223 
imi 4134 
immediately 4140 4158 4223 4226 4267 
immensely 4127 
impact 4127 4191 4237 
impair 4143 
imperative 4136 
import 4138 4172 4173 
important 4127 4136 4165 4256 
imported 4138 
importing 4136 
imports 4136 4145 4238 
imposed 4125 4170 
impossible 4126 4259 
improve 4127 4130 4213 4232 4246 4249 
improved 4223 4232 
improving 4124 4232 
inadequate 4135 4153 
inappropriate 4252 
inc. 4151 
incentive 4174 4230 4267 
incentives 4230 
incident 4171 
incinerator 4214 
include 4154 4197 4199 4201 4205 4256 4271 
included 4137 
includes 4219 4254 4269 
including 4135 4153 4172 4229 4246 4259 
income 4123 4186 4214 4223 4266 
increase 4132 4152 4154 4173 4175 4196 4223 4232 4252 4267 
increased 4132 4152 4162 4197 4221 4225 4232 4242 4270 
increases 4266 
increasing 4152 4154 4165 4266 
incurred 4272 
indefinite 4215 
index 4121 4191 
india 4180 
indiana 4133 
indirect 4259 
individual 4121 4128 4130 
individuals 4127 4128 
indonesia 4138 4180 
industrial 4139 4164 4165 4172 4182 4201 4208 4226 
industrialised 4122 
industries 4127 4145 4146 4201 
industry 4173 4174 4191 4201 4215 4233 4246 4249 4266 4267 
ineffective 4170 
inevitable 4130 
inevitably 4267 
inexpensive 4198 
inflation 4266 
influence 4132 
influential 4248 
information 4237 4256 
infrastructure 4213 
initial 4126 4140 4236 4260 4270 
initially 4208 
ink 4227 
inroads 4156 4266 
insisting 4246 
inspire 4174 
install 4213 
installation 4269 
installed 4183 4232 4269 
installing 4223 4266 
institute 4267 
institutional 4121 4127 
institutions 4127 
instruments 4121 
insua 4239 
insurance 4154 4170 4218 4249 
integrate 4136 
integration 4127 4130 
intelligence 4158 4160 4171 4203 
intend 4153 4174 
intended 4172 
intends 4186 4207 
intent 4161 4202 
inter-dealer 4137 
interest 4122 4123 4126 4127 4131 4136 4143 4186 4188 4199 4226 4256 4262 
interests 4153 4232 
interim 4272 
international 4122 4130 4133 4147 4180 4200 4202 4212 4222 4226 4229 4242 4248 4254 4267 4271 4274 
intertechnology 4243 
intervention 4139 4147 
interview 4160 4232 4246 
introduced 4121 4132 4267 
introduction 4127 
invesmtent 4256 
invest 4127 4213 4227 
invested 4125 
investigate 4259 
investment 4134 4161 4165 4182 4201 4202 4204 4207 4223 4233 4253 4256 
investments 4202 4256 
investor 4135 4236 4270 
investors 4121 4127 4128 4133 4236 4264 4270 
involve 4143 4156 
involved 4134 4143 4274 
involves 4191 
iran 4171 4174 
iranian 4174 
iraq 4174 
iron-steel 4215 
isao 4133 
isco 4194 
isko 4194 
islamic 4138 
issue 4134 4154 4156 4187 4211 4221 4262 4270 4271 
issues 4154 4187 4196 4222 4262 4271 
issuing 4134 4222 4262 4271 
istituto 4134 
italian 4134 4202 
italiano 4134 
italy 4134 4202 
item 4169 4239 
iv 4146 
jack 4232 4233 
jackson 4244 
jacksonville 4159 
jacobs 4132 4147 
jacz.z 4132 
jagry 4211 
jaguar 4211 
jamaica 4179 
james 4139 
james-baker 4139 
jamesway 4250 
jan 4176 4184 4189 4194 4205 4216 4219 4220 4258 4261 4263 
janeiro 4267 
january 4126 4130 4132 4137 4152 4160 4161 4165 4173 4196 4223 4229 4238 4255 
japan 4128 4133 4158 4160 4165 4174 4180 4183 4227 
japanese 4125 4128 4133 4158 4160 4165 4174 4180 
jarvie 4267 
jealously 4130 
jeddah 4138 
jenn 4140 
jennie 4174 
jennifer 4140 
jenrette 4264 
jens 4147 
jerry 4160 
jersey 4141 
jinan 4200 
jm 4168 
jmy 4250 
jobs 4151 
johannesburg 4149 4192 4218 
join 4124 4247 
joining 4136 
joint 4153 4182 4200 4202 4213 4234 4252 
joints 4252 
jolla 4216 
jorio 4267 
jose 4251 
judgment 4127 
july 4138 4160 4259 
jump 4122 
jumped 4132 
june 4126 4138 4156 4166 4233 4267 4269 
jungle 4129 
justified 4179 
juvena 4203 
kantyka 4174 
kaplan 4145 
karachi 4138 4238 
karsten 4154 
kawg.f 4163 
key 4267 
keys 4192 
kidder 4270 
kidnapping 4126 
kidston 4123 
kidston-gold-mines-l 4123 
kilo 4122 
kilos 4267 
kilotonnes 4124 
kind 4237 4268 
king 4246 
king-fahd 4246 
kingdom 4181 4246 
kingston 4179 
kirtland 4254 
kk 4180 
klaus 4132 
km 4125 4205 4223 
knoll 4229 
koido 4165 
korean 4129 
kraftwerk 4163 
krummrich 4252 
kuala 4122 
kuwait 4246 
kwu 4163 
l. 4229 
la 4216 
la. 4220 
lab 4198 
laboratory 4254 
labour 4166 
lack 4156 
ladenburg 4260 
lagos 4174 
lampang 4183 
land 4133 4213 
landcaster 4263 
language 4160 
large 4122 4130 4160 4170 4191 4202 4223 
largely 4132 4174 
larger 4136 4249 4255 
largest 4121 4151 4156 4163 4196 4237 4246 
laser 4160 
laser-read 4227 
laservideo 4227 
late 4191 
latest 4121 4124 4173 4205 
latin 4136 4226 
launch 4121 4133 4202 
launched 4156 4242 
law 4146 4167 
lawrence 4233 
laws 4152 
lawsuit 4252 
ldco 4249 
lead 4166 4221 4222 4242 4266 4267 4271 
leader 4249 
leaders 4156 
learned 4231 
leave 4129 4158 
led 4135 4140 4160 4262 
legal 4165 
legislation 4236 4259 4268 
lehman 4217 
lehrman 4247 
leigh-pemberton 4127 
lemont 4214 
lend 4129 
lenders 4143 
lending 4126 4170 4256 4268 
lengthened 4154 
lenz 4214 
leon 4126 
lets 4160 
letter 4161 4167 4202 
level 4152 4179 4192 4198 4221 4236 4246 4267 
levels 4132 4139 4143 4147 4152 4165 4174 4232 4236 4246 4255 
lewis 4247 
lgt 4209 
license 4181 4234 
licensing 4234 
lift 4174 4233 
lifting 4174 4246 
liftings 4246 
light 4230 4267 
lignite 4183 
likelihood 4147 4174 
limit 4122 4128 4267 
limited 4133 4174 4266 
limits 4154 
lincoln 4194 
line 4126 
lines 4154 4199 
linking 4129 4266 
links 4130 4259 
liquid 4209 
liquidity 4130 4131 4143 4256 
liquids 4214 
lire 4202 
list 4154 
listed 4211 4222 4271 
listing 4160 4196 
litigation 4143 
livestock 4206 
livingston 4269 
lloyds 4171 4203 
load 4197 4225 
loading 4171 4174 
loan 4143 4226 4229 4268 
loans 4126 4256 4268 
local 4151 4171 4183 4267 
locations 4128 4260 
london 4124 4127 4130 4131 4137 4147 4166 4171 4173 4188 4196 4202 4203 4221 4222 4242 4266 4267 4271 
london-based 4202 
long 4151 4182 4201 4223 4232 4266 4269 
long-expected 4130 
long-term 4223 
longer 4181 
longstanding 4156 
loopholes 4259 
loosening 4165 
los 4181 
lose 4130 4143 4165 4215 
losing 4215 
loss 4142 4143 4155 4157 4160 4205 4218 4226 4231 4258 4261 4266 
losses 4126 4132 4231 
lost 4129 4160 
lot 4130 4174 4244 
low 4230 4232 4246 4266 4267 
lower 4122 4132 4136 4173 4174 4223 4232 4236 4246 
lowest 4246 
lows 4267 
lse 4137 4196 
ltd. 4158 
lucky 4174 
lufeng 4125 
lufkin 4264 
lukman 4174 
lumber 4260 
lumpur 4122 
luncheon 4226 
luray 4250 
luv 4197 
luxembourg 4222 
lynch 4202 4222 4233 4242 
lyonnais 4130 
machinery 4200 
mackenzie 4266 
made 4130 4132 4143 4156 4158 4186 4225 4233 4244 4267 
mae 4183 
magazine 4237 4256 
mahlmann 4154 
main 4126 4136 4152 4166 4246 
maintain 4143 4165 4246 
maintained 4156 
maintaining 4256 4267 
maintenance 4215 4254 
major 4130 4132 4139 4147 4152 4156 4158 4160 4223 4226 4231 4246 
make 4126 4129 4133 4143 4156 4190 4204 4208 4232 4266 
maker 4202 
makes 4145 
making 4122 4143 4149 4218 4227 4233 
malaysia 4122 4138 4180 
malaysian 4122 
malcolm 4130 4158 
malmann 4154 
malvern 4243 
manage 4232 
managed 4204 4217 
management 4127 4135 4154 4180 4182 4201 4204 4222 4247 4271 
management-led 4201 
manager 4147 4165 4204 4221 4222 4242 4264 4271 
mandatory 4244 
mangement 4182 
manhattan 4226 
maniframe 4160 
manipulation 4154 
manipulative 4127 
manufactured 4160 4183 
manufacturer 4158 4252 
manufacturers 4158 
manufacturing 4208 4227 4266 
maracaibo 4129 
margaret 4166 
marginally 4137 4196 
marietta 4263 
mario 4247 
mark 4146 4163 4165 4195 
marked 4223 
market 4121 4122 4127 4129 4130 4131 4132 4136 4137 4147 4154 4160 4165 4174 4188 4190 4191 4198 4200 4212 4215 4246 4262 4266 4267 
market's 4232 
market-makers 4137 
marketing 4211 4267 
markets 4121 4130 4139 4154 4172 4174 4202 4267 
markitstar 4195 
marks 4136 4163 4223 
marlin 4255 4268 
marplan 4166 
marred 4127 
mart 4185 4205 4223 
martin 4263 
marubeni 4183 
marvin 4229 
masahiko 4165 
mass. 4178 4241 
massachusetts 4146 
mastering 4227 
materials 4152 
matter 4259 
mature 4143 4221 
maturing 4126 
maturity 4121 
maximise 4267 
maximum 4128 4179 4267 
may/june 4267 
mccabe 4207 
mclean 4254 
md. 4224 4231 4253 4258 
meals 4199 
meaning 4137 
meaningful 4154 
means 4122 4256 4267 
meant 4266 
measure 4127 
measures 4132 4267 
mechanical 4201 
mechanisms 4267 
medford 4260 
medical 4259 4274 
mediobanca 4134 
medizone 4274 
meet 4191 4226 
meeting 4126 4156 4175 4191 4226 4267 
meetings 4156 
mega-watt 4269 
megawatt 4183 
member 4136 4174 4211 4246 
members 4191 4256 4267 
membership 4130 
memory 4160 
memphis 4239 
menu 4256 
mer 4202 4233 
mercantile 4191 4206 
merchandise 4145 4152 4223 
merchandising 4223 
merchant 4127 4202 
mercury 4230 4266 
merger 4159 4161 4233 
mergers 4127 4233 
merrill 4202 4222 4233 4242 
metal 4122 
metals 4204 
meteorological 4180 
mexico 4129 4136 4181 4256 
miami 4229 
mich. 4177 4205 4223 4230 4244 
microwave 4263 
mid 4136 
mid-afternoon 4266 
middle 4165 
mideast 4174 
midland 4177 
mil 4207 
milan 4134 4202 
mile 4129 
miles 4197 4225 
milestone 4223 
military 4124 4158 
miller 4165 
mills 4145 
mine 4207 
mines 4123 4129 
minimum 4186 4262 
mining 4149 4192 4207 
minister 4126 4129 4130 4156 4166 4174 4179 4226 4259 
ministers 4267 
ministry 4128 4133 
minneapolis 4175 
missiles 4158 
missing 4126 
mission 4126 
mittendorf 4136 
mix 4223 
ml 4263 
mobil 4246 
mobiliare 4134 
models 4230 
modification 4232 
modular 4214 
moh 4183 
moment 4126 4156 4174 
monetary 4226 
money 4130 4131 4188 4215 4256 
money-fx 4131 4139 4170 4188 
monitored 4124 
monopoly 4130 
monsanto 4252 
month 4121 4137 4152 4165 4172 4196 4225 4246 4251 4267 
month-old 4165 
monthly 4126 4143 4173 4196 
months 4121 4126 4129 4132 4165 4190 4197 4225 4232 4267 
montly 4143 
montreal 4160 
moody 4264 4270 
moratorium 4124 4226 
moratoriums 4143 
morgan 4247 
morioka 4133 
morning 4131 
morris 4229 
mortgage 4272 
mortgage-backed 4264 
morton 4204 
moscow 4124 
motor 4230 
mouth 4125 
move 4130 4170 4172 4174 4191 
moved 4166 
moves 4172 4233 4267 
ms 4247 
mtc 4252 
mths 4169 4194 4216 4273 
mulford 4256 
mulling 4160 
mulls 4233 
mulroney 4156 
multilateral 4126 
muni 4213 
munich 4163 
municipal 4213 
mustang 4230 
muto 4165 
n't 4174 4232 4233 
n.h. 4265 
n.j. 4141 4212 4269 4273 
n.y. 4260 
na 4226 
nakamura 4133 
named 4130 4158 4211 4233 
names 4195 4211 
namibia 4259 
narr 4153 
narragansett 4148 4153 
narrowed 4238 
narrows 4238 
nasd 4211 
nasdaq 4211 
nat-gas 4162 4232 
nation's 4226 
national 4125 4139 4158 4165 4211 4218 4246 4261 4262 4267 
nations 4139 4165 4226 4256 
natural 4130 4162 
naugatuck 4176 
navy 4263 
nearing 4165 
neb. 4194 
needed 4136 
negative 4132 
negotiation 4126 
negotiations 4126 4143 4256 
neighbouring 4259 
neighbours 4259 
nematodes 4231 
nepal 4180 
net 4123 4132 4141 4142 4149 4155 4157 4169 4176 4184 4189 4194 4204 4205 4214 4216 4218 4219 4220 4223 4239 4257 4258 4261 4273 
netherlands 4209 
network 4209 
neutral 4246 
newfoundland 4156 
newmarket 4265 
newport 4235 
news 4124 4136 4147 4174 4246 4255 4259 4266 
newspaper 4134 4166 4200 4233 
newspapers 4200 
nigel 4173 
nigeria 4174 
nigerian 4174 
night 4129 4156 4171 4191 4221 
nippon 4133 
noc 4263 
nominations 4246 
non-auto 4150 
non-callable 4262 4270 4271 
non-continuing 4212 
non-durable 4152 
non-members 4267 
non-speculative 4154 
non-tariff 4156 
non-u.s. 4167 
norcal 4151 
norsk 4271 
north 4159 4174 4232 4239 
northport 4159 
northrop 4263 
norway 4232 
norwood 4178 
notable 4226 
note 4123 4142 4155 4169 4189 4205 4216 4218 4219 4220 4239 4256 
noted 4127 4136 4137 4266 4267 4268 
notes 4145 4216 4256 4271 
notify 4236 
novelties 4121 
november 4145 
now-banned 4231 
nuclear 4124 4254 
number 4128 4160 4204 4233 
nv 4209 
nvid 4169 
oberhausen 4163 
obligation 4256 
obligations 4179 4226 4246 
obliging 4226 
observers 4147 
obtain 4126 4143 
occurred 4171 
ocean 4264 
och 4168 
october 4137 4156 4259 
odgers 4266 
odsi 4258 
off-exchange 4154 
offer 4133 4135 4140 4151 4153 4167 4174 4196 4229 4235 4243 4256 4260 4267 
offered 4168 4204 4229 4267 
offering 4140 4178 4186 4217 4260 4264 4270 
offeror 4204 
office 4209 
officer 4182 4251 
official 4124 4126 4130 4165 4172 4174 4191 4246 4256 4266 
officials 4126 4133 4158 4236 4248 
offing 4165 
offset 4131 4132 4136 4162 4188 
offshore 4125 4232 
ohio 4135 4186 4208 4249 
oil 4125 4126 4129 4136 4138 4162 4171 4174 4199 4214 4232 4246 4249 
oilfields 4129 
oils 4199 
oilseed 4133 
oklahoma 4162 4217 
ommeren 4209 
ommn.as 4209 
one-for-10 4160 
ontario 4156 
opec 4129 4174 4246 
open 4121 4125 4130 4209 4215 
opened 4197 4250 4267 
opening 4130 4260 4267 
openness 4236 
opens 4250 
oper 4155 4216 4239 
operate 4181 4186 
operates 4213 4266 
operating 4130 4143 4202 4251 
operation 4133 4183 4269 
operations 4132 4143 4155 4202 4205 4223 4232 4254 4259 
opinion 4267 
opportunities 4232 
opportunity 4191 
oppose 4170 
opposed 4158 
opposes 4127 4158 
opposition 4166 
opprobrium 4127 
optical 4227 
optimism 4122 
optimistic 4173 
option 4183 4244 4254 4269 
options 4121 4126 4256 
orange 4133 
oranges 4133 
orchard 4231 
order 4128 4130 4146 4156 4163 4180 4183 4191 4248 
orderly 4267 
orders 4191 4255 4263 
organisation 4129 4130 4209 
organisations 4126 
organization 4267 
organized 4256 
originally 4152 
orimedia 4195 
orleans 4144 
ottawa 4156 
ounce 4208 
outlets 4128 4202 4260 
outlook 4192 
output 4125 4129 4174 4215 4246 
outright 4131 
outset 4127 
outstanding 4145 4160 4161 4175 4235 4243 
overdue 4226 
overhang 4122 
overly 4158 
overproduction 4147 
overseas 4172 4232 
oversee 4133 
overwhelmingly 4151 
owed 4126 4226 
owes 4145 
owing 4136 
owned 4136 4186 4187 4202 4204 4227 4233 
owner 4204 
ownership 4167 4186 4229 4233 4236 
owns 4146 4213 4229 4249 
pa 4243 
pace 4156 
pacific 4129 
package 4207 4268 
packages 4256 
pact 4156 4234 4246 4256 4269 
paid 4123 4205 4212 
painewebber 4217 4260 
pakistan 4138 4238 
palm 4138 
palm-oil 4138 
panamanian 4203 
panel 4173 
panic 4170 
papers 4200 
par 4216 4264 4270 
paraguay 4136 
paratroopers 4126 
pare 4232 
paris 4130 4139 4165 4195 4236 4262 
park 4213 
parliament 4130 
parliamentary 4259 
part 4129 4130 4133 4201 4202 4213 4232 4236 4244 4249 4256 
partial 4143 4256 
partially 4132 
partialy 4162 
participation 4256 
parties 4153 4186 
partly 4127 4136 4145 
partner 4186 4213 
partners 4130 4172 
partnership 4156 4202 
party 4166 4247 
pasco 4213 
passed 4130 
passenger 4197 4225 
passing 4130 
past 4127 4130 4156 4158 4246 
pat 4145 
patent 4274 
patented 4231 
patents 4234 
pathogens 4231 
pauly 4130 
pay 4130 4144 4177 4193 4210 4218 4220 4222 4223 4228 4240 4241 4245 4246 4253 
payable 4175 
paying 4222 
payment 4126 4221 4226 4256 4262 4271 
payments 4126 4136 4143 4179 4226 4267 
payout 4144 4193 4210 4245 4253 
pe 4272 
peabody 4270 
pearl 4125 
peckford 4156 
pegged 4122 
peiod 4254 
peking 4125 4200 
pending 4135 4178 4233 4243 
penetration 4127 4173 
penn. 4263 
penny 4160 
pension 4154 
pentagon 4248 
perceive 4126 
percentage 4197 4225 4230 
perf 4234 
perfectdata 4234 
performance 4165 4223 4255 
period 4126 4205 4218 4223 4225 4232 4259 
periods 4216 4256 
peripheral 4266 
perle 4248 
person 4229 
pesticide 4231 
pet 4208 
pete 4232 
peter 4145 4182 
peterson 4156 
petition 4191 
petroleum 4129 4201 4232 
petrorusrance 4249 
petrosurance 4249 
phab.s 4121 
pharmacia 4121 
philadelphia 4272 
philip 4246 4266 
philippine 4256 
philippines 4180 4256 
phillips 4232 
phoenix 4181 4197 
phs 4209 
pick 4246 
pick-up 4165 
pipeline 4126 4129 
pit 4191 
place 4233 
placement 4160 4187 
plan 4129 4134 4178 4202 4232 4243 4267 
planned 4130 4158 4201 4232 4267 
planning 4134 4172 
plans 4129 4133 4160 4208 4213 4236 4265 4269 
plant 4163 4165 4208 4231 4252 4265 
plants 4231 
platform 4232 
play 4127 4156 
plc 4200 4211 4225 4235 4266 
pledged 4165 
plymouth 4265 
pm-premiers 4156 
pm-semiconductors 4158 
pm-taiwan 4170 
pm-taiwan-imports 4172 
pohl 4132 
point 4130 4165 4223 4232 
pointed 4136 
points 4225 4271 
policy 4158 4165 4248 4267 
political 4166 
poll 4166 
polled 4165 
poor 4191 4264 4270 
pope 4145 
port 4129 4159 4171 4203 
portfolio 4256 
ports 4246 
pose 4130 
position 4154 4158 4267 4274 
positions 4130 
positive 4190 
poss 4175 
possibility 4134 
possibly 4232 4248 
possis 4175 
post 4160 
posted 4196 4214 
postpone 4126 
power 4124 4183 4244 4269 
practicable 4235 
practice 4191 
practices 4191 
pre-tax 4149 4212 4218 4223 4266 
precious 4204 
precision 4216 
predators 4127 
preference 4244 
preferred 4187 4189 4244 4249 
premier 4156 
premiers 4156 
premium 4205 4221 4270 
premiums 4218 4249 
prepared 4156 
preparing 4248 
present 4126 4252 4267 
presented 4156 
president 4126 4132 4133 4160 4174 4182 4191 4211 4247 4251 4267 4268 
pressure 4170 4174 4267 
pressures 4267 
pressurise 4127 
prestigious 4130 
pretax 4145 4161 4266 
pretty 4156 
prevails 4147 
prevent 4146 4154 4170 
previous 4128 4132 4162 4165 4196 
previously 4123 4152 4167 4187 4199 4215 
previously-announced 4229 
prevoyance 4262 
price 4122 4127 4145 4174 4191 4204 4212 4214 4221 4223 4232 4262 4267 4270 
priced 4186 4222 4271 
prices 4122 4126 4132 4136 4147 4165 4174 4232 4246 4266 4267 
pricing 4264 4270 
primarily 4127 
prime 4156 4166 4179 
princeville 4167 
principal 4126 4136 4143 
principals 4145 
principle 4145 4204 
printed 4259 
printer 4160 
printers 4160 
prior 4137 4144 4177 4210 4212 4214 4220 4223 4228 4240 4241 4245 4253 4274 
priority 4232 
private 4121 4126 4130 4160 4165 4182 4187 4201 4202 4224 4226 4248 
privately 4224 4266 
privately-held 4145 
privatised 4196 
pro 4212 
problem 4174 4226 4267 
problems 4143 4160 4267 
procedures 4274 
proceed 4171 
proceeds 4187 4207 4224 4249 4260 4272 
processors 4151 
produce 4147 4200 4266 
produced 4125 4200 
producer 4267 
producers 4122 4147 4267 
producers' 4122 
producing 4232 4252 
product 4160 4198 
production 4162 4165 4174 4215 4232 4246 
products 4154 4160 4164 4165 4172 4174 4180 4182 4195 4201 4215 4232 4260 
profit 4132 4142 4143 4157 4160 4258 4261 4266 
profitable 4266 
profiting 4191 
profits 4132 4133 4192 
program 4230 4232 4259 4268 4272 
programs 4223 4268 
progress 4156 4256 
progressive 4156 
progressively 4130 
prohibiting 4146 
project 4130 4134 4183 4214 4232 4256 4269 
projected 4160 4232 
promised 4259 
proof 4170 4223 
properties 4143 4213 4232 
property 4213 4249 
proportion 4266 
proposal 4126 4135 4175 4256 4268 
propose 4154 
proposed 4154 4201 4256 4268 
proprietors 4127 
proprietory 4274 
propsects 4135 
prospect 4130 
prospective 4130 
prospects 4232 4266 4267 
protected 4127 
protection 4127 4214 4252 
protectionist 4136 4156 
protein 4199 
proven 4162 
provide 4181 4182 4199 4207 4213 4236 4254 
provided 4131 4232 4256 
providing 4268 
province 4156 
provinces 4156 
provincial 4156 4233 
provisional 4238 
provisions 4244 
prudence 4154 
pse 4130 4236 
psychological 4122 
public 4140 4225 
published 4156 4166 4233 
publishes 4237 
pumps 4201 
purchase 4145 4158 4165 4174 4178 4183 4186 4213 4229 
purchased 4249 
purchases 4146 4186 4213 
purpose 4154 
pursue 4148 4153 4232 
pursued 4229 
push 4122 
pushed 4232 
put 4130 4162 4174 4179 
putnam 4145 
puts 4179 
putting 4246 
pvdc 4167 
qatar 4174 
qintex 4167 
qtly 4144 4177 4210 4220 4228 4240 4241 4253 
qtr 4141 4155 4157 4169 4176 4184 4185 4189 4194 4205 4216 4219 4239 4257 4258 4261 4273 
qtrly 4193 
quail 4213 
quake 4126 4129 
quality 4130 4143 4200 
quantities 4267 
quarter 4159 4160 4165 4174 4205 4214 4223 4232 4266 
quarter-on-quarter 4165 
quarterly 4123 4228 4240 4241 
quebec 4222 4242 
queried 4233 
question 4130 
questioned 4173 
questions 4130 4156 
quickly 4153 4156 
quit 4248 4256 
quito 4126 
quix 4227 
quixote 4227 
quota 4129 4215 4246 4267 
quotas 4122 4174 4215 4267 
quoted 4125 4233 
quoting 4156 
rad 4247 
raiders 4232 
raise 4129 4165 4186 
raised 4132 4196 4242 
raises 4210 4241 
raising 4232 4264 4266 4270 
ran 4203 4247 
rand 4149 4192 4218 
random 4244 
range 4174 4256 4269 
rapid 4160 4165 
ras 4171 
rate 4131 4132 4139 4143 4165 4199 4223 4230 4262 
rated 4270 
rates 4136 4199 4230 4264 
ratification 4156 
ratifying 4151 
rating 4223 
ratio 4179 
rationale 4122 
re-establishing 4267 
reach 4191 
reached 4172 4179 4223 4226 4229 
reaching 4156 4191 
reaction 4139 4170 
reading 4165 
ready 4125 4127 
reagan 4248 4268 
real 4132 4133 4249 
realistic 4136 
reality 4126 
reallocated 4199 
reallocates 4199 
realty 4142 4143 4253 
reason 4147 4152 
reasonable 4156 4267 
reasons 4158 
rebate 4230 
rebuild 4165 4267 
receive 4224 4235 
received 4163 4165 4180 4254 
recent 4121 4127 4137 4147 4226 4256 4266 
recently 4160 
recession 4133 
recognize 4135 
recommended 4252 
record 4144 4172 4175 4177 4178 4193 4196 4210 4220 4223 4228 4240 4241 4244 4245 4253 4267 
recorded 4137 4196 
recover 4165 4173 
recovering 4267 
recovery 4122 4165 4232 
recur 4174 
red 4126 
redeem 4244 
redeemable 4140 
redeemed 4244 
redemption 4244 
reduce 4143 4179 4232 4244 4272 
reduced 4160 4266 
reduces 4199 
reducing 4156 4174 4179 
reduction 4154 
refer 4126 
reference 4127 4174 
referred 4126 
refined 4138 4174 
refiner 4174 
refineries 4129 
reform 4130 4268 
reforms 4130 4256 
refunding 4272 
refurbishing 4223 
refusal 4124 
regain 4165 
regaining 4267 
regarded 4136 
region 4136 
regional 4127 4130 
register 4218 
registered 4199 4267 
registers 4217 
registration 4186 4217 4272 
registrations 4267 
regret 4130 
regrettable 4232 
regular 4177 
regulations 4233 
regulators 4226 
regulatory 4154 4159 4178 4204 
rehabilitation 4157 
reinforce 4130 
reinsurance 4249 
reintroduced 4267 
reiterated 4215 4246 
rejection 4153 
rejects 4135 
related 4129 4234 
relations 4158 4267 
relax 4172 
relaxed 4128 4172 
relaxes 4128 
release 4165 
released 4165 4173 4266 
reliable 4190 
relief 4126 
reluctance 4122 
remain 4147 4174 4215 4246 4256 
remainder 4126 
remaining 4156 4168 4202 4235 
remains 4156 4266 
reminded 4226 
remittances 4170 
remodeling 4223 
remote 4180 
removal 4252 
renegotiations 4143 
renew 4174 
renewed 4174 
renewing 4174 
rental 4133 4143 
repaired 4126 
repairs 4129 
repay 4260 
repayments 4226 
repeat 4192 
repeated 4165 
replace 4252 
replacement 4229 
replacing 4266 
replied 4139 
reponsible 4231 
report 4124 4134 4160 4225 4233 
reported 4124 4125 4132 4134 4143 4152 4167 4171 4173 4192 
reporters 4129 4139 4156 4255 4256 4267 
reporting 4154 
reports 4156 4166 
representative 4195 4227 
representatives 4127 4206 
representing 4211 4270 
represents 4126 4202 4221 4252 
republican 4247 
repurchase 4229 
repurchased 4145 
repurchases 4145 
request 4168 
requesting 4252 
require 4170 4226 
required 4167 
requiring 4256 
resale 4131 
reschedule 4179 
rescheduling 4256 
research 4224 4227 4231 4266 4274 
reservation 4197 
reserves 4162 4226 4232 
resignation 4248 
resigned 4251 
resigns 4251 
resolution 4153 
resolve 4229 
resources 4162 4187 
respect 4127 4136 
responds 4252 
response 4133 4167 4256 
responsibility 4127 
rest 4126 
restated 4223 
restraining 4146 
restraint 4127 
restrict 4143 
restricting 4167 
restrictions 4125 4233 
restructure 4143 
restructured 4223 
restructuring 4132 4135 4201 4232 
result 4127 4132 4233 4235 4266 
resulted 4223 4232 
results 4125 4132 4143 4160 4192 4197 4227 4266 
resumed 4256 
retail 4150 4152 4173 4202 4223 4230 4255 4260 
retailer 4223 
retailers 4165 4173 4223 
retailing 4223 
retain 4249 
rethink 4267 
reticent 4130 
retire 4187 
retirement 4216 
return 4147 4174 4267 
revenue 4197 4208 4225 4266 
revenues 4126 4160 4161 4212 
reverse 4160 
reversed 4169 
revised 4131 4152 4188 4256 
revision 4152 
revisions 4162 
revs 4155 4157 4169 4184 4189 4194 4205 4219 4239 4257 4258 4261 4273 
rice 4133 
rich 4133 4165 
richard 4248 4267 
richmond 4228 
rights 4125 4178 4180 4196 
rilwanu 4174 
ringgit 4122 
rio 4267 
rise 4122 4127 4152 4165 4192 4223 4232 4255 4266 
rising 4130 4152 4165 
risk 4154 4256 
rite 4247 
rival 4121 4168 
river 4125 4180 
riyadh 4246 
roads 4213 
robbins 4145 
robert 4251 
robin 4127 
rock 4189 4214 
rockefeller 4226 
role 4127 4156 
rose 4132 4136 4150 4152 4162 4165 4192 4197 4223 4225 4266 
rot.l 4200 
rothmans 4200 
rotterdam 4209 
rough 4156 4203 
round 4125 4259 
rules 4127 4128 4147 4236 
ruling 4128 4166 
rumours 4134 
running 4156 
rupees 4238 
ruptured 4126 
russell 4156 
s.a. 4190 
s.africa 4259 
s.p.a. 4202 
sable 4230 
sachs 4135 4153 
safest 4252 
sail 4171 
salary 4130 4266 
sale 4133 4158 4165 4201 4223 4224 4229 4249 
sales 4133 4141 4145 4150 4152 4160 4165 4173 4176 4182 4195 4199 4201 4216 4220 4223 4227 4232 4255 4267 
salomon 4229 
salvador 4199 
san 4155 4181 4251 
sanctions 4259 
sand 4160 
santis 4160 
santos 4129 4267 
sapiens 4160 
sarasota 4169 
sarlos 4204 
satellite 4180 
saudi 4138 4171 4246 
saudi-arabia 4171 4246 
sauget 4252 
savings 4229 4266 
sb 4229 
sbo 4264 
sca 4121 
scab.s 4121 
scale 4127 4130 4236 4266 
scaled 4160 
scheduled 4143 4208 4263 4269 
scheduyled 4143 
scheme 4121 4236 
scope 4266 
scott 4233 
scottsdale 4207 4261 
screen 4137 
sea 4125 4171 4174 4232 
seaga 4179 
seal 4176 
seals 4201 
search 4174 
seas 4203 
seasonally 4152 
seat 4197 4225 
seats 4127 4197 4225 
second-quarter 4160 
seconds 4198 
secretary 4139 4158 4248 4256 
sector 4132 4165 4226 
sectors 4132 4191 4267 
secure 4122 
securities 4128 4186 4211 4217 4233 4264 4271 4272 
security 4158 4248 
seek 4126 4133 4252 4266 
seeking 4126 4232 4266 
seeks 4126 4181 4207 4252 
sees 4147 
selected 4230 4244 
sell 4122 4130 4133 4164 4201 4204 4213 4272 
selling 4174 4186 4222 4223 4246 4267 4271 
sells 4160 4224 4260 4264 4270 
semi 4245 
semi-annual 4126 
semiconductor 4158 
send 4268 
sends 4268 
senior 4126 4134 4165 4182 4201 4247 
sentiment 4156 
separately 4140 
sepember 4199 
september 4130 4133 4151 4156 
series 4186 4204 4263 
serve 4181 4265 
served 4154 4248 
service 4126 4128 4143 4152 4181 4203 4264 4266 4270 
services 4156 4182 4195 4204 4213 
session 4130 
set 4128 4130 4133 4139 4156 4171 4200 4221 4226 4267 4270 
sets 4144 4193 4196 4212 4228 4240 4245 4259 
settled 4156 
severe 4126 
severely 4143 
shandong 4200 
share 4121 4127 4130 4132 4135 4140 4143 4145 4153 4155 4159 4160 4163 4166 4167 4187 4189 4192 4196 4205 4214 4221 4223 4227 4235 4244 4260 4266 4267 4270 
shared 4246 
shareholder 4229 
shareholders 4127 4145 4149 4153 4159 4175 4178 4243 
shareholding 4236 
shareholdings 4236 
shares 4121 4130 4140 4145 4160 4161 4167 4168 4175 4187 4204 4217 4224 4227 4229 4235 4243 4244 4249 4260 4266 
sharing 4160 
sharp 4165 
sharply 4232 
shattner 4160 
shearson 4217 
sheet 4196 
shehadi 4246 
shelf 4272 
shelter 4212 
shenzhen 4125 
shepard 4229 
shield 4127 
shift 4165 
ship 4171 4203 4209 4267 
shipments 4136 
shipped 4129 
shipping 4170 4171 4203 4209 
short 4127 
short-term 4127 4232 4260 4272 
shortage 4131 4188 
shortly 4198 4209 
show 4127 4132 4160 4165 4238 
showboat 4264 
showed 4165 4173 4196 4255 
showing 4165 4255 
shown 4166 
shr 4123 4141 4142 4149 4155 4157 4169 4176 4184 4185 4189 4194 4205 4216 4218 4219 4220 4239 4257 4258 4261 4273 
shrs 4123 4155 4169 4205 4216 4219 4239 4261 
shulman 4204 
sides 4127 
sidney 4145 
sieg.f 4163 
siemens 4163 
sierra/misco 4180 
sige 4134 
sign 4226 
signed 4125 4138 4161 4191 4195 4200 4202 4213 4214 4269 
significant 4165 4256 4266 4274 
signs 4130 4165 4269 
silas 4232 
silly 4233 
similar 4143 4267 
simple 4198 
simpler 4198 
simulator 4254 
sinc 4176 
singapore 4180 4209 
single 4212 4267 
sinking 4244 
sit 4126 4227 
site 4214 4269 
situation 4127 4153 
six-point 4166 
skandia 4121 
skanska 4168 
skbs 4168 
skds.s 4121 
slated 4214 
slaughter 4206 
slide 4126 
slight 4147 
slightly 4136 4163 4165 4204 
slip 4266 
slipped 4137 
slow 4165 4170 4255 
slowdown 4165 
slower 4173 4223 4266 
slump 4136 
small 4190 4209 
smaller 4130 4165 
smaller-than-normal 4165 
sndc 4160 
sndcf 4160 
so-called 4121 
soared 4196 
social-democratic/liberal 4166 
sociales 4130 
sofe 4121 
softening 4126 
software 4160 
soil 4214 
solange 4160 
sold 4132 4158 4225 4232 4267 
sole 4264 4270 
solely 4127 
solid-state 4160 
solution 4226 
solve 4226 
sonex 4224 
sonx 4224 
sought 4126 4246 
source 4170 4233 
sources 4134 4156 4163 4174 4226 4233 4246 4267 
south 4125 4129 4259 
south-africa 4149 4192 4218 4259 
south-east 4125 
southwest 4142 4143 4197 
soviet 4124 
sow 4127 
soybean 4133 
spa 4134 4202 
space 4180 
speaking 4156 4266 
special 4204 
specializes 4249 
specialty 4223 
specific 4130 4143 
speculation 4170 
speculative 4154 
speech 4139 4256 
spend 4232 
spending 4165 4173 4268 
spent 4232 
split 4155 4160 
spokesman 4125 4130 4134 4172 4233 4248 4255 4268 
spokesmen 4152 
spokeswoman 4151 
spot 4174 4246 
spotlight 4130 
spring 4121 4130 
sq 4125 
square 4208 4250 
squeeze 4126 
sroka 4147 
st 4160 4168 
stabilise 4147 4165 
stabilises 4165 
stability 4139 
stable 4165 
staff 4130 4160 4201 
stages 4130 
stagnating 4147 
stake 4227 4249 
stakes 4130 4246 
stamford 4183 
stan 4207 
stance 4267 
standard 4191 4201 4264 4270 
stanley 4247 
star 4187 4233 
start 4121 4198 4207 4208 4216 4232 4267 
started 4215 4232 
starting 4160 4165 
starts 4140 
state 4146 4247 
statement 4126 4153 4163 4168 4186 4215 4223 4272 
states 4136 4156 4170 4172 4259 
station 4152 4183 4269 
stationery 4172 
statistical 4165 
statistics 4165 4238 
statute 4146 
staunch 4248 
stay 4122 4232 
stays 4192 
steam 4183 4269 
steel 4208 4215 
steelmakers 4215 
stemming 4126 4158 
step 4127 4136 4209 4274 
stepped-up 4165 
sterling 4122 
stg 4131 4137 4188 4196 4266 
sticking 4246 
stock 4137 4146 4147 4155 4160 4168 4175 4178 4179 4187 4191 4196 4212 4221 4224 4227 4229 4230 4235 4243 4244 4249 4260 4270 4271 
stockbroker 4130 
stockbrokers 4130 4266 
stockbrokers' 4130 
stockholm 4168 4259 
stocks 4121 4122 4130 4147 4165 4174 4246 4267 
stop 4226 
stopped 4126 4251 
stopping 4136 
storage 4174 4246 
store 4152 4223 4250 
stored 4274 
stores 4128 4152 4173 4223 4228 
straight 4160 
strained 4158 
strasbourg 4215 
strategy 4130 4267 
strength 4266 
stretch 4129 
stricken 4126 
strict 4170 
strictly 4133 4137 4174 
strike 4151 4266 
strip 4198 
strong 4165 4223 
stronger 4173 
structural 4132 
structure 4130 4174 4223 4236 4249 
stse 4168 
study 4130 4134 
studying 4134 
subject 4143 4145 4159 4201 4204 4212 
submit 4154 4181 
subordinated 4270 
subsidiaries 4233 4259 
subsidiary 4136 4163 4227 4235 4266 4269 
subsidy 4268 
substance 4156 
substances 4190 
substantially 4198 
succeed 4143 
success 4127 4143 4223 
successful 4204 
suchard 4132 4147 
sufficient 4122 
suffolk 4146 
suggest 4127 
suggesting 4127 
suisse 4221 
suit 4252 
sumatra 4180 
sumitomo 4165 
summer 4173 
sunday 4246 
supercomputer 4158 
supercomputers 4158 
supermarkets 4128 
supertanker 4171 
supervisory 4236 
supplier 4136 
supplies 4259 4260 
supply 4129 4174 4213 4232 
support 4249 4254 
supporting 4256 
supposed 4154 
surged 4136 
surplus 4136 4147 4158 4172 4174 
surprise 4165 
surprised 4147 
survey 4165 4173 
survival 4130 
suspended 4126 4168 
suspending 4126 4226 
suspension 4143 4168 
susumu 4165 
svenska 4121 
swallowing 4130 
swaps 4256 
sweden 4121 4168 4190 4259 
swedish 4121 4190 4259 
sweeping 4156 4268 
swiss 4132 4190 4271 
switch 4160 
switzerland 4132 4147 
swl 4142 4143 
swmc 4207 
syndicates 4256 
synergetics 4180 
syng 4180 
synthetic 4190 4231 
syria 4203 
system 4137 4180 4211 4215 4223 4252 4266 
systems 4160 4178 4180 4182 4186 4189 4213 4214 4258 4263 4266 
systesm 4214 
t-block 4232 
table 4147 
tactics 4127 
taft 4135 4148 4153 
taichung 4269 
tailed 4165 
taipei 4170 4172 
taiwan 4170 4172 4269 
takeover 4127 4146 4204 
takeovers 4127 
takes 4230 
taketomi 4165 
talk 4130 4139 
talking 4226 4233 
talks 4143 4147 4153 4156 4229 4256 4267 
tallow 4199 
tankers 4246 
tannurah 4171 
target 4132 
targetted 4130 
tariffs 4136 4156 
tartous 4203 
tass 4124 
taurus 4230 
tax 4123 4132 4149 4152 4218 4219 4223 4239 
taxes 4132 4223 
teams 4231 
teamsters 4151 
technical 4200 4252 
technimed 4198 
technimed-corp 4198 
technologies 4237 
technology 4158 4160 4182 4227 4237 4252 
ted 4232 
telc 4178 
telco 4178 
telcom 4251 
telcom-general-corp 4251 
telecom 4266 
telecommunications 4266 
telephone 4126 4266 
television 4246 
temporary 4146 4223 
temptations 4127 
tenants 4133 
tender 4165 4235 
tendered 4167 
tenn. 4239 
tenney 4273 
term 4174 4223 4232 4267 
terminated 4125 
terms 4121 4122 4126 4130 4167 4232 4237 4266 4270 
tessile 4202 
test 4124 4190 4198 4254 
testing 4198 
tests 4190 4198 
texaco 4246 
textile 4202 
texwipe 4234 
tfb 4135 4153 
thai 4183 
thailand 4180 4183 
thalmann 4260 
thatcher 4166 
therapy 4274 
theta 4135 
thing 4165 
things 4135 4156 
thinking 4156 4256 
third-most-actively 4211 
three-for-two 4155 
three-month 4259 
three-year 4187 
threshold 4236 
thresholds 4236 
thursday 4126 4267 
ties 4127 
tight 4156 4165 
tighter 4236 
tightly-controlled 4130 
time 4130 4156 4160 4166 4171 4174 4204 4223 4259 4272 
timing 4246 
tin 4122 
tmo 4262 
tny 4273 
today 4124 4131 4143 4166 4167 4170 4172 4173 4188 4191 4206 4242 4248 4266 4268 
tokyo 4128 4130 4165 4174 
told 4126 4127 4129 4130 4133 4136 4147 4158 4160 4172 4174 4191 4226 4232 4233 4248 4255 4256 4259 4267 
tomorrow 4121 4191 
ton 4207 
tonnage 4132 
tonne 4147 
tonnes 4122 4138 4147 4203 4215 
tons 4203 4214 
tools 4154 
top 4232 
tories 4166 
toronto 4160 4204 4226 4233 
total 4122 4123 4124 4125 4126 4130 4131 4136 4137 4163 4174 4179 4196 4214 4221 4256 4269 
totaling 4162 4232 
totalled 4223 
totalling 4268 
totals 4126 
touch 4130 
tough 4156 
tour 4226 
trade 4121 4136 4154 4156 4158 4172 4191 4238 4256 4259 4267 
traded 4174 4211 
trademark 4160 
traders 4174 4206 
trades 4173 
trading 4121 4130 4137 4154 4156 4168 4172 4191 4196 4212 4259 
traditional 4267 
traffic 4197 4225 
tranche 4262 
tranches 4262 
transaction 4130 4229 
transactions 4127 4170 4201 4256 
transfer 4158 4182 
transferable 4140 
transfusion 4274 
transmit 4180 
transmitter 4180 
transpire 4156 
transport 4209 
transtar 4197 
treasury 4131 4139 4256 4271 
treat 4214 
treaties 4249 
treatment 4213 4268 4274 
trees 4231 
tremor 4126 
troy 4205 4223 
trucks 4230 
true 4133 
trust 4174 4233 4253 
truth 4268 
tuesday 4130 4171 
turn 4202 4226 
turning 4223 
turnover 4123 4132 4137 4196 4266 
two-and-a-half-week 4266 
two-piece 4208 
two-thirds 4126 
two-tranche 4262 
type= 4148 4150 4164 4185 
typical 4134 
u.k 4131 4137 4166 4173 4196 4232 
u.k. 4137 4165 4196 4266 
u.s 4124 4133 4139 4150 4152 4158 4165 4167 4184 4192 4199 4226 
u.s. 4133 4146 4156 4158 4160 4165 4170 4174 4199 4202 4211 4232 4246 4247 4254 4256 4263 4271 
u.s.-soviet 4248 
uae 4171 
uk 4127 4131 4137 4166 4171 4173 4181 4188 4196 4202 4203 4221 4222 4225 4242 4265 4266 4271 
unable 4129 
unanimously 4135 
unaware 4134 
under-capitalised 4130 
underground 4207 
underperforming 4223 
undertake 4179 
underway 4130 4140 4143 
underwriter 4270 
underwriters 4140 4260 
underwriting 4218 4222 4271 
underwritten 4217 
unidentified 4233 
unified 4130 
unilateral 4124 4259 
union 4124 4149 4159 4163 4192 4212 4273 
unit 4136 4140 4182 4183 4186 4197 4201 4202 4209 4250 4252 4264 4269 
united 4156 4170 4171 4172 4181 
unites 4156 
units 4140 4186 4269 
universities 4158 4231 
university 4190 
unnamed 4274 
unquoted 4202 
unrestricted 4121 
unsold 4165 
unspecified 4129 
unstable 4153 
unsuccessful 4136 
unusually 4267 
unveiled 4190 
unveils 4190 
unwelcome 4127 
upgraded 4223 
uphold 4174 
upped 4221 
urged 4256 
user 4198 
users 4180 
ushi 4184 
ussr 4124 
utilities 4213 
utility 4213 
utilized 4207 
va 4250 
va. 4228 4250 4254 
vahlne 4190 
vaisala 4180 
valli 4182 
valued 4183 4212 
values 4229 
van 4209 
varieties 4231 
variety 4180 
veg-oil 4138 4199 
vegetable 4138 4199 
vegetables 4231 
vehicles 4230 
venezuela 4129 4136 4256 
venezuelan 4129 
venture 4200 4202 4213 
ventures 4161 
versus 4206 
vessel 4171 4203 
viable 4232 
vice 4153 4182 
video 4169 
videodiscs 4227 
view 4130 4156 4215 
views 4139 
vigorous 4165 
virologist 4190 
virovahl 4190 
viruses 4274 
vishay 4243 
visit 4127 
visnews 4246 
vital 4158 
vitronics 4265 
vitx 4265 
volume 4137 4165 4246 
volv.s 4121 
volvo 4121 
vote 4166 
voted 4151 
votes 4175 
vsh 4243 
w. 4211 
wage 4151 
wages 4151 
wait 4130 
walked 4151 
walkout 4266 
wanted 4129 4226 
war 4267 
warner 4229 
warrant 4140 4204 
warrants 4140 4204 4224 
washington 4152 4158 4170 4199 4211 4248 4255 4268 
wastes 4214 
wastewater 4213 
watchdog 4130 
watchers 4191 
water 4203 4213 
waterflooding 4232 
watsonville 4151 
ways 4256 4259 
weak 4147 
weaker 4152 
weapons 4254 
weather 4165 4173 4203 
weathered 4165 
wednesday 4175 
week 4126 4129 4138 4151 4165 4173 4181 4206 4267 
weekend 4129 
weeks 4158 4191 4226 4246 
weigh 4147 
weinberger 4158 
welcomed 4130 4136 4255 
welcomes 4255 
west 4132 4136 4163 4165 4207 
west-germany 4136 4163 4226 
wg 4245 
wheat 4203 
wheeler 4269 
whirlwind 4127 
white 4158 4255 4268 
whitehead 4211 
whittaker 4130 4173 
wholesalers 4173 
wholly 4136 4186 4227 4233 
widely 4158 
wiener 4220 
wilcox 4245 
william 4252 
williams 4130 
wind 4127 4259 
winley 4161 
wins 4263 
wireless 4266 
wished 4243 
withdraw 4243 
won 4130 4163 4263 
wood 4266 
workers 4151 
working 4133 4187 4207 4224 4260 
world 4121 4126 4136 4147 4156 4158 4226 4237 4246 4267 
world's 4223 
world-wide 4209 
worldwide 4182 4202 
worried 4130 4136 
worse 4165 
worsen 4158 
worst 4165 
worth 4130 4131 4163 4188 4200 4263 
wound 4215 
wpb 4220 
write-offs 4132 
written 4218 4249 
xavier 4130 
xijang 4232 
yangtse 4180 
year-ago 4152 
year-end 4143 
year-on-year 4165 
year-to-date 4197 4225 
yearend 4160 
yearly 4199 
years 4121 4128 4130 4133 4151 4156 4165 4179 4223 4232 4266 4270 
yellow 4125 
yen 4160 4165 
yesterday 4153 4158 4167 4174 4179 4221 4246 
yesterday's 4266 
yield 4271 
yields 4262 
york 4126 4139 4140 4145 4167 4182 4193 4195 4198 4213 4221 4225 4232 4237 4240 4245 4247 4256 4260 4264 4270 4272 4274 
york-based 4201 
yorkshire 4127 
yr 4123 
yuzixi 4180 
zone 4246 
zurich 4132 4147 4190 
