****** 3570 3586 3591 3610 3611 3616 3621 3653 3678 3715 3729 3741 
-2n 3669 
-4t 3672 
-4th-qt 3634 
-a 3592 
-aff 3619 
-banca-naz 3719 
-c 3722 
-dealers-order 3655 
-decl 3674 
-decline 3683 
-files 3724 
-ge 3662 
-gets-t 3706 
-i 3642 
-o 3691 
-offe 3727 
-rabo-unit-re 3688 
-rais 3647 
-recalli 3566 
-s 3712 
-sel 3638 
-sells-con 3705 
-set 3605 
-sets 3600 
-sets-m 3603 
-sets-tw 3575 
-t 3693 
-take 3742 
-to 3574 
-to-m 3658 
-to-ma 3652 3739 
-to-rec 3596 
-unit 3731 
-unit-to 3607 
-up-on 3699 
-urges-jus 3675 
-wins-18.5-m 3692 
/author 3571 3593 3645 3670 
0.055 3574 3646 
0.127 3625 3704 
0.139 3625 3704 
0.163 3625 3704 
0.194 3625 3704 
0.2 3708 3720 3723 
0.23 3574 3646 
0.3 3640 
0.4 3621 3640 3708 3720 3723 
0.5-35e 3566 
0.8 3640 
0.88 3574 3646 
0010 3729 
0011 3611 
0012 3616 3653 3741 
0013 3586 3610 
0014 3570 3591 3715 
0015 3621 3678 
0023 3647 3674 
0024 3651 
0025 3580 3601 3734 
0042 3624 
0044 3649 3667 3702 
0045 3604 
0047 3633 3637 3681 
0048 3662 3679 3738 
0049 3579 3680 
0050 3566 3652 
0051 3629 3740 
0052 3585 
0053 3602 
0054 3569 3668 
0055 3695 3697 3733 
0056 3730 
0058 3710 3721 
0060 3654 3658 3683 
0061 3575 3631 3659 3713 3735 
0062 3642 3742 
0063 3578 3595 3685 
0064 3598 3620 3692 
0066 3676 
0067 3672 3709 3719 
0068 3636 
0069 3592 3626 
0070 3724 
0071 3582 3607 3612 
0073 3655 
0074 3717 
0075 3663 3728 3737 
0076 3669 3703 
0078 3600 3618 
0079 3623 3661 3722 
0081 3574 3603 3617 3646 
0082 3577 3589 3707 
0083 3693 
0085 3584 
0086 3686 
0087 3656 3671 
0088 3605 3622 3664 3673 
0089 3694 3718 
0090 3593 
0091 3640 
0093 3625 3648 3699 3704 
0094 3690 
0095 3615 3644 3689 3700 3714 
0096 3619 3638 3736 
0097 3606 3691 3731 
0099 3675 
0100 3639 
0101 3567 3632 3726 3739 
0102 3628 3641 
0103 3634 
0104 3599 
0105 3568 3587 3588 3608 3720 3725 
0106 3597 
0107 3573 3583 3614 3627 3696 3708 3723 3727 
0108 3665 3711 
0109 3677 3732 
0110 3571 3635 3682 3698 
0111 3572 3650 3660 3706 3716 
0112 3596 
0113 3581 3666 3705 
0114 3609 
0115 3630 3643 3688 
0116 3594 3670 3712 
0118 3576 3590 
0119 3613 
0120 3684 3687 
0122 3645 
0123 3657 
0136 3701 
03-11 3566 3567 3568 3569 3570 3571 3572 3573 3574 3575 3576 3577 3578 3579 3580 3581 3582 3583 3584 3585 3586 3587 3588 3589 3590 3591 3592 3593 3594 3595 3596 3597 3598 3599 3600 3601 3602 3603 3604 3605 3606 3607 3608 3609 3610 3611 3612 3613 3614 3615 3616 3617 3618 3619 3620 3621 3622 3623 3624 3625 3626 3627 3628 3629 3630 3631 3632 3633 3634 3635 3636 3637 3638 3639 3640 3641 3642 3643 3644 3645 3646 3647 3648 3649 3650 3651 3652 3653 3654 3655 3656 3657 3658 3659 3660 3661 3662 3663 3664 3665 3666 3667 3668 3669 3670 3671 3672 3673 3674 3675 3676 3677 3678 3679 3680 3681 3682 3683 3684 3685 3686 3687 3688 3689 3690 3691 3692 3693 3694 3695 3696 3697 3698 3699 3700 3701 3702 3703 3704 3705 3706 3707 3708 3709 3710 3711 3712 3713 3714 3715 3716 3717 3718 3719 3720 3721 3722 3723 3724 3725 3726 3727 3728 3729 3730 3731 3732 3733 3734 3735 3736 3737 3738 3739 3740 3741 3742 
08:54:43.69 3566 
08:57:01.89 3567 
09:00:34.25 3568 
09:06:04.00 3569 
09:07:24.68 3570 
09:11:07.62 3571 
09:12:28.24 3572 
09:13:12.13 3573 
09:14:48.60 3574 
09:15:03.30 3575 
09:15:13.54 3576 
09:15:35.46 3577 
09:16:25.09 3578 
09:16:43.07 3579 
09:17:00.31 3580 
09:19:14.79 3581 
09:24:28.18 3582 
09:28:06.53 3583 
09:29:08.12 3584 
09:29:47.13 3585 
09:30:17.58 3586 
09:31:04.20 3587 
09:32:58.90 3588 
09:34:17.32 3589 
09:34:34.53 3590 
09:35:25.31 3591 
09:36:00.75 3592 
09:37:34.39 3593 
09:39:59.17 3594 
09:40:04.09 3595 
09:44:32.51 3596 
09:46:02.54 3597 
09:47:22.00 3598 
09:47:50.92 3599 
09:48:16.20 3600 
09:48:57.74 3601 
09:49:04.91 3602 
09:49:30.59 3603 
09:50:03.99 3604 
09:50:13.32 3605 
09:54:05.88 3606 
09:54:35.16 3607 
09:59:04.82 3608 
1,000 3600 3606 3686 3698 3718 3732 
1,016,375 3695 
1,045,799 3676 
1,048,543 3668 
1,140,270 3680 
1,177,434 3713 
1,200 3645 
1,259,164 3680 
1,268,000 3626 
1,281,000 3730 
1,327,172 3695 
1,400,247 3582 
1,419,000 3626 
1,438,000 3602 
1,478,066 3668 
1,533,277 3695 
1,640,779 3625 3704 
1,710,256 3695 
1,712,231 3695 
1,732,000 3672 
1,805,229 3582 
1,815,000 3631 
1,833,000 3602 
1,885,909 3634 
1,900 3622 
1,930,000 3631 
1,975,487 3713 
1-1/4 3641 3644 3648 3698 3732 
1-3/8 3686 
1-35e 3566 
1-7/8 3644 3648 3683 
1.01 3585 3721 
1.04 3585 
1.10 3583 
1.15 3604 
1.178 3708 3720 3723 
1.18 3604 3629 3657 
1.183 3708 3720 3723 
1.2 3593 3615 
1.20 3672 
1.22 3569 
1.26 3633 
1.29 3639 
1.3 3708 3720 3723 
1.30 3657 
1.34 3569 
1.36 3631 
1.37 3624 3657 
1.41 3657 
1.42 3593 
1.46 3726 
1.5 3645 3671 3687 3693 
1.52 3639 
1.56 3615 
1.57 3629 
1.6 3581 3640 
1.60 3649 3726 
1.62 3639 
1.65 3624 
1.75 3657 
1.765 3708 3720 3723 
1.774 3708 3720 3723 
1.82 3602 
1.85 3690 
1.86 3698 3732 
1.88 3602 
1.884 3708 3720 3723 
1.888 3708 3720 3723 
1.89 3690 
1.9 3599 
1/2 3718 
1/8 3641 
10,000 3686 3698 3732 
10-3/8 3584 
10-5/16 3584 
10-year 3628 
10.1 3740 
10.2 3574 3646 3738 
10.4 3624 3740 
10.45 3599 
10.6 3614 3627 3649 
10.7 3629 
100,000 3571 3664 3701 
100-1/8 3659 
101-1/2 3659 3686 
101-3/8 3718 
102-3/8 3644 3648 
105.867 3600 
106.88 3664 
106.9 3619 
107.38 3664 
108.8 3585 
10:00:03.84 3609 
10:00:54.35 3610 
10:03:41.79 3611 
10:06:15.67 3612 
10:07:00.98 3613 
10:07:18.70 3614 
10:10:08.03 3615 
10:10:52.93 3616 
10:12:36.08 3617 
10:12:46.78 3618 
10:13:33.37 3619 
10:13:55.42 3620 
10:14:28.34 3621 
10:16:01.66 3622 
10:17:12.30 3623 
10:18:14.44 3624 
10:18:23.38 3625 
10:18:41.87 3626 
10:18:50.88 3627 
10:19:12.40 3628 
10:19:18.48 3629 
10:19:26.57 3630 
10:19:31.81 3631 
10:19:51.18 3632 
10:20:05.31 3633 
10:20:15.36 3634 
10:20:23.76 3635 
10:20:29.66 3636 
10:20:34.17 3637 
10:24:04.94 3638 
10:24:27.20 3639 
10:24:38.49 3640 
10:27:45.96 3641 
10:28:07.09 3642 
10:29:01.87 3643 
10:30:21.61 3644 
10:31:40.35 3645 
10:32:35.98 3646 
10:38:06.39 3647 
10:38:35.18 3648 
10:38:56.74 3649 
10:40:17.71 3650 
10:40:41.35 3651 
10:41:54.22 3652 
10:41:56.30 3653 
10:42:21.83 3654 
10:43:24.82 3655 
10:43:51.09 3656 
10:44:32.91 3657 
10:45:16.80 3658 
10:45:29.25 3659 
10:45:58.16 3660 
10:46:24.45 3661 
10:46:28.98 3662 
10:47:05.09 3663 
10:47:12.26 3664 
10:47:21.71 3665 
10:47:34.39 3666 
10:49:24.84 3667 
10:49:46.78 3668 
10:49:53.75 3669 
10:50:03.34 3670 
10:50:16.02 3671 
10:50:49.86 3672 
10:51:09.44 3673 
10:52:04.30 3674 
10:53:26.57 3675 
10:53:45.61 3676 
10:56:17.09 3677 
10:56:21.50 3678 
10:56:40.53 3679 
10:57:52.71 3680 
10:59:02.35 3681 
11,334,000 3602 
11,637,000 3602 
11-1/4 3641 
11-mar-1987 3566 3567 3568 3569 3570 3571 3572 3573 3574 3575 3576 3577 3578 3579 3580 3581 3582 3583 3584 3585 3586 3587 3588 3589 3590 3591 3592 3593 3594 3595 3596 3597 3598 3599 3600 3601 3602 3603 3604 3605 3606 3607 3608 3609 3610 3611 3612 3613 3614 3615 3616 3617 3618 3619 3620 3621 3622 3623 3624 3625 3626 3627 3628 3629 3630 3631 3632 3633 3634 3635 3636 3637 3638 3639 3640 3641 3642 3643 3644 3645 3646 3647 3648 3649 3650 3651 3652 3653 3654 3655 3656 3657 3658 3659 3660 3661 3662 3663 3664 3665 3666 3667 3668 3669 3670 3671 3672 3673 3674 3675 3676 3677 3678 3679 3680 3681 3682 3683 3684 3685 3686 3687 3688 3689 3690 3691 3692 3693 3694 3695 3696 3697 3698 3699 3700 3701 3702 3703 3704 3705 3706 3707 3708 3709 3710 3711 3712 3713 3714 3715 3716 3717 3718 3719 3720 3721 3722 3723 3724 3725 3726 3727 3728 3729 3730 3731 3732 3733 3734 3735 3736 3737 3738 3739 3740 3741 3742 
11.1 3615 
11.4 3661 3669 
116-3/4 3698 3732 
116.1 3585 
117,989 3713 
11:02:21.44 3682 
11:02:30.60 3683 
11:02:51.92 3684 
11:03:43.77 3685 
11:04:11.13 3686 
11:04:58.48 3687 
11:06:29.79 3688 
11:07:32.95 3689 
11:07:47.29 3690 
11:07:58.61 3691 
11:08:51.09 3692 
11:08:58.90 3693 
11:09:38.03 3694 
11:11:36.33 3695 
11:12:12.28 3696 
11:12:46.83 3697 
11:13:44.71 3698 
11:16:27.07 3699 
11:16:37.00 3700 
11:17:50.23 3701 
11:18:43.48 3702 
11:19:25.35 3703 
11:20:59.51 3704 
11:21:51.11 3705 
11:24:47.63 3706 
11:25:10.65 3707 
11:25:22.19 3708 
11:25:38.29 3709 
11:25:58.26 3710 
11:26:11.40 3711 
11:26:29.78 3712 
11:26:35.22 3713 
11:26:43.75 3714 
11:28:24.91 3715 
11:30:35.72 3716 
11:30:43.58 3717 
11:32:35.44 3718 
11:33:26.38 3719 
11:33:49.43 3720 
11:38:52.47 3721 
11:39:12.25 3722 
11:39:22.50 3723 
11:40:18.04 3724 
11:40:45.97 3725 
11:40:57.63 3726 
11:41:05.91 3727 
11:41:11.77 3728 
11:42:36.42 3729 
11:43:08.45 3730 
11:43:16.92 3731 
11:43:25.55 3732 
11:43:34.51 3733 
11:43:37.55 3734 
11:45:40.56 3735 
11:46:01.36 3736 
11:48:19.79 3737 
11:53:35.98 3738 
11:55:51.87 3739 
12-year 3685 
12.3 3681 
12.5 3626 
12.6 3624 
12.7 3639 
12.8 3730 
123.1 3629 
124.4 3615 
125,000 3655 
126,000 3595 
128,000 3595 
129,750 3642 
12:00:34.05 3740 
12:01:31.37 3741 
12:02:23.84 3742 
13,000 3676 
13.0 3681 
13.1 3676 
13.3 3721 
13.5 3569 
13.6 3582 
130,000 3595 
132,000 3595 
135,000 3709 
14-1/2 3686 
14.1 3657 
14.72 3615 
14.8 3615 
146,061 3634 
147.1 3624 
147.7 3615 
15-1/2 3614 3627 
15.0 3569 
15.5 3626 
15.6 3582 3626 
15.8 3571 3626 
156.1 3721 
16.4 3569 
16.6 3615 
16.7 3661 
161,019 3668 
162.5 3649 
163,832 3695 
164.1 3604 
167.0 3629 
169,275 3668 
17.8 3669 
17/64 3592 
171.2 3613 
174,158 3667 
18.0 3585 
18.5 3692 
181.4 3624 
19,000 3645 
19.7 3695 
19.9 3585 
192,069 3639 
1954 3645 
1970s 3593 
1972/87 3685 
1976 3589 
1980 3645 
1982 3613 
1983 3613 
1984 3581 3613 3657 3682 
1985 3582 3588 3593 3597 3602 3613 3615 3617 3619 3625 3626 3630 3633 3634 3637 3649 3657 3676 3684 3704 3706 3739 
1985/86 3639 
1986 3569 3579 3582 3585 3593 3597 3602 3613 3615 3617 3619 3625 3630 3639 3649 3657 3681 3684 3688 3690 3693 3699 3704 3708 3717 3720 3723 
1986/87 3639 
1987 3571 3594 3597 3598 3606 3614 3627 3639 3657 3670 3671 3681 3690 3698 3699 3714 3726 3732 3739 
1988 3574 3614 3627 3645 3646 3687 
1989 3659 3698 3732 
1990 3718 
1990s 3645 
1991 3614 3627 3714 
1992 3606 3641 3664 3686 3698 3732 
1993 3664 
1994 3641 3644 3648 3664 
1997 3628 3664 
1st 3669 
2,030,390 3667 
2,135,909 3634 
2,144,317 3740 
2,247,374 3667 
2,287,179 3676 
2,400,000 3730 
2,408,766 3633 
2,423,000 3604 
2,425,000 3569 
2,448,000 3721 
2,454,000 3602 
2,585,621 3697 
2,600 3670 
2,614,224 3676 
2,622,000 3631 
2,658,692 3668 
2,692,000 3672 
2,934,285 3582 
2,940,219 3582 
2,964 3703 
2-1/2 3692 3699 
2-1/4 3606 
2.10 3657 
2.15 3599 
2.2 3631 
2.3 3639 
2.48 3639 
2.49 3690 
2.5 3657 
2.50 3690 
2.58 3657 
2.6 3615 3631 3663 
2.7 3615 3687 
2.73 3657 
2.74 3684 
2.78 3615 
2.9 3631 
20,000 3641 
20-crown 3579 3630 
20.0 3569 3740 
20.3 3672 
20.45 3579 3630 
20.50 3722 
20.6 3649 
20.8 3634 
20/64 3592 
200,000 3581 3602 3693 
200.6 3740 
2001 3589 
2002 3664 
2007 3600 3656 3722 
2012 3638 3664 3705 3712 3727 
207.5 3604 
210,000 3594 3737 
214.6 3649 
22.1 3599 
22.4 3661 
22.5 3688 
22.6 3657 
221.8 3615 
224.6 3740 
225.5 3721 
23.1 3639 
23.6 3638 
23.79 3579 3630 
24.1 3688 
25,000 3664 
25.2 3672 3730 
25.46 3599 
25.76 3705 
25.8 3727 
26.41 3615 
26.73 3712 
26.9 3615 
27-1/2 3651 
272.1 3569 
277,852 3667 
278.1 3585 
28.1 3632 
28.6 3615 
289,764 3637 
29,312 3634 
29.205 3600 
293,000 3574 3646 
295,000 3595 
295.3 3593 
299,930 3676 
2nd 3669 
3,012,917 3582 
3,027,714 3637 
3,037,000 3631 
3,075,000 3608 
3,132,555 3582 
3,150,000 3713 
3,157,070 3697 
3,167,735 3695 
3,169,000 3738 
3,184,480 3680 
3,205,000 3740 
3,217,500 3668 
3,225,512 3680 
3,254,000 3604 
3,262,161 3625 3704 
3,346,000 3629 
3,485,000 3730 
3,527,000 3730 
3,558,000 3602 
3,607,000 3633 
3,733,000 3681 
3,757,000 3738 
3,770,341 3676 
3,800 3717 
3,900,000 3574 3646 
3-1/4 3620 
3.05 3657 
3.12 3649 
3.2 3613 
3.3 3573 3615 
3.32 3657 
3.5 3593 
3.64 3657 
3/8 3698 3732 
30.6 3615 
300,000 3643 3687 
304,000 3738 
304.5 3585 
305,000 3595 
308,000 3595 
31,063 3695 
31.6 3656 
31.7 3697 
314,000 3626 
32,000 3669 
32.1 3697 
322.1 3602 
329.1 3569 
33.9 3615 
340,000 3737 
35,000 3655 3672 
35,186 3713 
35,700 3687 
35,910 3639 
35.8 3697 
3566 3566 
3567 3567 
3568 3568 
3569 3569 
3570 3570 
3571 3571 
3572 3572 
3573 3573 
3574 3574 
3575 3575 
3576 3576 
3577 3577 
3578 3578 
3579 3579 
3580 3580 
3581 3581 
3582 3582 
3583 3583 
3584 3584 
3585 3585 
3586 3586 
3587 3587 
3588 3588 
3589 3589 
3590 3590 
3591 3591 
3592 3592 
3593 3593 
3594 3594 
3595 3595 
3596 3596 
3597 3597 
3598 3598 
3599 3599 
36-1/2 3606 3719 
36.0 3697 
3600 3600 
3601 3601 
3602 3602 
3603 3603 
3604 3604 
3605 3605 
3606 3606 
3607 3607 
3608 3608 
3609 3609 
3610 3610 
3611 3611 
3612 3612 
3613 3613 
3614 3614 
3615 3615 
3616 3616 
3617 3617 
3618 3618 
3619 3619 
3620 3620 
3621 3621 
3622 3622 
3623 3623 
3624 3624 
3625 3625 
3626 3626 
3627 3627 
3628 3628 
3629 3629 
3630 3630 
3631 3631 
3632 3632 
3633 3633 
3634 3634 
3635 3635 
3636 3636 
3637 3637 
3638 3638 
3639 3639 
3640 3640 
3641 3641 
3642 3642 
3643 3643 
3644 3644 
3645 3645 
3646 3646 
3647 3647 
3648 3648 
3649 3649 
3650 3650 
3651 3651 
3652 3652 
3653 3653 
3654 3654 
3655 3655 
3656 3656 
3657 3657 
3658 3658 
3659 3659 
3660 3660 
3661 3661 
3662 3662 
3663 3663 
3664 3664 
3665 3665 
3666 3666 
3667 3667 
3668 3668 
3669 3669 
3670 3670 
3671 3671 
3672 3672 
3673 3673 
3674 3674 
3675 3675 
3676 3676 
3677 3677 
3678 3678 
3679 3679 
368.1 3602 
3680 3680 
3681 3681 
3682 3682 
3683 3683 
3684 3684 
3685 3685 
3686 3686 
3687 3687 
3688 3688 
3689 3689 
369.5 3615 
3690 3690 
3691 3691 
3692 3692 
3693 3693 
3694 3694 
3695 3695 
3696 3696 
3697 3697 
3698 3698 
3699 3699 
37.15 3615 
37.67 3615 
3700 3700 
3701 3701 
3702 3702 
3703 3703 
3704 3704 
3705 3705 
3706 3706 
3707 3707 
3708 3708 
3709 3709 
3710 3710 
3711 3711 
3712 3712 
3713 3713 
3714 3714 
3715 3715 
3716 3716 
3717 3717 
3718 3718 
3719 3719 
3720 3720 
3721 3721 
3722 3722 
3723 3723 
3724 3724 
3725 3725 
3726 3726 
3727 3727 
3728 3728 
3729 3729 
3730 3730 
3731 3731 
3732 3732 
3733 3733 
3734 3734 
3735 3735 
3736 3736 
3737 3737 
3738 3738 
3739 3739 
3740 3740 
3741 3741 
3742 3742 
378,000 3634 
38.37 3610 3615 
38.5 3687 
387,832 3634 
39.8 3585 
390,179 3668 
3rd 3629 3631 3667 3668 3697 3713 3730 3740 
4,000-strong 3572 
4,004,840 3680 
4,042,000 3669 
4,105,000 3631 
4,151,672 3637 
4,233,000 3730 
4,258,000 3569 
4,299,000 3624 
4,350,000 3668 
4,356,774 3637 
4,373,000 3629 
4,384,000 3569 
4,404,000 3602 
4,504,000 3730 
4,604,406 3697 
4,638,000 3631 
4,721,000 3738 
4,736,692 3637 
4,783,000 3730 
4,794,000 3626 
4,902,940 3625 3704 
4,921,601 3697 
4,960,000 3602 
4-1/2 3685 
4-1/2p 3684 
4-3/4 3685 
4-36-2-10w2 3592 
4-5/8 3659 
4.0 3619 3714 
4.1 3630 
4.11 3579 
4.2 3619 3630 3693 
4.21 3579 
4.4 3619 
4.72 3690 
4.73 3690 
4.8-pct 3688 
40,000 3574 3646 3672 
40-pct 3688 
40.7 3633 
40.9 3626 
403,945 3582 
41.1 3585 
43-3/8 3727 
43.248 3616 
43.8 3593 
432,000 3730 
441,836 3634 
45,000 3669 
45.5 3629 
460,000 3602 
47.3 3721 
47.4 3721 
47.8 3721 
47.9 3721 
478,700 3668 
48-5/8 3683 
48.2 3721 
48.50 3638 
480,000 3672 
490,000 3602 
4th 3569 3582 3585 3602 3604 3610 3615 3624 3626 3634 3672 3676 3680 3695 3721 
5,000 3635 3671 3698 3732 
5,009,000 3669 
5,070,000 3738 
5,364,000 3602 
5,434,430 3695 
5,457,000 3624 
5,488,000 3602 
5,500 3728 
5,695,000 3626 
5,747,393 3740 
5,862,000 3672 
5,887,165 3573 
5,942,000 3569 
5,951,612 3676 
5-1/2 3606 3705 3722 3727 
5-3/4 3698 3732 
5-7/8 3712 
5.01 3593 
5.4-pct 3688 
5.5 3593 
5.56 3684 
5.9 3632 
5/8 3641 3644 3648 3686 
50,745 3668 
50.1 3624 
50.2 3607 3637 
500,000 3574 3646 3664 
51.1 3604 
510,917 3681 
5100/r 3679 
512-seat 3670 
52.3 3582 
52.4 3633 
527,864 3713 
528,394 3713 
539.4 3593 
54.55 3705 3727 
54.6 3615 
545,000 3569 
550,000 3617 3737 
550,625 3695 
556,036 3582 
565,100 3632 
57.33 3615 
58.5 3736 
580,488 3680 
587.9 3721 
59.8 3629 
590,463 3680 
6,028,755 3633 
6,065,000 3617 
6,386,000 3672 
6,495,000 3602 
6,600,000 3629 
6,747,442 3676 
6,808,000 3629 
6,872,630 3634 
6,874,505 3676 
6,979,000 3569 
6-3/8 3694 
6-5/16 3694 3735 
6-7/8 3664 
6.2 3688 
6.29 3694 
6.4 3708 3720 3723 
6.7 3708 3720 3723 
6.88 3664 
60,000 3617 
60.1 3582 
610,000 3617 
62,986 3667 
62.9 3624 
63,000 3669 
640,000 3643 
65.9 3604 
658,159 3676 
67.4 3740 
69.2 3637 
690,600 3717 
697,500 3709 
7,242,117 3573 
7,277,418 3713 
7,285,000 3604 
7,299,000 3633 
7,305,000 3740 
7,368,000 3669 
7,382,802 3676 
7,485,000 3604 
7,600,000 3697 
7,745,000 3629 
7-1/2 3623 3628 3702 
7-1/4 3702 
7-3/8 3664 
7.06 3699 
7.1 3615 
7.2 3597 3615 
7.21 3690 
7.22 3690 
7.3 3615 3639 
7.38 3664 
7.5 3592 
7.50 3642 
7.57 3628 
7.58 3613 
7.79 3593 
701,000 3708 3720 3723 
708,700 3717 
71,000 3611 
712,500 3717 
715,000 3634 
72,000 3672 
72.1 3666 
72.7 3666 
72.9 3740 
720,906 3667 
73,164 3639 
732,700 3717 
75,809 3634 
750,000 3717 
765,000 3672 
77.1 3569 
79,000 3672 
794,000 3669 
8,000 3655 
8,097,000 3626 
8,226,577 3713 
8,430,000 3721 
8,500 3592 
8,507 3592 
8,531 3592 
8,548 3592 
8,577,853 3676 
8,939,955 3697 
8,977,000 3569 
8-1/4 3623 
8.1 3661 
8.25-to-8.50 3699 
8.30 3671 
8.50 3671 
8.8 3688 
8/10 3587 
820,484 3713 
83.4 3619 
835,010 3634 
84,000 3669 
843.9 3721 
8479 3566 
8480 3567 
8481 3568 
8482 3569 
8483 3570 
8484 3571 
8485 3572 
8486 3573 
8487 3574 
8488 3575 
8489 3576 
8490 3577 
8491 3578 
8492 3579 
8493 3580 
8494 3581 
8495 3582 
8496 3583 
8497 3584 
8498 3585 
8499 3586 
850,000 3730 
8500 3587 
8501 3588 
8502 3589 
8503 3590 
8504 3591 
8505 3592 
8506 3593 
8507 3594 
8508 3595 
8509 3596 
8510 3597 
8511 3598 
8512 3599 
8513 3600 
8514 3601 
8515 3602 
8516 3603 
8517 3604 
8518 3605 
8519 3606 
8520 3607 
8521 3608 
8522 3609 
8523 3610 
8524 3611 
8525 3612 
8526 3613 
8527 3614 
8528 3615 
8529 3616 
8530 3617 
8531 3618 
8532 3619 
8533 3620 
8534 3621 
8535 3622 
8536 3623 
8537 3624 
8538 3625 
8539 3626 
8540 3627 
8541 3628 
8542 3629 
8543 3630 
8544 3631 
8545 3632 
8546 3633 
8547 3634 
8548 3635 
8549 3636 
8550 3637 
8551 3638 
8552 3639 
8553 3640 
8554 3641 
8555 3642 
8556 3643 
8557 3644 
8558 3646 
8559 3647 
8560 3648 
8561 3649 
8562 3650 
8563 3651 
8564 3652 
8565 3653 
8566 3654 
8567 3645 
8568 3655 
8569 3656 
8570 3657 
8571 3658 
8572 3659 
8573 3660 
8574 3661 
8575 3662 
8576 3663 
8577 3664 
8578 3665 
8579 3666 
8580 3667 
8581 3668 
8582 3669 
8583 3670 
8584 3671 
8585 3672 
8586 3673 
8587 3674 
8588 3675 
8589 3676 
8590 3677 
8591 3678 
8592 3679 
8593 3680 
8594 3681 
8595 3682 
8596 3683 
8597 3684 
8598 3685 
8599 3686 
8600 3687 
8601 3688 
8602 3689 
8603 3690 
8604 3691 
8605 3692 
8606 3693 
8607 3694 
8608 3695 
8609 3696 
8610 3697 
8611 3698 
8612 3699 
8613 3700 
8614 3701 
8615 3702 
8616 3703 
8617 3704 
8618 3705 
8619 3706 
8620 3707 
8621 3708 
8622 3709 
8623 3710 
8624 3711 
8625 3712 
8626 3713 
8627 3714 
8628 3715 
8629 3716 
8630 3717 
8631 3718 
8632 3719 
8633 3720 
8634 3721 
8635 3722 
8636 3723 
8637 3724 
8638 3725 
8639 3726 
8640 3727 
8641 3728 
8642 3729 
8643 3730 
8644 3731 
8645 3732 
8646 3733 
8647 3734 
8648 3735 
8649 3736 
865,000 3642 
8650 3737 
8651 3738 
8652 3739 
8653 3740 
8654 3741 
8655 3742 
87,000 3669 
87.7 3615 
887,000 3738 
891,000 3631 
9,123,041 3680 
9,585,000 3738 
9,755,018 3695 
9,838,000 3669 
9,850,000 3730 
9.4 3597 
9.50 3617 
90,875 3713 
90-1/2 3684 
900,000 3571 3709 
907,542 3667 
91.4 3602 
92.6 3569 
94,263 3667 
95.7 3615 
96.1 3602 
96.44 3671 
960,788 3639 
969,000 3631 
978,000 3625 3704 
98-3/4 3699 
98.18 3671 
99.515 3628 
99.75 3685 
99.8 3600 
=2 3719 
`` 3568 3571 3576 3581 3587 3593 3594 3607 3623 3630 3645 3650 3660 3665 3670 3675 3682 3699 3701 3706 3711 3716 
a-1 3696 
a-1-plus 3696 
a-3 3705 
a-minus 3705 
a. 3642 
a.s. 3644 3648 
a/s 3579 3630 3641 3700 
aa 3593 3663 
aa-plus 3696 
aaa 3628 3663 
ab 3613 
abort 3645 
accepted 3577 3588 3589 
accord 3571 3682 
account 3593 
accounts 3594 3609 
accrued 3600 
accumulated 3664 
accused 3567 3716 
achieve 3593 
achieved 3663 
acq 3570 3573 3586 3587 3591 3596 3599 3607 3622 3632 3645 3652 3673 3684 3707 3711 3741 
acquire 3652 
acquired 3613 3622 3632 3673 3684 3725 3728 3741 
acquisition 3573 3596 3652 3693 3724 
acquisitions 3643 3716 3727 
acres 3703 
act 3643 3675 3711 
acting 3588 3711 
action 3593 3709 
activity 3683 3716 
acton 3709 
acts 3665 
adams 3684 
add 3677 3694 
added 3568 3571 3572 3593 3597 3630 3643 3664 3670 3671 3673 3675 3694 3725 
adding 3568 3571 
addition 3665 3699 3725 
additional 3598 3654 3664 
additive 3577 3589 
adds 3677 3735 
adhered 3571 
adhering 3571 
adjacent 3574 3646 
adjourned 3587 
adjusted 3582 3585 3681 3708 3717 3720 3723 
adjusting 3699 
adjustm 3620 
adjustments 3596 
administration 3577 3589 
administrative 3725 
admirably 3699 
admit 3700 
adopt 3625 3704 
advance 3655 3711 
advanced 3640 3731 
advances 3640 3689 
advantage 3571 
advise 3691 
advised 3656 
aerospace 3586 3596 3599 3636 
affairs 3572 3583 3717 
affiliate 3592 
affiliated 3619 
affiliates 3619 3622 
after-effect 3593 
afternoon 3584 3587 3658 3710 
ag 3597 3657 3698 3732 3739 
agencies 3614 3627 
agency 3577 3589 3593 3640 3663 3682 3696 
agfa-gevaert 3619 
ago 3595 
agreed 3571 3594 3609 3614 3627 3652 3700 3707 3739 
agreement 3571 3573 3587 3589 3614 3627 3636 3645 3687 3703 3739 
agreements 3571 3589 3694 3706 3727 3735 
agricultural 3615 3639 
agriculture 3737 
ahead 3666 
aid 3594 3609 
aide 3590 3670 
aides 3670 
aikhomu 3650 
aimed 3567 3581 3666 3682 3731 
air 3590 
airline 3711 
airlines 3573 3642 3677 3711 
airport 3568 3576 3703 
akron 3596 
al 3592 
ala. 3731 
allegations 3716 
alleged 3682 
allegedly 3682 
allentown 3664 
alliant 3636 
allocation 3596 
allowable 3592 
allowed 3571 
almaden 3725 
almadine 3725 
alnt 3636 
alpha 3706 
alpine 3632 
aluminum 3707 
alvite 3594 3609 
am-insider 3682 
amc 3645 
amendment 3670 
america 3567 3573 3615 3676 3738 
american 3571 3618 3645 3658 3728 
amex 3728 
amo 3645 
amount 3569 3588 3593 3600 3605 3656 3664 3665 3714 
amounts 3689 3722 
amsterdam 3572 
amylase 3706 
analysis 3636 
analyst 3645 3699 
analysts 3645 
anatolia 3635 
angeles 3677 
angina 3733 
angry 3716 
animals 3739 
anitec 3712 
announced 3573 3593 3596 3608 
announcement 3594 3599 3612 3658 3684 
announcing 3645 3660 
annual 3574 3575 3578 3646 3673 3684 3714 
annualised 3661 
annually 3698 3732 
annum 3664 3689 
anova 3643 
ansbacher 3684 
answers 3590 
antc 3712 
anticipated 3583 3605 
anticipation 3664 
antitrust 3711 
antonio 3677 
anz 3718 
apointed 3736 
apparently 3716 
appears 3711 
application 3711 
applied 3660 
appointment 3684 
appropriations 3613 
approval 3565 3578 3581 3589 3670 3675 3707 
approve 3587 3675 
approved 3575 3587 3593 3670 3693 3706 
approves 3570 3587 
april 3571 3578 3598 3600 3603 3605 3606 3620 3623 3641 3644 3648 3651 3664 3670 3677 3685 3686 3687 3698 3718 3732 3734 
aquisition 3682 
aquisitions 3682 
arab 3571 
area 3673 3675 3690 
areas 3687 
argued 3581 
arm 3607 
arms 3590 
arrange 3735 
arranger 3665 3689 
arranging 3643 
arrive 3594 
arrived 3594 3609 
art 3645 
arturo 3594 
ash 3607 
asian 3635 
asked 3571 3583 3590 3711 
assay 3706 
assemblies 3670 
assembly 3645 3655 
assesses 3691 
asset 3596 3607 
assets 3587 3652 3661 3682 
assign 3691 
assistance 3584 3594 3609 3612 
assistant 3711 
associate 3590 
associates 3632 3673 
association 3578 3618 
assume 3654 
assurance 3618 
astve 3618 
attache 3593 
attached 3606 3698 3732 
attempt 3613 
attend 3567 3670 
attorney 3711 
attractions 3645 
auburn 3578 
auditors 3736 
aug/sept 3737 
august 3603 3724 
augustus 3650 
austin 3703 
austin-kawasaki 3703 
australia 3686 
australian 3718 
author 3571 3593 3645 3670 
authorities 3568 3682 3716 
authorized 3575 3578 
auto 3645 3709 
automaker 3645 
automobile 3583 3645 
automotive 3636 3645 
availability 3665 
average 3615 3625 3704 3726 
averaged 3694 
avg 3569 3582 3626 3629 3631 3633 3634 3637 3668 3676 3695 3697 3713 3721 3730 3738 
avoid 3657 
awaited 3737 
awaiting 3589 
aware 3571 
awful 3701 
b-2 3712 
b-minus 3638 
b.a 3688 
b.v 3688 
back 3571 3635 3682 
back-up 3665 
backed 3670 
backing 3645 
backlog 3669 3681 
bael.l 3599 
baker 3570 3587 
balance 3593 3610 3615 3688 
balances 3660 
balao 3594 3609 
baltek 3672 
banca 3606 3719 
band 3584 
bank 3573 3584 3593 3598 3612 3614 3627 3641 3659 3660 3661 3666 3685 3686 3688 3689 3691 3696 3698 3718 3722 3724 3726 3732 
bankers 3702 
bankiers 3688 
banking 3735 
banks 3593 3614 3627 3635 3660 3685 3691 
banque 3671 
barney 3699 3705 3712 3727 
barrel 3571 3615 
barrels 3571 3592 3594 3609 
based 3571 3608 3619 3661 3699 
basic 3699 
basis 3615 3628 3682 3689 
bay 3714 
bayer 3619 
bayry 3619 
bc- 3603 3642 3649 3652 
bc-******chemlawn-corp-s 3741 
bc-******fed-sets-two-bi 3729 
bc-******goodyear-tire-t 3586 
bc-******hanson-trust-pl 3591 
bc-******hughes-tool-say 3570 3587 
bc-******merrill-lynch-s 3715 
bc-******ny-traders-say 3611 
bc-******sec-charges-mer 3678 
bc-******u.s.-4th-qtr-ba 3610 
bc-/-fed-adds-reserves-v 3735 
bc-/-fed-expected-to-add 3694 
bc-/goodyear- 3596 
bc-/merrill-lynch- 3716 
bc-/u.s.-trade-deficit-3 3615 
bc-acton-auto-rental-ini 3709 
bc-agency-to-review-john 3577 3589 
bc-alliant-and-macneal-s 3636 
bc-american-communicatio 3618 
bc-amex-trading-chemical 3728 
bc-anitec-image- 3712 
bc-anova-ventures-sets-d 3643 
bc-baltek-corp- 3672 
bc-banca-nazionale-del-l 3606 
bc-bankers-trust-co-rais 3702 
bc-bayer-usa- 3619 
bc-bellsouth- 3731 
bc-ben-and-jerry's-homem 3695 
bc-bilfinger-und-berger 3657 
bc-bond-service-downgrad 3726 
bc-bonneville-pacific-co 3697 
bc-bremer-landesbank-iss 3718 
bc-british-aerospace-rai 3599 
bc-businessland- 3722 
bc-canada-december-leadi 3640 
bc-canada-leading-indica 3621 
bc-canada-sets-grant-for 3608 
bc-cargill-u.k.-strike-t 3710 
bc-chi-chi's- 3742 
bc-chi-chi's-inc- 3740 
bc-chile-set-for-renegot 3614 3627 
bc-china-buys-u.s.-hard 3737 
bc-cigna-corp- 3600 
bc-citizens-fidelity- 3696 
bc-computer-technology- 3679 
bc-comtech-inc- 3669 
bc-concord-computing- 3654 
bc-continental-health- 3622 
bc-corrected 3719 
bc-curfew-clamped-on-nig 3650 
bc-dealers-wary-over-ste 3666 
bc-deb-shops-inc- 3620 3624 
bc-deutsche-bank-issues 3686 
bc-dnc-international-iss 3644 3648 
bc-duff/phelps-upgrades 3663 
bc-dutch-adjusted-unempl 3717 
bc-dutch-port-union-to-m 3572 
bc-ec-court-rules-in-fav 3581 
bc-ecuador-deputy-minist 3594 3609 
bc-edf-issuing-five-bill 3671 
bc-edf-launching-five-bi 3653 
bc-empire-of-carolina-in 3633 
bc-engineering-measureme 3736 
bc-esselte-business-syst 3601 
bc-flood-threat-eases-in 3576 
bc-ford-launches-mark-eu 3698 3732 
bc-frank-b.-hall- 3691 
bc-genzyme- 3706 
bc-german-sugar-offers-p 3701 
bc-gm- 3655 
bc-grand-met's-heublein 3725 
bc-groundwater-technolog 3730 
bc-gynex- 3566 
bc-hanson- 3607 
bc-heart-federal- 3578 
bc-henry-ansbacher-has-5 3684 
bc-hovnanian-enterprises 3598 
bc-hungary-hopes-devalua 3593 
bc-insituform-of-north-a 3676 
bc-interco-establishes-5 3689 
bc-japan- 3583 
bc-japan-foreign-ministe 3567 
bc-jc-penney- 3699 
bc-justice-said-reviewin 3711 
bc-katy-industries-inc- 3602 
bc-leaseway 3632 
bc-leucadia-has-50-mln-d 3665 
bc-licht-sees-small-rise 3690 
bc-lorimar-telepictures 3588 
bc-ltv- 3692 
bc-major-realty-corp- 3680 
bc-mem-co-inc- 3674 
bc-merry-go-round-enterp 3604 
bc-metropolis-of-tokyo-s 3628 
bc-micropolis- 3638 
bc-mitchell-energy-and-d 3721 
bc-mizuno-issuing-30-mln 3659 
bc-moore-mccormack- 3707 
bc-nakasone-set-to-stay 3670 
bc-national-gypsum- 3703 
bc-natwest 3688 
bc-network-video-inc- 3668 
bc-nordic-investment-ban 3641 
bc-novell- 3575 
bc-novo-industri-a/s- 3579 
bc-novo-industri-earning 3630 
bc-nucor-corp- 3647 
bc-nutmeg-industries-inc 3681 
bc-nynex- 3675 
bc-opec-reaffirms-commit 3571 
bc-outokumpu-restructure 3613 
bc-overmyer-corp- 3580 
bc-pennsylvania-power- 3664 
bc-pentair- 3724 
bc-pic'n'save-corp- 3585 
bc-pragma-bio-tech- 3733 
bc-property-trust-of-ame 3738 
bc-pulitzer-publishing-c 3569 
bc-qintex-again-extends 3573 
bc-regency-cruises-inc- 3626 
bc-riggs-national-corp- 3651 
bc-robert-halmi- 3662 
bc-rodman/renshaw- 3693 
bc-sahlen-and-associates 3673 
bc-schering-plough- 3700 
bc-scs/compute-inc- 3631 
bc-seaman-furniture-co-i 3629 
bc-seven-oaks-internatio 3734 
bc-shanghai-plans-soft-l 3568 
bc-shl-systemhouse- 3656 
bc-sigma-mines-details 3625 3704 
bc-slaughter-guesstimate 3595 
bc-some-german-engineers 3687 
bc-southwest-airlines-co 3677 
bc-spain's-money-supply 3661 
bc-spain-qualifies-reser 3660 
bc-st.-joe-gold- 3574 
bc-st.-joe-gold-to-devel 3646 
bc-swiss-cantonal-bank-g 3685 
bc-symbol-technologies-i 3617 
bc-synergen- 3739 
bc-t-cell-sciences-inc- 3713 
bc-telephone-support-sys 3667 
bc-tenera-lp- 3605 
bc-tenneco- 3683 
bc-thai-sugar-production 3639 
bc-transtech-industries 3637 
bc-triton-energy- 3592 
bc-turkish-weather-impro 3635 
bc-u.k.-money-market-giv 3584 3612 
bc-u.s.-hosuing-completi 3708 
bc-u.s.-housing-completi 3720 3723 
bc-uk-intervention-bd-sa 3616 
bc-uniforce-temporary-pe 3582 
bc-veba's-raab-karcher-r 3597 
bc-versar-inc- 3658 
bc-vhc-ltd- 3634 
bc-visual-graphics-sets 3623 
bc-wisconsin-public-serv 3714 
bc-witco- 3705 
bc-witco-corp- 3727 
bd 3616 
beach 3673 
bear 3628 
beds 3622 
beet 3690 
began 3576 3626 3635 3650 3681 3687 3735 
beleggingscompagnie 3688 
belgium 3581 
believed 3701 
believes 3566 3618 
bell 3663 
bellsouth 3663 3731 
ben 3695 
benchmark 3571 
bend 3692 
benefit 3602 3634 
benefited 3716 
benefits 3596 
beretta 3655 
berger 3657 
berger-bau 3657 
berkeley 3605 
bid 3599 3645 3687 3711 
bigger 3568 
biggest 3568 3645 
bilfinger 3657 
bill 3567 
billerica 3652 
billion 3579 3593 3597 3610 3613 3614 3615 3619 3627 3630 3644 3645 3648 3653 3657 3663 3671 3688 3703 3726 3729 3735 
bills 3584 3670 
bio-tech 3733 
birmingham 3731 
bit 3587 3593 
bjic 3695 
bko 3587 
blah 3570 3586 3591 3610 3611 3616 3621 3653 3678 3715 3729 3741 
blanketing 3635 
blend 3700 
blind 3643 
bloc 3671 
bloomfield 3733 
bls 3663 
bluff 3576 
board 3575 3578 3587 3597 3598 3603 3620 3623 3643 3645 3701 3707 
boards 3565 3608 3701 
boesky 3682 
bohemia 3617 
bolster 3645 
bond 3593 3606 3628 3641 3644 3648 3653 3671 3685 3686 3698 3718 3726 3732 
bond/warrants 3606 
bonds 3589 3606 3628 3641 3644 3648 3698 3732 
bonneville 3697 
book-runner 3644 3648 
bop 3610 3615 
borrow 3665 
borrowed 3664 
borrowing 3593 
bosch 3688 
boss 3590 
boston 3606 3628 3664 3706 
bought 3584 3632 3737 
boulder 3739 
bourse 3671 
boycott 3670 
bpco 3697 
bpd 3571 
bramalea 3645 
branch 3606 
brazil 3615 
break 3657 3710 
bremer 3718 
bridge 3568 
bringing 3677 3725 
brings 3612 3635 
britain 3571 3682 3688 
british 3568 3599 3682 
broad 3661 
broad-based 3661 
broken 3589 
broker 3682 3684 3702 
broker-dealer 3716 
brokerage 3691 
broking 3684 
brothers 3645 3712 
brought 3581 3708 3720 3723 
bruks 3613 
brunswick 3577 3589 
brussels 3581 3641 3701 
bsc 3731 
btek 3672 
budapest 3593 
budget 3567 3593 3666 3670 3714 
building 3607 3684 
built 3703 
burnham 3664 
burns 3654 
burst 3635 
business 3568 3575 3587 3596 3598 3601 3632 3645 3657 
businesses 3587 
businessland 3722 
busl 3722 
butter 3581 
buy 3632 3693 
buyback 3699 
buying 3584 3699 
buyout 3645 
buys 3737 
by-election 3670 
by-elections 3670 
ca 3682 
cabinet 3670 
calculated 3664 
calif. 3575 3578 3585 3588 3605 3722 3725 
california 3607 3677 
call 3728 
callable 3641 
called 3608 3613 3617 3659 3731 3736 
calling 3731 
calls 3567 3617 3739 
calmos 3608 
calories 3577 3589 
cambridge 3713 
campaigned 3670 
canada 3589 3592 3608 3615 3621 3625 3640 3645 3646 3649 3656 3704 3726 
canadian 3592 3608 3726 
cancellation 3567 
cancelled 3567 
candidates 3670 
cantonal 3685 
capable 3592 
capacity 3725 3731 
capital 3660 3664 3665 3686 3693 3696 3722 3726 
car 3583 3615 3645 
caracas 3594 3609 
carbon-chloride 3589 
carbonate 3574 3646 
care 3565 
cargill 3710 
cargo 3572 
carl 3711 
carolina 3633 
carries 3671 3698 3732 
carry 3671 
carryforwards 3634 
carrying 3698 3732 
cars 3615 3655 
carson 3585 
case 3572 3581 3682 
cash 3596 3617 3699 
cattle 3595 
caused 3571 3594 3650 
causing 3635 
ce 3654 
ceft 3654 
ceiling 3571 
cell 3713 
cement 3591 3607 
cent 3623 3699 
central 3630 3635 3663 3685 
centres 3613 
century 3703 
certificates 3696 
certification 3736 
cf 3696 
cfdy 3696 
chadds 3730 
chairman 3597 3607 3645 3654 3675 3711 3736 
chances 3597 
change 3593 
changed 3625 3704 
changing 3571 
channelink 3679 
charge 3699 3740 3742 
charged 3682 3716 
charges 3678 3682 3716 
charles 3711 3736 
charlotte 3647 
cheap 3581 
cheaper 3593 
cheaply 3581 
chemical 3619 3707 3728 
chemicals 3619 
chemlawn 3741 
chesebrough-ponds 3728 
chevrolet 3655 
chevrolets 3655 
chi-chi 3740 3742 
chic 3740 3742 
chicago 3595 3663 3693 3737 
chief 3588 3654 3716 
chile 3614 3627 
china 3568 3737 
chips 3608 
chlorinated 3589 
chlorine 3589 
choke 3592 
christian 3650 
christians 3650 
christmas 3581 
chrysler 3645 
chw 3728 
ci 3600 
ciba-geigy 3739 
cigna 3600 
cigz 3739 
circuit 3608 
cited 3645 3663 3696 3726 
cities 3677 
citizen 3682 
citizens 3573 3696 
city 3568 3576 3588 3601 3607 3635 3677 3697 
civil 3682 
claiming 3700 
claims 3574 3646 
clamped 3650 
clara 3575 
clashes 3650 
class 3623 
classes 3623 
clayton 3574 3646 
clear 3711 
clearance 3711 
cleveland 3691 
clients 3594 3657 
cliffs 3622 
climbed 3639 
clinical 3733 3739 
close 3575 3590 3598 3645 3670 3685 3707 3725 
closed 3576 3650 
closer 3593 
closest 3670 
closing 3587 3606 3607 3719 
club 3689 
cmnt 3679 
cmpanies 3619 
cmtl 3669 
cns 3630 
co-lead 3653 3671 
co-leads 3641 
co-managed 3628 3638 3705 3712 
co-managing 3727 
co-owned 3688 
coal 3597 
coast 3684 3703 
coffers 3701 
col. 3590 
cold 3635 
collaborative 3589 
colleagues 3571 
collective 3687 
college 3589 
colleges 3650 
colman 3638 
colo. 3736 3739 
combination 3645 
combined 3619 3641 3673 3686 
combines 3706 
commencing 3664 
comment 3666 3683 3711 
comments 3675 
commerce 3615 3708 3720 3723 
commercial 3568 3574 3593 3614 3627 3646 3688 3696 3739 
commercialization 3589 
commerical 3665 
commission 3581 3595 3632 3656 3682 3701 3711 3716 
commitment 3571 3662 3689 
committee 3571 3572 3590 3711 
committees 3590 
common 3575 3578 3587 3598 3600 3618 3623 3632 3638 3642 3643 3656 3693 3705 3712 3722 3726 3727 
communications 3618 3679 
communique 3671 
community 3581 3583 3701 
company 3566 3574 3577 3578 3587 3588 3589 3592 3596 3598 3608 3617 3618 3619 3620 3623 3626 3630 3632 3638 3643 3645 3646 3656 3657 3658 3663 3664 3665 3673 3675 3681 3682 3683 3692 3693 3699 3703 3705 3706 3709 3710 3712 3714 3716 3722 3725 3727 3731 3733 3736 3739 
company-owned 3740 
comparable 3605 3628 
comparative 3733 
compared 3612 3639 3690 3699 
comparing 3717 
compensate 3594 
compete 3703 
competition 3657 3675 
complaint 3682 
complete 3574 3587 3646 3711 
completed 3596 3607 3673 3693 3725 
completes 3673 3722 
completion 3574 3646 3696 
completions 3708 3720 3723 
complex 3568 
complications 3645 
comply 3573 
composite 3640 
comprise 3625 3644 3648 3704 3718 
comprising 3657 
compugraphic 3619 
computer 3636 3679 
computers 3636 
computing 3654 
comtech 3669 
concentrate 3607 
concepts 3703 
concession 3686 3718 
concessions 3645 
concluded 3701 
concord 3654 
conditions 3568 3573 3607 3618 3635 3707 
conference 3571 3597 3613 3675 3731 
confident 3571 
confirm 3594 
confirmation 3666 3737 
confirmed 3701 
conflict 3588 
conflicts 3588 
confusion 3567 
congress 3567 
conn. 3695 3725 
connecticut 3673 
connecting 3677 
connection 3703 
consecutive 3710 
consent 3587 
conservative 3670 3696 
conservatively 3625 3704 
considered 3593 
consist 3587 
consisted 3737 
consistent 3645 
consolidated 3602 
consortium 3608 
construct 3574 3646 
construction 3568 3657 3703 3714 
consultation 3571 
consumer 3615 3675 3689 
consumers 3566 3571 
consumption 3593 3594 3609 3639 
contacted 3568 
contemplated 3571 
content 3589 
contest 3682 
context 3594 
continental 3622 
continuation 3607 
continue 3574 3593 3618 3646 3710 3725 
continued 3567 3640 3645 3726 
continues 3736 
continuing 3574 3646 3711 
contra 3590 
contraceptives 3566 
contract 3565 3588 
contracts 3588 3701 3703 3728 
contrary 3571 3590 
contributed 3571 
control 3589 3632 3650 3656 3663 
controlled 3699 
controlling 3645 
controls 3714 
controversial 3670 
conversion 3685 3722 3727 
converted 3587 3698 3732 
convertible 3592 3638 3660 3705 3712 3722 3724 3727 
cooperate 3593 
cooperating 3716 
cooperation 3594 3682 
cooperative 3688 
copenhagen 3579 3630 
copper 3613 
corn 3615 
corporate 3683 3684 
corporation 3682 
corporations 3673 3682 
corrected 3719 
corrective 3566 
corsica 3655 
corum 3635 
cost 3568 3664 3703 3742 
costs 3615 3625 3645 3675 3699 3704 
cotton 3615 
council 3590 
countries 3571 3589 3615 3657 3682 
country 3571 3593 3594 3609 3614 3627 3635 3703 
coupe 3655 
coupon 3606 3628 3638 3641 3644 3648 3659 3671 3686 3698 3705 3712 3732 
court 3572 3581 3588 3675 3682 
cover 3650 3709 3742 
covered 3635 3682 
covering 3589 
covers 3574 3646 
cpc 3565 
cpi 3593 
created 3643 
credit 3573 3606 3662 3671 3672 3676 3689 3696 3698 3719 3722 3732 
creditbank 3644 3648 
creditors 3614 3627 
credits 3593 3669 3672 3740 
cresskill 3632 
criminal 3590 
criticised 3571 
criticism 3670 
crop 3576 
crops 3635 
crown 3630 3641 
crowns 3579 3630 3641 
crucial 3571 
crude 3571 3592 3594 3609 
crudes 3571 
cruises 3626 
ct 3634 3668 3669 3713 
cthl 3622 
culver 3588 
cumulative 3724 
curacao 3718 
curb 3583 3593 3660 
curfew 3650 
currencies 3630 
currency 3581 3593 3666 3698 3732 
current 3593 3625 3632 3634 3660 3669 3670 3704 3740 
customarily 3603 
customer 3694 3729 3735 
customers 3571 3663 3714 3726 
cut 3576 3645 3666 3687 
cutting 3567 
cypm 3707 
cyprus 3707 
d-ohio 3711 
d.c. 3703 
daily 3574 3646 3677 
dakota 3574 3646 
dallas 3592 3643 
damage 3594 3609 
danish 3579 3630 3641 
danish-based 3630 
data 3582 3652 3679 3711 
david 3593 3682 
day 3571 3590 3592 3594 3612 3645 3665 3666 
days 3590 3594 3609 3650 3665 3671 3710 
de 3671 3719 
deadlock 3710 
deal 3622 3628 3638 3645 3673 3682 3705 
dealer 3632 3655 3665 
dealers 3618 3645 3655 3666 3735 
deals 3568 3607 3682 
death 3635 
deb 3620 3624 
debates 3567 
debenture 3722 3727 
debentures 3600 3638 3656 3663 3705 3712 3722 3726 3727 
debs 3620 3624 
debt 3593 3600 3614 3627 3638 3696 3699 3705 3712 3724 3726 
debts 3614 3627 3645 
decay 3577 3589 
deceleration 3640 
december 3571 3600 3615 3621 3625 3639 3640 3671 3704 3708 3720 3723 
decide 3590 
decision 3594 3613 
declared 3575 3576 3578 3598 3603 3620 3623 3643 
declares 3674 
decline 3597 3639 3640 3657 3717 
declined 3588 3670 3683 3711 
declines 3683 
declining 3664 
decrease 3615 
decreased 3615 
decree 3587 
deep 3592 
deerfield 3566 3619 3673 
defeat 3670 
defence 3571 
defend 3571 
defendants 3682 
defense 3569 
deficit 3567 3593 3610 3615 
defined 3602 
definite 3613 
degree 3592 
del 3606 3719 
delay 3590 
delbert 3675 
deliver 3739 
delivered 3692 
delivery 3655 
delta 3688 
deltona 3633 
demand 3640 3705 
demanding 3670 
demands 3687 
democracies 3670 
democratic 3567 3670 
den 3644 3648 3688 
denial 3590 
denmark 3579 3630 3700 
dennis 3682 
denominated 3593 3671 
denominations 3606 3641 3644 3648 3686 3698 3718 3732 
deny 3594 
departing 3588 
department 3587 3615 3675 3682 3708 3711 3715 3716 3720 3723 3737 
departures 3677 
depends 3670 
deposit 3574 3646 3696 
dept 3675 
depth 3574 3646 
depths 3592 
deputy 3594 3609 
derivative 3589 
describes 3643 
design 3608 3703 
designed 3679 3739 
designers 3599 
destocking 3571 
destruction 3576 
details 3625 3704 3733 
determination 3571 
determine 3590 3665 
determined 3571 3656 
detroit 3645 
deutsche 3686 3698 3732 
devaluation 3593 
devalue 3593 
devalued 3593 
develop 3574 3636 3646 3703 
developed 3566 3589 
developing 3657 
development 3573 3574 3625 3630 3646 3662 3704 3721 
developments 3630 3683 
device 3679 
diagnostic 3706 
dialing 3731 
diantronics 3622 
diatronics 3622 
died 3650 
differentials 3571 
differnet 3733 
difficulties 3657 3726 
difficulty 3571 
digestion 3589 
digital 3652 
dioxide 3714 
direct 3677 3694 
directive 3583 
directly 3714 
director 3590 3613 3654 3678 3682 3716 
directors 3575 3598 3693 
disagree 3590 
disagreed 3675 
disappointed 3716 
disassociated 3571 
disaster 3571 
disclose 3733 
disclosed 3565 3622 3673 
discontinued 3602 3634 3637 
discovery 3589 
discuss 3670 
discussed 3568 3645 
discussions 3594 
disease 3706 
dismissed 3670 
dispensed 3566 
disposing 3742 
disposition 3740 
dispute 3572 3590 3700 
disrupting 3572 
disruption 3571 
dissolution 3670 
distributed 3598 
distribution 3605 
distributor 3566 3700 
district 3574 3646 3675 
disturbances 3650 
div 3580 3601 3647 3651 3674 3734 
diversion 3590 
divested 3587 
dividend 3579 3580 3605 3620 3623 3630 3643 3657 3699 
dividends 3603 3623 3664 
division 3613 3645 
divulge 3658 
dlr 3571 3606 3608 3615 3631 3637 3645 3662 3665 3676 3686 3689 3692 3718 3729 3740 3742 
dlt 3633 
dm 3625 
dnc 3644 3648 
documents 3682 
doj 3711 
dollar 3593 3630 3657 3666 3718 
dome 3625 3704 
domestic 3587 3593 3594 3609 3639 3657 
donaldson 3712 
dot 3711 
doubles 3661 
doubling 3575 
doubt 3645 
downgraded 3726 
downgrades 3726 
downward 3675 
dp-1 3663 
dp-2 3663 
draft 3670 
draw 3665 
drawn 3571 
drexel 3664 
drill-indicated 3574 3646 
drilling 3574 3587 3592 3646 
drop 3657 
dropped 3714 
drought 3615 
drug 3577 3589 3682 3739 
due 3568 3571 3583 3594 3597 3600 3614 3618 3627 3628 3638 3641 3644 3648 3656 3657 3659 3686 3705 3712 3718 3722 3726 3727 
duevel 3643 
duff 3663 
duff/phelps 3663 
dusk-to-dawn 3650 
dutch 3572 3688 3717 
dutch/shell 3592 
duty 3572 3615 
duvel 3643 
e. 3654 
e.c 3611 
earlier 3573 3594 3639 3666 3684 3701 
earliest 3645 
early 3590 3593 3645 3694 
earn 3569 3575 3578 3579 3580 3582 3585 3597 3598 3601 3602 3603 3604 3605 3613 3619 3620 3623 3624 3626 3629 3630 3631 3633 3634 3637 3643 3647 3649 3651 3667 3668 3669 3672 3674 3676 3680 3681 3688 3695 3697 3699 3713 3721 3730 3734 3738 3740 3742 
earned 3699 
earnings 3565 3568 3579 3602 3630 3657 3696 3699 3742 
earthquake 3571 3594 3609 
ease 3568 
eased 3694 
eases 3576 
easing 3675 
east 3574 3615 3635 3646 3684 
eastern 3594 3635 3690 
ec 3581 3583 3611 3616 3690 3701 
economic 3583 3657 
economists 3694 
ecuador 3571 3594 3609 
ecus 3616 
edd 3645 
edf 3653 3671 
effect 3593 3630 3670 
effective 3582 3588 3620 3656 3664 3702 
effects 3670 
efficiency 3725 
effort 3569 
efforts 3571 3593 3607 3657 
efi 3606 3719 
egypt 3657 
el 3738 
elastase 3739 
election 3670 
elections 3670 
electric 3587 
electricite 3671 
electricity 3671 
electronic 3652 3675 
electronics 3692 
element 3636 
elements 3650 
elgin 3602 
eliminated 3675 
elizabeth 3589 
emco 3736 
emergency 3576 
emirates 3571 
emmett 3642 
emp 3633 
emphasize 3571 
emphysema 3739 
empire 3633 
employee 3716 
employees 3645 3725 
employers 3687 
employment 3588 
empty 3701 
en 3670 3671 
enabling 3593 
enacted 3691 
enclave 3650 
encouraging 3574 3646 
end 3568 3593 3604 3625 3639 3667 3670 3671 3689 3704 3717 
end-1985 3657 
end-1986 3657 
ended 3699 3710 3742 
ending 3574 3646 
energy 3592 3594 3597 3609 3721 3726 
engineering 3687 3736 
engineers 3687 
england 3584 3612 3666 3682 
englewood 3622 
enhancement 3737 
enhances 3589 
enskilda 3641 
ent 3620 
entered 3706 3735 
enterprises 3598 3604 
entire 3594 
entitle 3606 3719 
entry 3675 
environmental 3658 3691 
enzymes 3630 3706 
episodes 3733 
equilibrium 3593 
equity 3606 3633 3726 
equivalent 3625 3704 
esb 3601 
espinosa 3594 
esselte 3601 
essen 3597 
essential 3630 
essentially 3589 
established 3584 3665 
establishes 3689 
establishing 3689 
establishment 3682 
estimate 3584 3690 
estimated 3574 3612 3646 3703 
estimates 3690 3703 
eureka 3608 
euro-commercial 3665 
euro-notes 3665 
eurobond 3644 3648 3698 3718 3732 
eurodollar 3689 
europe 3583 3608 3615 3644 3648 3690 
european 3581 3583 3589 3608 3690 3701 
evacuated 3576 3635 
evaluate 3691 
evaluation 3589 
eventually 3645 
evidence 3716 
exceeded 3639 
exceeds 3689 
excellent 3696 
exception 3618 
exchange 3568 3593 3595 3606 3630 3632 3656 3658 3666 3682 3683 3686 3698 3716 3719 3728 3732 
exchangeable 3600 3656 
exchanged 3656 
exciting 3684 
exclude 3602 
excludes 3615 3634 3637 3669 3672 3738 
executive 3581 3588 3654 3682 
executives 3588 3654 
exempt 3660 3711 
exercisable 3606 3617 
exercise 3583 3650 3656 3698 3728 3732 
exists 3588 
expect 3576 
expectd 3605 
expected 3565 3568 3574 3592 3593 3594 3596 3609 3646 3670 3694 3703 3707 3724 3725 3726 
expects 3605 3608 3657 3699 
expense 3569 3670 
expenses 3569 3643 3663 
expiration 3728 
explain 3588 3683 
exploration 3574 3646 
exploratory 3592 
export 3593 3594 3737 
exporter 3615 
exporters 3737 
exporting 3583 
exports 3568 3583 3593 3594 3609 3615 3639 
exposure 3726 
extend 3670 
extended 3670 
extending 3573 
extends 3573 
extension 3587 3660 
extensive 3711 
external 3736 
extra 3568 
extradited 3682 
extraordinary 3571 3670 
f. 3688 
f.o 3690 
f0008 3582 
f0015 3583 
f0017 3584 
f0019 3585 
f0020 3586 
f0022 3587 
f0035 3588 
f0037 3589 
f0038 3590 
f0043 3591 
f0045 3592 
f0047 3593 
f0049 3594 
f0050 3595 
f0071 3596 
f0079 3597 
f0086 3598 
f0088 3599 
f0090 3600 
f0094 3601 
f0095 3602 
f0099 3603 
f0102 3604 
f0103 3605 
f0122 3606 
f0123 3607 
f0141 3608 
f0143 3609 
f0146 3610 
f0160 3611 
f0172 3612 
f0173 3613 
f0175 3614 
f0183 3615 
f0188 3616 
f0194 3617 
f0195 3618 
f0196 3619 
f0199 3620 
f0203 3621 
f0207 3622 
f0214 3623 
f0222 3624 
f0223 3625 
f0226 3626 
f0227 3627 
f0230 3628 
f0231 3629 
f0232 3630 
f0233 3631 
f0235 3632 
f0237 3633 
f0238 3634 
f0239 3635 
f0240 3636 
f0241 3637 
f0250 3638 
f0252 3639 
f0253 3640 
f0261 3641 
f0264 3642 
f0268 3643 
f0270 3644 
f0279 3645 
f0286 3646 
f0312 3647 
f0315 3648 
f0317 3649 
f0324 3650 
f0328 3651 
f0334 3652 
f0335 3653 
f0338 3654 
f0343 3655 
f0344 3656 
f0347 3657 
f0350 3658 
f0351 3659 
f0354 3660 
f0357 3661 
f0358 3662 
f0363 3663 
f0364 3664 
f0365 3665 
f0366 3666 
f0378 3667 
f0381 3668 
f0382 3669 
f0383 3670 
f0384 3671 
f0387 3672 
f0389 3673 
f0396 3674 
f0402 3675 
f0403 3676 
f0411 3677 
f0412 3678 
f0415 3679 
f0420 3680 
f0423 3681 
f0434 3682 
f0436 3683 
f0438 3684 
f0444 3685 
f0447 3686 
f0451 3687 
f0460 3688 
f0470 3689 
f0471 3690 
f0473 3691 
f0479 3692 
f0480 3693 
f0482 3694 
f0495 3695 
f0498 3696 
f0502 3697 
f0505 3698 
f0519 3699 
f0520 3700 
f0525 3701 
f0528 3702 
f0531 3703 
f0536 3704 
f0540 3705 
f0554 3706 
f0555 3707 
f0556 3708 
f0558 3709 
f0560 3710 
f0561 3711 
f0564 3712 
f0565 3713 
f0566 3714 
f0574 3715 
f0581 3716 
f0582 3717 
f0590 3718 
f0593 3719 
f0596 3720 
f0621 3721 
f0623 3722 
f0624 3723 
f0631 3724 
f0635 3725 
f0637 3726 
f0638 3727 
f0639 3728 
f0649 3729 
f0653 3730 
f0654 3731 
f0655 3732 
f0657 3733 
f0658 3734 
f0662 3735 
f0663 3736 
f0667 3737 
f0679 3738 
f0683 3739 
f0693 3740 
f0701 3741 
f0706 3742 
f0905 3566 
f0911 3567 
f0921 3568 
f0943 3569 
f0947 3570 
f0955 3571 
f0961 3572 
f0965 3573 
f0974 3574 
f0976 3575 
f0977 3576 
f0979 3577 
f0984 3578 
f0986 3579 
f0989 3580 
f0997 3581 
facilites 3703 
facilities 3645 
facility 3665 3689 
factor 3630 
factories 3568 
factors 3615 
failed 3618 3711 
failing 3710 3711 
fall 3583 3593 3630 3657 3708 3720 3723 
falling 3657 
fargo 3662 
farma 3700 
farming 3576 
farmington 3725 
favour 3581 3593 
fbh 3691 
fda 3589 
feared 3593 
feasibility 3574 3646 
feature 3677 
feb 3668 
february 3571 3603 3618 3623 3661 3670 3717 
fed 3694 3729 3735 
federal 3573 3578 3608 3640 3682 3694 3711 3735 
fee 3686 3689 
feel 3645 
fees 3606 3641 3644 3648 3698 3718 3732 
feet 3592 
fekete 3593 
fell 3571 3593 3597 3615 3630 3639 3657 3708 3720 3723 3726 
fellow 3594 3609 
fenner 3682 3716 
fernando 3594 3609 
ferrosan 3630 
ferrosilicon 3707 
fiber 3700 
fibre 3700 
fidelity 3696 
fields 3594 3609 
fierce 3670 
figure 3571 3590 3630 3690 3717 
figures 3571 3590 3639 3661 
file 3675 3711 
filed 3656 3682 3711 3724 
files 3656 3724 
filing 3587 3618 3656 3711 
final 3587 3615 3675 3737 
finalize 3573 
finance 3568 3593 3643 3644 3648 3686 3691 3718 3727 
financial 3587 3643 3645 3663 3665 3691 3696 
financing 3568 
find 3592 
fine 3699 
finite 3636 
finland 3613 
fired 3590 
firm 3571 3643 3645 3657 3691 3696 3703 3716 
firms 3568 3675 
fiscal 3670 
five-ton 3692 
five-year 3592 3606 3617 3665 3698 3714 3732 
fixed 3571 3593 3600 3671 
fixed-rate 3671 
fla. 3618 3668 3673 3677 3680 3681 
flighs 3677 
flight 3677 
flights 3677 
flood 3576 
flood-hit 3576 
flooding 3635 
floods 3635 
floor 3595 
florida 3677 
flowed 3592 
flowmeter 3736 
fluctuations 3630 
fnv 3572 
food 3577 3589 3700 
foray 3628 
force 3590 3682 3725 
forced 3567 
forces 3703 
ford 3698 3730 3732 
forecast 3593 3639 3645 
forecasts 3690 
foreign 3567 3568 3571 3593 3630 3657 3660 3666 
foresaw 3645 
forfeit 3682 
forint 3593 
forints 3593 
form 3587 3643 3711 
formally 3577 3589 
formed 3587 3645 3698 3732 3736 
forms 3607 
formula 3594 
found 3711 
four-door 3655 
fourth 3605 3615 
franc 3653 3659 3671 3685 
france 3645 3671 
francs 3659 3671 
frank 3691 
frankfurt 3687 3698 3701 3732 
freezing 3682 
french 3568 3645 3653 3671 
frequently 3731 
friction 3583 
friday 3675 3711 
front 3635 
frozen 3635 
ftc 3711 
fukuoka 3670 
full 3599 3615 3665 3725 
functions 3725 
fund 3599 3603 3608 3664 
funding 3664 
funds 3590 3660 3662 3664 3665 3685 3694 3735 
furniture 3629 
future 3571 3599 3625 3645 3660 3704 
fx/series 3636 
gain 3602 3621 
gainesville 3618 
gaining 3640 
gains 3634 3738 
gaps 3571 
garden 3601 
gary 3588 
gas 3592 3714 3736 
gave 3584 
gbfg.f 3657 
gen. 3590 
general 3568 3572 3625 3655 3670 3684 3692 3704 3727 3736 
general-antitrust 3711 
generale 3641 
generally 3687 
generation 3726 
generic 3566 3577 3589 
geneva 3571 
genz 3706 
genzyme 3706 
german 3687 3690 3701 
germany 3597 3657 3687 
giesel 3597 
give 3587 
giving 3630 
glantz 3645 
gleason 3673 
globe 3707 
gm 3655 
gold 3574 3615 3625 3646 3704 
golden 3574 3646 
goldman 3628 3705 3727 
good 3593 3597 3657 
goods 3593 3615 3640 3682 
goodwill 3630 
goodyear 3586 3596 
gordon 3607 
gottlieb 3588 
government 3572 3608 3635 3650 3660 3661 3694 3711 3735 
gra 3682 
grace 3614 3627 3682 
grade 3625 3704 
grading 3574 3625 3646 3704 
gradually 3699 
grain 3737 
grand 3590 3725 
grant 3590 3608 
granted 3574 3642 3646 3709 
granting 3590 
grants 3608 
graphics 3623 
gravity 3592 
greater 3605 
green 3714 
greene 3675 
grisanti 3594 
gross 3593 3699 
grounds 3670 3711 
groundwater 3730 
group 3571 3592 3597 3600 3607 3613 3617 3630 3643 3645 3657 3684 3685 3692 3693 3698 3711 3732 
groups 3640 3736 
grove 3607 
growing 3714 
growth 3583 3593 3660 3661 3684 3688 
gt 3596 
guarantee 3573 
guaranteed 3628 3644 3648 3659 3718 
guard 3673 
gubernatorial 3670 
guesstimated 3595 
guesstimates 3595 
guesstimating 3595 
guilders 3688 
gwti 3730 
gynex 3566 
gynxu 3566 
gypsum 3703 
haarmann 3619 
hague 3717 
half 3571 3574 3594 3646 3669 3687 3739 
hall 3691 
halmi 3662 
halt 3666 
halted 3658 
hamburg 3687 3701 
han 3607 
hand 3655 3657 
hands 3571 3661 
hanson 3591 3607 
hard 3593 3737 
harold 3675 
harris 3705 3712 3727 
hatay 3635 
hauppauge 3669 
hays 3642 
head 3595 3715 3716 
headquarters 3645 3725 
heads 3630 
health 3622 
healthcare 3619 
hearing 3682 
heart 3578 
heavily 3571 
heavy 3703 
hectares 3635 3690 
held 3597 3598 3660 3670 3687 3691 
helena 3619 
helped 3684 
helsinki 3613 
henri 3706 
henry 3684 
hermann 3682 
hernandez 3594 
heublein 3725 
hfed 3578 
hiding 3650 
high 3593 3663 3666 3679 3703 3726 
high-density 3652 
high-intensity 3577 3589 
higher 3571 3592 3593 3599 3687 3688 
hike 3699 
hill 3574 3646 
historians 3645 
history 3645 
hit 3657 
hog 3595 
hokkaido 3670 
hold 3571 3594 3645 3687 
holder 3606 3719 
holders 3575 3578 3603 3605 3620 
holding 3587 3665 
holdings 3617 3682 3684 
holds 3599 3607 
holiday 3592 
home 3588 3592 3622 
homemade 3695 
homes 3576 3708 3720 3723 
hong 3615 
hoped 3568 3593 
hopes 3593 
hoping 3568 3593 
hopwood 3724 
hospitals 3622 
hosuing 3708 
hour 3687 
hours 3573 3687 
house 3590 3595 3670 
household 3565 3640 
housing 3708 3720 3723 
houston 3587 3677 
hov 3598 
hovnanian 3598 
howard 3711 
ht 3587 
huangpu 3568 
hughes 3570 3587 
human 3739 
hungary 3593 
hunt 3588 
hyde 3582 
iacocca 3645 
ibm 3679 
icahn 3711 
idea 3571 
ideal 3568 
identified 3670 
ig 3687 
ill. 3566 3602 
illegal 3590 3716 
image 3712 
immediately 3571 3587 3588 3666 3702 
immunity 3590 
impact 3565 3701 
implement 3703 
implemented 3566 
implies 3699 
import 3594 
imported 3615 
imports 3593 3615 
imposed 3618 
impressed 3699 
improperly 3716 
improve 3593 3608 3613 
improved 3657 
improvements 3568 
improves 3635 
improving 3682 3699 
incentive 3592 
inch 3592 
include 3568 3619 3633 3699 3731 
included 3618 
includes 3588 3670 3676 3692 3714 3740 
including 3568 3613 3615 3652 3670 3677 3690 3707 
income 3579 3605 3619 
incoming 3657 
incorporate 3613 
increase 3578 3615 3619 3620 3639 3640 3677 3699 3725 
increased 3568 3593 3597 3599 3615 3619 3630 3639 3701 3705 3712 
increases 3615 3639 3660 
increasing 3583 
incur 3645 
incurred 3724 
ind. 3580 3692 
indefinitely 3571 
independent 3613 3706 
independents 3670 
index 3640 3666 
indicator 3621 3640 3706 
indirect 3607 3735 
indirectly 3694 
industri 3579 3630 
industrial 3670 3714 
industrialized 3615 
industries 3587 3602 3607 3636 3637 3681 3703 3707 
industry 3583 3593 3594 3609 3613 3625 3645 3701 3704 3726 3736 
inflate 3670 
inflation 3593 
influential 3614 3627 
influx 3660 
information 3658 3675 3682 3716 
informed 3716 
infrastructure 3568 3574 3646 
infringe 3581 
infringed 3700 
infusion 3622 
inhibitor 3739 
initial 3574 3592 3605 3642 3646 3693 3705 3709 3712 3728 
initially 3584 3739 
inject 3694 
injection 3694 
injunction 3700 
inpatient 3622 
inside 3716 
insider 3678 3682 3716 
insituform 3676 
inspection 3566 
institution 3606 3719 
institutions 3691 
insua 3676 
insulin 3630 
insurance 3615 3617 3684 3688 3691 
integrated 3608 3671 
intelligent 3652 
intend 3675 
intended 3660 
intends 3656 
intention 3599 
interbank 3612 3665 3689 
interco 3689 
interest 3569 3588 3592 3593 3600 3614 3627 3666 3671 3682 3684 3698 3702 3732 3736 
internal 3726 
international 3568 3570 3583 3587 3593 3614 3627 3639 3644 3648 3684 3689 3691 3703 3726 3734 
interprovincial 3592 
intervene 3694 
intervened 3584 
intervention 3616 3666 3701 
interview 3593 
introduced 3679 3731 
introduction 3566 3655 
inventories 3699 
inventory 3655 
invercargill 3576 
invest 3593 
investigate 3703 
investigating 3590 3682 
investigation 3682 3716 
investment 3632 3633 3641 3736 
investments 3568 3709 3738 
investor 3643 3705 
invetigation 3673 
invited 3568 
involve 3568 3641 
involved 3588 3613 3682 3716 
involving 3568 3588 3608 3682 
iran 3590 
iraq 3571 
iron 3707 
irrespective 3670 
island 3670 
israel 3682 
israeli 3682 
issuance 3664 3665 
issue 3568 3606 3628 3638 3659 3664 3665 3671 3685 3698 3705 3712 3718 3732 
issued 3617 3644 3648 3656 3671 3693 3719 
issuer-set 3665 
issues 3641 3644 3648 3686 3718 
issuing 3606 3641 3644 3648 3659 3665 3671 3685 3686 3718 
istanbul 3635 
items 3596 
ivan 3682 
j.c 3699 
jaffray 3724 
james 3571 
jams 3635 
jan 3604 3624 3629 3631 3669 3681 3697 3713 3720 3721 3730 3740 
janos 3593 
january 3596 3613 3639 3649 3661 3681 3708 3717 3720 3723 3742 
japan 3567 3583 3615 3628 3670 3703 
japanese 3567 3568 3583 3593 3703 
javier 3594 
jc 3699 
jcp 3699 
jeep 3645 
jerome 3736 
jerry 3588 3695 
jersery 3622 
jerusalem 3682 
jiang 3568 
jnj 3577 
job 3590 
jobs 3717 
joe 3574 3646 
john 3590 3654 
johnson 3577 3589 
johnson/johnson 3577 
join 3608 3703 
joined 3588 3691 
joins 3703 
joint 3622 3644 3648 3703 
jointly 3589 
jose 3722 3725 
josephthal 3642 
judge 3675 
judgement 3675 
judiciary 3711 
jukwey 3571 
july 3603 3670 3687 
jumped 3699 
june 3582 3585 3603 3670 3693 3728 
jungle 3594 3609 
jury 3590 
justice 3587 3675 3711 
k-mart 3682 
kaduna 3650 
kafanchan 3650 
kaiser 3591 3607 
kanata 3608 
kansai 3703 
karasu 3635 
karcher 3597 
karl 3588 
karl-lorimar 3588 
katy 3602 
kawasaki 3703 
keeping 3663 
kelsey-hayes 3649 
kelsey-hayes-canada 3649 
kenilworth 3700 
kenosha 3645 
key 3590 3613 
kidder 3638 3724 
kilogram 3581 
kinburn 3656 
kind 3594 3609 
kingdom 3589 
kit 3706 
klaus 3597 
km 3568 3682 
knew 3590 
kong 3615 
korea 3615 
korean-made 3615 
kreditanstalt 3718 
kt 3602 
kuranari 3567 
kuroda 3583 
ky. 3740 3742 
l. 3654 
labor 3645 
laboratories 3566 3619 
lacked 3711 
lagos 3571 3650 
lake 3574 3646 3667 3697 
lambert 3664 
landesbank 3718 
landslide 3670 
lanschot 3688 
large 3714 
large-scale 3568 
largely 3597 
largest 3607 3615 3703 
larkin 3642 
las 3677 
lasmo 3592 
lasted 3687 
late 3576 3612 3711 3725 
latin 3615 
launch 3581 
launches 3606 3698 3732 
launching 3653 3685 
lavoro 3606 3719 
law 3573 3590 3670 3682 3711 3716 
lawrence 3590 
lce 3607 
ldp 3567 3670 
lead 3606 3628 3638 3641 3642 3659 3686 3696 3698 3705 3709 3712 3718 3732 
lead-managed 3671 
leading 3621 3640 3706 
leaked 3682 
leaking 3682 
leaseway 3632 
leaves 3645 
led 3589 3724 
lee 3645 
left 3632 
legal 3590 
legislation 3567 3691 
lehman 3645 
lei 3621 3640 
lend 3594 3609 
lending 3614 3627 
letter 3573 3657 
letters 3696 
leucadia 3665 
leucdia 3665 
level 3571 3592 3594 3597 3657 3691 3708 3720 3723 3726 
levels 3571 3706 
levine 3682 
lewis 3593 
liabilities 3596 3645 
liability 3575 3700 
liable 3691 
liberal 3567 3670 
libor 3614 3627 3665 3689 
licensed 3739 
licensing 3589 3706 
licht 3690 
lichtenstein 3682 
life 3628 3671 
lifting 3675 
light 3664 3683 
limitation 3575 
limited 3566 3590 3615 3630 3632 
limiting 3666 
limits 3587 3728 
line 3594 3662 3665 3679 3722 
lines 3731 
linking 3594 3609 
links 3576 
liquid 3661 
liquidity 3584 3612 3696 
listed 3641 3644 3648 3686 3698 3718 3732 
listing 3606 
littleton 3636 
lives 3682 
livestock 3595 
living 3682 
lloyd 3688 
loan 3568 3578 3702 3726 
loans 3568 3593 
local 3576 3645 3663 3670 3675 
london 3584 3589 3592 3599 3606 3612 3639 3641 3644 3648 3665 3666 3682 3684 3686 3689 3690 3710 3715 3716 3718 3719 
lone 3607 
long 3593 
long-distance 3675 
long-held 3571 
long-term 3571 3696 3726 
longer 3568 
longmont 3736 
looked 3711 
looming 3682 
lor 3596 
loral 3586 3596 
lorimar 3588 
lorimar-telepictures 3588 
los 3677 
loss 3594 3602 3613 3626 3631 3634 3637 3669 3680 3687 3713 3726 3740 
losses 3576 3602 3634 3645 3726 
lost 3657 
lot 3701 
louis 3569 3631 
louisville 3740 3742 
low 3576 3593 3726 
low-powered 3652 
lower 3597 3615 3657 3670 3687 
lowered 3688 
lp 3605 
lt. 3590 
ltc 3632 
ltv 3692 
luckey 3645 
lufkin 3712 
lukman 3571 
lumber 3615 
luv 3677 
luxembourg 3581 3606 3641 3644 3648 3686 3718 
lyle 3589 
lynch 3628 3664 3665 3678 3682 3715 3716 
lyonnais 3671 
m-4 3661 
m44a2 3692 
m809 3692 
ma 3680 
mabon 3712 
macneal 3636 
macneal-schwendler 3636 
made 3577 3589 3594 3656 3664 3700 3710 
madera 3725 
madrid 3660 3661 
magnesium 3707 
mail 3675 
main 3568 3593 3670 
mainframe-to-mainframe 3679 
mainly-moslem 3650 
maintain 3656 
maintaining 3571 
maj. 3590 
major 3576 3615 3645 3680 
majr 3680 
make 3571 3590 3593 3605 3613 3652 3658 3682 3739 
maker 3652 
makers 3583 3671 3706 
making 3599 3700 
makoto 3583 
mammoth 3567 
management 3641 3644 3648 3684 3686 3698 3710 3718 3728 3732 
manager 3568 3606 3628 3638 3641 3653 3659 3671 3686 3698 3705 3712 3718 3732 
managing 3597 3613 3678 3682 3716 3736 
mandatory 3664 
maneuver 3590 
manhattan 3682 
mannheim 3657 
manufacturer 3608 3689 
manufacturers 3581 3613 
manufacturing 3640 3645 3654 3675 3739 
margarine 3581 
margin 3665 3689 
margins 3699 
marine 3592 
mark 3657 3698 3732 
market 3571 3584 3593 3607 3612 3628 3666 3671 3693 3694 3701 3728 3735 
marketech 3622 
marketed 3725 
marketing 3725 3736 
marketplace 3607 
markets 3664 3665 3686 
markka 3613 
marks 3593 3597 3657 3698 3732 
mass. 3636 3652 3654 3713 
masse 3670 
massive 3682 
masterminding 3682 
matter 3594 3711 3716 
matures 3606 3698 3732 
maturing 3614 3627 3685 
maturities 3665 
maturity 3656 
maximum 3665 
may/aug 3737 
mayor 3568 
mccormack 3707 
mcdonald 3709 
mcneil 3589 3724 
md. 3604 
mdd 3709 
measure 3660 3706 
measured 3661 
measurement 3736 
measurements 3736 
measures 3566 3593 
meda 3682 
media 3571 3650 3670 
medium 3593 3665 
medium-term 3606 3719 
meet 3571 3572 3594 3609 3618 
meeting 3571 3575 3578 3587 3645 3670 
melt 3635 
mem 3674 
member 3571 3594 3609 3701 
members 3571 3670 3687 
memphis 3676 3734 
men 3682 
mer 3682 3716 
mercantile 3595 
merchandise 3615 3699 
merchant 3718 
mercurio 3614 3627 
merged 3587 3613 
merger 3570 3587 3643 3645 3682 3696 3711 3716 
mergers 3643 3682 3715 3716 
merrill 3628 3664 3665 3678 3682 3715 3716 
merry-go-round 3604 
mesa 3642 
mesa-airlines-inc 3642 
met 3594 3687 3725 
metabolism 3589 
metabollized 3589 
metall 3687 
metallurgical 3707 
metallverken 3613 
metals 3613 3707 
meters 3576 
method 3625 3633 3665 3704 3706 
metropolis 3628 
metropolitan 3725 
metzenbaum 3711 
mexico 3594 
mgre 3604 
mich. 3655 
michael 3568 3645 
microchip 3608 
micropolis 3638 
mid-1986 3617 
mid-april 3707 
midnight 3573 
milan 3606 3719 
miles 3594 3609 3619 
military 3615 3650 3692 
mill 3574 3646 
miller 3736 
milling 3625 3704 
million 3701 
mine 3574 3625 3646 3704 
mined 3625 3704 
minerals 3707 
mines 3594 3625 3704 
mining 3574 3613 3646 
minister 3567 3571 3583 3594 3609 3670 
ministers 3581 
ministry 3567 3583 3593 3594 3639 3717 
minn. 3724 
minneapolis 3679 
minus 3641 
miraculously 3576 
misconduct 3590 
misleading 3571 
missing 3566 
missles 3692 
missouri-based 3689 
mitchell 3721 
miti 3583 
mix 3699 
mizuno 3659 
mlis 3638 
mmc 3707 
mnd 3721 
mns 3636 
mo. 3574 3631 3646 
mobay 3619 
model 3679 
models 3655 
moderate 3726 
modernisation 3593 
modified 3675 
moment 3571 3594 
momentum 3699 
monday 3584 3687 3710 3711 
money 3584 3593 3612 3660 3661 
money-fx 3584 3593 3612 3666 3694 3729 3735 
money-supply 3661 
monsanto 3566 
montana 3607 
montgomery 3645 
month 3571 3589 3614 3627 3639 3640 3675 3717 
monthly 3603 
months 3587 3594 3609 3639 3640 3665 3716 3728 
montreal 3726 
moody 3628 3705 3712 
moore 3707 
morning 3658 
moslems 3650 
motion 3670 
motor 3698 3732 
motors 3645 3655 
move 3625 3645 3660 3666 3675 3684 3704 3725 
moved 3645 
movement 3599 
moving 3635 3682 
msc/nastran 3636 
mtc 3566 
mths 3629 3631 3668 3697 3713 3730 3740 
mti 3593 
multi-currency 3689 
multi-family 3708 3720 3723 
muskeg 3574 3646 
n't 3571 3645 3682 
n.c. 3633 3647 
n.j 3632 
n.j. 3598 3622 3637 3658 3672 3674 3700 3733 
n.v. 3688 
n.y. 3582 3601 3617 3629 3667 3669 
na 3634 
nahum 3678 3682 3715 3716 
nakamikado 3670 
nakasone 3670 
named 3682 
narrow 3571 
nasd 3618 
nasdaq 3618 
nation 3670 
national 3590 3593 3618 3651 3665 3688 3703 
nations 3657 
nationwide 3687 
natural 3714 
nature 3588 3700 
natwest 3688 
nazionale 3606 3719 
nearing 3574 3646 
necessarily 3670 
necessitating 3670 
nederland 3688 
needed 3571 3574 3646 3699 
negotiating 3587 
negotiations 3710 
neighbouring 3576 
nelson 3568 
nervous 3630 
net 3569 3582 3585 3593 3602 3604 3619 3624 3626 3629 3630 3631 3633 3634 3637 3649 3657 3667 3668 3669 3672 3676 3680 3681 3688 3695 3697 3713 3721 3722 3730 3738 3740 
netherlands 3572 3613 3688 3717 
network 3645 3668 3679 
networking 3679 
neutral 3701 
nevada 3677 
new-zealand 3576 
newest 3655 
newly 3615 
news 3571 3593 3597 3613 3675 
newspaper 3614 3627 
ng 3703 
nicaragua 3590 
nicaraguan 3590 
nigeria 3571 3650 3657 
nigerian 3571 3650 
night 3587 3594 3609 3666 
nippert 3613 
nitroglycerin 3733 
nms 3656 
no-confidence 3670 
nominal 3671 
non-callable 3628 3638 3644 3648 3705 3712 
non-cumulative 3664 
non-monetary 3615 
non-opec 3571 3594 
non-petroleum 3615 
non-u.s. 3573 
nonstop 3677 
nordic 3641 
normal 3576 3607 3635 
norske 3644 3648 
north 3590 3645 3650 3676 3687 
northern 3622 3650 3687 
northernmost 3670 
northvale 3672 3674 
northwest 3607 
northwestern 3574 3646 
norway 3613 
note 3569 3582 3585 3602 3626 3633 3634 3637 3649 3659 3669 3676 3681 3738 3740 
noted 3589 3593 3693 3726 
notel 3672 
notes 3659 3663 
notice 3665 
notification 3711 
notified 3577 3589 
noting 3699 
nov 3626 3667 
novell 3575 
november 3590 3621 3630 3639 3640 3708 3720 3723 
novl 3575 
novo 3579 3630 
nsc 3590 
nucor 3647 
nue 3647 
nugent 3712 
number 3566 3568 3615 3650 3731 
numbers 3731 
nutm 3681 
nutmeg 3681 
nutrition 3622 
nv 3579 3668 3686 3718 
nvid 3668 
nvo.co 3579 3630 
nwbl.l 3688 
ny 3611 
nyn 3675 
nynex 3675 
nyse 3683 
o-curb-vehicle 3583 
oaks 3734 
obligation 3587 
obliged 3594 3609 
obtain 3574 3646 
obvious 3666 
occur 3587 
october 3574 3581 3615 3646 3670 
offer 3573 3664 3675 3677 3687 3691 3701 3724 
offered 3612 3665 3687 3689 3701 
offering 3628 3638 3642 3656 3664 3675 3693 3705 3709 3712 3722 3724 3727 3731 
offers 3664 3691 3701 3727 3731 
office 3635 3670 3682 3685 3706 
officer 3588 3654 
offices 3635 
official 3571 3593 3609 3614 3621 3627 3655 3682 3711 
officials 3567 3576 3594 3609 3639 3666 
offloading 3581 
offset 3640 
ohio 3596 3645 3691 
oil 3571 3592 3593 3594 3597 3609 3657 3736 
oilfield 3587 
oilseed 3710 
older 3645 
oliver 3590 
omco 3580 
omits 3603 
on-off 3670 
ontario 3574 3608 3645 3646 3649 3656 
ope 3738 
opec 3571 3594 3609 3657 
open 3568 3594 3614 3627 3632 3670 3693 
open-market 3711 
opened 3694 
opening 3670 
oper 3602 3634 3637 3669 3672 3676 3738 
operating 3574 3589 3597 3619 3643 3646 3681 
operation 3566 
operations 3602 3626 3634 3637 3725 
opinion 3699 
opportunitie 3608 
oppose 3670 
opposition 3567 3670 
opt 3694 
option 3642 3656 3664 3670 3675 3689 3693 3709 3728 
optional 3664 
options 3594 3691 3728 
oral 3566 
order 3566 3655 3682 3692 
ordered 3650 3655 3692 
orders 3657 
ordinary 3589 3599 3632 
ore 3574 3625 3646 3704 
organization 3588 3639 
original 3664 
orlando 3677 3680 
orleans 3677 
osaka 3659 3703 
otago 3576 
ottawa 3608 3640 3656 
ounce 3574 3646 
ounces 3574 3625 3646 3704 
out-of-region 3675 
outcome 3593 
outo.he 3613 
outokumpu 3613 
outpatients 3622 
output 3571 3574 3639 3646 3657 
outstanding 3598 3600 3617 3632 3656 3693 3722 
overallotment 3642 
overallotments 3709 
overcapacity 3645 
overhaul 3670 
overhead 3645 
overmyer 3580 
overnight 3612 3694 
overriding 3592 
owned 3588 3592 3606 3607 3625 3656 3704 3719 
owner 3566 3645 
ownership 3573 3656 
owns 3592 3656 
oy 3613 
pa 3664 
pa. 3730 
pacer 3652 
pacer-systems 3652 
pacific 3594 3609 3697 
package 3568 3687 
packager 3565 
packages 3566 
packaging 3566 
pact 3587 3636 
paid 3603 3623 3630 3643 
painewebber 3600 
pakistan 3657 3692 
pancreatic 3706 
panel 3711 
paper 3584 3665 3696 
par 3600 3606 3638 3641 3671 3705 3712 
parent 3645 
paribas 3653 3671 
paris 3671 
parity 3664 
park 3582 
parliament 3567 3572 3670 
parliamentarians 3572 
parliamentary 3670 
part 3568 3576 3607 3613 3635 3687 
participate 3568 
parties 3588 3670 
partly 3593 3685 3726 
partner 3608 3622 3736 
partners 3593 
partnership 3605 3632 3736 
parts 3692 
party 3567 3597 3670 
paso 3738 
pass 3645 
passenger 3568 3615 
past 3593 
patent 3706 
patents 3589 
patient-ready 3622 
patricia 3574 3646 
paul 3724 
pay 3571 3601 3605 3644 3647 3648 3651 3674 3682 3687 3718 3734 
payable 3575 3578 3580 3603 3620 3623 3643 3671 
paying 3596 3718 
payment 3606 3620 3641 3657 3659 3664 3671 3686 3698 3732 
payments 3590 3610 3615 
payout 3601 3734 
pays 3689 3698 3732 
pct-owned 3566 3649 
peabody 3638 3724 
pectoris 3733 
pence 3599 
pending 3587 
penney 3699 
pennsylvania 3664 
pension 3596 3599 3602 
pentair 3724 
performance 3663 
performing 3733 
period 3602 3639 3682 3698 3714 3732 
periods 3740 
permits 3574 3646 
permitting 3671 
personal 3565 
personnel 3582 
persuade 3593 
pertti 3613 
peseta 3660 
peterson/purittan 3565 
petition 3577 3589 
petroleum 3615 
pharmaceutical 3619 
pharmaceuticals 3630 
phase 3725 
phase-out 3725 
phelps 3663 
philadelphia 3600 3620 3624 
phone 3663 
physicians 3622 
pic'n'save 3585 
picn 3585 
pierce 3682 3716 
pipeline 3592 3594 3609 
piper 3724 
pittsburgh 3619 
place 3682 3716 
plains 3637 
plan 3581 3602 3670 3675 
plank 3670 
planned 3571 3572 3593 3689 
planning 3613 
plans 3568 3574 3589 3632 3646 3670 3693 
plant 3591 3607 3645 3673 3710 
plantings 3690 
plants 3613 3645 3655 3714 
plc 3589 3591 3592 3599 3607 3684 3688 3725 
pledged 3711 
plenmeer 3682 
pltzc 3569 
pm-chrysler 3645 
pm-reagan 3590 
pmi 3603 
pmi-fund-inc 3603 
pnc 3696 
pncf 3696 
pnta 3724 
poindexter 3590 
point 3571 
points 3628 3689 
political 3701 
pool 3643 
pools/shells 3643 
poor 3628 3638 3645 3696 3705 3712 
port 3572 3576 3594 3609 
porter 3684 
position 3571 3607 3696 3699 3706 3716 3728 
possibility 3632 3670 3699 
possibly 3590 
post 3590 3640 3654 
posting 3702 
postponed 3571 
posts 3670 
potential 3684 
pound 3666 
power 3581 3664 3670 3714 
ppl 3664 
practice 3625 3704 
prag 3733 
pragma 3733 
praised 3571 
pre-merger 3711 
pre-tax 3579 3630 
precisely 3716 
predicted 3645 
prefectural 3670 
prefectures 3670 
prefered 3675 
preferred 3664 3724 
preliminary 3574 3646 
premature 3590 
premiere 3607 
premium 3606 3638 3705 3712 3719 3727 
prepared 3716 
prepaying 3593 
present 3599 3670 
presenting 3572 
president 3571 3588 3590 3654 3706 3736 
press 3670 
pressure 3675 
pressures 3645 
pretax 3684 3740 3742 
prevent 3566 3593 3639 
previous 3619 3640 3671 3714 
previously 3573 3587 3596 3615 3623 3625 3639 3656 3660 3704 
previously-announced 3600 
price 3571 3581 3593 3596 3606 3615 3638 3659 3664 3671 3705 3712 3719 3722 3724 3727 
priced 3628 3641 3644 3648 3686 3698 3709 3718 3732 
prices 3571 3597 3615 3657 3728 
pricing 3606 3638 3705 3712 
primarily 3615 
primary 3619 
prime 3670 
princeville 3573 
principal 3600 3656 3682 
principle 3652 3707 
prior 3580 3599 3601 3625 3647 3651 3656 3664 3674 3704 3711 3734 
privatbanken 3641 
private 3643 3670 3673 3731 3737 
privately-held 3566 
probable 3625 3704 
problem 3701 
problems 3568 3726 
procedure 3665 
proceed 3574 3646 
proceeding 3589 
proceeds 3617 3722 3724 3727 
process 3593 3739 
processing 3613 3710 
produce 3594 3739 
produced 3571 
producer 3607 3630 
producers 3571 3714 
produces 3707 
producing 3571 
product 3577 3589 3593 3679 3700 3739 
production 3566 3571 3574 3592 3594 3613 3625 3639 3640 3645 3646 3662 3704 3725 
products 3565 3566 3571 3589 3592 3597 3607 3613 3622 3689 3700 3707 
profile 3593 
profit 3597 3602 3613 3626 3634 3657 3669 3680 3682 3684 3688 3740 
profitability 3613 3645 3726 
profiting 3716 
profits 3590 3613 
program 3607 3608 3665 3714 3737 
programming 3662 
progress 3710 
project 3568 3574 3608 3646 3703 
projected 3714 
projects 3568 3691 
promote 3577 3589 
prompted 3666 
properly 3716 
property 3574 3646 3691 3738 
proposals 3568 
propose 3703 
proposed 3587 3607 3630 3645 3656 3670 3711 
proprietary 3706 
prosecuted 3590 
prosecution 3590 
prosecutor 3590 
proven 3625 3704 
provide 3574 3646 3673 3739 
provided 3612 
providing 3589 3622 3675 
province 3576 3635 
provision 3596 
provisional 3593 
provisions 3688 
prudence 3583 
prudential-bache 3664 
ptras 3738 
public 3642 3643 3656 3661 3693 3714 3722 
publicly 3702 
publishing 3569 3643 
pulitzer 3569 
pump 3587 
purchase 3599 3606 3607 3642 3673 3709 3714 3719 3737 
purchased 3630 
purchaser 3711 
purchases 3571 3622 3711 
purchasing 3711 
purpose 3593 
purposes 3727 
push 3593 
put 3571 3574 3590 3646 3670 3675 3701 3703 3728 
puts 3690 
pvdc 3573 
pwj 3600 
qintex 3573 
qpon 3734 
qtly 3580 3601 3647 3651 3674 3734 
qtr 3569 3580 3582 3585 3602 3604 3610 3615 3624 3626 3629 3631 3634 3667 3668 3669 3672 3676 3680 3695 3697 3713 3721 3730 3740 
quadrupling 3593 
qualified 3660 
qualifies 3592 3660 
qualify 3608 
quality 3593 
quantities 3739 
quarter 3569 3602 3605 3615 3669 3672 3740 3742 
quarterly 3605 3620 3623 3647 3651 
quasi-monetary 3661 
quebec 3625 3704 
queen 3589 
quick 3568 3590 
quickly 3675 
quito 3594 
quota 3571 3594 
quotas 3571 
quoted 3671 
quotes 3702 
quoting 3614 3627 
raab 3597 
rabn.a 3688 
rabo 3688 
rabobank 3688 
radically 3645 
radio 3635 
rail 3576 
railroad 3567 
railway 3568 
rain 3576 
raise 3593 3687 
raised 3663 3696 3702 
raises 3597 3599 3647 3702 3714 
raising 3638 3663 3698 3705 3712 3732 
rallied 3571 
range 3731 
ranged 3703 
ransom 3645 
rate 3574 3593 3646 3656 3661 3665 3671 3698 3702 3708 3720 3723 3727 3732 
rated 3628 3638 3705 3712 
rates 3584 3592 3593 3625 3663 3666 3689 3704 
rating 3593 3663 3696 3726 
ratings 3663 3726 
rationalize 3613 
raws 3639 
re-confirm 3571 
reached 3571 3588 3594 3614 3627 
ready 3571 3590 
reaffirmed 3571 
reaffirms 3571 
reagan 3590 
real 3593 
realty 3680 
rear-admiral 3650 
reason 3593 3654 
reasoned 3645 
reasons 3641 
rebate 3616 
rebels 3590 
recalled 3566 
recalling 3566 
recede 3576 
receive 3586 3596 3598 
received 3639 3662 3665 
receiving 3568 
recent 3566 
recently 3682 3691 3701 3725 3728 
recommendation 3675 
recommendations 3675 
recommended 3587 3699 
record 3575 3578 3580 3601 3603 3605 3610 3615 3620 3623 3647 3651 3674 3734 
recorded 3619 
recorders 3652 
recording 3652 
recovered 3571 
recurrence 3566 
red 3598 3737 
redeemable 3664 3671 
redeemed 3656 
redemption 3600 3664 3671 
redeployment 3607 
redial 3731 
redress 3593 
reduce 3593 3661 3691 
reduced 3581 
redundancies 3572 
reference 3571 
referred 3675 
referring 3675 
refiled 3711 
refined 3571 
reflect 3582 3649 
reflects 3569 
reform 3670 
refused 3571 
refusing 3670 
regency 3626 
regime 3650 
region 3675 
regional 3675 
registered 3643 3722 
registration 3643 3656 
regular 3580 3670 
regulators 3587 
reimer 3619 
reject 3670 
rejected 3581 3687 
rel 3617 
relating 3568 3656 
relation 3571 3630 3726 
relations 3645 
release 3658 
reliance 3617 
religion 3650 
rely 3568 3682 
relying 3663 
remain 3571 
remote 3679 
renault 3645 
renegotiation 3614 3627 
renshaw 3693 
rental 3709 
reopened 3635 
reorganization 3613 
repaid 3594 3609 
repair 3594 
repaired 3594 
repay 3722 3724 
repayment 3614 3627 3685 
replacement 3728 
replied 3571 
report 3615 3714 
reported 3613 3614 3615 3619 3625 3627 3704 
reporting 3625 3650 3704 
reports 3571 3594 3688 
representatives 3595 3687 
representing 3599 3622 3638 3645 3705 3712 
represents 3727 
repurchase 3693 3694 3729 3735 
repurchases 3694 3735 
request 3566 3590 
requested 3683 
required 3573 3574 3646 
requirement 3660 3711 
requirements 3618 3660 
requiring 3731 
rescheduling 3614 3627 
research 3589 3608 3630 
reserve 3625 3660 3694 3704 3735 
reserves 3571 3574 3593 3625 3646 3660 3694 3704 3735 
resiged 3654 
resign 3588 3654 3670 
resignation 3670 
resignations 3588 
resigned 3588 3590 3654 
resort 3571 
resorting 3670 
resources 3707 
responding 3711 
response 3666 
responsibly 3571 
rest 3571 3703 3709 
restated 3633 3634 3649 
restaurants 3740 
restored 3571 
restraining 3682 
restraint 3650 
restricted 3592 
restricting 3573 
restrictions 3675 
restructure 3593 
restructured 3613 
restructures 3613 
restructuring 3593 
result 3571 3594 3609 3630 3639 3725 
resulted 3682 
results 3574 3605 3633 3646 3657 3699 
resume 3567 3710 
resumed 3587 
retail 3684 
retailer 3689 
retain 3675 
retains 3592 
retire 3664 
retired 3590 
retraction 3670 
return 3568 3571 
returning 3576 
revenue 3594 3684 
revenues 3596 3673 
revers 3643 
reversal 3672 
review 3577 3589 3711 
reviewed 3577 3589 
reviewing 3588 3711 
reviews 3711 
revised 3570 3584 3612 3615 3690 
revolving 3662 3665 3689 
revs 3569 3626 3631 3633 3634 3637 3649 3668 3672 3676 3680 3697 3713 3721 3738 3740 
rhi 3662 
rhine-westphalia 3687 
rice 3615 
richard 3590 3645 
richmond 3574 3646 
riggs 3651 
rights 3656 
rigs 3651 
rilwanu 3571 
rise 3593 3639 3666 3684 3687 3690 3708 3720 3723 
rises 3660 3687 
risk 3688 3691 
risks 3691 
river 3568 3635 
rivers 3576 
roads 3576 
robert 3662 
robertson 3638 
rodman 3693 
rodman/renshaw 3693 
role 3593 
ronald 3645 
rose 3576 3597 3615 3630 3640 3657 3661 3688 3699 3708 3720 3723 
rotterdam 3572 
royal 3592 3726 
royalty 3592 
rr 3693 
rsi 3691 
rubber 3596 3707 
ruf 3665 
rule 3711 
ruled 3581 
rules 3581 
ruling 3567 3670 
rumour 3666 
rumours 3666 
running 3670 
runs 3698 3732 
rusnak 3736 
s/p 3696 
sachs 3628 3705 3727 
safety 3589 
sahlen 3673 
sale 3565 3587 3602 3630 3656 3682 3707 3727 3738 
sales 3579 3582 3585 3588 3597 3602 3604 3607 3615 3619 3624 3629 3630 3645 3667 3669 3670 3681 3695 3714 3725 3730 
salnu 3673 
salomon 3712 
salt 3697 
samurai 3593 
san 3677 3722 3725 
sanctioned 3666 
santa 3575 
santiago 3614 3627 
santos 3594 3609 
sarasota 3668 
saskatchewan 3592 
satisfy 3656 
savings 3578 3606 3719 
savior 3645 
saxony 3687 
sc 3592 
scandal 3590 3682 
scandinavia 3630 
scenario 3670 
schedule 3677 
scheduled 3590 3670 3687 3692 
scheme 3581 3682 
schering 3700 
schering-plough 3700 
schleswig-holstein 3687 
schools 3650 
science 3691 
sciences 3713 
scientists 3589 
scom 3631 
scotch 3637 
scottish 3592 
scs/compute 3631 
scurry-rainbow 3592 
sea 3652 
seaforth 3710 
seam 3629 
seaman 3629 
search 3571 
seascope 3684 
season 3639 
seasonally 3708 3720 3723 
seasonally-adjusted 3717 
seats 3670 
sec 3678 3682 3716 
secord 3590 
sector 3572 
secured 3656 3682 
securities 3618 3628 3632 3641 3642 3645 3656 3673 3682 3686 3694 3716 3735 
security 3590 3673 
sedan 3655 
seek 3632 3643 3711 
seeking 3589 
seeks 3594 3609 
sees 3657 3690 
seize 3682 
sell 3587 3591 3607 3632 3645 3707 
selling 3571 3641 3644 3648 3666 3686 3698 3700 3709 3718 3732 
sells 3628 3638 3705 3712 
semiconductor 3707 
senate 3590 3711 
senators 3590 
senior 3588 3664 3726 
sensors 3652 
separate 3607 3725 
september 3593 3603 3659 3728 
series 3664 3687 3692 
serum 3706 
serve 3588 3665 
service 3587 3588 3673 3675 3677 3691 3714 3726 
services 3622 3643 3658 3665 3673 3675 3689 3731 3736 
session 3670 
set 3571 3594 3614 3623 3627 3638 3670 3682 3705 3712 3739 
sets 3575 3578 3600 3603 3605 3608 3616 3620 3623 3643 3651 3685 3729 3736 
settled 3700 
settlement 3588 
severe 3593 
sfr 3685 
sgp 3700 
shanghai 3568 
shannon 3588 
share 3573 3579 3582 3585 3587 3594 3598 3599 3602 3605 3617 3623 3630 3638 3642 3664 3681 3699 3705 3709 3712 3724 3727 
shareholder 3578 3645 
shareholders 3575 3587 3598 3623 3657 3709 
shares 3573 3575 3578 3598 3599 3600 3606 3630 3632 3642 3643 3656 3664 3684 3693 3709 3719 3722 3724 
sharp 3597 
sharply 3597 3615 3699 
shc 3592 
shearson 3645 
sheet 3688 
shell 3592 
ship 3568 3572 3626 
shipments 3615 3737 
shipping 3615 
shl 3656 
shocks 3593 
shops 3620 3624 
short 3574 3646 
short-term 3660 3689 
shortage 3584 
shorter 3593 3687 
shortfall 3571 3612 3615 
shortly 3608 3612 
show 3568 3661 
showed 3599 3639 
shown 3574 3646 3696 
shr 3569 3582 3585 3602 3604 3624 3626 3629 3631 3633 3634 3637 3649 3667 3668 3669 3672 3676 3680 3681 3695 3697 3713 3721 3730 3738 3740 
shrs 3569 3582 3626 3629 3631 3633 3634 3637 3668 3676 3695 3697 3713 3721 3730 3738 
side 3615 3728 
sigma 3625 3704 
sign 3636 
signed 3636 3650 3682 3703 
significant 3565 3630 3639 3699 
signing 3689 
silicon 3608 3707 
silver 3574 3646 
similar 3593 3614 3627 3687 
simultaneously 3665 
singapore 3615 
single-family 3708 3720 3723 
sinking 3664 
sites 3645 
situation 3650 
sjg 3574 
slackening 3583 
slaughter 3595 
slightly 3593 3657 
slim 3700 
small 3645 
smaller 3731 
smbl 3617 
smith 3682 3699 3705 3712 3716 3727 
snap 3670 
snow 3635 
snyder 3645 
so-called 3581 3590 3665 
soared 3593 
soaring 3593 
social 3572 3717 
socialist 3670 
socialists 3670 
sofar 3682 
sofer 3682 
soft 3568 3737 
software 3636 
sold 3581 3587 3606 3611 3641 3643 3698 3722 3725 3732 
solid 3696 
solve 3572 
sought 3614 3627 
source 3594 
sources 3568 3583 3594 3614 3627 3666 3701 
south 3571 3574 3615 3646 3663 3692 
southern 3576 3635 3670 
southland 3576 
southwest 3677 
sovereign 3726 
sowings 3690 
soybean 3615 
soybeans 3615 
spacing 3592 
spain 3660 3661 
spare 3692 
speakerphones 3731 
speaking 3701 
special 3587 3590 
specialising 3630 
specializing 3643 
specially 3581 
specialty 3589 
specific 3716 
speculative 3660 
speed 3679 3731 
spent 3574 3646 
split 3575 3578 3582 3585 3598 3613 3620 3649 3681 3699 
splits 3598 
spokesman 3572 3581 3587 3599 3645 3658 3660 3701 3710 3717 3735 
sport 3655 
sporting 3682 
spot 3665 
spread 3665 
springfield 3658 
spur 3593 
srb 3592 
st 3574 3646 
st. 3569 3574 3631 3646 3724 
stabilise 3571 
stabilizing 3657 
stable 3589 
stage 3670 
stake 3599 3632 3688 
staley 3675 
stamford 3707 
standard 3628 3638 3696 3705 3712 
standing 3572 
star 3607 
start 3568 3574 3646 3677 
started 3728 3733 
starting 3670 
starts 3709 
state 3576 3645 3650 3687 
state-run 3645 
statement 3587 3608 3630 3650 3656 3660 3683 3716 
states 3682 3701 
station 3568 
statistician 3690 
statistics 3640 
status 3592 
stay 3593 3670 
step 3670 3684 
stephens 3638 
sterling 3612 3666 
stg 3584 3612 3666 3684 
stimulate 3675 
stock 3575 3576 3578 3582 3598 3606 3617 3618 3620 3623 3632 3638 3643 3649 3658 3664 3681 3683 3686 3693 3699 3705 3711 3712 3719 3722 3724 3727 3728 
stockholders 3587 3643 
stockpile 3581 
stocks 3571 3581 3639 
stood 3717 
stop 3677 3700 
stoppages 3687 
stores 3682 
story 3699 
straight 3606 
street 3645 3682 
strengthened 3666 
strengthens 3706 
strictly 3571 
strike 3572 3574 3646 3710 
strikes 3687 
strong 3657 3663 3699 3708 3720 3723 
stronghold 3670 
structures 3608 
stuart 3588 
studies 3733 
study 3574 3646 
subcommittee 3711 
subject 3565 3578 3607 3665 3707 
submersible 3587 
submitted 3589 
subordinated 3600 3638 3705 3712 3722 3726 3727 
subscription 3671 
subscriptions 3685 
subsidiaries 3613 
subsidiary 3588 3589 3597 3617 3645 3682 3688 3725 
subsidies 3737 
substance 3739 
substrate 3706 
substrates 3706 
succeed 3571 
succeeding 3736 
success 3667 
successive 3613 
sucralose 3577 3589 
sued 3700 
sufficient 3639 
sugar 3577 3589 3611 3616 3639 3690 3701 
suggest 3571 
suisse 3606 
suit 3682 
suitable 3739 
suitors 3741 
sulfur 3714 
sumitomo 3659 
summer 3725 
summit 3670 
sunday 3670 
supplement 3700 
supplier 3706 
supplies 3615 3739 
supply 3594 3660 3661 3735 
support 3587 3667 3687 
supported 3696 
surely 3670 
surplus 3581 3593 
surprise 3666 
suspend 3594 3609 
suspended 3566 3716 
suspends 3715 3716 
suspension 3716 
sustaining 3592 
sweden 3613 
swedish 3613 
sweetener 3577 3589 
sweeter 3577 3589 
sweetner 3577 3589 
sweetness 3589 
swing 3665 
swingline 3689 
swiss 3659 3685 3689 
swithenbank 3654 
switzerland 3685 
sygn 3739 
symbol 3617 
syndicated 3689 
synergen 3739 
system 3568 3599 3618 3665 3670 3694 3731 3735 
systemhouse 3656 
systems 3599 3601 3608 3636 3652 3667 3703 3731 
tableland 3592 
tablets 3566 
tadashi 3567 
taiwan 3615 
takeover 3569 3645 3711 
takeovers 3682 
takes 3742 
taking 3657 
talking 3741 
talks 3594 3609 3614 3627 3687 3710 3727 
tampa 3681 
tarboro 3633 
target 3593 3660 
tastes 3577 3589 
tate 3589 
tatl 3589 
tax 3579 3630 3634 3641 3669 3670 3672 3676 3740 
taxable 3605 
taxes 3613 
tcel 3713 
team 3684 3703 
technical 3594 3658 
technological 3568 
technologies 3617 
technology 3608 3656 3679 3706 3712 3730 
telecommunications 3731 
telephone 3663 3667 3675 3731 
telephones 3731 
telepictures 3588 
television 3618 3662 
temeer 3706 
temporarily 3566 3594 
temporary 3582 3657 3682 3694 3735 
tender 3611 3616 
tendered 3573 
tendering 3568 
tenera 3605 
tenn. 3676 3734 
tenneco 3683 
teran 3594 
term 3593 3665 3670 
terminal 3591 
terminal/plant 3607 
terminals 3568 3607 
terminate 3670 
termination 3602 
terms 3565 3570 3573 3587 3593 3614 3622 3627 3638 3665 3673 3698 3705 3707 3712 3732 
test 3706 
tested 3574 3646 
testify 3590 
testimony 3590 
testing 3706 3733 3736 3739 
tests 3739 
texas 3677 3721 3738 
tgt 3683 
thai 3639 
thailand 3639 
therapy 3622 
thomas 3654 
thousands 3576 
threat 3576 
threatened 3660 
three-for-two 3585 
three-month 3587 
threw 3711 
thrown 3711 
thursday 3655 
tickets 3670 
time 3571 3574 3584 3641 3646 3656 3664 3693 3699 
times 3577 3589 
tire 3586 3596 
tlpzv 3605 
today 3572 3573 3576 3584 3590 3593 3594 3595 3603 3645 3666 3670 3684 3687 
tokai 3644 3648 
tokyo 3567 3583 3628 3670 
told 3568 3571 3590 3593 3597 3613 3632 3675 3701 3711 
toledo 3645 
tolerated 3716 
tomorrow 3567 3572 3593 
ton 3574 3625 3646 3692 3704 
tonne 3581 3701 
tonnes 3581 3611 3639 3701 3737 
tons 3574 3625 3646 3704 
tool 3570 3587 
tooth 3577 3589 
top-flight 3628 
toronto 3625 3704 
torrential 3576 
total 3593 3606 3607 3612 3632 3644 3648 3657 3677 3688 3698 3717 3732 3737 
totalled 3639 3657 3717 
totals 3639 
town 3635 
towns 3576 
towson 3604 
track 3568 
trade 3567 3583 3593 3610 3615 3690 3701 3711 
trade-weighted 3666 
trademark 3700 
traders 3595 3611 3690 3699 
trades 3716 
trading 3597 3658 3678 3682 3694 3716 3728 3735 
traditional 3615 
traffic 3635 
tragic 3571 
tranche 3671 
tranches 3671 
trans 3711 
transaction 3596 
transactions 3607 
transfer 3613 3645 3725 
transit 3655 
transport 3568 3572 3632 
transportation 3711 
transtar 3677 
transtech 3637 
treasury 3628 
treat 3739 
treatment 3630 3733 
treatments 3630 
trend 3714 
tri-state 3673 
trials 3739 
trico 3587 
trim 3700 
trip 3567 
tripled 3593 
triton 3592 
tro 3587 
troy 3574 3646 
trti 3637 
trucks 3692 
true 3716 
trust 3591 3607 3696 3702 3738 
tssi 3667 
tube 3613 
tuned 3699 
tunnel 3568 
tunnelled 3568 
turkey 3635 
turkish 3635 
turn 3701 
turnaround 3640 
turnover 3597 3613 
twa 3711 
twice.the 3670 
two-door 3655 
two-for-one 3575 3578 3598 
two-thirds 3571 
tyler 3654 
type= 3570 3586 3591 3610 3611 3616 3621 3653 3678 3715 3719 3729 3741 
u.k 3584 3612 3666 3678 
u.k. 3682 3710 3716 
u.s 3573 3577 3589 3610 3613 3615 3656 3675 3708 3711 3720 3723 3735 3737 
u.s. 3567 3587 3607 3613 3615 3619 3630 3657 3665 3675 3682 3684 3700 3702 3706 3711 3716 3737 
uaw 3645 
uk 3584 3599 3606 3612 3616 3639 3641 3644 3648 3666 3682 3686 3689 3690 3710 3715 3716 3718 
unable 3658 
unadjusted 3717 
uncertainty 3645 
unchanged 3579 3583 3587 3630 3717 
uncommitted 3689 
unconsolidated 3602 
und 3657 
underground 3568 3574 3646 
underperforming 3740 
undersea 3652 
underutilized 3645 
underway 3566 3642 3709 
underwriter 3709 
underwriters 3628 3642 3664 3724 3727 
underwriting 3641 3644 3648 3665 3686 3698 3718 3732 
undesirable 3650 
undewriters 3709 
undisclosed 3569 3707 
undrawn 3689 
unemployment 3717 
unexpected 3670 
unfiltered 3640 
unfr 3582 
uniforce 3582 
union 3572 3645 3687 3688 
uniondale 3629 
unions 3710 
unique 3706 
unit 3591 3592 3596 3605 3607 3663 3677 3684 3688 3692 3696 3700 3703 3707 3731 
united 3571 3589 3645 3682 
units 3581 3583 3657 3671 3708 3720 3723 
unnamed 3588 
unofficial 3583 
unproc 3719 
unqualified 3675 
unrelated 3682 
unspecified 3612 
unusual 3683 
unveiled 3645 
upgraded 3696 
upgrades 3663 
upham 3705 3712 3727 
uphold 3571 
upped 3696 
upper 3670 
ups 3601 
urethane 3619 
urge 3675 
urged 3650 
urges 3675 
urging 3590 
usair 3711 
usual 3645 
utilisation 3689 
utility 3671 
vacancies 3670 
valleycast 3613 
valuations 3596 
van 3688 
variable 3671 
varieties 3733 
vaskevitch 3678 3682 3715 3716 
veba 3597 
vebg.f 3597 
vegas 3677 
vehicle 3583 
vein 3574 3646 
venezuela 3594 3609 
venezuelan 3594 3609 
venice 3670 
venture 3622 
ventures 3643 
verified 3571 
versar 3658 
version 3636 
versus 3595 3657 
verzekeringsgroep 3688 
vgca 3623 
vgcb 3623 
vhc 3634 
vhcl 3634 
vice 3583 3588 3654 3736 
vice-president 3593 
victor 3654 
victory 3670 
video 3588 3668 
videotext 3675 
view 3571 3645 
villages 3635 
violated 3711 
violation 3711 
violations 3682 3716 
visual 3623 
vitamins 3630 
voice 3675 
voted 3587 
voutilainen 3613 
vowed 3670 
vsr 3658 
w.r. 3682 
wage 3687 
wages 3687 
walker 3645 
wall 3645 3682 
walsh 3590 
warning 3687 
warrant 3606 3671 3719 
warranted 3587 3605 
warrants 3606 3617 3698 3719 3732 
warren 3655 
wary 3666 
washington 3590 3615 3632 3651 3675 3682 3703 3708 3711 3720 3723 
waste 3728 
waterbury 3695 
waters 3576 
watson 3566 
weather 3635 
week 3583 3594 3595 3609 3613 3666 3687 
weekend 3590 3635 3650 
weeks 3572 
wellington 3576 
wells 3662 
west 3574 3593 3597 3607 3646 3657 3687 3690 3701 
west-germany 3597 3687 3698 3701 
western 3568 3574 3593 3615 3646 3690 
westminster 3688 
wfc 3662 
wheat 3615 3737 
whereabouts 3682 
white 3607 3611 3616 
wholly 3588 3607 
wholly-owned 3574 3646 
wide 3731 
widening 3682 
william 3699 
win 3703 
winchester 3580 
windsor 3649 
winery 3725 
wines 3725 
winner 3670 
wins 3692 
winter 3737 
wirsbo 3613 
wis. 3645 3714 
wisconsin 3714 
wit 3705 3727 
witco 3705 3727 
wo 3645 
woburn 3654 
won 3657 
woodlands 3721 
work 3568 3587 3657 
worked 3682 
workers 3645 3687 
workforce 3572 
working 3593 3687 3722 
world 3571 3711 
worldwide 3592 
worth 3584 3692 3711 
wps 3714 
wring 3645 
yamaichi 3644 3648 
yankee 3628 
yasuhiro 3670 
year-ago 3634 
years 3568 3593 3613 3614 3625 3627 3628 3638 3671 3704 3705 3712 
yen 3593 3644 3648 
yesterday 3573 3587 3590 3645 3670 3694 3727 
yield 3628 
yielding 3628 
yields 3577 3589 
york 3573 3603 3607 3623 3626 3628 3634 3638 3642 3662 3673 3682 3683 3694 3696 3699 3702 3705 3709 3712 3716 3727 3728 3735 
yuko 3670 
zealand 3576 
zemin 3568 
zurich 3659 3685 
